#!ascii label  , from subject sub-fsm21em vox2ras=TkReg
860
91251  46.427  2.810  35.494 0.0000000000
88893  47.932  -0.155  24.951 0.0000000000
92935  54.102  4.413  19.455 0.0000000000
84754  50.187  -5.512  19.443 0.0000000000
88017  44.100  -1.612  32.399 0.0000000000
90488  58.066  1.643  26.343 0.0000000000
87311  49.894  -2.339  19.422 0.0000000000
92165  44.661  3.278  23.258 0.0000000000
141553  52.287  1.723  28.416 0.0000000000
134150  47.669  1.226  30.341 0.0000000000
85550  47.361  -4.327  28.156 0.0000000000
94307  50.167  6.728  22.964 0.0000000000
91394  46.216  3.266  18.969 0.0000000000
134362  51.017  1.880  22.052 0.0000000000
89747  48.400  0.472  15.477 0.0000000000
94301  46.520  7.033  24.132 0.0000000000
91266  49.497  2.856  32.374 0.0000000000
141797  47.412  2.415  32.767 0.0000000000
87246  45.282  -2.727  30.559 0.0000000000
122574  54.573  4.281  23.449 0.0000000000
123493  53.162  4.479  24.971 0.0000000000
93664  52.146  5.295  21.498 0.0000000000
92927  48.440  4.945  21.098 0.0000000000
92952  49.225  4.617  18.346 0.0000000000
89664  50.306  0.907  26.205 0.0000000000
89673  52.307  0.936  25.077 0.0000000000
89695  49.447  0.757  23.517 0.0000000000
86523  52.472  -2.784  17.502 0.0000000000
88114  49.946  -1.292  16.131 0.0000000000
86526  49.468  -3.418  16.658 0.0000000000
87329  47.224  -2.009  17.396 0.0000000000
84757  47.695  -5.363  19.560 0.0000000000
139396  47.438  -6.035  23.098 0.0000000000
91252  44.126  1.981  35.765 0.0000000000
90425  44.697  1.094  33.867 0.0000000000
92169  56.652  2.502  22.326 0.0000000000
86465  48.643  -3.453  23.716 0.0000000000
88075  47.963  -1.771  22.150 0.0000000000
86471  51.247  -3.958  21.754 0.0000000000
86505  54.756  -2.739  18.829 0.0000000000
91291  54.434  2.719  30.287 0.0000000000
91279  51.898  2.989  31.756 0.0000000000
90454  50.387  1.833  29.346 0.0000000000
89657  47.809  0.462  27.637 0.0000000000
89620  45.656  0.235  31.631 0.0000000000
147709  46.293  -1.349  28.719 0.0000000000
87267  46.680  -2.409  26.463 0.0000000000
85566  49.220  -4.821  26.256 0.0000000000
92023  42.987  3.041  37.641 0.0000000000
93628  51.072  4.853  26.243 0.0000000000
94998  48.760  7.901  24.033 0.0000000000
92919  47.497  5.482  22.537 0.0000000000
92179  45.270  3.208  21.146 0.0000000000
88924  44.235  0.038  21.724 0.0000000000
123003  55.447  1.514  27.153 0.0000000000
126365  54.757  1.535  23.083 0.0000000000
91381  53.107  2.830  19.639 0.0000000000
89715  48.305  0.202  20.737 0.0000000000
91393  49.498  2.393  18.099 0.0000000000
92209  50.782  3.956  16.367 0.0000000000
131668  46.838  1.949  17.120 0.0000000000
88935  45.644  -0.649  19.570 0.0000000000
94296  45.548  6.971  25.232 0.0000000000
137328  46.634  8.508  24.338 0.0000000000
92078  48.046  3.129  33.794 0.0000000000
123687  47.172  2.956  34.162 0.0000000000
92923  54.843  4.014  20.799 0.0000000000
92918  53.293  4.765  22.192 0.0000000000
92925  53.072  4.833  21.066 0.0000000000
92938  51.102  4.894  19.681 0.0000000000
132988  51.661  4.563  18.069 0.0000000000
89677  48.720  0.420  25.473 0.0000000000
89676  49.535  0.562  25.109 0.0000000000
89687  48.740  0.344  24.597 0.0000000000
85650  51.184  -4.280  17.997 0.0000000000
86525  50.536  -3.005  16.445 0.0000000000
85651  50.174  -4.583  18.045 0.0000000000
129945  48.320  -4.647  18.349 0.0000000000
84755  49.324  -5.531  19.521 0.0000000000
83887  48.636  -5.840  20.640 0.0000000000
84740  49.821  -5.814  20.074 0.0000000000
89602  43.248  0.905  35.170 0.0000000000
92152  57.145  2.942  24.082 0.0000000000
90520  57.316  1.936  23.886 0.0000000000
85600  49.957  -4.474  23.983 0.0000000000
86473  49.633  -3.609  22.506 0.0000000000
85598  51.430  -4.610  23.115 0.0000000000
86480  54.986  -3.482  20.506 0.0000000000
86490  56.365  -3.857  19.447 0.0000000000
85646  55.002  -3.506  18.530 0.0000000000
90431  48.838  2.103  31.048 0.0000000000
91296  49.967  2.225  30.489 0.0000000000
90455  49.032  1.647  29.720 0.0000000000
90469  49.369  1.365  28.335 0.0000000000
89636  48.099  1.015  28.906 0.0000000000
88846  44.178  -0.413  33.095 0.0000000000
89615  45.367  0.537  32.366 0.0000000000
88854  44.874  -0.921  31.585 0.0000000000
86425  46.290  -3.529  29.200 0.0000000000
88036  46.012  -1.678  29.237 0.0000000000
87262  46.452  -2.573  27.914 0.0000000000
88049  46.524  -1.783  27.214 0.0000000000
86441  46.913  -3.224  26.775 0.0000000000
86439  48.082  -3.921  25.833 0.0000000000
85568  47.915  -4.328  27.028 0.0000000000
84642  51.271  -5.300  27.903 0.0000000000
93642  51.286  5.623  23.564 0.0000000000
92893  51.865  4.595  25.971 0.0000000000
127169  50.686  5.699  24.409 0.0000000000
93637  49.648  6.020  25.606 0.0000000000
94308  49.468  7.353  23.186 0.0000000000
94317  48.363  7.377  22.778 0.0000000000
94316  49.049  7.140  22.436 0.0000000000
92942  47.023  4.285  20.143 0.0000000000
92184  46.428  4.021  20.728 0.0000000000
91384  45.176  2.736  20.369 0.0000000000
91385  44.490  2.087  20.738 0.0000000000
90564  44.729  1.554  20.177 0.0000000000
91311  53.023  2.352  29.713 0.0000000000
91309  54.890  2.381  29.517 0.0000000000
141408  53.435  1.567  27.631 0.0000000000
90526  51.734  1.297  23.464 0.0000000000
90512  53.925  1.308  24.699 0.0000000000
90537  53.746  1.687  22.582 0.0000000000
90551  54.389  2.152  21.287 0.0000000000
91371  52.387  2.483  20.900 0.0000000000
87300  48.783  -2.090  20.804 0.0000000000
88922  48.203  -0.734  20.999 0.0000000000
88097  48.817  -1.174  19.390 0.0000000000
88954  49.146  -0.194  15.755 0.0000000000
134543  48.848  0.508  17.277 0.0000000000
90583  49.010  2.217  16.029 0.0000000000
91400  50.138  2.981  17.166 0.0000000000
91413  48.844  2.568  15.790 0.0000000000
92220  48.809  3.151  15.698 0.0000000000
90588  47.820  1.554  15.696 0.0000000000
86509  46.430  -3.753  19.270 0.0000000000
88099  46.185  -1.076  18.739 0.0000000000
87301  45.613  -3.047  20.313 0.0000000000
142926  45.329  -2.318  20.873 0.0000000000
128289  57.965  1.673  27.796 0.0000000000
92894  45.873  5.220  24.770 0.0000000000
128014  45.736  4.363  24.014 0.0000000000
92075  50.775  3.468  33.615 0.0000000000
92076  49.874  3.383  33.659 0.0000000000
91267  48.685  2.693  32.469 0.0000000000
90432  47.601  1.879  31.655 0.0000000000
88021  44.850  -1.874  31.202 0.0000000000
92900  53.709  4.469  24.019 0.0000000000
93648  52.363  5.176  22.681 0.0000000000
93657  50.869  6.082  21.971 0.0000000000
94323  49.431  6.510  21.985 0.0000000000
93666  50.679  5.703  21.360 0.0000000000
122403  49.413  4.742  19.590 0.0000000000
137000  47.550  4.256  18.688 0.0000000000
90480  51.320  1.381  27.431 0.0000000000
90491  52.579  1.179  26.498 0.0000000000
89663  51.229  0.986  26.193 0.0000000000
90515  51.118  0.948  24.116 0.0000000000
90540  50.524  1.518  22.563 0.0000000000
122700  51.853  -2.392  18.031 0.0000000000
87320  49.983  -1.735  17.877 0.0000000000
87327  51.001  -2.224  16.693 0.0000000000
88120  49.879  -1.582  15.631 0.0000000000
88128  48.898  -1.045  15.314 0.0000000000
88955  47.752  -0.507  15.891 0.0000000000
86535  48.325  -3.008  16.795 0.0000000000
85654  47.550  -4.453  18.561 0.0000000000
84758  47.045  -5.236  19.823 0.0000000000
83860  48.846  -6.336  22.518 0.0000000000
122459  44.936  2.304  35.901 0.0000000000
90415  45.574  2.372  35.088 0.0000000000
90416  44.663  1.886  35.150 0.0000000000
89605  44.085  0.655  34.184 0.0000000000
88843  43.218  -0.915  33.983 0.0000000000
92145  56.577  3.748  24.663 0.0000000000
92163  55.894  3.490  22.171 0.0000000000
92177  55.627  3.353  20.504 0.0000000000
133797  47.523  -2.218  24.110 0.0000000000
88909  47.686  -0.723  23.356 0.0000000000
87285  48.328  -2.544  22.474 0.0000000000
86485  49.869  -3.371  21.673 0.0000000000
86496  51.118  -3.172  20.214 0.0000000000
85622  53.249  -4.125  21.608 0.0000000000
86482  52.780  -3.608  20.741 0.0000000000
86508  51.833  -2.668  19.091 0.0000000000
140496  53.557  -2.471  17.960 0.0000000000
85648  53.062  -3.717  17.974 0.0000000000
84738  51.941  -5.632  19.850 0.0000000000
83884  51.139  -6.241  20.782 0.0000000000
91278  53.096  2.913  31.110 0.0000000000
91312  52.074  2.267  29.823 0.0000000000
92090  51.063  2.982  32.002 0.0000000000
91294  51.313  2.383  30.379 0.0000000000
122397  50.995  1.732  28.787 0.0000000000
90481  50.006  1.365  27.782 0.0000000000
89655  49.207  0.962  26.897 0.0000000000
88886  47.993  0.125  25.922 0.0000000000
90423  46.137  1.855  33.279 0.0000000000
90428  46.437  1.612  32.485 0.0000000000
90440  46.962  0.944  30.810 0.0000000000
88853  45.300  -0.960  30.946 0.0000000000
88860  46.206  -0.456  30.118 0.0000000000
89638  46.737  0.113  29.705 0.0000000000
88873  47.143  -0.074  28.037 0.0000000000
88054  46.791  -0.906  26.812 0.0000000000
123603  47.023  -1.543  25.304 0.0000000000
86456  47.864  -3.267  24.827 0.0000000000
85588  48.937  -4.189  25.001 0.0000000000
85574  50.591  -5.117  25.111 0.0000000000
85559  49.472  -5.127  27.032 0.0000000000
84683  50.939  -5.352  26.029 0.0000000000
91244  45.193  2.540  36.848 0.0000000000
91229  43.499  2.540  37.017 0.0000000000
92025  41.228  2.950  37.714 0.0000000000
92869  52.751  4.603  27.426 0.0000000000
93623  49.773  5.532  27.356 0.0000000000
94310  47.025  7.599  23.639 0.0000000000
134628  46.970  6.663  23.649 0.0000000000
92914  45.908  4.173  23.076 0.0000000000
92928  48.151  5.472  21.913 0.0000000000
92920  45.946  3.982  22.169 0.0000000000
143927  44.542  3.029  22.570 0.0000000000
123293  56.456  1.449  26.429 0.0000000000
122379  53.336  1.185  25.974 0.0000000000
90501  54.945  1.339  25.569 0.0000000000
90510  56.483  1.500  24.191 0.0000000000
90534  56.562  1.812  22.594 0.0000000000
90550  55.542  2.449  20.865 0.0000000000
92189  54.395  3.965  18.420 0.0000000000
88915  48.067  -0.161  22.196 0.0000000000
90542  48.900  1.043  22.018 0.0000000000
90555  49.409  1.604  21.466 0.0000000000
88106  48.919  -0.679  18.438 0.0000000000
137500  48.577  1.115  18.926 0.0000000000
146290  50.141  2.501  20.267 0.0000000000
91392  51.170  3.054  18.919 0.0000000000
92192  52.166  3.650  17.492 0.0000000000
92207  52.562  4.151  17.370 0.0000000000
92970  49.832  4.289  16.288 0.0000000000
92971  48.408  4.059  16.772 0.0000000000
142054  46.561  2.408  17.716 0.0000000000
134043  46.703  0.053  17.110 0.0000000000
135717  46.048  0.282  18.430 0.0000000000
147309  45.443  1.213  19.134 0.0000000000
88930  44.970  -0.280  20.764 0.0000000000
84712  46.071  -5.632  22.842 0.0000000000
95002  46.087  8.426  24.653 0.0000000000
95700  47.013  8.854  24.955 0.0000000000
91250  47.172  3.119  35.891 0.0000000000
91255  47.088  3.132  35.001 0.0000000000
92924  54.118  4.403  20.424 0.0000000000
129082  53.938  4.491  21.306 0.0000000000
92936  53.081  4.662  19.842 0.0000000000
92937  52.078  4.808  19.533 0.0000000000
92948  53.174  4.521  18.670 0.0000000000
88901  48.072  -0.100  23.989 0.0000000000
84764  50.609  -5.007  18.733 0.0000000000
84765  49.661  -5.200  18.840 0.0000000000
90487  58.587  1.894  26.720 0.0000000000
90498  58.394  1.945  26.097 0.0000000000
91338  57.675  2.273  25.038 0.0000000000
90508  57.474  1.945  24.592 0.0000000000
123013  50.775  -4.711  23.720 0.0000000000
85599  50.195  -4.344  23.370 0.0000000000
85584  51.674  -5.008  23.783 0.0000000000
86478  56.563  -3.817  19.991 0.0000000000
84734  56.802  -4.894  19.833 0.0000000000
84749  56.149  -4.723  19.348 0.0000000000
91356  43.920  2.663  22.968 0.0000000000
122576  48.056  1.781  31.016 0.0000000000
90439  48.520  1.670  30.353 0.0000000000
90456  48.247  1.286  29.602 0.0000000000
88850  44.003  -1.063  32.809 0.0000000000
88849  44.470  -0.780  32.334 0.0000000000
86431  46.669  -3.573  28.278 0.0000000000
87258  46.241  -2.881  28.616 0.0000000000
86430  47.087  -3.873  27.713 0.0000000000
86435  47.282  -3.804  27.152 0.0000000000
140903  47.552  -4.242  27.557 0.0000000000
93643  50.610  6.189  23.480 0.0000000000
94299  49.947  6.710  23.819 0.0000000000
95016  48.943  7.557  22.911 0.0000000000
94315  49.620  6.946  22.526 0.0000000000
147018  46.591  3.792  19.099 0.0000000000
92193  46.348  3.775  19.774 0.0000000000
92194  45.749  3.168  19.784 0.0000000000
91396  44.940  2.132  20.020 0.0000000000
91395  45.516  2.483  19.414 0.0000000000
90452  52.597  2.019  29.033 0.0000000000
90451  53.452  2.070  28.955 0.0000000000
90466  53.005  1.765  28.299 0.0000000000
90539  51.376  1.597  22.687 0.0000000000
90538  52.391  1.673  22.681 0.0000000000
90553  51.862  2.051  21.918 0.0000000000
90552  53.052  2.108  21.701 0.0000000000
88088  49.142  -1.875  19.931 0.0000000000
88096  49.531  -1.785  18.974 0.0000000000
89738  48.896  -0.188  15.443 0.0000000000
89739  48.782  0.427  15.716 0.0000000000
90587  48.507  1.359  15.736 0.0000000000
90592  48.292  1.109  15.574 0.0000000000
143432  48.210  1.509  15.580 0.0000000000
136019  48.062  1.044  15.474 0.0000000000
85641  46.322  -4.446  19.693 0.0000000000
87313  46.111  -2.832  19.513 0.0000000000
86510  45.902  -3.753  19.923 0.0000000000
86498  45.404  -3.839  20.551 0.0000000000
93644  46.075  6.437  24.766 0.0000000000
93638  45.630  5.974  25.324 0.0000000000
146739  46.203  5.016  24.184 0.0000000000
92060  50.367  3.642  34.383 0.0000000000
92061  49.512  3.597  34.457 0.0000000000
91261  48.613  3.000  33.200 0.0000000000
122687  47.988  2.721  32.975 0.0000000000
136938  47.857  2.352  32.294 0.0000000000
91268  47.141  1.999  32.284 0.0000000000
92899  54.744  4.282  24.189 0.0000000000
137720  54.949  4.326  24.899 0.0000000000
93655  52.497  5.176  21.953 0.0000000000
92911  52.969  4.720  23.269 0.0000000000
93649  51.679  5.556  22.931 0.0000000000
93656  51.683  5.581  22.180 0.0000000000
93665  51.443  5.537  21.421 0.0000000000
92951  50.189  4.676  18.474 0.0000000000
92939  50.327  4.852  19.600 0.0000000000
133527  48.619  4.599  19.221 0.0000000000
125902  48.301  4.454  18.454 0.0000000000
89653  50.839  1.196  26.804 0.0000000000
89686  49.542  0.626  24.300 0.0000000000
89685  50.430  0.724  24.781 0.0000000000
89694  50.239  0.894  23.871 0.0000000000
90527  50.826  1.237  23.319 0.0000000000
90528  49.998  1.122  23.084 0.0000000000
87325  52.697  -2.506  17.743 0.0000000000
123438  51.721  -2.489  17.380 0.0000000000
87326  51.772  -2.531  17.414 0.0000000000
86532  50.474  -2.164  15.977 0.0000000000
86533  49.837  -2.632  15.955 0.0000000000
87340  49.347  -1.635  15.470 0.0000000000
87334  49.263  -2.310  15.717 0.0000000000
87335  48.626  -2.533  16.146 0.0000000000
86534  49.028  -2.980  16.279 0.0000000000
85638  48.459  -5.082  18.811 0.0000000000
85653  48.147  -4.048  17.814 0.0000000000
85639  47.900  -5.070  18.951 0.0000000000
129554  47.282  -5.000  19.227 0.0000000000
84743  47.484  -5.514  20.228 0.0000000000
145359  48.945  -6.004  21.078 0.0000000000
83873  48.429  -5.978  21.438 0.0000000000
146500  43.814  0.952  34.734 0.0000000000
89606  43.476  0.358  34.559 0.0000000000
89611  43.732  -0.156  33.855 0.0000000000
92161  57.085  2.411  23.193 0.0000000000
92162  56.549  3.088  22.796 0.0000000000
92170  56.394  3.034  21.786 0.0000000000
147694  56.073  3.231  21.261 0.0000000000
92176  56.207  2.932  21.060 0.0000000000
87279  47.886  -2.921  24.101 0.0000000000
87280  47.710  -2.334  23.587 0.0000000000
128702  48.143  -2.776  23.268 0.0000000000
86472  50.501  -3.921  22.209 0.0000000000
86497  50.127  -3.097  20.769 0.0000000000
86484  50.731  -3.566  21.281 0.0000000000
85610  52.734  -4.493  22.462 0.0000000000
85621  54.396  -3.987  21.494 0.0000000000
86493  54.439  -3.101  19.719 0.0000000000
86481  53.886  -3.579  20.729 0.0000000000
135295  53.557  -3.255  19.999 0.0000000000
86495  52.179  -3.234  19.950 0.0000000000
86506  53.799  -2.620  19.037 0.0000000000
87308  53.403  -2.427  18.286 0.0000000000
87307  53.999  -2.566  18.255 0.0000000000
85637  54.614  -4.289  18.636 0.0000000000
85647  54.032  -3.522  18.178 0.0000000000
84751  53.367  -4.536  18.644 0.0000000000
84762  52.458  -4.422  18.463 0.0000000000
84737  52.988  -5.415  19.465 0.0000000000
137852  52.846  -6.043  20.266 0.0000000000
92101  52.635  3.173  31.830 0.0000000000
92100  53.552  3.308  31.792 0.0000000000
91293  52.656  2.593  30.470 0.0000000000
126823  52.293  2.813  31.156 0.0000000000
92091  50.251  3.121  32.776 0.0000000000
144530  51.172  3.265  32.922 0.0000000000
91265  50.035  2.760  31.829 0.0000000000
91280  50.582  2.538  31.002 0.0000000000
91295  50.541  2.156  30.111 0.0000000000
91313  51.187  2.029  29.579 0.0000000000
123212  50.778  1.488  28.017 0.0000000000
90468  50.184  1.575  28.557 0.0000000000
89646  48.479  0.988  28.141 0.0000000000
89645  49.241  1.155  27.533 0.0000000000
89656  48.552  0.781  27.222 0.0000000000
89666  48.762  0.638  26.373 0.0000000000
89667  47.918  0.346  26.778 0.0000000000
90420  45.076  1.738  34.393 0.0000000000
91257  45.847  2.141  34.100 0.0000000000
90424  45.408  1.489  33.587 0.0000000000
89614  46.037  0.950  32.007 0.0000000000
90433  46.827  1.367  31.633 0.0000000000
89619  46.307  0.605  31.229 0.0000000000
88030  45.442  -1.629  30.454 0.0000000000
88029  45.917  -1.260  29.895 0.0000000000
88868  46.371  -0.742  29.280 0.0000000000
88867  46.950  0.026  28.871 0.0000000000
88874  46.615  -0.719  28.426 0.0000000000
88055  46.656  -1.591  26.488 0.0000000000
129518  46.895  -1.086  26.058 0.0000000000
88059  46.731  -1.824  25.960 0.0000000000
87274  47.380  -2.515  24.839 0.0000000000
87270  46.975  -2.482  25.665 0.0000000000
85577  48.697  -4.287  25.693 0.0000000000
86447  48.272  -3.766  25.237 0.0000000000
85576  49.318  -4.600  25.502 0.0000000000
85587  49.763  -4.639  24.850 0.0000000000
85575  49.964  -5.026  25.712 0.0000000000
85558  50.210  -5.297  27.611 0.0000000000
84656  51.009  -5.381  27.016 0.0000000000
84668  51.733  -5.438  26.601 0.0000000000
141728  45.086  2.621  37.657 0.0000000000
91212  43.843  2.964  37.795 0.0000000000
91230  42.553  2.540  37.113 0.0000000000
130590  52.379  4.514  26.665 0.0000000000
92870  51.887  4.640  27.340 0.0000000000
92856  52.160  4.804  28.104 0.0000000000
92883  51.110  4.784  27.129 0.0000000000
93622  50.509  5.124  27.713 0.0000000000
93629  50.394  5.195  26.752 0.0000000000
94989  49.015  7.399  24.577 0.0000000000
94990  48.333  8.020  24.695 0.0000000000
95000  47.650  8.318  23.818 0.0000000000
94999  48.263  8.242  23.863 0.0000000000
145758  47.575  6.109  22.867 0.0000000000
94309  47.543  6.930  23.119 0.0000000000
93650  47.127  5.742  23.283 0.0000000000
141011  46.420  4.912  23.594 0.0000000000
124766  46.717  4.708  22.631 0.0000000000
93668  48.994  5.740  21.543 0.0000000000
131582  47.773  4.797  21.335 0.0000000000
92178  45.889  3.748  21.322 0.0000000000
92929  46.550  4.286  21.628 0.0000000000
130132  45.406  3.505  21.804 0.0000000000
92173  44.764  3.021  21.839 0.0000000000
91363  44.193  2.632  22.220 0.0000000000
91374  44.236  2.362  21.565 0.0000000000
90557  44.316  1.297  20.814 0.0000000000
91276  54.972  3.092  30.962 0.0000000000
90464  54.830  1.698  28.086 0.0000000000
90449  55.306  1.966  28.773 0.0000000000
90463  55.785  1.669  28.040 0.0000000000
90477  56.343  1.552  27.351 0.0000000000
89662  52.509  1.014  25.781 0.0000000000
90524  53.780  1.440  23.780 0.0000000000
90511  54.849  1.350  24.862 0.0000000000
123292  55.770  1.405  24.930 0.0000000000
140455  55.608  1.430  24.206 0.0000000000
90522  56.236  1.530  23.401 0.0000000000
90535  55.776  1.607  22.650 0.0000000000
91370  53.678  2.470  20.526 0.0000000000
142040  54.773  2.561  20.241 0.0000000000
91380  54.306  2.938  19.442 0.0000000000
91379  55.172  3.100  19.651 0.0000000000
91390  53.717  3.436  18.597 0.0000000000
88076  47.686  -1.304  22.743 0.0000000000
88916  47.787  -0.638  22.630 0.0000000000
88083  47.871  -0.930  21.900 0.0000000000
89709  48.370  0.405  21.684 0.0000000000
90556  48.655  1.071  21.112 0.0000000000
88105  49.585  -1.078  17.345 0.0000000000
126906  49.339  -1.301  18.462 0.0000000000
88939  49.034  -0.245  17.409 0.0000000000
90569  48.945  1.835  18.018 0.0000000000
90568  49.090  1.963  19.272 0.0000000000
145856  49.754  2.357  19.978 0.0000000000
129793  50.309  2.641  19.709 0.0000000000
143093  50.072  2.697  18.734 0.0000000000
91399  50.663  3.769  16.380 0.0000000000
123999  50.995  3.411  17.448 0.0000000000
92202  51.582  3.958  16.783 0.0000000000
92201  52.476  3.969  17.199 0.0000000000
92208  51.699  4.092  16.898 0.0000000000
92969  50.661  4.249  16.510 0.0000000000
92217  50.206  4.068  15.997 0.0000000000
91407  48.030  2.936  16.065 0.0000000000
92212  48.609  3.619  16.106 0.0000000000
91408  47.201  2.690  16.994 0.0000000000
92203  47.641  3.543  17.059 0.0000000000
88949  47.078  -0.777  16.969 0.0000000000
133791  45.944  -1.737  19.468 0.0000000000
88940  46.416  -0.363  17.978 0.0000000000
88941  45.975  -0.272  18.804 0.0000000000
89728  45.911  1.058  18.370 0.0000000000
89721  45.584  0.413  19.181 0.0000000000
89716  45.111  0.183  20.131 0.0000000000
88929  45.280  -0.647  20.366 0.0000000000
87295  44.913  -3.069  21.448 0.0000000000
88077  44.832  -2.035  21.816 0.0000000000
129724  46.881  -5.797  22.538 0.0000000000
129027  46.776  -5.850  23.443 0.0000000000
94302  45.992  7.560  24.615 0.0000000000
133045  46.511  7.912  24.110 0.0000000000
92062  48.562  3.521  34.673 0.0000000000
92063  47.715  3.296  34.584 0.0000000000
91262  47.322  2.681  33.381 0.0000000000
92909  54.962  4.037  22.571 0.0000000000
92910  53.969  4.466  22.935 0.0000000000
92926  52.154  5.134  20.690 0.0000000000
93673  51.304  5.248  20.590 0.0000000000
143837  51.602  4.672  18.867 0.0000000000
92950  50.984  4.661  18.696 0.0000000000
89665  49.512  0.696  25.870 0.0000000000
131143  50.145  0.708  25.524 0.0000000000
89696  48.778  0.407  23.785 0.0000000000
85660  51.829  -3.414  17.495 0.0000000000
86524  51.508  -2.851  16.973 0.0000000000
85661  50.863  -3.683  17.297 0.0000000000
85662  49.829  -3.979  17.318 0.0000000000
85663  48.888  -4.144  17.553 0.0000000000
85652  49.120  -4.779  18.279 0.0000000000
84756  48.277  -5.370  19.323 0.0000000000
84742  48.219  -5.639  19.983 0.0000000000
84741  48.989  -5.734  20.069 0.0000000000
83886  49.436  -6.013  20.746 0.0000000000
135571  43.545  2.063  36.254 0.0000000000
90417  43.439  1.575  35.684 0.0000000000
90418  42.786  1.196  35.731 0.0000000000
92144  57.312  3.356  24.994 0.0000000000
124396  57.489  2.694  24.733 0.0000000000
91347  57.408  2.255  24.079 0.0000000000
91355  56.943  2.068  22.768 0.0000000000
86454  49.193  -4.072  24.233 0.0000000000
86464  49.495  -3.916  23.359 0.0000000000
85612  50.703  -4.364  22.944 0.0000000000
85611  51.307  -4.291  22.409 0.0000000000
86479  55.953  -3.521  20.205 0.0000000000
86491  56.007  -3.424  19.407 0.0000000000
86504  55.461  -3.021  18.858 0.0000000000
87306  54.770  -2.817  18.544 0.0000000000
85645  55.667  -3.575  18.799 0.0000000000
84750  55.157  -4.929  19.195 0.0000000000
92089  52.011  3.282  32.582 0.0000000000
124395  49.174  2.519  31.747 0.0000000000
91281  49.646  2.370  31.088 0.0000000000
90438  49.294  1.997  30.424 0.0000000000
90437  49.799  1.916  29.870 0.0000000000
140781  49.592  1.601  29.130 0.0000000000
90470  48.799  1.314  28.969 0.0000000000
89647  47.641  0.553  28.491 0.0000000000
89610  44.407  0.355  33.470 0.0000000000
89609  45.054  0.803  33.131 0.0000000000
89616  44.727  0.084  32.707 0.0000000000
88848  45.064  -0.185  31.990 0.0000000000
138289  45.362  -0.405  31.405 0.0000000000
87253  45.775  -3.089  29.836 0.0000000000
88037  45.708  -2.153  29.848 0.0000000000
87252  45.940  -2.571  29.186 0.0000000000
88043  46.168  -2.109  28.605 0.0000000000
129452  46.423  -1.551  28.080 0.0000000000
132050  46.598  -2.688  27.163 0.0000000000
141959  47.052  -3.093  26.133 0.0000000000
86440  47.565  -3.752  26.388 0.0000000000
85567  48.354  -4.344  26.355 0.0000000000
85547  50.706  -5.239  28.567 0.0000000000
84641  52.175  -5.251  28.079 0.0000000000
92902  51.680  5.071  24.340 0.0000000000
127513  52.198  4.608  25.095 0.0000000000
93635  51.269  4.966  25.277 0.0000000000
93636  50.345  5.469  25.642 0.0000000000
94293  49.870  6.194  24.822 0.0000000000
125742  49.507  6.921  24.426 0.0000000000
94300  49.289  7.476  23.870 0.0000000000
95009  48.280  7.958  23.364 0.0000000000
93659  48.016  6.348  22.553 0.0000000000
92941  47.769  4.561  20.571 0.0000000000
122533  47.122  4.454  21.059 0.0000000000
92185  45.779  3.461  20.507 0.0000000000
143284  44.747  2.688  21.110 0.0000000000
89710  44.545  0.404  20.923 0.0000000000
91310  53.926  2.402  29.614 0.0000000000
90450  54.359  2.044  28.864 0.0000000000
90478  54.325  1.532  27.376 0.0000000000
90514  52.041  1.034  24.284 0.0000000000
90513  52.978  1.225  24.482 0.0000000000
90525  52.754  1.408  23.576 0.0000000000
88082  48.263  -1.525  21.324 0.0000000000
88089  48.530  -1.341  20.429 0.0000000000
88928  48.390  -0.528  20.093 0.0000000000
88947  49.429  -0.570  16.370 0.0000000000
88948  49.041  0.170  16.383 0.0000000000
89733  48.796  1.082  16.319 0.0000000000
90576  48.978  1.762  16.875 0.0000000000
91401  49.446  2.477  16.921 0.0000000000
91406  49.726  3.374  16.085 0.0000000000
91412  49.322  3.512  15.826 0.0000000000
92218  49.816  3.877  15.878 0.0000000000
91414  48.313  2.196  15.713 0.0000000000
90584  47.128  1.433  16.408 0.0000000000
87312  46.570  -3.123  18.796 0.0000000000
88098  46.523  -2.159  18.574 0.0000000000
126875  45.720  -2.270  20.104 0.0000000000
88090  45.519  -1.447  20.256 0.0000000000
87294  45.247  -3.242  20.875 0.0000000000
90476  57.342  1.522  27.005 0.0000000000
92154  44.969  3.628  24.068 0.0000000000
91260  49.324  3.083  33.033 0.0000000000
92077  48.999  3.295  33.782 0.0000000000
91282  48.361  2.247  31.691 0.0000000000
87237  44.264  -2.418  31.984 0.0000000000
87240  44.705  -3.004  31.368 0.0000000000
86421  45.682  -3.615  30.436 0.0000000000
141179  46.135  -3.932  29.989 0.0000000000
85551  47.032  -4.389  29.025 0.0000000000
126635  54.119  4.399  24.907 0.0000000000
92901  52.626  4.706  24.212 0.0000000000
92912  52.099  5.135  23.504 0.0000000000
130793  50.945  6.096  22.740 0.0000000000
94314  50.319  6.503  22.388 0.0000000000
94322  50.145  6.369  21.914 0.0000000000
93667  49.859  5.666  21.284 0.0000000000
93675  49.218  5.057  20.736 0.0000000000
93674  50.514  5.238  20.543 0.0000000000
143299  49.872  5.080  20.399 0.0000000000
92940  48.539  4.653  20.157 0.0000000000
92953  47.783  4.433  19.507 0.0000000000
92954  46.979  4.153  19.262 0.0000000000
90467  51.608  1.589  28.200 0.0000000000
90479  52.442  1.450  27.503 0.0000000000
90492  51.718  1.193  26.759 0.0000000000
146970  51.944  1.001  26.181 0.0000000000
89674  51.711  0.867  25.638 0.0000000000
89675  50.877  0.801  25.561 0.0000000000
89684  51.423  0.808  24.915 0.0000000000
87310  50.891  -2.490  18.830 0.0000000000
144888  50.218  -2.157  18.499 0.0000000000
87319  50.987  -2.178  17.535 0.0000000000
88104  50.441  -1.700  16.759 0.0000000000
86531  51.029  -2.426  16.677 0.0000000000
88113  50.465  -1.808  16.063 0.0000000000
88953  49.371  -0.818  15.581 0.0000000000
88127  49.220  -1.022  15.391 0.0000000000
88961  48.953  -0.564  15.306 0.0000000000
88962  48.532  -0.299  15.441 0.0000000000
136264  48.309  -1.027  15.604 0.0000000000
87328  47.968  -2.350  16.539 0.0000000000
86528  47.673  -2.933  17.376 0.0000000000
86517  47.547  -3.641  17.986 0.0000000000
87321  46.997  -2.995  18.070 0.0000000000
86518  46.958  -3.778  18.616 0.0000000000
84744  46.733  -5.348  20.492 0.0000000000
83861  47.771  -5.983  22.253 0.0000000000
83874  47.934  -5.747  20.736 0.0000000000
141428  47.671  -5.799  21.395 0.0000000000
125817  45.795  2.597  36.089 0.0000000000
90421  44.364  1.316  34.579 0.0000000000
123592  43.935  1.455  35.178 0.0000000000
88847  43.661  -0.953  33.354 0.0000000000
88018  43.715  -1.658  32.963 0.0000000000
92898  55.657  4.017  24.382 0.0000000000
92153  56.454  3.428  23.769 0.0000000000
92908  55.561  3.832  23.343 0.0000000000
92171  55.382  3.708  21.479 0.0000000000
92934  54.932  3.934  19.676 0.0000000000
88064  47.348  -1.603  24.484 0.0000000000
88902  47.556  -0.805  24.201 0.0000000000
88070  47.527  -1.594  23.612 0.0000000000
87286  47.756  -2.073  22.937 0.0000000000
86474  48.856  -3.253  22.882 0.0000000000
87292  49.066  -2.995  22.065 0.0000000000
87293  48.539  -2.300  21.653 0.0000000000
126841  49.292  -2.752  21.223 0.0000000000
87299  49.571  -2.506  20.360 0.0000000000
87298  50.426  -2.747  19.887 0.0000000000
136554  52.256  -4.739  23.170 0.0000000000
125016  51.950  -4.482  22.606 0.0000000000
85623  52.111  -4.185  21.790 0.0000000000
86483  51.668  -3.655  20.984 0.0000000000
142748  51.059  -2.774  19.523 0.0000000000
87309  52.760  -2.402  18.243 0.0000000000
87318  52.480  -2.464  17.733 0.0000000000
86522  53.101  -2.523  17.762 0.0000000000
86515  54.301  -2.839  18.251 0.0000000000
86516  53.368  -2.850  17.714 0.0000000000
85659  52.647  -3.257  17.593 0.0000000000
85649  52.123  -3.941  18.023 0.0000000000
84763  51.587  -4.727  18.629 0.0000000000
84753  51.181  -5.347  19.335 0.0000000000
84739  50.873  -5.876  20.091 0.0000000000
138038  51.818  -6.107  20.536 0.0000000000
91277  53.993  3.007  31.035 0.0000000000
91292  53.508  2.665  30.379 0.0000000000
133895  51.520  2.715  31.150 0.0000000000
143782  51.971  2.557  30.598 0.0000000000
90453  51.793  1.881  28.982 0.0000000000
130691  50.571  1.334  27.384 0.0000000000
89654  49.952  1.151  26.984 0.0000000000
143476  49.552  0.894  26.460 0.0000000000
91256  46.434  2.675  34.587 0.0000000000
91263  46.596  2.459  33.729 0.0000000000
91269  46.813  2.216  32.964 0.0000000000
90429  45.711  1.239  32.786 0.0000000000
129819  47.428  1.432  31.092 0.0000000000
88022  44.478  -1.516  31.872 0.0000000000
88852  45.872  -0.221  30.884 0.0000000000
88861  45.718  -0.888  30.426 0.0000000000
89628  46.520  0.287  30.478 0.0000000000
89627  47.052  0.684  30.135 0.0000000000
89637  47.471  0.715  29.423 0.0000000000
88048  46.722  -0.824  27.622 0.0000000000
88880  47.260  -0.162  27.208 0.0000000000
88887  47.362  -0.315  26.389 0.0000000000
88894  47.387  -0.587  25.576 0.0000000000
133645  47.378  -0.906  24.892 0.0000000000
86448  47.548  -3.311  25.534 0.0000000000
86455  48.452  -3.622  24.513 0.0000000000
85586  50.435  -4.829  24.425 0.0000000000
85585  51.134  -5.125  24.457 0.0000000000
85561  48.204  -4.708  27.813 0.0000000000
85560  48.701  -4.784  27.021 0.0000000000
84669  50.118  -5.242  26.600 0.0000000000
84682  51.483  -5.350  25.250 0.0000000000
137247  46.579  2.799  36.369 0.0000000000
91245  44.284  2.359  36.506 0.0000000000
91228  44.414  2.624  37.317 0.0000000000
91246  42.859  2.085  36.536 0.0000000000
92024  42.109  3.059  37.616 0.0000000000
91231  41.692  2.434  37.237 0.0000000000
90406  41.296  1.749  36.952 0.0000000000
93630  49.711  5.720  26.394 0.0000000000
94286  49.161  6.339  26.010 0.0000000000
130183  49.101  6.035  26.943 0.0000000000
95706  47.045  8.603  24.324 0.0000000000
95001  47.072  8.294  23.863 0.0000000000
95010  47.656  7.913  23.357 0.0000000000
92913  46.544  5.809  24.129 0.0000000000
92164  45.319  3.759  23.409 0.0000000000
93658  48.725  6.524  22.198 0.0000000000
124713  47.316  4.818  21.883 0.0000000000
92172  45.216  3.533  22.585 0.0000000000
90558  43.955  1.707  21.463 0.0000000000
90462  56.844  1.670  28.082 0.0000000000
144933  57.398  1.489  26.107 0.0000000000
122802  53.582  1.351  26.771 0.0000000000
90502  54.065  1.279  25.426 0.0000000000
122801  54.160  1.296  26.029 0.0000000000
90490  54.861  1.385  26.408 0.0000000000
123002  55.925  1.401  25.719 0.0000000000
90489  56.990  1.461  25.555 0.0000000000
90509  57.142  1.682  24.288 0.0000000000
90521  57.021  1.762  23.414 0.0000000000
91362  56.438  2.254  22.073 0.0000000000
90536  55.164  1.779  21.937 0.0000000000
90549  56.038  1.931  21.819 0.0000000000
91369  56.137  2.564  21.301 0.0000000000
91378  55.740  2.959  20.458 0.0000000000
91388  54.814  3.767  18.995 0.0000000000
92198  54.440  4.076  18.494 0.0000000000
88908  48.195  0.001  23.087 0.0000000000
134760  48.821  0.552  23.159 0.0000000000
89704  48.561  0.489  22.508 0.0000000000
89703  49.218  0.923  22.796 0.0000000000
90541  49.698  1.369  22.312 0.0000000000
90554  50.274  1.869  21.776 0.0000000000
88934  48.562  -0.363  19.256 0.0000000000
89720  48.420  0.319  19.642 0.0000000000
137512  48.622  0.273  18.452 0.0000000000
90563  48.529  1.109  20.069 0.0000000000
90562  49.194  1.752  20.501 0.0000000000
91373  50.003  2.301  20.856 0.0000000000
91372  51.102  2.378  21.180 0.0000000000
91383  50.701  2.618  20.222 0.0000000000
91382  51.797  2.781  19.972 0.0000000000
91391  52.581  3.257  18.626 0.0000000000
92191  53.162  3.792  17.731 0.0000000000
92200  53.238  4.020  17.649 0.0000000000
141440  53.633  4.316  18.166 0.0000000000
92960  52.163  4.341  17.514 0.0000000000
92961  51.123  4.472  17.469 0.0000000000
92962  50.028  4.543  17.241 0.0000000000
92211  49.146  4.124  16.155 0.0000000000
92963  48.947  4.447  17.195 0.0000000000
92964  47.911  4.188  17.746 0.0000000000
91402  46.720  3.071  17.929 0.0000000000
91403  46.101  2.482  18.488 0.0000000000
89740  47.902  0.352  15.567 0.0000000000
89741  47.467  0.917  15.887 0.0000000000
89734  46.809  0.732  16.726 0.0000000000
88107  46.643  -1.288  17.935 0.0000000000
89727  46.380  0.516  17.685 0.0000000000
90577  46.503  1.253  17.382 0.0000000000
90578  46.214  1.824  17.995 0.0000000000
90570  45.647  1.808  18.809 0.0000000000
89722  45.053  1.005  19.721 0.0000000000
128775  44.689  0.901  20.325 0.0000000000
88923  44.692  -0.347  21.264 0.0000000000
88084  45.065  -1.124  21.041 0.0000000000
83885  50.357  -6.131  20.705 0.0000000000
83871  50.076  -6.301  21.287 0.0000000000
84748  56.507  -4.334  19.515 0.0000000000
84752  52.211  -5.060  19.083 0.0000000000
84766  48.873  -5.289  19.073 0.0000000000
85628  56.822  -4.363  19.922 0.0000000000
85635  56.143  -3.957  19.047 0.0000000000
85636  55.579  -4.133  18.804 0.0000000000
85640  46.850  -4.459  19.123 0.0000000000
86436  46.768  -3.319  27.483 0.0000000000
86463  50.089  -4.083  22.862 0.0000000000
86492  55.370  -3.155  19.480 0.0000000000
86494  53.002  -3.125  19.750 0.0000000000
86503  55.909  -3.428  18.961 0.0000000000
86507  52.849  -2.622  19.016 0.0000000000
86514  55.263  -3.130  18.679 0.0000000000
86527  48.653  -3.557  17.069 0.0000000000
87317  53.220  -2.399  17.893 0.0000000000
87333  49.851  -2.060  15.591 0.0000000000
88115  47.750  -1.460  16.258 0.0000000000
88121  48.592  -1.808  15.705 0.0000000000
88956  47.234  0.151  16.279 0.0000000000
88960  49.019  -0.537  15.313 0.0000000000
89726  48.748  1.107  17.688 0.0000000000
89746  48.516  0.461  15.569 0.0000000000
90465  53.882  1.755  28.216 0.0000000000
90475  58.222  1.645  27.050 0.0000000000
90499  57.812  1.807  25.500 0.0000000000
90500  57.288  1.655  24.945 0.0000000000
90503  53.176  1.133  25.269 0.0000000000
90523  54.719  1.424  24.082 0.0000000000
90571  45.181  1.715  19.541 0.0000000000
91354  57.238  2.032  23.398 0.0000000000
91368  56.366  2.634  21.660 0.0000000000
91389  54.476  3.606  18.798 0.0000000000
91415  47.544  2.142  16.187 0.0000000000
91419  48.362  1.698  15.672 0.0000000000
92183  55.300  3.413  19.752 0.0000000000
92190  53.944  3.897  18.066 0.0000000000
92199  53.922  4.117  18.077 0.0000000000
92204  47.028  3.799  18.396 0.0000000000
92210  50.253  3.926  16.009 0.0000000000
92219  49.314  3.747  15.823 0.0000000000
92882  51.654  4.621  26.680 0.0000000000
92917  54.404  4.283  21.899 0.0000000000
92946  54.605  4.130  18.878 0.0000000000
92947  54.046  4.328  18.559 0.0000000000
92949  52.329  4.553  18.315 0.0000000000
92959  53.089  4.298  17.813 0.0000000000
92975  49.719  4.028  15.869 0.0000000000
95008  48.794  7.814  23.503 0.0000000000
125139  46.601  -4.238  29.642 0.0000000000
127158  56.664  1.475  24.923 0.0000000000
127203  48.757  -0.135  15.415 0.0000000000
135369  43.197  -0.299  34.401 0.0000000000
137326  48.144  -0.285  21.487 0.0000000000
138250  48.699  -5.521  19.594 0.0000000000
139654  55.669  1.431  26.392 0.0000000000
142944  48.067  -3.464  17.426 0.0000000000
143375  46.757  -4.890  19.568 0.0000000000
145444  53.652  4.518  19.072 0.0000000000
145551  56.896  2.906  23.421 0.0000000000
146095  55.427  1.479  23.516 0.0000000000
147621  53.573  4.569  20.245 0.0000000000
