#!ascii label  , from subject sub-fsm21em vox2ras=TkReg
1112
53696  23.567  -35.969  64.187 0.0000000000
55773  39.256  -34.979  69.173 0.0000000000
67892  43.404  -24.090  46.273 0.0000000000
63751  34.862  -27.987  57.734 0.0000000000
57835  40.841  -33.655  61.097 0.0000000000
74287  54.679  -17.608  39.009 0.0000000000
63881  43.334  -27.614  48.672 0.0000000000
142216  38.943  -26.022  49.815 0.0000000000
52591  18.435  -38.562  65.844 0.0000000000
56851  30.844  -34.808  64.786 0.0000000000
52647  31.804  -37.399  62.100 0.0000000000
53763  24.865  -37.037  59.889 0.0000000000
71596  49.048  -19.368  43.620 0.0000000000
54693  28.133  -35.580  68.792 0.0000000000
139582  22.559  -36.630  69.628 0.0000000000
69748  48.819  -21.860  47.557 0.0000000000
52580  17.667  -39.035  70.764 0.0000000000
48573  13.943  -42.743  70.786 0.0000000000
66828  39.697  -23.523  56.135 0.0000000000
61558  37.931  -31.040  59.591 0.0000000000
56953  37.785  -36.109  54.858 0.0000000000
54865  34.923  -37.225  58.641 0.0000000000
64922  43.632  -26.798  51.521 0.0000000000
64949  41.296  -27.496  49.476 0.0000000000
66888  42.245  -25.344  51.839 0.0000000000
63826  46.799  -28.296  51.559 0.0000000000
55881  21.132  -35.922  62.484 0.0000000000
53698  19.499  -38.544  63.346 0.0000000000
55855  20.737  -36.062  64.693 0.0000000000
53674  26.263  -36.564  64.135 0.0000000000
52653  26.284  -39.051  62.539 0.0000000000
53725  24.334  -36.501  62.214 0.0000000000
54832  22.393  -36.346  59.800 0.0000000000
69763  43.064  -22.085  45.854 0.0000000000
66946  46.178  -25.564  47.717 0.0000000000
130924  45.665  -23.259  47.356 0.0000000000
70675  46.289  -20.955  46.215 0.0000000000
53592  22.310  -37.181  72.124 0.0000000000
53611  19.331  -37.129  69.986 0.0000000000
53583  19.206  -37.337  72.202 0.0000000000
49521  15.478  -41.719  75.699 0.0000000000
49551  15.696  -41.358  72.819 0.0000000000
47658  13.695  -42.658  73.617 0.0000000000
47654  11.434  -44.261  73.125 0.0000000000
147625  11.112  -44.392  75.542 0.0000000000
62571  40.105  -29.752  62.334 0.0000000000
60514  40.014  -32.228  59.527 0.0000000000
58774  37.953  -33.602  56.413 0.0000000000
56921  39.631  -35.341  57.491 0.0000000000
146394  29.185  -37.561  59.823 0.0000000000
134458  33.675  -36.576  61.355 0.0000000000
54894  31.682  -35.333  58.854 0.0000000000
55976  33.158  -35.980  56.734 0.0000000000
66830  36.819  -24.804  56.800 0.0000000000
128921  36.686  -23.802  53.779 0.0000000000
65905  33.865  -26.412  54.296 0.0000000000
142445  57.846  -16.958  37.217 0.0000000000
73430  55.257  -18.379  36.364 0.0000000000
65004  43.252  -27.163  46.617 0.0000000000
123942  40.911  -27.804  47.292 0.0000000000
64969  46.222  -27.131  48.319 0.0000000000
55802  35.451  -35.240  66.544 0.0000000000
53634  35.371  -35.945  65.425 0.0000000000
52616  30.992  -37.254  63.324 0.0000000000
52684  28.281  -39.246  60.582 0.0000000000
54873  26.399  -37.461  58.758 0.0000000000
71573  51.671  -20.809  44.659 0.0000000000
72447  51.172  -19.035  43.494 0.0000000000
135680  51.582  -17.777  40.378 0.0000000000
73417  52.276  -18.280  38.375 0.0000000000
53637  25.843  -36.347  66.467 0.0000000000
53641  23.160  -36.289  67.037 0.0000000000
53615  25.020  -36.671  69.176 0.0000000000
56848  29.058  -34.809  66.366 0.0000000000
70689  49.386  -20.249  45.400 0.0000000000
55793  20.710  -36.352  67.923 0.0000000000
52586  18.248  -38.490  68.524 0.0000000000
50618  16.588  -40.939  68.495 0.0000000000
51631  17.054  -39.587  72.736 0.0000000000
49575  16.214  -41.223  70.620 0.0000000000
45804  9.151  -46.052  77.700 0.0000000000
66848  42.187  -23.675  54.511 0.0000000000
66802  37.721  -25.617  58.990 0.0000000000
64850  38.409  -27.563  60.765 0.0000000000
62613  36.670  -29.552  59.220 0.0000000000
124373  36.540  -32.486  56.690 0.0000000000
58796  37.321  -33.693  54.041 0.0000000000
56996  35.780  -35.563  52.838 0.0000000000
126493  36.173  -36.320  63.943 0.0000000000
54811  37.135  -37.310  61.996 0.0000000000
55919  38.704  -37.134  59.250 0.0000000000
55949  36.289  -37.316  56.814 0.0000000000
137142  33.942  -36.116  54.776 0.0000000000
66877  39.223  -23.629  51.995 0.0000000000
66912  36.424  -25.094  50.475 0.0000000000
65910  44.530  -26.937  53.286 0.0000000000
65927  42.900  -26.201  51.669 0.0000000000
66873  43.339  -25.463  52.979 0.0000000000
64913  44.804  -27.540  52.661 0.0000000000
55853  22.152  -35.534  63.620 0.0000000000
127283  20.596  -36.250  63.777 0.0000000000
54765  21.735  -35.756  65.153 0.0000000000
52620  24.528  -36.710  64.225 0.0000000000
52635  25.863  -37.230  62.799 0.0000000000
54780  23.714  -35.953  63.336 0.0000000000
55879  22.954  -35.577  62.049 0.0000000000
69753  43.419  -22.982  46.262 0.0000000000
125535  44.828  -24.851  46.934 0.0000000000
67890  45.269  -24.073  47.330 0.0000000000
68837  44.559  -23.960  46.918 0.0000000000
69752  44.467  -22.956  46.666 0.0000000000
48537  14.739  -42.394  75.375 0.0000000000
48543  14.847  -42.245  74.594 0.0000000000
47651  13.682  -42.790  74.499 0.0000000000
145095  12.511  -43.294  73.255 0.0000000000
47645  12.218  -43.463  74.597 0.0000000000
46757  11.584  -43.931  75.143 0.0000000000
60497  40.567  -32.248  60.983 0.0000000000
59597  40.804  -32.707  60.115 0.0000000000
58764  39.451  -32.914  58.430 0.0000000000
57844  40.005  -33.880  58.828 0.0000000000
54678  39.420  -35.230  68.550 0.0000000000
54871  28.442  -36.554  59.370 0.0000000000
133738  30.157  -36.145  59.826 0.0000000000
55955  29.466  -35.080  58.294 0.0000000000
55979  30.553  -34.933  57.954 0.0000000000
126220  35.369  -26.381  57.317 0.0000000000
65895  35.634  -25.170  55.989 0.0000000000
74278  54.647  -17.340  39.796 0.0000000000
125229  56.228  -17.058  40.191 0.0000000000
74276  56.212  -17.208  39.365 0.0000000000
74293  56.546  -17.427  37.557 0.0000000000
73423  54.993  -18.173  37.180 0.0000000000
133684  43.494  -27.767  47.201 0.0000000000
65005  42.149  -27.248  46.666 0.0000000000
63896  42.194  -28.111  47.719 0.0000000000
144556  40.138  -26.594  50.016 0.0000000000
64972  39.884  -27.956  48.258 0.0000000000
64973  39.270  -27.428  48.416 0.0000000000
63843  44.985  -27.460  50.013 0.0000000000
63879  45.054  -27.476  48.220 0.0000000000
65989  44.963  -27.120  46.967 0.0000000000
53678  19.110  -38.267  64.242 0.0000000000
52602  17.989  -39.355  65.446 0.0000000000
55817  32.885  -35.059  65.406 0.0000000000
54709  34.141  -35.443  65.201 0.0000000000
54739  31.236  -36.209  63.916 0.0000000000
52687  25.449  -39.121  61.483 0.0000000000
52668  27.059  -39.295  61.799 0.0000000000
53761  25.967  -38.459  59.590 0.0000000000
53785  26.347  -38.175  59.078 0.0000000000
53786  25.645  -37.796  59.104 0.0000000000
54849  24.341  -36.677  58.933 0.0000000000
60569  35.236  -32.281  54.703 0.0000000000
71575  50.418  -20.273  44.570 0.0000000000
71585  51.340  -20.358  44.260 0.0000000000
131494  50.672  -19.428  43.674 0.0000000000
73401  50.649  -18.198  41.639 0.0000000000
73410  50.951  -18.028  39.401 0.0000000000
73409  51.961  -17.939  39.273 0.0000000000
128357  26.884  -35.943  67.064 0.0000000000
53625  25.415  -36.458  68.318 0.0000000000
53613  26.857  -36.233  68.818 0.0000000000
129327  27.929  -35.535  67.759 0.0000000000
54725  26.887  -35.858  66.202 0.0000000000
70673  50.004  -20.686  45.735 0.0000000000
70674  48.973  -20.567  46.167 0.0000000000
144541  46.139  -19.884  44.736 0.0000000000
53618  22.885  -36.475  68.856 0.0000000000
137863  22.056  -36.330  67.524 0.0000000000
54696  21.079  -36.349  68.743 0.0000000000
53603  18.660  -37.695  70.459 0.0000000000
128084  18.665  -37.855  69.426 0.0000000000
125774  18.044  -38.613  69.345 0.0000000000
51674  17.289  -39.891  68.574 0.0000000000
51664  17.311  -39.861  69.484 0.0000000000
127769  17.001  -39.574  74.079 0.0000000000
142193  15.090  -41.934  72.181 0.0000000000
49550  16.129  -41.076  72.263 0.0000000000
48584  15.181  -41.853  70.810 0.0000000000
49588  15.672  -41.688  69.321 0.0000000000
66801  38.444  -24.962  59.141 0.0000000000
62594  39.334  -30.803  60.939 0.0000000000
63674  39.565  -28.875  61.973 0.0000000000
62596  38.183  -29.668  60.452 0.0000000000
63724  37.368  -28.503  59.852 0.0000000000
62627  37.267  -30.380  59.389 0.0000000000
61580  36.538  -31.594  57.760 0.0000000000
60531  37.251  -31.799  58.296 0.0000000000
57882  38.296  -34.453  55.300 0.0000000000
58785  37.911  -33.813  55.607 0.0000000000
57883  38.052  -35.089  54.579 0.0000000000
56995  36.718  -35.076  52.831 0.0000000000
56976  36.299  -35.878  53.513 0.0000000000
137016  33.852  -36.751  63.740 0.0000000000
53647  36.035  -36.275  65.123 0.0000000000
52626  34.717  -36.724  63.093 0.0000000000
54829  34.393  -36.955  60.505 0.0000000000
53735  35.173  -36.972  61.580 0.0000000000
139883  36.432  -37.503  60.408 0.0000000000
54842  38.014  -37.335  60.064 0.0000000000
54863  36.970  -37.430  58.706 0.0000000000
55934  37.652  -37.314  57.961 0.0000000000
54889  35.647  -37.350  57.724 0.0000000000
126917  31.848  -34.997  55.262 0.0000000000
55995  33.376  -36.006  55.667 0.0000000000
66837  41.662  -23.515  55.326 0.0000000000
66862  40.799  -23.494  53.403 0.0000000000
66850  39.905  -23.353  54.241 0.0000000000
66881  35.333  -24.915  52.128 0.0000000000
66879  36.808  -23.810  52.072 0.0000000000
74296  57.920  -16.925  35.785 0.0000000000
63844  44.197  -27.251  50.287 0.0000000000
63861  41.946  -27.945  48.999 0.0000000000
64934  42.517  -27.005  50.266 0.0000000000
65929  41.346  -26.131  50.742 0.0000000000
65930  40.713  -25.596  50.655 0.0000000000
63810  46.086  -28.359  52.279 0.0000000000
63828  44.994  -27.521  51.039 0.0000000000
54799  20.304  -37.250  62.592 0.0000000000
54766  19.994  -36.690  64.248 0.0000000000
54745  19.445  -37.056  65.725 0.0000000000
55851  28.377  -35.551  64.333 0.0000000000
132485  29.202  -37.126  63.306 0.0000000000
53693  26.885  -37.292  63.016 0.0000000000
52671  25.558  -38.253  61.724 0.0000000000
54813  24.586  -36.794  61.498 0.0000000000
55921  23.940  -36.370  59.625 0.0000000000
55894  23.102  -35.708  61.189 0.0000000000
54833  21.684  -36.388  60.670 0.0000000000
72450  48.352  -18.952  42.716 0.0000000000
54681  27.821  -35.959  69.740 0.0000000000
67883  46.532  -24.652  47.987 0.0000000000
68827  47.087  -23.551  47.916 0.0000000000
68835  47.024  -22.569  47.549 0.0000000000
70665  47.283  -21.128  46.748 0.0000000000
70667  45.733  -21.780  46.639 0.0000000000
70677  44.369  -21.208  45.793 0.0000000000
53601  23.048  -37.069  70.876 0.0000000000
54682  21.478  -36.565  69.653 0.0000000000
140221  21.138  -36.907  71.480 0.0000000000
53594  18.967  -37.377  71.420 0.0000000000
52579  18.174  -38.233  71.091 0.0000000000
50555  15.963  -40.870  74.101 0.0000000000
49528  15.626  -41.376  74.495 0.0000000000
136624  15.034  -41.998  72.910 0.0000000000
131721  13.938  -42.554  71.838 0.0000000000
47670  12.667  -43.493  71.856 0.0000000000
61542  39.943  -31.411  61.204 0.0000000000
61556  39.462  -31.856  59.834 0.0000000000
123908  38.060  -32.353  58.394 0.0000000000
144573  39.208  -32.485  58.526 0.0000000000
57868  38.816  -34.031  56.760 0.0000000000
56934  38.851  -35.956  55.980 0.0000000000
52681  30.721  -38.325  60.984 0.0000000000
52663  32.726  -36.854  61.929 0.0000000000
53757  30.880  -36.896  60.506 0.0000000000
54847  32.540  -35.947  59.586 0.0000000000
54867  33.441  -36.214  58.888 0.0000000000
54891  34.207  -36.753  57.933 0.0000000000
55953  32.903  -35.680  57.627 0.0000000000
56938  31.493  -34.946  56.233 0.0000000000
66829  38.704  -23.781  56.524 0.0000000000
130268  38.092  -23.667  55.289 0.0000000000
129787  36.299  -24.443  55.449 0.0000000000
132840  35.053  -24.953  53.927 0.0000000000
74292  57.326  -17.177  37.662 0.0000000000
74298  56.625  -17.609  36.609 0.0000000000
141998  43.448  -26.052  46.156 0.0000000000
67894  41.818  -24.693  45.941 0.0000000000
65998  42.480  -26.326  46.239 0.0000000000
64971  40.762  -28.137  48.039 0.0000000000
64990  39.970  -27.578  47.533 0.0000000000
63856  47.816  -27.803  50.626 0.0000000000
64946  47.315  -27.359  49.747 0.0000000000
65978  47.018  -26.723  48.824 0.0000000000
65988  45.666  -26.740  47.193 0.0000000000
65996  45.061  -26.324  46.760 0.0000000000
55787  37.506  -34.874  68.255 0.0000000000
141416  37.544  -35.290  67.341 0.0000000000
54707  35.690  -35.577  66.225 0.0000000000
53650  34.179  -36.000  64.635 0.0000000000
52629  31.423  -37.686  62.600 0.0000000000
53690  29.646  -37.873  63.035 0.0000000000
139809  29.417  -39.054  62.934 0.0000000000
52665  30.260  -39.134  61.192 0.0000000000
53759  28.781  -38.253  59.584 0.0000000000
54872  27.663  -37.383  59.033 0.0000000000
55959  26.255  -36.190  57.420 0.0000000000
73394  52.511  -18.697  43.804 0.0000000000
72456  50.415  -18.454  42.180 0.0000000000
73398  51.551  -18.230  42.688 0.0000000000
73399  53.016  -17.449  42.096 0.0000000000
73403  53.246  -17.363  41.101 0.0000000000
146407  53.383  -17.679  39.696 0.0000000000
73416  53.892  -17.937  38.592 0.0000000000
136893  53.876  -18.234  37.890 0.0000000000
53657  23.779  -36.390  65.644 0.0000000000
53658  23.201  -36.149  66.110 0.0000000000
53639  24.375  -36.443  67.011 0.0000000000
53626  24.509  -36.484  68.246 0.0000000000
124807  23.996  -36.806  69.887 0.0000000000
52576  26.136  -36.875  70.422 0.0000000000
53609  23.617  -36.956  70.459 0.0000000000
53591  23.644  -37.226  71.860 0.0000000000
55760  38.052  -34.497  69.779 0.0000000000
56806  36.968  -34.482  68.760 0.0000000000
56833  34.555  -34.573  66.780 0.0000000000
56845  32.166  -34.388  65.970 0.0000000000
122810  31.504  -33.897  67.756 0.0000000000
56847  29.927  -34.462  65.723 0.0000000000
55852  27.710  -35.555  64.816 0.0000000000
53654  25.870  -36.382  65.337 0.0000000000
70671  51.611  -21.225  45.845 0.0000000000
70687  50.557  -20.767  44.928 0.0000000000
71588  49.585  -19.721  44.419 0.0000000000
71564  47.306  -20.384  45.820 0.0000000000
71577  47.852  -19.928  45.164 0.0000000000
71597  48.020  -19.294  43.456 0.0000000000
54743  21.889  -35.918  66.093 0.0000000000
54729  20.203  -36.386  66.161 0.0000000000
54730  19.560  -36.983  66.773 0.0000000000
127672  20.473  -36.553  69.238 0.0000000000
54714  19.331  -37.164  68.212 0.0000000000
137937  18.532  -38.281  66.823 0.0000000000
138172  17.629  -39.443  67.117 0.0000000000
50634  16.930  -40.561  67.071 0.0000000000
52570  17.688  -38.619  72.601 0.0000000000
51641  17.281  -39.616  71.282 0.0000000000
50572  16.773  -40.041  71.988 0.0000000000
51653  17.317  -39.784  70.398 0.0000000000
50602  16.591  -40.855  69.412 0.0000000000
45802  10.367  -45.121  76.927 0.0000000000
66859  43.609  -25.017  53.907 0.0000000000
124876  39.399  -23.686  57.030 0.0000000000
123249  38.376  -24.130  57.355 0.0000000000
66803  37.227  -25.523  58.324 0.0000000000
65870  36.511  -26.389  58.404 0.0000000000
65865  38.181  -26.436  60.156 0.0000000000
64858  37.159  -27.469  59.484 0.0000000000
63738  35.429  -28.653  58.331 0.0000000000
62646  35.638  -29.984  58.274 0.0000000000
60548  35.934  -31.762  56.991 0.0000000000
59648  36.224  -32.829  55.337 0.0000000000
59634  37.215  -32.997  56.936 0.0000000000
59647  36.951  -33.204  55.847 0.0000000000
145520  37.070  -33.517  53.278 0.0000000000
136435  36.631  -34.280  52.379 0.0000000000
57010  35.252  -35.420  52.006 0.0000000000
56891  40.846  -34.642  61.212 0.0000000000
54721  37.507  -35.569  66.439 0.0000000000
54735  38.143  -35.613  65.904 0.0000000000
130972  38.178  -35.798  64.296 0.0000000000
125419  35.215  -36.664  62.400 0.0000000000
131608  36.761  -36.472  63.055 0.0000000000
54794  39.260  -36.297  63.012 0.0000000000
55878  39.861  -36.394  62.233 0.0000000000
55906  40.526  -36.059  60.980 0.0000000000
56900  40.601  -35.259  59.990 0.0000000000
55946  39.405  -36.333  57.747 0.0000000000
55971  38.218  -36.689  56.484 0.0000000000
55991  37.093  -36.606  55.471 0.0000000000
55951  34.417  -36.819  57.162 0.0000000000
55993  35.175  -36.708  55.457 0.0000000000
56013  35.590  -36.436  54.413 0.0000000000
56977  34.654  -36.192  54.081 0.0000000000
66860  42.693  -24.356  53.593 0.0000000000
66876  41.084  -24.426  51.668 0.0000000000
66891  39.713  -24.344  51.036 0.0000000000
66864  38.338  -23.413  53.068 0.0000000000
129714  37.864  -24.357  50.841 0.0000000000
65946  37.892  -25.758  49.790 0.0000000000
73431  54.492  -18.700  36.585 0.0000000000
65911  44.019  -26.019  53.616 0.0000000000
65918  43.896  -26.313  52.909 0.0000000000
54781  23.041  -35.645  63.733 0.0000000000
54764  22.624  -35.641  64.538 0.0000000000
53676  23.967  -36.449  64.662 0.0000000000
53695  24.265  -36.489  63.654 0.0000000000
68838  42.594  -23.471  46.048 0.0000000000
67893  42.643  -24.429  46.074 0.0000000000
67891  44.115  -24.617  46.457 0.0000000000
144204  44.010  -23.760  46.521 0.0000000000
47637  14.139  -42.789  75.748 0.0000000000
48544  14.276  -42.617  74.946 0.0000000000
47643  13.727  -42.915  75.256 0.0000000000
47644  13.058  -43.126  74.999 0.0000000000
47638  12.401  -43.531  75.560 0.0000000000
58739  40.876  -33.069  61.205 0.0000000000
59596  40.911  -32.773  60.952 0.0000000000
58744  40.734  -33.122  60.603 0.0000000000
58745  40.660  -33.270  59.968 0.0000000000
57836  40.613  -33.624  60.386 0.0000000000
54679  38.702  -35.066  68.446 0.0000000000
55957  27.813  -35.543  58.199 0.0000000000
54895  28.537  -35.664  58.801 0.0000000000
55956  28.484  -35.191  57.951 0.0000000000
64873  35.364  -27.267  57.851 0.0000000000
74266  55.338  -17.070  40.156 0.0000000000
74277  55.435  -17.264  39.516 0.0000000000
74286  55.458  -17.479  38.717 0.0000000000
74294  55.595  -17.663  37.817 0.0000000000
73415  54.660  -17.896  38.052 0.0000000000
63895  43.211  -27.870  47.874 0.0000000000
63882  42.532  -27.961  48.482 0.0000000000
138977  39.701  -26.728  49.715 0.0000000000
64951  39.776  -27.412  49.054 0.0000000000
65961  39.051  -26.947  49.198 0.0000000000
65979  38.479  -27.052  48.499 0.0000000000
65962  38.237  -26.437  49.186 0.0000000000
141079  44.004  -27.372  49.358 0.0000000000
125806  45.013  -27.452  49.115 0.0000000000
63880  44.143  -27.546  48.444 0.0000000000
63894  44.148  -27.681  47.668 0.0000000000
53659  18.903  -37.952  65.256 0.0000000000
142543  18.524  -39.025  64.698 0.0000000000
55818  31.933  -34.920  65.134 0.0000000000
55831  32.560  -35.487  64.790 0.0000000000
55832  30.468  -35.657  64.017 0.0000000000
130501  25.035  -38.054  60.374 0.0000000000
53741  25.524  -38.765  60.449 0.0000000000
53762  25.243  -37.995  59.668 0.0000000000
54848  25.045  -37.248  59.038 0.0000000000
59656  35.956  -32.891  53.933 0.0000000000
71587  50.079  -19.540  43.858 0.0000000000
71586  50.814  -20.097  44.222 0.0000000000
54710  27.163  -35.863  67.819 0.0000000000
53623  26.567  -36.081  67.753 0.0000000000
124976  27.528  -35.828  68.705 0.0000000000
69747  49.976  -21.611  47.344 0.0000000000
133833  49.483  -20.999  46.837 0.0000000000
134414  48.391  -21.087  46.927 0.0000000000
54695  22.046  -36.475  68.832 0.0000000000
127231  18.011  -38.482  70.420 0.0000000000
52582  18.161  -38.350  69.908 0.0000000000
52583  17.652  -39.049  69.883 0.0000000000
52587  17.655  -39.221  68.982 0.0000000000
51615  17.049  -39.522  74.786 0.0000000000
48572  14.736  -42.187  71.443 0.0000000000
48571  15.336  -41.758  71.676 0.0000000000
49589  15.018  -41.989  69.784 0.0000000000
62611  38.345  -30.637  60.174 0.0000000000
62595  38.677  -30.204  60.716 0.0000000000
62612  37.666  -29.782  60.007 0.0000000000
61568  37.526  -31.420  58.981 0.0000000000
56952  38.385  -35.512  55.279 0.0000000000
56974  37.487  -35.683  54.202 0.0000000000
56975  36.699  -36.210  54.181 0.0000000000
123255  33.040  -37.020  62.733 0.0000000000
52613  34.393  -36.711  63.789 0.0000000000
52645  33.868  -36.821  62.756 0.0000000000
141261  34.272  -36.992  59.647 0.0000000000
54828  35.108  -37.177  60.933 0.0000000000
54845  35.230  -37.384  59.833 0.0000000000
54844  36.294  -37.454  59.622 0.0000000000
54864  35.981  -37.390  58.676 0.0000000000
66838  40.682  -23.461  55.673 0.0000000000
66849  41.021  -23.454  54.647 0.0000000000
66839  39.902  -23.437  55.236 0.0000000000
64932  44.154  -27.213  51.045 0.0000000000
64933  43.399  -27.039  50.516 0.0000000000
147375  42.536  -25.821  51.749 0.0000000000
65928  42.173  -26.007  51.275 0.0000000000
66889  41.456  -25.233  51.297 0.0000000000
146834  47.130  -28.782  53.127 0.0000000000
64920  45.235  -27.964  52.052 0.0000000000
64921  44.472  -27.371  51.811 0.0000000000
54767  19.422  -37.248  64.733 0.0000000000
54744  20.035  -36.473  65.188 0.0000000000
53673  27.121  -36.511  63.717 0.0000000000
53694  24.815  -36.796  62.842 0.0000000000
52655  25.510  -37.315  62.358 0.0000000000
53710  24.964  -37.114  62.091 0.0000000000
53724  25.261  -37.915  61.438 0.0000000000
54831  23.886  -36.057  61.068 0.0000000000
54814  23.847  -36.018  61.837 0.0000000000
55880  21.960  -35.547  62.231 0.0000000000
55895  22.202  -35.690  61.367 0.0000000000
55896  21.323  -36.097  61.631 0.0000000000
68836  46.110  -23.955  47.648 0.0000000000
133280  46.402  -23.153  47.561 0.0000000000
69750  46.166  -22.387  47.213 0.0000000000
69751  45.304  -22.620  46.944 0.0000000000
69762  43.921  -22.028  46.157 0.0000000000
69761  44.878  -21.948  46.431 0.0000000000
133467  22.192  -37.032  71.264 0.0000000000
144984  21.793  -37.038  71.784 0.0000000000
53593  20.101  -37.000  71.888 0.0000000000
49527  15.667  -41.311  75.115 0.0000000000
146827  15.775  -41.066  74.668 0.0000000000
48551  14.345  -42.465  74.128 0.0000000000
48550  14.945  -42.094  73.763 0.0000000000
123535  14.445  -42.342  73.288 0.0000000000
48558  14.581  -42.256  72.424 0.0000000000
48559  13.820  -42.565  72.757 0.0000000000
48560  13.280  -42.880  72.175 0.0000000000
47653  12.040  -43.534  73.607 0.0000000000
47660  12.101  -43.715  72.590 0.0000000000
45819  10.603  -45.027  75.384 0.0000000000
46730  10.938  -44.594  76.314 0.0000000000
60503  40.540  -32.298  60.373 0.0000000000
61549  40.214  -31.868  60.694 0.0000000000
60504  40.008  -31.807  59.995 0.0000000000
61550  39.733  -31.686  60.471 0.0000000000
140932  39.610  -31.985  59.497 0.0000000000
59617  39.371  -32.255  58.941 0.0000000000
57858  39.577  -33.613  58.235 0.0000000000
57867  38.959  -33.428  57.619 0.0000000000
57859  39.342  -34.206  57.486 0.0000000000
57869  38.731  -34.790  55.926 0.0000000000
56933  39.064  -35.057  56.753 0.0000000000
146925  29.663  -37.954  60.027 0.0000000000
52699  30.595  -37.742  60.730 0.0000000000
53758  30.266  -37.435  60.415 0.0000000000
54869  31.112  -35.788  59.593 0.0000000000
53779  31.435  -36.109  59.957 0.0000000000
54868  32.086  -35.615  59.168 0.0000000000
54892  33.081  -35.839  58.472 0.0000000000
54893  32.478  -35.450  58.413 0.0000000000
55978  31.484  -35.010  57.434 0.0000000000
137607  37.672  -24.300  56.794 0.0000000000
66841  37.198  -24.199  55.944 0.0000000000
66842  36.360  -24.792  56.251 0.0000000000
65896  34.844  -25.710  55.631 0.0000000000
66854  35.434  -24.821  54.921 0.0000000000
65904  34.590  -25.613  54.628 0.0000000000
73422  55.812  -17.850  36.924 0.0000000000
73429  56.016  -18.022  36.073 0.0000000000
64989  41.735  -27.943  47.095 0.0000000000
65006  41.216  -27.230  46.768 0.0000000000
65007  40.298  -27.123  46.814 0.0000000000
63862  41.194  -28.063  48.728 0.0000000000
131333  39.417  -27.588  47.861 0.0000000000
65008  39.363  -26.991  46.739 0.0000000000
128885  47.401  -28.645  51.913 0.0000000000
63825  47.865  -28.678  51.789 0.0000000000
63841  47.524  -28.259  51.248 0.0000000000
63878  46.553  -27.346  49.219 0.0000000000
64968  46.811  -27.061  48.929 0.0000000000
64985  46.449  -26.805  48.320 0.0000000000
64986  46.043  -26.911  47.746 0.0000000000
64987  44.175  -27.492  46.984 0.0000000000
65997  44.249  -26.684  46.512 0.0000000000
66956  44.369  -25.614  46.402 0.0000000000
55788  36.652  -34.904  67.841 0.0000000000
54692  36.080  -35.138  67.070 0.0000000000
53651  32.962  -36.093  64.358 0.0000000000
54736  33.771  -35.774  64.709 0.0000000000
133788  32.453  -36.506  64.073 0.0000000000
53670  32.505  -36.858  63.730 0.0000000000
52615  31.607  -37.279  63.191 0.0000000000
53692  27.643  -37.722  62.908 0.0000000000
53691  28.646  -37.997  62.933 0.0000000000
52633  27.817  -38.791  62.901 0.0000000000
52685  27.219  -39.343  60.732 0.0000000000
52667  28.089  -39.307  61.532 0.0000000000
52666  29.129  -39.286  61.386 0.0000000000
52650  30.013  -39.144  62.332 0.0000000000
52683  29.304  -39.103  60.532 0.0000000000
52702  28.529  -38.919  59.912 0.0000000000
53784  27.172  -38.109  58.918 0.0000000000
144211  27.067  -37.508  58.789 0.0000000000
54897  26.876  -36.837  58.484 0.0000000000
55909  23.320  -35.956  60.275 0.0000000000
55922  23.170  -36.306  59.462 0.0000000000
71562  52.057  -21.123  45.331 0.0000000000
72441  51.617  -19.781  44.006 0.0000000000
72440  52.236  -19.624  44.129 0.0000000000
72439  52.900  -19.341  44.353 0.0000000000
72446  51.849  -18.918  43.652 0.0000000000
72457  49.807  -18.626  42.269 0.0000000000
73400  51.222  -17.964  41.549 0.0000000000
73397  52.255  -17.977  42.922 0.0000000000
73404  52.179  -17.611  41.554 0.0000000000
127066  52.732  -17.611  40.170 0.0000000000
73408  53.038  -17.910  39.071 0.0000000000
74288  53.914  -17.673  39.389 0.0000000000
53655  25.084  -36.592  66.013 0.0000000000
53656  24.245  -36.566  66.104 0.0000000000
53617  23.692  -36.536  68.821 0.0000000000
53616  24.362  -36.683  69.287 0.0000000000
53606  26.816  -36.471  69.908 0.0000000000
52577  25.399  -37.137  70.588 0.0000000000
53608  24.292  -37.116  70.622 0.0000000000
53599  24.618  -37.279  71.171 0.0000000000
53600  23.819  -37.217  71.190 0.0000000000
55774  37.838  -34.520  69.047 0.0000000000
56834  33.829  -34.150  67.057 0.0000000000
124603  29.594  -34.473  66.972 0.0000000000
56837  30.475  -34.196  66.527 0.0000000000
56836  31.339  -34.039  66.711 0.0000000000
56852  28.953  -34.934  65.503 0.0000000000
54726  26.426  -36.098  66.793 0.0000000000
54741  26.384  -36.133  65.789 0.0000000000
53675  24.552  -36.685  65.092 0.0000000000
66968  40.890  -24.912  45.850 0.0000000000
70688  50.125  -20.468  44.996 0.0000000000
133260  49.791  -20.059  44.894 0.0000000000
71576  48.822  -19.831  44.905 0.0000000000
71578  46.969  -19.898  44.973 0.0000000000
71590  46.507  -19.557  44.140 0.0000000000
71589  47.707  -19.565  44.354 0.0000000000
72442  46.937  -19.252  43.328 0.0000000000
54727  22.615  -36.128  66.522 0.0000000000
54742  22.621  -35.853  65.628 0.0000000000
55807  21.355  -36.224  67.342 0.0000000000
141624  20.433  -36.358  67.080 0.0000000000
54713  19.836  -36.729  67.679 0.0000000000
54683  20.310  -36.665  69.952 0.0000000000
53619  18.866  -37.681  68.622 0.0000000000
53629  18.737  -37.889  67.747 0.0000000000
52589  18.135  -38.742  67.471 0.0000000000
52592  18.027  -39.006  66.483 0.0000000000
51677  17.267  -39.946  67.650 0.0000000000
50617  16.921  -40.468  68.094 0.0000000000
50635  16.579  -41.125  67.452 0.0000000000
51623  17.330  -39.135  73.481 0.0000000000
52573  17.671  -38.808  71.597 0.0000000000
145957  17.246  -39.362  72.026 0.0000000000
49537  16.011  -40.938  73.149 0.0000000000
49563  16.216  -41.194  71.420 0.0000000000
50581  16.518  -40.695  71.662 0.0000000000
50591  16.617  -40.845  70.810 0.0000000000
50580  16.944  -40.312  71.014 0.0000000000
50590  16.918  -40.458  70.032 0.0000000000
143280  16.531  -40.901  70.139 0.0000000000
45793  10.360  -44.903  77.789 0.0000000000
45803  9.778  -45.585  77.380 0.0000000000
137155  42.241  -23.520  55.907 0.0000000000
66815  40.109  -23.613  57.732 0.0000000000
66816  38.986  -23.943  57.823 0.0000000000
66817  38.148  -24.699  58.276 0.0000000000
65869  37.048  -26.466  59.013 0.0000000000
63688  38.973  -28.283  61.399 0.0000000000
140166  37.105  -29.331  59.642 0.0000000000
63725  36.795  -28.436  59.418 0.0000000000
63737  36.187  -28.494  58.969 0.0000000000
62628  36.132  -29.721  58.730 0.0000000000
60545  38.326  -32.640  58.052 0.0000000000
60546  37.703  -32.653  57.731 0.0000000000
59632  37.881  -33.159  57.218 0.0000000000
57896  37.885  -34.092  54.697 0.0000000000
58786  37.430  -33.595  55.102 0.0000000000
59655  36.849  -33.269  54.595 0.0000000000
57905  37.213  -34.227  53.144 0.0000000000
57011  34.186  -35.687  51.956 0.0000000000
54706  36.860  -35.447  66.729 0.0000000000
54705  37.572  -35.430  66.946 0.0000000000
53621  36.827  -35.728  66.108 0.0000000000
53668  36.111  -36.325  64.515 0.0000000000
53646  36.728  -36.139  65.155 0.0000000000
53645  37.429  -35.924  65.182 0.0000000000
54758  38.144  -35.697  65.104 0.0000000000
143801  37.573  -35.943  64.581 0.0000000000
53722  33.228  -36.653  61.675 0.0000000000
52644  34.532  -36.678  62.443 0.0000000000
52662  34.077  -36.566  61.858 0.0000000000
54812  36.324  -37.289  61.875 0.0000000000
53707  36.399  -36.822  62.580 0.0000000000
54796  37.297  -36.838  62.780 0.0000000000
54778  38.226  -36.100  63.551 0.0000000000
54795  38.261  -36.699  62.936 0.0000000000
54810  38.178  -37.185  62.119 0.0000000000
55908  38.946  -37.123  60.278 0.0000000000
55907  39.802  -36.547  60.590 0.0000000000
55918  39.711  -36.560  59.618 0.0000000000
55917  40.527  -36.036  60.077 0.0000000000
55931  40.401  -35.852  59.183 0.0000000000
55932  39.574  -36.474  58.662 0.0000000000
55948  37.398  -37.253  57.078 0.0000000000
55947  38.429  -36.889  57.373 0.0000000000
55972  37.207  -36.918  56.245 0.0000000000
55973  36.450  -36.959  55.988 0.0000000000
55952  33.685  -36.240  57.537 0.0000000000
128794  33.937  -36.418  56.521 0.0000000000
55994  34.296  -36.460  55.623 0.0000000000
56014  34.709  -36.426  54.907 0.0000000000
66847  43.105  -24.147  54.466 0.0000000000
67830  40.185  -23.563  52.528 0.0000000000
67839  41.041  -23.910  52.372 0.0000000000
67840  40.316  -23.978  51.740 0.0000000000
134640  37.504  -23.547  53.708 0.0000000000
66851  38.171  -23.468  54.260 0.0000000000
126231  37.228  -23.584  52.846 0.0000000000
66893  36.892  -24.316  51.196 0.0000000000
66911  37.417  -24.907  50.280 0.0000000000
66910  38.380  -24.959  50.195 0.0000000000
75105  58.449  -16.547  36.180 0.0000000000
75108  58.345  -16.502  35.384 0.0000000000
75107  58.797  -16.056  35.801 0.0000000000
73424  54.208  -18.457  37.312 0.0000000000
73432  53.712  -18.954  36.733 0.0000000000
64914  44.104  -26.902  52.428 0.0000000000
65919  43.469  -26.223  52.277 0.0000000000
65920  42.840  -25.662  52.186 0.0000000000
126049  21.776  -35.555  62.925 0.0000000000
55866  20.580  -36.427  62.909 0.0000000000
55865  21.183  -35.804  63.306 0.0000000000
55854  21.464  -35.735  64.184 0.0000000000
126627  25.458  -36.662  64.591 0.0000000000
52617  26.127  -36.977  63.424 0.0000000000
52636  25.056  -36.864  63.415 0.0000000000
53711  24.335  -36.450  62.796 0.0000000000
54797  23.756  -35.936  62.586 0.0000000000
54798  22.796  -35.569  62.957 0.0000000000
68847  42.469  -22.568  45.779 0.0000000000
66955  45.135  -25.605  46.901 0.0000000000
66954  45.687  -25.002  47.411 0.0000000000
142224  45.016  -23.375  47.104 0.0000000000
145833  21.901  -37.325  72.614 0.0000000000
47652  12.895  -43.087  73.939 0.0000000000
46743  11.681  -43.977  76.008 0.0000000000
60496  40.856  -32.184  61.611 0.0000000000
59589  40.611  -32.362  60.564 0.0000000000
60513  40.501  -32.269  60.060 0.0000000000
59606  39.759  -32.457  59.038 0.0000000000
58753  40.132  -33.101  59.233 0.0000000000
57857  39.880  -33.341  58.854 0.0000000000
56920  39.873  -34.451  58.257 0.0000000000
53781  29.198  -36.728  59.830 0.0000000000
139903  29.808  -37.040  60.131 0.0000000000
54870  29.535  -35.736  59.337 0.0000000000
129113  30.725  -35.472  59.248 0.0000000000
55954  31.229  -35.098  58.466 0.0000000000
141812  30.351  -35.173  58.791 0.0000000000
128713  29.861  -34.801  57.348 0.0000000000
65885  35.994  -25.564  56.907 0.0000000000
65886  35.123  -26.024  56.576 0.0000000000
74267  54.676  -17.087  40.577 0.0000000000
136647  55.571  -16.943  40.870 0.0000000000
74284  57.162  -17.182  38.347 0.0000000000
74285  56.297  -17.325  38.516 0.0000000000
64988  42.665  -27.890  47.093 0.0000000000
138007  41.442  -28.114  47.659 0.0000000000
65960  40.410  -27.109  49.723 0.0000000000
64950  40.488  -27.862  48.861 0.0000000000
63842  46.355  -27.793  50.719 0.0000000000
132094  46.961  -27.874  50.831 0.0000000000
123380  45.831  -27.448  49.101 0.0000000000
64970  45.865  -27.302  48.470 0.0000000000
135436  45.558  -27.238  47.682 0.0000000000
63893  44.774  -27.511  47.458 0.0000000000
51692  17.672  -40.306  64.980 0.0000000000
51682  17.575  -39.764  66.118 0.0000000000
55803  34.834  -35.071  66.238 0.0000000000
146211  34.437  -35.269  65.705 0.0000000000
54723  33.301  -35.581  64.843 0.0000000000
54737  32.577  -35.897  64.425 0.0000000000
53653  31.152  -36.693  63.714 0.0000000000
52669  26.122  -39.248  61.888 0.0000000000
140416  27.118  -39.095  62.627 0.0000000000
52686  26.219  -39.315  61.014 0.0000000000
53740  26.456  -39.157  60.063 0.0000000000
52703  27.489  -39.144  59.894 0.0000000000
54874  25.456  -37.064  58.543 0.0000000000
131924  24.634  -36.926  58.292 0.0000000000
60558  35.651  -32.137  56.047 0.0000000000
71574  50.960  -20.699  44.485 0.0000000000
71595  51.150  -19.822  44.006 0.0000000000
72462  50.075  -18.266  41.345 0.0000000000
73406  49.704  -18.232  40.192 0.0000000000
73418  51.327  -18.361  38.498 0.0000000000
53638  25.198  -36.420  67.282 0.0000000000
53624  25.950  -36.280  67.522 0.0000000000
53614  26.136  -36.383  68.499 0.0000000000
140639  25.665  -36.592  69.087 0.0000000000
55806  28.727  -35.017  67.342 0.0000000000
55819  28.217  -35.292  66.399 0.0000000000
54724  27.402  -35.728  66.829 0.0000000000
70664  50.429  -21.068  46.554 0.0000000000
71565  46.311  -20.298  45.419 0.0000000000
53628  23.093  -36.357  67.970 0.0000000000
128955  22.603  -36.308  67.331 0.0000000000
54711  22.427  -36.374  68.084 0.0000000000
54712  21.647  -36.330  68.070 0.0000000000
52590  17.680  -39.295  68.070 0.0000000000
50601  16.939  -40.418  69.033 0.0000000000
51614  17.548  -38.853  74.316 0.0000000000
143498  16.768  -39.909  73.478 0.0000000000
48557  15.388  -41.680  72.471 0.0000000000
49564  15.750  -41.438  71.972 0.0000000000
49576  15.746  -41.509  71.156 0.0000000000
136541  15.668  -41.527  70.286 0.0000000000
125815  39.062  -24.178  58.566 0.0000000000
139243  39.117  -24.544  59.302 0.0000000000
66792  38.117  -25.732  59.566 0.0000000000
62581  39.649  -30.294  61.660 0.0000000000
62582  39.016  -29.613  61.324 0.0000000000
63705  38.473  -29.001  60.859 0.0000000000
63706  37.925  -28.658  60.349 0.0000000000
61569  36.775  -30.834  58.745 0.0000000000
60547  37.158  -32.338  57.596 0.0000000000
57881  38.348  -33.951  56.114 0.0000000000
57897  37.709  -34.629  53.921 0.0000000000
56994  37.157  -35.315  53.550 0.0000000000
122646  35.406  -36.127  53.551 0.0000000000
53649  34.859  -36.121  64.801 0.0000000000
53633  35.983  -36.053  65.643 0.0000000000
52599  34.882  -36.466  64.364 0.0000000000
53669  35.462  -36.403  64.458 0.0000000000
52611  35.599  -36.467  63.905 0.0000000000
53754  33.641  -36.579  60.663 0.0000000000
53736  34.434  -36.750  61.318 0.0000000000
54827  35.850  -37.373  61.278 0.0000000000
54826  37.004  -37.458  60.916 0.0000000000
54825  38.070  -37.327  61.092 0.0000000000
55920  37.870  -37.327  58.820 0.0000000000
55933  38.613  -36.992  58.270 0.0000000000
55935  36.657  -37.405  57.792 0.0000000000
56936  32.757  -35.677  56.144 0.0000000000
56955  32.587  -35.414  55.334 0.0000000000
56979  33.078  -35.529  54.554 0.0000000000
56978  33.701  -35.759  53.761 0.0000000000
56999  32.683  -35.383  53.515 0.0000000000
128733  41.780  -23.678  53.836 0.0000000000
66863  39.564  -23.356  53.183 0.0000000000
125570  35.452  -24.618  53.041 0.0000000000
66865  36.283  -23.945  52.918 0.0000000000
66880  36.064  -24.314  52.105 0.0000000000
74297  57.413  -17.273  36.317 0.0000000000
146989  58.043  -16.845  36.487 0.0000000000
63860  42.874  -27.540  49.254 0.0000000000
63845  43.463  -27.250  49.826 0.0000000000
64948  42.223  -27.405  49.634 0.0000000000
64935  41.810  -27.106  50.086 0.0000000000
64923  42.763  -26.625  50.979 0.0000000000
65943  41.958  -26.606  50.582 0.0000000000
65944  41.202  -26.841  50.212 0.0000000000
128941  40.621  -26.379  50.258 0.0000000000
65945  39.954  -25.941  50.152 0.0000000000
63809  46.903  -28.676  52.457 0.0000000000
64912  45.490  -28.104  52.907 0.0000000000
63827  45.895  -27.974  51.390 0.0000000000
141376  45.667  -27.644  50.593 0.0000000000
53697  19.929  -37.829  63.027 0.0000000000
54782  20.066  -36.945  63.367 0.0000000000
54783  19.573  -37.521  63.804 0.0000000000
55850  29.284  -35.544  64.018 0.0000000000
54760  29.753  -36.356  63.620 0.0000000000
54761  28.731  -36.205  63.643 0.0000000000
129025  27.074  -38.580  62.742 0.0000000000
52634  26.530  -37.852  62.474 0.0000000000
129579  25.152  -38.893  61.709 0.0000000000
53723  25.111  -38.521  61.146 0.0000000000
53742  24.977  -37.472  60.836 0.0000000000
54830  24.304  -36.541  60.550 0.0000000000
144368  22.512  -35.882  60.630 0.0000000000
130880  49.387  -19.029  42.950 0.0000000000
132414  27.819  -35.798  69.301 0.0000000000
66944  48.063  -24.833  48.732 0.0000000000
67882  47.451  -24.294  48.345 0.0000000000
68834  47.914  -22.643  47.852 0.0000000000
69749  47.707  -21.806  47.408 0.0000000000
137741  46.895  -21.853  47.231 0.0000000000
70666  46.449  -21.607  46.838 0.0000000000
70676  45.313  -21.157  46.056 0.0000000000
71567  44.892  -20.588  45.353 0.0000000000
53610  23.036  -36.815  70.256 0.0000000000
54673  22.307  -36.814  70.406 0.0000000000
54674  21.253  -36.756  70.630 0.0000000000
53602  19.907  -36.865  70.876 0.0000000000
50546  16.050  -40.731  74.972 0.0000000000
49538  15.661  -41.345  73.711 0.0000000000
48549  15.357  -41.696  73.330 0.0000000000
48574  13.240  -43.157  71.260 0.0000000000
47659  12.965  -43.000  72.904 0.0000000000
62580  40.299  -30.897  61.971 0.0000000000
61551  39.054  -31.195  60.309 0.0000000000
61557  38.704  -31.534  59.708 0.0000000000
61567  38.261  -31.917  59.057 0.0000000000
60529  38.695  -32.307  58.673 0.0000000000
59618  38.860  -32.478  58.415 0.0000000000
58765  38.694  -32.866  57.863 0.0000000000
58773  38.347  -33.484  56.997 0.0000000000
122806  31.176  -38.258  61.768 0.0000000000
52664  31.814  -37.287  61.853 0.0000000000
122500  31.074  -37.965  61.460 0.0000000000
146135  31.542  -37.169  61.394 0.0000000000
53738  31.953  -36.657  60.972 0.0000000000
53780  30.594  -36.511  60.154 0.0000000000
53756  31.674  -36.434  60.414 0.0000000000
53755  32.662  -36.343  60.390 0.0000000000
54846  33.498  -36.448  59.709 0.0000000000
54866  34.055  -36.762  58.735 0.0000000000
144284  34.463  -37.032  58.229 0.0000000000
130795  33.765  -36.360  58.264 0.0000000000
128145  32.119  -35.226  57.976 0.0000000000
55977  32.372  -35.414  56.898 0.0000000000
66840  38.939  -23.585  55.696 0.0000000000
66852  37.149  -23.824  54.749 0.0000000000
66853  36.252  -24.200  54.603 0.0000000000
126919  35.811  -24.304  53.901 0.0000000000
145027  34.907  -25.073  53.362 0.0000000000
135574  57.154  -17.276  37.058 0.0000000000
74302  56.769  -17.761  35.785 0.0000000000
66957  43.483  -25.052  46.120 0.0000000000
66958  42.634  -25.367  46.012 0.0000000000
66959  41.750  -25.583  46.060 0.0000000000
65999  41.555  -26.444  46.354 0.0000000000
63883  41.665  -28.142  48.261 0.0000000000
63857  47.144  -27.662  50.322 0.0000000000
65986  46.908  -26.282  48.520 0.0000000000
65987  46.191  -26.352  47.779 0.0000000000
66947  45.688  -26.002  47.209 0.0000000000
139644  38.192  -34.846  68.583 0.0000000000
54690  37.911  -35.121  67.963 0.0000000000
54691  37.022  -35.196  67.373 0.0000000000
128064  36.333  -35.465  66.631 0.0000000000
53622  35.995  -35.796  66.089 0.0000000000
54708  34.928  -35.521  65.681 0.0000000000
53635  34.867  -35.795  65.201 0.0000000000
52601  33.480  -36.499  64.071 0.0000000000
124309  33.045  -37.004  63.309 0.0000000000
52628  32.104  -37.280  62.546 0.0000000000
53672  30.237  -37.107  63.416 0.0000000000
53689  30.364  -37.741  63.038 0.0000000000
52652  27.956  -39.154  62.505 0.0000000000
132110  29.316  -38.573  63.043 0.0000000000
52631  30.134  -38.676  63.006 0.0000000000
52649  30.726  -38.541  62.442 0.0000000000
123070  30.951  -38.923  61.915 0.0000000000
146167  30.574  -38.838  60.817 0.0000000000
52701  29.480  -38.635  60.098 0.0000000000
128491  27.796  -38.567  59.410 0.0000000000
53783  28.020  -38.089  59.130 0.0000000000
53782  28.514  -37.564  59.469 0.0000000000
54896  27.619  -36.330  58.785 0.0000000000
55958  27.016  -35.792  57.881 0.0000000000
55936  23.511  -36.595  58.866 0.0000000000
147287  34.799  -28.835  57.722 0.0000000000
73393  53.279  -18.384  43.985 0.0000000000
72449  50.133  -19.117  43.154 0.0000000000
72448  50.531  -18.840  42.947 0.0000000000
72455  50.912  -18.396  42.475 0.0000000000
73396  53.043  -17.732  43.149 0.0000000000
74259  53.744  -17.239  41.601 0.0000000000
74268  54.023  -17.174  40.998 0.0000000000
74279  53.815  -17.420  40.237 0.0000000000
53677  23.347  -35.964  65.146 0.0000000000
53640  23.706  -36.365  66.609 0.0000000000
53627  23.728  -36.375  67.632 0.0000000000
135472  23.335  -36.682  69.696 0.0000000000
54694  27.396  -36.119  69.498 0.0000000000
137191  26.208  -36.581  69.471 0.0000000000
53607  25.531  -36.841  69.841 0.0000000000
52578  24.768  -36.972  70.060 0.0000000000
124572  23.069  -37.184  71.597 0.0000000000
53581  23.096  -37.273  72.327 0.0000000000
55759  39.178  -34.745  69.738 0.0000000000
125431  38.610  -34.745  69.268 0.0000000000
55789  35.841  -34.870  67.426 0.0000000000
55775  36.120  -34.439  68.342 0.0000000000
55790  35.139  -34.713  67.043 0.0000000000
55804  34.173  -34.822  66.195 0.0000000000
55805  33.174  -34.484  66.343 0.0000000000
56835  32.225  -34.017  66.857 0.0000000000
56846  31.135  -34.313  65.723 0.0000000000
55833  29.688  -34.924  64.666 0.0000000000
144335  28.845  -35.155  64.697 0.0000000000
54740  26.987  -35.803  64.962 0.0000000000
55835  27.528  -35.598  65.748 0.0000000000
54763  26.415  -36.146  64.795 0.0000000000
71563  51.264  -21.050  45.056 0.0000000000
70672  50.840  -21.016  45.694 0.0000000000
132760  48.069  -20.625  46.285 0.0000000000
70690  48.396  -20.229  45.638 0.0000000000
125732  48.677  -19.541  44.195 0.0000000000
55836  20.941  -35.993  65.653 0.0000000000
54728  22.001  -36.216  66.879 0.0000000000
55820  21.153  -36.089  66.547 0.0000000000
53642  18.948  -37.725  66.254 0.0000000000
54697  20.084  -36.611  68.515 0.0000000000
54698  19.500  -37.027  69.150 0.0000000000
137980  19.282  -37.276  67.493 0.0000000000
140698  19.027  -37.656  67.027 0.0000000000
138165  17.284  -40.058  66.799 0.0000000000
52569  18.749  -37.677  72.802 0.0000000000
52572  18.303  -37.935  71.944 0.0000000000
50554  16.508  -40.215  74.294 0.0000000000
50563  16.645  -40.153  72.832 0.0000000000
50573  16.397  -40.574  72.548 0.0000000000
138084  16.194  -41.217  69.803 0.0000000000
49587  16.233  -41.351  68.895 0.0000000000
45810  10.302  -45.436  76.011 0.0000000000
45811  9.845  -45.878  76.516 0.0000000000
66846  44.346  -25.566  54.437 0.0000000000
66826  41.265  -23.476  56.044 0.0000000000
66827  40.424  -23.487  56.569 0.0000000000
123109  37.509  -24.773  57.597 0.0000000000
138702  36.693  -25.410  57.591 0.0000000000
65876  35.923  -26.341  57.817 0.0000000000
65866  37.596  -26.522  59.563 0.0000000000
64851  37.706  -27.509  60.062 0.0000000000
64859  36.558  -27.417  59.006 0.0000000000
64866  35.952  -27.388  58.461 0.0000000000
62647  35.079  -29.750  57.819 0.0000000000
61570  36.157  -30.669  58.283 0.0000000000
61581  35.611  -30.880  57.613 0.0000000000
61597  35.184  -31.336  56.620 0.0000000000
141924  37.593  -32.265  58.122 0.0000000000
59633  37.526  -33.444  56.198 0.0000000000
58797  36.774  -33.164  53.451 0.0000000000
57911  35.817  -34.942  51.252 0.0000000000
137134  38.239  -35.267  67.674 0.0000000000
54704  38.467  -35.402  67.271 0.0000000000
54703  39.127  -35.424  67.260 0.0000000000
53632  36.688  -35.916  65.736 0.0000000000
54720  38.272  -35.509  66.616 0.0000000000
54719  38.996  -35.466  66.654 0.0000000000
54757  38.945  -35.541  64.808 0.0000000000
53709  35.221  -36.639  62.874 0.0000000000
53688  35.822  -36.449  63.328 0.0000000000
53721  34.871  -36.720  61.960 0.0000000000
53708  35.749  -36.588  62.695 0.0000000000
53687  36.652  -36.314  63.549 0.0000000000
53686  37.450  -36.094  63.932 0.0000000000
54756  39.889  -35.377  64.265 0.0000000000
54776  39.815  -35.852  63.461 0.0000000000
55893  39.064  -37.068  61.296 0.0000000000
55892  39.846  -36.504  61.498 0.0000000000
55905  40.814  -35.638  61.521 0.0000000000
56892  40.720  -35.433  60.797 0.0000000000
130832  40.635  -34.853  60.618 0.0000000000
56899  40.508  -34.389  60.141 0.0000000000
56907  40.320  -34.662  59.194 0.0000000000
56908  40.091  -35.545  58.319 0.0000000000
56922  39.162  -36.220  56.829 0.0000000000
56935  38.008  -36.419  55.638 0.0000000000
54890  34.796  -37.129  57.744 0.0000000000
55950  35.226  -37.249  56.941 0.0000000000
55975  34.760  -36.840  56.309 0.0000000000
55974  35.649  -37.062  56.117 0.0000000000
55992  36.219  -36.672  55.223 0.0000000000
56954  37.074  -36.354  54.748 0.0000000000
56997  34.633  -35.918  52.954 0.0000000000
56998  33.424  -35.644  52.721 0.0000000000
66874  42.504  -24.887  52.581 0.0000000000
66861  41.851  -24.037  52.949 0.0000000000
66875  41.766  -24.575  52.074 0.0000000000
66890  40.610  -24.709  51.076 0.0000000000
66908  40.084  -25.104  50.592 0.0000000000
66909  39.315  -25.058  50.359 0.0000000000
131239  39.015  -23.454  54.801 0.0000000000
133875  38.991  -23.324  53.919 0.0000000000
66878  37.843  -23.777  51.787 0.0000000000
66892  38.719  -24.240  50.977 0.0000000000
52600  34.286  -36.429  64.250 0.0000000000
52612  34.954  -36.672  63.775 0.0000000000
52614  32.127  -37.216  63.042 0.0000000000
52618  25.489  -36.885  63.722 0.0000000000
52619  24.987  -36.840  64.237 0.0000000000
52627  34.379  -36.784  63.338 0.0000000000
52630  30.852  -37.824  62.810 0.0000000000
52632  28.654  -39.001  63.014 0.0000000000
52646  32.739  -36.962  62.266 0.0000000000
52648  31.229  -38.037  62.128 0.0000000000
52651  28.883  -39.201  62.395 0.0000000000
52654  25.928  -38.386  62.184 0.0000000000
52670  25.575  -39.084  61.996 0.0000000000
52680  32.316  -36.802  61.520 0.0000000000
52682  30.061  -38.929  60.525 0.0000000000
52700  30.230  -38.352  60.502 0.0000000000
53631  37.410  -35.752  65.842 0.0000000000
53636  34.417  -35.671  65.052 0.0000000000
53648  35.401  -36.201  64.990 0.0000000000
53652  32.012  -36.324  64.091 0.0000000000
53667  36.855  -36.206  64.414 0.0000000000
53671  31.787  -36.837  63.758 0.0000000000
53720  35.632  -36.934  62.101 0.0000000000
53737  32.897  -36.531  61.105 0.0000000000
53739  31.103  -37.304  60.951 0.0000000000
53760  26.839  -38.668  59.418 0.0000000000
54689  38.887  -35.245  68.056 0.0000000000
54722  35.352  -35.756  65.693 0.0000000000
54738  31.718  -35.656  64.384 0.0000000000
54759  30.589  -36.433  63.681 0.0000000000
54762  27.765  -35.976  63.994 0.0000000000
54777  39.023  -35.791  63.902 0.0000000000
54779  37.408  -36.366  63.304 0.0000000000
54809  39.150  -36.839  62.206 0.0000000000
54843  37.245  -37.424  59.677 0.0000000000
55758  39.732  -34.838  69.784 0.0000000000
55834  28.216  -35.296  65.245 0.0000000000
56819  35.305  -34.304  68.012 0.0000000000
56883  41.093  -34.736  61.877 0.0000000000
56898  40.674  -34.249  60.738 0.0000000000
56937  32.231  -35.312  55.996 0.0000000000
57843  40.287  -33.650  59.557 0.0000000000
59588  40.942  -32.795  61.380 0.0000000000
59605  40.334  -32.470  59.684 0.0000000000
60515  39.098  -32.025  59.227 0.0000000000
60530  37.731  -32.024  58.603 0.0000000000
63858  46.502  -27.592  49.995 0.0000000000
64947  42.910  -27.269  49.868 0.0000000000
123530  33.560  -36.714  62.175 0.0000000000
124047  30.944  -38.781  61.297 0.0000000000
124071  33.473  -36.114  64.398 0.0000000000
124204  30.378  -34.194  67.702 0.0000000000
125952  36.250  -36.446  63.026 0.0000000000
126252  40.718  -32.387  61.209 0.0000000000
128035  33.824  -36.894  63.267 0.0000000000
129293  28.179  -36.968  63.329 0.0000000000
136703  35.750  -37.476  60.496 0.0000000000
141673  32.968  -36.394  64.166 0.0000000000
141823  33.768  -35.143  65.534 0.0000000000
143085  38.123  -23.890  56.061 0.0000000000
144080  26.639  -39.184  62.295 0.0000000000
144376  35.249  -36.603  63.393 0.0000000000
145258  37.987  -37.331  59.372 0.0000000000
145331  33.918  -36.733  60.162 0.0000000000
145632  37.161  -24.804  57.192 0.0000000000
146354  32.397  -37.097  62.357 0.0000000000
