#!ascii label  , from subject sub-fsm21em vox2ras=TkReg
559
70316  20.274  -21.948  -9.832 0.0000000000
75565  28.555  -17.012  -15.189 0.0000000000
79058  27.630  -11.964  -21.714 0.0000000000
78989  25.578  -12.429  -15.718 0.0000000000
65598  23.395  -26.926  -9.150 0.0000000000
69432  27.176  -23.315  -10.247 0.0000000000
73009  23.596  -19.606  -13.149 0.0000000000
77187  21.832  -14.763  -13.680 0.0000000000
77234  28.173  -14.496  -17.700 0.0000000000
125663  29.505  -8.942  -19.144 0.0000000000
83292  25.162  -7.523  -22.028 0.0000000000
68449  22.132  -24.170  -10.411 0.0000000000
67534  25.388  -25.324  -10.373 0.0000000000
69446  23.439  -23.398  -11.624 0.0000000000
77166  19.585  -14.259  -11.298 0.0000000000
131148  20.183  -12.150  -12.556 0.0000000000
132260  27.130  -12.994  -18.434 0.0000000000
131104  26.943  -13.831  -17.108 0.0000000000
136256  28.408  -13.046  -20.050 0.0000000000
79933  29.056  -11.689  -18.549 0.0000000000
80770  28.653  -10.906  -21.164 0.0000000000
85958  24.578  -4.720  -18.136 0.0000000000
84193  26.070  -7.136  -19.147 0.0000000000
144421  22.917  -6.278  -21.027 0.0000000000
73924  26.071  -18.300  -14.442 0.0000000000
72119  26.905  -19.938  -13.468 0.0000000000
73907  29.040  -17.994  -13.342 0.0000000000
122210  26.980  -10.788  -19.994 0.0000000000
78050  29.748  -13.722  -13.853 0.0000000000
73866  18.685  -18.252  -9.372 0.0000000000
71256  22.070  -20.924  -11.800 0.0000000000
74727  20.318  -17.335  -11.546 0.0000000000
135173  22.512  -17.218  -13.306 0.0000000000
75581  26.632  -16.705  -15.612 0.0000000000
78991  23.326  -12.757  -15.087 0.0000000000
76413  26.642  -15.363  -16.191 0.0000000000
76410  28.635  -15.499  -16.459 0.0000000000
137457  29.549  -12.181  -15.481 0.0000000000
138411  26.804  -9.052  -20.241 0.0000000000
121954  26.519  -10.199  -23.038 0.0000000000
85097  24.693  -5.377  -24.059 0.0000000000
83316  26.642  -8.086  -25.263 0.0000000000
122255  27.813  -9.792  -23.773 0.0000000000
82409  29.260  -7.773  -22.370 0.0000000000
70353  24.763  -22.424  -12.581 0.0000000000
72065  18.940  -20.891  -8.960 0.0000000000
70317  19.411  -22.464  -9.155 0.0000000000
69435  21.063  -22.625  -10.223 0.0000000000
69433  22.407  -23.735  -10.823 0.0000000000
70334  21.568  -22.246  -10.872 0.0000000000
79035  27.259  -12.610  -20.205 0.0000000000
78131  27.838  -13.261  -20.163 0.0000000000
79052  28.204  -12.341  -21.120 0.0000000000
79942  28.730  -11.826  -20.168 0.0000000000
79961  28.291  -11.628  -21.656 0.0000000000
85959  23.753  -4.266  -18.740 0.0000000000
85066  23.659  -5.637  -19.702 0.0000000000
85967  22.432  -4.325  -19.986 0.0000000000
74760  27.776  -17.620  -15.084 0.0000000000
73909  27.665  -18.494  -14.239 0.0000000000
74747  29.078  -17.384  -13.853 0.0000000000
80755  27.125  -11.303  -18.927 0.0000000000
121964  27.183  -10.186  -18.901 0.0000000000
66542  22.037  -26.101  -9.208 0.0000000000
65580  22.612  -27.651  -8.405 0.0000000000
123131  24.646  -27.671  -8.338 0.0000000000
65577  24.722  -27.078  -8.963 0.0000000000
139587  26.087  -24.639  -10.477 0.0000000000
68415  26.754  -24.805  -8.846 0.0000000000
73876  19.396  -17.918  -10.372 0.0000000000
75520  18.946  -16.350  -10.274 0.0000000000
77176  20.584  -14.699  -12.430 0.0000000000
75555  20.676  -16.252  -12.214 0.0000000000
76377  22.054  -16.161  -13.375 0.0000000000
75566  24.381  -16.976  -14.529 0.0000000000
75567  23.966  -16.300  -14.658 0.0000000000
79887  22.421  -12.058  -14.687 0.0000000000
79903  23.924  -12.445  -15.291 0.0000000000
77235  27.879  -14.432  -17.869 0.0000000000
77225  26.394  -14.657  -16.107 0.0000000000
76423  27.654  -15.217  -17.038 0.0000000000
76412  27.480  -15.976  -16.448 0.0000000000
77223  28.385  -15.016  -17.067 0.0000000000
78070  29.359  -13.678  -15.660 0.0000000000
78085  29.146  -13.589  -16.584 0.0000000000
125740  29.353  -10.030  -18.367 0.0000000000
80730  29.467  -10.719  -17.080 0.0000000000
83288  25.371  -7.382  -21.168 0.0000000000
83280  26.282  -7.747  -19.886 0.0000000000
146780  26.244  -8.344  -21.169 0.0000000000
138419  26.381  -9.685  -21.628 0.0000000000
122188  26.000  -8.752  -22.740 0.0000000000
121944  27.461  -9.290  -24.677 0.0000000000
122206  28.271  -8.506  -25.046 0.0000000000
82410  28.645  -8.598  -22.915 0.0000000000
72995  22.199  -19.640  -12.392 0.0000000000
71255  22.737  -21.247  -12.099 0.0000000000
71266  24.340  -20.984  -12.993 0.0000000000
72982  28.659  -19.656  -11.852 0.0000000000
72100  27.719  -20.917  -12.023 0.0000000000
67527  20.960  -24.900  -9.049 0.0000000000
67525  22.468  -25.572  -9.880 0.0000000000
66539  24.123  -26.173  -10.011 0.0000000000
125344  23.040  -25.079  -10.636 0.0000000000
68446  24.212  -24.623  -11.250 0.0000000000
68459  25.213  -24.096  -11.600 0.0000000000
78948  18.938  -12.868  -10.549 0.0000000000
78964  19.744  -12.786  -11.849 0.0000000000
131149  21.311  -13.320  -13.656 0.0000000000
130014  26.910  -12.704  -17.341 0.0000000000
78997  25.946  -13.153  -15.952 0.0000000000
79006  27.156  -13.442  -17.639 0.0000000000
78115  27.703  -13.955  -18.657 0.0000000000
78114  28.236  -13.849  -18.882 0.0000000000
79005  29.070  -12.439  -17.649 0.0000000000
79033  28.811  -12.328  -19.147 0.0000000000
80762  28.948  -11.003  -19.776 0.0000000000
81537  29.266  -9.264  -19.936 0.0000000000
85042  25.969  -5.631  -16.887 0.0000000000
85056  24.960  -5.597  -18.306 0.0000000000
84195  24.210  -6.289  -20.113 0.0000000000
84208  24.463  -6.993  -21.621 0.0000000000
73020  24.896  -18.929  -13.799 0.0000000000
72121  25.390  -20.350  -13.458 0.0000000000
73006  26.571  -19.346  -13.911 0.0000000000
73004  28.022  -18.939  -13.574 0.0000000000
79901  25.717  -11.843  -15.698 0.0000000000
129744  27.053  -11.923  -17.892 0.0000000000
79934  27.057  -12.243  -19.091 0.0000000000
79952  26.837  -11.831  -21.262 0.0000000000
67506  26.013  -25.963  -9.021 0.0000000000
77197  29.518  -15.308  -14.167 0.0000000000
75537  29.473  -16.700  -13.384 0.0000000000
72088  19.741  -20.364  -9.959 0.0000000000
72087  20.401  -20.598  -10.442 0.0000000000
72969  20.226  -19.665  -10.593 0.0000000000
123830  20.866  -18.846  -11.723 0.0000000000
72996  21.942  -18.756  -12.578 0.0000000000
76354  20.031  -15.979  -11.410 0.0000000000
74739  21.139  -17.433  -12.364 0.0000000000
73911  22.595  -18.469  -13.038 0.0000000000
73925  24.702  -18.300  -14.120 0.0000000000
73935  26.491  -17.687  -14.864 0.0000000000
74775  27.539  -17.271  -15.457 0.0000000000
78983  21.838  -12.722  -14.264 0.0000000000
135671  23.009  -13.993  -14.703 0.0000000000
147220  25.897  -13.669  -15.894 0.0000000000
78071  24.742  -14.118  -15.491 0.0000000000
77210  24.685  -15.033  -15.397 0.0000000000
75594  26.413  -16.018  -15.819 0.0000000000
146995  27.513  -16.551  -16.081 0.0000000000
75578  28.632  -16.485  -15.659 0.0000000000
77209  29.299  -14.671  -15.425 0.0000000000
78060  29.543  -13.698  -14.719 0.0000000000
79913  29.389  -11.641  -16.696 0.0000000000
138473  26.964  -9.880  -20.084 0.0000000000
121959  26.550  -10.523  -21.589 0.0000000000
79969  27.097  -11.322  -22.358 0.0000000000
84210  23.010  -5.788  -22.424 0.0000000000
125083  24.551  -6.608  -23.423 0.0000000000
83310  25.553  -6.820  -24.548 0.0000000000
83303  25.766  -8.189  -23.365 0.0000000000
138474  26.584  -9.230  -24.167 0.0000000000
121943  27.246  -10.169  -23.790 0.0000000000
79972  27.808  -11.167  -22.523 0.0000000000
81552  28.530  -9.668  -22.323 0.0000000000
81551  28.887  -9.228  -21.330 0.0000000000
83286  29.814  -7.785  -20.565 0.0000000000
71242  22.567  -21.793  -11.770 0.0000000000
69452  24.360  -22.959  -12.252 0.0000000000
70343  25.669  -23.082  -12.109 0.0000000000
72109  26.475  -20.788  -13.114 0.0000000000
71241  27.376  -21.740  -11.692 0.0000000000
122628  19.525  -21.621  -9.396 0.0000000000
71203  18.917  -21.841  -8.964 0.0000000000
145430  19.854  -22.171  -9.497 0.0000000000
69421  20.224  -22.654  -9.595 0.0000000000
79054  27.231  -12.188  -21.416 0.0000000000
78135  27.724  -12.935  -20.724 0.0000000000
79053  27.741  -12.502  -21.182 0.0000000000
79967  27.918  -11.659  -22.053 0.0000000000
85960  23.034  -4.021  -19.244 0.0000000000
74759  28.236  -17.538  -14.954 0.0000000000
73921  27.994  -17.974  -14.616 0.0000000000
74758  28.676  -17.349  -14.569 0.0000000000
66541  22.777  -26.364  -9.388 0.0000000000
66525  22.329  -26.832  -8.749 0.0000000000
65599  22.886  -27.067  -8.852 0.0000000000
65579  23.310  -27.599  -8.676 0.0000000000
65578  23.996  -27.419  -8.879 0.0000000000
123139  25.234  -27.186  -8.375 0.0000000000
65597  24.065  -26.781  -9.430 0.0000000000
69418  26.822  -24.009  -9.969 0.0000000000
128165  27.383  -23.466  -9.403 0.0000000000
70315  27.723  -22.798  -9.709 0.0000000000
136218  18.628  -16.416  -9.970 0.0000000000
76339  18.346  -15.459  -9.737 0.0000000000
77188  21.189  -14.799  -13.042 0.0000000000
76378  21.620  -15.528  -13.222 0.0000000000
76390  22.462  -15.525  -13.906 0.0000000000
144044  23.284  -15.801  -14.425 0.0000000000
78990  24.832  -12.647  -15.542 0.0000000000
77236  27.320  -14.778  -17.167 0.0000000000
76422  27.997  -14.968  -17.304 0.0000000000
77233  28.666  -14.268  -17.281 0.0000000000
140341  29.478  -9.371  -18.618 0.0000000000
81519  29.657  -9.263  -17.943 0.0000000000
83287  26.042  -7.799  -20.787 0.0000000000
121960  25.884  -7.948  -21.587 0.0000000000
138569  26.181  -8.743  -21.721 0.0000000000
82411  25.819  -8.252  -22.278 0.0000000000
82426  27.898  -8.642  -25.406 0.0000000000
122361  28.531  -8.101  -25.637 0.0000000000
121942  28.853  -7.654  -24.869 0.0000000000
72123  22.955  -20.102  -12.629 0.0000000000
71267  23.674  -20.607  -12.872 0.0000000000
72122  24.272  -20.192  -13.274 0.0000000000
72981  29.260  -19.194  -11.303 0.0000000000
72968  28.942  -19.954  -10.996 0.0000000000
68432  21.433  -24.333  -9.810 0.0000000000
68433  20.406  -24.109  -9.234 0.0000000000
67526  21.758  -25.267  -9.559 0.0000000000
67537  22.256  -24.837  -10.241 0.0000000000
68462  23.060  -23.925  -11.237 0.0000000000
68461  23.748  -24.084  -11.443 0.0000000000
68460  24.547  -24.029  -11.674 0.0000000000
69445  24.065  -23.494  -11.881 0.0000000000
79869  19.724  -12.031  -12.016 0.0000000000
78954  19.449  -12.578  -11.363 0.0000000000
78963  20.105  -13.056  -12.265 0.0000000000
78975  20.631  -12.934  -13.013 0.0000000000
78124  28.091  -13.487  -19.657 0.0000000000
78125  27.793  -13.608  -19.408 0.0000000000
77242  27.969  -14.035  -18.907 0.0000000000
79022  28.523  -13.101  -19.286 0.0000000000
79034  28.657  -12.488  -19.807 0.0000000000
80763  28.778  -11.202  -20.484 0.0000000000
80769  28.947  -10.290  -20.324 0.0000000000
85949  25.199  -4.204  -17.514 0.0000000000
145832  25.673  -4.847  -16.987 0.0000000000
85051  25.337  -5.198  -17.542 0.0000000000
84178  25.751  -6.004  -17.734 0.0000000000
85076  23.163  -6.086  -20.499 0.0000000000
84202  23.668  -6.561  -21.080 0.0000000000
73019  25.628  -18.953  -14.026 0.0000000000
73018  26.345  -18.827  -14.233 0.0000000000
73908  28.315  -18.287  -13.905 0.0000000000
73898  28.672  -18.635  -13.092 0.0000000000
72992  28.930  -18.897  -12.194 0.0000000000
79900  26.411  -11.575  -16.176 0.0000000000
122419  26.751  -11.998  -16.936 0.0000000000
133060  27.001  -11.686  -19.947 0.0000000000
79943  26.924  -12.051  -20.597 0.0000000000
133472  26.739  -11.208  -20.994 0.0000000000
67524  24.758  -25.835  -10.200 0.0000000000
67523  25.475  -25.961  -9.636 0.0000000000
68408  26.950  -24.984  -7.990 0.0000000000
72951  18.625  -19.128  -9.066 0.0000000000
122892  19.385  -19.498  -9.838 0.0000000000
72970  19.201  -18.513  -9.825 0.0000000000
74728  19.705  -17.393  -10.930 0.0000000000
73888  19.887  -18.165  -10.889 0.0000000000
73887  20.388  -18.094  -11.461 0.0000000000
146456  20.844  -18.327  -11.843 0.0000000000
134665  20.857  -17.867  -11.995 0.0000000000
77167  19.337  -14.812  -10.836 0.0000000000
76356  19.025  -15.319  -10.447 0.0000000000
76366  19.767  -15.098  -11.351 0.0000000000
75553  22.000  -16.790  -13.117 0.0000000000
75554  21.298  -16.874  -12.592 0.0000000000
74750  21.874  -17.499  -12.846 0.0000000000
73912  22.093  -18.131  -12.837 0.0000000000
74749  22.637  -17.812  -13.240 0.0000000000
73926  23.801  -18.137  -13.810 0.0000000000
147439  23.285  -17.780  -13.610 0.0000000000
74778  25.265  -17.085  -14.864 0.0000000000
74777  26.136  -17.184  -15.179 0.0000000000
74776  26.916  -17.220  -15.340 0.0000000000
78061  22.609  -13.077  -14.688 0.0000000000
78073  23.176  -13.325  -14.925 0.0000000000
78087  26.448  -13.868  -16.318 0.0000000000
77224  26.842  -14.947  -16.666 0.0000000000
77226  25.532  -14.769  -15.676 0.0000000000
76414  26.036  -15.341  -15.766 0.0000000000
76401  25.585  -15.930  -15.481 0.0000000000
76411  28.036  -15.705  -16.732 0.0000000000
75593  27.051  -16.343  -16.006 0.0000000000
75592  27.904  -16.448  -16.243 0.0000000000
75579  28.173  -16.815  -15.850 0.0000000000
75591  28.365  -16.228  -16.208 0.0000000000
76400  28.998  -15.724  -15.736 0.0000000000
78988  29.391  -12.820  -15.901 0.0000000000
78982  29.574  -12.721  -14.959 0.0000000000
128351  29.070  -12.030  -18.099 0.0000000000
79926  29.222  -11.542  -17.677 0.0000000000
138439  26.301  -6.764  -18.024 0.0000000000
138568  26.477  -8.360  -20.461 0.0000000000
122277  26.753  -8.349  -19.457 0.0000000000
138566  27.085  -9.233  -19.321 0.0000000000
138376  26.261  -9.695  -22.172 0.0000000000
122134  26.362  -10.137  -22.121 0.0000000000
122184  26.576  -10.767  -22.032 0.0000000000
121946  26.706  -10.536  -22.987 0.0000000000
85091  23.215  -5.294  -22.911 0.0000000000
84218  24.237  -5.839  -23.735 0.0000000000
84214  23.666  -6.058  -23.121 0.0000000000
126792  26.739  -7.322  -25.714 0.0000000000
84231  26.315  -6.333  -25.785 0.0000000000
84221  26.091  -7.081  -25.162 0.0000000000
129237  25.330  -7.187  -23.774 0.0000000000
83309  25.946  -7.842  -24.412 0.0000000000
83302  26.179  -8.591  -23.975 0.0000000000
82428  26.492  -8.602  -24.632 0.0000000000
123429  27.936  -9.083  -24.691 0.0000000000
121948  27.237  -9.794  -24.278 0.0000000000
80787  27.561  -10.591  -23.078 0.0000000000
80783  28.098  -10.521  -22.837 0.0000000000
81557  28.255  -9.514  -23.252 0.0000000000
82404  28.867  -8.608  -22.029 0.0000000000
131592  29.306  -8.178  -21.369 0.0000000000
72101  21.102  -20.409  -11.252 0.0000000000
71243  21.718  -21.567  -11.318 0.0000000000
71253  24.541  -21.719  -12.770 0.0000000000
126490  24.100  -22.257  -12.417 0.0000000000
69451  24.977  -23.065  -12.354 0.0000000000
70352  25.493  -22.446  -12.562 0.0000000000
72120  26.131  -20.167  -13.558 0.0000000000
71264  25.669  -21.006  -13.195 0.0000000000
71240  28.118  -21.248  -11.228 0.0000000000
71227  27.814  -21.986  -10.877 0.0000000000
69420  20.781  -23.436  -9.737 0.0000000000
137999  21.628  -23.573  -10.335 0.0000000000
69434  21.933  -23.010  -10.851 0.0000000000
69447  22.718  -23.226  -11.300 0.0000000000
129889  27.229  -12.867  -19.418 0.0000000000
78126  27.517  -13.175  -19.802 0.0000000000
78130  28.086  -12.995  -20.558 0.0000000000
79044  28.470  -12.514  -20.492 0.0000000000
79951  28.553  -11.805  -20.890 0.0000000000
85950  24.278  -3.742  -18.157 0.0000000000
85057  24.137  -5.165  -18.899 0.0000000000
85966  23.275  -4.807  -19.432 0.0000000000
85067  22.708  -5.352  -20.196 0.0000000000
73922  27.434  -18.057  -14.674 0.0000000000
73017  27.022  -18.673  -14.335 0.0000000000
74748  28.528  -17.757  -14.261 0.0000000000
121961  27.065  -10.799  -17.745 0.0000000000
67507  21.344  -25.733  -8.822 0.0000000000
66517  20.918  -26.221  -8.128 0.0000000000
66526  21.645  -26.549  -8.523 0.0000000000
65581  21.885  -27.311  -8.204 0.0000000000
64499  24.625  -28.435  -7.631 0.0000000000
143727  25.412  -27.593  -7.612 0.0000000000
67522  26.164  -25.317  -9.555 0.0000000000
68431  26.599  -24.605  -9.609 0.0000000000
74707  18.570  -17.372  -9.528 0.0000000000
73877  19.068  -17.783  -9.878 0.0000000000
74716  19.008  -17.041  -10.144 0.0000000000
75528  19.374  -16.581  -10.647 0.0000000000
77177  20.069  -14.501  -11.803 0.0000000000
76365  20.333  -15.357  -11.934 0.0000000000
76379  20.933  -15.505  -12.597 0.0000000000
134186  21.428  -16.212  -12.819 0.0000000000
74765  23.143  -17.305  -13.648 0.0000000000
136016  23.645  -16.934  -14.137 0.0000000000
75583  25.001  -16.423  -15.003 0.0000000000
123512  24.310  -13.166  -15.388 0.0000000000
78101  27.462  -14.068  -17.672 0.0000000000
78086  26.894  -14.396  -16.897 0.0000000000
76424  27.116  -15.396  -16.674 0.0000000000
138315  26.941  -15.833  -16.229 0.0000000000
137391  29.007  -15.144  -16.030 0.0000000000
77222  28.998  -14.603  -16.409 0.0000000000
80742  29.274  -10.798  -18.009 0.0000000000
127664  29.548  -9.926  -17.489 0.0000000000
83281  25.660  -7.225  -20.230 0.0000000000
138353  26.446  -8.978  -21.046 0.0000000000
121956  26.163  -9.159  -22.214 0.0000000000
123168  26.290  -9.669  -22.751 0.0000000000
83315  27.515  -8.038  -25.934 0.0000000000
82427  27.139  -8.924  -25.033 0.0000000000
121941  28.326  -8.649  -24.046 0.0000000000
83295  29.004  -7.714  -23.554 0.0000000000
72112  21.742  -20.036  -11.948 0.0000000000
72110  23.148  -21.017  -12.471 0.0000000000
71254  23.852  -21.464  -12.628 0.0000000000
72107  28.084  -20.131  -12.390 0.0000000000
72108  27.313  -20.486  -12.812 0.0000000000
72099  28.408  -20.466  -11.549 0.0000000000
67508  20.527  -25.434  -8.334 0.0000000000
66540  23.472  -26.293  -9.721 0.0000000000
66553  23.041  -25.761  -9.984 0.0000000000
66552  23.571  -25.658  -10.309 0.0000000000
67535  24.570  -25.215  -10.787 0.0000000000
135006  23.251  -24.412  -11.081 0.0000000000
68447  23.602  -24.616  -11.094 0.0000000000
68445  25.117  -24.689  -11.197 0.0000000000
68458  25.707  -24.236  -11.235 0.0000000000
69419  26.437  -23.755  -10.887 0.0000000000
78034  19.238  -13.990  -10.836 0.0000000000
131002  19.199  -13.148  -10.867 0.0000000000
78033  19.482  -13.397  -11.298 0.0000000000
78043  20.331  -13.825  -12.340 0.0000000000
78055  20.865  -13.989  -13.011 0.0000000000
78054  21.408  -14.158  -13.521 0.0000000000
78996  26.689  -13.266  -16.788 0.0000000000
78116  27.407  -13.507  -19.081 0.0000000000
143979  27.407  -13.660  -18.356 0.0000000000
140463  28.088  -14.205  -18.378 0.0000000000
78100  28.394  -14.029  -18.099 0.0000000000
78113  28.666  -13.304  -18.374 0.0000000000
79021  28.883  -12.495  -18.527 0.0000000000
79941  28.895  -11.723  -19.411 0.0000000000
131580  29.126  -10.882  -18.911 0.0000000000
81528  29.211  -9.964  -19.291 0.0000000000
84186  25.518  -6.330  -18.669 0.0000000000
85065  24.604  -5.959  -19.192 0.0000000000
84194  25.213  -6.573  -19.689 0.0000000000
84201  24.822  -6.821  -20.655 0.0000000000
73008  24.371  -19.455  -13.480 0.0000000000
130319  25.031  -19.707  -13.599 0.0000000000
73007  25.848  -19.542  -13.819 0.0000000000
73005  27.300  -19.162  -13.843 0.0000000000
72994  27.680  -19.672  -13.177 0.0000000000
72993  28.368  -19.329  -12.746 0.0000000000
79914  26.419  -12.467  -16.278 0.0000000000
141135  27.115  -12.309  -19.862 0.0000000000
79045  27.042  -12.371  -20.932 0.0000000000
147492  26.986  -12.049  -21.359 0.0000000000
66538  24.791  -26.457  -9.559 0.0000000000
66524  25.491  -26.569  -8.859 0.0000000000
67505  26.471  -25.500  -8.569 0.0000000000
140744  29.145  -16.172  -14.892 0.0000000000
75550  29.108  -16.848  -14.344 0.0000000000
133374  29.479  -16.056  -13.851 0.0000000000
72076  19.289  -20.301  -9.434 0.0000000000
71229  20.057  -21.140  -9.890 0.0000000000
71228  20.896  -21.498  -10.527 0.0000000000
140608  20.730  -19.441  -11.323 0.0000000000
124868  19.723  -18.742  -10.439 0.0000000000
72983  20.327  -18.796  -11.077 0.0000000000
136737  21.183  -19.570  -11.707 0.0000000000
72113  21.501  -19.224  -12.117 0.0000000000
73010  22.730  -19.217  -12.843 0.0000000000
143474  18.625  -15.104  -10.124 0.0000000000
76346  19.181  -15.960  -10.504 0.0000000000
75527  19.877  -16.690  -11.201 0.0000000000
75541  20.397  -16.739  -11.736 0.0000000000
74740  20.671  -17.270  -11.988 0.0000000000
73899  21.500  -18.051  -12.483 0.0000000000
73910  23.286  -18.728  -13.300 0.0000000000
73021  24.102  -18.842  -13.581 0.0000000000
131255  25.393  -18.455  -14.225 0.0000000000
74763  24.566  -17.634  -14.382 0.0000000000
74762  25.545  -17.791  -14.603 0.0000000000
74761  27.204  -17.641  -15.010 0.0000000000
74774  28.025  -17.289  -15.509 0.0000000000
79877  20.474  -11.296  -13.158 0.0000000000
78974  21.213  -12.324  -13.738 0.0000000000
78062  22.013  -13.813  -14.178 0.0000000000
77199  22.471  -14.633  -14.245 0.0000000000
78088  25.261  -13.485  -15.669 0.0000000000
143617  25.754  -14.097  -15.824 0.0000000000
77211  23.893  -14.550  -15.070 0.0000000000
77198  23.165  -15.015  -14.601 0.0000000000
76402  24.768  -15.756  -15.186 0.0000000000
75582  25.852  -16.577  -15.388 0.0000000000
142912  27.769  -16.919  -15.848 0.0000000000
146707  29.342  -15.297  -14.946 0.0000000000
137696  29.544  -14.530  -14.445 0.0000000000
78099  28.891  -13.423  -17.475 0.0000000000
78995  29.240  -12.666  -16.721 0.0000000000
79899  29.616  -11.435  -15.612 0.0000000000
145352  26.507  -7.725  -19.205 0.0000000000
122013  26.641  -9.610  -20.839 0.0000000000
138588  26.692  -10.319  -20.925 0.0000000000
122169  26.751  -11.282  -21.640 0.0000000000
79059  27.289  -11.734  -21.850 0.0000000000
85077  22.084  -4.855  -20.849 0.0000000000
85084  22.424  -5.537  -21.946 0.0000000000
85092  22.657  -5.231  -22.489 0.0000000000
84203  22.900  -6.171  -21.610 0.0000000000
84209  23.595  -6.474  -22.129 0.0000000000
84213  24.382  -6.900  -22.555 0.0000000000
83296  25.243  -7.561  -22.845 0.0000000000
84217  24.939  -6.103  -24.235 0.0000000000
122090  26.191  -9.012  -23.378 0.0000000000
138393  26.433  -9.574  -23.498 0.0000000000
121949  27.026  -9.615  -24.415 0.0000000000
127620  26.938  -10.094  -24.000 0.0000000000
121947  26.817  -10.286  -23.516 0.0000000000
79974  27.067  -10.767  -23.068 0.0000000000
79973  27.420  -11.089  -22.636 0.0000000000
79968  27.548  -11.509  -22.197 0.0000000000
132864  28.117  -11.248  -22.278 0.0000000000
80777  28.425  -10.793  -22.039 0.0000000000
141892  28.654  -10.179  -21.584 0.0000000000
81544  28.805  -10.039  -20.994 0.0000000000
138047  29.027  -9.493  -20.616 0.0000000000
132231  29.316  -8.657  -20.568 0.0000000000
82395  29.660  -8.365  -19.774 0.0000000000
83291  29.773  -7.504  -21.533 0.0000000000
83279  30.285  -7.733  -19.641 0.0000000000
70345  22.275  -22.429  -11.332 0.0000000000
70344  23.054  -22.620  -11.724 0.0000000000
70355  23.329  -21.921  -12.189 0.0000000000
70354  23.750  -22.819  -12.042 0.0000000000
146846  24.575  -23.448  -12.040 0.0000000000
69443  25.736  -23.685  -11.615 0.0000000000
70333  26.962  -23.086  -10.921 0.0000000000
132975  24.784  -20.499  -13.305 0.0000000000
71265  24.976  -21.103  -13.128 0.0000000000
71251  26.031  -21.675  -12.823 0.0000000000
71250  26.897  -21.344  -12.462 0.0000000000
70351  26.448  -22.327  -12.160 0.0000000000
70341  27.127  -22.511  -11.316 0.0000000000
70332  27.514  -22.655  -10.525 0.0000000000
74736  29.477  -17.303  -12.885 0.0000000000
66551  24.147  -25.597  -10.479 0.0000000000
67536  23.821  -25.120  -10.828 0.0000000000
68448  22.718  -24.381  -10.789 0.0000000000
69444  25.096  -23.619  -11.982 0.0000000000
70342  26.419  -23.108  -11.551 0.0000000000
71252  25.226  -21.789  -12.903 0.0000000000
72111  22.474  -20.504  -12.218 0.0000000000
72959  18.924  -19.034  -9.404 0.0000000000
72997  21.236  -18.514  -12.148 0.0000000000
73923  26.798  -18.175  -14.615 0.0000000000
73927  23.096  -18.176  -13.390 0.0000000000
74764  23.786  -17.485  -14.056 0.0000000000
75509  18.284  -16.218  -9.589 0.0000000000
75540  20.786  -16.929  -12.206 0.0000000000
75580  27.264  -16.857  -15.752 0.0000000000
76338  18.645  -15.833  -10.112 0.0000000000
76355  19.487  -15.561  -10.871 0.0000000000
76415  25.347  -15.379  -15.521 0.0000000000
77161  18.942  -14.580  -10.440 0.0000000000
78044  19.846  -13.647  -11.770 0.0000000000
78072  23.754  -13.633  -15.122 0.0000000000
78132  27.489  -12.855  -20.500 0.0000000000
79057  28.009  -12.040  -21.608 0.0000000000
79962  26.986  -11.686  -21.714 0.0000000000
82417  25.715  -8.194  -22.753 0.0000000000
85085  22.008  -4.983  -21.655 0.0000000000
121953  26.503  -10.366  -22.570 0.0000000000
121955  26.511  -9.959  -23.346 0.0000000000
121958  26.827  -11.192  -22.076 0.0000000000
121963  26.637  -10.941  -21.591 0.0000000000
122655  26.773  -10.851  -22.549 0.0000000000
122781  26.708  -9.868  -23.891 0.0000000000
129809  19.591  -16.148  -10.896 0.0000000000
130841  19.486  -20.871  -9.482 0.0000000000
131150  20.699  -11.959  -13.285 0.0000000000
132397  22.894  -16.535  -13.801 0.0000000000
135545  22.412  -5.778  -21.064 0.0000000000
140750  27.426  -12.598  -20.980 0.0000000000
142177  18.500  -16.760  -9.670 0.0000000000
144045  27.518  -9.648  -24.278 0.0000000000
144535  23.952  -15.431  -14.945 0.0000000000
