#!ascii label  , from subject sub-fsm87qb vox2ras=TkReg
802
107996  -23.543  -30.080  11.330 0.4285714328
101405  -23.822  -28.766  10.617 0.2857142985
48808  -24.541  -28.670  11.064 0.4285714328
48809  -24.885  -28.024  10.912 0.4285714328
49631  -24.457  -27.667  10.324 0.2857142985
50544  -25.518  -26.669  10.418 0.4285714328
50558  -25.136  -26.300  9.626 0.4285714328
51452  -25.131  -25.348  8.432 0.4285714328
52300  -25.813  -24.907  8.878 0.4285714328
52327  -24.999  -24.358  7.303 0.5714285970
52317  -25.454  -24.688  8.039 0.5714285970
52318  -26.159  -24.267  8.473 0.4285714328
53165  -26.889  -23.898  8.860 0.2857142985
53181  -25.755  -23.959  7.701 0.7142857313
53182  -26.480  -23.588  8.145 0.7142857313
54103  -27.157  -22.236  7.571 0.7142857313
54088  -27.509  -22.587  8.208 0.4285714328
53197  -26.126  -23.259  7.385 0.7142857313
54087  -26.809  -22.906  7.859 0.5714285970
118145  -28.206  -21.316  7.803 0.5714285970
54102  -26.480  -22.536  7.183 0.5714285970
54998  -27.383  -21.631  7.332 0.5714285970
55013  -27.190  -21.185  6.817 0.5714285970
54999  -27.850  -21.082  7.385 0.5714285970
54997  -26.825  -21.855  6.980 0.5714285970
55837  -28.594  -20.837  7.778 0.4285714328
55867  -28.137  -19.873  6.715 0.5714285970
56654  -29.406  -19.199  7.290 0.5714285970
55865  -26.831  -20.604  6.108 0.7142857313
56669  -28.677  -19.231  6.755 0.7142857313
56670  -29.155  -18.655  6.786 0.7142857313
56668  -27.431  -19.868  6.100 0.5714285970
55881  -25.555  -20.731  5.164 0.5714285970
97851  -27.991  -19.206  6.112 0.8571428657
57511  -29.243  -18.041  6.468 0.7142857313
57495  -29.834  -18.350  7.177 0.5714285970
56683  -27.258  -19.187  5.258 0.7142857313
55889  -26.322  -19.516  4.666 0.5714285970
99251  -29.209  -17.355  5.887 0.7142857313
58322  -29.852  -17.528  6.651 0.5714285970
56684  -27.939  -18.614  5.516 0.7142857313
57525  -28.808  -17.910  5.993 0.7142857313
58323  -29.951  -16.830  6.173 0.5714285970
59182  -30.594  -16.458  6.455 0.5714285970
57524  -28.329  -17.799  5.275 0.7142857313
59195  -29.494  -16.538  5.481 0.7142857313
59196  -30.214  -16.142  5.777 0.7142857313
59194  -28.760  -16.917  5.079 0.7142857313
60119  -29.753  -15.831  5.159 0.7142857313
60134  -29.974  -15.162  4.898 0.7142857313
60120  -30.488  -15.431  5.426 0.5714285970
59210  -29.002  -16.213  4.833 0.7142857313
112430  -27.647  -17.637  4.441 0.5714285970
61033  -30.719  -14.635  5.090 0.5714285970
112414  -31.077  -13.906  5.117 0.5714285970
60132  -28.281  -15.926  4.271 0.8571428657
59209  -28.380  -16.538  4.517 0.8571428657
61839  -30.387  -13.861  4.814 0.7142857313
61046  -29.940  -14.516  4.698 0.7142857313
60133  -29.197  -15.537  4.689 0.8571428657
113002  -29.442  -14.982  4.627 0.7142857313
61838  -29.861  -13.117  4.866 0.8571428657
105909  -30.886  -13.083  5.152 0.5714285970
61854  -29.518  -13.894  4.586 0.8571428657
61853  -28.601  -14.167  4.373 0.8571428657
61045  -28.653  -15.073  4.377 0.8571428657
104774  -29.256  -14.537  4.531 0.8571428657
62567  -29.254  -12.320  4.974 0.8571428657
104306  -29.688  -11.577  5.401 0.8571428657
114744  -28.552  -10.638  5.334 0.8571428657
104314  -28.810  -13.202  4.558 0.8571428657
63284  -28.655  -11.453  5.083 0.8571428657
100694  -27.775  -10.811  4.728 1.0000000000
62566  -28.305  -12.304  4.604 0.8571428657
63283  -27.869  -11.629  4.537 1.0000000000
64040  -27.310  -9.935  4.642 1.0000000000
65578  -26.436  -8.407  4.037 0.7142857313
64041  -28.083  -10.004  5.326 1.0000000000
64828  -27.627  -9.220  5.174 1.0000000000
67892  -26.832  -6.026  3.821 1.0000000000
106463  -26.187  -6.241  3.044 0.8571428657
68688  -26.553  -4.978  2.884 0.8571428657
67901  -26.548  -5.584  3.206 1.0000000000
70131  -26.460  -2.905  1.644 0.8571428657
69418  -26.471  -3.580  2.001 0.8571428657
68698  -26.521  -4.282  2.444 1.0000000000
70866  -26.119  -1.694  0.793 0.8571428657
70139  -26.377  -2.267  1.267 0.8571428657
104522  -24.787  -2.225  2.057 0.5714285970
71657  -24.987  -0.990  0.523 0.7142857313
71658  -25.572  -1.131  0.432 0.5714285970
70848  -23.852  -1.165  3.308 0.5714285970
70849  -24.506  -1.295  2.332 0.5714285970
71640  -24.025  -0.314  3.099 0.4285714328
72425  -24.421  0.488  1.837 0.4285714328
73217  -23.865  0.791  4.456 0.2857142985
73210  -23.771  0.676  5.121 0.2857142985
72416  -23.405  0.339  4.854 0.2857142985
109893  -24.403  1.141  4.538 0.2857142985
104346  -24.306  -28.245  10.605 0.2857142985
55866  -27.612  -20.499  6.734 0.5714285970
62551  -30.202  -12.305  5.251 0.8571428657
103396  -29.350  -10.801  5.591 0.8571428657
73190  -25.553  1.409  6.394 0.1428571492
49630  -23.758  -28.130  10.073 0.2857142985
49643  -23.946  -27.443  9.551 0.2857142985
50543  -24.706  -26.957  10.010 0.2857142985
51421  -26.045  -25.942  10.151 0.4285714328
50557  -24.252  -26.672  9.032 0.2857142985
51439  -26.276  -25.212  9.601 0.4285714328
51451  -24.390  -25.648  8.133 0.5714285970
53196  -25.282  -23.544  6.870 0.2857142985
54116  -26.188  -22.126  6.529 0.5714285970
56642  -29.791  -19.861  7.898 0.4285714328
55012  -26.518  -21.430  6.373 0.7142857313
55851  -28.207  -20.443  7.208 0.7142857313
55852  -28.861  -19.979  7.386 0.5714285970
57510  -28.573  -18.487  6.162 0.7142857313
55882  -26.243  -20.365  5.258 0.5714285970
55883  -26.819  -19.916  5.490 0.5714285970
101230  -30.885  -15.767  6.123 0.5714285970
114608  -30.372  -17.054  6.740 0.5714285970
112890  -28.224  -13.617  4.321 1.0000000000
64025  -29.004  -10.041  5.794 1.0000000000
63282  -27.166  -11.394  4.041 1.0000000000
64827  -26.896  -9.160  4.439 0.8571428657
66377  -26.055  -7.681  3.449 0.7142857313
66364  -26.806  -7.575  4.270 1.0000000000
66365  -27.539  -7.420  4.999 1.0000000000
67114  -26.462  -6.874  3.656 0.7142857313
67115  -27.259  -6.713  4.514 1.0000000000
66376  -25.202  -7.758  2.740 0.7142857313
68689  -27.124  -4.347  3.317 1.0000000000
70865  -25.857  -2.216  1.036 0.7142857313
70864  -24.860  -1.146  1.333 0.7142857313
70844  -23.325  -1.131  4.042 0.4285714328
73218  -24.246  1.266  3.694 0.2857142985
72421  -24.134  0.621  2.935 0.4285714328
71670  -24.761  -0.494  0.289 0.4285714328
73227  -24.281  1.201  1.435 0.4285714328
73222  -24.269  1.497  2.619 0.4285714328
54101  -25.789  -22.803  6.699 0.4285714328
54115  -25.421  -22.251  6.043 0.4285714328
71646  -24.484  -0.312  2.115 0.7142857313
72420  -23.693  0.361  3.948 0.2857142985
47964  -23.270  -29.449  10.706 0.4285714328
48807  -23.043  -28.781  9.975 0.2857142985
48794  -25.285  -28.546  11.338 0.4285714328
50569  -24.156  -26.165  8.446 0.2857142985
51437  -24.762  -25.965  8.809 0.4285714328
51438  -25.504  -25.589  9.281 0.4285714328
52316  -24.691  -25.038  7.717 0.4285714328
55025  -26.112  -21.101  5.706 0.7142857313
97319  -27.496  -18.319  4.731 0.7142857313
57536  -28.079  -17.113  4.476 0.8571428657
61059  -27.993  -14.758  4.136 0.8571428657
115616  -26.640  -9.803  4.105 1.0000000000
70138  -26.028  -2.770  1.250 0.8571428657
70855  -25.188  -1.892  1.455 0.7142857313
110352  -25.422  -1.556  0.842 0.7142857313
109197  -23.181  -0.352  4.600 0.4285714328
73204  -23.586  0.541  5.834 0.2857142985
73205  -24.299  0.971  5.523 0.2857142985
73206  -25.288  1.302  5.598 0.1428571492
71656  -24.654  -0.443  1.080 0.5714285970
99236  -23.617  2.781  -0.149 0.2857142985
74783  -24.395  3.856  1.630 0.1428571492
107609  -24.113  1.896  1.091 0.2857142985
75460  -24.416  4.621  1.392 0.1428571492
73992  -24.509  2.215  3.116 0.1428571492
73997  -24.300  2.336  2.187 0.2857142985
73998  -24.853  3.011  2.724 0.1428571492
101193  -24.239  1.648  -1.252 0.2857142985
74001  -23.742  1.739  -0.094 0.2857142985
73252  -28.321  1.954  -0.445 0.2857142985
73250  -25.969  1.422  -0.775 0.2857142985
74781  -25.333  3.899  2.345 0.1428571492
72441  -26.149  0.184  -0.051 0.2857142985
73248  -23.988  1.028  -0.856 0.2857142985
72433  -29.747  0.275  1.290 0.1428571492
73236  -26.669  1.047  -0.196 0.2857142985
72451  -25.376  0.529  -0.585 0.2857142985
74780  -24.438  3.138  1.993 0.1428571492
73235  -24.450  0.334  -0.664 0.2857142985
73234  -24.077  0.733  -0.016 0.2857142985
70882  -31.305  -1.758  -0.369 0.1428571492
71674  -30.486  -0.134  0.973 0.1428571492
72443  -28.332  1.044  0.853 0.4285714328
72440  -25.069  -0.198  -0.330 0.2857142985
70850  -29.789  -1.711  3.463 0.2857142985
71660  -28.427  -0.112  1.824 0.4285714328
71673  -26.836  -0.120  0.615 0.2857142985
72430  -24.449  0.150  0.690 0.2857142985
69413  -31.176  -3.180  3.286 0.1428571492
71649  -29.758  -0.689  2.424 0.2857142985
71659  -27.449  -0.489  1.334 0.4285714328
70857  -28.547  -1.234  2.750 0.5714285970
70867  -27.051  -1.470  1.435 0.7142857313
107003  -30.837  -4.177  4.279 0.1428571492
69406  -30.676  -3.155  4.008 0.1428571492
112671  -28.951  -1.680  3.438 0.4285714328
67896  -31.196  -5.693  4.447 0.2857142985
68682  -30.238  -4.384  4.800 0.7142857313
70132  -27.186  -2.276  2.065 0.7142857313
67902  -27.146  -5.113  3.815 0.8571428657
69404  -28.965  -3.672  4.705 0.8571428657
70120  -27.587  -2.717  2.933 0.5714285970
67117  -31.383  -6.468  4.650 0.2857142985
67888  -31.116  -6.068  4.887 0.2857142985
70121  -28.449  -2.513  3.695 0.7142857313
107663  -25.075  -4.339  1.974 0.5714285970
102527  -27.825  -3.154  3.540 0.8571428657
66367  -31.796  -7.202  4.280 0.1428571492
68672  -29.274  -5.083  5.368 0.7142857313
65581  -31.851  -7.825  4.989 0.1428571492
62587  -25.092  -13.059  2.914 0.5714285970
64039  -26.872  -10.533  4.060 0.8571428657
63295  -26.220  -11.132  3.352 0.4285714328
64056  -26.109  -10.082  3.504 0.5714285970
66357  -29.071  -7.650  6.075 0.8571428657
67893  -27.537  -5.733  4.604 0.8571428657
65569  -31.278  -7.817  5.663 0.2857142985
67107  -29.521  -6.329  5.754 0.8571428657
67894  -28.411  -5.486  5.255 0.8571428657
69411  -27.686  -3.778  3.813 0.8571428657
65582  -32.123  -8.545  4.711 0.4285714328
66358  -29.876  -7.014  6.021 0.7142857313
67886  -29.891  -5.657  5.529 0.7142857313
62575  -26.638  -12.117  3.583 0.5714285970
110239  -25.705  -12.156  3.035 0.5714285970
65580  -27.986  -8.609  5.516 0.8571428657
66366  -28.083  -7.904  5.554 0.8571428657
109993  -28.293  -7.069  5.524 0.8571428657
118130  -27.736  -6.902  5.089 0.8571428657
106096  -31.006  -8.595  5.973 0.4285714328
65568  -30.296  -7.900  6.158 0.8571428657
64829  -32.059  -9.218  5.143 0.4285714328
103291  -25.954  -16.915  3.598 0.7142857313
112469  -25.587  -15.923  3.602 0.4285714328
59218  -26.950  -16.549  3.713 0.7142857313
110157  -26.942  -15.593  3.651 0.8571428657
61057  -26.494  -14.969  3.519 0.5714285970
61875  -25.323  -13.937  3.169 0.5714285970
61067  -24.773  -14.515  3.275 0.4285714328
106820  -26.938  -14.351  3.666 0.8571428657
61864  -26.232  -14.162  3.358 0.5714285970
99739  -26.144  -13.121  3.260 0.5714285970
61852  -27.784  -13.089  4.195 0.8571428657
102233  -27.009  -12.802  3.788 0.7142857313
63270  -30.299  -10.925  5.708 0.7142857313
64026  -30.013  -10.126  5.966 0.7142857313
64816  -29.646  -9.346  6.103 0.7142857313
65567  -29.400  -8.532  6.175 0.8571428657
64043  -32.341  -10.610  5.002 0.2857142985
64027  -31.063  -10.210  5.805 0.4285714328
64818  -31.433  -9.296  5.695 0.5714285970
56692  -26.726  -18.679  4.281 0.4285714328
57542  -26.315  -17.515  3.671 0.4285714328
58350  -25.411  -16.880  3.681 0.4285714328
59219  -27.354  -16.070  3.822 0.7142857313
60147  -27.747  -15.434  3.977 0.7142857313
108214  -30.471  -11.619  5.497 0.7142857313
64029  -31.958  -11.275  5.332 0.2857142985
63271  -31.164  -11.217  5.556 0.5714285970
57533  -25.299  -18.492  4.022 0.5714285970
57535  -26.972  -17.829  3.928 0.5714285970
58351  -26.593  -17.014  3.651 0.5714285970
111248  -31.643  -11.840  5.389 0.4285714328
55024  -25.431  -21.482  5.594 0.5714285970
58308  -30.554  -17.638  7.297 0.4285714328
59183  -31.257  -16.155  6.824 0.4285714328
61035  -32.259  -13.999  5.925 0.4285714328
60121  -31.222  -15.071  5.750 0.4285714328
61840  -31.689  -13.542  5.403 0.4285714328
52280  -26.904  -24.863  9.795 0.1428571492
60108  -31.598  -15.443  6.519 0.4285714328
61023  -31.935  -14.724  6.213 0.4285714328
113562  -27.813  -22.978  8.739 0.1428571492
54985  -29.283  -21.124  8.439 0.2857142985
58295  -31.765  -17.876  8.141 0.2857142985
59169  -33.466  -16.343  7.971 0.2857142985
58309  -32.143  -17.165  7.985 0.2857142985
56655  -30.167  -19.099  7.701 0.4285714328
60095  -32.895  -15.684  7.566 0.2857142985
59167  -31.670  -16.626  7.449 0.2857142985
116994  -31.099  -17.989  7.822 0.2857142985
60094  -32.009  -15.874  7.243 0.4285714328
52302  -27.411  -24.274  9.594 0.1428571492
53166  -27.638  -23.551  9.109 0.1428571492
52301  -26.559  -24.554  9.217 0.1428571492
54089  -28.287  -22.312  8.619 0.2857142985
54968  -28.944  -21.796  8.739 0.2857142985
55840  -30.856  -20.051  8.576 0.2857142985
56645  -31.891  -19.228  8.650 0.2857142985
56644  -31.137  -19.421  8.399 0.2857142985
103596  -30.315  -20.137  8.372 0.2857142985
57482  -31.336  -18.644  8.192 0.2857142985
101270  -28.117  -23.790  9.644 0.1428571492
54071  -30.464  -22.095  9.558 0.2857142985
53168  -29.286  -23.005  9.658 0.2857142985
54986  -29.992  -21.063  8.777 0.2857142985
55839  -30.522  -20.664  8.735 0.2857142985
49632  -25.179  -27.356  10.673 0.2857142985
51422  -26.846  -25.407  10.235 0.1428571492
52281  -27.513  -24.938  10.205 0.1428571492
47090  -24.547  -30.105  11.740 0.2857142985
47070  -23.784  -30.785  11.879 0.2857142985
47089  -22.913  -30.751  11.468 0.2857142985
102619  -26.228  -26.529  10.761 0.2857142985
46247  -23.106  -31.430  12.017 0.1428571492
54068  -28.425  -23.099  9.280 0.1428571492
54070  -29.702  -22.411  9.495 0.2857142985
102066  -32.243  -18.475  8.529 0.2857142985
56643  -30.506  -19.599  8.175 0.2857142985
101448  -30.927  -16.852  7.110 0.4285714328
61011  -33.290  -14.982  7.244 0.2857142985
107266  -26.681  -16.105  3.660 0.7142857313
60109  -32.389  -15.160  6.942 0.4285714328
61865  -26.969  -13.587  3.724 0.5714285970
61034  -31.493  -14.324  5.544 0.4285714328
63272  -32.310  -11.948  5.302 0.2857142985
64028  -31.679  -10.650  5.459 0.5714285970
106935  -25.906  -4.954  2.210 0.7142857313
64817  -30.618  -9.378  6.028 0.7142857313
68679  -27.873  -4.845  4.685 0.8571428657
70130  -25.491  -2.769  1.544 0.4285714328
104691  -26.989  -3.026  2.253 0.7142857313
64042  -31.848  -9.957  5.377 0.2857142985
68680  -28.634  -4.590  5.104 0.8571428657
67887  -30.701  -5.701  5.153 0.5714285970
70123  -30.232  -2.350  3.816 0.4285714328
70858  -29.382  -1.138  2.969 0.4285714328
47950  -24.923  -29.242  11.484 0.1428571492
49615  -25.639  -27.856  11.196 0.1428571492
53167  -28.837  -23.671  9.912 0.1428571492
53151  -29.645  -23.560  10.120 0.1428571492
54984  -28.518  -21.525  8.217 0.2857142985
57474  -32.817  -19.080  8.864 0.2857142985
55838  -29.288  -20.470  7.969 0.2857142985
58296  -32.639  -17.752  8.420 0.2857142985
57534  -25.973  -18.745  3.963 0.5714285970
60096  -33.811  -15.643  7.608 0.2857142985
61025  -33.698  -14.314  6.832 0.2857142985
104521  -26.173  -16.377  3.617 0.7142857313
60144  -24.483  -14.910  3.390 0.4285714328
60146  -26.070  -15.646  3.534 0.5714285970
98446  -24.263  -13.002  2.869 0.2857142985
61024  -32.769  -14.446  6.604 0.2857142985
117795  -24.824  -12.226  2.717 0.2857142985
61827  -33.166  -13.637  6.241 0.1428571492
62554  -32.697  -12.568  5.452 0.4285714328
62553  -31.814  -12.625  5.374 0.4285714328
63273  -33.104  -12.004  5.149 0.1428571492
69403  -28.227  -4.054  4.600 0.8571428657
65595  -32.268  -8.581  3.819 0.2857142985
65594  -32.093  -7.962  4.297 0.1428571492
66360  -31.451  -7.110  5.158 0.4285714328
102647  -31.853  -7.054  3.404 0.1428571492
69405  -29.946  -3.603  4.563 0.5714285970
67126  -31.569  -6.323  3.792 0.1428571492
111105  -31.127  -4.955  4.169 0.1428571492
69407  -31.146  -3.795  3.677 0.1428571492
70122  -29.454  -2.250  3.944 0.5714285970
68690  -31.275  -4.569  3.624 0.1428571492
70135  -31.124  -2.478  2.873 0.1428571492
72431  -27.892  0.374  1.191 0.2857142985
71661  -29.344  -0.113  1.915 0.2857142985
70859  -30.168  -1.289  2.884 0.2857142985
70869  -31.145  -1.513  1.681 0.1428571492
105858  -31.273  -1.321  0.876 0.1428571492
71675  -31.010  -0.698  0.534 0.1428571492
73237  -27.778  1.455  0.196 0.2857142985
73253  -29.209  1.590  -0.573 0.2857142985
72452  -29.757  1.056  -0.109 0.1428571492
107788  -30.370  0.447  -0.211 0.1428571492
48795  -26.190  -28.562  11.573 0.1428571492
59152  -33.079  -17.044  8.279 0.2857142985
98174  -32.867  -10.929  4.531 0.2857142985
71687  -30.926  -0.628  -1.250 0.1428571492
73264  -28.921  1.962  -1.031 0.2857142985
47949  -22.701  -30.112  10.901 0.2857142985
47965  -24.088  -29.357  11.200 0.2857142985
50526  -25.926  -27.118  11.031 0.1428571492
54983  -27.849  -21.817  7.873 0.4285714328
53183  -27.192  -23.263  8.490 0.1428571492
58343  -27.310  -17.100  3.977 0.5714285970
59208  -27.696  -16.538  4.084 0.7142857313
62565  -27.472  -12.203  4.131 0.8571428657
64815  -28.565  -9.182  5.820 0.8571428657
65579  -27.307  -8.329  4.868 0.8571428657
69429  -25.949  -3.373  1.512 0.5714285970
100461  -26.441  -0.978  0.708 0.5714285970
71671  -24.995  -0.725  0.001 0.2857142985
71672  -25.737  -0.593  0.149 0.2857142985
62552  -31.028  -12.116  5.412 0.4285714328
115139  -25.940  -21.699  6.039 0.5714285970
102266  -29.877  -20.544  8.383 0.2857142985
67116  -27.952  -6.371  5.171 0.8571428657
112728  -27.588  -4.399  4.094 0.8571428657
72439  -24.643  -0.091  -0.140 0.2857142985
111241  -23.826  2.846  1.091 0.2857142985
97289  -23.659  3.899  0.752 0.1428571492
115862  -24.155  2.592  1.660 0.2857142985
74005  -23.812  1.899  -1.007 0.2857142985
73251  -27.180  1.848  -0.433 0.2857142985
74009  -25.275  1.861  -1.268 0.2857142985
72442  -27.328  0.714  0.462 0.2857142985
73249  -24.673  0.987  -0.993 0.2857142985
72432  -28.856  0.513  1.436 0.2857142985
72444  -29.296  0.895  0.774 0.1428571492
72445  -30.113  0.463  0.508 0.1428571492
71681  -31.098  -0.795  -0.365 0.1428571492
71662  -30.150  -0.349  1.747 0.1428571492
98975  -30.728  0.003  -0.705 0.1428571492
73238  -28.814  1.442  0.203 0.1428571492
70860  -30.875  -1.723  2.519 0.1428571492
70856  -27.767  -1.520  2.289 0.5714285970
71648  -28.940  -0.579  2.452 0.4285714328
69420  -31.394  -3.200  2.482 0.1428571492
70868  -30.508  -1.011  2.152 0.2857142985
70133  -28.068  -1.937  2.928 0.7142857313
70113  -29.952  -2.796  4.234 0.5714285970
67895  -30.747  -4.969  4.703 0.5714285970
68681  -29.418  -4.309  5.032 0.7142857313
116318  -28.795  -4.110  4.956 0.7142857313
69412  -28.347  -3.321  4.169 0.7142857313
67109  -31.039  -6.439  5.246 0.5714285970
67885  -29.163  -5.746  5.561 0.8571428657
64055  -25.454  -10.396  2.891 0.4285714328
106088  -25.289  -11.334  2.771 0.4285714328
65566  -28.586  -8.375  5.906 0.8571428657
102748  -31.690  -8.527  5.423 0.5714285970
67108  -30.357  -6.344  5.633 0.8571428657
113262  -30.249  -8.744  6.166 0.7142857313
61058  -27.319  -14.894  3.779 0.7142857313
60153  -25.206  -15.308  3.432 0.4285714328
61068  -25.620  -14.817  3.328 0.5714285970
111592  -26.359  -18.145  3.814 0.5714285970
63285  -32.639  -11.384  4.976 0.2857142985
57497  -31.344  -17.354  7.638 0.2857142985
61841  -32.460  -13.250  5.652 0.4285714328
59168  -32.517  -16.434  7.793 0.2857142985
57496  -30.619  -18.467  7.709 0.2857142985
57481  -30.761  -19.059  8.020 0.2857142985
52282  -28.322  -24.413  10.197 0.1428571492
54069  -29.026  -22.368  9.195 0.2857142985
54969  -29.695  -21.716  9.091 0.2857142985
54970  -30.536  -21.325  9.136 0.2857142985
114715  -24.537  -30.875  12.198 0.1428571492
47091  -25.524  -29.771  11.863 0.1428571492
73993  -25.365  2.581  3.273 0.1428571492
49616  -26.481  -27.713  11.390 0.1428571492
67913  -25.252  -4.947  2.087 0.5714285970
103878  -24.867  -6.288  2.180 0.4285714328
67912  -24.728  -5.623  2.132 0.4285714328
114622  -25.357  -5.633  2.212 0.5714285970
67125  -25.698  -6.960  2.932 0.4285714328
66386  -24.532  -7.529  2.368 0.4285714328
67124  -25.009  -6.949  2.368 0.5714285970
67138  -25.501  -6.283  2.463 0.5714285970
67914  -26.034  -5.620  2.557 0.5714285970
64838  -26.179  -9.225  3.708 0.5714285970
99692  -34.681  -17.035  7.683 0.1428571492
52326  -24.115  -24.554  7.235 0.2857142985
58324  -35.393  -17.419  6.714 0.1428571492
58334  -35.717  -17.131  5.919 0.1428571492
59171  -35.038  -16.623  7.227 0.1428571492
113054  -23.820  -25.231  7.617 0.2857142985
114264  -33.851  -18.370  8.610 0.1428571492
58298  -34.271  -18.033  8.276 0.1428571492
58297  -33.545  -17.765  8.474 0.1428571492
58310  -34.695  -17.696  7.763 0.1428571492
57526  -35.420  -18.403  5.401 0.1428571492
57499  -35.143  -18.059  7.260 0.1428571492
57543  -33.962  -18.640  1.577 0.1428571492
58344  -35.401  -17.779  3.876 0.1428571492
58352  -34.581  -17.841  2.222 0.1428571492
51449  -22.832  -25.241  7.843 0.2857142985
55827  -32.004  -20.596  9.161 0.1428571492
56630  -32.482  -19.855  9.026 0.1428571492
56629  -31.563  -19.954  8.780 0.1428571492
56657  -35.139  -18.881  7.279 0.1428571492
57484  -34.340  -18.811  8.429 0.1428571492
57512  -35.396  -18.432  6.476 0.1428571492
57498  -34.766  -18.503  7.823 0.1428571492
57538  -34.446  -18.505  2.969 0.1428571492
51450  -23.622  -25.868  8.079 0.2857142985
50567  -22.834  -26.216  8.350 0.2857142985
50555  -22.454  -26.805  8.775 0.2857142985
115954  -30.929  -21.646  9.431 0.1428571492
54972  -32.368  -21.382  9.503 0.1428571492
112471  -33.216  -20.635  9.351 0.1428571492
56631  -33.507  -19.718  9.096 0.1428571492
56671  -35.102  -19.635  7.208 0.1428571492
56646  -34.239  -19.580  8.773 0.1428571492
56686  -35.204  -19.195  5.687 0.1428571492
56693  -34.881  -18.851  4.376 0.1428571492
57551  -34.515  -17.992  0.702 0.1428571492
57546  -34.178  -18.569  1.296 0.1428571492
54072  -31.487  -21.999  9.703 0.1428571492
54973  -34.002  -21.032  9.462 0.1428571492
100630  -33.421  -21.589  9.608 0.1428571492
97861  -34.818  -21.098  7.246 0.1428571492
55868  -34.975  -20.308  6.751 0.1428571492
55842  -34.540  -20.291  8.569 0.1428571492
117091  -35.128  -19.674  6.449 0.1428571492
57537  -33.547  -19.075  1.933 0.1428571492
56685  -34.480  -19.552  4.500 0.1428571492
57545  -33.731  -19.058  1.652 0.1428571492
54055  -30.932  -22.749  10.060 0.1428571492
54074  -33.717  -22.551  9.814 0.1428571492
54073  -32.655  -22.186  9.885 0.1428571492
54987  -34.404  -21.028  9.040 0.1428571492
55027  -34.461  -20.964  5.921 0.1428571492
55869  -34.810  -20.015  5.705 0.1428571492
55891  -33.438  -19.798  3.295 0.1428571492
53169  -34.139  -23.262  9.730 0.1428571492
54057  -32.933  -22.901  10.206 0.1428571492
54104  -34.555  -22.589  7.330 0.1428571492
104126  -34.582  -23.192  8.652 0.1428571492
55015  -34.545  -21.858  6.766 0.1428571492
55000  -34.716  -21.839  7.829 0.1428571492
55885  -34.010  -20.293  4.618 0.1428571492
105796  -34.573  -21.786  8.783 0.1428571492
100948  -34.705  -21.067  8.255 0.1428571492
56656  -34.783  -19.435  8.023 0.1428571492
57547  -35.754  -18.504  1.202 0.1428571492
50568  -23.651  -26.440  8.487 0.2857142985
56695  -33.330  -19.652  2.214 0.1428571492
57553  -37.249  -18.203  1.047 0.1428571492
65592  -25.085  -8.561  2.746 0.4285714328
58355  -34.176  -17.874  0.973 0.1428571492
60097  -34.618  -15.773  7.329 0.1428571492
61012  -34.189  -14.985  7.247 0.1428571492
69417  -25.291  -3.633  1.847 0.4285714328
73271  -29.630  1.416  -2.328 0.1428571492
68697  -25.791  -4.189  1.868 0.4285714328
74012  -28.431  2.287  -1.132 0.1428571492
59170  -34.328  -16.395  7.739 0.1428571492
55826  -31.171  -20.569  8.920 0.1428571492
54054  -30.071  -22.879  9.884 0.1428571492
54971  -31.321  -21.208  9.266 0.1428571492
98678  -33.158  -18.376  8.691 0.1428571492
59153  -34.092  -17.129  8.201 0.1428571492
58311  -35.043  -17.370  7.343 0.1428571492
111614  -35.583  -17.826  5.992 0.1428571492
114308  -35.620  -17.744  5.150 0.1428571492
59184  -35.488  -16.501  6.535 0.1428571492
59197  -35.870  -16.300  5.814 0.1428571492
57483  -33.703  -18.969  8.817 0.1428571492
97248  -35.260  -18.273  4.410 0.1428571492
56672  -35.265  -19.175  6.666 0.1428571492
55841  -34.096  -20.349  9.201 0.1428571492
55853  -34.902  -20.312  7.740 0.1428571492
111802  -33.906  -19.180  3.090 0.1428571492
54056  -31.953  -22.778  10.171 0.1428571492
54974  -34.204  -21.750  9.392 0.1428571492
54075  -34.416  -22.640  9.192 0.1428571492
54090  -34.648  -22.565  8.302 0.1428571492
46245  -21.474  -31.936  11.899 0.1428571492
47088  -22.096  -30.692  11.106 0.1428571492
46258  -20.847  -30.800  11.481 0.1428571492
47963  -22.481  -29.479  10.411 0.1428571492
48806  -22.146  -28.912  10.007 0.1428571492
48819  -22.442  -28.231  9.578 0.1428571492
48820  -23.182  -27.911  9.433 0.1428571492
48818  -21.733  -28.335  9.859 0.1428571492
49641  -21.716  -27.675  9.553 0.1428571492
49642  -22.492  -27.483  9.128 0.1428571492
98376  -21.270  -26.106  9.139 0.1428571492
50566  -21.909  -26.193  8.722 0.1428571492
51448  -21.999  -25.471  8.345 0.1428571492
52325  -23.225  -24.553  7.416 0.1428571492
53209  -24.496  -23.182  6.373 0.2857142985
55887  -25.031  -20.152  4.705 0.4285714328
55888  -25.720  -20.061  4.719 0.4285714328
56691  -25.533  -19.352  4.347 0.4285714328
109100  -24.675  -9.015  2.500 0.2857142985
64837  -25.419  -9.368  2.976 0.2857142985
67910  -23.453  -6.175  2.532 0.2857142985
102200  -23.980  -5.526  2.333 0.2857142985
68696  -24.537  -4.858  2.180 0.4285714328
52324  -22.491  -24.421  7.625 0.1428571492
53193  -22.667  -23.867  7.324 0.2857142985
53195  -24.354  -23.867  6.818 0.1428571492
47962  -21.786  -29.427  10.398 0.1428571492
50554  -21.644  -26.826  9.218 0.1428571492
52315  -21.907  -24.631  8.009 0.1428571492
116510  -22.237  -23.313  7.298 0.2857142985
53194  -23.457  -23.909  7.032 0.2857142985
53208  -23.625  -23.265  6.588 0.2857142985
53210  -25.143  -22.912  6.331 0.2857142985
55023  -24.735  -21.829  5.615 0.4285714328
55880  -24.392  -20.579  5.105 0.2857142985
113492  -24.371  -10.213  2.328 0.2857142985
64846  -23.849  -9.358  2.166 0.2857142985
108181  -24.121  -8.701  2.225 0.2857142985
67136  -23.795  -6.852  2.339 0.2857142985
66375  -22.443  -7.312  2.911 0.2857142985
67911  -24.248  -6.262  2.244 0.2857142985
64071  -24.790  -10.703  2.520 0.2857142985
64847  -24.264  -9.505  2.270 0.2857142985
63305  -24.125  -11.079  2.386 0.2857142985
107720  -23.518  -8.849  2.235 0.2857142985
65603  -22.896  -8.201  2.502 0.2857142985
65606  -24.587  -8.234  2.441 0.2857142985
65605  -24.189  -7.989  2.283 0.2857142985
66384  -23.363  -7.452  2.439 0.2857142985
67137  -24.418  -6.891  2.290 0.2857142985
107617  -22.912  -9.048  2.330 0.2857142985
65604  -23.742  -8.101  2.273 0.2857142985
50556  -23.298  -27.085  8.831 0.1428571492
47102  -21.913  -30.048  10.667 0.1428571492
66385  -24.033  -7.464  2.253 0.2857142985
46259  -21.474  -31.125  11.455 0.1428571492
47948  -21.095  -29.649  10.844 0.1428571492
50542  -20.973  -27.118  9.848 0.1428571492
97541  -24.864  -21.048  5.235 0.4285714328
67135  -22.946  -6.756  2.686 0.2857142985
56690  -24.830  -19.176  4.389 0.2857142985
107091  -25.754  -17.749  3.718 0.2857142985
74817  -25.176  4.144  -3.831 0.1428571492
74818  -26.071  3.910  -4.012 0.1428571492
74798  -25.426  3.256  -2.229 0.1428571492
74024  -27.126  2.867  -1.559 0.1428571492
75486  -24.592  4.784  -4.608 0.1428571492
74023  -25.977  2.726  -1.610 0.1428571492
74021  -23.995  2.419  -1.557 0.1428571492
75469  -23.239  4.454  -0.811 0.1428571492
57541  -25.081  -17.588  3.846 0.2857142985
102131  -28.113  2.696  -1.698 0.1428571492
74811  -26.849  3.573  -3.167 0.1428571492
74011  -27.664  2.412  -0.950 0.1428571492
74799  -26.567  3.342  -2.271 0.1428571492
103774  -27.558  3.153  -2.442 0.1428571492
74022  -24.769  2.453  -1.655 0.1428571492
74010  -26.577  2.241  -1.040 0.1428571492
74808  -24.027  3.807  -2.707 0.1428571492
74795  -23.453  3.843  -1.443 0.1428571492
74796  -23.793  3.258  -1.925 0.1428571492
74786  -23.503  3.699  -0.446 0.1428571492
74790  -23.658  2.836  -1.205 0.1428571492
74810  -25.929  3.798  -2.984 0.1428571492
75481  -24.313  4.350  -3.603 0.1428571492
74809  -24.864  3.776  -2.900 0.1428571492
75485  -23.927  5.159  -4.157 0.1428571492
74797  -24.372  3.123  -2.101 0.1428571492
64069  -22.901  -10.630  2.431 0.1428571492
107203  -23.916  -10.093  2.169 0.1428571492
64845  -23.334  -9.762  2.208 0.1428571492
65591  -21.943  -7.919  3.090 0.1428571492
66353  -20.548  -7.130  4.738 0.1428571492
66363  -20.952  -7.024  4.296 0.1428571492
63306  -24.599  -11.506  2.563 0.1428571492
67112  -20.667  -6.511  4.730 0.1428571492
113435  -20.674  -6.075  4.815 0.1428571492
67890  -20.892  -5.770  4.724 0.2857142985
60145  -25.055  -15.731  3.560 0.2857142985
98406  -24.487  -15.610  3.566 0.1428571492
62586  -23.747  -12.892  2.942 0.1428571492
108213  -23.598  -12.013  2.675 0.1428571492
64844  -22.566  -9.688  2.475 0.1428571492
67123  -22.098  -6.616  3.349 0.1428571492
111775  -22.353  -5.644  3.479 0.1428571492
67891  -21.330  -5.916  4.297 0.1428571492
68685  -21.825  -5.445  4.028 0.2857142985
68678  -21.988  -4.623  4.230 0.2857142985
70110  -22.410  -2.098  4.862 0.2857142985
70838  -21.623  -1.655  5.941 0.2857142985
70843  -22.786  -1.203  4.752 0.2857142985
117445  -23.826  0.854  6.254 0.1428571492
68695  -23.759  -4.712  2.579 0.2857142985
68686  -22.517  -4.995  3.614 0.2857142985
69410  -23.525  -3.945  3.012 0.2857142985
70129  -24.669  -2.975  2.230 0.2857142985
70117  -22.704  -2.949  4.157 0.2857142985
69398  -21.941  -3.122  4.984 0.2857142985
70119  -24.125  -2.139  2.884 0.2857142985
70106  -21.787  -2.214  5.484 0.2857142985
71630  -21.836  -0.977  6.187 0.2857142985
70105  -21.288  -2.407  6.004 0.1428571492
70101  -20.801  -2.735  6.501 0.1428571492
68676  -20.796  -5.253  5.075 0.2857142985
72411  -22.910  -0.094  5.398 0.1428571492
71631  -22.379  -0.513  5.858 0.2857142985
72402  -22.782  -0.011  6.154 0.1428571492
71626  -22.230  -0.414  6.544 0.1428571492
67093  -19.622  -6.034  6.233 0.2857142985
71625  -21.859  -0.813  6.623 0.1428571492
72392  -22.992  0.759  7.352 0.1428571492
71615  -22.200  -0.271  7.027 0.1428571492
67085  -18.644  -6.414  7.925 0.1428571492
64830  -32.346  -9.305  4.325 0.1428571492
61873  -23.911  -13.516  3.126 0.1428571492
63304  -23.147  -12.303  2.875 0.1428571492
63303  -22.703  -11.493  2.777 0.1428571492
64054  -21.607  -10.254  3.346 0.1428571492
64835  -21.280  -9.376  3.586 0.1428571492
65602  -22.252  -8.819  2.685 0.1428571492
102800  -20.691  -7.773  4.340 0.1428571492
66374  -21.530  -7.016  3.671 0.1428571492
67103  -20.309  -6.172  5.326 0.1428571492
67122  -21.497  -6.410  3.941 0.1428571492
67884  -20.554  -5.642  5.186 0.2857142985
69401  -21.562  -4.139  4.812 0.1428571492
69402  -22.196  -3.783  4.407 0.2857142985
71614  -21.410  -0.545  7.984 0.1428571492
70828  -21.044  -1.138  7.615 0.2857142985
72403  -23.196  0.490  6.517 0.1428571492
105356  -32.295  -9.857  4.811 0.1428571492
64057  -32.752  -10.189  4.083 0.1428571492
114833  -23.550  -1.766  3.592 0.2857142985
72412  -23.261  0.260  5.559 0.1428571492
71635  -22.657  -0.630  5.239 0.2857142985
115685  -23.201  0.251  6.019 0.1428571492
101318  -25.006  1.286  4.911 0.1428571492
69416  -24.387  -3.946  2.327 0.2857142985
61874  -24.469  -13.735  3.116 0.1428571492
61066  -24.152  -14.121  3.263 0.1428571492
117956  -33.405  -11.448  4.668 0.1428571492
104318  -22.595  -6.127  3.070 0.1428571492
67900  -23.090  -5.409  2.891 0.1428571492
64070  -23.519  -10.841  2.369 0.1428571492
64836  -21.868  -9.521  2.946 0.1428571492
65590  -21.560  -8.630  3.305 0.1428571492
64068  -22.253  -10.481  2.797 0.1428571492
66373  -21.234  -7.763  3.765 0.1428571492
103835  -24.133  -12.183  2.636 0.1428571492
67113  -21.056  -6.383  4.402 0.1428571492
67899  -21.862  -6.068  3.723 0.1428571492
62585  -23.435  -12.790  3.017 0.1428571492
68677  -21.292  -5.112  4.630 0.2857142985
69409  -22.764  -4.032  3.738 0.2857142985
68687  -23.144  -4.624  3.170 0.2857142985
70839  -22.155  -1.260  5.495 0.2857142985
70111  -23.058  -1.938  4.188 0.2857142985
73188  -23.671  1.073  6.907 0.1428571492
105067  -23.270  -3.302  3.481 0.2857142985
70128  -23.903  -3.129  2.915 0.2857142985
70118  -23.436  -2.517  3.539 0.2857142985
117719  -21.434  -2.937  5.548 0.1428571492
73986  -25.904  2.081  3.842 0.1428571492
68671  -20.971  -4.424  5.378 0.1428571492
69397  -21.354  -3.619  5.340 0.2857142985
72391  -22.541  0.124  7.030 0.1428571492
54086  -21.345  -23.262  7.830 0.1428571492
53207  -22.816  -23.255  6.958 0.1428571492
54112  -22.973  -22.553  6.555 0.1428571492
54098  -21.312  -22.495  7.645 0.1428571492
54996  -21.655  -21.762  7.172 0.1428571492
55008  -21.919  -21.086  6.758 0.1428571492
55009  -22.399  -21.805  6.636 0.1428571492
55863  -22.132  -20.494  6.432 0.1428571492
54113  -23.819  -22.604  6.137 0.1428571492
55878  -22.762  -20.222  5.869 0.1428571492
116652  -23.245  -20.966  5.817 0.1428571492
55022  -24.031  -21.283  5.519 0.1428571492
55879  -23.671  -20.436  5.369 0.1428571492
55862  -21.539  -20.399  6.832 0.1428571492
56682  -24.252  -19.850  4.801 0.1428571492
56689  -24.063  -18.953  4.563 0.1428571492
58342  -24.459  -17.402  3.974 0.1428571492
58349  -24.892  -16.880  3.782 0.1428571492
67877  -20.049  -5.420  5.829 0.1428571492
54114  -24.621  -22.526  5.967 0.1428571492
52313  -21.131  -23.930  8.249 0.1428571492
54085  -20.725  -22.965  8.272 0.1428571492
70834  -21.361  -1.790  6.439 0.1428571492
100217  -25.550  -16.334  3.641 0.1428571492
54099  -21.762  -23.096  7.478 0.1428571492
55011  -24.081  -22.052  5.778 0.1428571492
54100  -22.137  -22.607  7.086 0.1428571492
54995  -20.937  -21.613  7.686 0.1428571492
55864  -22.611  -21.053  6.282 0.1428571492
55010  -23.284  -21.763  6.092 0.1428571492
56667  -21.862  -19.691  6.372 0.1428571492
56681  -23.431  -19.571  5.206 0.1428571492
56653  -21.121  -19.746  6.976 0.1428571492
53180  -20.464  -23.592  8.688 0.1428571492
61866  -27.680  -14.062  4.073 0.8571428657
64848  -24.825  -9.841  2.530 0.2857142985
65562  -20.195  -7.924  4.870 0.1428571492
65593  -25.695  -8.497  3.256 0.4285714328
66359  -30.781  -7.084  5.745 0.7142857313
67106  -28.716  -6.318  5.581 0.8571428657
68673  -30.090  -4.964  5.209 0.7142857313
69419  -27.183  -3.561  2.878 0.8571428657
70112  -29.171  -2.963  4.325 0.5714285970
70124  -30.784  -2.597  3.484 0.1428571492
70134  -30.532  -1.970  3.233 0.1428571492
70874  -31.264  -1.258  0.207 0.1428571492
71639  -23.558  -0.467  3.796 0.4285714328
71647  -28.034  -0.841  2.084 0.4285714328
71663  -30.826  -0.793  1.359 0.2857142985
71680  -30.698  -0.092  0.120 0.1428571492
73254  -29.783  1.219  -0.890 0.1428571492
103952  -23.169  -11.508  2.599 0.1428571492
106223  -31.375  -4.039  2.895 0.1428571492
109437  -29.089  -6.880  5.860 0.8571428657
111535  -30.879  -20.941  9.011 0.2857142985
112454  -31.517  -3.252  1.744 0.1428571492
114728  -31.395  -1.788  0.387 0.1428571492
