#!ascii label  , from subject sub-fsm57hp vox2ras=TkReg
980
18059  37.643  -83.766  -14.796 0.3000000119
28455  36.492  -73.472  -14.678 0.6000000238
31279  35.599  -70.171  -12.472 0.6999999881
31273  35.166  -70.039  -11.941 0.6999999881
17072  37.633  -83.889  -15.461 0.4000000060
127877  36.162  -79.042  -17.602 0.4000000060
19049  37.532  -82.927  -14.897 0.5000000000
131834  37.312  -82.871  -13.960 0.5000000000
29416  36.203  -72.198  -13.776 0.6999999881
29426  36.840  -72.607  -14.317 0.5000000000
31285  36.729  -70.492  -13.367 0.6000000238
31278  36.294  -69.907  -12.854 0.6000000238
32191  36.532  -69.251  -12.718 0.6999999881
33153  35.607  -68.762  -11.605 0.6999999881
19067  37.539  -82.800  -16.441 0.5000000000
23264  37.012  -78.635  -17.899 0.4000000060
19058  37.568  -82.426  -15.762 0.6000000238
132063  36.724  -76.535  -16.896 0.4000000060
26393  37.150  -75.816  -16.722 0.5000000000
140637  37.631  -81.750  -15.893 0.6000000238
26394  36.076  -75.913  -16.329 0.6000000238
27495  36.765  -74.552  -15.727 0.6000000238
126691  37.478  -82.019  -15.326 0.6000000238
28463  37.071  -73.897  -15.316 0.6000000238
30370  37.274  -71.204  -13.867 0.6000000238
31284  37.533  -70.291  -13.612 0.6000000238
34168  37.836  -68.089  -12.898 0.6999999881
33166  37.487  -68.823  -13.026 0.6999999881
33156  37.142  -68.296  -12.664 0.6999999881
34160  36.824  -67.883  -12.290 0.6999999881
34154  35.932  -67.984  -11.412 0.6999999881
35096  37.806  -66.943  -12.503 0.6999999881
35097  37.234  -67.077  -12.135 0.6999999881
35087  36.820  -66.831  -11.562 0.6999999881
35086  37.875  -66.362  -12.195 0.6999999881
19077  37.468  -82.167  -17.191 0.5000000000
138383  37.373  -81.001  -18.062 0.5000000000
21190  37.184  -80.340  -18.074 0.5000000000
138809  37.180  -77.017  -17.436 0.4000000060
20071  37.810  -81.207  -16.283 0.5000000000
27494  37.879  -74.406  -15.925 0.6000000238
22222  37.791  -79.648  -15.223 0.6000000238
21174  37.890  -80.378  -15.953 0.5000000000
23254  38.413  -78.981  -15.678 0.5000000000
29425  37.760  -72.485  -14.625 0.6999999881
31292  38.007  -70.849  -14.059 0.6000000238
30381  37.349  -71.963  -14.223 0.6999999881
32200  37.878  -69.486  -13.439 0.6000000238
31283  38.367  -70.201  -13.858 0.6000000238
34167  38.607  -67.915  -13.137 0.6000000238
33165  38.254  -68.710  -13.283 0.6000000238
34157  38.939  -67.110  -12.999 0.6000000238
34158  38.154  -67.326  -12.803 0.6999999881
34143  36.236  -67.269  -11.140 0.6999999881
35945  39.660  -65.714  -12.607 0.6000000238
140617  37.337  -66.459  -11.802 0.6999999881
134864  37.034  -66.124  -11.292 0.6999999881
35946  38.860  -65.901  -12.501 0.6999999881
24193  37.974  -77.285  -17.673 0.4000000060
21189  37.776  -80.721  -17.659 0.5000000000
22241  38.201  -79.409  -17.754 0.4000000060
26392  38.535  -75.922  -17.046 0.5000000000
26385  37.613  -75.128  -16.377 0.6000000238
22236  38.566  -79.356  -17.092 0.4000000060
28462  38.025  -73.684  -15.516 0.6000000238
21181  38.299  -79.852  -16.567 0.4000000060
140929  39.070  -78.110  -16.808 0.4000000060
23253  38.932  -78.374  -16.119 0.4000000060
24187  39.374  -77.642  -16.285 0.4000000060
29424  38.622  -72.358  -14.898 0.6999999881
30380  38.107  -71.657  -14.403 0.6000000238
31282  39.253  -70.172  -14.079 0.6000000238
34166  39.483  -67.783  -13.321 0.6000000238
32199  38.741  -69.427  -13.658 0.6000000238
35102  39.815  -66.967  -13.129 0.6000000238
35079  36.494  -66.529  -10.810 0.6999999881
35929  38.043  -65.205  -11.284 0.6999999881
35936  39.220  -65.339  -12.175 0.6000000238
36781  38.823  -64.965  -11.548 0.6000000238
24192  38.489  -78.132  -17.533 0.4000000060
126484  38.595  -76.757  -17.282 0.4000000060
28461  38.871  -73.531  -15.628 0.6999999881
25273  39.510  -76.843  -16.677 0.4000000060
29430  39.323  -72.942  -15.434 0.8000000119
24183  39.241  -77.784  -15.375 0.5000000000
30379  38.973  -71.778  -14.730 0.6999999881
33163  40.157  -68.577  -13.656 0.5000000000
32198  39.701  -69.418  -13.874 0.6000000238
35067  36.208  -66.267  -9.802 0.6999999881
36786  42.146  -64.839  -12.397 0.6000000238
35094  40.158  -66.217  -12.934 0.6000000238
35930  37.349  -65.460  -10.923 0.8000000119
35914  37.076  -65.109  -9.942 0.8000000119
36787  41.044  -64.975  -12.346 0.6000000238
35935  40.095  -65.166  -12.258 0.6000000238
26391  39.670  -76.080  -16.622 0.5000000000
131267  39.090  -75.132  -16.542 0.6000000238
25265  40.186  -76.545  -15.940 0.5000000000
26377  40.803  -76.260  -14.782 0.6999999881
129697  40.683  -76.206  -15.423 0.4000000060
30378  39.944  -71.651  -14.909 0.6999999881
32204  40.167  -70.186  -14.347 0.6999999881
33162  41.471  -68.464  -13.751 0.6000000238
32197  40.930  -69.532  -14.137 0.6000000238
34164  41.318  -67.503  -13.428 0.6000000238
35915  36.425  -65.482  -9.361 0.6000000238
35093  41.113  -66.149  -12.958 0.6000000238
36773  37.776  -64.847  -10.382 0.6999999881
36779  40.605  -64.635  -11.766 0.6999999881
36770  40.208  -64.282  -11.035 0.6999999881
36772  38.517  -64.600  -10.715 0.6999999881
27491  41.172  -74.934  -15.466 0.5000000000
27492  40.195  -74.934  -16.125 0.6000000238
28460  40.055  -73.953  -15.805 0.6000000238
27476  41.989  -74.613  -14.311 0.6999999881
26376  41.212  -75.759  -15.074 0.6000000238
126890  40.330  -73.261  -15.576 0.6999999881
28448  41.743  -74.462  -13.631 0.6999999881
26369  40.354  -76.098  -13.902 0.6999999881
30377  41.187  -71.721  -15.086 0.6999999881
31289  40.586  -70.945  -14.738 0.6999999881
32196  42.375  -69.546  -14.159 0.6000000238
35906  35.007  -65.366  -7.943 0.5000000000
35091  43.371  -66.152  -13.037 0.6000000238
34163  42.429  -67.740  -13.479 0.6000000238
36757  36.689  -64.672  -8.868 0.6000000238
36746  36.036  -64.091  -8.028 0.5000000000
35942  42.760  -65.431  -12.796 0.6000000238
35092  42.182  -66.139  -12.966 0.6000000238
36755  38.242  -64.173  -9.782 0.6000000238
36745  36.951  -63.661  -8.412 0.5000000000
121269  36.776  -62.769  -7.951 0.5000000000
36777  42.725  -64.194  -11.991 0.6999999881
36778  41.597  -64.451  -11.839 0.6999999881
36769  41.127  -64.099  -11.169 0.6999999881
37586  39.802  -63.794  -10.278 0.6999999881
37571  38.752  -63.497  -9.210 0.5000000000
37592  42.080  -63.818  -11.351 0.6999999881
37570  40.246  -63.108  -9.491 0.6000000238
29428  41.058  -73.060  -15.394 0.6000000238
27484  41.732  -74.464  -14.817 0.6999999881
28458  41.833  -73.654  -14.886 0.6000000238
28441  42.194  -73.878  -13.585 0.6999999881
30382  40.822  -72.288  -15.296 0.6999999881
32203  41.963  -70.327  -14.548 0.6999999881
31288  41.598  -71.057  -14.801 0.6999999881
33161  42.980  -68.828  -13.764 0.6000000238
36747  35.129  -64.433  -7.767 0.4000000060
124353  43.383  -67.505  -13.285 0.5000000000
38526  36.243  -62.284  -7.766 0.4000000060
36776  44.221  -63.829  -12.294 0.6000000238
127319  38.417  -62.821  -8.502 0.5000000000
37557  37.508  -62.819  -8.224 0.5000000000
136332  39.443  -63.447  -9.542 0.5000000000
132440  38.866  -62.025  -8.321 0.4000000060
37591  43.145  -63.404  -11.581 0.6000000238
38551  42.205  -62.518  -10.456 0.6999999881
37569  41.221  -62.893  -9.949 0.6000000238
38539  40.841  -62.343  -9.182 0.5000000000
29415  42.696  -73.564  -13.916 0.6000000238
29421  42.481  -73.314  -14.404 0.6999999881
29422  41.872  -72.701  -15.052 0.6999999881
130579  42.722  -72.292  -12.822 0.6999999881
29408  43.050  -72.691  -13.508 0.6999999881
31287  42.668  -71.215  -14.590 0.6000000238
32202  43.143  -70.558  -14.268 0.6000000238
34156  44.731  -66.966  -12.717 0.6000000238
34162  44.203  -67.724  -13.012 0.5000000000
35098  43.899  -66.914  -13.152 0.6000000238
36784  44.826  -64.640  -12.823 0.6000000238
35941  44.068  -65.428  -12.895 0.6000000238
38524  37.909  -61.968  -8.130 0.5000000000
38525  37.005  -62.012  -7.843 0.4000000060
37590  44.370  -62.778  -11.849 0.6000000238
39580  38.332  -61.205  -8.425 0.4000000060
37583  43.266  -62.542  -11.177 0.6000000238
38538  41.643  -62.112  -9.649 0.5000000000
30369  43.430  -72.210  -13.554 0.6999999881
30375  43.133  -72.076  -14.194 0.6000000238
31277  43.138  -71.526  -12.496 0.6999999881
31275  44.070  -70.844  -12.868 0.6000000238
31281  43.924  -71.002  -13.562 0.6000000238
31269  42.370  -70.764  -11.935 0.6999999881
32193  44.345  -69.443  -12.465 0.5000000000
35934  46.127  -65.232  -12.236 0.6000000238
34155  45.178  -66.980  -12.133 0.6000000238
35940  45.210  -65.375  -12.860 0.6000000238
36783  45.789  -64.628  -12.813 0.5000000000
129972  45.313  -63.106  -12.404 0.6000000238
38537  42.355  -61.724  -10.081 0.5000000000
137587  43.848  -70.143  -11.905 0.6999999881
32185  44.301  -69.774  -12.026 0.6999999881
33155  44.561  -68.649  -12.159 0.6000000238
34151  45.432  -66.571  -11.615 0.5000000000
36767  46.255  -64.054  -11.761 0.6000000238
35085  45.847  -65.831  -11.762 0.6000000238
37588  46.398  -63.433  -12.243 0.6000000238
39605  45.570  -61.092  -11.710 0.6000000238
38550  43.147  -61.674  -10.780 0.5000000000
23242  37.551  -78.457  -14.032 0.5000000000
25250  39.305  -76.865  -13.912 0.5000000000
117273  37.275  -77.267  -12.710 0.5000000000
25251  38.303  -77.038  -13.348 0.5000000000
117190  39.652  -76.365  -13.657 0.6999999881
27479  39.405  -75.196  -12.624 0.6999999881
26370  39.547  -75.853  -13.094 0.5000000000
26359  38.723  -75.568  -12.401 0.5000000000
27478  41.000  -74.985  -13.471 0.6999999881
27466  40.058  -74.744  -12.770 0.6999999881
28442  41.477  -73.709  -12.992 0.6999999881
17047  37.695  -84.407  -14.130 0.3000000119
33158  35.941  -68.847  -12.159 0.6999999881
123610  36.434  -71.360  -13.547 0.6000000238
33152  36.198  -68.256  -12.017 0.6999999881
35080  35.914  -66.989  -10.226 0.6999999881
25258  40.394  -76.695  -15.245 0.6000000238
35101  40.731  -66.864  -13.186 0.6000000238
36771  39.324  -64.409  -10.925 0.6999999881
36756  37.464  -64.387  -9.371 0.6000000238
37587  38.994  -63.964  -10.107 0.6999999881
37572  37.918  -63.611  -8.850 0.6000000238
37585  40.701  -63.629  -10.429 0.6999999881
37558  36.151  -63.139  -7.758 0.5000000000
131160  44.015  -69.269  -13.184 0.5000000000
31276  43.841  -71.285  -12.739 0.6999999881
33159  44.324  -68.603  -12.707 0.5000000000
37589  46.026  -63.098  -12.474 0.6000000238
38549  44.418  -61.580  -11.590 0.6000000238
32190  44.219  -70.062  -12.402 0.6000000238
36774  46.364  -64.445  -12.269 0.6000000238
33135  44.602  -67.923  -11.405 0.5000000000
27456  38.356  -74.426  -11.731 0.6000000238
29384  36.500  -72.137  -8.945 0.6000000238
31241  36.577  -70.953  -8.286 0.4000000060
29401  37.700  -72.959  -11.002 0.5000000000
29412  39.296  -73.205  -12.109 0.6000000238
26388  34.518  -75.539  -15.503 0.5000000000
30327  36.452  -71.196  -7.514 0.4000000060
27496  35.776  -74.740  -15.468 0.5000000000
27487  35.274  -74.398  -14.874 0.5000000000
29390  37.154  -72.666  -10.332 0.5000000000
31230  36.481  -70.683  -6.783 0.4000000060
27497  34.913  -74.954  -15.199 0.5000000000
28449  35.217  -73.388  -13.942 0.5000000000
29383  36.823  -72.128  -9.742 0.6000000238
29427  35.966  -73.021  -14.132 0.5000000000
29400  38.503  -72.842  -11.558 0.5000000000
28444  39.684  -73.913  -12.425 0.6000000238
32134  36.470  -69.860  -5.234 0.4000000060
134060  36.477  -70.272  -4.667 0.4000000060
31248  36.818  -70.900  -8.915 0.4000000060
28452  33.237  -74.259  -13.278 0.5000000000
30343  37.383  -71.746  -10.263 0.5000000000
28450  34.523  -73.710  -13.778 0.5000000000
28445  33.589  -73.435  -12.828 0.5000000000
29399  39.450  -72.474  -11.983 0.6000000238
28443  40.746  -74.216  -12.898 0.6000000238
30372  35.696  -71.654  -13.328 0.5000000000
30359  34.028  -71.954  -12.020 0.5000000000
29402  33.584  -72.707  -12.104 0.4000000060
31272  39.009  -70.977  -11.266 0.5000000000
30342  38.139  -71.334  -10.808 0.5000000000
30355  39.705  -71.617  -11.786 0.6000000238
30354  40.776  -71.500  -12.078 0.6000000238
30366  40.464  -72.313  -12.275 0.6000000238
31270  41.153  -70.697  -11.783 0.6000000238
118512  41.584  -72.316  -12.492 0.6000000238
31236  36.698  -70.208  -7.701 0.4000000060
32144  36.498  -70.240  -5.997 0.4000000060
30358  34.407  -71.204  -11.781 0.5000000000
137333  33.551  -72.224  -11.504 0.5000000000
28425  32.233  -73.331  -10.578 0.4000000060
31280  34.966  -70.737  -12.170 0.6000000238
29403  33.004  -72.851  -11.257 0.4000000060
31246  38.037  -70.110  -9.860 0.6000000238
31255  39.355  -70.165  -10.933 0.6000000238
32187  40.415  -69.867  -11.171 0.6000000238
32173  41.108  -69.259  -10.941 0.6000000238
32127  36.392  -69.529  -4.389 0.4000000060
30344  34.172  -71.004  -11.116 0.5000000000
30346  32.906  -71.719  -9.895 0.4000000060
129259  31.262  -72.508  -9.070 0.4000000060
32158  37.406  -69.541  -8.323 0.6000000238
31240  37.016  -70.301  -8.641 0.4000000060
32163  38.428  -69.398  -9.543 0.6000000238
31247  37.322  -70.543  -9.373 0.6000000238
31256  38.472  -70.499  -10.572 0.5000000000
33139  39.962  -68.763  -10.151 0.6000000238
32162  39.179  -69.031  -9.894 0.5000000000
131997  41.945  -69.402  -11.163 0.6000000238
32151  36.678  -69.737  -6.776 0.4000000060
129164  34.591  -69.975  -10.818 0.6000000238
31259  33.606  -70.545  -9.782 0.5000000000
123095  31.967  -71.364  -9.262 0.5000000000
29387  30.405  -72.191  -9.067 0.5000000000
124952  37.241  -69.238  -7.466 0.4000000060
33119  37.955  -68.792  -8.067 0.5000000000
33117  39.169  -68.119  -8.770 0.5000000000
34130  40.005  -67.719  -9.046 0.5000000000
33138  40.796  -68.667  -10.374 0.6000000238
32172  41.819  -68.721  -10.677 0.6000000238
32186  42.802  -69.941  -11.614 0.6000000238
34094  36.841  -68.187  -4.994 0.4000000060
33091  36.571  -69.012  -5.160 0.4000000060
121775  36.469  -68.033  -4.239 0.4000000060
33075  36.199  -68.804  -3.797 0.4000000060
33140  35.383  -68.388  -10.831 0.6000000238
34093  37.516  -67.630  -5.534 0.4000000060
33090  37.043  -68.489  -5.786 0.4000000060
32166  33.409  -69.754  -9.188 0.6000000238
32167  32.390  -69.869  -8.843 0.5000000000
31243  31.146  -70.561  -9.210 0.4000000060
34105  37.741  -68.010  -6.380 0.4000000060
33118  38.541  -68.545  -8.563 0.5000000000
34129  40.911  -67.525  -9.346 0.5000000000
33124  41.297  -68.047  -10.049 0.6000000238
33137  42.952  -68.563  -10.850 0.6000000238
33136  43.971  -68.339  -11.139 0.6000000238
34084  36.564  -67.271  -3.865 0.4000000060
34145  35.028  -68.111  -9.919 0.6000000238
32165  34.232  -69.236  -9.598 0.6000000238
33129  33.587  -68.847  -8.863 0.5000000000
32169  30.043  -69.740  -10.048 0.5000000000
34113  38.517  -67.625  -6.981 0.4000000060
34121  38.668  -68.009  -7.927 0.5000000000
34142  42.282  -67.999  -10.249 0.5000000000
34075  36.255  -67.204  -3.058 0.4000000060
34131  35.253  -67.410  -9.605 0.6000000238
33120  33.721  -68.064  -8.612 0.5000000000
33122  31.927  -68.341  -8.667 0.5000000000
34120  39.559  -67.451  -8.277 0.5000000000
34119  40.577  -66.870  -8.471 0.4000000060
35066  42.333  -66.813  -9.367 0.4000000060
34141  43.299  -67.822  -10.442 0.4000000060
34140  44.250  -67.493  -10.773 0.6000000238
34139  44.955  -66.980  -11.181 0.4000000060
35016  36.744  -66.560  -3.503 0.4000000060
34083  37.132  -67.279  -4.661 0.4000000060
35024  37.607  -66.427  -4.536 0.4000000060
35916  35.693  -65.874  -8.800 0.5000000000
34132  34.522  -67.770  -9.017 0.5000000000
33121  32.859  -68.272  -8.458 0.5000000000
129664  31.160  -68.330  -9.304 0.4000000060
34122  33.840  -67.311  -8.360 0.4000000060
35057  39.831  -66.865  -7.836 0.5000000000
35052  40.263  -66.295  -7.489 0.5000000000
35904  41.079  -66.066  -7.933 0.6000000238
35065  42.993  -66.362  -9.512 0.4000000060
35064  43.726  -66.264  -9.967 0.4000000060
35077  44.991  -66.420  -10.986 0.4000000060
35902  42.475  -65.482  -8.731 0.5000000000
35058  34.866  -66.239  -8.333 0.5000000000
35059  33.951  -66.543  -8.043 0.6000000238
35907  34.028  -65.645  -7.780 0.4000000060
36754  43.962  -64.733  -9.763 0.5000000000
35927  45.281  -65.756  -11.046 0.5000000000
36744  41.905  -65.114  -8.165 0.5000000000
35903  41.784  -65.762  -8.336 0.5000000000
35913  43.090  -65.838  -9.330 0.5000000000
35901  43.185  -65.159  -9.191 0.5000000000
35015  37.316  -66.086  -3.871 0.4000000060
39604  45.909  -61.319  -11.647 0.5000000000
36768  45.555  -64.726  -11.134 0.4000000060
35911  44.639  -65.257  -10.471 0.5000000000
36743  42.599  -64.743  -8.577 0.5000000000
36738  42.027  -64.353  -8.040 0.5000000000
120973  34.209  -64.718  -7.758 0.4000000060
134958  45.943  -61.724  -11.389 0.4000000060
38535  45.621  -61.806  -10.479 0.4000000060
38548  45.856  -62.539  -11.120 0.5000000000
37567  45.203  -63.036  -10.429 0.5000000000
37568  44.246  -63.646  -9.686 0.5000000000
36753  44.864  -64.187  -10.450 0.5000000000
36742  43.359  -64.234  -9.060 0.5000000000
37554  43.607  -63.050  -8.930 0.5000000000
30367  35.310  -71.142  -12.760 0.5000000000
32189  35.093  -69.570  -11.372 0.6000000238
29417  35.468  -72.553  -13.605 0.6000000238
33154  35.155  -68.983  -10.946 0.6000000238
26387  35.427  -75.350  -15.766 0.5000000000
35905  35.865  -65.018  -8.371 0.5000000000
29419  34.191  -73.323  -13.285 0.5000000000
30373  34.985  -72.035  -13.108 0.5000000000
29413  34.247  -72.556  -12.770 0.5000000000
29392  33.290  -72.048  -10.734 0.4000000060
28417  31.750  -72.938  -9.681 0.4000000060
32157  38.124  -69.111  -8.823 0.6000000238
30345  33.627  -71.242  -10.398 0.6000000238
30337  32.486  -71.227  -9.440 0.4000000060
33101  37.153  -68.854  -6.614 0.4000000060
32176  34.695  -69.409  -10.503 0.6000000238
32177  34.181  -69.939  -10.023 0.6000000238
31249  32.858  -70.537  -9.290 0.5000000000
30339  30.024  -71.244  -9.649 0.5000000000
29388  29.549  -71.965  -9.781 0.5000000000
31250  30.397  -70.504  -9.611 0.5000000000
33128  34.363  -68.499  -9.292 0.5000000000
32160  31.469  -69.855  -8.988 0.5000000000
32159  32.688  -69.072  -8.645 0.5000000000
34118  41.457  -67.014  -9.072 0.5000000000
131441  30.936  -69.044  -9.364 0.5000000000
34112  39.216  -67.258  -7.511 0.5000000000
35069  34.691  -67.027  -8.711 0.6000000238
35078  44.412  -66.732  -10.574 0.3000000119
38536  44.668  -62.490  -9.701 0.4000000060
13071  30.393  -88.349  -3.294 0.3000000119
13090  31.188  -88.013  -5.033 0.3000000119
14034  30.779  -87.852  -3.691 0.3000000119
14051  32.945  -87.313  -5.648 0.3000000119
14053  31.885  -87.391  -5.111 0.3000000119
138317  32.576  -86.510  -4.823 0.3000000119
14067  34.003  -87.892  -6.182 0.3000000119
125025  33.673  -86.987  -5.902 0.3000000119
15950  35.293  -84.889  -4.344 0.3000000119
130552  33.293  -85.860  -4.993 0.3000000119
15024  33.977  -86.333  -5.959 0.3000000119
14066  34.483  -87.233  -6.298 0.3000000119
16943  34.959  -84.611  -5.039 0.3000000119
16957  36.293  -84.079  -5.713 0.3000000119
16958  35.366  -84.542  -5.755 0.3000000119
16971  35.020  -84.978  -6.181 0.4000000060
15984  35.226  -85.685  -6.597 0.4000000060
15041  36.449  -87.237  -7.089 0.4000000060
15040  37.471  -86.929  -7.445 0.3000000119
17961  38.322  -83.309  -6.673 0.3000000119
17963  36.755  -84.098  -6.607 0.4000000060
17979  36.859  -84.487  -7.122 0.4000000060
16005  36.235  -85.995  -7.167 0.4000000060
17960  39.125  -83.002  -6.472 0.3000000119
16003  37.916  -86.055  -7.759 0.4000000060
123156  41.156  -82.285  -6.755 0.4000000060
15039  38.439  -86.949  -7.885 0.4000000060
15038  39.055  -86.619  -8.241 0.3000000119
18950  39.126  -83.270  -7.250 0.4000000060
17977  38.253  -83.693  -7.259 0.3000000119
16987  38.427  -84.477  -7.700 0.4000000060
18949  40.407  -82.549  -6.967 0.4000000060
16986  39.522  -84.426  -7.982 0.5000000000
129333  38.351  -85.392  -7.854 0.4000000060
20060  37.278  -81.468  -14.801 0.5000000000
19967  41.891  -81.654  -6.786 0.4000000060
16002  38.655  -86.178  -8.028 0.4000000060
18053  37.780  -84.581  -13.378 0.3000000119
128632  37.364  -83.435  -13.226 0.4000000060
118529  39.995  -86.047  -10.090 0.3000000119
25275  34.721  -76.799  -16.301 0.4000000060
26395  35.070  -76.035  -16.034 0.4000000060
24184  38.402  -78.121  -14.628 0.4000000060
23249  38.025  -78.801  -14.889 0.4000000060
18964  40.102  -83.018  -7.484 0.4000000060
134913  38.962  -83.800  -7.633 0.3000000119
23250  37.206  -79.248  -14.280 0.4000000060
22223  37.209  -80.019  -14.575 0.4000000060
128191  41.474  -82.066  -7.335 0.4000000060
135581  39.945  -85.718  -8.411 0.4000000060
20038  36.434  -81.953  -12.732 0.5000000000
15037  39.666  -86.194  -8.488 0.5000000000
133471  37.325  -83.362  -12.218 0.4000000060
18045  38.040  -84.718  -12.504 0.4000000060
16030  40.218  -85.976  -9.411 0.3000000119
125950  37.962  -84.154  -11.841 0.4000000060
25259  39.780  -77.154  -14.872 0.4000000060
18962  41.596  -82.293  -8.231 0.4000000060
17975  40.692  -83.408  -8.173 0.4000000060
136295  36.790  -78.717  -13.601 0.4000000060
21167  36.832  -80.738  -14.163 0.5000000000
18977  41.350  -83.036  -8.619 0.4000000060
17996  40.424  -84.261  -8.324 0.4000000060
21147  36.258  -81.091  -13.199 0.5000000000
20000  41.970  -81.812  -8.649 0.4000000060
123792  41.886  -81.912  -9.375 0.4000000060
17995  41.145  -83.996  -8.867 0.4000000060
17994  41.532  -83.258  -9.363 0.5000000000
18016  41.234  -83.988  -9.674 0.5000000000
22213  36.419  -79.332  -13.520 0.4000000060
20030  35.995  -81.259  -12.237 0.5000000000
133660  41.995  -81.077  -9.235 0.4000000060
17025  40.852  -84.691  -9.911 0.5000000000
135426  36.786  -82.575  -12.215 0.4000000060
17026  40.160  -84.641  -10.587 0.4000000060
18038  39.412  -84.259  -10.963 0.4000000060
17034  38.572  -84.675  -11.604 0.4000000060
19027  37.912  -83.277  -11.156 0.4000000060
24180  36.946  -78.079  -13.228 0.4000000060
24171  36.361  -77.800  -12.387 0.3000000119
18993  41.575  -82.463  -9.733 0.4000000060
18015  41.279  -83.176  -10.086 0.4000000060
22205  35.821  -79.532  -12.762 0.4000000060
28419  29.812  -72.950  -9.578 0.4000000060
22170  41.635  -79.882  -10.129 0.4000000060
21110  41.693  -80.632  -9.904 0.4000000060
19010  40.706  -83.024  -10.554 0.5000000000
18030  40.159  -83.714  -10.697 0.5000000000
122168  35.510  -79.797  -11.897 0.5000000000
21137  36.092  -81.308  -11.293 0.4000000060
119809  41.162  -79.784  -10.467 0.4000000060
135936  39.489  -83.611  -10.836 0.4000000060
19028  37.131  -82.622  -11.463 0.4000000060
19012  38.378  -82.513  -10.712 0.4000000060
19013  37.577  -82.457  -10.904 0.4000000060
26360  37.902  -75.981  -12.011 0.4000000060
22204  36.133  -78.623  -12.854 0.3000000119
21120  41.290  -80.602  -10.338 0.4000000060
20016  40.923  -81.348  -10.534 0.4000000060
117476  35.538  -78.956  -12.038 0.3000000119
21121  40.687  -80.475  -10.604 0.4000000060
20017  40.139  -81.144  -10.651 0.4000000060
130548  40.319  -82.107  -10.655 0.4000000060
125068  39.358  -82.346  -10.728 0.5000000000
120754  41.032  -79.065  -10.459 0.4000000060
22186  40.483  -79.696  -10.510 0.4000000060
20018  38.776  -81.748  -10.505 0.4000000060
124517  37.786  -81.868  -10.477 0.4000000060
21125  36.339  -81.016  -10.558 0.4000000060
122029  38.738  -74.979  -12.113 0.4000000060
21123  39.242  -81.032  -10.401 0.4000000060
11363  35.669  -91.362  -7.886 0.3000000119
15949  36.275  -84.885  -4.268 0.3000000119
17949  37.699  -83.713  -5.429 0.3000000119
18935  40.841  -82.575  -6.028 0.4000000060
19980  42.163  -81.156  -7.197 0.4000000060
19999  42.103  -81.112  -8.194 0.4000000060
22147  42.683  -79.664  -8.119 0.4000000060
22169  42.141  -79.232  -9.925 0.4000000060
24163  36.548  -77.128  -11.819 0.3000000119
22185  41.677  -79.046  -10.302 0.4000000060
133898  37.228  -76.101  -11.461 0.4000000060
25231  36.029  -76.981  -11.047 0.4000000060
22197  35.340  -79.212  -11.214 0.4000000060
23198  40.089  -78.462  -9.765 0.4000000060
22187  39.681  -79.572  -10.202 0.4000000060
22188  38.786  -80.232  -9.967 0.4000000060
21111  37.527  -80.487  -9.767 0.4000000060
22175  35.943  -79.760  -9.742 0.3000000119
119514  35.520  -80.039  -11.073 0.4000000060
22171  39.635  -78.959  -9.866 0.4000000060
20048  36.850  -81.909  -13.835 0.4000000060
27468  38.094  -75.157  -11.745 0.4000000060
12188  31.243  -88.791  -5.514 0.3000000119
14041  31.861  -86.997  -4.194 0.3000000119
139511  33.380  -88.539  -6.109 0.3000000119
9654  34.916  -93.157  -7.310 0.3000000119
9653  35.512  -92.147  -7.275 0.3000000119
131079  33.278  -86.389  -5.469 0.3000000119
16942  35.749  -84.453  -4.973 0.3000000119
139854  33.720  -85.832  -5.512 0.4000000060
15022  35.597  -86.555  -6.864 0.4000000060
126044  35.958  -84.459  -6.321 0.3000000119
126886  37.779  -83.462  -6.152 0.3000000119
16970  35.763  -84.998  -6.690 0.4000000060
16988  37.474  -84.968  -7.549 0.4000000060
17947  39.520  -83.225  -5.541 0.3000000119
18948  42.130  -81.869  -5.940 0.4000000060
16019  40.691  -85.284  -9.341 0.5000000000
16042  39.646  -85.540  -10.762 0.3000000119
17003  40.712  -84.903  -8.795 0.5000000000
21094  42.271  -80.312  -8.660 0.4000000060
18031  38.982  -83.145  -10.831 0.4000000060
21124  37.145  -81.212  -10.213 0.4000000060
27441  36.495  -74.471  -9.227 0.4000000060
141475  36.812  -74.285  -10.079 0.4000000060
116756  36.539  -73.245  -8.151 0.4000000060
29379  36.438  -72.488  -8.166 0.3000000119
29391  36.667  -72.815  -9.529 0.5000000000
28423  37.293  -73.563  -10.635 0.4000000060
28433  37.991  -73.656  -11.327 0.4000000060
29356  42.977  -71.750  -6.936 0.3000000119
125564  41.981  -72.219  -6.838 0.3000000119
30306  38.306  -72.139  -5.160 0.3000000119
30307  37.204  -71.949  -5.297 0.3000000119
30308  36.698  -71.316  -5.245 0.3000000119
30319  36.542  -71.526  -6.753 0.3000000119
29340  41.393  -71.904  -6.251 0.3000000119
30305  39.681  -71.930  -5.176 0.3000000119
129203  38.850  -71.747  -4.464 0.3000000119
30317  43.761  -71.115  -6.568 0.3000000119
30303  42.895  -70.623  -5.761 0.3000000119
30285  36.931  -71.434  -4.464 0.3000000119
30286  36.605  -70.856  -4.551 0.3000000119
30282  40.575  -71.403  -4.884 0.3000000119
30263  38.486  -71.430  -3.723 0.3000000119
30284  37.740  -71.777  -4.423 0.3000000119
31185  41.079  -70.333  -3.635 0.3000000119
135916  40.296  -70.901  -3.845 0.3000000119
31174  37.519  -70.595  -2.315 0.3000000119
31186  40.080  -70.632  -3.243 0.3000000119
31173  38.557  -70.605  -2.274 0.3000000119
31198  41.842  -70.378  -4.436 0.3000000119
31188  37.065  -70.764  -3.051 0.3000000119
31189  36.576  -70.259  -3.204 0.3000000119
33068  35.938  -68.801  -2.777 0.3000000119
135551  40.689  -70.203  -2.869 0.3000000119
31187  37.954  -71.083  -2.940 0.3000000119
120036  36.034  -69.100  -1.778 0.3000000119
31157  39.116  -70.159  -1.513 0.3000000119
31158  37.977  -70.326  -1.550 0.3000000119
31159  37.135  -70.268  -1.735 0.3000000119
122101  36.448  -69.295  -0.860 0.3000000119
124203  35.909  -67.901  -2.651 0.3000000119
122447  35.826  -68.215  -1.893 0.3000000119
133046  36.394  -66.245  -2.003 0.3000000119
35858  36.944  -65.847  -3.211 0.3000000119
35844  36.752  -65.562  -2.436 0.3000000119
127260  37.069  -65.350  -3.006 0.3000000119
35857  37.451  -65.254  -3.567 0.3000000119
117409  36.495  -73.021  -8.791 0.4000000060
120401  36.521  -71.075  -5.989 0.3000000119
32118  36.304  -69.577  -3.435 0.3000000119
27432  36.522  -74.617  -8.609 0.5000000000
30318  42.066  -71.197  -5.779 0.3000000119
30264  37.356  -71.321  -3.695 0.3000000119
29343  37.815  -72.430  -5.905 0.3000000119
135559  37.098  -72.243  -6.112 0.3000000119
29361  36.778  -72.293  -6.821 0.3000000119
30283  39.864  -71.395  -4.343 0.3000000119
30281  41.471  -71.010  -5.032 0.3000000119
30265  36.744  -70.867  -3.811 0.3000000119
116644  39.067  -70.921  -3.017 0.3000000119
31144  38.523  -69.925  -0.738 0.3000000119
32083  37.023  -69.406  0.035 0.3000000119
31175  36.763  -70.289  -2.404 0.3000000119
31156  40.231  -69.843  -1.473 0.3000000119
32099  36.585  -69.801  -1.694 0.3000000119
23203  35.538  -78.899  -9.705 0.3000000119
23202  36.161  -79.060  -9.165 0.4000000060
24128  37.846  -77.595  -8.216 0.4000000060
24129  36.836  -77.585  -8.321 0.4000000060
24147  35.541  -77.276  -9.836 0.3000000119
25198  37.225  -76.751  -8.028 0.4000000060
25197  38.347  -76.861  -8.005 0.3000000119
24131  35.633  -77.395  -9.162 0.4000000060
129866  36.455  -76.957  -8.345 0.4000000060
26306  37.550  -75.363  -7.895 0.3000000119
25212  35.810  -76.560  -9.425 0.3000000119
25200  36.009  -76.770  -8.694 0.4000000060
26307  36.895  -75.393  -8.110 0.4000000060
26343  36.469  -75.269  -9.766 0.3000000119
26333  36.122  -75.820  -9.384 0.4000000060
27417  36.767  -74.808  -8.253 0.4000000060
25224  35.796  -76.797  -10.255 0.3000000119
136706  36.531  -75.751  -10.344 0.3000000119
26351  37.429  -75.481  -11.259 0.3000000119
25230  36.690  -76.508  -11.294 0.3000000119
26322  36.522  -75.381  -8.513 0.4000000060
24130  36.079  -77.548  -8.618 0.4000000060
17946  40.451  -83.091  -5.354 0.3000000119
22173  37.872  -79.642  -9.414 0.3000000119
16936  42.328  -84.086  -3.832 0.3000000119
16937  41.495  -84.302  -4.081 0.3000000119
18919  42.143  -82.762  -4.828 0.3000000119
18934  41.681  -82.330  -5.738 0.3000000119
23201  37.079  -79.051  -8.925 0.3000000119
22172  38.900  -79.289  -9.615 0.3000000119
17927  43.257  -83.040  -4.004 0.3000000119
18918  42.874  -82.635  -4.567 0.3000000119
18917  43.663  -82.397  -4.209 0.3000000119
19956  42.645  -81.770  -5.463 0.3000000119
21069  42.579  -80.692  -6.815 0.3000000119
23200  38.129  -78.845  -9.025 0.3000000119
19932  45.342  -81.662  -2.753 0.3000000119
19943  44.278  -81.758  -4.255 0.3000000119
18916  44.644  -82.278  -3.398 0.3000000119
19955  43.154  -81.432  -5.287 0.3000000119
19944  43.578  -81.785  -4.690 0.3000000119
21068  43.126  -80.529  -6.178 0.3000000119
21041  45.449  -80.765  -3.970 0.3000000119
138660  45.031  -80.487  -4.652 0.3000000119
21056  43.540  -80.844  -5.453 0.3000000119
21055  44.295  -80.624  -5.062 0.3000000119
21078  42.864  -79.971  -7.078 0.3000000119
22155  42.466  -79.433  -9.151 0.3000000119
129602  42.160  -78.506  -10.125 0.3000000119
19931  45.625  -80.932  -3.072 0.3000000119
22139  43.580  -79.673  -6.506 0.3000000119
22154  42.995  -78.844  -8.684 0.3000000119
23199  39.137  -78.462  -9.268 0.3000000119
139268  46.175  -79.445  -4.286 0.3000000119
136263  46.307  -79.528  -3.687 0.3000000119
22130  44.907  -79.865  -5.275 0.3000000119
22138  44.304  -79.496  -6.009 0.3000000119
22146  43.366  -79.062  -7.535 0.3000000119
23181  42.677  -78.511  -9.630 0.3000000119
24144  41.389  -77.855  -10.016 0.3000000119
24146  39.825  -77.925  -9.244 0.3000000119
24127  39.046  -77.622  -8.552 0.3000000119
22174  36.785  -79.809  -9.420 0.3000000119
23168  45.671  -78.022  -6.206 0.3000000119
23173  44.089  -78.315  -7.487 0.3000000119
136866  43.242  -78.149  -9.161 0.3000000119
23197  41.969  -77.915  -10.183 0.3000000119
18933  42.425  -82.222  -5.215 0.3000000119
17928  42.633  -83.306  -4.201 0.3000000119
17929  41.849  -83.489  -4.424 0.3000000119
11356  36.162  -91.116  -7.127 0.3000000119
13070  30.959  -87.853  -2.973 0.3000000119
13080  30.766  -87.984  -4.395 0.3000000119
13091  30.604  -88.499  -4.868 0.3000000119
13101  32.553  -88.665  -5.935 0.3000000119
14033  31.384  -87.412  -3.536 0.3000000119
14042  31.256  -87.547  -4.322 0.3000000119
14052  32.472  -87.989  -5.699 0.3000000119
15023  34.795  -86.434  -6.445 0.4000000060
15966  34.574  -84.925  -5.495 0.3000000119
15967  33.901  -85.366  -5.216 0.3000000119
15985  34.359  -85.536  -5.949 0.4000000060
16001  39.303  -85.544  -8.131 0.4000000060
16004  37.100  -85.771  -7.454 0.4000000060
16041  40.429  -85.439  -10.058 0.3000000119
16969  36.337  -84.568  -6.801 0.4000000060
16989  36.566  -85.080  -7.199 0.4000000060
17004  40.132  -85.156  -8.368 0.4000000060
17015  41.042  -84.634  -9.301 0.5000000000
17945  41.332  -82.900  -5.104 0.3000000119
17948  38.509  -83.375  -5.693 0.3000000119
17950  37.100  -83.682  -6.038 0.3000000119
17962  37.575  -83.695  -6.714 0.4000000060
17976  39.791  -83.637  -7.810 0.4000000060
17978  37.491  -84.148  -7.230 0.4000000060
18029  40.822  -83.881  -10.302 0.5000000000
18039  38.709  -83.940  -11.098 0.4000000060
18046  37.686  -84.102  -12.866 0.4000000060
18065  37.592  -83.199  -15.550 0.6000000238
18932  43.045  -82.046  -4.894 0.3000000119
18936  39.978  -82.774  -6.256 0.4000000060
18963  40.970  -82.616  -7.742 0.4000000060
18976  41.795  -82.523  -9.020 0.4000000060
19009  41.141  -82.280  -10.340 0.4000000060
19011  39.920  -82.976  -10.773 0.5000000000
19014  36.870  -81.851  -10.861 0.4000000060
19036  36.923  -82.755  -13.047 0.5000000000
19068  37.099  -82.893  -17.336 0.5000000000
19954  43.885  -81.256  -4.847 0.3000000119
19966  42.554  -81.271  -6.129 0.4000000060
19981  41.820  -81.682  -7.747 0.4000000060
20015  41.553  -81.490  -9.994 0.4000000060
20029  36.462  -81.982  -11.754 0.4000000060
20047  37.325  -82.262  -14.612 0.5000000000
20081  37.774  -81.385  -17.049 0.5000000000
21067  43.917  -80.164  -5.722 0.3000000119
21079  42.426  -80.499  -7.665 0.4000000060
21109  41.969  -80.075  -9.522 0.4000000060
21112  36.525  -80.499  -9.942 0.3000000119
21122  39.854  -80.330  -10.509 0.4000000060
21126  35.837  -80.318  -10.380 0.3000000119
21138  35.688  -80.606  -11.679 0.4000000060
21148  35.819  -80.420  -12.564 0.5000000000
21156  36.201  -80.167  -13.430 0.4000000060
21166  37.476  -80.583  -15.059 0.6000000238
21173  38.204  -79.584  -15.977 0.5000000000
21182  38.089  -80.618  -16.807 0.4000000060
21188  38.208  -80.014  -17.320 0.4000000060
22101  46.527  -78.881  -3.386 0.3000000119
22118  46.506  -78.970  -4.138 0.3000000119
22119  46.002  -80.222  -3.380 0.3000000119
22129  45.746  -79.970  -4.338 0.3000000119
22145  44.176  -78.935  -6.695 0.3000000119
22189  35.472  -79.501  -10.404 0.3000000119
22231  38.587  -79.133  -16.378 0.4000000060
22242  37.514  -79.433  -18.056 0.4000000060
23161  45.118  -78.913  -5.949 0.3000000119
23182  38.325  -78.197  -8.658 0.3000000119
23183  37.409  -78.289  -8.560 0.3000000119
23184  36.464  -78.314  -8.692 0.4000000060
23185  35.734  -78.237  -9.061 0.4000000060
23196  42.469  -77.911  -10.020 0.3000000119
23213  41.493  -78.475  -10.244 0.4000000060
23214  40.852  -78.461  -10.162 0.3000000119
23215  40.310  -79.017  -10.287 0.4000000060
23216  35.338  -78.612  -10.493 0.4000000060
23223  35.454  -78.397  -11.324 0.3000000119
23231  35.804  -78.258  -12.040 0.3000000119
23248  38.685  -78.427  -15.359 0.5000000000
23257  38.857  -78.709  -16.920 0.4000000060
23262  38.463  -78.849  -17.492 0.4000000060
23263  37.982  -78.717  -18.026 0.4000000060
24143  41.890  -77.085  -10.046 0.3000000119
24157  35.502  -77.658  -10.613 0.3000000119
24164  35.845  -77.670  -11.564 0.3000000119
24178  38.856  -77.476  -14.315 0.5000000000
24179  37.879  -77.745  -13.700 0.5000000000
24194  36.397  -77.280  -17.113 0.4000000060
24201  37.718  -78.023  -17.925 0.4000000060
24202  37.050  -77.679  -17.707 0.4000000060
25181  37.864  -76.098  -7.890 0.3000000119
25182  37.146  -75.948  -7.973 0.4000000060
25196  39.354  -76.716  -8.254 0.3000000119
25199  36.559  -76.167  -8.316 0.4000000060
25223  36.315  -76.339  -10.626 0.3000000119
25238  38.745  -76.319  -12.973 0.5000000000
25239  37.863  -76.621  -12.585 0.5000000000
25240  37.246  -76.604  -11.956 0.4000000060
25249  40.173  -76.623  -14.450 0.4000000060
25266  39.869  -77.137  -15.731 0.4000000060
26321  38.690  -76.188  -8.008 0.3000000119
26323  36.160  -75.992  -8.842 0.4000000060
26332  36.278  -75.247  -9.003 0.4000000060
26344  36.106  -76.066  -9.976 0.3000000119
26352  36.881  -75.916  -10.886 0.3000000119
26368  41.118  -75.617  -14.225 0.6999999881
26383  40.780  -75.613  -15.632 0.5000000000
26384  40.268  -75.823  -16.162 0.5000000000
26386  36.434  -75.209  -16.079 0.6000000238
27449  37.516  -74.530  -11.054 0.4000000060
27457  36.935  -75.198  -10.542 0.3000000119
27467  39.136  -74.498  -12.271 0.6999999881
27477  41.644  -75.062  -14.094 0.6999999881
27485  41.619  -75.161  -14.693 0.6999999881
27486  36.148  -74.172  -15.053 0.6999999881
27493  39.000  -74.238  -15.972 0.6000000238
28410  36.528  -73.825  -8.698 0.4000000060
28416  36.609  -73.618  -9.378 0.5000000000
28418  30.792  -73.195  -9.279 0.4000000060
28424  36.832  -73.374  -10.002 0.5000000000
28432  38.784  -73.729  -11.929 0.6000000238
28434  33.143  -73.340  -12.072 0.4000000060
28447  42.321  -74.191  -14.007 0.6999999881
28453  42.180  -73.991  -14.339 0.6999999881
28454  37.396  -73.213  -14.908 0.6000000238
28456  35.645  -73.787  -14.487 0.5000000000
28459  41.134  -73.950  -15.389 0.6000000238
29344  36.777  -71.754  -6.025 0.3000000119
29380  31.707  -71.619  -9.209 0.5000000000
29385  32.030  -71.999  -9.377 0.4000000060
29386  31.279  -71.831  -9.017 0.5000000000
29393  32.587  -72.524  -10.196 0.4000000060
29409  42.258  -73.147  -13.130 0.6999999881
29410  41.222  -72.960  -12.630 0.6000000238
29411  40.305  -73.239  -12.463 0.6000000238
29414  42.973  -72.821  -13.993 0.6999999881
29418  34.756  -72.924  -13.440 0.5000000000
29420  42.649  -72.669  -14.487 0.6999999881
29423  39.373  -72.240  -15.079 0.6999999881
29429  40.105  -72.525  -15.373 0.6999999881
29431  38.295  -73.028  -15.173 0.6999999881
30304  40.914  -71.613  -5.547 0.3000000119
30331  36.430  -71.716  -8.172 0.4000000060
30332  31.490  -71.230  -9.199 0.5000000000
30334  36.924  -71.372  -9.475 0.6000000238
30335  36.595  -71.424  -8.748 0.4000000060
30336  33.129  -71.085  -9.692 0.5000000000
30338  30.777  -71.272  -9.206 0.4000000060
30356  38.741  -71.873  -11.419 0.5000000000
30357  37.865  -72.199  -10.964 0.5000000000
30363  43.920  -71.650  -13.223 0.6000000238
30364  43.557  -72.048  -13.065 0.6999999881
30365  41.980  -71.542  -12.246 0.6999999881
30368  34.660  -71.585  -12.458 0.6000000238
30371  36.818  -71.872  -13.926 0.6000000238
30374  43.654  -71.733  -13.687 0.6000000238
30376  42.254  -71.929  -14.801 0.6000000238
31172  39.806  -70.325  -2.375 0.3000000119
31199  40.857  -70.891  -4.368 0.3000000119
31200  36.490  -70.272  -3.993 0.3000000119
31217  42.429  -70.498  -5.191 0.3000000119
31218  36.504  -70.649  -5.264 0.4000000060
31242  32.008  -70.690  -9.063 0.5000000000
31257  37.670  -70.903  -10.095 0.6000000238
31258  34.166  -70.532  -10.587 0.6000000238
31267  44.060  -70.493  -12.413 0.6999999881
31268  43.489  -70.776  -12.152 0.6999999881
31271  40.031  -70.770  -11.528 0.6000000238
31274  34.660  -70.420  -11.445 0.6000000238
31286  35.969  -70.755  -13.078 0.5000000000
31290  39.748  -70.783  -14.504 0.6999999881
31291  38.893  -71.004  -14.380 0.6000000238
32082  37.298  -69.895  -0.897 0.3000000119
32098  39.667  -69.729  -0.696 0.3000000119
32108  36.328  -69.664  -2.544 0.3000000119
32164  37.685  -69.791  -9.132 0.6000000238
32168  30.679  -69.783  -9.479 0.5000000000
32174  39.653  -69.417  -10.532 0.6000000238
32175  38.812  -69.729  -10.261 0.5000000000
32184  44.375  -69.270  -12.072 0.6000000238
32188  35.550  -69.421  -12.047 0.6999999881
32192  36.043  -69.346  -12.445 0.6999999881
32194  44.216  -70.207  -12.969 0.5000000000
32195  43.595  -69.936  -13.702 0.6000000238
32201  37.019  -69.563  -13.148 0.6000000238
33082  36.457  -68.716  -4.523 0.4000000060
33102  36.669  -69.357  -5.939 0.4000000060
33111  37.870  -68.417  -7.241 0.4000000060
33125  40.402  -68.170  -9.756 0.5000000000
33126  39.576  -68.407  -9.480 0.5000000000
33127  38.806  -68.735  -9.203 0.5000000000
33141  34.839  -68.779  -10.186 0.6000000238
33148  44.573  -68.359  -11.827 0.6000000238
33149  44.352  -68.861  -11.756 0.5000000000
33150  43.673  -69.284  -11.525 0.6999999881
33151  42.620  -69.186  -11.149 0.6000000238
33157  36.488  -68.655  -12.439 0.6999999881
33160  43.624  -68.284  -13.345 0.5000000000
33164  39.128  -68.615  -13.513 0.6000000238
34125  31.327  -67.614  -9.243 0.4000000060
34127  43.405  -66.967  -10.081 0.4000000060
34128  41.816  -67.482  -9.626 0.6000000238
34144  35.629  -67.693  -10.575 0.6999999881
34152  44.973  -67.471  -11.608 0.5000000000
34153  36.548  -67.553  -11.818 0.6999999881
34159  37.476  -67.577  -12.555 0.6999999881
34161  44.660  -67.842  -12.382 0.5000000000
34165  40.460  -67.674  -13.424 0.5000000000
34999  36.503  -66.409  -2.731 0.3000000119
35025  37.059  -66.703  -4.113 0.4000000060
35035  37.926  -66.773  -5.248 0.4000000060
35055  42.385  -66.098  -8.944 0.5000000000
35056  41.614  -66.410  -8.657 0.5000000000
35068  35.491  -66.674  -9.231 0.5000000000
35076  45.459  -66.165  -11.366 0.5000000000
35088  45.696  -65.957  -12.167 0.6000000238
35089  45.306  -66.091  -12.600 0.6000000238
35090  44.544  -66.177  -12.948 0.6000000238
35095  38.445  -66.550  -12.627 0.6999999881
35099  42.795  -66.877  -13.188 0.6000000238
35100  41.718  -66.853  -13.212 0.6000000238
35843  37.184  -64.812  -2.746 0.3000000119
35912  43.821  -65.614  -9.851 0.5000000000
35926  46.012  -65.219  -11.656 0.6000000238
35928  44.500  -66.087  -10.495 0.4000000060
35931  36.772  -65.813  -10.420 0.6999999881
35937  38.387  -65.667  -12.010 0.6999999881
35938  37.649  -65.868  -11.648 0.6999999881
35939  45.835  -65.288  -12.610 0.6000000238
35943  41.587  -65.493  -12.688 0.6000000238
35944  40.563  -65.586  -12.653 0.6000000238
36739  41.439  -64.731  -7.584 0.5000000000
36775  45.560  -63.860  -12.733 0.5000000000
36780  39.691  -64.798  -11.672 0.6999999881
36782  46.147  -64.698  -12.590 0.6000000238
36785  43.436  -64.720  -12.566 0.6000000238
37556  39.385  -62.792  -8.809 0.5000000000
37559  35.206  -63.400  -7.686 0.4000000060
37581  46.197  -62.888  -11.714 0.5000000000
37582  45.745  -63.564  -11.158 0.5000000000
37584  41.616  -63.389  -10.708 0.6999999881
37593  46.165  -64.013  -12.630 0.5000000000
38552  46.164  -62.244  -12.008 0.6000000238
38553  45.578  -62.141  -12.088 0.6000000238
39600  45.876  -60.859  -11.185 0.5000000000
118912  39.281  -66.355  -12.838 0.6000000238
119519  42.937  -71.075  -6.294 0.3000000119
120035  37.600  -81.234  -15.598 0.6000000238
120863  40.296  -75.469  -13.294 0.6999999881
120877  37.605  -83.787  -13.950 0.3000000119
121693  33.854  -71.607  -11.279 0.5000000000
122192  38.984  -77.450  -17.147 0.4000000060
122465  37.647  -81.940  -16.419 0.5000000000
123677  42.451  -63.179  -10.992 0.6999999881
123786  35.411  -78.007  -9.774 0.4000000060
123791  45.081  -81.470  -3.685 0.3000000119
125922  38.216  -81.121  -10.159 0.4000000060
126276  44.833  -67.907  -11.952 0.5000000000
126448  41.638  -82.008  -6.507 0.4000000060
127022  36.711  -79.883  -14.045 0.4000000060
127291  41.588  -69.962  -11.459 0.6000000238
127839  37.912  -80.022  -17.964 0.5000000000
129182  37.659  -84.419  -14.799 0.3000000119
129253  37.701  -76.510  -17.277 0.4000000060
129855  31.738  -69.098  -8.801 0.5000000000
132057  40.273  -85.738  -8.741 0.5000000000
132377  36.101  -68.009  -3.417 0.4000000060
133035  45.915  -79.178  -4.935 0.3000000119
133504  42.270  -71.621  -6.426 0.3000000119
134239  44.678  -81.102  -4.449 0.3000000119
134483  39.510  -71.165  -3.684 0.3000000119
134708  40.354  -69.162  -10.649 0.6000000238
136358  43.455  -71.369  -14.135 0.6000000238
136596  42.626  -67.418  -9.922 0.5000000000
136828  41.004  -70.383  -14.567 0.6999999881
137441  39.587  -81.655  -10.649 0.4000000060
137528  36.910  -68.892  -12.796 0.6999999881
137645  39.673  -82.805  -7.006 0.4000000060
138116  41.848  -78.478  -10.239 0.4000000060
138705  45.919  -61.638  -11.867 0.6000000238
139192  39.179  -71.472  -4.043 0.3000000119
139585  35.483  -84.693  -6.253 0.4000000060
140305  37.798  -84.863  -13.661 0.3000000119
140426  43.055  -81.027  -5.732 0.3000000119
140616  38.382  -66.104  -12.354 0.6999999881
140623  39.610  -66.690  -7.296 0.5000000000
140969  35.782  -80.727  -10.956 0.4000000060
