#!ascii label  , from subject sub-fsm57hp vox2ras=TkReg
1397
35898  40.696  -65.635  -7.292 0.6000000238
35889  39.700  -65.657  -6.350 0.5000000000
37545  40.736  -63.262  -6.726 0.6999999881
37550  41.400  -63.333  -7.278 0.6000000238
38510  41.276  -62.466  -6.916 0.6000000238
39563  41.244  -61.604  -6.492 0.6000000238
36731  40.411  -64.634  -6.608 0.6999999881
37546  40.387  -63.923  -6.517 0.6000000238
36730  40.962  -64.176  -7.052 0.5000000000
132736  41.567  -64.031  -7.558 0.5000000000
37549  42.144  -63.379  -7.848 0.5000000000
38514  41.938  -62.510  -7.428 0.6000000238
39568  41.919  -61.671  -7.028 0.6000000238
36732  39.871  -64.951  -6.209 0.5000000000
35888  40.328  -65.290  -6.722 0.5000000000
35897  41.312  -65.405  -7.702 0.6000000238
39567  42.781  -60.861  -7.240 0.6000000238
34104  39.104  -66.877  -6.813 0.5000000000
34092  38.390  -67.083  -6.105 0.5000000000
116579  40.696  -60.001  -4.769 0.6000000238
134615  41.276  -59.962  -5.384 0.6999999881
38503  39.627  -62.374  -5.609 0.6000000238
38502  40.092  -62.172  -5.922 0.6999999881
40568  40.725  -60.689  -5.398 0.6000000238
40575  41.261  -60.849  -6.015 0.6000000238
39562  41.949  -60.860  -6.549 0.6000000238
37547  39.874  -64.188  -6.155 0.6000000238
131546  39.927  -63.140  -6.119 0.6999999881
35880  39.319  -65.232  -5.790 0.5000000000
132811  39.366  -63.754  -5.621 0.5000000000
40574  42.638  -60.029  -6.648 0.6000000238
35045  39.134  -66.326  -6.244 0.5000000000
40582  43.471  -59.816  -7.341 0.6000000238
35034  38.641  -66.275  -5.614 0.5000000000
42545  43.621  -58.164  -8.146 0.6999999881
40581  44.217  -59.559  -8.080 0.6000000238
139873  44.720  -59.265  -8.771 0.6000000238
41582  44.703  -58.720  -9.536 0.6000000238
124059  43.935  -58.778  -10.271 0.6000000238
41586  44.704  -58.969  -10.269 0.6000000238
128555  39.199  -59.983  -9.130 0.5000000000
41597  38.537  -59.381  -11.036 0.6999999881
41591  37.506  -59.443  -10.676 0.8000000119
40607  37.533  -59.844  -9.871 0.6999999881
41547  40.557  -59.348  -4.294 0.6000000238
41554  41.123  -59.318  -4.993 0.6999999881
39559  39.886  -61.519  -5.362 0.6999999881
40559  40.006  -60.665  -4.726 0.6999999881
41548  40.091  -60.016  -4.153 0.6000000238
40567  41.791  -60.111  -6.030 0.6999999881
42526  41.322  -58.722  -5.426 0.6999999881
37535  39.254  -62.941  -5.413 0.6000000238
39549  39.262  -61.299  -4.591 0.6000000238
141391  41.644  -58.743  -5.939 0.8000000119
38483  38.089  -62.716  -3.905 0.5000000000
37524  38.692  -62.780  -4.790 0.5000000000
42538  42.112  -58.620  -6.485 0.8000000119
41564  42.297  -59.414  -6.342 0.6000000238
36714  38.315  -64.449  -4.541 0.5000000000
37536  38.853  -64.102  -5.187 0.5000000000
41563  43.044  -58.978  -7.074 0.6000000238
35023  38.267  -66.031  -4.945 0.5000000000
42537  42.659  -58.031  -7.507 0.8000000119
42549  43.489  -57.718  -8.888 0.6999999881
43397  42.948  -57.618  -8.398 0.6999999881
121279  42.444  -57.700  -9.241 0.6999999881
43401  42.887  -57.500  -8.983 0.6999999881
42544  44.096  -58.007  -9.141 0.6999999881
42555  41.367  -57.602  -9.203 0.6000000238
137856  42.947  -58.282  -9.644 0.6000000238
42554  43.414  -57.803  -9.395 0.6000000238
137307  40.763  -59.146  -9.306 0.6999999881
41587  41.631  -59.121  -9.486 0.6999999881
137332  39.664  -59.202  -9.862 0.6999999881
40604  40.713  -59.856  -9.090 0.6000000238
121631  38.996  -59.550  -10.024 0.8000000119
41589  39.396  -59.242  -10.773 0.8000000119
40605  39.916  -59.564  -9.249 0.6000000238
41600  38.650  -58.973  -11.558 0.8999999762
40615  36.738  -59.759  -10.149 0.6999999881
41601  37.916  -59.090  -11.221 0.8000000119
43375  40.259  -58.006  -4.014 0.6000000238
42516  40.753  -58.576  -4.654 0.6999999881
43376  39.787  -57.290  -4.358 0.6999999881
120168  40.405  -57.738  -4.888 0.6000000238
119281  39.370  -59.776  -2.798 0.4000000060
40560  39.427  -60.587  -4.045 0.6000000238
41537  39.982  -59.452  -3.610 0.6000000238
40548  38.996  -60.519  -3.268 0.6000000238
130553  40.950  -58.077  -5.452 0.8000000119
38476  37.781  -62.323  -2.990 0.4000000060
39536  38.200  -61.767  -3.438 0.5000000000
38490  38.611  -61.933  -4.327 0.6000000238
126060  41.054  -57.632  -6.181 0.8000000119
36703  37.886  -63.721  -3.851 0.5000000000
119654  41.744  -57.693  -6.932 0.8000000119
36715  37.943  -65.044  -4.218 0.4000000060
129429  42.189  -57.367  -7.918 0.8000000119
35869  37.832  -65.686  -4.341 0.5000000000
43398  42.286  -57.320  -8.590 0.8000000119
136001  39.996  -56.564  -9.632 0.8000000119
43399  41.521  -57.138  -8.731 0.6999999881
42556  40.565  -58.085  -9.575 0.8000000119
43402  41.968  -57.359  -8.961 0.6999999881
43406  40.212  -58.024  -10.591 0.8999999762
43403  40.591  -57.329  -9.306 0.6999999881
42557  39.894  -58.722  -10.125 0.8999999762
129936  41.381  -58.289  -9.408 0.6999999881
41588  40.347  -58.871  -9.518 0.6000000238
41596  39.268  -58.981  -11.532 0.8999999762
42564  36.821  -58.969  -10.744 0.8000000119
41599  36.272  -59.287  -10.371 0.8000000119
41598  36.768  -59.386  -10.524 0.8000000119
42563  37.509  -58.591  -11.127 0.8000000119
129727  37.262  -59.137  -10.876 0.6999999881
44192  39.351  -56.459  -4.555 0.6000000238
41536  40.282  -58.744  -3.760 0.6000000238
124220  39.772  -57.529  -3.592 0.5000000000
41523  39.477  -59.134  -2.181 0.4000000060
42501  39.656  -58.526  -2.482 0.5000000000
43370  39.921  -58.135  -3.109 0.6000000238
43384  40.569  -57.497  -5.609 0.6999999881
40538  39.143  -59.899  -1.706 0.5000000000
44199  40.523  -57.008  -6.191 0.6999999881
40528  38.850  -60.768  -1.210 0.5000000000
40549  38.444  -61.102  -3.044 0.6000000238
39520  37.993  -62.046  -1.501 0.4000000060
39528  38.014  -61.629  -2.408 0.4000000060
45085  40.177  -55.980  -7.612 0.8000000119
44204  40.551  -56.510  -7.046 0.8000000119
38477  37.576  -62.610  -2.163 0.4000000060
44208  40.716  -56.442  -8.038 0.8000000119
43394  41.343  -57.030  -7.547 0.8000000119
36704  37.737  -64.529  -3.770 0.3000000119
132324  39.856  -55.732  -9.162 0.8000000119
44211  40.741  -56.737  -8.758 0.8000000119
45093  39.996  -55.845  -10.174 0.8000000119
133098  41.289  -56.812  -11.856 0.8999999762
44214  40.359  -57.307  -10.388 0.8999999762
44217  40.721  -57.489  -11.692 0.8999999762
43409  40.674  -57.699  -12.442 0.8999999762
42561  40.297  -58.250  -11.859 0.8999999762
42566  39.806  -58.646  -11.907 0.8999999762
42558  36.416  -58.654  -10.398 0.8000000119
42559  35.802  -58.965  -10.089 0.8000000119
133302  39.212  -58.570  -11.986 0.8999999762
43410  38.699  -57.903  -11.977 0.8999999762
43407  37.585  -57.756  -11.046 0.8000000119
141030  38.012  -58.044  -11.453 0.8000000119
44183  39.188  -56.559  -2.587 0.6000000238
44188  39.322  -56.732  -3.577 0.6000000238
45066  38.870  -55.886  -3.925 0.6000000238
119510  39.543  -57.324  -2.881 0.6000000238
118467  39.418  -58.140  -1.150 0.4000000060
117177  39.476  -58.559  -1.860 0.4000000060
131094  39.517  -57.866  -2.174 0.4000000060
45074  39.358  -56.010  -5.348 0.6999999881
41513  39.421  -59.125  -1.195 0.4000000060
44200  39.874  -56.297  -6.191 0.6999999881
40527  39.329  -60.077  -0.736 0.5000000000
40515  39.699  -60.283  0.080 0.5000000000
45086  39.710  -55.201  -7.703 0.8000000119
45987  40.371  -55.128  -10.403 0.8000000119
122238  40.451  -56.756  -10.827 0.8999999762
44221  41.357  -56.854  -12.640 0.8999999762
43411  40.183  -57.691  -12.548 0.8999999762
43404  36.658  -57.855  -10.205 0.8000000119
43412  39.335  -57.387  -12.367 1.0000000000
43408  37.022  -58.250  -10.679 0.8000000119
44222  38.692  -57.104  -11.933 1.0000000000
123072  38.175  -57.354  -11.477 0.8000000119
44218  37.805  -56.852  -10.974 0.8000000119
45067  38.650  -55.122  -4.263 0.6000000238
45049  38.912  -55.798  -2.100 0.6000000238
45941  38.862  -55.174  -5.125 0.6999999881
43339  39.413  -57.402  -0.529 0.4000000060
43351  39.308  -57.248  -1.411 0.4000000060
43365  39.331  -57.101  -2.169 0.4000000060
42473  39.529  -58.660  -0.510 0.4000000060
45951  39.291  -55.296  -6.103 0.6999999881
41488  40.115  -59.524  0.618 0.5000000000
43328  40.026  -57.829  0.811 0.4000000060
45080  39.839  -55.744  -6.944 0.8000000119
45089  40.038  -55.790  -8.292 0.8000000119
45961  39.301  -54.301  -7.332 0.8000000119
45981  39.872  -55.037  -9.568 0.8000000119
45090  39.701  -55.085  -8.652 0.8000000119
45991  41.215  -54.720  -11.167 0.8000000119
45095  40.963  -55.920  -11.242 0.8999999762
44224  41.623  -56.378  -13.206 0.8999999762
45098  42.526  -55.404  -12.745 0.8999999762
117186  40.913  -57.181  -12.940 1.0000000000
44225  39.992  -56.922  -12.745 1.0000000000
45105  39.066  -56.404  -12.225 1.0000000000
44219  37.212  -57.362  -10.566 0.8000000119
43405  36.092  -58.256  -9.878 0.8000000119
120579  38.400  -56.481  -11.508 1.0000000000
45032  38.880  -55.041  -1.638 0.6000000238
45061  38.879  -55.888  -3.018 0.6000000238
45062  38.586  -55.132  -3.387 0.6000000238
45952  38.768  -54.366  -5.579 0.6999999881
121482  39.551  -56.844  0.089 0.4000000060
44154  39.290  -56.464  -0.708 0.5000000000
44169  39.154  -56.477  -1.693 0.5000000000
46906  38.734  -53.486  -5.947 0.8000000119
43329  39.633  -57.642  0.204 0.4000000060
131287  39.453  -54.981  -6.914 0.8000000119
42452  40.613  -57.921  1.197 0.4000000060
118466  40.511  -57.099  0.980 0.4000000060
45974  39.471  -54.353  -8.203 0.8000000119
45982  39.661  -54.317  -9.105 0.8000000119
45994  41.949  -55.483  -11.964 0.8999999762
45990  42.377  -54.712  -12.154 0.8000000119
44223  42.091  -55.929  -13.261 1.0000000000
45103  41.166  -55.823  -13.327 1.0000000000
46002  42.498  -54.774  -13.360 1.0000000000
45104  40.135  -55.371  -12.883 1.0000000000
45997  38.338  -54.645  -11.167 1.0000000000
45097  37.425  -56.403  -10.430 0.8999999762
44216  36.331  -57.438  -9.607 0.8000000119
44212  36.432  -56.398  -9.263 0.8999999762
120272  38.072  -55.722  -10.864 1.0000000000
45096  37.494  -55.530  -10.284 1.0000000000
45094  37.041  -55.960  -9.832 1.0000000000
46942  38.501  -53.910  -11.341 1.0000000000
47755  38.384  -53.102  -11.204 1.0000000000
46937  38.103  -53.762  -10.848 1.0000000000
45993  37.501  -53.511  -10.319 1.0000000000
47754  38.597  -52.306  -11.386 1.0000000000
123408  37.819  -52.908  -10.617 1.0000000000
45935  38.498  -54.337  -3.742 0.6999999881
46892  38.485  -53.495  -4.091 0.6999999881
45910  38.815  -54.374  -2.064 0.6000000238
45924  38.575  -54.363  -2.872 0.6000000238
45942  38.566  -54.336  -4.650 0.6999999881
129598  39.078  -55.720  -1.216 0.6000000238
44143  39.576  -56.003  0.059 0.5000000000
45007  40.789  -56.105  0.673 0.4000000060
45962  39.048  -54.309  -6.476 0.8000000119
46913  39.278  -53.508  -7.796 0.8000000119
46921  39.526  -53.553  -8.659 0.8000000119
45988  40.274  -54.199  -10.076 0.8000000119
133759  42.859  -54.571  -12.785 0.8999999762
47745  42.616  -53.062  -11.986 0.8000000119
45999  42.791  -54.705  -13.078 0.8999999762
46939  42.794  -53.898  -12.469 1.0000000000
45998  42.790  -53.971  -13.249 1.0000000000
46000  41.099  -54.959  -13.318 1.0000000000
46946  42.276  -53.958  -13.510 1.0000000000
47757  42.252  -52.522  -13.534 1.0000000000
46001  40.101  -54.310  -12.858 1.0000000000
122746  41.015  -52.730  -13.303 1.0000000000
46945  40.065  -53.368  -12.789 1.0000000000
120110  39.388  -53.002  -12.274 1.0000000000
46941  38.773  -53.645  -11.651 1.0000000000
45989  37.074  -54.937  -9.756 1.0000000000
45091  36.611  -55.477  -9.342 1.0000000000
118273  38.913  -53.017  -11.766 1.0000000000
45992  37.708  -54.584  -10.465 1.0000000000
133703  37.094  -54.031  -9.845 1.0000000000
46931  36.926  -53.275  -9.838 1.0000000000
47747  37.964  -52.200  -10.744 1.0000000000
129619  37.174  -52.616  -10.098 1.0000000000
46886  38.578  -53.558  -3.185 0.6999999881
46898  38.561  -53.485  -5.033 0.6999999881
46866  39.738  -53.642  -1.259 0.5000000000
46879  38.845  -53.659  -2.376 0.6999999881
47708  38.654  -52.670  -5.429 0.6999999881
45909  39.231  -54.343  -1.346 0.6000000238
45018  39.766  -55.135  -0.111 0.5000000000
45031  39.242  -54.992  -0.843 0.5000000000
46905  39.007  -53.331  -6.868 0.8000000119
47723  39.188  -52.747  -7.473 0.8000000119
47732  39.406  -52.716  -8.256 0.6999999881
124042  40.571  -53.049  -10.095 0.8000000119
46930  39.896  -53.572  -9.423 0.8000000119
47746  41.667  -53.001  -11.017 0.6999999881
46936  41.075  -53.730  -10.752 0.6999999881
121426  42.367  -52.257  -11.555 0.8000000119
48671  42.832  -51.437  -12.287 0.8000000119
49654  42.858  -50.449  -12.318 0.8000000119
46938  42.989  -53.128  -12.825 0.8999999762
47752  42.923  -52.327  -12.613 0.8000000119
47756  42.762  -52.584  -13.300 1.0000000000
48679  43.010  -51.746  -13.039 0.8999999762
49662  42.900  -50.760  -13.025 0.8999999762
120872  43.069  -49.937  -13.032 0.8000000119
48683  42.723  -51.827  -13.253 0.8999999762
48684  41.666  -51.814  -13.359 1.0000000000
47758  39.920  -52.636  -12.635 1.0000000000
46940  39.263  -53.762  -12.211 1.0000000000
47753  39.286  -52.286  -12.059 1.0000000000
46932  36.432  -52.694  -9.562 1.0000000000
49664  38.966  -51.082  -11.543 1.0000000000
122056  38.325  -51.478  -10.983 1.0000000000
49658  36.994  -50.933  -10.005 1.0000000000
46878  39.377  -53.160  -1.936 0.6999999881
47689  38.962  -52.872  -2.654 0.6999999881
47695  38.667  -52.740  -3.509 0.6999999881
47701  38.607  -52.568  -4.455 0.6999999881
47671  40.056  -52.846  -1.606 0.6000000238
46852  40.225  -53.909  -0.738 0.5000000000
47715  38.805  -52.730  -6.190 0.6999999881
45895  40.371  -54.467  -0.268 0.5000000000
47714  39.072  -52.209  -6.770 0.8000000119
47739  39.826  -52.768  -9.166 0.6999999881
48664  40.472  -52.043  -9.693 0.6999999881
48672  41.390  -52.219  -10.551 0.6999999881
49655  42.170  -50.927  -11.143 0.8000000119
49644  41.236  -50.592  -10.130 0.8000000119
50628  42.135  -50.057  -10.987 0.8000000119
124161  42.797  -49.517  -12.114 0.8000000119
49667  42.337  -50.953  -13.261 1.0000000000
129119  42.995  -50.028  -13.149 0.8999999762
122208  42.841  -50.113  -13.160 1.0000000000
50643  42.978  -49.508  -13.099 0.8000000119
48685  40.305  -51.958  -12.756 1.0000000000
48680  39.544  -51.460  -12.161 1.0000000000
119768  39.247  -50.373  -11.606 1.0000000000
47741  35.663  -52.100  -9.377 1.0000000000
46923  35.789  -52.798  -9.085 1.0000000000
49656  38.448  -50.620  -10.931 1.0000000000
49657  37.710  -50.822  -10.429 1.0000000000
47740  36.492  -51.919  -9.725 1.0000000000
121261  36.976  -50.204  -9.976 1.0000000000
116541  39.226  -52.055  -3.060 0.6999999881
48615  39.211  -51.501  -3.770 0.6999999881
48627  38.766  -51.859  -5.029 0.6000000238
48626  39.092  -51.212  -5.531 0.6000000238
137685  39.130  -51.443  -6.281 0.6000000238
48637  39.293  -51.270  -7.005 0.6999999881
48655  39.728  -51.757  -8.703 0.6999999881
132359  39.315  -51.957  -7.683 0.6999999881
50620  41.178  -49.756  -9.869 0.8000000119
48663  41.258  -51.414  -10.293 0.6999999881
51528  41.884  -49.029  -10.676 0.8000000119
51535  42.719  -48.542  -11.887 0.8000000119
50636  42.947  -48.970  -13.127 0.8000000119
50644  42.283  -49.485  -13.219 0.8000000119
51550  42.650  -48.713  -13.198 0.8000000119
49663  40.280  -50.271  -12.422 1.0000000000
50638  40.950  -49.557  -12.724 1.0000000000
51545  41.512  -48.766  -12.958 0.8999999762
50639  39.743  -49.645  -11.826 1.0000000000
50629  38.637  -49.707  -10.916 1.0000000000
47733  34.894  -52.436  -8.874 1.0000000000
50630  37.713  -50.028  -10.361 1.0000000000
48665  36.525  -51.265  -9.784 1.0000000000
48666  35.610  -51.191  -9.509 1.0000000000
139927  36.539  -50.351  -9.787 1.0000000000
48620  38.847  -51.800  -4.325 0.6999999881
49628  39.556  -50.428  -7.214 0.6000000238
48647  39.501  -51.067  -7.877 0.6999999881
49645  40.453  -51.129  -9.438 0.6999999881
49637  39.914  -50.738  -8.621 0.6999999881
124401  40.514  -50.285  -9.242 0.8000000119
52404  42.991  -48.042  -12.720 0.6999999881
51544  42.942  -48.402  -13.091 0.6999999881
51546  40.252  -48.856  -12.131 0.8999999762
51547  39.229  -48.945  -11.248 1.0000000000
138435  34.296  -51.878  -8.969 1.0000000000
136387  37.684  -49.262  -10.246 1.0000000000
131255  35.117  -50.330  -9.456 1.0000000000
49646  36.004  -49.651  -9.665 1.0000000000
48619  39.166  -51.089  -4.574 0.6000000238
49606  39.461  -50.437  -5.209 0.6000000238
50586  39.794  -49.737  -5.681 0.6000000238
49620  39.396  -50.573  -6.215 0.6000000238
50595  39.791  -49.689  -6.640 0.6000000238
50605  39.907  -49.705  -7.605 0.6000000238
134718  40.104  -49.942  -8.452 0.6000000238
49636  40.558  -49.591  -9.038 0.6999999881
51522  40.979  -48.957  -9.364 0.6999999881
117882  42.003  -48.139  -10.823 0.6999999881
127739  42.504  -47.498  -11.564 0.6999999881
52411  42.937  -47.612  -13.019 0.6999999881
55119  45.934  -43.555  -11.858 0.3000000119
52413  41.854  -47.909  -13.111 0.6999999881
52412  42.670  -47.812  -13.163 0.6999999881
56087  46.334  -43.043  -12.568 0.3000000119
45965  31.852  -54.441  -6.872 0.8999999762
46914  32.807  -53.523  -7.795 1.0000000000
47734  33.756  -52.251  -8.730 1.0000000000
46925  33.319  -53.065  -8.349 1.0000000000
51536  38.217  -48.650  -10.515 1.0000000000
51529  35.471  -48.570  -9.728 1.0000000000
50631  36.703  -49.216  -9.869 1.0000000000
119551  36.032  -50.495  -9.641 1.0000000000
47742  34.776  -51.581  -9.211 1.0000000000
49647  35.102  -49.638  -9.504 1.0000000000
49592  39.686  -50.416  -4.484 0.6000000238
50585  40.379  -49.182  -5.214 0.6000000238
50594  40.201  -48.995  -6.073 0.6000000238
51501  40.631  -48.291  -6.366 0.6000000238
51510  40.556  -48.379  -7.712 0.6999999881
50604  40.219  -48.859  -7.103 0.6000000238
50614  40.391  -49.065  -8.269 0.6999999881
51509  44.598  -48.308  -7.170 0.3000000119
53240  44.554  -47.213  -7.281 0.3000000119
51521  41.428  -48.209  -9.759 0.6999999881
55111  45.414  -43.858  -10.803 0.3000000119
56083  45.120  -43.273  -11.485 0.4000000060
56088  45.715  -42.823  -12.136 0.4000000060
56089  44.840  -42.707  -11.747 0.4000000060
45083  31.725  -55.150  -6.124 0.6999999881
45084  30.524  -54.799  -6.164 0.6999999881
58054  44.642  -41.435  -9.999 0.3000000119
57107  45.758  -42.368  -12.110 0.3000000119
124072  42.004  -47.069  -13.070 0.6999999881
45979  31.373  -53.846  -7.416 0.8999999762
58053  45.331  -41.448  -10.334 0.3000000119
52405  40.684  -47.994  -12.458 0.8000000119
46915  31.880  -53.242  -7.801 0.8999999762
141065  45.064  -41.821  -11.492 0.3000000119
57108  44.989  -42.231  -11.716 0.3000000119
52406  39.545  -48.057  -11.404 0.8000000119
52395  38.495  -47.770  -10.656 1.0000000000
48656  33.705  -51.147  -8.990 1.0000000000
51537  36.971  -48.383  -10.030 1.0000000000
48667  34.452  -50.633  -9.292 1.0000000000
51538  35.950  -48.172  -9.898 1.0000000000
50621  35.014  -48.926  -9.571 1.0000000000
50622  34.165  -48.773  -9.414 1.0000000000
51500  41.237  -47.865  -5.908 0.6999999881
52368  41.032  -47.675  -6.683 0.6999999881
51498  44.127  -48.673  -6.602 0.3000000119
52364  44.003  -47.677  -6.623 0.4000000060
52375  40.878  -47.733  -7.563 0.6999999881
52384  40.884  -48.135  -8.579 0.6999999881
136016  41.386  -47.540  -9.111 0.6999999881
53232  43.731  -46.709  -6.770 0.4000000060
52390  41.796  -47.412  -10.128 0.6999999881
138463  44.724  -46.553  -7.769 0.3000000119
53242  43.374  -46.034  -7.194 0.5000000000
53261  42.175  -46.467  -10.473 0.6999999881
133053  42.544  -46.688  -11.730 0.6999999881
53251  44.470  -45.846  -8.032 0.5000000000
54207  44.601  -44.721  -9.169 0.4000000060
55103  43.440  -44.496  -9.943 0.6000000238
55102  44.207  -44.248  -9.850 0.5000000000
52403  42.818  -47.218  -12.572 0.6999999881
55101  45.015  -44.246  -9.937 0.3000000119
134187  42.633  -47.106  -12.998 0.6999999881
57111  41.283  -42.411  -10.888 0.4000000060
56084  44.298  -43.310  -11.483 0.4000000060
45953  29.683  -54.490  -6.222 0.6999999881
58069  42.044  -42.215  -10.462 0.4000000060
45076  29.815  -55.334  -5.424 0.6000000238
128384  43.794  -41.552  -10.413 0.3000000119
125939  43.822  -41.712  -11.056 0.3000000119
58068  43.045  -41.879  -10.807 0.4000000060
56090  43.766  -43.073  -11.733 0.4000000060
53277  41.027  -47.130  -12.678 0.6999999881
53285  41.082  -46.180  -12.665 0.6999999881
45966  30.984  -54.383  -6.842 0.6999999881
58076  42.428  -42.371  -11.110 0.4000000060
57109  43.934  -42.548  -11.693 0.4000000060
56100  43.184  -43.024  -11.874 0.4000000060
53278  40.031  -47.138  -11.855 0.8000000119
58067  44.639  -41.579  -10.905 0.3000000119
58074  44.299  -41.967  -11.463 0.3000000119
53279  38.983  -46.975  -11.026 0.8000000119
131818  32.896  -52.316  -8.538 1.0000000000
52396  37.292  -47.596  -10.319 1.0000000000
49648  34.166  -49.645  -9.336 1.0000000000
51530  34.478  -48.075  -9.605 1.0000000000
50623  33.185  -48.895  -9.032 1.0000000000
49649  33.305  -49.900  -9.071 1.0000000000
51531  33.791  -48.072  -9.272 1.0000000000
52357  41.976  -47.655  -5.666 0.6000000238
52367  41.715  -47.273  -6.305 0.6000000238
52374  41.452  -47.129  -7.160 0.6999999881
52365  43.236  -47.256  -6.264 0.5000000000
52366  42.468  -47.129  -6.164 0.6000000238
52383  41.311  -47.263  -8.179 0.6999999881
53233  42.937  -46.528  -6.620 0.4000000060
128587  42.639  -46.114  -7.278 0.6000000238
53253  41.777  -46.652  -9.009 0.6999999881
54189  43.767  -45.604  -7.828 0.6000000238
54197  43.493  -45.173  -8.425 0.6000000238
55093  43.817  -44.666  -9.054 0.5000000000
54220  42.760  -44.952  -10.636 0.6000000238
53276  42.557  -46.365  -12.277 0.6000000238
57101  40.143  -41.932  -10.912 0.4000000060
55112  44.629  -43.750  -10.682 0.4000000060
55113  43.907  -43.864  -10.770 0.4000000060
55114  43.230  -44.330  -11.160 0.5000000000
54228  42.631  -45.213  -11.684 0.6000000238
139179  42.786  -47.038  -12.828 0.6999999881
58070  40.911  -42.230  -10.310 0.4000000060
55120  43.452  -43.650  -11.537 0.5000000000
124188  40.689  -42.495  -11.278 0.5000000000
56091  42.836  -43.667  -11.905 0.4000000060
53284  42.041  -46.312  -12.876 0.6999999881
45980  30.451  -53.663  -7.347 0.8999999762
45967  30.061  -54.140  -6.829 0.6999999881
58075  43.419  -42.146  -11.344 0.4000000060
57116  42.373  -43.218  -11.869 0.4000000060
122185  39.402  -46.073  -11.502 0.6999999881
53286  40.350  -46.467  -12.206 0.6999999881
57110  42.888  -42.679  -11.632 0.4000000060
47724  31.529  -52.266  -8.122 0.8999999762
53267  37.640  -46.627  -10.585 0.8999999762
47735  32.152  -51.808  -8.432 0.8999999762
118891  32.838  -51.444  -8.694 1.0000000000
52397  35.898  -47.272  -10.180 1.0000000000
48657  32.610  -50.313  -8.740 1.0000000000
51539  35.032  -47.453  -9.960 1.0000000000
48658  31.966  -50.733  -8.482 1.0000000000
52391  34.323  -47.242  -9.484 1.0000000000
50606  34.473  -49.259  -7.385 0.8999999762
51513  33.693  -48.473  -8.445 1.0000000000
51524  33.991  -47.801  -9.166 1.0000000000
50615  32.703  -49.333  -8.440 1.0000000000
49638  32.493  -49.482  -8.599 1.0000000000
50608  32.889  -49.101  -8.293 1.0000000000
50609  32.183  -49.416  -8.049 0.8999999762
50607  33.502  -49.248  -7.721 1.0000000000
50598  32.940  -49.701  -7.360 0.8999999762
53234  42.169  -46.675  -6.766 0.6000000238
53244  41.880  -46.521  -7.705 0.6999999881
53252  42.333  -45.768  -9.297 0.6999999881
54190  43.082  -45.600  -7.825 0.6000000238
54198  42.884  -45.296  -8.635 0.6000000238
54209  42.798  -45.032  -9.536 0.6999999881
53260  42.445  -45.569  -10.216 0.6000000238
53266  42.467  -45.841  -11.245 0.6000000238
120554  39.981  -41.901  -10.362 0.3000000119
54208  43.268  -44.837  -9.058 0.6000000238
58071  39.387  -41.577  -10.853 0.4000000060
58059  38.834  -41.648  -10.695 0.4000000060
55121  42.775  -44.462  -11.843 0.6000000238
53283  42.431  -46.474  -12.632 0.6000000238
133685  39.905  -41.988  -11.317 0.5000000000
54237  41.368  -45.354  -12.578 0.6000000238
141316  40.139  -45.760  -12.078 0.6000000238
127146  41.808  -42.804  -11.405 0.4000000060
57117  41.241  -43.169  -11.787 0.4000000060
136824  38.374  -46.056  -10.923 0.8999999762
46916  30.820  -52.845  -7.774 0.8999999762
47736  31.328  -51.191  -8.240 0.8999999762
52398  34.925  -46.589  -10.095 1.0000000000
49639  31.873  -49.812  -8.385 1.0000000000
50616  32.003  -49.571  -8.225 0.8999999762
50597  34.139  -49.948  -6.798 1.0000000000
49621  32.768  -50.247  -6.442 1.0000000000
136094  32.099  -49.784  -7.401 0.8999999762
49608  33.426  -50.362  -5.635 1.0000000000
53243  42.398  -45.899  -8.205 0.6999999881
58058  39.875  -42.030  -9.632 0.3000000119
133592  39.405  -41.763  -10.387 0.3000000119
57095  38.316  -42.115  -10.357 0.3000000119
54235  42.428  -45.525  -12.230 0.6000000238
57112  38.847  -41.569  -11.140 0.5000000000
57102  38.122  -41.781  -10.982 0.4000000060
55127  42.315  -44.629  -12.227 0.5000000000
56101  42.005  -43.821  -12.230 0.5000000000
55128  41.662  -44.577  -12.419 0.5000000000
58077  39.464  -41.653  -11.167 0.5000000000
139365  39.660  -42.709  -11.714 0.5000000000
134191  41.220  -43.810  -12.198 0.5000000000
56092  40.163  -42.555  -11.582 0.5000000000
54229  39.303  -44.889  -11.690 0.6999999881
56093  38.887  -42.629  -11.647 0.5000000000
56103  39.676  -43.411  -11.871 0.5000000000
54230  38.337  -45.174  -11.164 0.6000000238
53269  35.466  -46.122  -10.193 0.8999999762
130832  36.484  -46.681  -10.368 0.8999999762
53270  34.822  -45.996  -10.049 0.8999999762
51512  34.713  -48.384  -7.939 0.8999999762
51523  34.203  -47.594  -8.809 0.8999999762
52387  34.317  -47.219  -9.443 0.8999999762
53262  34.507  -46.507  -9.796 1.0000000000
121070  31.563  -49.783  -8.110 0.8999999762
48659  31.307  -50.216  -8.209 0.8999999762
49629  31.582  -49.787  -7.789 0.8999999762
50589  34.454  -50.114  -5.799 0.6999999881
49623  30.985  -50.319  -6.994 0.8999999762
49609  32.434  -50.488  -5.606 0.8999999762
49622  31.791  -50.225  -6.680 0.8999999762
57088  39.174  -42.056  -9.774 0.3000000119
57089  38.624  -42.530  -9.380 0.4000000060
57080  38.918  -42.850  -8.305 0.3000000119
56069  38.244  -43.215  -9.006 0.4000000060
57096  37.562  -42.323  -10.688 0.4000000060
54236  42.093  -45.539  -12.529 0.6000000238
120020  38.354  -42.002  -11.336 0.5000000000
55129  40.656  -44.261  -12.220 0.5000000000
56094  37.967  -42.688  -11.423 0.5000000000
56102  40.429  -43.290  -11.915 0.5000000000
54238  40.403  -45.131  -12.251 0.5000000000
55122  38.729  -43.607  -11.652 0.5000000000
55123  37.644  -43.494  -11.227 0.5000000000
54231  37.395  -44.383  -10.911 0.6000000238
54221  37.372  -45.425  -10.741 0.6000000238
54222  35.728  -44.948  -10.112 0.6999999881
123258  35.694  -45.355  -10.178 0.6999999881
53268  36.424  -45.772  -10.410 0.6999999881
54210  35.427  -45.362  -9.967 0.6999999881
54211  34.821  -45.999  -9.916 0.8000000119
49630  31.122  -50.154  -7.799 0.8999999762
52386  34.612  -47.065  -8.915 0.8999999762
53255  34.434  -46.344  -9.876 0.8999999762
51504  35.488  -49.130  -7.036 0.6999999881
49610  31.313  -50.615  -5.703 0.8999999762
50570  33.820  -50.022  -5.155 1.0000000000
56062  38.678  -43.534  -7.952 0.3000000119
56048  39.058  -43.796  -7.171 0.3000000119
56076  37.777  -42.657  -9.886 0.4000000060
56077  37.121  -42.887  -10.323 0.4000000060
55088  37.979  -43.976  -8.468 0.4000000060
56095  37.308  -42.900  -11.103 0.4000000060
55094  37.200  -43.476  -9.554 0.4000000060
126400  37.093  -44.359  -8.855 0.4000000060
56085  37.136  -42.878  -10.762 0.4000000060
55104  36.611  -43.646  -10.259 0.4000000060
55116  36.215  -44.251  -10.281 0.5000000000
55115  36.905  -43.658  -10.635 0.5000000000
54201  34.964  -45.870  -9.869 0.6000000238
53254  35.111  -46.291  -9.347 0.8000000119
52378  35.123  -47.639  -8.258 0.6999999881
50596  35.113  -49.734  -6.436 0.6999999881
49594  32.021  -50.646  -4.990 0.8999999762
49595  31.119  -50.760  -4.992 0.8999999762
126888  33.225  -49.779  -4.694 0.8999999762
51482  32.558  -49.102  -4.486 0.8000000119
50571  32.343  -50.103  -4.635 0.8000000119
124727  31.895  -48.173  -4.498 0.8000000119
56047  39.429  -43.624  -6.477 0.3000000119
55081  38.604  -44.274  -7.468 0.3000000119
54185  38.699  -45.029  -6.848 0.4000000060
54191  37.908  -44.903  -7.799 0.4000000060
137875  37.088  -45.100  -8.404 0.5000000000
55095  36.339  -44.166  -9.676 0.5000000000
54193  36.580  -45.646  -8.510 0.5000000000
54192  37.483  -45.792  -7.720 0.5000000000
54199  36.332  -44.845  -9.132 0.5000000000
53246  36.015  -46.276  -8.584 0.5000000000
54200  35.685  -45.540  -9.439 0.5000000000
52385  35.519  -46.924  -8.445 0.6999999881
52377  36.206  -47.702  -7.608 0.6999999881
135017  35.827  -49.286  -6.254 0.6999999881
50588  35.470  -49.382  -5.569 0.6999999881
133677  33.934  -49.436  -4.754 0.8000000119
51480  34.295  -48.521  -4.586 0.6999999881
55070  39.624  -44.343  -5.571 0.3000000119
54169  39.433  -45.264  -5.032 0.4000000060
55080  39.148  -44.373  -6.600 0.3000000119
54184  39.172  -45.105  -5.972 0.4000000060
54186  38.285  -45.782  -6.931 0.4000000060
53235  38.505  -46.352  -5.974 0.3000000119
53236  37.785  -46.732  -6.805 0.5000000000
53245  36.933  -46.475  -7.799 0.6000000238
52369  37.380  -47.665  -6.272 0.3000000119
52376  37.025  -47.338  -7.225 0.5000000000
137903  36.357  -46.933  -7.892 0.6999999881
51502  36.818  -48.104  -6.831 0.6000000238
121782  36.386  -48.312  -7.156 0.6999999881
51511  35.780  -48.389  -7.460 0.6999999881
51503  36.312  -48.731  -6.634 0.6999999881
51478  36.122  -48.617  -5.061 0.6000000238
54170  38.978  -45.836  -5.441 0.3000000119
53222  37.978  -47.210  -5.453 0.3000000119
53221  38.573  -46.522  -4.922 0.3000000119
119272  37.962  -46.927  -4.462 0.3000000119
53197  37.256  -46.696  -3.823 0.3000000119
52342  37.322  -47.400  -4.605 0.4000000060
52359  36.672  -48.346  -5.378 0.5000000000
52358  37.217  -47.869  -5.382 0.5000000000
53202  36.510  -47.282  -4.193 0.5000000000
52343  36.659  -47.935  -4.802 0.6000000238
51479  35.300  -48.693  -4.804 0.6000000238
56027  40.161  -43.872  -4.547 0.4000000060
55053  39.783  -44.602  -3.625 0.3000000119
54155  39.441  -45.318  -4.086 0.3000000119
54142  39.094  -45.163  -3.190 0.3000000119
54143  38.893  -45.724  -3.744 0.3000000119
132384  38.340  -45.603  -3.257 0.3000000119
53196  38.302  -46.293  -3.912 0.3000000119
54144  37.573  -45.903  -3.333 0.3000000119
54145  36.734  -45.969  -3.325 0.3000000119
53198  36.226  -46.538  -3.692 0.4000000060
52344  35.899  -47.906  -4.516 0.6000000238
53203  35.625  -47.031  -4.099 0.4000000060
53199  35.472  -46.289  -3.785 0.4000000060
52345  34.991  -47.661  -4.424 0.6000000238
52346  32.222  -47.359  -4.584 0.6999999881
52347  30.822  -48.064  -4.521 0.8000000119
56013  40.187  -43.776  -3.376 0.4000000060
138293  39.407  -44.668  -2.974 0.3000000119
54125  38.425  -45.065  -2.762 0.3000000119
54126  37.748  -45.266  -2.864 0.3000000119
137288  37.109  -45.458  -3.053 0.3000000119
55054  36.440  -45.218  -3.121 0.4000000060
54146  35.877  -45.761  -3.421 0.4000000060
54147  35.073  -45.583  -3.808 0.4000000060
53204  34.712  -46.507  -4.156 0.4000000060
122913  34.026  -47.303  -4.411 0.5000000000
54157  34.221  -45.487  -4.235 0.4000000060
122685  33.686  -46.258  -4.442 0.4000000060
122901  32.999  -47.020  -4.532 0.6999999881
53205  32.819  -45.977  -4.722 0.4000000060
135819  32.163  -45.676  -4.983 0.5000000000
53206  32.017  -46.466  -4.789 0.6000000238
122842  31.444  -47.228  -4.679 0.6999999881
122883  31.040  -46.401  -4.929 0.6999999881
56012  40.395  -43.034  -2.946 0.3000000119
55037  38.958  -44.507  -2.522 0.3000000119
55038  37.966  -44.519  -2.386 0.3000000119
55039  37.093  -44.839  -2.744 0.3000000119
55040  36.310  -44.405  -2.925 0.3000000119
55055  35.572  -44.786  -3.411 0.4000000060
55056  35.066  -43.875  -3.609 0.3000000119
118967  34.666  -44.658  -3.944 0.3000000119
55064  33.869  -44.584  -4.480 0.3000000119
54158  33.413  -45.346  -4.683 0.4000000060
55065  33.129  -44.570  -4.973 0.3000000119
54159  32.650  -45.192  -5.032 0.3000000119
55066  32.366  -44.477  -5.309 0.4000000060
54171  31.864  -45.082  -5.287 0.5000000000
54160  31.434  -45.711  -5.111 0.5000000000
54161  30.564  -45.712  -5.296 0.5000000000
55994  39.118  -43.074  -1.869 0.3000000119
56000  38.598  -43.802  -2.068 0.3000000119
56001  37.846  -43.735  -2.101 0.3000000119
56002  37.041  -43.942  -2.480 0.3000000119
56028  34.293  -43.656  -4.217 0.3000000119
56029  33.470  -43.803  -4.786 0.3000000119
56030  32.824  -43.936  -5.203 0.3000000119
55071  31.495  -44.368  -5.601 0.4000000060
54172  30.968  -45.031  -5.505 0.5000000000
55072  30.437  -44.233  -5.914 0.5000000000
54173  30.050  -45.102  -5.697 0.5000000000
57022  38.797  -42.350  -1.679 0.3000000119
137899  38.217  -43.034  -1.844 0.3000000119
120695  37.336  -43.176  -2.137 0.3000000119
131948  36.645  -43.181  -2.513 0.3000000119
56014  35.482  -43.237  -3.250 0.3000000119
132248  34.315  -42.770  -4.201 0.3000000119
129805  33.738  -42.941  -4.640 0.3000000119
56039  32.106  -43.650  -5.598 0.4000000060
127967  31.239  -43.734  -5.871 0.4000000060
56041  29.959  -43.639  -6.345 0.4000000060
55073  29.508  -44.541  -5.999 0.5000000000
138778  29.744  -44.093  -6.162 0.4000000060
57020  40.081  -41.941  -1.866 0.3000000119
57021  39.505  -42.376  -1.777 0.3000000119
57030  36.758  -42.458  -2.308 0.3000000119
57031  36.013  -42.778  -2.807 0.3000000119
57040  35.294  -42.289  -3.318 0.3000000119
56015  34.825  -42.990  -3.733 0.3000000119
57050  33.994  -42.131  -4.424 0.3000000119
56038  32.956  -43.106  -5.260 0.3000000119
57057  32.653  -42.259  -5.522 0.3000000119
129335  32.249  -42.874  -5.701 0.3000000119
129233  31.501  -43.019  -6.059 0.4000000060
56040  30.714  -43.416  -6.235 0.3000000119
57961  39.388  -41.507  -1.561 0.3000000119
57023  38.091  -42.323  -1.706 0.3000000119
131039  37.833  -41.087  -1.697 0.3000000119
57029  37.416  -41.854  -1.857 0.3000000119
123158  35.988  -41.945  -2.756 0.3000000119
57978  35.458  -41.474  -3.155 0.3000000119
123371  35.216  -40.672  -3.357 0.3000000119
57979  34.883  -41.477  -3.586 0.3000000119
57041  34.594  -42.179  -3.878 0.3000000119
130902  34.618  -40.856  -3.834 0.3000000119
57051  33.334  -42.222  -4.975 0.3000000119
58867  38.279  -40.403  -1.540 0.3000000119
57970  36.917  -41.042  -2.074 0.3000000119
58873  37.404  -40.353  -1.858 0.3000000119
58874  36.568  -40.272  -2.351 0.3000000119
57971  36.038  -41.019  -2.678 0.3000000119
57990  34.327  -41.420  -4.148 0.3000000119
57991  33.597  -41.280  -4.771 0.3000000119
58001  33.007  -41.606  -5.333 0.3000000119
59775  37.917  -39.673  -1.693 0.3000000119
130670  37.529  -38.931  -1.920 0.3000000119
58875  35.814  -40.034  -2.850 0.3000000119
59780  36.374  -39.572  -2.516 0.4000000060
58881  34.622  -40.142  -3.908 0.3000000119
59781  35.817  -39.019  -2.915 0.4000000060
60693  36.309  -38.215  -2.618 0.4000000060
58880  35.177  -39.668  -3.453 0.4000000060
60692  37.080  -38.209  -2.126 0.3000000119
60698  35.594  -38.077  -3.144 0.4000000060
45101  38.629  -55.502  -11.648 1.0000000000
45996  38.843  -54.478  -11.802 1.0000000000
51481  33.416  -48.841  -4.527 0.8000000119
124728  32.772  -48.051  -4.507 0.8000000119
134126  33.511  -47.929  -4.484 0.6999999881
38511  40.600  -62.353  -6.402 0.6000000238
41553  41.681  -59.282  -5.772 0.6000000238
36723  38.821  -64.863  -5.277 0.5000000000
35868  38.369  -65.271  -4.788 0.5000000000
42562  39.844  -58.748  -11.259 0.8999999762
125429  39.601  -60.059  -3.578 0.5000000000
37514  37.609  -63.102  -3.059 0.4000000060
43390  41.065  -57.173  -6.795 0.6999999881
131434  38.986  -55.745  -4.658 0.6999999881
40539  38.640  -60.662  -2.267 0.5000000000
40516  39.292  -60.987  -0.452 0.5000000000
121259  37.472  -64.034  -3.038 0.4000000060
133295  40.185  -56.216  -8.753 0.8000000119
41501  39.597  -59.377  -0.193 0.4000000060
44215  36.836  -56.916  -10.027 0.8000000119
45050  38.670  -55.106  -2.504 0.6000000238
135486  39.856  -57.165  0.608 0.4000000060
42462  40.325  -58.611  1.004 0.4000000060
45100  39.206  -55.386  -12.291 1.0000000000
44142  39.985  -56.458  0.548 0.5000000000
130339  39.361  -55.638  -0.520 0.5000000000
46867  39.172  -53.805  -1.763 0.6999999881
46944  41.181  -53.877  -13.417 1.0000000000
45995  39.390  -54.636  -12.408 1.0000000000
48674  37.243  -51.809  -10.155 1.0000000000
48673  37.668  -51.458  -10.451 1.0000000000
138614  42.077  -51.638  -11.096 0.8000000119
133252  39.662  -50.824  -12.129 1.0000000000
50637  43.058  -49.008  -12.961 0.8000000119
50645  41.690  -50.237  -13.101 1.0000000000
49668  40.765  -51.049  -12.835 1.0000000000
139348  38.922  -48.420  -10.864 1.0000000000
54206  45.592  -45.083  -9.509 0.4000000060
45978  32.309  -54.034  -7.347 1.0000000000
46926  32.420  -52.759  -8.230 1.0000000000
54195  44.955  -45.493  -8.683 0.4000000060
54196  44.167  -45.154  -8.460 0.5000000000
51514  33.357  -48.638  -8.870 1.0000000000
49593  32.927  -50.335  -5.037 0.8000000119
55130  39.766  -44.250  -11.929 0.5000000000
117982  38.243  -44.273  -11.336 0.5000000000
121832  36.390  -44.722  -10.438 0.6000000238
55105  35.919  -44.488  -10.064 0.5000000000
55096  35.835  -44.810  -9.769 0.5000000000
50569  34.645  -49.536  -5.027 0.6999999881
134732  35.685  -43.977  -3.178 0.3000000119
40602  43.669  -59.721  -10.595 0.5000000000
120332  42.740  -59.276  -9.887 0.5000000000
39603  43.961  -60.657  -11.102 0.5000000000
39591  42.894  -60.868  -10.343 0.5000000000
40612  45.697  -60.255  -11.153 0.5000000000
40601  44.597  -59.244  -10.717 0.5000000000
39589  45.846  -60.975  -10.820 0.5000000000
39575  44.865  -60.862  -9.279 0.4000000060
40589  45.346  -60.007  -9.706 0.5000000000
38520  44.248  -61.865  -9.067 0.4000000060
40590  44.690  -60.070  -8.705 0.5000000000
38513  42.657  -62.385  -7.879 0.5000000000
39566  43.811  -60.473  -7.864 0.5000000000
43392  33.516  -57.363  -6.414 0.6999999881
42527  32.277  -58.057  -5.933 0.6999999881
43395  34.774  -57.339  -7.523 0.8000000119
44209  35.518  -56.844  -7.998 0.8000000119
133564  35.934  -56.334  -8.501 0.8999999762
43393  32.847  -57.310  -5.952 0.6999999881
44210  34.883  -56.346  -7.274 0.8999999762
45087  35.530  -55.865  -7.806 0.8999999762
45092  36.052  -55.411  -8.609 0.8999999762
44206  32.463  -56.245  -5.776 0.6000000238
44205  33.312  -56.697  -6.148 0.8000000119
45975  35.337  -54.894  -7.826 0.8999999762
45984  35.783  -54.295  -8.507 0.8999999762
46922  36.371  -53.638  -9.205 0.8999999762
49582  41.289  -50.343  -3.616 0.5000000000
49583  40.655  -50.471  -3.544 0.5000000000
49591  40.274  -50.111  -4.158 0.5000000000
48607  40.008  -51.701  -2.595 0.6000000238
131159  39.701  -51.396  -3.198 0.5000000000
49584  39.775  -50.783  -3.764 0.5000000000
47688  39.654  -52.424  -2.266 0.6000000238
45075  31.480  -56.056  -5.521 0.6000000238
45082  33.414  -55.806  -6.329 0.8999999762
45088  34.774  -55.413  -7.255 0.8999999762
45081  34.293  -55.847  -6.742 0.8999999762
125400  35.459  -53.286  -8.470 0.8999999762
50566  41.361  -49.366  -4.388 0.5000000000
51477  41.060  -48.817  -4.835 0.5000000000
49590  41.665  -49.969  -4.033 0.5000000000
50563  40.953  -49.844  -3.927 0.5000000000
50567  40.641  -49.476  -4.512 0.5000000000
45964  32.852  -54.780  -6.695 0.8999999762
127332  32.624  -55.467  -6.182 0.6999999881
45963  33.943  -55.105  -6.836 0.8999999762
45976  34.420  -54.590  -7.425 0.8999999762
45985  34.857  -54.010  -8.058 0.8999999762
51476  41.800  -48.817  -4.796 0.5000000000
51495  40.789  -48.494  -5.551 0.5000000000
50565  42.126  -49.536  -4.510 0.5000000000
49605  42.860  -49.927  -4.857 0.5000000000
45977  33.081  -54.138  -7.354 0.8999999762
45986  33.789  -53.839  -7.765 0.8999999762
46924  34.350  -53.173  -8.394 0.8999999762
51494  41.512  -48.291  -5.312 0.5000000000
51493  42.281  -48.322  -5.287 0.5000000000
50584  42.586  -49.104  -5.039 0.5000000000
52356  42.748  -47.786  -5.764 0.4000000060
46907  29.720  -53.541  -7.219 0.6000000238
46909  28.469  -53.163  -6.928 0.6000000238
46908  29.184  -53.115  -7.282 0.6999999881
47716  28.753  -52.622  -7.061 0.6999999881
47717  28.015  -52.614  -6.733 0.6999999881
48642  27.474  -52.145  -6.502 0.6999999881
46917  29.895  -52.969  -7.529 0.8000000119
47727  29.394  -52.483  -7.374 0.6999999881
48641  28.365  -52.084  -6.699 0.6999999881
48630  27.669  -51.560  -6.189 0.6999999881
48629  28.578  -51.402  -6.078 0.6999999881
49613  27.990  -50.937  -5.435 0.6999999881
48649  30.175  -51.386  -7.541 0.8000000119
48639  29.797  -51.313  -6.905 0.8000000119
47725  30.716  -51.723  -7.931 0.8000000119
48628  29.466  -51.203  -6.001 0.6999999881
48648  30.721  -50.767  -7.922 0.8000000119
129889  30.247  -50.896  -5.165 0.8000000119
132784  29.144  -50.111  -4.549 0.6000000238
49611  30.338  -50.850  -6.154 0.8000000119
50573  30.735  -50.019  -4.522 0.6000000238
50574  29.926  -49.659  -4.473 0.6000000238
51485  28.835  -48.571  -4.452 0.6000000238
141288  30.752  -50.575  -4.812 0.8000000119
51484  30.571  -49.125  -4.470 0.6000000238
126966  29.740  -48.483  -4.488 0.6000000238
140993  30.752  -50.803  -5.349 0.8000000119
52348  29.892  -47.264  -4.797 0.6000000238
50572  31.449  -50.323  -4.667 0.6999999881
135259  30.670  -47.052  -4.815 0.6999999881
53207  30.175  -46.405  -5.106 0.6000000238
51483  31.517  -49.342  -4.472 0.6999999881
138597  42.877  -62.982  -8.328 0.4000000060
38521  43.430  -62.159  -8.385 0.5000000000
39577  43.233  -61.470  -7.832 0.5000000000
41581  45.223  -59.373  -10.137 0.5000000000
40613  45.280  -59.657  -10.814 0.5000000000
45983  36.448  -54.672  -9.153 0.8999999762
51492  43.037  -48.650  -5.587 0.3000000119
47726  30.047  -52.176  -7.660 0.8000000119
39602  44.773  -60.569  -11.488 0.5000000000
39590  45.555  -60.799  -10.125 0.5000000000
43391  34.128  -56.760  -6.642 0.8000000119
48613  41.302  -50.950  -3.136 0.5000000000
48650  29.573  -51.875  -7.277 0.8000000119
48640  29.112  -51.738  -6.732 0.6999999881
49631  30.486  -50.768  -7.292 0.8000000119
49612  29.103  -50.905  -5.069 0.6999999881
49596  30.010  -50.465  -4.669 0.6999999881
45006  42.277  -55.955  0.438 0.4000000060
45894  41.209  -54.560  -0.112 0.4000000060
127161  41.613  -55.400  0.349 0.4000000060
46851  40.877  -53.891  -0.594 0.5000000000
121810  42.582  -55.429  0.022 0.4000000060
45016  43.370  -55.644  -0.320 0.4000000060
47670  40.899  -52.731  -1.529 0.5000000000
47687  40.456  -52.186  -2.039 0.5000000000
130255  42.195  -53.486  -1.265 0.5000000000
45908  42.601  -54.191  -0.919 0.4000000060
45893  41.718  -53.999  -0.662 0.4000000060
45892  42.996  -54.919  -0.617 0.4000000060
45017  42.130  -54.709  -0.269 0.4000000060
44152  44.152  -55.883  -0.592 0.4000000060
48606  40.862  -51.551  -2.516 0.5000000000
46864  41.327  -53.342  -1.087 0.5000000000
45907  43.407  -54.468  -1.318 0.4000000060
45048  44.982  -55.118  -2.287 0.4000000060
45029  44.578  -55.429  -1.316 0.4000000060
45030  43.796  -55.164  -0.980 0.4000000060
45047  45.715  -55.448  -2.139 0.4000000060
116956  45.338  -55.700  -1.499 0.4000000060
47686  41.340  -52.142  -2.028 0.5000000000
47669  41.783  -52.798  -1.626 0.5000000000
45938  47.437  -54.245  -4.927 0.3000000119
46863  43.018  -53.757  -1.610 0.4000000060
45939  46.716  -54.844  -4.618 0.3000000119
45923  43.739  -54.103  -2.074 0.4000000060
45937  47.779  -54.311  -4.045 0.3000000119
45930  47.176  -54.868  -3.650 0.3000000119
45931  46.324  -55.027  -3.858 0.3000000119
45059  45.815  -55.144  -3.014 0.3000000119
45906  44.184  -54.754  -1.764 0.4000000060
45058  46.736  -55.212  -3.028 0.3000000119
48605  41.768  -51.670  -2.663 0.4000000060
47685  42.215  -52.351  -2.266 0.4000000060
46876  43.346  -53.464  -2.371 0.4000000060
46877  42.621  -53.063  -1.932 0.4000000060
45948  46.612  -54.935  -5.732 0.3000000119
135572  46.034  -55.036  -5.715 0.3000000119
45940  46.077  -55.059  -4.613 0.3000000119
45932  45.700  -54.841  -4.018 0.3000000119
140162  45.154  -54.443  -4.093 0.4000000060
45060  45.067  -54.700  -3.294 0.4000000060
45922  44.399  -54.427  -2.638 0.4000000060
123738  44.800  -53.159  -5.853 0.3000000119
47699  44.434  -53.070  -4.959 0.3000000119
46891  44.104  -53.231  -4.031 0.4000000060
47700  43.844  -52.594  -4.371 0.4000000060
47692  43.359  -52.524  -3.618 0.4000000060
47684  42.990  -52.771  -2.713 0.4000000060
46896  45.685  -54.643  -5.935 0.3000000119
46897  45.135  -53.916  -5.448 0.3000000119
46890  44.819  -53.911  -4.524 0.4000000060
46885  43.686  -53.318  -3.182 0.4000000060
45933  44.447  -53.995  -3.519 0.4000000060
45934  43.936  -53.858  -2.766 0.4000000060
45950  45.617  -54.685  -4.998 0.3000000119
49588  43.021  -50.656  -4.732 0.4000000060
48618  42.759  -51.166  -4.181 0.4000000060
49581  41.936  -50.658  -3.743 0.4000000060
135801  44.122  -51.893  -5.480 0.3000000119
48625  43.557  -51.365  -4.971 0.4000000060
48611  42.869  -51.803  -3.707 0.4000000060
48612  42.213  -51.355  -3.386 0.4000000060
47706  44.379  -52.498  -5.487 0.4000000060
123587  43.398  -51.940  -4.298 0.4000000060
47693  42.588  -52.050  -3.035 0.4000000060
49597  28.257  -50.343  -4.717 0.6000000238
49598  27.326  -50.397  -4.991 0.6000000238
140719  29.214  -49.273  -4.429 0.5000000000
129041  28.058  -48.242  -4.456 0.5000000000
52349  28.806  -47.502  -4.693 0.5000000000
53208  29.147  -46.332  -5.225 0.5000000000
53223  29.787  -45.750  -5.428 0.4000000060
125966  32.954  -39.871  -5.898 0.3000000119
59813  33.003  -38.990  -6.544 0.3000000119
58917  32.518  -39.697  -6.757 0.3000000119
59786  34.642  -39.397  -4.015 0.3000000119
121998  34.088  -39.624  -4.609 0.3000000119
58891  33.540  -40.237  -5.078 0.3000000119
59799  33.479  -39.326  -5.497 0.3000000119
60729  33.207  -38.172  -6.811 0.3000000119
60730  32.740  -38.474  -7.413 0.3000000119
60740  32.935  -37.888  -7.500 0.3000000119
60699  35.006  -38.705  -3.697 0.3000000119
128245  34.354  -38.825  -4.471 0.3000000119
59791  33.835  -38.883  -5.071 0.3000000119
60714  33.994  -38.247  -5.141 0.3000000119
60715  33.528  -38.536  -5.878 0.3000000119
61620  33.633  -37.681  -6.062 0.3000000119
61648  32.872  -37.298  -7.876 0.3000000119
62533  32.374  -36.771  -8.395 0.3000000119
60706  34.563  -38.072  -4.345 0.3000000119
61619  34.197  -37.489  -5.042 0.3000000119
62507  33.904  -36.896  -5.702 0.3000000119
62508  33.525  -36.919  -6.611 0.3000000119
135612  33.268  -36.878  -7.375 0.3000000119
62532  33.185  -36.341  -7.944 0.3000000119
61604  35.471  -37.282  -3.340 0.3000000119
61611  34.818  -37.210  -4.099 0.3000000119
120575  34.134  -36.261  -5.429 0.3000000119
62516  33.779  -36.243  -6.197 0.3000000119
62517  33.477  -36.253  -7.079 0.3000000119
63402  33.496  -35.553  -7.517 0.3000000119
62493  35.343  -36.525  -3.570 0.3000000119
62499  34.847  -36.424  -4.189 0.3000000119
62500  34.397  -36.702  -4.854 0.3000000119
64298  34.487  -34.941  -5.045 0.3000000119
63401  33.737  -35.516  -6.631 0.3000000119
63385  35.172  -35.788  -3.866 0.3000000119
64297  34.990  -35.052  -4.213 0.3000000119
137449  34.888  -34.419  -4.536 0.3000000119
124854  35.435  -34.328  -3.963 0.3000000119
65118  35.780  -33.448  -3.887 0.3000000119
124310  41.716  -56.279  0.711 0.4000000060
45005  42.950  -56.138  0.238 0.4000000060
44153  43.674  -56.398  -0.056 0.4000000060
45028  46.104  -55.891  -1.591 0.4000000060
44168  44.894  -56.145  -0.845 0.4000000060
122841  48.233  -54.696  -3.522 0.3000000119
45057  47.635  -55.225  -3.048 0.3000000119
136115  46.406  -55.529  -2.301 0.3000000119
46904  45.337  -53.999  -6.261 0.3000000119
45960  46.205  -54.994  -6.353 0.3000000119
49604  43.463  -50.507  -5.350 0.4000000060
121235  44.560  -52.259  -6.183 0.3000000119
50583  43.303  -49.583  -5.488 0.4000000060
61603  36.089  -37.447  -2.783 0.3000000119
131336  36.012  -36.565  -2.898 0.3000000119
63379  35.757  -35.825  -3.224 0.3000000119
64289  35.604  -35.065  -3.544 0.3000000119
124860  36.080  -34.267  -3.240 0.3000000119
45947  47.068  -54.674  -6.129 0.3000000119
45883  40.599  -55.179  0.252 0.4000000060
46865  40.502  -53.359  -1.094 0.5000000000
45949  46.197  -55.032  -5.219 0.3000000119
134245  35.068  -37.866  -3.684 0.3000000119
63393  34.126  -35.583  -5.688 0.3000000119
64305  34.135  -34.687  -6.115 0.3000000119
65117  36.376  -33.340  -3.177 0.3000000119
44141  41.256  -56.786  0.968 0.3000000119
44140  42.443  -56.614  0.648 0.3000000119
40608  36.038  -60.214  -9.653 0.6000000238
41592  36.156  -59.728  -10.096 0.6999999881
40609  35.406  -60.254  -9.586 0.6999999881
44139  43.207  -56.927  0.431 0.3000000119
37490  37.447  -63.401  -1.652 0.3000000119
38472  38.213  -62.439  -0.996 0.3000000119
41584  33.837  -59.855  -8.833 0.6999999881
42461  41.074  -58.521  1.340 0.3000000119
41595  34.325  -60.262  -9.438 0.6999999881
122455  34.721  -60.548  -9.572 0.6999999881
42460  42.007  -58.522  1.261 0.3000000119
43326  42.542  -57.571  0.938 0.3000000119
41593  35.712  -59.613  -9.915 0.6999999881
43325  43.580  -57.856  0.436 0.3000000119
43336  44.873  -57.462  -0.378 0.3000000119
43337  44.301  -57.607  -0.027 0.3000000119
43338  43.868  -57.093  0.136 0.3000000119
141435  46.109  -57.230  -0.880 0.3000000119
44151  45.100  -56.819  -0.577 0.3000000119
131216  44.422  -56.758  -0.315 0.3000000119
39508  38.633  -61.723  -0.894 0.3000000119
128060  40.643  -59.992  0.927 0.4000000060
42552  34.152  -59.119  -8.387 0.6999999881
41486  41.487  -59.199  1.271 0.3000000119
41487  40.764  -59.313  1.167 0.3000000119
41583  34.600  -59.574  -9.177 0.6999999881
42560  35.255  -59.269  -9.596 0.6999999881
118442  42.938  -58.692  0.749 0.3000000119
42459  43.642  -58.783  0.271 0.3000000119
120258  44.680  -58.759  -0.432 0.3000000119
42487  45.962  -58.152  -0.862 0.3000000119
40503  41.746  -60.638  0.615 0.3000000119
121856  41.297  -59.934  1.063 0.3000000119
41484  43.295  -59.719  0.189 0.3000000119
41485  42.241  -59.650  0.872 0.3000000119
42551  34.882  -58.787  -8.882 0.6999999881
41500  44.061  -59.231  -0.202 0.3000000119
42550  35.516  -58.519  -9.443 0.6999999881
44167  45.686  -56.480  -0.954 0.3000000119
43350  46.673  -57.592  -1.214 0.3000000119
42546  34.512  -58.295  -7.932 0.6999999881
40502  42.586  -60.675  0.182 0.3000000119
43400  35.293  -57.835  -8.578 0.6999999881
40512  44.095  -60.605  -0.956 0.3000000119
133219  35.842  -57.858  -9.300 0.6999999881
44166  46.470  -56.644  -1.269 0.3000000119
44213  35.964  -57.150  -8.846 0.6999999881
49619  43.983  -50.231  -6.167 0.3000000119
39595  35.317  -60.869  -9.340 0.6999999881
39594  36.143  -60.797  -8.799 0.6000000238
39582  35.491  -61.400  -8.523 0.6000000238
40595  36.863  -60.294  -9.303 0.6000000238
40596  33.592  -60.548  -9.252 0.6999999881
39507  39.324  -61.903  -0.374 0.3000000119
41576  33.344  -59.452  -7.960 0.6999999881
39494  39.868  -61.159  0.049 0.4000000060
42547  33.668  -58.648  -7.486 0.6999999881
128418  40.545  -61.278  0.262 0.4000000060
40505  40.303  -60.462  0.494 0.4000000060
43396  34.027  -57.807  -7.001 0.6999999881
39492  42.043  -61.519  0.036 0.3000000119
39504  42.199  -62.568  -0.839 0.3000000119
43327  41.413  -57.597  1.228 0.3000000119
40514  42.644  -61.593  -0.487 0.3000000119
39493  41.287  -61.375  0.280 0.3000000119
117552  42.540  -60.218  -9.903 0.5000000000
40592  39.860  -60.454  -8.777 0.5000000000
38522  40.366  -61.471  -8.701 0.5000000000
40603  41.576  -60.186  -9.348 0.4000000060
35059  33.951  -66.543  -8.043 0.4000000060
34124  32.074  -67.576  -8.590 0.5000000000
40591  40.703  -60.606  -8.899 0.4000000060
39579  39.314  -61.278  -8.517 0.5000000000
33130  30.480  -68.338  -9.888 0.4000000060
32178  29.604  -69.015  -10.324 0.4000000060
35060  33.063  -66.744  -8.147 0.5000000000
40594  37.854  -60.418  -8.916 0.4000000060
33142  29.509  -68.112  -10.453 0.4000000060
32179  29.041  -69.573  -10.456 0.4000000060
34133  30.671  -67.676  -9.840 0.4000000060
120761  32.237  -66.831  -8.533 0.5000000000
35062  31.486  -66.886  -9.175 0.4000000060
35908  33.091  -65.919  -8.048 0.5000000000
36748  34.357  -63.820  -7.812 0.4000000060
119792  37.198  -61.093  -8.320 0.5000000000
39569  35.709  -61.904  -7.886 0.4000000060
37552  34.829  -62.633  -7.874 0.4000000060
39581  36.292  -61.516  -8.004 0.4000000060
32180  28.323  -69.420  -10.415 0.4000000060
34136  25.503  -67.383  -9.433 0.4000000060
34134  30.316  -67.186  -10.164 0.4000000060
35072  26.994  -66.564  -9.633 0.4000000060
35061  31.730  -66.081  -9.110 0.5000000000
35070  31.044  -66.390  -9.706 0.4000000060
35922  27.290  -65.792  -9.558 0.4000000060
35909  32.329  -65.459  -8.677 0.5000000000
36762  28.625  -64.866  -9.609 0.4000000060
36763  27.602  -64.965  -9.410 0.4000000060
126233  33.119  -64.868  -8.176 0.5000000000
37562  32.966  -63.900  -8.877 0.5000000000
37579  28.139  -63.406  -9.170 0.4000000060
38547  27.914  -62.853  -8.956 0.4000000060
135121  33.623  -64.092  -8.118 0.5000000000
37561  33.698  -63.214  -8.574 0.6000000238
38527  34.299  -62.388  -8.687 0.6000000238
38515  35.035  -62.009  -8.186 0.5000000000
34150  26.362  -67.909  -9.719 0.4000000060
34135  26.684  -67.258  -9.676 0.4000000060
33143  28.816  -68.111  -10.450 0.4000000060
35918  31.173  -65.713  -9.616 0.5000000000
35919  30.506  -66.112  -9.903 0.4000000060
35071  28.040  -66.430  -10.017 0.4000000060
35917  31.705  -65.231  -9.317 0.5000000000
35921  28.339  -65.679  -9.838 0.4000000060
36749  32.278  -64.582  -9.046 0.5000000000
37573  33.121  -63.067  -9.366 0.5000000000
38546  28.732  -62.980  -9.110 0.4000000060
38528  33.677  -62.515  -9.283 0.6000000238
39583  34.724  -61.584  -9.109 0.6000000238
34149  27.468  -67.757  -9.981 0.4000000060
35081  30.072  -66.755  -10.200 0.4000000060
35084  27.765  -67.128  -10.016 0.4000000060
35083  28.681  -67.010  -10.311 0.4000000060
35920  29.288  -65.614  -9.897 0.4000000060
36758  31.742  -64.579  -9.447 0.5000000000
36761  29.557  -64.791  -9.649 0.4000000060
37578  28.861  -63.915  -9.447 0.4000000060
37574  32.339  -63.773  -9.408 0.5000000000
138702  29.270  -63.438  -9.322 0.4000000060
39596  34.571  -61.098  -9.578 0.6000000238
38541  34.100  -61.918  -9.535 0.6000000238
38542  33.475  -62.284  -9.505 0.6000000238
129420  28.452  -68.624  -10.387 0.4000000060
34148  28.389  -67.629  -10.283 0.4000000060
35932  29.790  -66.247  -10.113 0.4000000060
35933  28.985  -66.331  -10.190 0.4000000060
140486  31.318  -65.125  -9.534 0.5000000000
121219  30.830  -65.348  -9.683 0.5000000000
117458  30.119  -65.524  -9.795 0.5000000000
36759  31.233  -64.676  -9.567 0.5000000000
36760  30.469  -64.628  -9.599 0.5000000000
128930  31.689  -64.096  -9.521 0.5000000000
37576  31.094  -63.966  -9.495 0.5000000000
37577  29.731  -63.934  -9.483 0.4000000060
38543  32.766  -62.825  -9.453 0.6000000238
38545  29.725  -63.070  -9.172 0.5000000000
136550  29.077  -62.185  -8.687 0.4000000060
39597  33.870  -61.597  -9.646 0.6000000238
37575  31.774  -63.257  -9.381 0.5000000000
38544  30.736  -63.129  -9.223 0.5000000000
39598  33.150  -61.995  -9.533 0.6000000238
39599  32.258  -62.327  -9.248 0.6000000238
38529  31.227  -62.426  -8.947 0.5000000000
40611  33.401  -61.252  -9.491 0.6000000238
40610  34.112  -60.912  -9.680 0.6000000238
41566  31.008  -59.570  -6.621 0.5000000000
41565  31.963  -59.370  -6.786 0.6000000238
41578  31.479  -60.058  -7.228 0.5000000000
41577  32.464  -59.798  -7.555 0.6000000238
40584  30.921  -60.656  -7.581 0.5000000000
40599  30.263  -61.099  -7.908 0.5000000000
39584  32.606  -61.565  -9.139 0.6000000238
131354  31.708  -61.742  -8.742 0.5000000000
38530  30.148  -62.309  -8.804 0.5000000000
129854  29.556  -61.535  -8.299 0.5000000000
42540  32.353  -58.694  -6.468 0.5000000000
42541  31.505  -58.772  -6.126 0.5000000000
42539  33.113  -58.161  -6.561 0.6000000238
42548  32.830  -59.035  -7.116 0.6000000238
40598  31.271  -61.172  -8.180 0.6000000238
39585  30.671  -61.705  -8.461 0.5000000000
41585  33.044  -60.204  -8.414 0.6000000238
40583  32.058  -60.617  -7.979 0.6000000238
132440  38.866  -62.025  -8.321 0.4000000060
40606  38.410  -59.930  -9.459 0.5000000000
40593  38.836  -60.536  -8.780 0.4000000060
40597  32.823  -60.885  -8.862 0.6000000238
39592  41.908  -61.153  -9.549 0.5000000000
38540  40.128  -62.397  -8.808 0.5000000000
39593  41.183  -61.654  -9.146 0.5000000000
133541  32.448  -66.205  -8.446 0.5000000000
33131  30.121  -67.813  -10.293 0.4000000060
34146  29.786  -67.376  -10.377 0.4000000060
36764  26.475  -65.094  -9.113 0.4000000060
122742  27.901  -64.106  -9.282 0.4000000060
34147  29.153  -67.528  -10.452 0.4000000060
33144  28.072  -68.201  -10.244 0.4000000060
120317  32.121  -61.215  -8.555 0.6000000238
35073  25.821  -66.683  -9.351 0.3000000119
37580  26.838  -64.219  -9.000 0.3000000119
35923  26.142  -65.923  -9.251 0.3000000119
37563  27.258  -63.315  -8.893 0.3000000119
37564  26.112  -63.508  -8.604 0.3000000119
36750  25.660  -64.381  -8.719 0.3000000119
32181  27.744  -68.860  -10.281 0.4000000060
33132  25.209  -68.078  -9.528 0.4000000060
34123  32.964  -67.502  -8.278 0.5000000000
35044  39.690  -66.256  -6.834 0.5000000000
35082  29.463  -66.898  -10.350 0.4000000060
35881  38.780  -65.565  -5.390 0.5000000000
35890  39.168  -65.801  -5.846 0.5000000000
35899  40.175  -65.818  -6.906 0.5000000000
36722  39.369  -64.541  -5.708 0.5000000000
36740  40.888  -65.012  -7.119 0.6000000238
37503  37.410  -63.415  -2.377 0.4000000060
37525  38.452  -63.545  -4.595 0.5000000000
37551  35.524  -62.546  -7.730 0.4000000060
37555  42.746  -63.825  -8.442 0.4000000060
37560  34.407  -63.051  -7.967 0.4000000060
38473  37.758  -62.803  -1.303 0.3000000119
38489  39.116  -62.095  -5.102 0.6000000238
38519  45.047  -61.540  -9.709 0.4000000060
38523  39.637  -62.008  -8.502 0.5000000000
39535  38.764  -61.162  -3.818 0.6000000238
39564  40.599  -61.509  -5.964 0.6000000238
39576  44.082  -61.144  -8.454 0.5000000000
39578  41.125  -61.025  -9.037 0.5000000000
39601  45.448  -60.288  -11.332 0.5000000000
40504  40.959  -60.617  0.705 0.4000000060
40513  43.347  -60.904  -0.608 0.3000000119
40600  45.609  -60.176  -10.664 0.5000000000
40614  44.745  -59.856  -11.168 0.5000000000
41574  44.325  -58.723  -8.518 0.6000000238
41575  43.818  -59.028  -7.760 0.6000000238
41590  38.158  -59.606  -10.334 0.6999999881
41594  35.032  -59.957  -9.609 0.6999999881
42458  44.182  -58.389  0.002 0.3000000119
42463  39.755  -58.543  0.291 0.4000000060
42525  41.473  -58.262  -6.070 0.8000000119
42553  44.050  -58.294  -9.819 0.6000000238
42565  40.050  -58.280  -12.324 0.8999999762
43385  39.937  -56.935  -5.329 0.6999999881
44201  32.062  -57.190  -5.577 0.6999999881
44207  41.546  -57.016  -8.296 0.8000000119
44220  42.127  -56.118  -13.026 0.8999999762
45008  40.080  -55.737  0.365 0.5000000000
45099  41.888  -56.215  -12.358 0.8999999762
45102  42.389  -55.456  -13.173 1.0000000000
45896  39.739  -54.381  -0.706 0.5000000000
46003  41.918  -54.667  -13.519 1.0000000000
46935  41.981  -53.850  -11.558 0.6999999881
46943  43.056  -53.936  -13.004 1.0000000000
47694  38.818  -52.093  -3.802 0.6999999881
47707  43.965  -52.212  -4.927 0.4000000060
47751  42.950  -52.429  -13.097 0.8999999762
47759  42.886  -53.176  -13.135 1.0000000000
47760  42.605  -53.206  -13.445 1.0000000000
48614  40.368  -51.086  -3.063 0.5000000000
48638  38.856  -51.998  -5.881 0.6999999881
48681  38.895  -51.724  -11.597 1.0000000000
49589  42.397  -50.311  -4.323 0.4000000060
49607  33.658  -50.257  -6.329 1.0000000000
50568  39.956  -49.824  -4.841 0.6000000238
50587  36.269  -48.842  -5.784 0.6999999881
51496  36.875  -48.339  -6.023 0.5000000000
51499  43.485  -48.170  -6.127 0.4000000060
53241  44.129  -46.217  -7.369 0.3000000119
53256  34.320  -46.667  -9.734 0.8999999762
54156  39.040  -45.917  -4.499 0.3000000119
55036  39.668  -44.183  -2.821 0.3000000119
56003  36.154  -43.585  -2.819 0.3000000119
57103  37.588  -42.279  -11.127 0.4000000060
57962  38.377  -41.723  -1.598 0.3000000119
58890  34.155  -40.595  -4.381 0.3000000119
59779  37.053  -39.619  -2.086 0.3000000119
61634  33.243  -37.481  -7.092 0.3000000119
63378  36.283  -35.834  -2.791 0.3000000119
63386  34.548  -35.822  -4.723 0.3000000119
120725  39.810  -58.949  -2.994 0.5000000000
120998  39.506  -58.082  -0.317 0.4000000060
123800  39.278  -42.021  -11.450 0.5000000000
124425  45.519  -57.370  -0.625 0.3000000119
124921  36.694  -38.931  -2.367 0.3000000119
127150  41.984  -55.538  -13.418 1.0000000000
127394  42.492  -61.771  -7.477 0.6000000238
127459  30.866  -67.027  -9.781 0.4000000060
128404  40.605  -48.149  -7.068 0.6999999881
128468  40.629  -56.386  -13.095 1.0000000000
129482  35.203  -45.637  -9.990 0.6999999881
129734  28.993  -68.762  -10.475 0.4000000060
130024  38.614  -41.083  -1.494 0.3000000119
130562  30.243  -69.018  -9.919 0.4000000060
130694  38.361  -61.339  -1.609 0.4000000060
131808  33.626  -54.482  -7.195 0.8999999762
132819  30.373  -63.757  -9.432 0.5000000000
133024  32.526  -39.105  -7.311 0.3000000119
133625  41.930  -53.225  -13.607 1.0000000000
134523  39.523  -58.034  -12.308 0.8999999762
134681  44.664  -58.075  -0.245 0.3000000119
134829  41.884  -56.938  0.992 0.3000000119
135002  39.735  -56.082  -12.707 1.0000000000
136681  40.161  -41.186  -1.710 0.3000000119
137084  36.592  -41.667  -2.333 0.3000000119
137653  29.061  -52.211  -7.042 0.6999999881
138467  36.751  -54.313  -9.498 0.8999999762
138486  39.723  -50.358  -7.960 0.6000000238
138490  45.732  -60.726  -11.382 0.5000000000
138794  45.032  -59.426  -9.367 0.5000000000
138998  41.280  -60.389  -5.685 0.6999999881
139530  37.554  -42.584  -1.901 0.3000000119
139829  29.983  -68.415  -10.283 0.4000000060
139928  30.515  -66.674  -9.980 0.4000000060
139996  38.760  -45.629  -6.232 0.4000000060
140442  38.330  -58.555  -11.553 0.8000000119
140535  34.528  -46.195  -9.916 0.8999999762
140935  37.566  -52.361  -10.416 1.0000000000
141077  37.462  -64.657  -3.290 0.3000000119
141217  38.887  -63.446  -5.154 0.5000000000
