#!ascii label  , from subject sub-fsm22db vox2ras=TkReg
1304
96971  46.844  21.390  67.850 0.0000000000
148130  44.866  15.026  50.707 0.0000000000
93700  55.690  17.925  47.238 0.0000000000
88480  46.745  11.853  33.948 0.0000000000
94403  40.737  17.791  63.564 0.0000000000
138932  53.741  19.581  57.052 0.0000000000
92059  47.852  15.301  40.072 0.0000000000
94581  44.517  18.890  43.104 0.0000000000
154201  45.874  21.425  55.980 0.0000000000
97107  39.580  21.407  57.359 0.0000000000
145241  38.625  14.036  52.071 0.0000000000
95454  50.344  19.636  47.358 0.0000000000
94598  48.552  18.728  40.910 0.0000000000
91980  50.541  15.389  49.810 0.0000000000
92985  52.488  16.814  37.935 0.0000000000
95466  45.189  19.701  46.248 0.0000000000
98649  42.863  24.351  59.462 0.0000000000
97030  43.216  21.742  62.576 0.0000000000
92844  37.892  16.547  57.199 0.0000000000
94524  56.199  18.207  51.343 0.0000000000
95432  52.543  19.406  51.283 0.0000000000
151138  52.985  19.119  46.961 0.0000000000
93724  49.560  17.412  44.421 0.0000000000
93737  51.642  17.440  43.442 0.0000000000
95422  44.910  19.137  52.826 0.0000000000
93660  48.992  17.766  53.045 0.0000000000
91970  48.125  14.959  50.691 0.0000000000
148200  49.402  13.723  34.050 0.0000000000
92067  50.299  15.980  38.622 0.0000000000
93015  49.534  15.839  34.238 0.0000000000
93003  47.297  16.352  36.516 0.0000000000
90288  45.172  13.110  35.560 0.0000000000
86608  43.684  9.847  38.562 0.0000000000
96111  43.762  20.096  70.665 0.0000000000
95285  43.736  19.718  66.804 0.0000000000
92872  56.438  16.648  52.295 0.0000000000
90214  44.092  13.598  46.899 0.0000000000
91117  46.389  14.385  45.667 0.0000000000
138546  45.352  13.657  40.943 0.0000000000
89351  47.169  12.781  36.738 0.0000000000
98701  47.808  23.871  56.434 0.0000000000
100372  43.530  25.658  54.965 0.0000000000
151054  42.570  21.229  55.493 0.0000000000
147154  41.489  19.083  52.752 0.0000000000
95342  39.776  19.983  60.949 0.0000000000
152907  38.335  18.444  54.605 0.0000000000
91976  41.182  15.003  50.880 0.0000000000
88390  41.668  11.679  48.292 0.0000000000
96142  39.693  20.367  67.710 0.0000000000
97161  50.069  21.353  51.249 0.0000000000
95456  47.972  20.354  47.823 0.0000000000
94561  46.792  18.400  45.644 0.0000000000
143528  46.364  18.747  42.180 0.0000000000
93785  44.724  18.159  39.302 0.0000000000
96259  50.511  20.987  56.644 0.0000000000
140087  52.561  17.464  53.293 0.0000000000
92918  53.418  16.397  48.244 0.0000000000
91129  49.177  14.631  44.678 0.0000000000
158391  52.450  15.555  43.007 0.0000000000
151801  54.619  16.903  42.745 0.0000000000
150912  50.334  18.138  39.330 0.0000000000
92987  46.665  17.130  38.162 0.0000000000
96356  44.805  20.543  46.563 0.0000000000
96351  45.877  20.674  47.236 0.0000000000
97805  44.647  22.423  63.247 0.0000000000
96995  45.794  21.718  65.857 0.0000000000
94532  56.876  17.888  49.391 0.0000000000
94534  55.037  18.732  48.590 0.0000000000
94542  54.669  18.751  47.316 0.0000000000
93708  52.482  17.683  45.089 0.0000000000
93707  53.768  17.435  45.039 0.0000000000
93687  45.048  16.955  51.682 0.0000000000
153998  46.951  16.744  51.904 0.0000000000
148734  46.229  15.016  50.756 0.0000000000
147886  48.660  12.929  32.925 0.0000000000
91215  49.569  14.806  33.643 0.0000000000
91224  47.755  14.040  33.192 0.0000000000
91218  46.459  13.834  34.434 0.0000000000
89371  46.280  12.490  34.362 0.0000000000
87573  44.741  10.918  36.329 0.0000000000
87572  45.584  10.282  35.788 0.0000000000
94352  44.692  18.758  71.227 0.0000000000
93645  57.026  17.448  54.054 0.0000000000
94464  54.997  18.083  55.616 0.0000000000
90232  43.530  13.142  44.280 0.0000000000
91144  44.470  13.991  43.867 0.0000000000
155564  44.528  12.687  41.535 0.0000000000
88456  46.910  11.584  37.320 0.0000000000
88462  49.005  11.248  35.047 0.0000000000
88468  49.053  11.583  33.976 0.0000000000
97876  40.864  23.192  58.229 0.0000000000
98690  41.131  23.564  56.252 0.0000000000
97123  40.560  22.119  56.109 0.0000000000
137957  41.775  20.515  54.928 0.0000000000
95384  39.990  20.100  55.111 0.0000000000
95302  42.168  19.130  65.127 0.0000000000
96183  41.379  19.936  63.115 0.0000000000
95323  40.131  18.974  62.238 0.0000000000
91941  37.751  15.740  54.511 0.0000000000
93635  37.460  17.550  56.537 0.0000000000
92867  38.204  16.471  53.279 0.0000000000
92883  39.345  16.551  52.224 0.0000000000
91067  39.627  14.315  51.328 0.0000000000
152319  41.839  12.930  50.206 0.0000000000
144946  40.452  12.528  50.517 0.0000000000
86485  42.145  9.311  47.221 0.0000000000
95441  51.041  19.800  49.537 0.0000000000
96331  51.226  20.122  51.111 0.0000000000
96343  50.140  20.089  49.113 0.0000000000
96339  48.884  20.597  49.485 0.0000000000
143943  48.618  20.110  47.584 0.0000000000
95464  47.861  19.577  46.766 0.0000000000
94552  48.257  19.008  46.365 0.0000000000
93753  48.310  18.136  42.139 0.0000000000
93754  47.772  17.800  42.814 0.0000000000
133412  47.083  18.999  41.422 0.0000000000
95518  45.175  19.462  39.991 0.0000000000
140056  45.794  19.024  39.083 0.0000000000
98688  46.586  22.582  56.641 0.0000000000
97104  48.505  21.978  57.730 0.0000000000
97130  48.097  21.272  55.889 0.0000000000
92893  50.055  16.070  51.706 0.0000000000
93658  50.641  17.559  53.129 0.0000000000
92891  51.669  16.303  51.470 0.0000000000
92890  52.745  16.466  51.259 0.0000000000
91978  52.222  15.998  48.931 0.0000000000
91151  47.142  15.037  42.125 0.0000000000
91130  48.253  14.502  45.094 0.0000000000
92036  48.768  15.370  42.119 0.0000000000
92978  52.361  16.527  38.358 0.0000000000
134904  51.510  15.750  41.772 0.0000000000
92965  53.437  16.471  40.619 0.0000000000
158561  53.811  16.093  42.491 0.0000000000
92975  53.818  17.051  39.992 0.0000000000
132203  53.336  17.561  40.446 0.0000000000
93783  52.213  17.423  38.443 0.0000000000
92096  45.993  15.116  36.581 0.0000000000
92994  46.999  16.647  37.398 0.0000000000
92080  45.225  14.927  37.938 0.0000000000
139774  45.109  15.319  38.788 0.0000000000
97085  52.809  21.518  59.457 0.0000000000
137485  43.812  19.527  45.545 0.0000000000
94569  43.956  18.839  43.833 0.0000000000
99455  43.895  24.948  59.969 0.0000000000
98625  44.152  23.405  61.487 0.0000000000
97846  43.051  22.880  60.951 0.0000000000
97074  40.900  21.995  59.861 0.0000000000
93612  39.124  17.536  60.737 0.0000000000
94525  54.705  18.550  50.915 0.0000000000
95440  52.844  19.311  49.222 0.0000000000
95453  51.261  19.469  47.286 0.0000000000
94558  49.673  18.315  45.776 0.0000000000
94557  50.679  18.260  45.727 0.0000000000
93723  50.684  17.393  44.233 0.0000000000
93764  49.963  18.082  41.610 0.0000000000
96307  45.821  20.245  53.977 0.0000000000
95394  47.681  19.932  54.129 0.0000000000
94509  47.307  17.976  52.754 0.0000000000
92879  48.432  16.667  52.178 0.0000000000
91070  49.139  14.741  49.802 0.0000000000
91192  48.029  14.208  36.554 0.0000000000
92068  48.986  15.686  39.419 0.0000000000
92085  49.876  15.446  36.141 0.0000000000
92084  50.922  15.871  36.429 0.0000000000
148854  50.929  16.466  35.844 0.0000000000
93807  50.875  17.035  36.232 0.0000000000
93010  48.530  16.369  35.128 0.0000000000
91202  46.189  14.775  35.697 0.0000000000
90281  44.307  13.129  36.511 0.0000000000
87562  44.385  10.570  37.082 0.0000000000
96947  46.074  21.190  70.493 0.0000000000
96149  45.421  20.872  67.198 0.0000000000
95265  45.633  19.957  69.987 0.0000000000
94373  43.984  18.151  68.016 0.0000000000
93569  42.965  17.494  66.781 0.0000000000
94485  57.112  18.108  53.563 0.0000000000
93685  57.214  17.149  51.366 0.0000000000
145274  56.779  17.179  49.511 0.0000000000
90202  44.826  13.268  48.787 0.0000000000
136676  46.139  13.619  48.136 0.0000000000
91118  45.334  14.292  45.475 0.0000000000
134636  45.847  14.590  43.235 0.0000000000
91169  46.447  14.288  39.846 0.0000000000
141199  46.021  12.158  38.412 0.0000000000
90270  46.143  13.042  38.328 0.0000000000
90275  47.241  13.605  37.076 0.0000000000
90286  48.587  13.041  35.027 0.0000000000
89369  49.010  12.397  33.460 0.0000000000
87605  47.771  11.112  33.611 0.0000000000
87582  46.616  10.359  34.649 0.0000000000
99525  45.328  24.912  54.596 0.0000000000
98704  44.385  23.180  55.222 0.0000000000
100338  42.350  25.448  57.020 0.0000000000
145272  42.386  23.231  55.310 0.0000000000
97122  44.091  21.547  55.746 0.0000000000
96309  43.971  20.383  54.247 0.0000000000
95424  43.104  19.286  52.697 0.0000000000
93689  42.683  17.388  51.676 0.0000000000
96170  43.375  20.886  64.722 0.0000000000
97047  41.554  21.064  61.585 0.0000000000
96237  39.136  20.725  58.688 0.0000000000
94443  38.282  18.383  59.608 0.0000000000
95359  38.285  19.737  58.225 0.0000000000
95371  38.857  19.963  56.211 0.0000000000
94497  39.352  18.467  53.491 0.0000000000
93691  41.006  17.162  51.799 0.0000000000
148056  43.052  15.396  50.815 0.0000000000
90188  43.090  12.992  49.899 0.0000000000
89280  42.483  12.520  47.315 0.0000000000
88408  42.876  12.003  44.879 0.0000000000
153597  40.913  10.629  49.012 0.0000000000
87461  42.269  10.498  46.286 0.0000000000
96959  43.561  21.684  69.449 0.0000000000
96124  41.499  20.132  69.256 0.0000000000
95277  38.447  19.154  67.635 0.0000000000
97932  51.834  22.493  52.453 0.0000000000
97162  49.615  22.067  51.284 0.0000000000
96354  46.276  20.259  46.937 0.0000000000
94562  45.812  18.539  45.472 0.0000000000
94567  45.446  18.227  44.499 0.0000000000
93726  47.776  17.533  44.445 0.0000000000
93742  46.574  17.770  43.752 0.0000000000
94591  44.812  19.266  42.225 0.0000000000
96257  52.236  20.400  57.080 0.0000000000
139948  49.345  19.609  54.375 0.0000000000
95391  51.093  19.338  54.671 0.0000000000
94466  52.933  18.737  55.056 0.0000000000
92866  54.308  16.967  53.075 0.0000000000
132106  55.308  16.540  50.369 0.0000000000
155892  55.106  17.163  47.391 0.0000000000
90205  47.352  13.875  48.245 0.0000000000
91094  48.679  14.338  47.450 0.0000000000
148346  49.932  14.637  46.699 0.0000000000
92035  49.640  15.425  42.317 0.0000000000
92023  50.772  15.299  43.388 0.0000000000
91099  51.574  15.140  45.926 0.0000000000
132438  52.546  15.521  46.162 0.0000000000
91990  54.071  16.385  45.504 0.0000000000
93720  54.279  16.922  44.406 0.0000000000
151323  53.968  17.391  42.672 0.0000000000
94597  50.986  18.209  40.921 0.0000000000
94607  48.917  18.627  40.276 0.0000000000
93793  49.576  17.748  37.781 0.0000000000
94627  48.585  18.274  38.741 0.0000000000
94618  47.492  18.692  39.190 0.0000000000
93784  45.439  17.605  39.043 0.0000000000
87552  42.513  10.936  38.521 0.0000000000
96352  45.220  20.959  47.007 0.0000000000
97183  45.519  21.157  47.671 0.0000000000
96983  47.298  21.844  67.285 0.0000000000
96994  46.844  22.028  66.249 0.0000000000
96984  46.206  21.443  66.959 0.0000000000
94540  56.170  18.045  47.795 0.0000000000
94537  55.918  18.403  47.991 0.0000000000
94541  55.478  18.344  47.337 0.0000000000
94546  54.437  18.349  46.576 0.0000000000
93703  54.681  17.706  46.349 0.0000000000
92897  44.743  16.254  51.330 0.0000000000
92896  45.559  16.302  51.425 0.0000000000
91972  45.440  14.797  50.625 0.0000000000
89382  47.531  12.009  33.395 0.0000000000
90302  48.257  13.476  32.907 0.0000000000
89370  47.019  12.586  33.562 0.0000000000
90294  46.622  13.200  33.978 0.0000000000
88469  46.021  11.714  34.709 0.0000000000
87583  45.856  10.862  35.071 0.0000000000
96248  53.852  20.391  58.478 0.0000000000
95368  54.636  19.062  56.943 0.0000000000
94454  55.351  18.477  56.337 0.0000000000
94455  54.545  18.593  56.172 0.0000000000
89306  43.624  12.560  43.536 0.0000000000
89305  44.078  12.975  42.729 0.0000000000
89313  44.246  12.263  41.970 0.0000000000
87571  48.490  10.920  36.254 0.0000000000
87581  49.208  10.364  35.154 0.0000000000
133927  49.052  10.866  34.423 0.0000000000
133355  43.915  19.466  42.044 0.0000000000
97877  40.422  22.462  58.449 0.0000000000
97889  40.407  22.757  57.399 0.0000000000
131588  40.047  22.028  56.851 0.0000000000
97138  40.544  21.095  55.714 0.0000000000
96261  39.913  20.992  56.058 0.0000000000
94395  41.794  18.218  65.007 0.0000000000
95313  41.198  18.924  63.750 0.0000000000
94414  40.159  17.979  62.716 0.0000000000
140813  38.191  14.694  53.089 0.0000000000
91946  37.791  16.031  53.842 0.0000000000
91951  38.517  15.325  52.522 0.0000000000
91965  38.868  15.093  51.974 0.0000000000
91068  38.973  14.514  51.762 0.0000000000
90191  39.720  13.556  51.139 0.0000000000
146889  39.801  12.757  50.923 0.0000000000
95442  50.897  19.780  48.683 0.0000000000
156524  50.595  19.945  49.303 0.0000000000
95448  50.033  19.953  48.200 0.0000000000
96344  49.424  20.283  48.914 0.0000000000
95455  49.447  19.868  47.443 0.0000000000
95463  48.749  19.627  46.885 0.0000000000
95462  49.785  19.451  46.793 0.0000000000
94587  48.934  18.367  41.519 0.0000000000
94599  47.689  19.037  40.819 0.0000000000
94609  46.718  19.295  40.487 0.0000000000
94608  47.497  19.035  40.017 0.0000000000
97901  46.223  22.026  56.631 0.0000000000
97117  47.701  21.636  56.758 0.0000000000
97131  47.175  21.461  56.086 0.0000000000
91968  50.135  15.408  50.615 0.0000000000
92892  50.864  16.171  51.637 0.0000000000
91967  50.921  15.730  50.563 0.0000000000
92908  51.889  16.169  50.639 0.0000000000
135212  51.244  15.587  49.162 0.0000000000
155949  47.400  15.131  41.434 0.0000000000
91150  48.033  15.119  42.579 0.0000000000
92049  47.982  15.343  40.999 0.0000000000
92986  52.180  16.610  37.623 0.0000000000
92971  52.334  16.384  39.361 0.0000000000
92977  53.020  16.744  38.978 0.0000000000
92970  53.704  16.869  39.923 0.0000000000
92984  52.822  16.912  38.498 0.0000000000
93782  52.949  17.168  38.744 0.0000000000
93790  52.592  17.017  38.016 0.0000000000
91193  45.287  14.622  37.072 0.0000000000
91194  44.600  14.208  37.506 0.0000000000
96363  44.264  19.979  46.119 0.0000000000
95470  44.527  19.260  45.637 0.0000000000
95477  43.960  18.948  44.797 0.0000000000
98624  44.848  23.976  61.706 0.0000000000
98613  45.360  23.627  62.495 0.0000000000
97806  43.927  22.062  62.887 0.0000000000
97818  44.318  22.612  62.514 0.0000000000
97819  43.627  22.265  62.198 0.0000000000
97832  42.648  22.251  61.218 0.0000000000
97046  42.215  21.596  61.544 0.0000000000
94506  55.640  18.568  52.625 0.0000000000
94507  54.894  18.583  51.955 0.0000000000
95445  53.914  19.109  47.659 0.0000000000
95435  53.892  18.980  49.387 0.0000000000
95446  52.892  19.365  48.250 0.0000000000
95447  51.849  19.542  47.930 0.0000000000
146827  52.192  19.315  47.181 0.0000000000
94549  51.190  18.773  46.276 0.0000000000
94548  52.222  18.673  46.322 0.0000000000
93722  51.966  17.421  44.330 0.0000000000
93709  51.245  17.697  45.091 0.0000000000
93738  50.680  17.451  43.273 0.0000000000
93752  50.159  17.654  42.532 0.0000000000
132081  51.312  17.595  42.577 0.0000000000
95409  45.377  19.740  53.399 0.0000000000
136621  46.249  19.516  53.450 0.0000000000
94494  45.816  18.912  52.907 0.0000000000
91957  47.738  15.497  51.206 0.0000000000
92880  47.645  16.705  52.028 0.0000000000
91969  49.029  15.073  50.552 0.0000000000
91071  48.399  14.585  50.057 0.0000000000
91201  48.543  14.137  35.742 0.0000000000
91183  48.674  14.947  36.926 0.0000000000
91200  49.429  14.610  35.145 0.0000000000
92106  49.817  15.489  34.126 0.0000000000
91199  50.021  15.310  34.749 0.0000000000
92100  50.091  15.691  34.655 0.0000000000
92092  51.252  16.315  36.304 0.0000000000
93000  50.282  16.224  35.072 0.0000000000
93009  49.557  16.240  34.652 0.0000000000
92101  48.788  15.952  34.400 0.0000000000
90287  45.880  13.183  34.793 0.0000000000
91209  46.574  14.535  34.819 0.0000000000
91210  45.683  13.938  35.334 0.0000000000
91211  44.920  13.591  36.049 0.0000000000
158228  44.713  13.066  36.022 0.0000000000
89358  44.700  12.392  35.979 0.0000000000
86623  45.171  10.075  36.591 0.0000000000
96940  45.363  20.747  70.621 0.0000000000
96108  45.655  20.573  70.507 0.0000000000
95256  45.476  20.106  70.542 0.0000000000
138956  45.095  18.728  69.656 0.0000000000
94364  44.762  18.105  69.115 0.0000000000
93557  44.299  17.407  68.421 0.0000000000
92858  56.682  17.075  53.629 0.0000000000
93654  57.088  17.278  53.242 0.0000000000
92871  56.998  16.867  51.882 0.0000000000
93693  57.210  17.275  50.480 0.0000000000
92887  56.542  16.638  51.414 0.0000000000
90208  44.489  13.457  47.820 0.0000000000
90213  45.026  13.844  47.087 0.0000000000
90222  44.606  14.001  46.088 0.0000000000
90250  45.071  13.744  41.645 0.0000000000
91154  44.995  14.222  43.143 0.0000000000
91153  45.543  14.385  42.326 0.0000000000
91161  46.289  14.750  41.946 0.0000000000
90256  45.831  13.951  40.388 0.0000000000
88444  45.636  11.805  39.148 0.0000000000
88450  46.094  11.470  38.609 0.0000000000
88464  47.265  11.976  36.684 0.0000000000
89344  46.577  12.335  37.545 0.0000000000
138604  46.657  13.133  37.526 0.0000000000
90269  46.724  13.816  38.085 0.0000000000
90280  47.944  13.420  35.967 0.0000000000
87592  48.775  10.963  33.884 0.0000000000
89363  49.040  12.386  34.310 0.0000000000
88489  48.810  11.823  33.461 0.0000000000
87604  48.318  11.374  33.504 0.0000000000
87593  48.040  10.704  33.812 0.0000000000
87594  47.285  10.745  34.022 0.0000000000
101218  44.025  26.115  54.862 0.0000000000
100370  44.955  25.603  54.526 0.0000000000
99526  44.450  24.869  54.589 0.0000000000
98717  44.845  24.065  54.793 0.0000000000
98718  43.898  24.078  54.735 0.0000000000
99456  43.445  24.805  59.585 0.0000000000
99471  43.066  25.031  58.898 0.0000000000
99472  42.318  24.575  58.538 0.0000000000
98706  41.509  22.931  55.607 0.0000000000
99514  41.715  23.683  55.663 0.0000000000
97911  43.223  22.169  55.510 0.0000000000
97135  43.281  21.391  55.565 0.0000000000
141838  43.947  20.945  55.585 0.0000000000
96279  43.238  20.973  55.489 0.0000000000
95413  41.637  19.612  53.400 0.0000000000
95412  42.631  19.817  53.387 0.0000000000
95425  42.206  19.247  52.709 0.0000000000
94526  42.933  18.020  51.955 0.0000000000
93679  42.210  17.972  51.987 0.0000000000
96150  44.572  20.468  66.835 0.0000000000
136067  44.461  20.909  66.050 0.0000000000
96162  43.415  20.463  65.493 0.0000000000
95322  40.799  19.796  62.315 0.0000000000
96192  41.462  20.527  62.228 0.0000000000
154469  40.457  20.438  61.173 0.0000000000
96211  40.981  21.085  60.995 0.0000000000
96213  39.698  20.441  60.318 0.0000000000
92839  38.317  16.895  58.660 0.0000000000
93622  38.688  17.535  59.982 0.0000000000
93627  37.881  17.530  58.558 0.0000000000
94480  37.700  17.869  55.045 0.0000000000
94457  37.513  18.290  56.753 0.0000000000
94467  37.821  18.823  56.247 0.0000000000
95372  38.228  19.474  56.593 0.0000000000
95386  38.423  19.325  55.793 0.0000000000
95385  39.183  19.737  55.432 0.0000000000
94498  38.671  18.316  53.969 0.0000000000
91964  40.524  15.575  51.287 0.0000000000
92882  40.166  16.901  51.948 0.0000000000
91963  41.505  15.895  51.150 0.0000000000
92899  42.323  16.557  51.346 0.0000000000
148604  41.924  15.181  50.791 0.0000000000
91077  43.059  13.899  50.420 0.0000000000
91078  41.932  14.290  50.564 0.0000000000
89277  41.828  12.026  49.084 0.0000000000
89272  42.425  12.551  49.402 0.0000000000
88392  41.901  11.952  47.543 0.0000000000
89284  42.512  12.475  46.392 0.0000000000
142060  42.090  12.028  46.848 0.0000000000
146587  40.521  10.625  49.603 0.0000000000
87456  41.928  10.141  46.952 0.0000000000
86501  42.750  10.053  45.813 0.0000000000
97751  43.343  22.163  68.683 0.0000000000
96141  40.394  20.738  67.943 0.0000000000
96132  41.603  20.809  68.848 0.0000000000
96133  40.809  20.302  68.610 0.0000000000
95260  40.927  19.620  69.084 0.0000000000
96134  40.084  20.143  68.251 0.0000000000
96326  50.673  20.863  51.467 0.0000000000
96325  51.203  20.885  52.007 0.0000000000
97160  50.689  21.651  51.878 0.0000000000
155182  51.779  23.306  51.938 0.0000000000
97941  50.981  22.649  52.030 0.0000000000
98735  50.330  23.184  51.530 0.0000000000
96345  48.386  20.411  48.313 0.0000000000
96346  47.546  20.661  48.553 0.0000000000
96350  46.552  20.496  47.418 0.0000000000
96349  47.303  20.404  47.638 0.0000000000
95468  46.353  18.937  46.077 0.0000000000
94566  46.376  17.901  44.729 0.0000000000
93711  49.142  17.728  45.225 0.0000000000
94559  48.709  18.366  45.817 0.0000000000
93725  48.633  17.448  44.476 0.0000000000
94578  46.894  18.005  42.880 0.0000000000
94590  45.407  18.764  42.640 0.0000000000
95502  45.481  19.303  41.802 0.0000000000
95511  44.623  19.556  41.372 0.0000000000
95510  45.320  19.559  40.909 0.0000000000
94620  45.085  18.897  39.184 0.0000000000
98686  48.224  23.472  57.221 0.0000000000
97116  48.969  21.623  57.343 0.0000000000
97103  49.334  21.798  58.003 0.0000000000
96251  50.844  21.212  57.566 0.0000000000
96250  51.798  20.889  57.807 0.0000000000
96258  51.403  20.699  56.875 0.0000000000
95407  48.085  19.201  53.732 0.0000000000
95393  48.506  19.742  54.240 0.0000000000
95406  48.938  19.039  53.860 0.0000000000
93657  51.553  17.495  53.155 0.0000000000
94488  51.104  18.145  53.650 0.0000000000
94487  52.031  18.031  53.767 0.0000000000
95390  52.054  19.177  54.993 0.0000000000
93656  52.997  17.876  53.960 0.0000000000
93648  53.980  17.631  54.211 0.0000000000
93670  53.219  17.053  52.820 0.0000000000
92912  53.303  16.425  49.243 0.0000000000
92906  53.977  16.504  50.685 0.0000000000
158158  54.514  16.595  49.586 0.0000000000
133260  55.475  16.925  48.758 0.0000000000
143250  54.508  16.829  47.674 0.0000000000
144564  46.430  14.195  46.548 0.0000000000
90200  46.656  13.641  48.609 0.0000000000
91103  47.210  14.283  46.358 0.0000000000
131786  48.268  14.662  44.250 0.0000000000
131787  48.079  14.356  45.970 0.0000000000
91115  48.911  14.463  45.614 0.0000000000
150114  49.275  14.479  46.866 0.0000000000
91114  49.731  14.570  45.372 0.0000000000
92057  49.960  16.008  39.779 0.0000000000
92047  49.698  15.760  40.842 0.0000000000
92033  51.798  15.566  42.612 0.0000000000
92034  50.622  15.496  42.479 0.0000000000
92022  51.855  15.417  43.541 0.0000000000
157900  50.882  14.860  45.736 0.0000000000
92000  51.392  15.074  45.147 0.0000000000
91992  51.576  15.278  46.741 0.0000000000
91999  52.412  15.388  45.257 0.0000000000
92958  54.545  16.690  42.623 0.0000000000
92020  54.212  16.014  43.805 0.0000000000
92942  54.408  16.617  44.047 0.0000000000
92931  54.288  16.750  44.969 0.0000000000
92941  54.553  16.912  43.470 0.0000000000
93721  54.081  17.178  43.756 0.0000000000
93735  54.546  17.051  42.954 0.0000000000
94596  52.218  17.916  40.193 0.0000000000
150938  52.192  17.930  41.083 0.0000000000
94605  50.938  18.214  39.987 0.0000000000
94606  49.771  18.398  40.028 0.0000000000
93809  48.886  17.143  36.239 0.0000000000
93802  49.538  17.427  36.785 0.0000000000
93804  47.304  17.319  37.683 0.0000000000
93795  47.430  17.946  38.010 0.0000000000
94628  47.631  18.289  38.493 0.0000000000
136449  46.795  17.807  38.246 0.0000000000
94629  46.623  18.507  38.684 0.0000000000
92988  46.048  16.873  38.650 0.0000000000
91177  44.465  14.792  39.159 0.0000000000
92071  44.881  15.739  39.537 0.0000000000
87563  43.580  11.014  37.463 0.0000000000
87551  43.253  10.579  38.193 0.0000000000
96357  43.967  20.774  46.415 0.0000000000
96355  45.609  20.333  46.739 0.0000000000
97803  46.317  23.014  63.922 0.0000000000
97795  45.899  22.495  64.369 0.0000000000
97796  44.961  22.207  64.059 0.0000000000
97017  44.173  21.860  63.666 0.0000000000
138958  56.175  18.235  49.996 0.0000000000
142707  54.984  18.606  49.635 0.0000000000
94533  56.155  18.333  48.838 0.0000000000
94538  54.894  18.767  47.805 0.0000000000
94543  53.926  18.919  47.034 0.0000000000
94547  53.326  18.638  46.490 0.0000000000
146911  53.112  17.403  44.346 0.0000000000
93677  45.537  17.515  52.061 0.0000000000
94510  46.297  17.995  52.494 0.0000000000
93686  45.773  16.864  51.756 0.0000000000
91958  46.835  15.612  51.182 0.0000000000
91971  47.233  14.977  50.708 0.0000000000
142561  49.402  13.959  33.529 0.0000000000
91208  49.637  14.540  34.233 0.0000000000
91222  49.147  14.087  33.117 0.0000000000
92111  49.018  14.667  33.266 0.0000000000
91216  48.191  14.819  33.467 0.0000000000
144869  48.219  15.469  34.122 0.0000000000
146485  47.065  13.758  33.722 0.0000000000
89364  45.532  12.422  35.162 0.0000000000
88465  44.798  11.554  35.972 0.0000000000
88470  45.325  11.667  35.448 0.0000000000
87584  45.220  11.047  35.709 0.0000000000
95250  43.081  19.524  70.589 0.0000000000
95249  44.256  19.487  71.033 0.0000000000
94353  43.731  18.744  71.175 0.0000000000
94463  56.729  18.259  55.570 0.0000000000
93642  56.075  17.880  55.565 0.0000000000
93647  55.457  17.563  54.945 0.0000000000
141824  55.802  17.045  53.926 0.0000000000
90224  43.494  13.411  45.170 0.0000000000
90223  44.068  13.840  45.442 0.0000000000
155834  43.967  13.598  44.078 0.0000000000
143515  44.511  13.105  41.881 0.0000000000
90251  44.807  13.045  41.099 0.0000000000
88455  47.542  11.258  36.859 0.0000000000
88463  48.015  11.575  36.090 0.0000000000
89357  48.101  12.366  35.687 0.0000000000
101195  43.484  26.416  56.258 0.0000000000
98664  41.462  23.360  58.901 0.0000000000
99473  41.471  24.004  58.079 0.0000000000
98675  40.885  23.551  57.242 0.0000000000
98691  40.679  23.104  56.675 0.0000000000
97913  41.258  22.116  55.669 0.0000000000
96280  42.252  20.905  55.361 0.0000000000
96281  41.261  20.874  55.397 0.0000000000
96298  40.872  20.366  54.933 0.0000000000
95414  40.730  19.476  53.684 0.0000000000
95295  42.648  19.172  65.843 0.0000000000
96171  42.759  20.024  65.173 0.0000000000
152940  41.699  19.649  63.904 0.0000000000
95333  39.643  19.102  61.505 0.0000000000
138005  37.608  16.418  55.953 0.0000000000
92845  37.550  17.129  57.106 0.0000000000
92855  37.593  16.289  55.173 0.0000000000
93650  37.574  17.040  54.697 0.0000000000
93649  38.090  17.701  54.130 0.0000000000
142685  38.696  17.925  53.571 0.0000000000
93683  38.834  16.943  52.791 0.0000000000
91950  39.084  15.756  52.042 0.0000000000
91066  40.333  14.736  51.078 0.0000000000
91079  40.935  14.176  50.700 0.0000000000
154293  40.223  14.047  50.939 0.0000000000
89267  41.174  12.763  50.312 0.0000000000
147721  41.318  11.825  49.488 0.0000000000
86478  41.191  9.361  48.655 0.0000000000
85534  42.810  8.898  46.778 0.0000000000
95437  51.768  19.575  50.081 0.0000000000
96324  51.961  20.059  51.867 0.0000000000
96336  50.932  19.963  50.303 0.0000000000
96332  50.465  20.485  50.789 0.0000000000
96333  49.767  20.746  50.507 0.0000000000
96338  49.582  20.445  49.717 0.0000000000
154903  48.805  20.420  48.804 0.0000000000
140578  47.944  20.034  47.230 0.0000000000
94560  47.746  18.398  45.795 0.0000000000
93739  49.015  17.385  43.621 0.0000000000
93740  48.176  17.474  43.615 0.0000000000
151269  48.616  17.635  42.841 0.0000000000
94589  47.407  18.420  42.137 0.0000000000
94600  46.173  19.327  41.264 0.0000000000
95517  45.875  19.459  40.510 0.0000000000
95525  45.890  19.336  39.765 0.0000000000
98702  46.996  23.540  56.198 0.0000000000
98674  48.120  22.782  57.620 0.0000000000
97888  47.904  22.273  57.509 0.0000000000
152300  48.228  21.746  57.253 0.0000000000
96260  49.545  21.240  56.534 0.0000000000
145017  49.413  17.144  52.673 0.0000000000
93659  49.797  17.642  53.116 0.0000000000
93673  50.195  17.042  52.668 0.0000000000
93672  51.054  16.999  52.618 0.0000000000
93671  52.081  16.955  52.571 0.0000000000
92875  52.940  16.689  52.107 0.0000000000
155032  52.127  16.544  51.944 0.0000000000
92913  52.370  16.197  49.809 0.0000000000
91132  46.820  14.546  44.740 0.0000000000
91116  47.404  14.447  45.415 0.0000000000
91141  47.307  14.700  43.927 0.0000000000
91140  48.145  14.878  43.411 0.0000000000
92025  48.890  15.153  42.910 0.0000000000
92066  51.334  16.237  38.970 0.0000000000
92056  50.965  16.142  40.190 0.0000000000
92055  52.133  16.186  40.649 0.0000000000
92045  52.649  15.998  41.601 0.0000000000
92021  53.243  15.648  43.392 0.0000000000
92044  53.798  16.364  41.576 0.0000000000
150557  54.041  16.750  40.733 0.0000000000
93761  54.435  17.043  41.423 0.0000000000
93762  54.085  17.262  40.842 0.0000000000
93773  53.867  17.120  40.063 0.0000000000
94604  52.253  17.690  39.303 0.0000000000
94615  51.102  17.713  38.469 0.0000000000
92993  47.761  16.981  36.836 0.0000000000
92086  46.585  15.879  37.029 0.0000000000
92087  45.872  15.427  37.490 0.0000000000
92995  46.378  16.283  37.922 0.0000000000
92079  45.755  15.853  38.393 0.0000000000
91185  44.560  14.470  38.338 0.0000000000
96249  52.849  20.533  58.025 0.0000000000
96364  43.413  20.153  45.913 0.0000000000
98635  44.198  24.047  60.995 0.0000000000
131997  43.563  23.510  60.879 0.0000000000
97817  45.034  23.003  62.869 0.0000000000
98626  43.609  23.010  61.363 0.0000000000
98636  42.770  23.494  60.153 0.0000000000
97863  41.890  23.043  59.713 0.0000000000
97864  41.058  22.671  59.251 0.0000000000
97089  40.028  21.832  58.747 0.0000000000
92807  39.589  16.942  60.909 0.0000000000
92821  39.364  16.852  60.179 0.0000000000
135953  38.558  16.313  57.880 0.0000000000
91923  38.416  16.021  57.099 0.0000000000
91053  38.148  14.922  54.754 0.0000000000
91057  38.217  14.365  53.949 0.0000000000
147469  38.397  13.348  52.807 0.0000000000
90183  38.597  13.316  52.140 0.0000000000
95420  53.853  18.948  51.984 0.0000000000
95431  53.359  18.971  51.147 0.0000000000
151575  53.897  18.851  50.276 0.0000000000
95436  52.849  19.222  50.342 0.0000000000
134251  51.862  19.555  48.937 0.0000000000
133259  50.867  19.678  47.866 0.0000000000
95461  50.728  19.285  46.762 0.0000000000
93710  50.134  17.692  45.148 0.0000000000
94556  51.783  18.207  45.729 0.0000000000
156484  49.346  17.538  42.915 0.0000000000
133102  49.195  17.875  42.217 0.0000000000
96277  45.518  21.065  55.493 0.0000000000
96292  47.207  20.616  54.644 0.0000000000
95395  46.981  20.141  54.131 0.0000000000
95408  47.144  19.447  53.637 0.0000000000
94508  48.173  17.892  52.925 0.0000000000
145884  47.072  17.313  52.289 0.0000000000
93675  47.883  17.299  52.479 0.0000000000
93674  48.667  17.239  52.609 0.0000000000
92894  49.111  16.128  51.796 0.0000000000
91955  49.582  15.534  51.139 0.0000000000
91981  49.811  14.968  49.391 0.0000000000
92069  48.113  15.276  39.013 0.0000000000
92078  48.379  15.140  37.976 0.0000000000
140985  49.286  15.633  38.322 0.0000000000
133500  49.634  15.520  37.213 0.0000000000
158423  49.894  15.254  35.397 0.0000000000
92077  50.674  15.874  37.490 0.0000000000
92083  51.559  16.276  36.994 0.0000000000
92992  51.652  16.592  36.942 0.0000000000
93800  51.539  17.028  36.855 0.0000000000
93001  49.385  16.689  35.355 0.0000000000
137033  47.659  16.203  35.721 0.0000000000
92102  47.405  15.064  34.382 0.0000000000
137314  46.880  15.175  35.167 0.0000000000
92095  46.870  15.608  35.988 0.0000000000
91203  45.365  14.339  36.199 0.0000000000
89359  43.942  12.378  36.738 0.0000000000
86619  44.015  10.230  37.820 0.0000000000
96119  46.680  21.245  69.860 0.0000000000
96139  46.106  20.915  67.962 0.0000000000
96131  46.061  20.501  69.165 0.0000000000
96140  45.219  20.239  67.928 0.0000000000
95274  44.739  19.457  68.258 0.0000000000
95257  45.270  19.297  70.487 0.0000000000
94372  44.581  18.740  68.612 0.0000000000
152685  43.463  19.067  67.020 0.0000000000
94381  43.302  18.357  67.129 0.0000000000
94388  42.266  18.303  65.670 0.0000000000
93573  42.057  17.399  65.455 0.0000000000
94486  56.213  18.693  53.467 0.0000000000
94505  56.854  17.973  52.427 0.0000000000
158032  57.244  17.836  54.322 0.0000000000
94504  57.111  17.510  52.875 0.0000000000
94523  56.969  17.693  51.279 0.0000000000
94531  57.147  17.625  50.119 0.0000000000
93696  56.701  17.697  48.967 0.0000000000
93698  56.437  17.848  48.293 0.0000000000
90186  44.567  13.528  50.096 0.0000000000
90185  45.272  13.689  50.084 0.0000000000
90196  45.090  13.392  49.585 0.0000000000
90207  45.391  13.554  48.017 0.0000000000
91104  45.632  14.161  46.365 0.0000000000
91119  44.928  14.280  44.665 0.0000000000
91143  45.364  14.456  43.938 0.0000000000
91142  46.298  14.651  44.001 0.0000000000
91152  46.438  14.792  42.677 0.0000000000
153257  46.711  14.831  41.373 0.0000000000
158075  47.010  14.799  40.181 0.0000000000
89321  44.600  12.246  41.197 0.0000000000
89329  44.954  12.401  40.469 0.0000000000
90257  45.315  13.194  40.312 0.0000000000
89336  45.706  12.606  38.951 0.0000000000
90264  45.877  13.458  39.385 0.0000000000
157272  46.308  13.612  38.727 0.0000000000
91176  46.570  14.131  39.011 0.0000000000
91175  47.377  14.606  38.554 0.0000000000
91184  47.639  14.393  37.554 0.0000000000
90279  48.940  13.788  34.925 0.0000000000
142666  49.093  13.206  34.320 0.0000000000
90292  49.230  13.147  33.658 0.0000000000
89380  48.857  12.488  33.154 0.0000000000
89381  48.353  12.115  33.185 0.0000000000
88479  47.300  11.368  33.730 0.0000000000
87595  46.598  11.121  34.318 0.0000000000
86635  46.648  9.492  35.110 0.0000000000
99511  46.637  24.233  55.347 0.0000000000
137528  46.183  23.332  55.809 0.0000000000
98689  45.752  22.417  56.247 0.0000000000
97120  45.327  21.801  56.224 0.0000000000
100320  44.054  26.026  58.701 0.0000000000
100337  43.039  25.875  57.541 0.0000000000
100347  42.416  25.333  55.958 0.0000000000
99485  41.911  24.800  57.511 0.0000000000
99513  42.219  24.354  55.520 0.0000000000
99512  43.033  24.146  54.939 0.0000000000
98705  43.432  23.180  55.147 0.0000000000
97910  44.101  22.279  55.643 0.0000000000
97133  45.241  21.467  56.017 0.0000000000
143200  44.932  20.801  55.196 0.0000000000
96308  44.906  20.469  54.245 0.0000000000
95410  44.460  19.877  53.414 0.0000000000
96310  43.095  20.302  54.233 0.0000000000
95411  43.552  19.880  53.402 0.0000000000
95423  44.021  19.229  52.784 0.0000000000
93678  44.516  17.771  52.014 0.0000000000
134817  44.170  16.937  51.577 0.0000000000
141569  43.905  16.182  51.246 0.0000000000
96985  45.175  21.174  66.397 0.0000000000
97006  44.315  21.562  64.621 0.0000000000
97007  43.640  21.421  64.042 0.0000000000
151901  42.700  20.450  64.368 0.0000000000
97019  42.749  21.180  63.047 0.0000000000
97031  42.562  21.367  62.261 0.0000000000
153094  41.616  21.527  61.107 0.0000000000
97075  40.289  21.613  59.551 0.0000000000
97090  39.548  21.365  58.262 0.0000000000
94424  39.713  18.213  61.935 0.0000000000
94437  38.761  18.398  60.426 0.0000000000
95351  38.670  19.389  59.877 0.0000000000
154543  37.580  18.006  58.054 0.0000000000
95352  38.102  19.163  58.982 0.0000000000
95358  38.624  19.997  58.982 0.0000000000
96238  38.748  20.327  58.256 0.0000000000
96253  38.668  20.231  57.551 0.0000000000
96262  39.227  20.690  56.779 0.0000000000
96283  39.568  20.392  55.830 0.0000000000
95399  39.532  19.486  54.671 0.0000000000
94496  40.269  18.876  53.203 0.0000000000
93661  39.110  17.717  53.035 0.0000000000
94516  39.919  18.153  52.768 0.0000000000
93680  41.366  17.882  52.082 0.0000000000
93690  41.836  17.303  51.681 0.0000000000
144076  43.107  16.029  51.121 0.0000000000
91961  43.694  15.485  50.898 0.0000000000
91076  44.014  14.072  50.422 0.0000000000
90197  44.105  13.141  49.519 0.0000000000
90203  43.911  13.120  48.505 0.0000000000
140284  42.326  13.333  50.286 0.0000000000
89271  43.176  12.794  49.033 0.0000000000
89279  43.146  13.149  46.829 0.0000000000
89283  42.946  13.041  45.783 0.0000000000
89289  43.057  12.715  44.967 0.0000000000
88416  43.535  11.662  43.686 0.0000000000
89269  39.895  11.834  50.650 0.0000000000
88388  40.829  11.280  49.509 0.0000000000
87452  41.295  11.384  48.919 0.0000000000
86486  41.498  9.787  47.842 0.0000000000
87457  41.644  10.714  47.366 0.0000000000
88393  41.848  11.418  47.021 0.0000000000
88399  42.700  11.412  45.312 0.0000000000
88398  43.182  11.265  44.500 0.0000000000
96946  47.081  21.808  69.727 0.0000000000
138515  46.075  21.943  70.379 0.0000000000
96941  44.596  21.027  70.491 0.0000000000
96121  43.790  20.726  70.391 0.0000000000
96960  42.708  21.625  68.898 0.0000000000
96951  42.254  21.137  69.065 0.0000000000
96122  42.981  20.348  70.135 0.0000000000
95258  42.212  19.887  69.861 0.0000000000
95276  38.948  19.834  67.492 0.0000000000
154001  39.521  19.062  68.466 0.0000000000
141423  39.870  18.581  68.876 0.0000000000
97943  49.020  22.292  51.039 0.0000000000
97167  49.341  21.496  50.842 0.0000000000
142458  48.594  21.641  50.587 0.0000000000
97950  48.229  22.565  50.743 0.0000000000
97182  46.107  20.869  47.788 0.0000000000
95465  46.218  19.659  46.506 0.0000000000
95457  47.072  19.991  46.933 0.0000000000
156557  45.220  19.035  45.744 0.0000000000
94563  44.881  18.642  45.084 0.0000000000
94568  44.626  18.523  44.152 0.0000000000
94551  49.232  18.973  46.330 0.0000000000
93713  47.307  17.827  45.111 0.0000000000
93741  47.354  17.608  43.618 0.0000000000
93727  47.061  17.638  44.363 0.0000000000
136557  45.894  17.944  43.910 0.0000000000
94580  45.296  18.355  43.543 0.0000000000
132923  43.658  19.569  40.761 0.0000000000
95527  44.411  19.132  39.489 0.0000000000
152832  49.112  22.856  58.259 0.0000000000
97086  51.818  21.705  59.233 0.0000000000
95369  52.982  19.970  57.146 0.0000000000
96274  48.360  20.818  55.210 0.0000000000
96273  49.080  20.913  55.624 0.0000000000
96272  50.136  20.662  55.762 0.0000000000
94489  50.216  18.230  53.561 0.0000000000
95392  50.217  19.493  54.504 0.0000000000
96271  51.155  20.359  55.924 0.0000000000
95381  51.973  19.789  55.770 0.0000000000
95380  52.893  19.268  55.772 0.0000000000
95379  53.807  19.096  56.316 0.0000000000
94465  53.859  18.538  55.496 0.0000000000
93655  54.640  17.219  53.750 0.0000000000
92873  55.302  16.638  52.573 0.0000000000
92889  53.814  16.558  51.564 0.0000000000
133372  54.879  16.521  51.776 0.0000000000
92888  55.713  16.488  51.139 0.0000000000
92911  56.024  16.848  49.468 0.0000000000
92910  56.312  17.391  48.606 0.0000000000
92920  55.448  17.484  47.273 0.0000000000
91085  46.417  13.935  49.907 0.0000000000
91084  47.067  14.073  49.729 0.0000000000
91083  47.836  14.215  49.522 0.0000000000
131724  47.913  14.231  46.919 0.0000000000
131303  47.952  14.150  47.808 0.0000000000
91082  48.597  14.424  49.289 0.0000000000
91089  48.900  14.429  48.407 0.0000000000
91088  49.736  14.786  48.546 0.0000000000
91087  50.336  14.955  47.910 0.0000000000
92058  48.823  15.623  40.437 0.0000000000
150406  49.440  15.557  41.638 0.0000000000
92024  49.786  15.227  43.171 0.0000000000
92046  50.529  15.740  41.438 0.0000000000
92011  49.943  14.943  44.013 0.0000000000
91113  50.525  14.771  45.203 0.0000000000
91100  50.761  14.889  46.503 0.0000000000
131943  50.960  15.259  47.988 0.0000000000
91986  51.592  15.437  47.534 0.0000000000
91985  52.513  15.882  47.738 0.0000000000
91991  53.098  15.903  46.754 0.0000000000
92008  53.382  15.643  44.493 0.0000000000
157743  53.506  15.921  46.025 0.0000000000
92922  53.708  16.417  47.260 0.0000000000
92921  54.712  17.040  46.901 0.0000000000
92925  54.456  17.103  46.038 0.0000000000
92924  55.135  17.564  46.726 0.0000000000
93706  54.247  17.208  45.549 0.0000000000
93736  52.928  17.418  43.520 0.0000000000
133429  53.306  17.641  41.432 0.0000000000
155604  52.072  17.737  41.880 0.0000000000
93763  51.059  17.877  41.772 0.0000000000
134651  49.685  18.427  40.785 0.0000000000
93791  51.964  17.231  37.661 0.0000000000
93792  50.808  17.555  37.670 0.0000000000
94626  49.889  17.989  38.611 0.0000000000
93803  48.188  17.489  37.234 0.0000000000
93794  48.418  17.861  37.841 0.0000000000
94616  49.241  18.388  39.491 0.0000000000
94617  48.280  18.692  39.710 0.0000000000
94619  46.636  19.060  39.477 0.0000000000
94630  45.718  18.598  38.936 0.0000000000
93797  45.224  18.398  39.071 0.0000000000
92070  45.404  16.510  39.174 0.0000000000
136377  46.157  10.087  35.229 0.0000000000
86622  45.846  9.446  36.086 0.0000000000
86494  42.478  9.676  46.498 0.0000000000
87454  41.081  10.049  48.598 0.0000000000
87462  41.919  10.858  46.726 0.0000000000
87469  42.534  10.791  45.713 0.0000000000
88395  42.235  11.491  46.189 0.0000000000
88490  47.872  11.554  33.397 0.0000000000
89268  40.827  11.966  50.068 0.0000000000
89273  41.700  12.424  49.803 0.0000000000
89275  43.108  12.895  47.942 0.0000000000
89276  42.320  12.375  48.386 0.0000000000
89290  42.655  12.236  45.557 0.0000000000
89300  43.238  12.243  44.277 0.0000000000
89328  45.360  12.539  39.673 0.0000000000
90177  38.280  13.809  53.302 0.0000000000
90180  38.392  13.961  52.613 0.0000000000
90182  39.041  13.795  51.613 0.0000000000
90187  43.808  13.405  50.115 0.0000000000
90189  41.476  13.463  50.456 0.0000000000
90190  40.540  13.338  50.681 0.0000000000
90193  47.269  13.834  49.048 0.0000000000
90194  46.519  13.703  49.364 0.0000000000
90195  45.841  13.632  49.747 0.0000000000
90198  42.322  12.808  49.963 0.0000000000
90201  45.809  13.428  48.942 0.0000000000
90206  46.747  13.809  47.797 0.0000000000
90209  43.725  13.283  47.594 0.0000000000
90212  46.038  13.883  47.284 0.0000000000
90215  43.665  13.580  46.021 0.0000000000
90231  44.092  13.838  44.666 0.0000000000
90238  43.939  13.351  43.572 0.0000000000
90243  44.703  13.732  42.455 0.0000000000
90293  47.403  13.313  33.305 0.0000000000
90300  49.078  13.222  33.098 0.0000000000
90301  48.845  13.573  32.887 0.0000000000
91064  38.535  14.606  52.316 0.0000000000
91072  47.585  14.488  50.192 0.0000000000
91073  46.748  14.409  50.268 0.0000000000
91074  45.856  14.173  50.289 0.0000000000
91075  44.901  14.264  50.432 0.0000000000
91081  49.238  14.640  49.114 0.0000000000
91090  48.049  14.134  48.651 0.0000000000
91092  50.299  14.817  47.202 0.0000000000
91093  49.591  14.613  47.585 0.0000000000
91095  47.364  14.066  47.470 0.0000000000
91096  46.859  14.099  47.069 0.0000000000
91101  49.467  14.498  46.150 0.0000000000
91102  48.720  14.384  46.484 0.0000000000
91128  50.057  14.734  44.719 0.0000000000
91131  47.620  14.561  44.682 0.0000000000
91133  45.857  14.490  44.756 0.0000000000
91139  49.035  14.876  43.739 0.0000000000
91160  47.217  15.025  40.797 0.0000000000
91162  45.856  14.321  41.308 0.0000000000
91168  47.188  14.757  39.474 0.0000000000
91191  49.002  14.755  35.998 0.0000000000
91204  44.663  13.931  36.699 0.0000000000
91207  49.916  15.217  34.219 0.0000000000
91217  47.209  14.358  33.954 0.0000000000
91223  48.618  14.139  32.956 0.0000000000
91938  37.850  15.561  55.184 0.0000000000
91945  37.956  15.232  53.865 0.0000000000
91953  51.146  15.977  51.129 0.0000000000
91954  50.451  15.748  51.166 0.0000000000
91956  48.642  15.497  51.204 0.0000000000
91959  45.335  15.533  51.011 0.0000000000
91960  44.456  15.568  50.982 0.0000000000
91962  42.415  15.684  50.946 0.0000000000
91973  44.226  14.865  50.679 0.0000000000
91974  43.445  14.771  50.637 0.0000000000
91975  42.632  14.887  50.666 0.0000000000
91979  51.501  15.841  49.842 0.0000000000
91982  51.496  15.551  48.369 0.0000000000
91983  50.568  15.222  48.756 0.0000000000
91987  50.901  15.113  47.316 0.0000000000
91998  53.436  15.751  45.363 0.0000000000
92007  54.137  16.168  44.676 0.0000000000
92009  52.188  15.361  44.381 0.0000000000
92010  50.927  15.084  44.352 0.0000000000
92031  54.231  16.229  42.949 0.0000000000
92032  52.997  15.790  42.436 0.0000000000
92037  47.999  15.265  41.782 0.0000000000
92043  54.327  16.555  42.167 0.0000000000
92048  48.752  15.507  41.332 0.0000000000
92076  51.604  16.216  37.866 0.0000000000
92093  50.641  15.906  35.441 0.0000000000
92094  47.704  15.752  34.976 0.0000000000
92107  49.100  15.384  33.758 0.0000000000
92831  38.834  16.889  59.404 0.0000000000
92849  37.935  16.128  56.549 0.0000000000
92850  37.547  16.799  56.514 0.0000000000
92854  37.922  15.804  55.852 0.0000000000
92859  37.647  16.376  54.417 0.0000000000
92863  56.914  16.908  52.807 0.0000000000
92864  56.208  16.749  53.155 0.0000000000
92865  55.280  16.867  53.333 0.0000000000
92874  54.028  16.697  52.351 0.0000000000
92876  51.373  16.539  52.101 0.0000000000
92877  50.544  16.513  52.188 0.0000000000
92878  49.737  16.557  52.254 0.0000000000
92881  46.400  16.377  51.577 0.0000000000
92884  38.621  16.129  52.635 0.0000000000
92886  57.015  16.929  50.927 0.0000000000
92895  48.161  16.096  51.666 0.0000000000
92898  43.284  16.790  51.460 0.0000000000
92900  41.476  16.684  51.485 0.0000000000
92901  40.745  16.411  51.530 0.0000000000
92902  39.876  16.098  51.698 0.0000000000
92904  57.038  17.017  50.139 0.0000000000
92905  56.538  16.727  50.385 0.0000000000
92907  53.098  16.391  50.230 0.0000000000
92915  56.074  17.717  47.788 0.0000000000
92916  55.459  17.199  47.928 0.0000000000
92917  54.446  16.720  48.551 0.0000000000
92926  53.994  16.466  46.347 0.0000000000
92950  54.514  16.628  43.254 0.0000000000
92963  54.582  16.897  42.073 0.0000000000
92964  54.351  16.832  41.378 0.0000000000
92976  53.395  16.963  39.421 0.0000000000
92991  52.151  16.832  37.516 0.0000000000
92999  51.317  16.641  36.384 0.0000000000
93002  48.203  16.716  35.939 0.0000000000
93008  49.977  15.924  34.456 0.0000000000
93563  43.559  17.437  67.520 0.0000000000
93570  42.495  17.467  66.105 0.0000000000
93578  41.644  17.282  64.811 0.0000000000
93600  39.995  17.262  62.181 0.0000000000
93611  39.527  17.483  61.465 0.0000000000
93625  38.244  17.531  59.213 0.0000000000
93629  37.750  17.105  57.885 0.0000000000
93630  37.469  17.753  57.313 0.0000000000
93641  56.832  17.766  54.822 0.0000000000
93643  37.461  17.156  55.677 0.0000000000
93646  56.312  17.357  54.496 0.0000000000
93662  38.415  17.277  53.422 0.0000000000
93663  37.845  16.813  53.931 0.0000000000
93669  57.170  17.131  52.348 0.0000000000
93676  46.339  17.140  52.020 0.0000000000
93681  40.489  17.675  52.255 0.0000000000
93682  39.628  17.347  52.469 0.0000000000
93688  43.530  17.574  51.798 0.0000000000
93695  57.027  17.474  49.749 0.0000000000
93712  48.210  17.800  45.218 0.0000000000
93751  54.551  17.074  42.226 0.0000000000
93772  54.117  17.009  40.563 0.0000000000
93774  53.224  17.358  39.595 0.0000000000
93796  46.061  17.904  38.670 0.0000000000
93801  50.529  17.394  36.972 0.0000000000
93808  50.159  16.912  35.752 0.0000000000
94351  45.064  18.818  71.001 0.0000000000
94367  39.168  18.444  68.492 0.0000000000
94382  42.726  18.323  66.373 0.0000000000
94396  41.326  18.053  64.324 0.0000000000
94413  40.677  18.927  62.989 0.0000000000
94425  39.251  18.337  61.189 0.0000000000
94446  37.855  18.271  58.792 0.0000000000
94449  37.754  18.917  58.042 0.0000000000
94450  37.561  18.406  57.461 0.0000000000
94456  37.733  18.957  57.091 0.0000000000
94468  37.549  18.074  55.928 0.0000000000
94472  54.450  17.871  54.903 0.0000000000
94473  53.442  18.211  54.652 0.0000000000
94474  52.486  18.458  54.434 0.0000000000
94475  51.559  18.660  54.261 0.0000000000
94476  50.660  18.811  54.083 0.0000000000
94477  49.790  18.929  53.960 0.0000000000
94478  39.058  18.875  54.239 0.0000000000
94479  38.013  18.634  55.416 0.0000000000
94484  57.230  17.730  53.722 0.0000000000
94490  49.372  18.337  53.487 0.0000000000
94491  48.533  18.461  53.389 0.0000000000
94492  47.664  18.606  53.256 0.0000000000
94493  46.750  18.734  53.075 0.0000000000
94495  40.985  19.161  53.070 0.0000000000
94511  45.259  18.330  52.423 0.0000000000
94512  44.463  18.575  52.448 0.0000000000
94513  43.601  18.445  52.260 0.0000000000
94514  42.639  18.625  52.275 0.0000000000
94515  40.885  18.522  52.594 0.0000000000
94522  57.128  17.412  51.806 0.0000000000
94528  57.181  17.491  50.844 0.0000000000
94529  56.946  17.859  50.414 0.0000000000
94536  56.542  18.042  48.444 0.0000000000
94545  55.188  18.095  46.802 0.0000000000
94550  50.204  18.888  46.278 0.0000000000
94553  47.193  19.118  46.357 0.0000000000
94554  54.048  17.911  45.994 0.0000000000
94555  52.998  18.085  45.817 0.0000000000
94579  46.058  18.228  43.129 0.0000000000
94588  47.995  18.651  41.484 0.0000000000
95248  45.025  19.564  70.868 0.0000000000
95259  41.505  19.397  69.613 0.0000000000
95266  45.174  19.274  69.333 0.0000000000
95268  39.538  19.679  68.141 0.0000000000
95269  38.955  19.116  68.090 0.0000000000
95275  43.934  19.027  67.602 0.0000000000
95284  44.360  19.811  67.486 0.0000000000
95286  43.120  19.111  66.546 0.0000000000
95287  38.198  19.561  67.059 0.0000000000
95294  43.204  19.873  66.014 0.0000000000
95303  41.654  19.008  64.473 0.0000000000
95312  42.204  19.792  64.442 0.0000000000
95332  40.930  20.470  61.655 0.0000000000
95334  39.171  19.200  60.755 0.0000000000
95343  39.264  19.915  60.345 0.0000000000
95364  54.285  19.755  57.720 0.0000000000
95365  53.550  20.055  57.696 0.0000000000
95366  38.159  19.590  57.401 0.0000000000
95370  52.509  19.875  56.428 0.0000000000
95382  50.638  19.995  55.142 0.0000000000
95383  49.736  20.195  54.980 0.0000000000
95396  42.186  20.212  54.199 0.0000000000
95397  41.271  20.040  54.256 0.0000000000
95398  40.392  19.782  54.428 0.0000000000
95400  38.726  19.114  55.001 0.0000000000
95403  57.208  18.206  54.229 0.0000000000
95415  39.873  19.201  53.916 0.0000000000
95419  54.466  19.064  52.803 0.0000000000
95433  52.002  19.588  50.964 0.0000000000
95439  53.923  19.114  48.440 0.0000000000
95449  49.125  20.196  48.176 0.0000000000
95452  52.961  19.270  47.477 0.0000000000
95460  51.660  19.148  46.748 0.0000000000
95469  45.755  19.157  46.064 0.0000000000
95526  45.214  19.190  39.395 0.0000000000
96109  45.305  20.244  70.666 0.0000000000
96110  44.677  20.264  70.770 0.0000000000
96120  46.023  20.592  70.310 0.0000000000
96123  42.226  20.590  69.461 0.0000000000
96130  46.838  21.183  68.766 0.0000000000
96151  43.866  20.436  66.107 0.0000000000
96161  44.015  20.976  65.421 0.0000000000
96181  42.998  21.032  63.863 0.0000000000
96182  42.257  20.411  63.627 0.0000000000
96191  42.090  20.746  62.692 0.0000000000
96212  40.281  20.738  60.606 0.0000000000
96223  39.961  21.015  59.954 0.0000000000
96224  39.245  20.427  59.647 0.0000000000
96236  52.296  21.154  58.756 0.0000000000
96252  39.118  20.832  57.808 0.0000000000
96263  38.603  20.023  56.894 0.0000000000
96275  47.593  21.038  55.267 0.0000000000
96276  46.561  21.192  55.453 0.0000000000
96278  44.604  21.096  55.747 0.0000000000
96282  40.370  20.668  55.486 0.0000000000
96290  48.865  20.296  54.811 0.0000000000
96291  48.056  20.441  54.661 0.0000000000
96293  46.301  20.632  54.572 0.0000000000
96294  45.496  20.675  54.695 0.0000000000
96295  44.285  20.729  55.174 0.0000000000
96296  43.538  20.660  55.098 0.0000000000
96297  42.690  20.591  55.009 0.0000000000
96334  49.046  20.939  50.235 0.0000000000
96337  50.342  20.176  49.908 0.0000000000
96340  48.234  20.663  49.137 0.0000000000
96948  45.371  21.418  70.430 0.0000000000
96950  43.010  21.088  69.654 0.0000000000
96958  47.261  21.711  69.185 0.0000000000
96961  41.895  21.444  68.490 0.0000000000
96962  41.124  21.104  68.221 0.0000000000
96996  44.826  21.405  65.535 0.0000000000
97005  45.358  21.953  64.924 0.0000000000
97018  43.449  21.571  63.329 0.0000000000
97032  42.002  21.065  62.039 0.0000000000
97045  42.954  21.933  61.872 0.0000000000
97061  41.958  22.022  60.854 0.0000000000
97062  41.302  21.738  60.546 0.0000000000
97063  40.640  21.385  60.268 0.0000000000
97076  39.661  21.212  59.155 0.0000000000
97088  49.824  22.045  58.468 0.0000000000
97101  51.277  21.436  58.452 0.0000000000
97105  47.663  21.967  57.284 0.0000000000
97106  39.961  22.008  57.837 0.0000000000
97115  49.888  21.444  57.403 0.0000000000
97118  46.799  21.863  56.743 0.0000000000
97119  45.924  21.767  56.325 0.0000000000
97121  44.671  21.730  55.972 0.0000000000
97124  40.242  21.531  56.140 0.0000000000
97129  48.592  21.446  56.574 0.0000000000
97132  46.414  21.555  56.192 0.0000000000
97134  44.685  21.438  55.916 0.0000000000
97136  41.749  21.376  55.537 0.0000000000
97137  40.927  21.504  55.690 0.0000000000
97155  51.382  21.788  52.373 0.0000000000
97785  46.352  22.269  65.257 0.0000000000
97804  45.469  22.738  63.580 0.0000000000
97830  43.965  22.802  61.865 0.0000000000
97831  43.318  22.503  61.576 0.0000000000
97847  42.335  22.645  60.505 0.0000000000
97848  41.589  22.341  60.144 0.0000000000
97865  40.517  22.132  59.196 0.0000000000
97875  48.649  22.413  57.982 0.0000000000
97887  49.097  22.074  58.160 0.0000000000
97900  47.061  22.158  57.092 0.0000000000
97902  44.916  22.330  55.916 0.0000000000
97903  40.849  22.791  56.073 0.0000000000
97904  40.463  22.598  56.608 0.0000000000
97912  42.224  22.002  55.494 0.0000000000
97942  50.186  22.311  51.615 0.0000000000
98603  45.843  23.302  63.202 0.0000000000
98614  44.622  23.222  62.150 0.0000000000
98650  42.122  23.809  59.158 0.0000000000
98673  48.667  23.152  57.835 0.0000000000
98687  47.453  22.873  57.120 0.0000000000
98703  45.309  23.218  55.483 0.0000000000
98716  45.784  24.132  55.010 0.0000000000
99441  44.288  24.711  60.525 0.0000000000
99442  43.582  24.259  60.234 0.0000000000
99484  48.971  23.927  57.388 0.0000000000
99486  41.365  24.232  56.901 0.0000000000
99496  41.877  24.793  56.444 0.0000000000
99497  41.588  24.174  56.082 0.0000000000
99527  43.620  24.896  54.725 0.0000000000
100307  43.812  25.408  59.287 0.0000000000
100321  43.379  25.658  58.408 0.0000000000
100322  42.624  25.291  58.015 0.0000000000
100346  42.890  25.971  56.584 0.0000000000
100358  43.058  25.858  55.642 0.0000000000
100371  44.191  25.563  54.646 0.0000000000
101206  43.699  26.304  55.451 0.0000000000
101217  44.647  26.217  54.660 0.0000000000
131326  49.704  15.116  50.161 0.0000000000
131368  54.995  17.402  54.381 0.0000000000
132105  52.691  17.584  42.532 0.0000000000
132334  46.693  21.789  70.161 0.0000000000
133390  52.243  15.584  46.991 0.0000000000
134780  49.875  17.419  43.508 0.0000000000
135721  50.220  14.643  45.934 0.0000000000
135800  41.636  11.329  47.662 0.0000000000
136032  40.281  19.800  61.647 0.0000000000
136111  44.049  21.169  55.697 0.0000000000
136162  41.312  10.786  48.206 0.0000000000
136999  44.391  13.690  43.136 0.0000000000
137382  46.485  11.532  37.992 0.0000000000
137640  38.140  15.632  53.207 0.0000000000
138261  45.218  11.694  39.969 0.0000000000
139179  41.791  18.586  52.351 0.0000000000
139878  47.291  16.163  51.592 0.0000000000
139881  53.170  19.557  56.524 0.0000000000
139976  52.611  16.737  38.200 0.0000000000
140063  51.385  19.742  55.277 0.0000000000
140710  39.575  15.176  51.553 0.0000000000
141009  53.584  17.378  53.523 0.0000000000
141216  54.169  17.337  41.715 0.0000000000
142168  47.290  14.902  43.028 0.0000000000
145198  42.900  25.042  55.099 0.0000000000
145442  46.072  15.766  51.195 0.0000000000
145789  45.403  19.824  68.910 0.0000000000
146272  46.515  20.017  53.906 0.0000000000
147911  54.842  18.542  46.974 0.0000000000
148138  47.885  12.730  33.062 0.0000000000
148560  39.271  12.200  51.322 0.0000000000
148562  46.489  14.540  40.645 0.0000000000
150567  53.119  16.566  39.773 0.0000000000
152626  51.363  17.860  39.128 0.0000000000
152652  39.143  13.014  51.482 0.0000000000
152728  44.596  14.107  45.272 0.0000000000
153222  43.836  21.279  70.069 0.0000000000
153271  49.076  16.708  52.334 0.0000000000
153304  55.861  16.506  51.840 0.0000000000
153490  51.862  20.251  56.380 0.0000000000
154073  39.775  21.350  56.630 0.0000000000
154101  46.639  14.745  43.378 0.0000000000
154432  48.174  18.871  40.393 0.0000000000
155306  54.714  16.478  51.107 0.0000000000
155391  53.646  17.543  42.063 0.0000000000
156430  52.467  19.035  46.739 0.0000000000
156651  41.509  9.172  48.250 0.0000000000
157097  49.603  15.274  50.630 0.0000000000
157860  47.343  14.188  46.952 0.0000000000
157929  55.710  17.290  54.437 0.0000000000
158904  48.392  14.261  48.093 0.0000000000
