#!ascii label  , from subject sub-fsm22db vox2ras=TkReg
804
78328  20.777  0.958  4.894 0.2500000000
137665  21.178  0.413  4.716 0.7500000000
81129  19.644  3.557  5.008 0.2500000000
154938  19.969  2.881  5.148 0.1250000000
80123  20.257  2.448  4.960 0.2500000000
79195  20.406  1.339  5.444 0.2500000000
140122  21.304  1.050  4.355 0.7500000000
79206  20.862  1.586  4.566 0.3750000000
77364  21.838  0.266  4.195 0.8750000000
77363  22.700  -0.374  3.707 0.8750000000
81128  20.235  3.149  4.648 0.3750000000
80122  20.712  2.356  4.452 0.3750000000
79229  22.749  1.860  2.874 1.0000000000
79216  22.063  1.252  3.621 1.0000000000
79217  21.361  1.864  4.030 0.8750000000
78335  22.520  0.473  3.560 1.0000000000
132409  23.811  0.085  2.658 1.0000000000
82147  19.553  4.295  4.784 0.2500000000
81141  20.623  3.754  3.938 0.7500000000
81140  21.292  3.498  3.502 0.8750000000
80130  21.338  2.701  3.747 0.8750000000
80131  20.811  3.081  4.062 0.7500000000
80140  22.630  2.789  2.691 1.0000000000
79227  24.370  1.346  1.944 1.0000000000
79228  23.597  1.443  2.412 1.0000000000
78346  24.131  0.715  2.260 1.0000000000
78348  22.940  1.021  3.104 1.0000000000
81130  19.450  3.939  5.058 0.1250000000
82146  20.004  4.025  4.464 0.6250000000
81150  21.872  3.998  2.903 1.0000000000
80141  21.945  3.163  3.119 1.0000000000
133786  24.782  2.455  1.464 1.0000000000
80139  23.430  2.408  2.265 1.0000000000
79242  24.962  1.782  1.555 1.0000000000
79243  24.205  2.061  1.845 1.0000000000
79239  26.977  1.780  1.573 1.0000000000
78359  25.007  0.837  1.773 1.0000000000
85972  20.049  8.224  3.639 0.2500000000
82148  19.425  4.414  4.893 0.2500000000
83112  19.534  5.061  4.588 0.3750000000
83111  19.906  4.898  4.270 0.5000000000
134697  21.135  5.032  3.298 1.0000000000
82155  21.223  4.299  3.349 1.0000000000
82162  23.145  4.086  2.059 1.0000000000
80162  25.514  2.408  1.296 1.0000000000
80163  24.157  2.957  1.654 1.0000000000
81171  23.840  3.795  1.621 1.0000000000
80180  25.867  3.092  1.091 1.0000000000
80160  26.756  2.328  1.454 1.0000000000
80179  26.455  2.792  1.311 1.0000000000
81169  26.924  2.853  1.465 1.0000000000
85006  20.255  8.124  3.434 0.5000000000
85007  19.972  7.480  3.716 0.3750000000
84027  19.732  6.523  4.098 0.3750000000
84037  20.120  6.629  3.692 0.5000000000
83120  21.377  5.712  2.894 0.8750000000
84045  21.719  6.407  2.447 1.0000000000
154561  23.596  4.397  1.648 1.0000000000
146011  22.489  5.053  2.280 1.0000000000
81183  25.209  3.759  0.980 1.0000000000
82173  24.371  4.334  1.234 1.0000000000
82183  26.923  4.129  1.185 1.0000000000
81181  26.409  3.363  1.157 1.0000000000
157797  27.259  3.181  1.590 0.8750000000
85971  20.371  8.733  3.448 0.5000000000
157235  20.356  7.390  3.396 0.5000000000
85018  20.826  7.810  2.917 0.6250000000
149275  21.433  7.143  2.533 0.6250000000
149363  20.916  6.682  3.075 0.7500000000
84044  22.401  6.252  1.967 1.0000000000
133398  25.441  5.398  0.596 1.0000000000
83141  24.402  5.184  1.043 1.0000000000
83142  23.569  5.633  1.403 1.0000000000
83150  26.163  5.114  0.691 1.0000000000
82185  25.844  4.606  0.706 1.0000000000
82186  25.188  4.606  0.758 1.0000000000
83149  26.720  4.817  0.975 0.8750000000
82184  26.421  4.164  0.937 1.0000000000
81167  27.359  3.825  1.577 0.8750000000
85017  21.586  7.831  2.311 0.8750000000
85037  23.912  7.571  0.786 1.0000000000
145490  22.768  6.869  1.550 1.0000000000
84061  25.917  6.216  0.477 1.0000000000
84063  24.215  6.630  0.792 1.0000000000
85034  26.100  7.203  0.460 1.0000000000
147724  27.013  5.474  1.184 1.0000000000
84060  26.529  5.715  0.748 1.0000000000
84059  26.816  6.354  0.986 1.0000000000
85983  20.542  8.577  3.159 0.5000000000
85992  21.831  8.579  2.053 0.8750000000
86004  23.542  8.384  0.876 1.0000000000
85028  23.070  7.683  1.240 1.0000000000
85029  22.272  7.732  1.703 1.0000000000
86001  26.122  8.754  0.375 1.0000000000
142766  25.547  8.770  0.332 1.0000000000
86000  26.740  8.755  0.679 1.0000000000
136194  25.782  8.033  0.396 1.0000000000
139194  26.932  7.959  0.999 1.0000000000
139962  26.363  7.994  0.577 1.0000000000
85027  27.077  7.107  1.348 0.8750000000
88803  22.766  11.418  1.418 1.0000000000
87934  22.080  10.749  1.988 0.3750000000
88818  23.099  10.643  1.084 0.8750000000
87944  24.352  9.896  0.415 1.0000000000
86994  25.866  9.427  0.239 1.0000000000
157533  25.373  9.315  0.250 1.0000000000
89710  22.518  12.147  1.683 0.8750000000
89723  23.264  12.171  0.936 1.0000000000
88817  23.576  11.348  0.642 1.0000000000
87942  26.213  10.290  0.171 1.0000000000
87943  25.492  9.941  0.107 1.0000000000
147951  22.195  12.633  1.978 0.7500000000
89722  24.031  12.101  0.257 1.0000000000
88816  24.435  11.285  0.152 1.0000000000
88828  25.878  11.537  -0.235 1.0000000000
87955  25.664  10.755  -0.006 1.0000000000
89735  24.739  12.047  -0.269 1.0000000000
88829  25.201  11.341  -0.184 1.0000000000
94080  23.264  17.407  2.463 0.1250000000
94079  23.641  18.123  2.851 0.1250000000
93289  23.674  17.012  1.345 0.2500000000
94091  24.137  17.676  0.851 0.1250000000
139067  24.008  17.013  0.418 0.3750000000
140798  24.131  17.474  -0.129 0.5000000000
94118  23.728  17.789  -1.704 0.3750000000
94941  24.432  18.258  1.286 0.2500000000
94103  24.105  18.024  -0.783 0.2500000000
147473  24.412  18.317  0.225 0.2500000000
94952  24.405  18.810  -0.631 0.2500000000
94969  23.954  18.534  -1.441 0.2500000000
94970  23.594  18.328  -2.204 0.3750000000
94985  23.482  18.194  -2.872 0.3750000000
95852  23.408  18.920  -2.683 0.2500000000
141850  20.366  0.950  5.833 0.1250000000
79207  20.455  1.783  4.965 0.2500000000
80110  20.064  2.594  5.312 0.1250000000
78358  25.812  0.675  1.572 1.0000000000
86002  25.183  8.121  0.379 1.0000000000
78321  20.370  0.265  5.977 0.1250000000
77351  21.326  -0.267  4.858 0.6250000000
76439  21.980  -0.694  4.461 0.7500000000
81111  19.708  3.196  5.233 0.1250000000
76456  22.653  -1.303  4.079 1.0000000000
153145  20.326  1.653  5.586 0.1250000000
77378  24.107  -0.669  2.691 1.0000000000
77389  25.366  -0.027  1.893 1.0000000000
78345  26.812  0.337  1.843 1.0000000000
83094  18.448  5.503  5.743 0.3750000000
84994  18.597  8.307  5.240 0.2500000000
84028  18.323  7.217  5.504 0.2500000000
80158  27.430  2.699  1.775 0.8750000000
82161  27.646  4.540  1.987 0.8750000000
147730  27.755  6.115  2.431 0.8750000000
138937  20.979  11.053  2.827 0.1250000000
87924  21.408  10.584  2.599 0.1250000000
85970  20.606  9.064  3.145 0.3750000000
84053  27.277  6.213  1.595 0.8750000000
88804  21.963  11.508  2.271 0.5000000000
86996  22.612  10.000  1.453 0.8750000000
86993  26.499  9.508  0.402 1.0000000000
87941  26.937  10.292  0.486 1.0000000000
88815  26.765  11.129  0.199 1.0000000000
87954  26.209  11.079  0.019 1.0000000000
90614  22.870  13.027  1.304 0.8750000000
90645  24.789  13.582  -0.833 1.0000000000
137165  24.977  12.710  -0.651 1.0000000000
89733  26.127  12.304  -0.464 1.0000000000
93283  22.530  16.923  3.097 0.1250000000
93299  23.409  16.048  1.241 0.6250000000
93327  23.698  17.158  -2.064 0.5000000000
94084  23.853  17.873  1.838 0.2500000000
95818  24.736  19.006  0.057 0.2500000000
94119  23.615  17.776  -2.365 0.5000000000
95835  23.781  18.964  -1.992 0.2500000000
141384  23.297  19.693  -3.180 0.2500000000
135382  23.422  18.783  -3.552 0.3750000000
135761  23.265  19.671  -4.038 0.2500000000
95834  24.288  19.323  -1.391 0.1250000000
78320  20.495  0.450  5.628 0.1250000000
77352  20.966  0.019  5.135 0.3750000000
79208  20.256  2.133  5.279 0.1250000000
153888  23.453  -0.379  3.147 1.0000000000
80129  22.012  2.279  3.360 1.0000000000
77377  24.560  0.002  2.243 1.0000000000
82156  20.517  4.592  3.794 0.8750000000
81149  22.548  3.640  2.538 1.0000000000
81148  23.278  3.301  2.128 1.0000000000
79241  25.858  1.573  1.386 1.0000000000
78357  26.528  1.085  1.533 1.0000000000
147533  19.552  5.852  4.405 0.3750000000
83122  19.783  5.798  4.157 0.5000000000
83121  20.487  5.620  3.578 0.8750000000
82164  21.827  4.890  2.762 1.0000000000
82163  22.495  4.426  2.415 1.0000000000
80181  25.056  3.051  1.208 1.0000000000
81170  24.558  3.591  1.294 1.0000000000
81168  26.885  3.536  1.301 1.0000000000
83131  22.126  5.642  2.362 1.0000000000
82174  23.639  4.956  1.517 1.0000000000
82175  23.026  4.742  1.938 1.0000000000
83130  22.853  5.470  1.829 1.0000000000
81182  25.862  3.909  0.851 1.0000000000
82172  27.185  4.624  1.385 0.8750000000
81147  27.724  3.254  2.059 0.8750000000
85016  22.036  7.032  2.069 1.0000000000
84054  23.507  6.342  1.288 1.0000000000
157129  26.393  6.529  0.632 1.0000000000
83151  24.719  5.764  0.703 1.0000000000
84062  25.119  6.431  0.512 1.0000000000
83129  27.462  5.338  1.802 0.8750000000
85036  24.758  7.395  0.504 1.0000000000
85035  25.489  7.248  0.432 1.0000000000
85033  26.608  7.192  0.786 1.0000000000
85982  21.028  8.734  2.718 0.6250000000
85991  22.605  8.488  1.403 1.0000000000
153615  24.161  9.148  0.571 1.0000000000
86003  24.459  8.268  0.516 1.0000000000
138555  24.905  9.576  0.229 1.0000000000
86995  24.970  8.872  0.342 1.0000000000
86981  23.084  9.208  1.104 1.0000000000
87945  23.550  9.888  0.783 1.0000000000
133215  23.999  10.556  0.477 1.0000000000
87956  24.883  10.440  0.069 1.0000000000
89734  25.448  12.152  -0.481 1.0000000000
90630  24.399  12.859  -0.234 1.0000000000
90631  23.698  12.952  0.465 1.0000000000
94075  22.963  17.693  3.507 0.1250000000
93290  23.015  16.536  2.115 0.3750000000
93326  23.914  17.159  -1.150 0.5000000000
93312  24.108  16.450  -0.453 0.7500000000
156866  20.629  -0.253  5.599 0.2500000000
77336  20.417  -0.495  6.134 0.1250000000
77344  20.421  -0.285  5.906 0.1250000000
77343  20.904  -0.582  5.375 0.6250000000
76455  23.475  -1.183  3.363 1.0000000000
86983  21.407  9.295  2.448 0.6250000000
86982  22.067  9.390  1.827 0.7500000000
137230  21.853  10.146  2.087 0.7500000000
90644  25.646  13.070  -0.814 1.0000000000
93298  23.915  16.257  0.484 0.7500000000
144181  23.826  19.052  -4.323 0.3750000000
73586  23.813  -5.197  4.340 0.7500000000
133237  25.425  -5.079  4.222 0.7500000000
73587  23.003  -5.159  4.748 0.7500000000
73572  22.458  -4.315  4.954 0.7500000000
152066  25.493  -4.597  3.831 0.7500000000
73610  24.123  -4.666  3.984 0.7500000000
74589  24.154  -4.011  3.742 0.7500000000
74569  22.683  -3.528  4.614 0.7500000000
73607  25.819  -4.124  3.546 0.7500000000
74588  24.847  -3.841  3.284 0.7500000000
75534  22.544  -2.137  4.424 0.7500000000
137363  22.055  -1.436  4.646 0.6250000000
135111  24.282  -3.232  3.376 0.7500000000
75555  23.687  -2.596  3.588 0.8750000000
74586  26.199  -3.493  3.228 0.7500000000
74587  25.538  -3.673  3.118 0.7500000000
75554  25.075  -3.029  2.841 0.7500000000
141534  23.821  -1.962  3.312 0.8750000000
75552  26.565  -2.736  3.026 0.7500000000
75575  25.600  -2.326  2.506 0.7500000000
76472  25.266  -1.590  2.306 0.8750000000
76470  26.815  -1.034  2.431 0.7500000000
76471  26.169  -1.543  2.295 0.8750000000
77376  25.702  -0.792  1.965 0.8750000000
77361  27.584  0.106  2.763 0.8750000000
77374  27.081  -0.272  2.298 0.8750000000
155470  27.270  0.499  2.168 0.8750000000
135245  27.148  1.147  1.813 0.8750000000
148395  29.332  2.117  4.157 0.3750000000
79214  28.648  2.130  3.543 0.6250000000
79225  27.755  1.798  2.316 0.7500000000
79226  27.403  1.773  1.879 0.7500000000
80127  29.185  2.622  3.847 0.5000000000
81139  28.184  3.097  2.768 0.7500000000
80137  27.854  2.647  2.278 0.7500000000
81137  30.004  3.796  4.082 0.1250000000
81138  28.958  3.279  3.568 0.6250000000
154925  27.823  3.942  2.193 0.6250000000
82123  31.649  4.658  4.942 0.1250000000
82140  30.581  4.632  4.236 0.1250000000
138497  29.571  5.078  3.737 0.1250000000
83117  30.317  5.232  3.985 0.1250000000
83119  28.796  5.341  3.426 0.6250000000
83128  27.956  5.284  2.638 0.6250000000
84020  30.739  5.963  4.056 0.1250000000
84031  31.026  6.681  4.075 0.1250000000
84034  29.153  6.164  3.587 0.1250000000
84043  28.386  6.093  3.218 0.5000000000
85015  27.532  7.016  2.208 0.7500000000
84019  31.392  6.184  4.381 0.1250000000
85002  28.934  6.843  3.541 0.5000000000
85013  28.650  7.517  3.427 0.5000000000
85980  27.853  7.892  3.025 0.6250000000
90615  22.118  13.297  2.144 0.6250000000
147034  22.813  14.154  1.476 0.5000000000
143336  23.459  13.712  0.763 0.7500000000
140536  28.099  8.782  3.302 0.6250000000
85990  27.227  8.756  1.309 0.6250000000
86967  27.986  9.674  3.049 0.5000000000
86979  27.457  9.599  1.803 0.6250000000
86980  27.121  9.531  0.827 0.8750000000
88827  26.455  11.710  -0.118 0.8750000000
87933  27.384  10.329  1.156 0.7500000000
142084  27.256  11.035  0.699 0.8750000000
88814  27.148  11.729  0.370 0.8750000000
88826  26.880  11.847  0.002 0.8750000000
89732  26.708  12.380  -0.267 0.8750000000
145639  28.818  10.006  3.523 0.3750000000
87932  27.736  10.461  2.286 0.5000000000
145869  27.606  11.121  1.599 0.6250000000
87922  29.371  10.593  3.421 0.2500000000
87923  28.413  10.608  3.191 0.3750000000
146135  28.134  11.270  2.586 0.5000000000
91515  23.613  14.525  0.657 0.7500000000
90646  24.135  13.851  -0.004 0.8750000000
90643  26.422  13.059  -0.641 0.7500000000
90642  27.009  13.093  -0.248 0.8750000000
88802  27.475  11.760  1.081 0.6250000000
88801  27.872  11.915  2.055 0.5000000000
90613  27.497  13.194  1.059 0.7500000000
144062  28.985  11.349  3.211 0.2500000000
92411  23.184  15.169  1.282 0.6250000000
90658  25.440  13.984  -1.205 0.8750000000
91541  25.218  14.674  -1.529 0.7500000000
90657  26.115  13.793  -1.109 0.8750000000
147501  27.093  13.858  -0.208 0.7500000000
89709  27.363  12.383  0.670 0.5000000000
90600  28.755  13.329  2.443 0.2500000000
89691  28.278  12.711  2.348 0.5000000000
88788  29.638  12.045  2.994 0.2500000000
154282  22.873  15.765  1.854 0.5000000000
92424  23.782  15.392  0.569 0.5000000000
92423  24.157  15.483  -0.180 0.6250000000
92440  24.280  15.522  -1.076 0.7500000000
91542  24.659  14.960  -1.387 0.7500000000
91551  25.521  15.192  -1.857 0.7500000000
148284  26.046  15.020  -1.676 0.7500000000
92471  24.871  15.634  -2.116 0.7500000000
92453  26.390  15.395  -1.504 0.7500000000
92439  26.876  15.309  -0.758 0.7500000000
92410  27.848  15.148  1.065 0.5000000000
92438  27.419  15.265  0.050 0.3750000000
91484  28.901  14.014  2.324 0.2500000000
91496  28.344  14.493  1.759 0.3750000000
92454  24.433  15.597  -1.728 0.7500000000
92470  25.496  15.769  -2.240 0.7500000000
146311  26.395  16.134  -1.842 0.7500000000
93311  26.805  16.074  -1.053 0.6250000000
93297  27.925  16.140  0.517 0.3750000000
141417  27.361  16.050  -0.313 0.3750000000
91495  29.333  14.734  2.042 0.1250000000
93288  29.234  16.065  1.289 0.1250000000
92422  28.444  15.896  1.144 0.2500000000
93338  23.982  16.305  -1.668 0.6250000000
155547  24.268  16.027  -2.157 0.7500000000
93337  24.972  16.295  -2.514 0.6250000000
93336  25.895  16.203  -2.424 0.7500000000
145694  27.288  16.761  -0.625 0.3750000000
93325  26.847  16.813  -1.369 0.3750000000
94101  28.557  17.679  -0.108 0.2500000000
152043  27.741  16.685  -0.051 0.3750000000
93310  30.708  16.888  0.048 0.1250000000
94088  29.954  17.210  0.371 0.1250000000
92408  29.884  15.452  1.598 0.1250000000
137989  24.019  16.671  -2.399 0.6250000000
94131  25.685  16.810  -2.954 0.3750000000
94141  26.221  17.562  -2.987 0.3750000000
95833  28.003  19.117  -1.727 0.2500000000
147112  27.309  17.983  -1.263 0.3750000000
94130  26.404  17.000  -2.183 0.3750000000
94949  29.842  18.270  -0.771 0.1250000000
94102  27.818  17.344  -0.280 0.3750000000
93309  31.332  16.451  -0.450 0.1250000000
94100  29.452  17.776  -0.110 0.1250000000
94143  24.312  17.580  -3.651 0.3750000000
94132  24.661  16.991  -3.050 0.3750000000
94142  25.357  17.447  -3.544 0.3750000000
95850  26.782  19.066  -3.082 0.3750000000
94984  26.638  18.345  -2.845 0.3750000000
95849  28.192  19.643  -2.348 0.3750000000
94967  27.583  18.533  -1.476 0.3750000000
95866  30.395  19.130  -2.882 0.1250000000
94965  29.306  18.808  -1.271 0.1250000000
95832  28.784  19.272  -1.760 0.2500000000
94963  30.964  18.165  -1.926 0.1250000000
95870  25.489  18.809  -4.272 0.2500000000
95869  26.325  19.287  -3.775 0.2500000000
94996  24.939  18.008  -4.177 0.3750000000
96718  27.586  20.595  -3.712 0.1250000000
94995  26.014  18.295  -3.619 0.3750000000
96703  27.939  20.192  -3.036 0.1250000000
151180  27.420  19.592  -2.760 0.2500000000
95883  29.783  19.934  -4.345 0.1250000000
94997  23.980  18.224  -4.103 0.3750000000
95884  25.909  19.579  -4.417 0.2500000000
96735  27.101  20.916  -4.378 0.1250000000
97518  26.567  21.024  -5.108 0.1250000000
157894  28.134  21.351  -5.001 0.1250000000
97517  27.537  21.336  -4.974 0.1250000000
95897  30.048  19.333  -5.147 0.1250000000
96752  28.698  21.117  -5.232 0.1250000000
132437  26.423  21.702  -6.584 0.1250000000
97525  28.492  21.401  -6.188 0.1250000000
144156  27.664  21.847  -6.477 0.1250000000
134338  29.602  19.786  -6.258 0.1250000000
95014  29.911  19.056  -5.948 0.1250000000
78344  27.663  1.093  2.416 0.6250000000
89708  27.701  12.583  1.569 0.5000000000
88789  28.626  12.031  2.747 0.3750000000
91514  24.125  14.777  0.068 0.8750000000
90659  24.850  14.310  -1.243 0.8750000000
91529  24.336  14.588  -0.762 0.7500000000
91540  25.822  14.526  -1.469 0.7500000000
91528  26.418  14.575  -1.180 0.7500000000
145826  26.694  13.779  -0.717 0.7500000000
91497  27.642  14.108  1.186 0.5000000000
90629  27.316  13.593  0.381 0.7500000000
90612  28.061  13.521  1.931 0.5000000000
96701  29.493  19.903  -2.973 0.1250000000
96719  26.675  20.140  -3.990 0.2500000000
97526  27.967  21.499  -5.548 0.1250000000
96751  29.166  20.737  -6.123 0.1250000000
82153  28.917  4.520  3.512 0.5000000000
82154  28.173  4.535  2.821 0.6250000000
85979  28.806  8.311  3.485 0.3750000000
86966  28.835  9.223  3.536 0.3750000000
153953  27.276  12.882  0.298 0.7500000000
96717  28.536  20.612  -3.620 0.1250000000
143433  30.006  11.233  3.226 0.1250000000
71507  24.241  -6.255  4.821 0.7500000000
72554  23.573  -5.949  4.829 0.7500000000
136459  22.237  -5.092  5.332 0.7500000000
73573  21.622  -4.234  5.625 0.7500000000
71505  25.771  -5.752  5.122 0.7500000000
73585  24.522  -5.091  4.073 0.7500000000
73571  26.384  -4.860  4.803 0.7500000000
141208  21.803  -1.968  5.062 0.6250000000
135089  22.793  -2.874  4.401 0.7500000000
74567  26.434  -3.895  3.885 0.6250000000
74585  26.802  -3.143  3.697 0.7500000000
75551  27.166  -2.344  3.544 0.6250000000
138187  27.336  -0.847  2.882 0.6250000000
78334  28.129  0.602  3.333 0.5000000000
78327  29.267  0.889  4.700 0.3750000000
79205  28.606  1.007  3.940 0.5000000000
80121  29.938  2.483  4.479 0.1250000000
81122  30.426  3.170  4.555 0.1250000000
81121  30.993  4.002  4.627 0.1250000000
83088  32.151  5.405  5.252 0.1250000000
83103  31.837  6.021  4.850 0.1250000000
84018  31.937  6.776  4.735 0.1250000000
84987  31.514  7.094  4.330 0.1250000000
84999  31.123  7.324  4.063 0.1250000000
85000  30.555  7.108  3.881 0.1250000000
86965  29.725  8.787  3.598 0.1250000000
92412  22.563  15.036  2.111 0.5000000000
90598  30.316  13.782  2.339 0.1250000000
91494  30.310  14.589  1.956 0.1250000000
92407  30.611  15.822  1.149 0.1250000000
92421  31.160  16.030  0.415 0.1250000000
93324  31.522  16.683  -1.273 0.1250000000
94994  30.781  18.553  -3.107 0.1250000000
94153  30.649  17.628  -4.757 0.1250000000
94935  24.358  18.338  2.260 0.1250000000
96737  24.825  19.700  -5.354 0.2500000000
96754  24.768  20.337  -6.146 0.1250000000
97529  25.084  21.143  -7.029 0.1250000000
97539  28.315  21.724  -6.957 0.1250000000
98344  26.941  22.294  -7.340 0.1250000000
97538  28.934  21.091  -7.099 0.1250000000
137512  29.775  18.914  -6.766 0.1250000000
96766  29.351  20.319  -6.856 0.1250000000
80159  27.203  2.279  1.656 0.7500000000
85981  27.332  7.917  1.857 0.7500000000
89711  21.947  12.093  2.355 0.3750000000
149913  26.139  0.082  1.694 0.8750000000
75556  23.198  -1.969  3.802 0.8750000000
138500  24.892  -0.822  2.217 0.8750000000
80138  27.606  2.232  1.989 0.7500000000
94133  23.830  17.505  -2.814 0.3750000000
94144  23.726  18.046  -3.428 0.3750000000
95887  23.696  19.734  -4.865 0.1250000000
95886  24.329  19.328  -4.915 0.2500000000
133569  23.384  -4.329  4.332 0.7500000000
72553  24.334  -5.707  4.459 0.7500000000
73584  25.059  -4.864  3.879 0.7500000000
72552  24.926  -5.438  4.290 0.7500000000
72551  25.873  -5.252  4.686 0.7500000000
73583  26.013  -4.611  4.172 0.7500000000
74556  21.984  -3.487  5.238 0.7500000000
73609  24.679  -4.492  3.692 0.7500000000
74568  23.442  -3.316  4.014 0.7500000000
75535  22.209  -2.784  4.880 0.7500000000
76454  24.392  -2.458  3.050 0.8750000000
75553  25.915  -3.011  2.754 0.7500000000
75576  24.938  -2.246  2.586 0.8750000000
76473  24.422  -1.583  2.743 0.8750000000
75574  26.267  -2.328  2.625 0.7500000000
76453  26.889  -1.808  2.828 0.7500000000
77375  26.471  -0.569  2.021 0.8750000000
76452  27.966  -0.448  3.695 0.6250000000
79203  29.787  1.740  4.746 0.2500000000
79204  28.963  1.591  4.084 0.5000000000
79215  28.218  1.514  3.173 0.6250000000
134547  28.040  2.170  2.662 0.7500000000
81123  29.750  3.068  4.106 0.2500000000
82152  29.815  4.526  3.866 0.2500000000
141056  29.172  3.966  3.664 0.3750000000
145820  28.330  3.776  2.991 0.6250000000
83104  30.995  5.375  4.282 0.1250000000
83089  31.549  5.402  4.664 0.1250000000
83118  29.874  5.839  3.808 0.1250000000
84032  30.465  6.458  3.917 0.1250000000
84033  29.819  6.694  3.752 0.1250000000
85001  29.747  7.705  3.661 0.1250000000
85014  28.099  6.901  3.077 0.6250000000
85989  27.594  8.777  2.449 0.6250000000
91513  27.375  14.424  0.340 0.6250000000
91527  27.018  14.509  -0.476 0.7500000000
91483  29.687  14.160  2.322 0.1250000000
90599  29.521  13.503  2.503 0.1250000000
89690  29.172  12.770  2.709 0.2500000000
89689  30.252  12.843  2.624 0.1250000000
92469  26.002  15.570  -2.038 0.7500000000
92409  28.796  15.354  1.602 0.3750000000
93296  28.730  16.552  0.831 0.3750000000
94089  29.114  17.207  0.418 0.1250000000
93287  29.926  16.157  1.212 0.1250000000
94968  26.850  18.002  -2.058 0.3750000000
94950  28.874  18.324  -0.589 0.2500000000
94099  30.310  17.616  -0.329 0.1250000000
94098  31.008  17.214  -0.753 0.1250000000
93294  30.359  16.517  0.729 0.1250000000
94966  28.371  18.765  -1.177 0.2500000000
94115  30.665  17.958  -1.122 0.1250000000
94964  30.222  18.660  -1.632 0.1250000000
95868  27.082  19.863  -3.331 0.3750000000
94983  27.266  18.973  -2.251 0.3750000000
94982  30.644  18.676  -2.394 0.1250000000
95847  29.858  19.483  -2.641 0.1250000000
95867  30.029  19.620  -3.442 0.1250000000
95882  30.290  19.146  -4.223 0.1250000000
95831  29.622  19.215  -1.968 0.1250000000
95848  29.161  19.666  -2.404 0.1250000000
94114  31.265  17.453  -1.585 0.1250000000
94981  31.005  18.179  -2.627 0.1250000000
140386  25.517  19.820  -4.926 0.2500000000
95885  25.078  19.254  -4.775 0.2500000000
96736  26.223  20.336  -4.666 0.2500000000
96734  28.163  21.118  -4.403 0.1250000000
95898  29.504  20.239  -5.294 0.1250000000
96716  29.352  20.236  -3.588 0.1250000000
96753  25.607  20.350  -5.380 0.1250000000
97528  25.884  21.088  -5.934 0.1250000000
97527  27.037  21.513  -5.701 0.1250000000
95013  30.186  18.592  -5.556 0.1250000000
96733  29.099  20.688  -4.375 0.1250000000
97540  25.847  21.927  -7.440 0.1250000000
136668  23.834  -6.678  5.208 0.7500000000
71506  24.797  -6.033  4.738 0.7500000000
71488  25.297  -6.299  5.288 0.7500000000
72538  22.774  -5.759  5.202 0.7500000000
71490  22.999  -6.530  5.474 0.7500000000
139781  21.478  -2.664  5.521 0.5000000000
134707  27.516  -1.474  3.568 0.6250000000
131090  28.599  0.292  4.233 0.5000000000
85965  30.786  7.857  3.867 0.1250000000
153108  31.531  8.015  4.150 0.1250000000
94140  30.677  18.277  -3.962 0.1250000000
140516  30.382  18.485  -4.864 0.1250000000
71491  22.030  -5.962  5.700 0.7500000000
70522  24.958  -7.087  5.891 0.6250000000
71474  25.661  -6.651  5.944 0.6250000000
72536  27.228  -5.162  5.973 0.3750000000
72537  26.424  -5.391  5.375 0.6250000000
141328  28.281  -4.155  6.422 0.2500000000
73569  27.641  -4.420  5.879 0.3750000000
91498  22.024  14.178  2.510 0.3750000000
147144  21.907  15.002  2.852 0.2500000000
71489  24.553  -6.613  5.237 0.6250000000
75532  27.753  -3.159  5.074 0.5000000000
150031  27.427  -2.736  4.309 0.5000000000
76438  27.647  -2.012  4.169 0.3750000000
72523  27.474  -5.585  6.704 0.5000000000
72524  26.745  -5.839  6.159 0.6250000000
70496  24.904  -7.825  6.671 0.6250000000
73555  20.911  -4.581  6.318 0.3750000000
72525  21.198  -5.549  6.270 0.3750000000
140102  24.352  -7.603  6.118 0.6250000000
70523  24.151  -7.201  5.626 0.6250000000
71459  27.186  -6.645  7.604 0.3750000000
71460  26.519  -6.844  7.102 0.5000000000
70509  25.746  -7.191  6.616 0.6250000000
73574  20.969  -3.662  6.157 0.2500000000
72508  28.577  -5.418  7.812 0.3750000000
74544  28.768  -3.472  6.327 0.2500000000
73543  28.511  -4.816  7.187 0.2500000000
76440  21.402  -1.110  5.100 0.3750000000
74554  28.027  -3.654  5.798 0.2500000000
75531  28.189  -2.232  4.920 0.3750000000
76431  28.866  -1.375  5.110 0.2500000000
77350  28.656  -0.545  4.624 0.2500000000
154510  29.115  0.092  4.882 0.2500000000
84982  17.823  7.898  6.431 0.1250000000
134230  30.103  1.040  5.362 0.2500000000
86968  21.403  9.923  2.514 0.3750000000
86969  20.786  9.671  3.020 0.2500000000
92401  22.307  15.904  2.745 0.2500000000
145485  18.281  9.063  6.271 0.1250000000
148877  17.957  6.640  6.205 0.2500000000
76432  20.871  -1.133  5.557 0.2500000000
74566  27.094  -3.550  4.426 0.5000000000
72539  21.586  -5.090  5.826 0.5000000000
71487  26.027  -6.090  5.691 0.6250000000
73582  26.710  -4.276  4.600 0.5000000000
154270  21.409  -3.398  5.725 0.3750000000
74557  21.051  -2.992  6.029 0.3750000000
76437  28.108  -1.334  4.376 0.2500000000
71473  26.281  -6.488  6.384 0.5000000000
73554  27.957  -4.865  6.583 0.2500000000
72522  28.074  -5.351  7.149 0.2500000000
73553  28.954  -4.128  6.986 0.2500000000
71472  26.997  -6.231  6.906 0.5000000000
71458  27.797  -6.004  7.508 0.3750000000
70524  23.442  -7.156  5.681 0.6250000000
70495  26.756  -7.125  7.691 0.3750000000
75522  28.501  -2.900  5.676 0.2500000000
150700  18.053  6.636  7.160 0.1250000000
69476  22.281  -8.432  7.001 0.5000000000
142015  26.190  -7.422  7.419 0.2500000000
69472  25.192  -8.304  7.476 0.3750000000
69489  23.313  -8.150  6.473 0.5000000000
144154  21.530  -8.521  7.376 0.3750000000
70497  21.105  -7.676  7.189 0.5000000000
70511  22.949  -7.571  6.099 0.5000000000
152637  22.291  -7.575  6.422 0.5000000000
71476  21.427  -6.432  6.352 0.3750000000
71475  22.320  -6.942  6.035 0.5000000000
68437  20.571  -9.365  8.363 0.1250000000
134929  20.763  -5.972  6.700 0.2500000000
67389  20.825  -10.676  8.824 0.1250000000
158418  21.059  -9.442  8.058 0.2500000000
68448  22.526  -9.660  7.645 0.3750000000
69457  26.353  -8.266  8.571 0.2500000000
68447  23.943  -9.208  7.498 0.3750000000
69474  23.614  -8.638  6.942 0.5000000000
135264  20.376  -9.950  8.851 0.1250000000
68449  21.624  -9.412  7.753 0.3750000000
148596  23.121  -9.191  7.313 0.3750000000
70483  19.884  -7.768  8.256 0.1250000000
71462  19.817  -6.537  7.681 0.1250000000
138114  29.795  9.762  3.514 0.1250000000
136625  25.581  -7.747  7.194 0.3750000000
70510  23.715  -7.676  6.042 0.5000000000
69488  24.070  -8.140  6.492 0.5000000000
72526  20.462  -5.230  6.792 0.2500000000
70481  27.267  -7.138  8.208 0.2500000000
69475  22.892  -8.596  6.909 0.5000000000
69490  21.902  -7.949  6.831 0.5000000000
69471  25.905  -7.987  7.847 0.3750000000
69473  24.412  -8.528  7.137 0.3750000000
69459  24.762  -8.980  7.890 0.3750000000
137928  22.322  -8.985  7.318 0.3750000000
69477  20.624  -8.170  7.738 0.2500000000
70498  20.275  -7.345  7.643 0.1250000000
71477  20.709  -6.748  7.020 0.1250000000
70512  21.614  -7.248  6.605 0.5000000000
68438  19.842  -9.118  9.008 0.1250000000
68450  20.924  -8.940  7.906 0.2500000000
69460  20.219  -8.600  8.345 0.1250000000
69461  19.540  -8.140  8.962 0.1250000000
68415  19.777  -9.865  9.495 0.1250000000
67399  22.001  -10.148  8.021 0.3750000000
68432  25.181  -9.345  8.692 0.2500000000
70499  19.618  -7.060  8.142 0.1250000000
67386  23.424  -10.408  8.517 0.2500000000
75524  20.884  -2.337  5.976 0.2500000000
69458  25.552  -8.642  8.264 0.2500000000
67388  21.606  -10.706  8.488 0.1250000000
68436  21.131  -9.985  8.282 0.1250000000
68434  23.356  -9.776  7.842 0.2500000000
68435  22.765  -10.192  8.010 0.2500000000
75517  20.447  -2.176  6.483 0.1250000000
90601  21.314  13.216  3.214 0.1250000000
154593  20.938  13.586  3.924 0.1250000000
91479  21.083  14.396  4.232 0.1250000000
91485  21.433  14.297  3.449 0.1250000000
92395  21.609  15.368  3.728 0.1250000000
89692  21.607  12.514  2.709 0.1250000000
92391  21.091  15.894  5.825 0.1250000000
88790  21.221  11.790  2.868 0.1250000000
86957  20.594  9.141  3.293 0.1250000000
154379  20.212  -4.504  6.898 0.1250000000
75518  20.056  -2.815  6.993 0.1250000000
87910  21.102  10.149  2.749 0.1250000000
89693  20.815  12.265  3.407 0.1250000000
90595  20.629  12.778  3.874 0.1250000000
89661  21.027  13.084  5.355 0.1250000000
91469  21.601  14.653  6.425 0.1250000000
93265  21.921  16.131  6.276 0.1250000000
93280  21.652  16.249  4.240 0.1250000000
76423  20.416  -0.953  6.093 0.1250000000
75523  21.140  -1.757  5.560 0.1250000000
74545  20.539  -3.065  6.496 0.1250000000
74546  20.017  -3.407  7.039 0.1250000000
76433  20.654  -1.442  5.891 0.1250000000
76424  20.221  -2.128  6.837 0.1250000000
91477  20.924  14.434  4.562 0.1250000000
90582  20.691  14.036  6.104 0.1250000000
92388  20.552  15.063  6.121 0.1250000000
156753  28.260  -6.590  8.573 0.1250000000
72500  29.641  -5.415  8.687 0.1250000000
72507  29.221  -5.214  8.207 0.1250000000
73542  29.151  -4.721  7.690 0.1250000000
74543  29.629  -3.260  6.803 0.1250000000
156754  29.717  -2.698  6.479 0.1250000000
75521  29.054  -2.158  5.647 0.1250000000
76409  31.382  -1.602  7.244 0.1250000000
135261  30.435  -1.122  6.341 0.1250000000
76430  29.683  -1.385  5.838 0.1250000000
77332  31.385  -0.290  6.826 0.1250000000
77342  29.370  -0.561  5.291 0.1250000000
78304  31.112  0.363  6.385 0.1250000000
78318  30.461  0.327  5.870 0.1250000000
69443  25.975  -8.968  9.029 0.1250000000
68433  24.248  -9.722  8.363 0.1250000000
70480  28.004  -7.098  8.797 0.1250000000
144446  29.450  -5.947  9.003 0.1250000000
71437  28.831  -6.519  9.013 0.1250000000
73536  29.764  -4.778  8.273 0.1250000000
73534  31.141  -3.998  8.661 0.1250000000
74537  31.025  -3.016  7.831 0.1250000000
75514  30.227  -2.480  6.753 0.1250000000
75507  31.640  -2.047  7.705 0.1250000000
78287  31.922  -0.223  7.301 0.1250000000
79192  30.573  1.811  5.354 0.1250000000
79191  31.223  1.747  6.034 0.1250000000
132637  31.462  1.050  6.493 0.1250000000
71444  28.372  -6.139  8.286 0.1250000000
78319  29.741  0.245  5.352 0.1250000000
152111  29.891  -4.013  7.635 0.1250000000
77341  30.083  -0.460  5.859 0.1250000000
70482  26.600  -7.594  8.123 0.1250000000
70470  27.212  -7.785  8.866 0.1250000000
73535  30.459  -4.354  8.427 0.1250000000
74531  30.697  -3.613  8.078 0.1250000000
76422  30.176  -1.802  6.377 0.1250000000
76420  31.100  -1.010  6.775 0.1250000000
76421  30.754  -1.749  6.784 0.1250000000
77317  31.676  -0.898  7.254 0.1250000000
78317  30.827  1.064  5.917 0.1250000000
158503  32.148  0.345  7.345 0.1250000000
68413  25.597  -9.624  9.486 0.1250000000
69442  26.775  -8.571  9.339 0.1250000000
72499  30.309  -5.067  8.854 0.1250000000
79176  31.906  1.779  6.648 0.1250000000
71443  28.996  -5.758  8.530 0.1250000000
71445  27.803  -6.583  8.184 0.1250000000
73570  26.964  -4.690  5.291 0.3750000000
73608  25.251  -4.291  3.505 0.7500000000
74538  30.429  -3.133  7.395 0.1250000000
74555  27.389  -3.977  5.159 0.5000000000
75515  29.704  -2.230  6.202 0.1250000000
75516  29.243  -2.789  6.186 0.1250000000
75533  23.130  -2.579  4.060 0.7500000000
77333  30.778  -0.358  6.344 0.1250000000
77362  23.166  0.264  3.188 1.0000000000
78303  31.672  0.374  6.912 0.1250000000
78347  23.516  0.709  2.720 1.0000000000
79240  26.532  1.858  1.416 1.0000000000
80096  18.978  3.215  6.081 0.1250000000
80128  28.401  2.660  3.130 0.7500000000
80161  26.221  2.358  1.295 1.0000000000
82130  18.465  4.622  6.020 0.1250000000
82139  31.177  4.815  4.526 0.1250000000
83152  24.081  5.887  1.027 1.0000000000
83990  18.432  6.956  7.334 0.1250000000
84001  17.800  6.640  6.877 0.1250000000
84055  22.974  6.095  1.603 1.0000000000
84970  17.827  7.455  7.021 0.1250000000
89721  27.102  12.353  0.059 0.8750000000
91552  24.919  15.185  -1.770 0.7500000000
93295  29.566  16.662  0.853 0.1250000000
94090  28.320  16.985  0.277 0.2500000000
94116  27.308  17.474  -0.893 0.3750000000
94117  26.964  17.444  -1.573 0.3750000000
94129  31.327  17.583  -2.457 0.1250000000
94951  27.875  18.135  -0.680 0.2500000000
95830  30.185  19.076  -2.288 0.1250000000
95871  24.545  18.705  -4.502 0.3750000000
96702  28.820  20.147  -2.937 0.1250000000
143406  30.480  18.987  -3.518 0.1250000000
146980  21.138  15.151  4.388 0.1250000000
150105  28.421  -4.483  6.808 0.2500000000
152381  20.594  -0.795  5.755 0.1250000000
153968  23.485  7.027  1.151 1.0000000000
154264  22.622  -8.078  6.596 0.5000000000
154607  25.330  -5.662  4.679 0.7500000000
156986  24.960  5.213  0.683 1.0000000000
157360  22.937  -7.085  5.795 0.5000000000
157608  30.245  2.139  4.900 0.1250000000
157941  17.676  7.191  6.738 0.1250000000
158310  29.765  19.599  -5.668 0.1250000000
