#!ascii label  , from subject sub-fsm67lq vox2ras=TkReg
1687
54502  -32.725  -0.364  79.286 0.0000000000
65463  -47.985  11.296  57.539 0.0000000000
60759  -38.437  5.559  68.539 0.0000000000
118304  -4.335  -12.562  81.604 0.0000000000
49837  -18.225  -5.044  84.168 0.0000000000
49967  -2.515  -5.555  76.735 0.0000000000
53484  -6.294  -1.857  81.907 0.0000000000
61746  -44.273  6.865  62.628 0.0000000000
51051  -4.378  -4.757  69.348 0.0000000000
45585  -3.740  -9.820  89.901 0.0000000000
117272  -32.156  0.588  74.223 0.0000000000
48846  -28.573  -4.762  79.262 0.0000000000
48795  -26.679  -4.655  83.185 0.0000000000
66357  -49.967  12.084  54.398 0.0000000000
60783  -41.137  5.651  65.639 0.0000000000
114885  -14.745  -9.308  81.496 0.0000000000
54574  -2.721  -0.887  74.004 0.0000000000
45723  -3.187  -8.623  79.231 0.0000000000
45772  -6.472  -9.649  76.174 0.0000000000
40735  -4.436  -14.844  77.019 0.0000000000
52602  -8.439  -2.008  85.610 0.0000000000
111072  -5.522  -1.973  88.649 0.0000000000
61671  -36.026  6.519  71.420 0.0000000000
49812  -23.755  -4.967  86.710 0.0000000000
49907  -20.662  -4.823  80.271 0.0000000000
50945  -5.624  -4.719  79.195 0.0000000000
110811  -1.833  -6.950  82.089 0.0000000000
64554  -46.613  9.381  60.904 0.0000000000
52619  -11.340  -2.123  82.037 0.0000000000
116901  -12.889  -7.259  81.534 0.0000000000
105747  -2.983  -5.624  73.304 0.0000000000
45826  -4.120  -10.009  71.595 0.0000000000
56399  -7.269  1.988  84.466 0.0000000000
50878  -2.372  -4.534  86.252 0.0000000000
43554  -2.648  -11.178  86.582 0.0000000000
56433  -33.421  1.343  78.872 0.0000000000
51850  -31.837  -1.740  77.825 0.0000000000
54546  -33.007  0.019  76.810 0.0000000000
105531  -30.969  -2.805  79.736 0.0000000000
113354  -30.026  -3.647  77.989 0.0000000000
50921  -30.282  -3.613  81.406 0.0000000000
66343  -49.117  11.640  55.630 0.0000000000
64605  -45.593  9.578  57.197 0.0000000000
64623  -46.933  10.174  55.399 0.0000000000
64629  -47.928  10.119  53.527 0.0000000000
60775  -39.742  5.586  66.957 0.0000000000
59723  -35.718  4.892  68.128 0.0000000000
59750  -36.653  4.644  66.686 0.0000000000
59761  -38.435  4.704  65.383 0.0000000000
43637  -4.258  -10.870  80.564 0.0000000000
43639  -5.226  -11.847  79.281 0.0000000000
101481  -4.943  -14.088  79.896 0.0000000000
38843  -3.917  -16.761  78.180 0.0000000000
38836  -4.089  -16.557  80.384 0.0000000000
49803  -7.817  -6.121  85.748 0.0000000000
50865  -6.867  -5.716  87.596 0.0000000000
61653  -34.796  7.194  73.391 0.0000000000
58546  -32.554  3.173  74.802 0.0000000000
57525  -31.842  2.506  72.922 0.0000000000
60716  -32.287  5.111  73.276 0.0000000000
60723  -33.032  6.161  71.766 0.0000000000
50870  -26.811  -3.394  86.924 0.0000000000
49911  -24.479  -4.676  79.972 0.0000000000
49873  -23.382  -4.973  82.093 0.0000000000
65532  -49.822  11.265  50.927 0.0000000000
66420  -50.553  12.529  50.014 0.0000000000
52633  -6.222  -3.109  80.911 0.0000000000
50934  -3.457  -5.329  80.980 0.0000000000
50914  -3.261  -4.545  82.869 0.0000000000
62676  -45.245  7.898  61.653 0.0000000000
59786  -41.077  5.469  62.304 0.0000000000
60803  -42.602  6.395  61.529 0.0000000000
61767  -43.208  7.212  59.763 0.0000000000
55459  -12.791  0.371  84.001 0.0000000000
104521  -13.641  -1.916  84.331 0.0000000000
51854  -3.655  -3.644  76.154 0.0000000000
51864  -2.680  -3.433  75.571 0.0000000000
48900  -1.845  -6.350  74.928 0.0000000000
43681  -4.234  -12.230  73.976 0.0000000000
44672  -6.228  -10.184  73.761 0.0000000000
43690  -3.216  -12.260  72.902 0.0000000000
58439  -8.459  3.386  85.808 0.0000000000
48748  -4.125  -6.115  89.418 0.0000000000
51783  -3.493  -3.293  87.945 0.0000000000
111530  -2.974  -6.983  88.205 0.0000000000
111867  -2.413  -7.796  86.230 0.0000000000
45608  -3.098  -9.924  88.235 0.0000000000
57473  -32.960  1.776  75.880 0.0000000000
51793  -28.411  -3.562  85.576 0.0000000000
103988  -29.571  -3.983  83.467 0.0000000000
108167  -27.355  -5.090  80.924 0.0000000000
66372  -50.692  12.394  53.041 0.0000000000
65489  -49.230  10.727  52.643 0.0000000000
60789  -42.412  5.914  64.284 0.0000000000
104600  -39.670  4.712  63.958 0.0000000000
48812  -16.769  -6.008  81.149 0.0000000000
46832  -15.625  -7.877  82.368 0.0000000000
52700  -2.680  -3.202  71.415 0.0000000000
47905  -2.258  -7.502  77.686 0.0000000000
46930  -3.505  -7.906  76.176 0.0000000000
45757  -4.538  -8.913  78.070 0.0000000000
119722  -5.748  -12.681  76.310 0.0000000000
117841  -2.957  -14.394  75.308 0.0000000000
55434  -8.938  0.545  86.526 0.0000000000
112364  -6.962  0.311  87.535 0.0000000000
52587  -6.928  -2.088  87.816 0.0000000000
49763  -5.912  -5.379  89.173 0.0000000000
60732  -36.927  5.769  70.004 0.0000000000
60730  -34.421  5.811  69.810 0.0000000000
101143  -21.164  -4.664  85.891 0.0000000000
49843  -25.736  -4.884  84.583 0.0000000000
49855  -21.708  -4.777  83.532 0.0000000000
50928  -19.120  -4.619  81.937 0.0000000000
51856  -5.728  -3.747  76.013 0.0000000000
52661  -7.727  -2.983  76.460 0.0000000000
49952  -4.607  -5.170  77.540 0.0000000000
110493  -2.509  -6.513  79.191 0.0000000000
46855  -2.123  -8.118  80.884 0.0000000000
44602  -3.259  -10.180  82.151 0.0000000000
65454  -46.673  10.304  59.009 0.0000000000
63670  -44.508  8.677  58.197 0.0000000000
55449  -10.889  0.352  84.671 0.0000000000
52607  -9.670  -2.586  83.926 0.0000000000
102035  -9.134  -6.134  84.068 0.0000000000
46796  -15.112  -7.983  84.273 0.0000000000
46776  -13.570  -7.625  84.327 0.0000000000
50897  -13.231  -4.513  84.294 0.0000000000
49904  -12.431  -5.000  80.695 0.0000000000
47863  -9.954  -7.157  81.957 0.0000000000
54536  -2.717  -0.635  76.522 0.0000000000
52688  -2.374  -2.912  73.893 0.0000000000
50051  -3.914  -4.695  71.778 0.0000000000
47935  -5.765  -7.205  74.713 0.0000000000
48935  -6.488  -6.600  72.217 0.0000000000
47968  -5.719  -6.879  70.362 0.0000000000
55465  -6.709  0.123  83.174 0.0000000000
55432  -5.804  0.501  86.531 0.0000000000
54426  -5.028  -0.487  85.167 0.0000000000
120003  -3.949  -2.340  84.508 0.0000000000
50902  -2.039  -5.478  84.131 0.0000000000
45648  -2.187  -8.857  84.027 0.0000000000
100696  -3.426  -12.537  84.291 0.0000000000
41531  -2.525  -13.580  90.000 0.0000000000
41559  -2.384  -14.036  88.083 0.0000000000
113267  -3.710  -15.666  82.731 0.0000000000
106122  -32.977  0.173  79.138 0.0000000000
55489  -32.739  0.941  80.365 0.0000000000
107044  -32.229  -1.357  78.580 0.0000000000
54524  -32.965  -0.219  77.932 0.0000000000
52637  -32.017  -1.427  79.821 0.0000000000
107498  -31.171  -2.558  78.753 0.0000000000
54492  -32.392  -0.397  80.631 0.0000000000
52631  -31.626  -1.807  80.553 0.0000000000
109822  -48.132  11.223  56.633 0.0000000000
65461  -46.878  10.513  57.141 0.0000000000
104847  -46.281  9.818  55.865 0.0000000000
65465  -47.459  10.739  56.461 0.0000000000
100824  -47.946  10.872  55.833 0.0000000000
60768  -38.921  5.609  68.082 0.0000000000
60761  -40.336  6.269  68.283 0.0000000000
60747  -40.022  6.388  69.010 0.0000000000
59737  -36.290  4.745  67.586 0.0000000000
59738  -37.537  4.992  68.009 0.0000000000
119662  -38.514  5.198  67.233 0.0000000000
42636  -4.247  -11.903  81.435 0.0000000000
42654  -4.783  -12.489  80.363 0.0000000000
110605  -4.696  -14.020  80.666 0.0000000000
40711  -4.668  -14.905  80.350 0.0000000000
40707  -4.496  -14.460  81.199 0.0000000000
47844  -8.187  -7.691  85.745 0.0000000000
47833  -7.634  -7.470  86.791 0.0000000000
60698  -32.831  5.016  75.266 0.0000000000
59669  -32.286  4.512  73.960 0.0000000000
61642  -33.491  6.556  74.191 0.0000000000
61652  -33.792  6.724  73.256 0.0000000000
66399  -50.721  12.343  51.492 0.0000000000
105628  -50.128  11.829  50.507 0.0000000000
67323  -50.972  13.280  49.577 0.0000000000
52627  -6.587  -2.307  81.099 0.0000000000
51822  -5.511  -3.495  81.472 0.0000000000
52625  -5.251  -3.033  82.301 0.0000000000
115495  -44.668  7.238  62.296 0.0000000000
62661  -45.810  7.652  62.866 0.0000000000
60797  -42.349  6.022  62.586 0.0000000000
60796  -41.743  5.823  62.116 0.0000000000
61749  -43.363  6.675  61.816 0.0000000000
108644  -43.582  6.990  61.287 0.0000000000
102277  -13.772  -0.511  85.058 0.0000000000
102317  -13.686  -1.981  86.043 0.0000000000
49807  -18.369  -4.919  85.952 0.0000000000
48782  -16.845  -5.786  85.089 0.0000000000
51049  -2.985  -3.849  68.525 0.0000000000
50969  -3.400  -4.582  76.493 0.0000000000
102491  -2.815  -4.377  76.153 0.0000000000
113534  -1.917  -5.965  76.145 0.0000000000
42703  -3.111  -13.196  73.783 0.0000000000
42712  -3.387  -12.477  73.364 0.0000000000
42711  -3.106  -12.868  73.209 0.0000000000
59526  -9.519  4.360  85.496 0.0000000000
58433  -9.066  3.507  86.276 0.0000000000
114001  -3.722  -8.271  89.580 0.0000000000
47823  -3.413  -6.837  88.910 0.0000000000
47822  -3.454  -7.695  88.976 0.0000000000
46734  -3.079  -8.015  88.223 0.0000000000
105051  -3.340  -10.021  88.984 0.0000000000
56447  -33.395  1.207  77.287 0.0000000000
55531  -33.130  0.470  76.597 0.0000000000
58519  -33.212  3.001  76.839 0.0000000000
58518  -32.994  3.659  76.309 0.0000000000
49912  -29.491  -4.508  80.672 0.0000000000
49890  -29.307  -4.506  81.495 0.0000000000
101372  -28.649  -4.981  80.064 0.0000000000
48843  -26.920  -4.869  79.564 0.0000000000
103308  -50.651  12.467  53.562 0.0000000000
65481  -48.854  11.130  53.930 0.0000000000
64635  -48.710  10.531  53.182 0.0000000000
121539  -49.187  11.030  53.260 0.0000000000
66384  -50.172  11.760  52.621 0.0000000000
60785  -42.473  6.070  65.132 0.0000000000
60786  -43.161  6.373  65.522 0.0000000000
60779  -43.051  6.533  66.240 0.0000000000
104968  -39.946  5.100  65.137 0.0000000000
59771  -39.423  4.769  64.555 0.0000000000
59763  -40.711  5.300  64.961 0.0000000000
59773  -40.897  5.212  64.146 0.0000000000
54575  -3.191  -0.249  73.539 0.0000000000
119287  -2.928  -1.288  72.046 0.0000000000
53541  -2.647  -1.649  73.422 0.0000000000
46896  -2.396  -7.758  78.272 0.0000000000
46898  -3.252  -8.227  77.558 0.0000000000
45740  -4.201  -9.051  78.730 0.0000000000
41674  -5.489  -13.413  77.762 0.0000000000
42679  -5.737  -12.571  78.054 0.0000000000
41693  -5.308  -13.641  76.988 0.0000000000
41709  -4.111  -13.707  75.639 0.0000000000
40745  -3.886  -14.736  76.345 0.0000000000
39811  -3.049  -15.568  76.172 0.0000000000
53450  -8.744  -0.969  85.893 0.0000000000
53442  -7.594  -0.870  87.030 0.0000000000
111386  -7.155  -2.743  87.143 0.0000000000
47825  -6.792  -7.403  88.803 0.0000000000
49764  -6.389  -6.074  88.890 0.0000000000
47824  -6.345  -7.580  89.530 0.0000000000
48747  -5.449  -7.148  89.888 0.0000000000
61681  -36.512  6.188  70.718 0.0000000000
61670  -35.137  6.549  71.246 0.0000000000
118266  -33.961  6.180  70.419 0.0000000000
61680  -35.728  6.155  70.581 0.0000000000
103293  -36.199  5.779  70.078 0.0000000000
101031  -23.130  -4.551  88.171 0.0000000000
49810  -21.483  -4.803  86.708 0.0000000000
49811  -22.018  -4.805  86.026 0.0000000000
49845  -27.738  -4.482  84.547 0.0000000000
101850  -27.110  -4.455  85.769 0.0000000000
49860  -26.258  -4.715  83.791 0.0000000000
49909  -22.039  -5.012  81.211 0.0000000000
49872  -22.556  -4.976  82.453 0.0000000000
49887  -21.234  -4.884  81.799 0.0000000000
50910  -21.005  -4.688  83.385 0.0000000000
115091  -19.772  -4.661  81.570 0.0000000000
49905  -18.092  -4.897  80.922 0.0000000000
51835  -7.127  -3.267  78.830 0.0000000000
105689  -6.732  -3.910  78.349 0.0000000000
50953  -6.165  -4.455  77.917 0.0000000000
50952  -5.400  -4.962  78.418 0.0000000000
49935  -3.435  -5.822  78.416 0.0000000000
49921  -3.966  -5.598  79.321 0.0000000000
49898  -2.148  -6.269  81.472 0.0000000000
48824  -2.164  -6.506  80.576 0.0000000000
47872  -1.880  -7.517  81.440 0.0000000000
45685  -2.521  -8.851  81.360 0.0000000000
107937  -2.430  -9.029  82.275 0.0000000000
64593  -46.768  10.018  59.994 0.0000000000
65436  -47.734  10.552  60.290 0.0000000000
64574  -47.298  9.914  60.877 0.0000000000
63643  -44.832  8.456  59.997 0.0000000000
62699  -43.642  7.694  59.281 0.0000000000
63660  -45.231  8.998  59.506 0.0000000000
64592  -45.650  9.543  59.004 0.0000000000
56395  -11.904  1.699  85.167 0.0000000000
54464  -11.968  -0.897  82.775 0.0000000000
116114  -11.297  -0.622  83.456 0.0000000000
51809  -10.189  -2.777  83.025 0.0000000000
51808  -9.617  -3.549  83.539 0.0000000000
50915  -9.862  -4.217  82.890 0.0000000000
45691  -15.174  -8.766  81.578 0.0000000000
104546  -15.436  -8.017  83.362 0.0000000000
44588  -14.749  -9.234  82.184 0.0000000000
46845  -13.045  -8.802  82.024 0.0000000000
45650  -13.544  -8.696  83.320 0.0000000000
112950  -13.110  -7.764  83.226 0.0000000000
49835  -13.092  -6.002  84.566 0.0000000000
49867  -13.154  -6.181  82.687 0.0000000000
117382  -13.349  -4.189  82.588 0.0000000000
49883  -12.800  -5.685  80.941 0.0000000000
47883  -10.799  -7.734  80.583 0.0000000000
54537  -2.827  -0.570  76.734 0.0000000000
116189  -2.036  -5.074  74.107 0.0000000000
51873  -2.414  -3.328  74.781 0.0000000000
115511  -2.473  -4.831  73.162 0.0000000000
51012  -2.719  -4.479  72.626 0.0000000000
50031  -3.441  -5.158  72.633 0.0000000000
46917  -5.499  -8.478  76.667 0.0000000000
47924  -4.097  -7.650  75.605 0.0000000000
47926  -6.253  -7.850  75.136 0.0000000000
45827  -5.280  -9.526  72.136 0.0000000000
46958  -6.644  -8.326  73.198 0.0000000000
46972  -5.947  -8.722  71.858 0.0000000000
48947  -6.324  -6.701  71.334 0.0000000000
46987  -5.588  -8.346  71.164 0.0000000000
47002  -4.155  -8.401  69.950 0.0000000000
56402  -6.805  1.270  84.202 0.0000000000
106767  -6.213  -0.965  88.190 0.0000000000
55423  -6.450  0.770  87.197 0.0000000000
54376  -5.392  -0.842  87.927 0.0000000000
120002  -2.911  -3.562  86.999 0.0000000000
54398  -4.264  -1.380  86.446 0.0000000000
52601  -3.312  -2.645  86.103 0.0000000000
53463  -3.984  -1.901  85.113 0.0000000000
51794  -2.950  -3.675  85.292 0.0000000000
51806  -2.720  -4.341  84.378 0.0000000000
49818  -2.111  -5.405  85.128 0.0000000000
44560  -2.644  -9.629  86.275 0.0000000000
115160  -2.339  -8.271  85.495 0.0000000000
44568  -2.604  -9.597  85.379 0.0000000000
116449  -2.807  -10.130  84.197 0.0000000000
43579  -3.034  -11.336  84.994 0.0000000000
39705  -2.439  -14.924  89.558 0.0000000000
41541  -2.491  -13.463  89.482 0.0000000000
57454  -33.443  2.299  78.062 0.0000000000
51859  -31.361  -2.036  76.760 0.0000000000
116042  -32.205  -0.966  76.397 0.0000000000
53514  -32.503  -0.734  77.233 0.0000000000
55515  -33.368  0.709  77.753 0.0000000000
49929  -29.429  -4.360  79.548 0.0000000000
50954  -30.319  -3.504  78.992 0.0000000000
50963  -30.811  -2.807  77.909 0.0000000000
50930  -30.262  -3.701  80.706 0.0000000000
66344  -49.850  12.146  55.345 0.0000000000
118786  -45.764  9.154  54.934 0.0000000000
63698  -46.640  9.271  53.962 0.0000000000
63707  -46.942  8.975  53.160 0.0000000000
64628  -47.214  10.009  54.390 0.0000000000
65471  -48.447  11.035  54.947 0.0000000000
60776  -40.595  5.706  66.418 0.0000000000
60771  -41.954  6.465  67.199 0.0000000000
60762  -41.210  6.436  67.850 0.0000000000
61703  -41.618  6.823  68.616 0.0000000000
59721  -34.260  4.774  68.038 0.0000000000
59735  -34.608  4.587  67.314 0.0000000000
114821  -35.244  4.488  65.956 0.0000000000
100896  -36.082  4.469  65.757 0.0000000000
59768  -36.732  4.394  65.188 0.0000000000
59760  -37.101  4.599  65.880 0.0000000000
110199  -38.790  4.994  65.982 0.0000000000
44623  -4.086  -9.905  80.245 0.0000000000
44632  -4.776  -9.955  79.198 0.0000000000
43638  -4.742  -11.590  80.013 0.0000000000
42655  -5.215  -12.639  79.520 0.0000000000
40717  -5.062  -14.523  78.932 0.0000000000
39806  -4.305  -15.459  77.443 0.0000000000
39799  -4.621  -15.412  78.577 0.0000000000
101582  -3.981  -16.934  78.978 0.0000000000
51796  -7.939  -3.772  85.441 0.0000000000
51790  -7.489  -3.485  86.334 0.0000000000
49802  -7.233  -5.601  86.781 0.0000000000
61654  -35.532  7.159  72.815 0.0000000000
57500  -32.466  2.147  74.512 0.0000000000
116883  -31.983  1.072  73.559 0.0000000000
57514  -32.150  2.329  73.648 0.0000000000
58568  -31.779  3.289  72.789 0.0000000000
59677  -31.897  4.338  72.610 0.0000000000
60717  -32.916  6.118  72.763 0.0000000000
61661  -33.833  6.606  72.245 0.0000000000
49798  -25.044  -4.611  87.389 0.0000000000
48800  -25.325  -4.748  81.230 0.0000000000
49875  -25.306  -4.702  82.787 0.0000000000
49889  -24.243  -4.784  80.812 0.0000000000
115896  -22.702  -4.901  80.648 0.0000000000
107459  -49.188  10.674  50.395 0.0000000000
65543  -49.149  11.133  49.620 0.0000000000
66430  -49.821  12.343  48.681 0.0000000000
66438  -49.713  12.544  47.738 0.0000000000
103957  -6.393  -3.435  80.233 0.0000000000
50935  -4.383  -5.130  80.363 0.0000000000
51826  -5.043  -4.345  81.066 0.0000000000
50923  -3.366  -5.020  81.928 0.0000000000
49864  -2.318  -5.631  82.819 0.0000000000
63628  -45.727  8.356  61.529 0.0000000000
118813  -46.709  8.417  62.686 0.0000000000
59803  -40.845  5.583  60.871 0.0000000000
60810  -41.523  6.016  60.357 0.0000000000
60821  -42.098  6.378  59.825 0.0000000000
61766  -42.772  6.756  60.225 0.0000000000
61757  -44.095  7.409  61.055 0.0000000000
55452  -13.135  0.886  84.679 0.0000000000
107045  -13.566  0.287  84.792 0.0000000000
54448  -13.371  -0.541  83.753 0.0000000000
118013  -12.776  -1.765  81.992 0.0000000000
44607  -13.349  -9.634  81.158 0.0000000000
109884  -12.302  -7.947  80.515 0.0000000000
53520  -3.707  -1.687  76.187 0.0000000000
52659  -2.955  -1.893  76.130 0.0000000000
110833  -2.865  -3.715  75.881 0.0000000000
50991  -1.938  -4.956  74.852 0.0000000000
118998  -2.252  -5.949  74.072 0.0000000000
43683  -6.260  -11.134  75.020 0.0000000000
44661  -6.487  -10.346  74.698 0.0000000000
43693  -5.762  -11.154  74.083 0.0000000000
44670  -3.954  -11.230  72.716 0.0000000000
44682  -3.615  -10.801  71.905 0.0000000000
60571  -10.483  5.074  84.657 0.0000000000
58444  -8.982  3.989  84.501 0.0000000000
57407  -7.221  2.149  85.343 0.0000000000
110735  -4.808  -4.043  88.943 0.0000000000
52579  -4.431  -2.337  88.316 0.0000000000
50854  -3.765  -4.178  88.643 0.0000000000
50863  -2.878  -4.501  88.093 0.0000000000
49788  -2.413  -5.362  87.605 0.0000000000
48773  -2.185  -6.213  86.136 0.0000000000
47831  -2.675  -7.364  87.437 0.0000000000
45607  -2.742  -8.728  86.975 0.0000000000
106244  -2.675  -11.060  87.266 0.0000000000
101927  -31.897  -0.626  74.855 0.0000000000
53524  -32.351  -0.691  76.184 0.0000000000
54570  -32.750  0.277  75.714 0.0000000000
105418  -32.554  1.327  74.749 0.0000000000
57486  -32.706  2.460  75.215 0.0000000000
59646  -32.874  4.337  75.816 0.0000000000
118401  -28.193  -4.556  83.356 0.0000000000
50911  -29.750  -3.945  82.611 0.0000000000
48804  -28.417  -4.599  82.601 0.0000000000
105208  -27.198  -4.862  81.797 0.0000000000
121367  -26.256  -4.850  80.674 0.0000000000
64647  -48.183  9.564  52.227 0.0000000000
65521  -49.673  10.996  51.509 0.0000000000
66398  -50.188  11.664  51.871 0.0000000000
60795  -43.139  6.222  63.844 0.0000000000
61741  -44.688  6.780  64.049 0.0000000000
61736  -44.665  6.796  64.915 0.0000000000
58675  -37.689  4.261  64.331 0.0000000000
105346  -40.120  4.865  62.972 0.0000000000
60794  -42.396  5.910  63.390 0.0000000000
49868  -17.122  -5.670  82.319 0.0000000000
48793  -16.709  -6.119  83.535 0.0000000000
47877  -16.302  -6.726  81.599 0.0000000000
46846  -15.267  -8.556  81.071 0.0000000000
52708  -2.699  -2.945  70.509 0.0000000000
51038  -3.356  -3.765  69.713 0.0000000000
49949  -2.136  -6.257  76.954 0.0000000000
47921  -1.965  -7.225  76.187 0.0000000000
47913  -2.338  -7.532  76.460 0.0000000000
46916  -4.347  -8.217  76.736 0.0000000000
45771  -6.023  -9.247  77.089 0.0000000000
44633  -5.331  -10.532  78.660 0.0000000000
43656  -6.294  -10.947  77.109 0.0000000000
44647  -6.451  -10.718  76.319 0.0000000000
42697  -5.429  -12.609  75.568 0.0000000000
56389  -8.418  2.032  86.713 0.0000000000
55426  -8.336  1.122  86.906 0.0000000000
54388  -7.106  -0.256  87.597 0.0000000000
53433  -6.515  -1.598  88.259 0.0000000000
112793  -6.673  -3.852  87.929 0.0000000000
51771  -6.152  -3.312  88.646 0.0000000000
51770  -5.615  -3.256  88.827 0.0000000000
49748  -5.189  -5.646  89.481 0.0000000000
117045  -4.275  -7.608  89.961 0.0000000000
108073  -4.069  -9.612  90.331 0.0000000000
101422  -37.802  5.518  69.012 0.0000000000
61691  -38.941  6.280  69.663 0.0000000000
61683  -38.516  6.411  70.321 0.0000000000
55588  -31.240  0.804  72.257 0.0000000000
60755  -33.369  5.069  68.638 0.0000000000
60758  -36.552  5.244  68.828 0.0000000000
49808  -19.770  -4.692  86.460 0.0000000000
49838  -19.062  -4.687  84.458 0.0000000000
50877  -27.638  -3.620  86.210 0.0000000000
49815  -26.462  -4.549  86.332 0.0000000000
49813  -25.122  -5.016  86.296 0.0000000000
106463  -24.849  -4.734  83.374 0.0000000000
49841  -23.629  -4.875  84.470 0.0000000000
102187  -23.278  -4.948  85.164 0.0000000000
49839  -21.301  -4.652  84.192 0.0000000000
50898  -19.645  -4.597  83.849 0.0000000000
49854  -18.871  -4.758  83.606 0.0000000000
49884  -17.426  -5.339  81.597 0.0000000000
67346  -50.185  13.145  47.367 0.0000000000
67359  -50.170  13.246  46.413 0.0000000000
118701  -50.703  13.608  44.947 0.0000000000
51855  -4.782  -3.812  76.142 0.0000000000
50970  -4.487  -4.595  76.704 0.0000000000
51858  -7.140  -3.471  76.273 0.0000000000
50971  -5.482  -4.270  76.588 0.0000000000
104084  -3.916  -5.127  77.048 0.0000000000
48866  -2.227  -6.520  77.712 0.0000000000
48852  -2.216  -6.743  78.535 0.0000000000
46882  -2.236  -7.840  78.996 0.0000000000
49919  -2.521  -6.375  80.071 0.0000000000
47892  -1.976  -7.301  79.414 0.0000000000
46870  -2.625  -8.331  79.520 0.0000000000
45706  -3.151  -9.357  80.943 0.0000000000
44603  -3.644  -10.652  81.667 0.0000000000
43611  -3.874  -11.395  81.849 0.0000000000
65459  -47.839  11.189  58.400 0.0000000000
61778  -43.064  7.312  58.880 0.0000000000
113885  -43.017  7.396  58.115 0.0000000000
62717  -43.951  8.191  57.820 0.0000000000
63671  -45.003  9.162  57.672 0.0000000000
64606  -46.152  10.073  57.617 0.0000000000
55441  -9.656  0.218  85.868 0.0000000000
54411  -9.506  -0.582  85.492 0.0000000000
55450  -11.601  0.621  84.380 0.0000000000
54428  -9.990  -0.914  84.690 0.0000000000
52603  -9.118  -2.307  84.762 0.0000000000
49819  -8.306  -5.926  85.074 0.0000000000
106665  -16.261  -6.558  84.010 0.0000000000
104715  -15.472  -7.353  84.877 0.0000000000
46779  -15.069  -7.531  85.178 0.0000000000
44587  -14.396  -9.323  82.697 0.0000000000
45626  -14.201  -8.050  84.418 0.0000000000
121160  -14.121  -6.903  85.844 0.0000000000
48776  -13.748  -6.047  86.476 0.0000000000
49821  -13.190  -5.077  85.751 0.0000000000
51798  -13.395  -3.321  85.484 0.0000000000
119680  -13.488  -2.915  83.962 0.0000000000
51817  -13.343  -2.725  82.485 0.0000000000
51824  -11.724  -3.354  81.214 0.0000000000
48826  -11.534  -6.213  80.431 0.0000000000
49902  -11.023  -5.600  80.711 0.0000000000
50916  -10.318  -4.463  82.002 0.0000000000
48798  -9.793  -6.709  82.746 0.0000000000
54550  -2.596  -0.771  76.126 0.0000000000
52667  -2.737  -2.268  75.665 0.0000000000
53527  -2.609  -1.465  75.549 0.0000000000
116763  -2.454  -2.166  73.940 0.0000000000
51886  -2.642  -3.786  72.135 0.0000000000
51024  -2.947  -4.136  71.898 0.0000000000
51040  -4.694  -4.592  69.951 0.0000000000
48888  -1.982  -6.924  75.038 0.0000000000
48902  -2.905  -6.632  74.344 0.0000000000
48903  -3.939  -6.620  74.302 0.0000000000
101575  -6.597  -8.284  74.519 0.0000000000
48905  -6.151  -6.840  73.978 0.0000000000
50015  -5.181  -5.710  72.881 0.0000000000
50033  -5.746  -5.545  71.952 0.0000000000
50053  -5.719  -5.346  70.940 0.0000000000
50091  -5.113  -5.655  69.598 0.0000000000
47980  -4.095  -7.299  69.065 0.0000000000
57390  -7.749  2.158  86.660 0.0000000000
56388  -6.678  1.490  86.364 0.0000000000
56393  -6.632  1.537  85.761 0.0000000000
53449  -4.534  -1.332  87.219 0.0000000000
55431  -5.250  -0.068  86.251 0.0000000000
54427  -5.634  0.209  85.124 0.0000000000
55455  -5.810  0.094  84.353 0.0000000000
53472  -4.987  -1.251  83.907 0.0000000000
53477  -5.267  -1.749  83.219 0.0000000000
52616  -4.280  -3.070  83.416 0.0000000000
111423  -2.392  -5.151  83.473 0.0000000000
48790  -1.805  -6.402  83.440 0.0000000000
108674  -2.081  -6.693  85.362 0.0000000000
102510  -1.896  -7.675  84.323 0.0000000000
46829  -1.773  -7.949  83.244 0.0000000000
121033  -2.756  -9.837  83.303 0.0000000000
43598  -3.396  -10.998  83.123 0.0000000000
42608  -3.891  -12.477  82.721 0.0000000000
44517  -3.876  -10.946  90.675 0.0000000000
116408  -3.139  -12.931  90.922 0.0000000000
43517  -3.268  -11.351  90.094 0.0000000000
42535  -2.759  -12.202  89.381 0.0000000000
42543  -2.600  -12.290  88.633 0.0000000000
113880  -2.496  -12.584  87.181 0.0000000000
40671  -2.394  -14.637  86.938 0.0000000000
41579  -2.717  -13.197  86.026 0.0000000000
41592  -3.291  -13.741  84.553 0.0000000000
40695  -3.487  -14.340  83.781 0.0000000000
39762  -4.004  -14.942  82.422 0.0000000000
101982  -4.007  -15.790  81.909 0.0000000000
37775  -3.780  -17.226  80.666 0.0000000000
55496  -33.040  0.822  79.684 0.0000000000
112140  -32.728  0.119  79.964 0.0000000000
53490  -32.486  -1.008  79.055 0.0000000000
54513  -32.810  -0.403  78.563 0.0000000000
53487  -32.476  -0.697  79.873 0.0000000000
52640  -31.881  -1.720  79.138 0.0000000000
66333  -48.686  11.645  57.248 0.0000000000
117646  -47.536  10.950  57.091 0.0000000000
60760  -39.300  5.955  68.572 0.0000000000
60746  -39.309  6.190  69.160 0.0000000000
59726  -37.819  5.280  68.438 0.0000000000
104832  -36.917  4.864  68.046 0.0000000000
59739  -38.293  5.275  67.912 0.0000000000
42637  -4.519  -12.526  81.041 0.0000000000
41613  -4.498  -13.402  81.328 0.0000000000
45609  -7.800  -8.710  86.544 0.0000000000
110778  -32.914  5.729  74.586 0.0000000000
52626  -5.920  -2.663  81.710 0.0000000000
61747  -45.146  7.279  62.956 0.0000000000
101881  -44.677  6.917  63.340 0.0000000000
60798  -43.049  6.258  62.973 0.0000000000
60804  -42.872  6.350  62.226 0.0000000000
100784  -43.556  6.561  62.521 0.0000000000
119553  -43.818  6.763  62.200 0.0000000000
53443  -13.831  -1.676  87.776 0.0000000000
53451  -13.727  -1.778  86.888 0.0000000000
52596  -13.605  -2.560  86.752 0.0000000000
49823  -18.350  -4.922  85.057 0.0000000000
49806  -17.549  -5.288  85.533 0.0000000000
49822  -17.526  -5.391  84.683 0.0000000000
51050  -3.656  -4.362  68.869 0.0000000000
108127  -2.846  -4.960  76.510 0.0000000000
50968  -2.397  -5.079  76.136 0.0000000000
41731  -3.011  -13.443  73.502 0.0000000000
46721  -3.810  -9.054  89.820 0.0000000000
46720  -3.627  -8.617  89.351 0.0000000000
45590  -3.531  -9.090  89.142 0.0000000000
108842  -3.602  -9.881  89.606 0.0000000000
111183  -33.378  3.133  77.604 0.0000000000
57464  -33.411  2.140  77.162 0.0000000000
58506  -33.288  4.031  77.067 0.0000000000
114656  -29.071  -4.657  79.639 0.0000000000
48834  -29.110  -4.796  80.354 0.0000000000
48845  -28.081  -5.049  79.703 0.0000000000
67282  -50.618  12.528  54.129 0.0000000000
66370  -49.491  11.537  53.763 0.0000000000
66371  -50.160  12.004  53.479 0.0000000000
102604  -41.947  5.964  65.682 0.0000000000
111348  -42.594  6.239  65.785 0.0000000000
117246  -40.424  5.402  65.621 0.0000000000
60784  -41.606  5.652  64.804 0.0000000000
55565  -2.819  -0.129  74.610 0.0000000000
54585  -2.977  -0.989  72.783 0.0000000000
46883  -2.693  -8.163  78.651 0.0000000000
45739  -3.339  -8.455  78.420 0.0000000000
110158  -3.732  -8.902  79.135 0.0000000000
41673  -5.057  -14.220  77.426 0.0000000000
41692  -4.531  -14.161  76.483 0.0000000000
40734  -3.768  -15.285  76.596 0.0000000000
112006  -7.964  -1.337  86.411 0.0000000000
52595  -7.665  -2.338  86.358 0.0000000000
120258  -6.552  -7.278  89.227 0.0000000000
61672  -36.840  6.586  71.560 0.0000000000
61663  -37.227  7.024  72.291 0.0000000000
53543  -31.689  -0.472  74.120 0.0000000000
113048  -24.490  -4.510  87.719 0.0000000000
115564  -23.556  -4.774  87.442 0.0000000000
115749  -22.291  -4.884  86.808 0.0000000000
101201  -23.063  -4.920  86.792 0.0000000000
48787  -26.803  -4.663  83.823 0.0000000000
48788  -27.212  -4.620  84.165 0.0000000000
101123  -21.258  -4.859  80.940 0.0000000000
111173  -20.528  -4.761  81.207 0.0000000000
120352  -20.416  -4.711  81.923 0.0000000000
100685  -19.779  -4.742  80.735 0.0000000000
101126  -19.800  -4.806  79.990 0.0000000000
51834  -6.615  -3.794  79.065 0.0000000000
50946  -6.157  -4.353  78.780 0.0000000000
121318  -5.376  -4.988  78.951 0.0000000000
50944  -5.005  -5.209  79.254 0.0000000000
119171  -2.010  -6.475  81.923 0.0000000000
48809  -1.903  -6.778  81.129 0.0000000000
46842  -2.097  -8.308  81.845 0.0000000000
110295  -1.827  -7.714  82.403 0.0000000000
63661  -45.911  9.386  60.005 0.0000000000
111699  -45.395  8.777  60.261 0.0000000000
53480  -11.787  -1.483  82.284 0.0000000000
53479  -11.073  -1.432  82.833 0.0000000000
52613  -10.678  -2.201  82.651 0.0000000000
51815  -10.244  -3.565  82.511 0.0000000000
116031  -15.161  -8.836  81.310 0.0000000000
45669  -15.064  -8.937  82.059 0.0000000000
46814  -13.229  -8.374  83.136 0.0000000000
46831  -12.960  -7.958  82.379 0.0000000000
48792  -13.102  -6.644  83.453 0.0000000000
109505  -13.045  -7.097  82.697 0.0000000000
48799  -13.056  -6.393  81.665 0.0000000000
54538  -3.331  -0.947  76.618 0.0000000000
50013  -2.372  -5.415  73.668 0.0000000000
50012  -2.276  -4.684  73.625 0.0000000000
50030  -2.788  -5.047  72.980 0.0000000000
46918  -6.189  -8.818  76.318 0.0000000000
46931  -5.919  -8.182  75.932 0.0000000000
46932  -6.531  -8.760  75.471 0.0000000000
45844  -4.830  -9.177  71.342 0.0000000000
45843  -3.678  -9.600  70.766 0.0000000000
57408  -7.805  2.817  84.568 0.0000000000
53432  -5.878  -1.579  88.517 0.0000000000
54377  -5.919  -0.496  87.958 0.0000000000
53431  -5.382  -1.629  88.465 0.0000000000
51789  -2.718  -3.776  86.392 0.0000000000
52593  -3.114  -3.093  86.577 0.0000000000
52600  -2.967  -3.322  85.918 0.0000000000
51795  -3.240  -2.936  85.497 0.0000000000
51788  -2.636  -4.096  85.695 0.0000000000
50886  -2.289  -4.839  85.427 0.0000000000
44569  -2.669  -10.415  85.989 0.0000000000
44577  -2.799  -10.501  85.181 0.0000000000
43567  -2.774  -11.280  85.772 0.0000000000
38744  -2.404  -16.416  90.034 0.0000000000
102056  -2.416  -15.651  89.737 0.0000000000
113167  -33.467  1.968  78.726 0.0000000000
51860  -31.849  -1.554  77.136 0.0000000000
52653  -32.242  -1.162  77.479 0.0000000000
54514  -33.123  0.185  78.447 0.0000000000
104733  -33.213  0.247  77.816 0.0000000000
55503  -33.352  0.708  78.348 0.0000000000
56438  -33.451  1.305  78.189 0.0000000000
50947  -30.296  -3.583  79.588 0.0000000000
49930  -29.849  -3.954  79.433 0.0000000000
50948  -30.754  -3.055  79.283 0.0000000000
51843  -31.738  -1.918  78.519 0.0000000000
51842  -31.295  -2.379  78.192 0.0000000000
51849  -31.353  -2.191  77.513 0.0000000000
51829  -30.929  -2.834  80.245 0.0000000000
102048  -31.162  -2.479  80.667 0.0000000000
50938  -30.564  -3.332  80.076 0.0000000000
49914  -30.084  -3.864  80.080 0.0000000000
67262  -50.556  12.710  55.949 0.0000000000
66337  -49.741  12.225  56.390 0.0000000000
63679  -45.043  9.042  56.770 0.0000000000
63687  -44.512  8.459  56.303 0.0000000000
64621  -45.719  9.301  55.493 0.0000000000
64622  -46.325  9.546  54.911 0.0000000000
63697  -45.849  8.819  54.345 0.0000000000
66342  -48.505  11.288  55.905 0.0000000000
66356  -49.274  11.597  54.671 0.0000000000
110186  -41.147  6.119  67.042 0.0000000000
60770  -40.440  5.998  67.387 0.0000000000
61702  -40.851  6.615  68.889 0.0000000000
61694  -42.269  7.390  69.199 0.0000000000
59722  -35.037  4.752  67.929 0.0000000000
103091  -35.755  4.586  66.685 0.0000000000
59751  -37.527  4.761  66.676 0.0000000000
59740  -39.019  5.458  67.467 0.0000000000
59753  -39.031  5.261  66.707 0.0000000000
59754  -39.687  5.288  66.002 0.0000000000
44624  -4.505  -10.464  79.872 0.0000000000
118015  -5.018  -13.240  79.942 0.0000000000
41639  -5.248  -13.640  79.240 0.0000000000
115694  -4.844  -14.924  79.486 0.0000000000
39780  -4.371  -15.809  80.394 0.0000000000
39790  -4.555  -15.596  79.595 0.0000000000
38838  -4.085  -16.732  79.652 0.0000000000
119773  -3.953  -16.981  80.105 0.0000000000
50880  -7.755  -4.683  85.659 0.0000000000
117681  -7.600  -4.156  85.957 0.0000000000
116337  -7.575  -5.483  86.053 0.0000000000
117798  -32.508  2.667  74.652 0.0000000000
58559  -32.293  2.946  74.119 0.0000000000
58558  -32.049  3.807  73.513 0.0000000000
60722  -32.291  5.423  72.251 0.0000000000
107951  -25.449  -3.841  87.649 0.0000000000
50875  -25.984  -4.061  87.281 0.0000000000
48829  -24.979  -4.730  80.591 0.0000000000
119641  -24.765  -4.779  81.237 0.0000000000
65531  -49.442  10.724  50.934 0.0000000000
66419  -49.876  11.944  49.646 0.0000000000
66429  -49.409  11.744  48.956 0.0000000000
67322  -50.378  12.772  49.184 0.0000000000
51827  -5.852  -3.872  80.588 0.0000000000
51821  -4.663  -3.877  82.062 0.0000000000
51820  -3.905  -4.420  82.291 0.0000000000
50922  -2.767  -5.324  82.339 0.0000000000
62677  -45.964  8.072  62.319 0.0000000000
60802  -41.786  6.014  61.325 0.0000000000
59794  -41.210  5.642  61.652 0.0000000000
60811  -42.302  6.378  60.733 0.0000000000
61755  -43.009  6.716  61.042 0.0000000000
62675  -44.668  7.468  61.735 0.0000000000
121006  -44.719  7.784  61.171 0.0000000000
54413  -13.771  0.202  85.724 0.0000000000
53467  -13.678  -1.070  84.380 0.0000000000
54431  -13.558  -0.285  84.362 0.0000000000
53474  -13.484  -1.404  83.459 0.0000000000
54466  -13.185  -0.806  83.151 0.0000000000
45690  -13.050  -9.352  81.109 0.0000000000
45689  -12.594  -9.731  80.194 0.0000000000
52660  -3.380  -2.391  76.091 0.0000000000
115499  -3.085  -2.801  76.033 0.0000000000
50967  -1.997  -5.359  75.541 0.0000000000
50980  -2.449  -4.431  75.638 0.0000000000
112560  -1.799  -5.710  75.001 0.0000000000
49998  -1.960  -5.741  74.379 0.0000000000
48901  -2.234  -6.440  74.482 0.0000000000
114711  -5.188  -12.205  74.713 0.0000000000
43682  -5.725  -11.667  74.643 0.0000000000
103393  -5.117  -11.804  74.154 0.0000000000
43691  -3.352  -11.870  72.669 0.0000000000
103937  -3.799  -11.874  73.226 0.0000000000
115310  -3.353  -11.422  72.146 0.0000000000
42722  -3.111  -12.198  72.228 0.0000000000
59525  -8.939  3.985  85.234 0.0000000000
59531  -9.464  4.409  84.844 0.0000000000
58443  -8.341  3.515  84.953 0.0000000000
57402  -7.796  2.872  85.485 0.0000000000
50855  -4.293  -4.628  89.012 0.0000000000
51768  -4.422  -3.617  88.726 0.0000000000
114413  -3.654  -4.987  88.904 0.0000000000
48753  -3.136  -6.336  88.600 0.0000000000
49760  -2.934  -5.732  88.453 0.0000000000
49776  -2.676  -5.727  88.065 0.0000000000
50872  -2.537  -4.660  87.614 0.0000000000
49775  -2.540  -6.098  87.661 0.0000000000
48759  -2.720  -6.813  87.800 0.0000000000
45599  -3.297  -9.238  88.576 0.0000000000
46746  -2.987  -8.707  87.808 0.0000000000
45617  -2.820  -9.531  87.179 0.0000000000
44551  -2.820  -10.519  87.654 0.0000000000
53536  -31.458  -0.998  74.405 0.0000000000
113762  -32.465  -0.674  76.716 0.0000000000
54545  -32.692  -0.307  76.511 0.0000000000
107534  -33.208  1.112  76.464 0.0000000000
55547  -32.990  0.634  76.093 0.0000000000
56472  -32.967  1.144  75.853 0.0000000000
56489  -32.805  0.894  75.468 0.0000000000
56488  -32.756  1.604  75.288 0.0000000000
49961  -29.074  -4.261  77.749 0.0000000000
50900  -29.353  -3.999  84.240 0.0000000000
49846  -28.434  -4.419  84.160 0.0000000000
49847  -29.124  -4.233  83.801 0.0000000000
51818  -30.590  -3.114  81.699 0.0000000000
50912  -30.150  -3.574  82.177 0.0000000000
48816  -28.304  -4.998  81.303 0.0000000000
48817  -28.723  -4.740  81.641 0.0000000000
48803  -28.119  -4.794  82.036 0.0000000000
121282  -27.629  -4.784  82.202 0.0000000000
48814  -26.679  -4.919  81.226 0.0000000000
48854  -25.676  -4.633  79.071 0.0000000000
67291  -51.281  12.960  52.781 0.0000000000
102585  -47.283  9.563  53.539 0.0000000000
64634  -47.674  9.421  52.776 0.0000000000
64636  -48.879  10.258  52.474 0.0000000000
102779  -48.383  9.943  52.674 0.0000000000
64648  -48.698  9.877  52.084 0.0000000000
65505  -49.216  10.398  51.971 0.0000000000
65520  -49.240  10.373  51.376 0.0000000000
66385  -50.711  12.362  52.257 0.0000000000
61740  -43.911  6.503  64.350 0.0000000000
60790  -43.168  6.242  64.732 0.0000000000
61729  -43.786  6.677  66.029 0.0000000000
61730  -44.577  6.887  65.776 0.0000000000
61717  -42.654  6.886  67.781 0.0000000000
61725  -42.843  6.674  66.997 0.0000000000
59769  -37.623  4.476  65.109 0.0000000000
58674  -36.901  4.183  64.487 0.0000000000
59776  -38.988  4.478  63.899 0.0000000000
59777  -39.464  4.566  63.226 0.0000000000
59778  -40.214  4.902  63.661 0.0000000000
60788  -41.662  5.554  63.787 0.0000000000
47865  -16.502  -6.456  82.589 0.0000000000
47886  -15.738  -7.657  81.138 0.0000000000
54595  -3.213  -0.800  71.765 0.0000000000
53550  -2.689  -2.445  71.343 0.0000000000
105724  -3.015  -3.556  70.946 0.0000000000
120031  -1.947  -6.824  77.166 0.0000000000
47912  -2.000  -7.287  76.947 0.0000000000
47906  -2.408  -7.644  77.101 0.0000000000
46899  -3.996  -8.441  77.492 0.0000000000
46900  -5.027  -8.707  77.420 0.0000000000
110207  -5.366  -9.431  77.852 0.0000000000
43647  -5.034  -10.994  79.327 0.0000000000
43648  -5.585  -11.599  78.541 0.0000000000
42687  -5.805  -12.806  77.043 0.0000000000
43655  -6.062  -11.817  77.537 0.0000000000
43663  -6.198  -11.882  76.384 0.0000000000
41691  -3.606  -14.301  75.799 0.0000000000
39798  -4.150  -16.112  77.835 0.0000000000
39805  -3.706  -15.935  76.919 0.0000000000
101008  -3.598  -16.569  77.328 0.0000000000
56384  -9.218  1.644  86.581 0.0000000000
54389  -7.613  -0.239  87.232 0.0000000000
53441  -7.153  -1.048  87.680 0.0000000000
52581  -6.514  -2.581  88.342 0.0000000000
51785  -6.969  -3.899  87.256 0.0000000000
50864  -6.677  -4.675  87.800 0.0000000000
49750  -6.140  -6.075  89.309 0.0000000000
101303  -6.175  -5.307  88.857 0.0000000000
50857  -5.886  -4.383  88.905 0.0000000000
50842  -5.516  -5.063  89.194 0.0000000000
49749  -5.720  -5.879  89.453 0.0000000000
47815  -5.099  -8.021  90.260 0.0000000000
48746  -4.758  -7.379  89.995 0.0000000000
46717  -4.722  -8.915  90.466 0.0000000000
46716  -4.210  -8.988  90.291 0.0000000000
60744  -37.513  5.695  69.592 0.0000000000
60745  -38.168  5.927  69.622 0.0000000000
60733  -37.720  6.082  70.210 0.0000000000
56516  -31.961  1.846  73.152 0.0000000000
105935  -31.639  1.359  72.697 0.0000000000
113117  -33.448  5.836  70.000 0.0000000000
60740  -33.893  5.460  69.280 0.0000000000
60742  -36.255  5.441  69.361 0.0000000000
60743  -37.019  5.432  69.215 0.0000000000
49809  -20.631  -4.729  86.610 0.0000000000
100920  -20.329  -4.623  85.905 0.0000000000
49824  -19.420  -4.641  85.484 0.0000000000
50891  -19.840  -4.546  84.576 0.0000000000
119222  -26.127  -4.933  85.079 0.0000000000
49830  -26.445  -4.768  85.561 0.0000000000
49829  -25.731  -4.982  85.558 0.0000000000
49814  -25.854  -4.842  86.343 0.0000000000
103214  -24.948  -5.010  85.353 0.0000000000
100748  -24.191  -4.859  81.645 0.0000000000
109718  -24.312  -4.788  82.611 0.0000000000
49856  -22.399  -4.860  83.267 0.0000000000
107319  -23.035  -4.826  83.842 0.0000000000
49840  -22.761  -4.837  84.686 0.0000000000
49826  -21.822  -4.686  85.060 0.0000000000
110116  -22.172  -4.767  84.097 0.0000000000
50919  -19.781  -4.617  82.445 0.0000000000
50909  -20.179  -4.611  83.243 0.0000000000
50908  -19.455  -4.641  83.163 0.0000000000
115834  -18.766  -4.738  82.681 0.0000000000
49869  -17.788  -5.129  82.468 0.0000000000
49885  -18.342  -4.821  81.798 0.0000000000
109434  -17.850  -5.056  80.086 0.0000000000
105218  -17.322  -5.404  80.689 0.0000000000
67333  -50.269  12.993  48.295 0.0000000000
67367  -50.365  13.400  45.570 0.0000000000
112781  -50.930  13.996  45.570 0.0000000000
113295  -6.000  -2.684  75.221 0.0000000000
52651  -7.849  -2.852  77.368 0.0000000000
50960  -5.416  -4.708  77.346 0.0000000000
50961  -6.161  -4.320  77.069 0.0000000000
49951  -3.755  -5.512  77.632 0.0000000000
49950  -2.815  -5.873  77.543 0.0000000000
49934  -2.701  -6.318  78.417 0.0000000000
117807  -2.116  -7.390  78.459 0.0000000000
48851  -2.004  -7.041  78.716 0.0000000000
49901  -3.541  -5.672  80.138 0.0000000000
49900  -2.905  -5.912  80.533 0.0000000000
47882  -1.902  -7.384  80.446 0.0000000000
113272  -1.937  -6.890  80.189 0.0000000000
46869  -2.163  -7.934  79.910 0.0000000000
45705  -2.591  -8.591  80.433 0.0000000000
106523  -3.143  -8.906  80.046 0.0000000000
45686  -2.908  -9.531  81.809 0.0000000000
44614  -3.403  -9.973  81.527 0.0000000000
43610  -3.513  -10.864  82.356 0.0000000000
65458  -47.257  10.702  58.661 0.0000000000
110732  -48.337  11.398  58.995 0.0000000000
65456  -47.806  10.949  59.291 0.0000000000
61685  -40.329  7.047  70.243 0.0000000000
61777  -42.585  6.832  59.324 0.0000000000
62711  -44.057  8.193  58.748 0.0000000000
62710  -43.513  7.770  58.408 0.0000000000
114109  -43.406  7.683  57.557 0.0000000000
63678  -44.483  8.590  57.255 0.0000000000
64599  -46.121  10.015  58.508 0.0000000000
65457  -46.711  10.449  58.109 0.0000000000
55442  -10.360  0.820  85.502 0.0000000000
54412  -10.185  -0.097  85.091 0.0000000000
55451  -12.298  1.016  84.524 0.0000000000
55458  -12.163  0.425  84.020 0.0000000000
53466  -10.474  -1.148  83.780 0.0000000000
53465  -9.785  -1.728  84.290 0.0000000000
51797  -8.560  -3.693  84.840 0.0000000000
51803  -9.112  -3.187  84.454 0.0000000000
50905  -9.420  -4.530  83.616 0.0000000000
102533  -8.937  -4.932  84.332 0.0000000000
49834  -8.836  -5.695  84.444 0.0000000000
48784  -8.789  -6.488  84.667 0.0000000000
101675  -9.068  -7.228  84.385 0.0000000000
111527  -16.226  -6.769  83.308 0.0000000000
47857  -15.792  -7.331  83.564 0.0000000000
45638  -15.172  -8.344  83.476 0.0000000000
46797  -15.451  -7.677  84.023 0.0000000000
44586  -13.927  -9.446  82.687 0.0000000000
46795  -13.477  -8.156  83.699 0.0000000000
45635  -13.800  -8.258  83.951 0.0000000000
46777  -13.963  -7.740  84.742 0.0000000000
46760  -14.187  -7.249  85.457 0.0000000000
106486  -13.750  -7.316  85.030 0.0000000000
47839  -14.044  -6.596  86.227 0.0000000000
105199  -13.467  -6.985  84.941 0.0000000000
50896  -13.144  -5.339  84.357 0.0000000000
49820  -13.144  -5.632  85.153 0.0000000000
50889  -13.145  -4.987  84.982 0.0000000000
50882  -13.311  -4.249  86.369 0.0000000000
50890  -13.193  -4.296  85.229 0.0000000000
51804  -13.371  -3.550  84.328 0.0000000000
104195  -12.921  -4.806  81.262 0.0000000000
50918  -13.344  -3.439  82.498 0.0000000000
111309  -13.066  -3.886  81.700 0.0000000000
51825  -12.514  -3.163  81.380 0.0000000000
50927  -12.356  -4.099  80.965 0.0000000000
46857  -12.045  -8.612  80.140 0.0000000000
47885  -12.144  -7.007  80.359 0.0000000000
47884  -11.660  -7.807  80.211 0.0000000000
108583  -10.426  -6.870  81.068 0.0000000000
48825  -10.868  -6.311  80.707 0.0000000000
48810  -10.480  -5.933  81.222 0.0000000000
49882  -10.621  -5.092  81.247 0.0000000000
108671  -10.075  -6.327  81.927 0.0000000000
49866  -10.170  -5.445  81.976 0.0000000000
101801  -2.726  -0.163  76.827 0.0000000000
108309  -2.619  -0.360  76.499 0.0000000000
105607  -2.911  -2.705  75.944 0.0000000000
52658  -2.895  -1.729  76.125 0.0000000000
51879  -2.318  -3.840  73.748 0.0000000000
52679  -2.486  -2.279  74.784 0.0000000000
111279  -2.520  -2.481  73.099 0.0000000000
103178  -2.418  -3.389  72.976 0.0000000000
114530  -3.147  -4.593  72.275 0.0000000000
51025  -3.475  -4.112  71.081 0.0000000000
51026  -4.352  -4.474  70.716 0.0000000000
47922  -2.239  -7.333  75.667 0.0000000000
47923  -2.947  -7.558  75.548 0.0000000000
47934  -4.625  -7.101  74.914 0.0000000000
47933  -3.388  -7.172  74.903 0.0000000000
48904  -5.196  -6.614  74.224 0.0000000000
45796  -6.699  -9.272  74.472 0.0000000000
115368  -6.659  -8.553  73.907 0.0000000000
114789  -6.640  -7.443  72.897 0.0000000000
109127  -6.549  -7.263  73.625 0.0000000000
48923  -6.439  -6.699  73.153 0.0000000000
48922  -5.714  -6.264  73.465 0.0000000000
48934  -6.133  -6.082  72.633 0.0000000000
121067  -6.274  -6.041  72.087 0.0000000000
50073  -5.987  -6.044  70.743 0.0000000000
50072  -5.541  -5.506  70.265 0.0000000000
48959  -5.553  -6.095  70.058 0.0000000000
47981  -4.887  -6.552  69.422 0.0000000000
47967  -4.709  -7.515  69.697 0.0000000000
56383  -7.793  1.326  87.044 0.0000000000
55422  -5.967  0.400  87.125 0.0000000000
56381  -6.754  1.384  86.870 0.0000000000
56380  -6.323  0.966  86.726 0.0000000000
57401  -6.993  1.892  85.810 0.0000000000
56387  -6.182  1.056  86.154 0.0000000000
52578  -3.845  -2.631  87.925 0.0000000000
53429  -4.268  -1.916  87.788 0.0000000000
53457  -4.676  -0.742  85.850 0.0000000000
54410  -5.243  -0.110  85.644 0.0000000000
53471  -4.449  -1.593  84.531 0.0000000000
52612  -4.518  -2.182  83.813 0.0000000000
52617  -4.947  -2.586  83.026 0.0000000000
120601  -3.914  -2.839  83.997 0.0000000000
50903  -2.292  -4.936  84.122 0.0000000000
50904  -2.810  -4.500  83.724 0.0000000000
49849  -2.111  -5.564  83.601 0.0000000000
49848  -1.919  -5.916  83.798 0.0000000000
47843  -2.302  -7.041  86.176 0.0000000000
111638  -2.197  -7.473  85.459 0.0000000000
46793  -2.166  -8.405  84.644 0.0000000000
114569  -2.107  -7.803  84.910 0.0000000000
47854  -1.753  -7.564  83.731 0.0000000000
46812  -1.908  -8.181  83.939 0.0000000000
100986  -2.043  -8.524  83.484 0.0000000000
44583  -2.563  -9.632  83.989 0.0000000000
43589  -3.250  -11.070  83.790 0.0000000000
102579  -2.980  -10.371  83.686 0.0000000000
42607  -3.573  -11.879  83.455 0.0000000000
43599  -3.733  -11.607  82.558 0.0000000000
104076  -3.770  -12.092  91.248 0.0000000000
41522  -2.746  -13.799  90.599 0.0000000000
41532  -2.800  -12.904  90.350 0.0000000000
42517  -3.189  -12.108  90.515 0.0000000000
103252  -2.922  -12.143  90.003 0.0000000000
42527  -2.634  -12.885  89.787 0.0000000000
41550  -2.429  -13.694  88.867 0.0000000000
42534  -2.544  -12.961  89.122 0.0000000000
42542  -2.427  -13.149  88.360 0.0000000000
42549  -2.468  -12.447  87.838 0.0000000000
41560  -2.403  -13.349  87.527 0.0000000000
41571  -2.463  -13.825  86.829 0.0000000000
40679  -2.566  -14.392  86.110 0.0000000000
103917  -2.907  -13.786  85.395 0.0000000000
40687  -2.827  -14.605  85.190 0.0000000000
39754  -3.612  -15.055  83.229 0.0000000000
109115  -3.927  -13.988  82.848 0.0000000000
55497  -33.266  0.751  79.005 0.0000000000
112348  -33.329  2.173  79.308 0.0000000000
56432  -33.218  1.461  79.485 0.0000000000
56426  -32.913  1.574  80.058 0.0000000000
52647  -32.241  -1.303  78.063 0.0000000000
53504  -32.529  -0.842  77.760 0.0000000000
53496  -32.554  -0.913  78.309 0.0000000000
51836  -31.322  -2.404  79.204 0.0000000000
53486  -31.694  -1.443  81.289 0.0000000000
52632  -32.115  -1.108  80.571 0.0000000000
52636  -31.402  -2.231  79.891 0.0000000000
112626  -32.491  0.336  80.840 0.0000000000
66336  -48.911  11.653  56.465 0.0000000000
102234  -49.294  11.997  57.031 0.0000000000
64612  -46.228  9.978  56.735 0.0000000000
64611  -45.654  9.450  56.327 0.0000000000
64613  -46.853  10.322  56.245 0.0000000000
107947  -47.376  10.536  55.826 0.0000000000
65470  -47.650  10.520  55.148 0.0000000000
60769  -39.616  5.821  67.804 0.0000000000
106821  -40.622  6.798  69.536 0.0000000000
103675  -37.147  4.778  67.443 0.0000000000
116254  -37.894  4.968  67.356 0.0000000000
43625  -4.427  -11.750  80.817 0.0000000000
41626  -4.760  -13.267  80.559 0.0000000000
39770  -4.353  -15.362  81.118 0.0000000000
104052  -8.094  -7.157  85.779 0.0000000000
48774  -7.779  -6.852  86.193 0.0000000000
47838  -7.859  -7.428  86.224 0.0000000000
116850  -7.676  -8.893  87.053 0.0000000000
59659  -32.630  4.019  75.051 0.0000000000
58545  -32.355  3.820  74.348 0.0000000000
59658  -32.533  4.700  74.563 0.0000000000
115762  -32.517  5.231  74.028 0.0000000000
60710  -32.879  5.997  73.695 0.0000000000
106881  -34.186  7.071  73.968 0.0000000000
52591  -27.174  -2.603  86.616 0.0000000000
49927  -23.797  -4.694  79.402 0.0000000000
66406  -50.198  11.712  51.187 0.0000000000
66407  -50.679  12.384  50.770 0.0000000000
68182  -51.765  13.706  50.839 0.0000000000
51814  -4.651  -3.277  82.773 0.0000000000
62660  -45.249  7.573  62.304 0.0000000000
60793  -41.696  5.651  62.891 0.0000000000
113124  -42.273  6.143  61.958 0.0000000000
61750  -44.072  7.028  61.858 0.0000000000
54402  -13.847  -0.265  86.601 0.0000000000
107668  -13.835  -0.967  86.093 0.0000000000
53459  -13.753  -1.413  85.254 0.0000000000
114608  -13.684  -1.666  84.794 0.0000000000
121517  -19.003  -4.730  86.364 0.0000000000
51899  -2.899  -3.317  69.609 0.0000000000
51905  -2.622  -3.152  68.673 0.0000000000
51853  -3.081  -3.652  76.057 0.0000000000
49982  -1.761  -6.050  75.446 0.0000000000
42704  -3.575  -12.903  74.210 0.0000000000
58440  -9.107  3.904  85.793 0.0000000000
104261  -3.812  -6.779  89.316 0.0000000000
49761  -3.457  -5.893  88.933 0.0000000000
111942  -3.647  -7.433  89.270 0.0000000000
47827  -3.175  -7.517  88.455 0.0000000000
47826  -2.886  -7.412  87.981 0.0000000000
46726  -3.406  -8.226  88.816 0.0000000000
103537  -33.235  0.420  77.179 0.0000000000
118041  -33.270  0.729  76.843 0.0000000000
115607  -33.215  1.983  76.505 0.0000000000
57472  -32.943  2.662  76.020 0.0000000000
50974  -30.351  -3.202  77.542 0.0000000000
50929  -30.037  -3.941  81.186 0.0000000000
49891  -29.736  -4.217  81.321 0.0000000000
106157  -29.110  -4.795  80.970 0.0000000000
105712  -28.704  -4.997  80.815 0.0000000000
48833  -28.089  -5.148  80.623 0.0000000000
48831  -26.816  -4.958  80.376 0.0000000000
48832  -27.480  -5.074  80.073 0.0000000000
65480  -48.357  10.683  53.981 0.0000000000
65506  -49.669  11.103  52.238 0.0000000000
65490  -49.657  11.319  52.974 0.0000000000
59770  -38.510  4.525  64.624 0.0000000000
59762  -39.156  4.896  65.279 0.0000000000
59772  -40.161  4.974  64.412 0.0000000000
47894  -16.236  -6.639  79.919 0.0000000000
107306  -2.725  -1.893  72.305 0.0000000000
52694  -2.567  -2.907  72.184 0.0000000000
46897  -2.707  -7.944  77.752 0.0000000000
45756  -3.806  -8.568  78.073 0.0000000000
42669  -5.489  -12.378  78.818 0.0000000000
102318  -5.164  -13.308  76.191 0.0000000000
40744  -3.247  -14.862  75.953 0.0000000000
54401  -9.062  -0.223  86.117 0.0000000000
54400  -8.287  -0.350  86.628 0.0000000000
52588  -7.320  -1.697  87.076 0.0000000000
49765  -6.709  -6.346  88.326 0.0000000000
49777  -6.488  -5.420  88.345 0.0000000000
48754  -6.593  -6.744  88.980 0.0000000000
117160  -6.353  -6.430  89.204 0.0000000000
48751  -5.892  -6.566  89.638 0.0000000000
47820  -6.046  -7.306  89.793 0.0000000000
47816  -5.745  -7.984  90.094 0.0000000000
61682  -37.262  6.325  70.834 0.0000000000
104530  -38.035  6.573  70.975 0.0000000000
57540  -31.565  2.791  72.256 0.0000000000
61669  -34.056  6.491  71.227 0.0000000000
61679  -34.813  6.208  70.460 0.0000000000
60731  -35.444  5.683  69.776 0.0000000000
49796  -22.705  -4.766  87.570 0.0000000000
49832  -28.129  -4.107  85.369 0.0000000000
49817  -27.572  -4.165  85.789 0.0000000000
105070  -27.135  -4.543  84.979 0.0000000000
49844  -26.551  -4.745  84.546 0.0000000000
117934  -22.652  -5.036  81.696 0.0000000000
49888  -22.017  -5.026  81.981 0.0000000000
49871  -21.659  -4.883  82.716 0.0000000000
49870  -20.719  -4.730  82.585 0.0000000000
49886  -18.987  -4.688  81.189 0.0000000000
49906  -18.884  -4.798  80.214 0.0000000000
65548  -48.838  11.327  48.604 0.0000000000
51841  -7.322  -3.392  77.934 0.0000000000
51848  -7.328  -3.504  77.049 0.0000000000
51840  -6.784  -3.966  77.517 0.0000000000
49936  -4.401  -5.465  78.413 0.0000000000
49920  -3.073  -6.117  79.433 0.0000000000
49881  -2.803  -5.608  81.446 0.0000000000
49899  -2.378  -6.044  80.982 0.0000000000
65455  -47.229  10.506  59.453 0.0000000000
62686  -43.840  7.558  60.150 0.0000000000
62700  -44.236  8.070  59.642 0.0000000000
63665  -44.620  8.625  59.118 0.0000000000
63666  -45.057  9.159  58.591 0.0000000000
112314  -46.206  9.859  59.304 0.0000000000
55443  -11.280  1.060  84.932 0.0000000000
54446  -12.293  -0.194  83.458 0.0000000000
53473  -10.278  -1.964  83.397 0.0000000000
49850  -9.368  -5.498  83.670 0.0000000000
45670  -15.352  -8.435  82.251 0.0000000000
46815  -15.569  -7.962  82.882 0.0000000000
45653  -15.258  -8.497  82.812 0.0000000000
45652  -14.926  -8.896  82.796 0.0000000000
108128  -13.392  -9.293  82.109 0.0000000000
44585  -13.632  -9.200  82.803 0.0000000000
102673  -13.347  -8.950  82.787 0.0000000000
47850  -13.331  -7.314  84.252 0.0000000000
48785  -13.165  -6.672  84.298 0.0000000000
49851  -13.113  -5.897  83.664 0.0000000000
50906  -13.272  -4.890  83.330 0.0000000000
110776  -13.233  -5.462  82.737 0.0000000000
102352  -13.180  -5.536  81.824 0.0000000000
46844  -10.360  -8.470  80.795 0.0000000000
121504  -9.784  -7.833  82.053 0.0000000000
50992  -2.335  -4.109  75.067 0.0000000000
51872  -2.204  -4.361  74.345 0.0000000000
51011  -2.436  -4.236  73.005 0.0000000000
50032  -4.532  -5.233  72.281 0.0000000000
120264  -4.204  -7.967  76.162 0.0000000000
47915  -4.985  -7.961  76.154 0.0000000000
47925  -5.352  -7.610  75.458 0.0000000000
45810  -5.770  -9.883  72.919 0.0000000000
45811  -6.500  -9.205  73.484 0.0000000000
45828  -6.279  -8.993  72.639 0.0000000000
109966  -6.554  -8.123  72.372 0.0000000000
47950  -6.560  -7.361  71.942 0.0000000000
46988  -6.320  -7.994  71.687 0.0000000000
47957  -6.144  -7.507  71.139 0.0000000000
47003  -5.239  -7.904  70.441 0.0000000000
46986  -4.457  -8.764  70.627 0.0000000000
55424  -7.010  1.003  87.276 0.0000000000
55417  -6.608  0.417  87.467 0.0000000000
54387  -6.169  0.149  87.547 0.0000000000
54386  -5.646  -0.213  87.541 0.0000000000
52586  -3.372  -3.012  87.348 0.0000000000
117598  -3.767  -2.376  87.411 0.0000000000
52594  -3.516  -2.490  86.787 0.0000000000
103302  -3.704  -2.007  86.274 0.0000000000
53456  -4.066  -1.557  85.731 0.0000000000
53464  -4.484  -1.167  85.164 0.0000000000
105157  -3.592  -2.250  85.626 0.0000000000
52606  -3.519  -2.594  85.019 0.0000000000
51802  -3.197  -3.314  84.907 0.0000000000
52611  -3.498  -3.068  84.432 0.0000000000
51801  -2.947  -3.944  84.778 0.0000000000
50887  -2.546  -4.443  84.899 0.0000000000
50894  -2.153  -5.159  84.666 0.0000000000
46758  -2.539  -8.473  86.342 0.0000000000
45624  -2.499  -8.967  85.840 0.0000000000
107920  -2.401  -8.865  85.188 0.0000000000
45633  -2.422  -9.179  84.657 0.0000000000
44576  -2.708  -9.912  84.634 0.0000000000
118573  -2.983  -10.671  84.390 0.0000000000
102274  -3.264  -11.562  84.279 0.0000000000
39697  -2.492  -15.064  90.196 0.0000000000
40646  -2.482  -14.329  90.073 0.0000000000
40652  -2.426  -14.163  89.386 0.0000000000
100736  -2.428  -14.859  88.840 0.0000000000
40659  -2.399  -14.770  88.162 0.0000000000
39746  -2.732  -15.521  84.880 0.0000000000
52663  -31.821  -1.427  76.363 0.0000000000
52664  -32.225  -1.040  76.875 0.0000000000
53515  -32.747  -0.381  77.027 0.0000000000
53505  -32.746  -0.480  77.542 0.0000000000
54532  -33.016  -0.092  77.364 0.0000000000
48847  -29.133  -4.449  79.109 0.0000000000
49945  -29.913  -3.795  78.663 0.0000000000
50962  -30.365  -3.369  78.304 0.0000000000
50955  -30.761  -2.967  78.582 0.0000000000
50975  -30.818  -2.615  77.141 0.0000000000
105882  -31.365  -2.086  81.122 0.0000000000
101549  -30.687  -3.139  80.872 0.0000000000
49892  -29.900  -4.115  80.657 0.0000000000
49913  -29.691  -4.265  80.049 0.0000000000
67275  -50.587  12.598  55.019 0.0000000000
63689  -45.325  8.753  55.042 0.0000000000
65479  -47.920  10.486  54.401 0.0000000000
60777  -41.521  6.022  66.379 0.0000000000
61716  -41.987  6.742  67.998 0.0000000000
59736  -35.387  4.659  67.428 0.0000000000
59749  -34.935  4.531  66.613 0.0000000000
58658  -35.172  4.334  65.211 0.0000000000
58673  -35.992  4.231  64.803 0.0000000000
59752  -38.310  4.979  66.655 0.0000000000
55551  -2.586  -0.072  75.768 0.0000000000
45724  -3.673  -9.198  79.763 0.0000000000
44631  -4.200  -9.518  79.536 0.0000000000
41656  -5.499  -13.144  78.640 0.0000000000
41655  -5.278  -13.996  78.345 0.0000000000
40725  -4.835  -14.791  77.967 0.0000000000
38844  -4.285  -16.272  78.910 0.0000000000
37799  -3.713  -17.502  78.584 0.0000000000
105552  -7.936  -2.883  85.722 0.0000000000
111653  -7.339  -4.624  86.454 0.0000000000
48766  -7.533  -6.844  86.753 0.0000000000
47832  -7.341  -7.093  87.384 0.0000000000
48761  -6.979  -6.909  87.986 0.0000000000
47828  -7.097  -7.502  88.080 0.0000000000
103947  -36.328  6.929  72.328 0.0000000000
62541  -36.858  7.396  72.943 0.0000000000
116150  -32.314  1.062  74.280 0.0000000000
56504  -32.245  1.658  73.968 0.0000000000
110853  -31.990  2.926  73.389 0.0000000000
113410  -31.612  3.723  72.032 0.0000000000
59686  -31.846  4.761  71.713 0.0000000000
117949  -34.642  6.690  71.881 0.0000000000
49786  -24.682  -4.327  87.819 0.0000000000
101200  -24.464  -4.835  87.104 0.0000000000
118480  -25.750  -4.718  82.182 0.0000000000
48794  -26.040  -4.682  82.991 0.0000000000
119408  -25.524  -4.731  81.684 0.0000000000
49874  -25.048  -4.772  81.915 0.0000000000
119877  -23.331  -4.936  81.206 0.0000000000
49910  -23.574  -4.759  80.290 0.0000000000
120686  -22.665  -5.012  81.199 0.0000000000
49908  -21.815  -4.868  80.205 0.0000000000
65544  -49.617  11.240  50.375 0.0000000000
66437  -49.263  11.942  48.131 0.0000000000
51828  -6.762  -3.311  79.616 0.0000000000
51833  -6.174  -4.051  79.675 0.0000000000
50936  -5.410  -4.622  80.053 0.0000000000
50924  -4.146  -4.713  81.479 0.0000000000
49880  -2.393  -5.874  81.883 0.0000000000
49879  -2.116  -6.129  82.299 0.0000000000
63644  -45.869  8.816  60.904 0.0000000000
63629  -46.501  8.741  61.831 0.0000000000
59802  -40.008  5.134  60.984 0.0000000000
61756  -43.407  7.111  60.609 0.0000000000
62687  -44.469  7.920  60.490 0.0000000000
62688  -45.165  8.278  60.874 0.0000000000
112153  -13.651  1.162  85.949 0.0000000000
55444  -13.506  0.888  85.262 0.0000000000
55460  -13.257  0.141  84.107 0.0000000000
54447  -13.013  -0.244  83.491 0.0000000000
54465  -12.748  -0.771  82.898 0.0000000000
53481  -12.457  -1.341  82.327 0.0000000000
52620  -12.149  -1.861  81.833 0.0000000000
43618  -14.486  -9.676  80.833 0.0000000000
43617  -14.122  -10.039  80.934 0.0000000000
43602  -13.875  -9.981  81.554 0.0000000000
43601  -13.744  -9.775  81.477 0.0000000000
114770  -12.768  -8.057  81.245 0.0000000000
47875  -12.575  -7.366  80.799 0.0000000000
46858  -12.677  -8.763  80.767 0.0000000000
53511  -2.992  -1.371  76.421 0.0000000000
48919  -2.600  -6.061  73.906 0.0000000000
44655  -6.541  -10.451  75.569 0.0000000000
45783  -6.635  -9.668  75.312 0.0000000000
43692  -4.621  -11.539  73.530 0.0000000000
44671  -5.166  -10.749  73.226 0.0000000000
44683  -4.591  -10.373  72.416 0.0000000000
44693  -3.385  -10.439  71.126 0.0000000000
59532  -9.964  4.684  84.542 0.0000000000
59538  -9.619  4.350  84.159 0.0000000000
51769  -5.026  -3.299  88.843 0.0000000000
52580  -5.042  -2.101  88.572 0.0000000000
52571  -4.704  -2.764  88.613 0.0000000000
51777  -3.960  -3.182  88.403 0.0000000000
51776  -3.331  -3.958  88.251 0.0000000000
50853  -3.153  -4.905  88.545 0.0000000000
51775  -2.964  -3.859  87.650 0.0000000000
50879  -2.536  -4.208  86.991 0.0000000000
50871  -2.183  -4.929  86.949 0.0000000000
49801  -2.177  -5.349  86.016 0.0000000000
49787  -2.230  -5.735  86.944 0.0000000000
48765  -2.445  -6.663  87.034 0.0000000000
47837  -2.512  -7.388  86.819 0.0000000000
46733  -2.835  -7.875  87.707 0.0000000000
46745  -2.663  -8.034  87.066 0.0000000000
45616  -2.650  -9.039  86.506 0.0000000000
44561  -2.687  -10.375  86.826 0.0000000000
54579  -32.120  -0.028  74.542 0.0000000000
53531  -32.085  -0.766  75.531 0.0000000000
54559  -32.902  0.134  76.294 0.0000000000
54558  -32.569  -0.268  75.955 0.0000000000
54569  -32.386  -0.190  75.282 0.0000000000
55560  -32.519  0.543  74.905 0.0000000000
58532  -32.752  3.345  75.509 0.0000000000
50885  -28.557  -3.906  85.293 0.0000000000
48789  -27.754  -4.590  83.773 0.0000000000
48796  -27.238  -4.634  83.442 0.0000000000
49877  -29.548  -4.210  82.102 0.0000000000
49862  -29.348  -4.227  82.958 0.0000000000
49861  -28.758  -4.441  83.223 0.0000000000
109033  -27.781  -4.643  82.899 0.0000000000
48802  -27.173  -4.696  82.669 0.0000000000
48801  -26.500  -4.737  82.233 0.0000000000
48830  -25.667  -4.753  80.574 0.0000000000
48842  -26.156  -4.759  79.849 0.0000000000
63720  -47.711  9.145  52.002 0.0000000000
67306  -51.392  13.058  51.884 0.0000000000
61745  -43.911  6.551  63.365 0.0000000000
61735  -43.882  6.547  65.225 0.0000000000
60778  -42.325  6.305  66.373 0.0000000000
118433  -43.618  6.858  66.811 0.0000000000
59779  -40.866  5.249  63.170 0.0000000000
49852  -17.219  -5.603  83.034 0.0000000000
49836  -17.406  -5.498  83.860 0.0000000000
47876  -15.883  -7.364  82.060 0.0000000000
109305  -15.488  -8.170  81.754 0.0000000000
44609  -15.018  -8.984  80.958 0.0000000000
44608  -14.787  -9.317  80.748 0.0000000000
43631  -14.525  -9.855  80.112 0.0000000000
54594  -2.908  -1.538  71.380 0.0000000000
51039  -3.964  -4.234  69.816 0.0000000000
48875  -1.871  -6.768  76.482 0.0000000000
47914  -2.754  -7.739  76.240 0.0000000000
46914  -2.745  -7.886  76.942 0.0000000000
46915  -3.317  -8.101  76.842 0.0000000000
45741  -4.960  -9.616  78.504 0.0000000000
44640  -5.875  -10.890  77.929 0.0000000000
45758  -6.009  -10.119  77.548 0.0000000000
45759  -6.351  -10.130  76.866 0.0000000000
43672  -6.387  -11.210  75.750 0.0000000000
43671  -6.019  -11.861  75.331 0.0000000000
42705  -4.421  -12.758  74.771 0.0000000000
42696  -4.571  -13.166  75.389 0.0000000000
41725  -3.138  -13.511  74.469 0.0000000000
55425  -7.550  0.532  87.243 0.0000000000
55433  -8.136  0.361  86.956 0.0000000000
111871  -6.729  -0.820  87.940 0.0000000000
52573  -5.947  -2.320  88.694 0.0000000000
51784  -6.815  -3.067  87.848 0.0000000000
50858  -6.332  -4.330  88.382 0.0000000000
51778  -6.501  -3.388  88.254 0.0000000000
52572  -5.318  -2.531  88.735 0.0000000000
50841  -4.963  -4.806  89.229 0.0000000000
49747  -4.554  -5.477  89.385 0.0000000000
48750  -5.380  -6.351  89.682 0.0000000000
120553  -4.960  -6.746  89.810 0.0000000000
47819  -4.372  -6.889  89.706 0.0000000000
47818  -3.955  -7.534  89.657 0.0000000000
46715  -3.915  -9.029  90.014 0.0000000000
45578  -3.888  -9.735  90.144 0.0000000000
101556  -38.639  5.859  69.087 0.0000000000
55580  -31.578  0.552  73.017 0.0000000000
56526  -31.296  1.593  71.979 0.0000000000
60756  -35.138  5.052  68.533 0.0000000000
113381  -35.569  5.333  69.081 0.0000000000
60757  -35.961  5.171  68.700 0.0000000000
49795  -20.940  -4.734  87.416 0.0000000000
102051  -20.043  -4.714  87.274 0.0000000000
50876  -27.181  -3.736  86.539 0.0000000000
49816  -27.029  -4.277  86.254 0.0000000000
49800  -26.326  -4.281  86.835 0.0000000000
100695  -25.758  -4.623  86.953 0.0000000000
121379  -25.317  -4.840  86.917 0.0000000000
101199  -24.279  -5.059  86.134 0.0000000000
49859  -25.545  -4.733  83.638 0.0000000000
49842  -24.702  -4.835  84.319 0.0000000000
49857  -23.277  -4.848  82.964 0.0000000000
49858  -23.996  -4.793  83.587 0.0000000000
101813  -24.024  -4.999  85.233 0.0000000000
49828  -23.377  -5.015  85.960 0.0000000000
49827  -22.652  -4.873  85.510 0.0000000000
49825  -20.624  -4.559  85.026 0.0000000000
50899  -20.436  -4.569  84.047 0.0000000000
49853  -18.035  -5.070  83.314 0.0000000000
66440  -49.169  12.032  47.116 0.0000000000
66441  -49.653  12.635  46.710 0.0000000000
66444  -49.721  12.668  45.541 0.0000000000
113010  -4.211  -3.122  75.930 0.0000000000
50959  -3.210  -5.297  77.005 0.0000000000
51857  -6.487  -3.683  76.087 0.0000000000
51847  -6.719  -3.896  76.733 0.0000000000
50972  -6.137  -4.044  76.459 0.0000000000
48865  -1.973  -7.053  77.861 0.0000000000
48839  -2.175  -6.786  79.511 0.0000000000
45707  -3.597  -9.499  80.398 0.0000000000
44615  -3.786  -10.203  80.966 0.0000000000
43624  -4.053  -11.150  81.231 0.0000000000
42623  -4.092  -12.132  82.039 0.0000000000
65462  -47.346  10.865  57.804 0.0000000000
66330  -48.612  11.638  58.206 0.0000000000
61742  -45.369  7.167  63.789 0.0000000000
60831  -41.912  6.456  58.859 0.0000000000
61782  -42.470  6.906  58.260 0.0000000000
61783  -42.802  7.200  57.446 0.0000000000
62716  -43.177  7.403  56.764 0.0000000000
62724  -43.888  7.972  56.789 0.0000000000
64598  -45.558  9.637  58.088 0.0000000000
55435  -9.660  0.961  86.162 0.0000000000
56400  -12.730  1.498  85.052 0.0000000000
54430  -11.468  0.073  83.985 0.0000000000
54429  -10.682  -0.384  84.250 0.0000000000
53458  -9.263  -1.424  85.132 0.0000000000
105391  -8.475  -2.949  85.105 0.0000000000
50888  -8.374  -4.537  84.944 0.0000000000
50895  -9.052  -4.063  84.341 0.0000000000
101490  -8.480  -5.270  84.836 0.0000000000
48780  -8.193  -6.638  85.441 0.0000000000
101107  -8.556  -7.206  85.163 0.0000000000
48786  -16.817  -5.920  84.321 0.0000000000
47852  -16.384  -6.310  84.684 0.0000000000
47851  -15.894  -6.917  84.584 0.0000000000
47846  -15.784  -6.689  85.463 0.0000000000
46762  -15.245  -6.855  85.958 0.0000000000
45637  -14.642  -8.622  83.548 0.0000000000
45651  -13.971  -8.991  83.340 0.0000000000
45636  -14.227  -8.413  83.910 0.0000000000
45627  -14.635  -8.048  84.389 0.0000000000
46778  -14.478  -7.657  85.012 0.0000000000
46761  -14.766  -7.146  85.710 0.0000000000
47840  -14.995  -6.698  86.468 0.0000000000
47834  -14.603  -6.505  86.659 0.0000000000
48781  -13.268  -6.312  85.138 0.0000000000
49804  -13.349  -5.851  85.866 0.0000000000
116013  -13.559  -2.715  86.022 0.0000000000
52608  -13.520  -2.734  84.518 0.0000000000
52614  -13.552  -2.343  83.709 0.0000000000
50907  -13.361  -3.945  83.400 0.0000000000
51810  -13.454  -3.013  83.302 0.0000000000
52622  -13.434  -2.139  82.864 0.0000000000
52621  -13.162  -2.184  82.160 0.0000000000
52630  -12.647  -2.364  81.682 0.0000000000
52628  -11.301  -2.867  81.639 0.0000000000
48811  -12.691  -6.624  80.854 0.0000000000
48827  -12.301  -6.063  80.500 0.0000000000
121524  -12.385  -5.520  80.587 0.0000000000
112220  -11.216  -6.991  80.440 0.0000000000
115850  -11.882  -4.648  80.636 0.0000000000
50925  -10.840  -4.388  81.204 0.0000000000
51823  -10.867  -3.603  81.555 0.0000000000
109310  -9.822  -5.002  82.814 0.0000000000
48791  -9.511  -6.322  83.491 0.0000000000
47862  -9.634  -7.516  82.773 0.0000000000
107609  -9.462  -7.063  83.547 0.0000000000
115963  -9.222  -6.643  84.047 0.0000000000
54563  -2.580  -0.822  75.187 0.0000000000
53510  -2.832  -1.120  76.389 0.0000000000
53519  -2.746  -1.240  76.193 0.0000000000
53535  -2.532  -1.545  74.515 0.0000000000
48887  -1.799  -6.752  75.650 0.0000000000
47932  -2.476  -7.101  74.939 0.0000000000
48920  -3.387  -6.120  73.754 0.0000000000
47936  -6.426  -7.527  74.308 0.0000000000
46944  -6.650  -7.880  73.745 0.0000000000
48921  -4.557  -6.085  73.661 0.0000000000
50014  -3.953  -5.633  73.093 0.0000000000
50052  -5.030  -4.901  71.337 0.0000000000
50034  -6.194  -6.027  71.555 0.0000000000
51027  -5.175  -4.841  70.459 0.0000000000
51041  -5.114  -5.018  69.840 0.0000000000
121687  -4.620  -5.265  69.266 0.0000000000
50090  -4.397  -5.886  68.891 0.0000000000
48972  -3.906  -6.737  68.629 0.0000000000
47018  -3.771  -8.093  69.237 0.0000000000
54481  -6.670  -1.071  82.135 0.0000000000
57394  -8.426  2.803  86.412 0.0000000000
111606  -7.803  2.636  86.163 0.0000000000
56382  -7.229  1.652  86.902 0.0000000000
57393  -7.218  1.924  86.420 0.0000000000
107564  -7.396  2.328  85.917 0.0000000000
107654  -6.660  1.500  85.003 0.0000000000
53430  -4.857  -1.742  88.272 0.0000000000
53440  -4.870  -1.300  87.856 0.0000000000
101012  -5.434  -0.100  86.944 0.0000000000
53448  -3.979  -1.927  87.001 0.0000000000
54399  -4.844  -0.701  86.688 0.0000000000
55439  -5.679  0.478  85.863 0.0000000000
55440  -6.117  0.986  85.454 0.0000000000
55448  -6.196  0.798  84.679 0.0000000000
55456  -6.392  0.532  83.916 0.0000000000
101036  -4.904  -0.853  84.584 0.0000000000
54445  -5.397  -0.534  84.069 0.0000000000
102522  -6.011  -0.208  83.627 0.0000000000
54462  -6.295  -0.610  82.873 0.0000000000
53478  -5.934  -1.384  82.648 0.0000000000
52618  -5.610  -2.205  82.478 0.0000000000
51813  -4.028  -3.797  82.879 0.0000000000
104247  -3.537  -3.662  83.705 0.0000000000
50913  -2.658  -5.040  83.047 0.0000000000
49863  -1.976  -6.025  83.099 0.0000000000
48797  -1.891  -6.466  82.648 0.0000000000
48779  -2.075  -5.946  85.244 0.0000000000
48783  -1.924  -6.428  84.595 0.0000000000
47848  -1.935  -7.158  84.752 0.0000000000
118905  -1.847  -6.252  84.034 0.0000000000
109458  -1.769  -6.908  83.987 0.0000000000
111216  -1.717  -7.103  83.077 0.0000000000
110194  -2.061  -8.463  82.766 0.0000000000
45667  -2.396  -9.155  83.242 0.0000000000
45668  -2.800  -9.683  82.614 0.0000000000
44593  -3.125  -10.327  82.882 0.0000000000
41612  -4.186  -13.089  82.184 0.0000000000
44518  -4.054  -10.336  90.563 0.0000000000
44516  -3.797  -10.446  90.317 0.0000000000
41513  -3.137  -13.841  91.144 0.0000000000
42505  -3.585  -12.645  91.288 0.0000000000
43501  -3.496  -12.072  90.967 0.0000000000
43509  -3.587  -11.281  90.540 0.0000000000
44525  -3.562  -10.560  90.037 0.0000000000
44532  -3.386  -10.655  89.610 0.0000000000
44540  -3.187  -10.727  88.986 0.0000000000
43528  -2.875  -11.486  88.870 0.0000000000
116197  -2.956  -10.824  88.372 0.0000000000
43539  -2.666  -11.479  88.008 0.0000000000
106532  -2.586  -11.822  87.222 0.0000000000
42553  -2.655  -12.191  86.437 0.0000000000
105658  -2.405  -15.225  87.683 0.0000000000
41570  -2.393  -14.146  87.418 0.0000000000
113449  -2.518  -13.053  86.819 0.0000000000
42563  -2.959  -12.161  85.544 0.0000000000
41585  -3.133  -12.926  85.123 0.0000000000
40694  -3.085  -14.725  84.488 0.0000000000
41593  -3.694  -13.163  83.487 0.0000000000
119332  -3.943  -13.162  82.787 0.0000000000
40706  -4.280  -14.136  81.969 0.0000000000
116508  -4.267  -14.950  81.736 0.0000000000
36833  -3.504  -18.120  80.389 0.0000000000
38839  -4.310  -16.207  79.796 0.0000000000
40665  -2.390  -14.715  87.561 0.0000000000
42575  -3.233  -12.085  84.858 0.0000000000
43502  -3.791  -11.535  90.979 0.0000000000
43523  -3.081  -11.429  89.553 0.0000000000
43697  -3.145  -11.808  72.135 0.0000000000
45742  -5.520  -10.134  78.116 0.0000000000
46759  -7.842  -7.987  86.397 0.0000000000
47813  -4.037  -8.262  89.999 0.0000000000
47814  -4.457  -8.165  90.235 0.0000000000
47845  -13.821  -6.930  85.559 0.0000000000
47856  -13.158  -7.275  83.699 0.0000000000
47864  -15.916  -7.304  82.812 0.0000000000
47874  -10.150  -7.735  81.311 0.0000000000
48749  -4.775  -6.201  89.640 0.0000000000
48752  -6.304  -6.825  89.431 0.0000000000
48755  -6.836  -6.976  88.489 0.0000000000
48760  -2.867  -6.357  88.226 0.0000000000
48767  -14.271  -6.166  86.896 0.0000000000
48775  -13.588  -6.477  85.722 0.0000000000
48813  -25.957  -4.789  81.399 0.0000000000
48815  -27.807  -5.001  81.474 0.0000000000
49762  -3.964  -5.421  89.187 0.0000000000
49789  -7.272  -6.378  87.078 0.0000000000
49790  -7.532  -6.263  86.418 0.0000000000
49799  -25.415  -4.291  87.449 0.0000000000
49831  -27.670  -4.315  85.280 0.0000000000
49833  -1.986  -5.780  84.470 0.0000000000
49865  -9.844  -5.882  82.777 0.0000000000
49876  -29.036  -4.460  82.346 0.0000000000
49903  -11.830  -5.374  80.474 0.0000000000
50856  -5.306  -4.109  88.961 0.0000000000
50881  -7.986  -5.355  85.360 0.0000000000
50883  -27.416  -3.994  86.160 0.0000000000
50917  -13.270  -4.779  82.166 0.0000000000
50920  -29.922  -3.936  81.809 0.0000000000
50937  -11.244  -4.838  80.774 0.0000000000
51807  -3.119  -3.814  84.350 0.0000000000
51816  -13.096  -2.937  81.900 0.0000000000
51866  -6.184  -3.254  75.573 0.0000000000
52629  -11.921  -2.558  81.510 0.0000000000
53482  -13.132  -1.409  82.571 0.0000000000
53497  -32.743  -0.592  77.999 0.0000000000
54378  -6.530  -0.233  87.771 0.0000000000
54461  -5.613  -0.925  83.370 0.0000000000
60565  -9.979  4.793  85.153 0.0000000000
61692  -39.767  6.543  69.644 0.0000000000
101676  -13.611  -2.273  85.222 0.0000000000
102739  -13.315  -7.799  83.780 0.0000000000
103751  -14.465  -6.828  86.067 0.0000000000
103797  -3.179  -6.929  88.543 0.0000000000
104617  -5.673  -1.137  88.266 0.0000000000
107804  -2.411  -14.310  88.671 0.0000000000
109671  -26.591  -3.912  86.915 0.0000000000
109867  -7.044  -6.513  87.669 0.0000000000
110464  -10.728  -2.827  82.176 0.0000000000
111646  -5.102  -0.724  87.395 0.0000000000
111849  -3.295  -8.605  88.541 0.0000000000
112435  -2.691  -5.145  88.129 0.0000000000
114595  -29.385  -4.542  80.029 0.0000000000
115005  -26.947  -4.081  86.531 0.0000000000
116455  -5.343  -0.309  84.666 0.0000000000
116865  -3.424  -13.275  91.314 0.0000000000
116888  -3.694  -9.279  89.602 0.0000000000
117197  -5.233  -1.326  88.209 0.0000000000
118278  -22.671  -4.923  86.210 0.0000000000
119132  -33.355  1.538  76.827 0.0000000000
119602  -41.005  6.541  68.420 0.0000000000
119937  -5.420  -5.145  70.374 0.0000000000
120610  -33.325  3.598  77.329 0.0000000000
120868  -28.992  -4.189  84.466 0.0000000000
