#!ascii label  , from subject sub-fsm67lq vox2ras=TkReg
430
42440  -32.456  -13.628  10.931 0.0000000000
46676  -29.229  -9.902  6.618 0.0000000000
57347  -25.826  1.655  0.885 0.0000000000
106476  -28.494  -0.702  4.332 0.0000000000
50770  -33.346  -5.906  4.590 0.0000000000
46665  -36.913  -10.180  6.473 0.0000000000
58393  -24.739  2.851  -1.365 0.0000000000
53348  -30.736  -2.782  5.741 0.0000000000
50779  -29.001  -5.272  4.977 0.0000000000
44468  -31.158  -11.028  8.553 0.0000000000
46679  -32.910  -9.787  6.320 0.0000000000
44457  -34.168  -11.611  9.500 0.0000000000
40533  -28.444  -15.909  12.841 0.0000000000
114972  -29.050  -11.922  10.233 0.0000000000
112427  -26.328  7.489  -6.305 0.0000000000
61474  -27.293  5.356  -5.629 0.0000000000
60500  -27.883  5.233  -3.124 0.0000000000
103877  -28.099  5.337  -0.176 0.0000000000
60418  -27.980  4.313  2.538 0.0000000000
118406  -27.059  0.976  2.718 0.0000000000
58315  -29.986  2.260  4.649 0.0000000000
55338  -32.217  -0.255  4.141 0.0000000000
108366  -32.509  -4.572  1.057 0.0000000000
48728  -34.754  -7.318  0.924 0.0000000000
49667  -31.160  -7.046  6.261 0.0000000000
47774  -33.784  -9.017  4.163 0.0000000000
51705  -27.728  -5.100  3.572 0.0000000000
50789  -26.679  -6.217  3.100 0.0000000000
44440  -31.477  -11.879  10.112 0.0000000000
45503  -32.135  -10.928  8.824 0.0000000000
43436  -33.687  -12.972  10.275 0.0000000000
36690  -25.533  -21.346  13.904 0.0000000000
36698  -26.476  -21.047  13.048 0.0000000000
110677  -27.263  -19.769  12.081 0.0000000000
107409  -28.563  -11.438  8.688 0.0000000000
43449  -27.359  -12.076  9.680 0.0000000000
61456  -26.972  5.652  -4.450 0.0000000000
58381  -25.061  2.371  -0.694 0.0000000000
60466  -26.201  4.530  -0.166 0.0000000000
59444  -25.979  3.781  0.608 0.0000000000
108053  -28.125  5.133  1.220 0.0000000000
59417  -26.784  3.332  2.153 0.0000000000
55348  -28.128  -0.009  3.897 0.0000000000
57310  -28.344  1.715  4.153 0.0000000000
56302  -29.523  0.692  4.964 0.0000000000
56305  -31.855  0.733  4.260 0.0000000000
55336  -30.554  -0.289  5.436 0.0000000000
51695  -32.830  -4.276  4.793 0.0000000000
52503  -32.764  -3.481  3.188 0.0000000000
51707  -33.350  -5.236  3.016 0.0000000000
51732  -33.011  -6.172  0.088 0.0000000000
50791  -33.667  -6.410  2.220 0.0000000000
47771  -27.932  -8.665  5.518 0.0000000000
48685  -29.409  -7.754  5.826 0.0000000000
47755  -30.099  -8.434  6.324 0.0000000000
120923  -34.579  -9.224  6.629 0.0000000000
105425  -33.056  -9.467  5.553 0.0000000000
47759  -34.925  -8.807  5.216 0.0000000000
117031  -36.652  -8.429  3.893 0.0000000000
46688  -37.830  -9.475  5.285 0.0000000000
38665  -28.609  -17.814  11.450 0.0000000000
41426  -28.500  -14.829  12.613 0.0000000000
39605  -29.621  -16.624  11.386 0.0000000000
40543  -30.525  -15.630  11.373 0.0000000000
53366  -27.552  -2.704  3.216 0.0000000000
54290  -29.802  -1.540  5.489 0.0000000000
52491  -28.760  -3.409  4.772 0.0000000000
115717  -30.372  -4.356  5.592 0.0000000000
115315  -30.731  -5.052  5.728 0.0000000000
109262  -30.167  -10.939  7.172 0.0000000000
46661  -30.659  -10.206  6.662 0.0000000000
45536  -31.976  -10.470  7.250 0.0000000000
45520  -33.634  -10.108  8.153 0.0000000000
45521  -34.937  -10.446  8.442 0.0000000000
37607  -28.176  -18.683  11.373 0.0000000000
45546  -28.065  -10.484  6.992 0.0000000000
44475  -29.243  -11.072  7.739 0.0000000000
44453  -29.905  -11.429  9.268 0.0000000000
43434  -30.851  -12.436  10.739 0.0000000000
113961  -26.686  8.661  -8.139 0.0000000000
62371  -25.213  6.221  -4.113 0.0000000000
62387  -26.394  6.381  -5.976 0.0000000000
60537  -28.137  4.576  -6.674 0.0000000000
60530  -28.682  3.541  -5.528 0.0000000000
60519  -29.401  3.048  -4.179 0.0000000000
60483  -26.407  5.051  -1.681 0.0000000000
60484  -28.027  5.194  -2.138 0.0000000000
102418  -28.828  4.794  -2.040 0.0000000000
61413  -29.280  5.406  -0.212 0.0000000000
61395  -28.975  5.301  1.572 0.0000000000
60421  -30.330  4.707  2.881 0.0000000000
57335  -26.162  1.028  1.401 0.0000000000
58349  -27.297  2.784  2.863 0.0000000000
59401  -29.551  3.766  3.735 0.0000000000
107432  -31.132  3.416  3.674 0.0000000000
57313  -32.187  1.833  3.349 0.0000000000
54328  -32.310  -1.851  0.587 0.0000000000
54302  -32.159  -1.801  4.835 0.0000000000
53368  -32.435  -1.903  2.955 0.0000000000
49693  -28.011  -6.703  4.316 0.0000000000
49679  -30.457  -6.436  6.061 0.0000000000
49680  -32.000  -6.256  5.961 0.0000000000
102292  -31.858  -9.221  6.165 0.0000000000
48687  -32.759  -8.172  5.448 0.0000000000
106265  -33.767  -7.881  3.699 0.0000000000
116076  -34.616  -8.375  2.907 0.0000000000
101996  -36.708  -7.524  3.033 0.0000000000
120950  -29.008  -12.780  11.389 0.0000000000
42432  -30.891  -13.692  11.426 0.0000000000
112969  -31.801  -15.244  10.965 0.0000000000
43435  -32.791  -12.922  10.625 0.0000000000
44441  -32.459  -12.262  10.308 0.0000000000
42441  -33.299  -13.718  10.564 0.0000000000
34894  -25.783  -22.512  14.135 0.0000000000
36691  -25.967  -20.133  13.664 0.0000000000
35789  -26.477  -22.025  13.392 0.0000000000
58372  -25.415  1.965  0.011 0.0000000000
59443  -25.491  2.932  0.057 0.0000000000
58373  -25.808  2.727  0.809 0.0000000000
111786  -26.284  3.330  1.367 0.0000000000
58362  -26.292  2.532  1.556 0.0000000000
54311  -27.881  -1.120  3.637 0.0000000000
105763  -27.137  -1.332  2.608 0.0000000000
55334  -28.921  -0.036  4.657 0.0000000000
56303  -30.421  0.466  5.262 0.0000000000
55322  -29.940  -0.750  5.467 0.0000000000
118993  -32.398  -4.521  5.369 0.0000000000
51706  -33.111  -4.230  3.761 0.0000000000
51696  -33.313  -5.034  4.239 0.0000000000
50780  -33.599  -6.024  3.580 0.0000000000
47753  -28.612  -9.272  6.182 0.0000000000
47772  -28.986  -8.533  5.950 0.0000000000
47754  -29.552  -9.212  6.432 0.0000000000
46664  -35.366  -9.436  6.946 0.0000000000
46680  -35.257  -9.030  6.137 0.0000000000
46681  -36.369  -9.442  6.120 0.0000000000
47760  -36.584  -9.104  5.305 0.0000000000
46682  -37.537  -9.923  5.745 0.0000000000
46666  -37.858  -10.713  6.157 0.0000000000
39604  -29.164  -17.158  11.471 0.0000000000
52501  -27.531  -3.703  3.221 0.0000000000
107785  -28.118  -2.995  3.931 0.0000000000
52502  -28.106  -3.763  3.950 0.0000000000
102758  -28.338  -5.242  4.270 0.0000000000
51694  -28.899  -4.476  4.806 0.0000000000
51682  -29.506  -4.649  5.287 0.0000000000
50766  -29.840  -5.285  5.538 0.0000000000
45517  -30.726  -10.971  7.582 0.0000000000
45534  -30.715  -10.788  6.896 0.0000000000
45518  -31.596  -10.683  7.901 0.0000000000
44456  -33.112  -11.241  9.320 0.0000000000
45504  -33.013  -10.653  8.700 0.0000000000
45505  -33.957  -10.792  8.974 0.0000000000
45506  -35.107  -11.318  8.972 0.0000000000
44458  -35.227  -12.195  9.274 0.0000000000
35781  -24.526  -20.842  14.562 0.0000000000
36689  -23.423  -20.071  14.851 0.0000000000
37606  -27.657  -18.686  12.198 0.0000000000
37615  -28.443  -19.666  10.677 0.0000000000
45532  -28.768  -10.847  7.444 0.0000000000
44452  -28.990  -11.579  9.390 0.0000000000
44438  -29.634  -11.739  9.942 0.0000000000
44439  -30.416  -11.795  10.046 0.0000000000
43433  -29.844  -12.257  10.648 0.0000000000
64249  -26.535  8.319  -7.211 0.0000000000
108322  -26.557  7.422  -7.277 0.0000000000
63311  -26.783  7.931  -7.986 0.0000000000
61473  -26.359  5.850  -4.967 0.0000000000
61488  -26.227  6.125  -5.208 0.0000000000
61489  -26.800  5.823  -6.171 0.0000000000
62388  -26.793  6.226  -7.085 0.0000000000
61496  -27.181  5.656  -6.985 0.0000000000
61497  -27.664  5.369  -7.046 0.0000000000
61490  -27.575  5.181  -6.632 0.0000000000
106250  -27.618  5.217  -4.005 0.0000000000
60517  -27.809  4.665  -5.089 0.0000000000
60518  -28.536  4.185  -4.309 0.0000000000
60501  -28.801  4.493  -3.098 0.0000000000
59465  -25.136  3.842  -1.654 0.0000000000
60467  -27.090  5.139  -0.099 0.0000000000
101015  -26.669  4.994  -0.880 0.0000000000
102351  -27.820  5.269  -1.100 0.0000000000
60468  -28.885  5.247  -1.003 0.0000000000
119314  -28.707  5.381  -0.205 0.0000000000
60435  -28.077  4.782  1.915 0.0000000000
103461  -28.814  4.688  2.566 0.0000000000
60436  -29.737  5.102  2.327 0.0000000000
60420  -29.592  4.648  2.950 0.0000000000
104620  -26.492  -0.291  1.747 0.0000000000
56325  -26.538  0.561  1.949 0.0000000000
58348  -26.718  2.304  2.264 0.0000000000
57326  -27.178  1.855  2.833 0.0000000000
57311  -29.084  2.301  4.465 0.0000000000
58329  -28.528  2.724  3.983 0.0000000000
58330  -29.535  3.092  4.229 0.0000000000
59402  -30.296  3.623  3.823 0.0000000000
58331  -30.623  2.884  4.214 0.0000000000
58332  -31.539  2.524  3.783 0.0000000000
58316  -30.965  2.048  4.490 0.0000000000
119125  -32.320  0.302  3.455 0.0000000000
55349  -32.426  -0.452  2.866 0.0000000000
55356  -32.462  -0.746  1.482 0.0000000000
54320  -32.417  -1.332  2.194 0.0000000000
111788  -30.036  -2.307  5.640 0.0000000000
54292  -31.463  -1.425  5.400 0.0000000000
112942  -31.535  -2.237  5.499 0.0000000000
52514  -32.600  -3.755  2.019 0.0000000000
110959  -32.538  -2.510  3.886 0.0000000000
53376  -32.472  -2.844  2.250 0.0000000000
110349  -32.236  -2.750  0.734 0.0000000000
106359  -32.283  -3.631  0.880 0.0000000000
49718  -34.138  -7.118  0.724 0.0000000000
50801  -35.706  -6.687  1.535 0.0000000000
49692  -27.289  -7.044  4.047 0.0000000000
48671  -30.296  -7.490  6.191 0.0000000000
48686  -29.774  -6.905  5.835 0.0000000000
119014  -30.413  -6.948  6.165 0.0000000000
117724  -31.132  -6.135  6.114 0.0000000000
49668  -32.099  -7.304  5.970 0.0000000000
46663  -32.049  -10.193  6.621 0.0000000000
46677  -31.412  -9.786  6.425 0.0000000000
46678  -32.295  -9.727  6.059 0.0000000000
47758  -33.766  -9.094  4.886 0.0000000000
47773  -33.297  -8.971  5.026 0.0000000000
48688  -33.471  -8.396  4.507 0.0000000000
48701  -33.999  -8.664  3.563 0.0000000000
48714  -34.232  -8.046  2.786 0.0000000000
47788  -34.248  -8.780  3.627 0.0000000000
100761  -37.265  -8.342  3.894 0.0000000000
47790  -36.486  -8.154  3.356 0.0000000000
48702  -37.091  -7.963  3.341 0.0000000000
40557  -30.917  -16.396  10.572 0.0000000000
41436  -30.711  -14.601  11.532 0.0000000000
40544  -31.188  -15.430  11.131 0.0000000000
41437  -31.403  -14.497  11.304 0.0000000000
40558  -31.678  -16.120  10.424 0.0000000000
114602  -27.796  -4.336  3.576 0.0000000000
50790  -27.028  -5.593  2.949 0.0000000000
49705  -27.564  -6.142  3.702 0.0000000000
119930  -31.569  -11.336  9.310 0.0000000000
44455  -32.331  -11.610  9.667 0.0000000000
44442  -33.302  -12.049  9.971 0.0000000000
43451  -34.426  -12.513  9.782 0.0000000000
103008  -34.100  -13.843  10.209 0.0000000000
35782  -24.983  -21.886  14.683 0.0000000000
37599  -27.121  -18.768  13.086 0.0000000000
110717  -26.637  -19.899  12.889 0.0000000000
36703  -27.149  -20.856  12.201 0.0000000000
45515  -27.319  -11.141  7.991 0.0000000000
44466  -27.830  -11.424  8.440 0.0000000000
109147  -28.057  -11.761  9.260 0.0000000000
120054  -28.477  -11.871  9.852 0.0000000000
63299  -26.110  6.852  -5.592 0.0000000000
60499  -26.757  5.526  -3.249 0.0000000000
113190  -26.290  5.221  -2.427 0.0000000000
59456  -25.442  3.599  -0.616 0.0000000000
60448  -26.729  4.665  0.717 0.0000000000
60449  -27.637  5.140  0.633 0.0000000000
107728  -27.373  4.737  1.394 0.0000000000
60434  -27.311  4.220  2.122 0.0000000000
59418  -27.580  3.662  2.740 0.0000000000
56315  -27.518  0.497  3.281 0.0000000000
57309  -27.631  1.366  3.415 0.0000000000
56316  -28.031  0.875  3.864 0.0000000000
56301  -28.650  0.803  4.440 0.0000000000
57291  -30.396  1.365  4.977 0.0000000000
57292  -31.268  1.344  4.637 0.0000000000
56304  -31.168  0.750  4.981 0.0000000000
107847  -31.627  0.165  4.783 0.0000000000
55337  -31.562  -0.586  5.135 0.0000000000
119358  -32.153  -3.682  5.356 0.0000000000
53358  -32.252  -2.723  5.070 0.0000000000
52492  -32.689  -3.432  4.427 0.0000000000
51719  -32.950  -4.440  2.453 0.0000000000
51731  -32.527  -5.394  -0.066 0.0000000000
51720  -33.069  -5.617  1.322 0.0000000000
50800  -33.556  -6.718  0.806 0.0000000000
49707  -34.150  -7.410  1.708 0.0000000000
48683  -27.667  -8.063  4.955 0.0000000000
106106  -28.458  -7.948  5.363 0.0000000000
48672  -30.885  -7.978  6.367 0.0000000000
101804  -33.929  -9.481  7.115 0.0000000000
105544  -33.958  -9.229  5.974 0.0000000000
47775  -34.456  -8.881  4.173 0.0000000000
47789  -35.357  -8.473  3.572 0.0000000000
47776  -35.895  -8.552  4.476 0.0000000000
47777  -37.329  -8.767  4.608 0.0000000000
48690  -38.006  -9.027  5.050 0.0000000000
39593  -28.682  -16.921  12.283 0.0000000000
40534  -29.204  -16.083  12.187 0.0000000000
41427  -29.329  -14.893  12.168 0.0000000000
41435  -30.027  -14.739  11.810 0.0000000000
39606  -30.198  -16.593  10.922 0.0000000000
39617  -30.567  -17.534  9.758 0.0000000000
54310  -27.537  -1.903  3.188 0.0000000000
54300  -28.525  -1.470  4.399 0.0000000000
114932  -29.028  -1.708  4.996 0.0000000000
53356  -28.616  -2.336  4.556 0.0000000000
53357  -29.271  -2.383  5.252 0.0000000000
53347  -29.725  -3.048  5.516 0.0000000000
51693  -28.282  -4.389  4.160 0.0000000000
52480  -29.555  -3.907  5.317 0.0000000000
52481  -30.309  -3.534  5.614 0.0000000000
52482  -31.153  -3.624  5.672 0.0000000000
51683  -31.537  -4.529  5.671 0.0000000000
101761  -32.256  -5.256  5.630 0.0000000000
45548  -29.925  -10.489  6.908 0.0000000000
117574  -29.973  -9.847  6.684 0.0000000000
46662  -31.317  -10.448  6.695 0.0000000000
45519  -32.477  -10.410  8.056 0.0000000000
45537  -32.774  -10.038  7.256 0.0000000000
46653  -34.743  -9.807  7.762 0.0000000000
46654  -36.103  -10.410  7.505 0.0000000000
45538  -37.426  -11.116  6.692 0.0000000000
45522  -36.095  -11.266  8.152 0.0000000000
121447  -35.325  -12.971  9.372 0.0000000000
36678  -23.351  -20.140  15.098 0.0000000000
39592  -28.101  -16.746  13.043 0.0000000000
38652  -27.581  -17.615  13.243 0.0000000000
38664  -28.179  -17.732  12.310 0.0000000000
38674  -28.677  -18.705  10.625 0.0000000000
110845  -28.391  -9.936  6.499 0.0000000000
45547  -28.997  -10.448  6.950 0.0000000000
45533  -29.520  -10.840  7.288 0.0000000000
45516  -29.887  -11.084  7.709 0.0000000000
44467  -28.637  -11.211  8.036 0.0000000000
104342  -29.352  -11.283  8.432 0.0000000000
44454  -30.795  -11.370  9.312 0.0000000000
106149  -31.850  -12.752  10.854 0.0000000000
65122  -26.270  9.271  -6.662 0.0000000000
63289  -25.564  6.762  -4.602 0.0000000000
62372  -25.874  6.391  -4.907 0.0000000000
63300  -26.440  6.823  -6.741 0.0000000000
112291  -26.739  6.961  -7.578 0.0000000000
62402  -26.970  6.516  -7.586 0.0000000000
60529  -28.060  4.344  -6.134 0.0000000000
60538  -28.882  3.485  -6.052 0.0000000000
59500  -29.332  2.551  -5.757 0.0000000000
59486  -29.227  2.537  -5.180 0.0000000000
60482  -25.603  4.620  -2.166 0.0000000000
101588  -27.094  5.374  -2.288 0.0000000000
60465  -25.839  4.514  -1.147 0.0000000000
121386  -27.175  5.245  -1.541 0.0000000000
60502  -29.563  3.857  -3.086 0.0000000000
60485  -29.597  4.588  -1.996 0.0000000000
61414  -30.156  5.447  -0.200 0.0000000000
60450  -28.610  5.382  0.525 0.0000000000
61403  -29.594  5.506  0.658 0.0000000000
110376  -25.701  0.704  0.644 0.0000000000
59399  -27.989  3.204  3.393 0.0000000000
58328  -27.775  2.287  3.485 0.0000000000
112649  -29.146  4.223  3.341 0.0000000000
60407  -29.960  4.247  3.429 0.0000000000
60408  -30.786  4.147  3.378 0.0000000000
57312  -31.717  1.609  4.037 0.0000000000
56317  -32.242  1.028  3.411 0.0000000000
105414  -32.639  -0.136  1.009 0.0000000000
55365  -32.436  -1.169  -0.010 0.0000000000
55323  -30.669  -1.040  5.595 0.0000000000
117037  -31.885  -1.202  5.005 0.0000000000
113727  -32.193  -1.073  4.469 0.0000000000
54303  -32.428  -1.652  3.959 0.0000000000
54312  -32.394  -1.093  3.453 0.0000000000
109620  -32.391  -2.102  1.772 0.0000000000
50810  -32.856  -5.831  -0.590 0.0000000000
49704  -26.691  -6.763  3.493 0.0000000000
103154  -28.462  -6.012  4.538 0.0000000000
104209  -28.916  -7.230  5.316 0.0000000000
121153  -29.249  -6.568  5.398 0.0000000000
50765  -29.143  -5.978  5.205 0.0000000000
50767  -30.546  -5.718  5.864 0.0000000000
50768  -31.394  -5.453  5.877 0.0000000000
50769  -32.801  -6.023  5.324 0.0000000000
105489  -30.477  -9.392  6.536 0.0000000000
47756  -31.088  -8.837  6.417 0.0000000000
48673  -31.781  -8.248  6.144 0.0000000000
47757  -32.558  -9.096  5.719 0.0000000000
49681  -32.687  -7.026  5.482 0.0000000000
49682  -33.327  -7.058  4.739 0.0000000000
49694  -33.663  -6.773  3.995 0.0000000000
49706  -33.930  -7.173  2.964 0.0000000000
48715  -34.616  -7.883  2.038 0.0000000000
48729  -35.013  -7.748  1.546 0.0000000000
47795  -35.574  -8.191  2.893 0.0000000000
48716  -35.236  -8.052  2.230 0.0000000000
48730  -35.646  -7.675  1.980 0.0000000000
44437  -28.394  -12.207  10.424 0.0000000000
102686  -29.021  -12.374  10.886 0.0000000000
42431  -30.155  -13.783  11.669 0.0000000000
43417  -30.311  -12.927  11.352 0.0000000000
43418  -31.126  -13.031  11.195 0.0000000000
42439  -31.653  -13.633  11.214 0.0000000000
41445  -32.153  -14.522  11.033 0.0000000000
40532  -27.755  -15.730  13.352 0.0000000000
40542  -29.863  -15.793  11.718 0.0000000000
42430  -29.428  -13.928  11.974 0.0000000000
43416  -29.551  -12.667  11.228 0.0000000000
43450  -27.963  -12.059  9.922 0.0000000000
45535  -31.339  -10.771  7.074 0.0000000000
48684  -28.014  -7.407  4.679 0.0000000000
48713  -26.608  -7.272  3.897 0.0000000000
48717  -36.189  -7.789  2.743 0.0000000000
49677  -28.614  -6.671  4.914 0.0000000000
49678  -29.814  -6.125  5.678 0.0000000000
49719  -34.558  -7.521  1.346 0.0000000000
49720  -35.452  -7.318  1.403 0.0000000000
50825  -33.358  -6.107  -0.678 0.0000000000
51684  -32.933  -5.094  5.110 0.0000000000
51704  -27.280  -4.704  2.960 0.0000000000
53367  -28.044  -2.082  3.833 0.0000000000
54291  -30.716  -1.858  5.720 0.0000000000
54301  -29.182  -0.893  4.968 0.0000000000
55335  -29.698  -0.108  5.246 0.0000000000
56326  -26.953  0.138  2.562 0.0000000000
56346  -25.341  0.086  0.189 0.0000000000
57290  -29.299  1.539  4.685 0.0000000000
57325  -26.639  1.420  2.172 0.0000000000
59400  -28.807  3.543  3.701 0.0000000000
59429  -26.640  4.094  1.492 0.0000000000
60419  -28.324  4.012  3.141 0.0000000000
62403  -27.252  6.493  -7.544 0.0000000000
64253  -26.890  8.681  -8.717 0.0000000000
109850  -30.290  -11.164  8.444 0.0000000000
111829  -31.604  -2.986  5.547 0.0000000000
112368  -29.529  -13.188  11.626 0.0000000000
112805  -31.103  0.133  5.222 0.0000000000
113444  -26.335  1.787  1.675 0.0000000000
119323  -33.039  -12.523  10.336 0.0000000000
119893  -31.658  -10.500  6.869 0.0000000000
121096  -33.071  -7.661  5.080 0.0000000000
