#!ascii label  , from subject sub-fsm67lq vox2ras=TkReg
1021
54092  16.911  -2.932  8.892 0.2500000000
53219  18.527  -3.127  8.491 0.2500000000
53207  19.101  -3.817  8.642 0.7500000000
112422  15.938  3.397  8.835 0.2500000000
57929  15.126  1.670  9.419 0.1250000000
110961  16.558  1.868  8.200 0.3750000000
56913  15.530  0.672  9.096 0.2500000000
55052  16.353  -1.837  8.614 0.2500000000
54105  18.922  -2.596  7.783 0.7500000000
54107  17.236  -2.447  8.469 0.3750000000
52380  19.820  -4.320  8.279 0.8750000000
53218  19.769  -3.667  7.760 0.8750000000
52378  21.116  -4.695  7.485 0.8750000000
57927  16.859  0.056  8.035 0.3750000000
56010  17.683  -0.931  7.754 0.3750000000
55086  18.270  -1.179  7.567 0.8750000000
55071  17.745  -1.813  8.067 0.7500000000
114170  21.962  -4.133  6.110 1.0000000000
53229  20.374  -3.362  6.978 1.0000000000
53230  19.673  -2.914  7.339 0.8750000000
51490  21.948  -5.126  7.163 1.0000000000
51489  22.856  -5.469  6.800 1.0000000000
58870  17.430  2.262  7.732 0.2500000000
107393  17.702  0.195  7.681 0.7500000000
56031  18.937  -0.619  6.898 0.8750000000
55085  19.120  -1.355  6.993 0.8750000000
56032  18.369  -0.545  7.349 0.7500000000
52416  22.732  -4.267  5.845 1.0000000000
53243  20.894  -3.015  6.113 1.0000000000
51509  24.880  -5.277  5.993 1.0000000000
52396  23.150  -4.924  6.146 1.0000000000
116349  23.587  -5.400  6.396 1.0000000000
52397  22.382  -4.752  6.440 1.0000000000
59756  16.478  4.042  8.755 0.1250000000
101691  18.542  0.544  7.100 0.6250000000
55094  20.209  -1.268  5.772 1.0000000000
56940  18.844  0.142  6.805 0.8750000000
54127  20.657  -2.066  5.718 1.0000000000
52414  24.572  -4.400  5.517 1.0000000000
52415  23.559  -4.358  5.678 1.0000000000
118784  22.350  -3.657  5.665 1.0000000000
54126  21.504  -2.565  5.471 1.0000000000
50557  27.276  -5.784  5.839 1.0000000000
50559  25.731  -5.674  6.056 1.0000000000
58947  21.070  3.380  2.762 0.2500000000
58869  19.066  1.652  6.311 0.2500000000
102680  19.257  1.925  5.843 0.3750000000
57951  18.951  1.269  6.502 0.5000000000
114104  19.762  0.361  5.335 1.0000000000
56958  19.395  0.914  5.804 0.6250000000
56056  20.104  -0.483  5.429 1.0000000000
110615  22.851  -2.256  4.690 1.0000000000
55100  20.815  -1.182  5.090 1.0000000000
52412  26.665  -4.776  5.221 1.0000000000
53240  23.943  -3.750  5.379 1.0000000000
54139  24.565  -2.804  4.627 1.0000000000
52428  26.240  -4.183  4.935 1.0000000000
51508  26.926  -5.251  5.448 1.0000000000
51519  28.022  -4.849  4.866 1.0000000000
51506  28.134  -5.328  5.339 1.0000000000
109429  21.714  1.677  3.423 0.5000000000
117384  20.908  2.634  2.901 0.3750000000
58937  20.167  3.076  3.471 0.3750000000
57989  19.843  2.253  4.033 0.5000000000
58003  20.467  2.188  3.413 0.5000000000
56989  21.084  0.471  3.812 0.8750000000
56055  21.205  -0.504  4.353 1.0000000000
56076  22.598  -0.537  3.746 1.0000000000
54140  23.744  -2.340  4.506 1.0000000000
55119  22.105  -0.889  4.122 1.0000000000
112318  26.789  -3.470  4.295 1.0000000000
54138  25.411  -2.712  4.363 1.0000000000
53257  28.695  -4.266  3.878 1.0000000000
52426  27.737  -4.354  4.476 1.0000000000
52410  28.496  -4.985  4.904 0.8750000000
58936  21.525  2.568  3.359 0.5000000000
110008  21.116  1.396  3.370 0.5000000000
56988  22.086  0.783  3.436 0.6250000000
103945  23.097  0.328  3.417 0.6250000000
115068  22.394  0.085  3.565 1.0000000000
118599  21.676  0.521  3.593 0.7500000000
56075  23.237  -0.735  3.704 1.0000000000
54159  27.765  -2.583  3.024 1.0000000000
54160  26.829  -2.083  3.665 1.0000000000
54161  25.833  -1.981  3.948 1.0000000000
55117  23.903  -1.736  4.118 1.0000000000
53280  27.861  -3.316  3.401 1.0000000000
53281  27.186  -2.926  3.610 1.0000000000
54137  26.346  -2.768  4.107 1.0000000000
53279  28.509  -3.548  3.324 0.8750000000
52423  29.473  -4.167  3.794 0.8750000000
58002  22.900  0.977  3.326 0.5000000000
58001  24.029  0.627  3.365 0.8750000000
112817  25.746  -0.018  3.838 1.0000000000
56074  24.725  -0.380  3.609 1.0000000000
55113  27.780  -1.839  2.692 1.0000000000
56073  27.302  -0.463  3.034 1.0000000000
103584  24.307  -1.408  3.886 1.0000000000
56083  28.630  -0.864  1.777 1.0000000000
54156  30.046  -3.040  2.550 1.0000000000
54157  28.992  -2.956  2.803 1.0000000000
55130  28.235  -1.484  2.136 1.0000000000
54175  29.401  -2.357  2.294 1.0000000000
58935  22.728  1.649  3.557 0.5000000000
58000  25.083  0.615  3.407 1.0000000000
113071  27.232  0.968  1.382 1.0000000000
112450  26.338  0.510  3.296 1.0000000000
56985  25.356  0.311  3.565 1.0000000000
58009  28.549  0.505  1.626 1.0000000000
56999  28.311  0.018  1.529 1.0000000000
56982  29.753  -0.196  2.684 1.0000000000
56084  28.029  -0.512  1.712 1.0000000000
55128  29.632  -1.798  2.096 1.0000000000
113429  30.265  -2.469  2.180 0.8750000000
59876  26.388  4.055  0.109 1.0000000000
108227  25.851  3.774  0.386 0.3750000000
59868  26.624  3.442  0.384 0.8750000000
58955  27.267  1.930  1.008 1.0000000000
58010  28.206  1.336  1.399 1.0000000000
60841  26.260  4.575  -0.336 0.8750000000
59867  26.822  3.673  0.294 1.0000000000
58954  27.312  2.006  0.981 1.0000000000
58943  28.260  2.231  1.853 1.0000000000
57998  28.584  1.801  2.315 1.0000000000
61768  25.801  4.890  -0.714 0.7500000000
59875  26.549  4.283  0.041 1.0000000000
60833  26.994  4.014  0.254 1.0000000000
60815  27.875  3.731  1.871 1.0000000000
59844  27.492  3.144  0.918 1.0000000000
59843  27.836  2.748  1.372 1.0000000000
61766  26.416  4.735  -0.386 1.0000000000
60827  27.429  3.872  0.910 1.0000000000
99646  23.646  9.514  -2.311 0.1250000000
66168  23.763  10.167  -1.325 0.1250000000
64389  23.790  8.866  -3.745 0.2500000000
118245  23.517  9.887  -3.629 0.1250000000
65286  23.904  9.363  -4.219 0.3750000000
66184  23.546  10.379  -3.960 0.2500000000
65285  24.090  9.609  -4.317 0.5000000000
66189  24.032  10.471  -4.539 0.3750000000
113616  23.596  10.820  -3.190 0.2500000000
66190  23.811  10.188  -4.352 0.2500000000
66997  23.659  10.694  -4.358 0.2500000000
67003  23.901  11.099  -4.452 0.2500000000
67002  24.574  11.451  -4.444 0.2500000000
67001  25.918  12.074  -3.894 0.3750000000
55036  16.529  -2.503  8.904 0.1250000000
56011  16.847  -1.524  8.010 0.2500000000
57907  14.447  2.330  10.999 0.1250000000
50548  26.212  -6.405  6.501 1.0000000000
56986  24.168  0.062  3.490 0.8750000000
56983  27.512  -0.133  1.821 1.0000000000
54077  17.643  -3.409  9.578 0.1250000000
52362  19.961  -4.907  8.668 0.6250000000
114657  20.957  -5.615  8.548 0.7500000000
60702  14.170  4.479  11.272 0.1250000000
49617  22.593  -6.452  8.095 1.0000000000
55985  15.516  -0.784  10.290 0.1250000000
50536  23.132  -6.177  7.382 1.0000000000
114366  25.583  -6.296  6.512 1.0000000000
49624  27.176  -6.777  6.672 1.0000000000
58882  19.334  2.413  5.422 0.3750000000
59832  19.863  3.646  3.593 0.2500000000
58918  19.483  3.117  4.132 0.2500000000
51505  28.668  -5.368  5.359 0.8750000000
53256  30.253  -3.820  3.756 0.8750000000
52408  29.777  -4.446  4.779 0.8750000000
54155  30.913  -3.287  2.334 0.8750000000
60828  25.452  3.996  0.895 0.1250000000
106752  26.127  3.357  1.098 0.1250000000
58934  24.066  1.156  3.323 0.3750000000
58013  25.828  1.001  2.821 0.6250000000
56071  29.832  -1.154  2.246 1.0000000000
54174  30.995  -3.022  1.907 0.8750000000
59869  26.037  3.871  0.164 0.5000000000
60842  25.997  4.274  -0.175 0.8750000000
59845  26.675  2.526  1.068 0.8750000000
57997  28.830  1.186  2.310 1.0000000000
110668  28.967  1.829  2.971 1.0000000000
58933  28.717  2.523  3.046 1.0000000000
59827  28.323  3.114  2.465 1.0000000000
61767  26.128  5.209  -0.995 0.8750000000
105784  26.646  5.321  -0.396 1.0000000000
106058  27.211  5.576  0.578 1.0000000000
61726  27.735  4.705  1.798 1.0000000000
64371  23.937  8.834  -1.907 0.1250000000
64387  24.682  7.664  -3.272 0.6250000000
64396  24.220  8.672  -3.874 0.6250000000
65269  25.344  9.347  -3.085 0.5000000000
66175  23.517  10.185  -2.850 0.2500000000
66183  24.834  10.245  -3.910 0.5000000000
66989  24.043  11.360  -2.695 0.2500000000
66996  23.663  11.207  -4.104 0.2500000000
66995  25.888  11.307  -3.281 0.5000000000
67847  24.360  11.787  -4.524 0.1250000000
110723  24.278  11.945  -4.573 0.2500000000
67850  25.988  12.401  -4.558 0.2500000000
54078  16.994  -3.138  9.241 0.1250000000
53208  18.249  -3.597  9.206 0.3750000000
52364  18.753  -4.125  9.388 0.5000000000
56900  15.348  -0.157  9.674 0.1250000000
51474  20.661  -5.137  8.280 0.7500000000
52379  20.441  -4.120  7.521 0.8750000000
51473  21.425  -5.410  7.924 1.0000000000
54115  20.164  -2.524  6.577 1.0000000000
114724  21.711  -4.533  6.737 1.0000000000
50550  24.361  -6.159  6.710 1.0000000000
50549  24.953  -5.980  6.406 1.0000000000
56959  19.050  0.909  6.477 0.8750000000
54142  21.351  -1.882  5.154 1.0000000000
52413  25.714  -4.811  5.507 1.0000000000
53241  23.144  -3.526  5.403 1.0000000000
53263  23.206  -2.786  4.960 1.0000000000
120467  26.350  -5.305  5.652 1.0000000000
50558  26.518  -5.844  6.018 1.0000000000
58899  19.395  2.489  5.087 0.3750000000
57969  19.511  2.037  4.946 0.5000000000
56973  19.815  1.213  4.736 0.8750000000
118299  20.615  -0.506  4.826 1.0000000000
113082  22.479  -1.599  4.439 1.0000000000
52429  25.405  -3.930  5.074 1.0000000000
53262  23.868  -3.066  5.020 1.0000000000
53261  25.194  -3.274  4.735 1.0000000000
119239  26.534  -3.825  4.620 1.0000000000
52425  28.452  -4.649  4.503 1.0000000000
57988  20.427  1.334  3.889 0.6250000000
56077  21.819  -0.167  3.800 1.0000000000
110984  23.861  -0.581  3.594 1.0000000000
54162  24.674  -2.013  4.134 1.0000000000
55098  23.253  -1.723  4.266 1.0000000000
55118  22.891  -1.164  3.999 1.0000000000
53259  27.470  -3.721  4.047 1.0000000000
53278  29.293  -3.653  3.225 0.8750000000
52394  30.145  -4.502  6.026 0.8750000000
119829  24.308  -0.964  3.686 1.0000000000
54176  28.605  -2.255  2.424 1.0000000000
55114  27.391  -1.429  3.189 1.0000000000
53277  30.123  -3.567  3.060 0.8750000000
56984  27.021  0.361  2.240 1.0000000000
116020  26.621  -0.088  3.732 1.0000000000
56072  27.701  -1.014  2.286 1.0000000000
55116  25.277  -1.048  3.764 1.0000000000
56082  29.191  -1.185  1.902 1.0000000000
58014  24.979  0.892  3.300 0.7500000000
57999  26.043  0.768  2.914 1.0000000000
57002  26.741  0.839  2.060 1.0000000000
57001  27.456  0.593  1.443 1.0000000000
57010  27.367  1.341  1.133 1.0000000000
58017  27.933  1.488  0.996 1.0000000000
57009  27.674  1.041  1.053 1.0000000000
110915  29.245  0.475  2.413 1.0000000000
57008  28.018  0.790  1.113 1.0000000000
57000  27.849  0.378  1.343 1.0000000000
110242  26.417  3.344  0.568 0.7500000000
59859  26.917  2.617  0.629 1.0000000000
58011  26.854  1.243  1.461 1.0000000000
58018  27.462  1.582  1.086 1.0000000000
58944  26.915  1.779  1.197 1.0000000000
58959  27.045  2.743  0.542 1.0000000000
59858  27.123  3.211  0.414 1.0000000000
59857  27.309  2.555  0.755 1.0000000000
58953  27.702  2.043  1.145 1.0000000000
61754  26.802  4.684  0.041 1.0000000000
61740  27.330  4.728  0.821 1.0000000000
65241  23.871  9.632  -1.221 0.1250000000
65287  23.665  9.533  -4.039 0.2500000000
64380  23.793  8.690  -3.044 0.3750000000
64397  23.894  8.860  -3.996 0.5000000000
65270  24.549  9.120  -3.870 0.7500000000
104657  25.162  12.546  -4.512 0.2500000000
52349  18.288  -3.820  9.732 0.2500000000
53181  17.948  -4.097  9.341 0.1250000000
51458  19.600  -5.065  9.362 0.6250000000
51457  20.249  -5.483  8.998 0.7500000000
58946  25.636  1.511  3.071 0.6250000000
58012  26.663  1.149  2.003 0.8750000000
58945  26.499  1.598  2.006 0.7500000000
62630  27.070  6.462  0.159 1.0000000000
61739  27.745  5.743  1.732 1.0000000000
65257  24.916  8.276  -3.439 0.7500000000
64388  24.199  8.200  -3.529 0.5000000000
67000  26.955  11.946  -3.945 0.2500000000
46570  24.228  -9.558  10.146 0.7500000000
46555  26.101  -10.148  10.847 0.7500000000
100634  22.836  -9.065  10.448 0.7500000000
105194  22.392  -8.471  10.103 0.7500000000
46567  26.104  -9.777  10.092 0.7500000000
47635  24.053  -9.183  9.672 0.7500000000
47623  23.280  -8.861  9.821 0.7500000000
47622  26.167  -9.497  9.586 0.7500000000
47633  25.225  -9.288  9.197 0.7500000000
47634  24.580  -9.070  9.178 0.7500000000
49605  21.461  -6.575  9.156 0.7500000000
50526  20.871  -5.987  9.065 0.6250000000
48636  23.709  -8.218  8.817 0.7500000000
49603  23.615  -7.591  8.357 0.8750000000
117230  22.166  -6.696  8.698 0.8750000000
47631  26.745  -9.289  9.461 0.7500000000
47632  25.994  -9.261  9.101 0.7500000000
47645  25.690  -8.942  8.704 0.7500000000
49616  23.413  -6.882  7.894 0.8750000000
48623  27.209  -8.836  9.073 0.7500000000
48634  25.568  -8.586  8.289 0.7500000000
48645  25.440  -8.116  7.859 0.8750000000
50535  23.962  -6.543  7.228 0.8750000000
49601  27.324  -8.004  7.945 0.7500000000
107629  25.896  -7.597  7.440 0.8750000000
49626  25.722  -6.901  6.993 0.8750000000
50524  28.489  -7.232  7.825 0.8750000000
49611  27.891  -7.402  7.467 0.8750000000
50534  28.430  -6.785  7.058 0.8750000000
109553  28.131  -6.347  6.305 0.8750000000
51454  31.447  -5.136  8.696 0.3750000000
51455  30.486  -5.420  8.347 0.6250000000
51472  29.374  -5.751  6.898 0.7500000000
50533  28.724  -6.175  6.477 0.7500000000
51453  32.430  -5.163  8.759 0.5000000000
52361  30.929  -4.680  7.948 0.5000000000
52377  30.467  -4.465  7.058 0.7500000000
51486  29.726  -5.130  6.499 0.7500000000
52373  33.861  -4.882  7.426 0.1250000000
52374  33.210  -4.268  7.441 0.3750000000
52376  31.374  -3.933  7.346 0.6250000000
52393  30.757  -3.916  6.586 0.6250000000
53228  30.659  -3.799  5.665 0.6250000000
51485  35.300  -5.968  6.694 0.1250000000
104022  34.623  -5.014  6.814 0.1250000000
53226  32.948  -3.271  6.213 0.1250000000
108209  34.032  -3.452  5.687 0.1250000000
54124  32.046  -3.070  3.840 0.6250000000
53276  30.770  -3.498  2.945 0.7500000000
117168  35.406  -4.474  5.818 0.1250000000
53253  35.117  -3.132  3.767 0.1250000000
54134  33.690  -3.182  2.432 0.1250000000
54135  32.714  -3.289  2.434 0.5000000000
54136  31.646  -3.364  2.500 0.6250000000
113016  31.612  -3.192  1.892 0.7500000000
51504  35.988  -5.057  5.872 0.1250000000
54153  33.270  -3.058  1.760 0.5000000000
54172  32.779  -2.901  1.668 0.5000000000
54173  31.859  -2.900  1.750 0.6250000000
55127  30.994  -2.487  2.070 0.7500000000
61776  25.649  5.662  -1.543 0.6250000000
61777  25.153  5.926  -1.783 0.5000000000
56069  31.746  -1.449  2.866 0.6250000000
56054  31.095  -0.548  3.491 0.6250000000
56053  31.948  -0.655  3.689 0.5000000000
56971  30.849  0.319  4.080 0.6250000000
56981  30.335  0.075  3.474 0.7500000000
62655  25.259  6.225  -2.308 0.7500000000
113075  29.796  0.536  3.251 0.8750000000
110939  28.360  3.977  2.959 0.8750000000
57986  30.259  1.002  4.108 0.7500000000
58932  29.379  2.318  3.644 0.8750000000
59826  29.121  3.658  3.640 0.8750000000
60797  28.934  4.733  3.499 0.8750000000
56969  32.608  -0.064  4.301 0.3750000000
56970  31.601  0.146  4.289 0.5000000000
57985  31.151  1.012  4.569 0.5000000000
58931  30.012  2.107  4.326 0.6250000000
57983  33.053  1.031  4.952 0.2500000000
57984  32.053  0.951  4.948 0.3750000000
58913  30.864  1.942  4.722 0.5000000000
63553  25.470  6.614  -2.382 0.7500000000
62654  25.782  5.956  -1.727 0.8750000000
62644  26.408  5.950  -0.988 0.8750000000
61715  28.849  5.673  3.189 0.8750000000
59825  29.843  3.146  4.295 0.6250000000
116966  31.621  1.780  4.892 0.3750000000
117705  31.847  2.714  4.751 0.5000000000
60778  29.750  4.719  4.138 0.7500000000
110060  32.466  1.949  4.991 0.2500000000
62666  24.872  6.565  -2.787 0.6250000000
63535  26.142  6.652  -1.527 0.8750000000
62631  26.713  6.890  -0.568 0.8750000000
63517  27.198  7.597  0.272 0.7500000000
62613  28.152  6.710  2.014 0.8750000000
120507  29.118  6.353  3.099 0.7500000000
59805  30.010  4.063  4.359 0.5000000000
110058  32.537  4.032  4.327 0.2500000000
60776  31.702  4.536  4.323 0.5000000000
109058  31.762  3.668  4.516 0.5000000000
113576  33.729  2.705  4.456 0.2500000000
63570  24.665  7.203  -3.088 0.5000000000
63554  25.023  6.735  -3.026 0.5000000000
64378  25.282  7.335  -2.998 0.6250000000
64377  25.928  7.502  -1.956 0.7500000000
63534  26.669  7.863  -0.707 0.7500000000
117499  26.402  8.482  -1.330 0.7500000000
64359  27.412  8.629  0.282 0.7500000000
64350  27.849  8.176  1.068 0.7500000000
64369  26.939  9.047  -0.489 0.7500000000
117658  29.049  7.846  2.032 0.7500000000
64349  28.960  8.444  1.501 0.7500000000
62599  30.346  6.823  3.140 0.5000000000
63479  30.188  7.372  2.676 0.3750000000
62600  29.460  6.960  2.930 0.6250000000
61701  32.122  5.102  3.983 0.2500000000
62584  31.432  6.081  3.467 0.3750000000
106891  31.010  6.591  3.177 0.3750000000
105877  25.759  8.516  -2.351 0.6250000000
65240  26.542  9.333  -1.344 0.7500000000
65225  27.887  9.630  0.013 0.7500000000
64358  28.389  9.049  0.792 0.7500000000
64357  29.555  9.080  0.795 0.6250000000
63495  31.339  7.526  1.665 0.3750000000
64348  30.065  8.523  1.388 0.3750000000
61712  32.490  5.365  3.372 0.1250000000
62611  32.303  6.175  2.296 0.1250000000
62612  31.833  6.850  2.022 0.2500000000
65239  27.281  9.838  -0.799 0.6250000000
65224  29.054  9.657  0.161 0.3750000000
63516  31.655  7.626  0.751 0.2500000000
64347  30.962  8.201  1.183 0.3750000000
63497  29.633  8.143  1.930 0.6250000000
62628  32.518  6.265  0.629 0.1250000000
105717  32.473  6.249  1.398 0.1250000000
61724  32.749  5.533  2.589 0.1250000000
65256  26.069  9.625  -2.077 0.6250000000
66165  27.653  10.473  -1.308 0.3750000000
65238  28.665  10.033  -0.423 0.3750000000
64368  30.753  9.045  -0.490 0.2500000000
63533  31.773  7.719  -0.111 0.1250000000
64355  31.316  8.225  0.427 0.3750000000
64356  30.631  8.787  0.465 0.3750000000
61753  33.056  5.347  0.547 0.1250000000
66181  26.977  11.048  -2.145 0.3750000000
66182  26.014  10.416  -2.573 0.3750000000
65255  26.744  10.188  -1.588 0.3750000000
66173  28.036  10.801  -1.946 0.3750000000
65254  29.490  10.123  -1.720 0.3750000000
66164  28.648  10.356  -1.222 0.3750000000
64376  30.724  9.111  -1.341 0.3750000000
65236  30.267  9.478  -0.797 0.3750000000
65237  29.516  9.891  -0.750 0.3750000000
62665  32.148  6.530  -2.442 0.1250000000
64367  31.297  8.446  -0.269 0.1250000000
64375  31.208  8.541  -1.118 0.2500000000
62643  32.602  5.675  -0.836 0.1250000000
66180  28.326  11.015  -2.615 0.2500000000
66179  29.038  10.601  -2.922 0.2500000000
106622  30.176  9.308  -3.324 0.1250000000
65268  29.458  10.209  -2.485 0.3750000000
66172  28.861  10.563  -2.111 0.3750000000
105101  30.579  9.189  -2.064 0.1250000000
65267  30.052  9.631  -2.470 0.2500000000
63585  31.499  7.480  -3.437 0.1250000000
105564  31.121  8.532  -2.073 0.1250000000
66994  26.906  11.560  -3.077 0.3750000000
108486  27.620  11.201  -2.530 0.3750000000
66188  28.493  11.041  -3.429 0.2500000000
65284  29.639  9.915  -3.310 0.1250000000
108759  29.514  9.835  -4.162 0.1250000000
65283  29.946  9.325  -4.046 0.1250000000
64406  29.640  9.399  -4.961 0.1250000000
62674  31.912  6.817  -3.145 0.1250000000
63599  30.758  8.167  -4.486 0.1250000000
113237  29.195  9.858  -5.549 0.1250000000
64405  30.220  8.757  -4.699 0.1250000000
106685  31.458  6.790  -5.439 0.1250000000
120285  31.651  6.651  -4.764 0.1250000000
49614  25.204  -7.468  7.470 0.8750000000
116853  29.142  -6.648  8.027 0.6250000000
55111  32.332  -2.305  2.028 0.6250000000
111134  30.819  3.887  4.492 0.5000000000
58912  32.936  2.783  4.696 0.3750000000
63499  27.534  7.309  0.983 0.7500000000
63498  28.234  7.524  1.694 0.7500000000
61703  30.396  5.341  4.111 0.5000000000
61713  30.581  6.070  3.652 0.5000000000
61714  29.669  5.524  3.752 0.7500000000
61702  31.274  5.404  4.048 0.5000000000
63569  31.631  7.580  -2.472 0.1250000000
116579  30.960  7.600  -5.081 0.1250000000
109973  32.046  -3.132  6.075 0.5000000000
53238  31.441  -3.233  5.164 0.6250000000
53239  30.623  -3.697  4.649 0.7500000000
55110  33.143  -2.442  1.894 0.3750000000
56068  32.686  -1.346  3.022 0.3750000000
56968  33.636  0.185  4.400 0.2500000000
64386  30.653  8.821  -2.907 0.1250000000
57982  34.052  1.229  4.628 0.1250000000
46542  25.215  -10.594  11.970 0.7500000000
46558  24.023  -9.999  10.914 0.7500000000
47611  23.387  -9.560  10.715 0.7500000000
46541  26.129  -10.579  11.857 0.7500000000
46569  24.774  -9.938  10.522 0.7500000000
116109  26.759  -10.309  11.435 0.7500000000
50517  20.686  -6.381  9.595 0.6250000000
48625  22.897  -8.202  9.405 0.7500000000
47610  27.821  -9.678  11.031 0.6250000000
48612  27.650  -9.027  9.775 0.7500000000
48611  28.523  -8.661  10.146 0.6250000000
49590  28.495  -7.948  8.966 0.6250000000
50516  29.545  -6.779  9.022 0.5000000000
50514  31.542  -6.340  9.829 0.3750000000
50523  29.987  -6.110  8.689 0.5000000000
51437  32.770  -5.725  9.171 0.1250000000
50532  34.400  -6.254  7.624 0.1250000000
51469  34.506  -5.724  7.253 0.1250000000
50544  36.093  -6.520  6.451 0.1250000000
51503  36.664  -5.853  5.904 0.1250000000
52405  36.625  -4.754  5.353 0.1250000000
53252  36.322  -3.841  4.631 0.1250000000
107789  35.891  -3.173  3.687 0.1250000000
54133  34.528  -3.108  2.485 0.1250000000
55109  33.927  -2.734  1.840 0.1250000000
56067  33.646  -1.643  2.676 0.2500000000
56052  33.340  -0.700  3.685 0.2500000000
58911  34.342  2.132  4.362 0.1250000000
112349  33.477  2.019  4.818 0.2500000000
59824  33.852  3.689  3.584 0.1250000000
61711  33.166  4.941  2.921 0.1250000000
61737  33.387  4.898  1.965 0.1250000000
61752  33.553  4.612  0.925 0.1250000000
61765  33.206  4.736  -0.517 0.1250000000
61764  33.789  3.970  -0.193 0.1250000000
62664  32.507  5.215  -2.451 0.1250000000
61789  32.625  3.865  -3.479 0.1250000000
66174  23.839  10.806  -2.082 0.1250000000
66999  27.920  11.487  -4.027 0.2500000000
66194  28.568  10.834  -4.405 0.1250000000
67009  27.907  11.267  -6.313 0.1250000000
64421  29.996  8.691  -5.654 0.1250000000
66197  28.969  9.888  -6.515 0.1250000000
109153  30.512  8.124  -5.322 0.1250000000
112810  32.049  5.808  -5.161 0.1250000000
63611  30.865  7.416  -5.925 0.1250000000
50545  28.304  -5.800  5.837 0.7500000000
109609  30.361  -0.667  2.913 0.7500000000
56070  30.832  -1.543  2.571 0.7500000000
60798  28.271  4.720  2.690 0.8750000000
49625  26.489  -7.008  6.962 0.8750000000
50525  21.672  -6.069  8.452 0.7500000000
49604  22.839  -7.130  8.508 0.8750000000
49627  24.873  -6.693  6.971 0.8750000000
51487  29.041  -5.667  6.004 0.7500000000
53255  31.091  -3.365  3.811 0.6250000000
57996  29.484  1.340  3.322 0.8750000000
62614  27.582  6.580  1.276 0.8750000000
61725  28.210  5.448  2.454 0.8750000000
114659  23.576  -9.276  10.124 0.7500000000
46568  25.475  -9.870  10.271 0.7500000000
46556  25.374  -10.273  11.064 0.7500000000
46540  27.187  -10.655  12.347 0.7500000000
46566  26.862  -9.909  10.690 0.7500000000
48626  21.856  -7.774  9.851 0.7500000000
99679  24.644  -9.362  9.586 0.7500000000
48624  23.849  -8.743  9.267 0.7500000000
47646  25.098  -8.893  8.709 0.7500000000
49591  22.214  -7.306  9.205 0.7500000000
50527  20.316  -5.888  9.434 0.6250000000
48637  23.043  -7.730  8.859 0.7500000000
49602  24.351  -8.086  8.301 0.8750000000
47643  26.526  -8.995  8.923 0.7500000000
48635  24.982  -8.463  8.273 0.8750000000
49615  24.325  -7.356  7.716 0.8750000000
48644  26.026  -8.219  7.850 0.7500000000
48631  27.670  -8.338  8.631 0.7500000000
49600  28.128  -7.764  8.195 0.7500000000
49612  27.083  -7.437  7.288 0.8750000000
49599  28.834  -7.313  8.573 0.6250000000
116059  29.072  -6.311  7.206 0.7500000000
50513  32.589  -6.186  9.660 0.2500000000
51439  30.961  -5.786  9.132 0.5000000000
51456  29.658  -5.884  7.806 0.6250000000
51471  30.093  -5.193  7.469 0.7500000000
52360  31.926  -4.482  8.214 0.5000000000
52359  33.044  -4.780  8.087 0.2500000000
51452  33.278  -5.610  8.598 0.1250000000
52392  33.793  -4.057  6.786 0.2500000000
53216  32.152  -3.465  6.896 0.3750000000
53227  31.384  -3.502  6.383 0.6250000000
52390  35.361  -5.128  6.314 0.1250000000
51484  35.908  -5.758  6.253 0.1250000000
52391  34.745  -4.274  6.182 0.1250000000
53236  33.328  -3.019  5.071 0.5000000000
53254  34.184  -3.019  4.064 0.1250000000
52407  35.036  -3.618  5.175 0.1250000000
54123  33.070  -3.022  3.820 0.5000000000
114013  35.634  -3.560  4.588 0.1250000000
115807  33.997  -3.049  1.921 0.1250000000
54154  32.366  -3.167  1.805 0.6250000000
54171  33.281  -2.875  1.679 0.1250000000
55112  31.564  -2.226  2.168 0.6250000000
110636  30.832  2.946  4.628 0.5000000000
62586  28.587  6.341  2.618 0.7500000000
59804  32.537  3.414  4.526 0.3750000000
62585  29.671  6.288  3.376 0.6250000000
63481  28.814  7.240  2.382 0.7500000000
60777  30.676  4.709  4.356 0.5000000000
60796  32.819  4.782  3.667 0.1250000000
60774  33.140  4.216  3.998 0.1250000000
59803  33.341  3.451  4.276 0.2500000000
63480  29.595  7.640  2.394 0.6250000000
63478  30.990  7.165  2.568 0.3750000000
63496  30.431  7.892  2.039 0.3750000000
62583  31.882  5.609  3.648 0.1250000000
62598  31.618  6.515  2.797 0.3750000000
117622  28.045  10.171  -0.657 0.3750000000
62629  32.064  6.955  1.111 0.1250000000
65223  30.024  9.447  -0.024 0.3750000000
117305  32.697  5.781  -0.005 0.1250000000
61738  32.943  5.530  1.633 0.1250000000
63515  32.289  6.794  0.101 0.1250000000
63551  32.109  6.954  -0.835 0.1250000000
102708  31.608  7.825  -0.928 0.1250000000
65253  30.149  9.626  -1.513 0.3750000000
62653  32.361  6.170  -1.636 0.1250000000
63552  31.921  7.229  -1.659 0.1250000000
119930  31.523  7.990  -1.650 0.1250000000
62652  32.686  5.017  -1.702 0.1250000000
66993  27.720  11.415  -3.179 0.2500000000
66187  29.110  10.425  -3.807 0.2500000000
64394  31.037  8.187  -3.669 0.1250000000
64385  31.219  8.163  -2.914 0.1250000000
63598  31.346  7.398  -4.410 0.1250000000
66193  29.152  10.164  -4.738 0.1250000000
64395  30.450  8.759  -3.848 0.1250000000
62681  31.892  6.451  -4.096 0.1250000000
66198  28.608  10.550  -5.609 0.1250000000
107009  24.428  -10.579  12.184 0.7500000000
45460  26.535  -11.078  12.823 0.7500000000
102746  23.978  -10.310  11.648 0.7500000000
49592  21.243  -7.038  9.711 0.5000000000
48621  28.934  -8.092  9.765 0.6250000000
49588  29.952  -7.023  9.680 0.5000000000
53275  35.271  -2.916  2.575 0.1250000000
53274  36.193  -2.789  2.727 0.1250000000
54152  34.612  -2.789  2.082 0.1250000000
60795  33.519  4.336  3.257 0.1250000000
62673  32.263  5.684  -3.331 0.1250000000
46559  23.229  -9.969  11.651 0.7500000000
48614  21.577  -8.047  10.478 0.5000000000
108867  26.107  -11.454  13.326 0.6250000000
45443  26.804  -11.729  13.597 0.6250000000
45441  28.521  -11.662  13.444 0.3750000000
109763  27.229  -11.210  13.077 0.6250000000
45439  30.251  -11.901  13.236 0.2500000000
45458  28.799  -11.022  12.989 0.3750000000
50507  30.744  -6.965  10.110 0.3750000000
62656  24.759  6.396  -2.072 0.3750000000
63555  24.461  7.025  -2.359 0.2500000000
64379  24.179  7.876  -2.695 0.2500000000
45461  25.739  -11.000  12.705 0.6250000000
46553  28.477  -10.007  11.813 0.5000000000
47620  28.166  -9.192  10.557 0.5000000000
47619  29.030  -8.853  10.880 0.3750000000
43570  28.921  -13.235  14.216 0.5000000000
44522  28.272  -12.384  13.912 0.6250000000
119067  25.570  -12.516  14.275 0.6250000000
111368  21.381  -8.237  11.045 0.3750000000
47612  21.522  -8.687  11.570 0.3750000000
45444  25.451  -11.505  13.422 0.6250000000
45462  24.947  -11.004  12.804 0.6250000000
46543  23.624  -10.487  12.408 0.6250000000
103518  28.856  -15.990  13.389 0.3750000000
43551  28.302  -13.844  14.492 0.5000000000
105742  25.982  -12.089  13.946 0.6250000000
49572  20.974  -7.721  10.925 0.2500000000
41659  29.735  -15.592  13.023 0.3750000000
99656  30.543  -14.009  13.514 0.2500000000
46537  30.115  -10.530  12.505 0.2500000000
47608  29.843  -9.202  11.472 0.3750000000
48598  30.365  -8.710  11.288 0.2500000000
49581  29.889  -7.600  10.235 0.2500000000
49580  31.127  -7.640  10.752 0.2500000000
59813  19.379  3.493  3.963 0.1250000000
50505  32.496  -6.734  10.225 0.2500000000
59846  26.412  2.475  1.967 0.3750000000
59828  24.300  1.684  3.455 0.2500000000
59831  20.755  3.621  2.924 0.1250000000
58919  19.460  3.107  4.459 0.2500000000
110888  19.497  -5.186  9.767 0.2500000000
47621  27.286  -9.472  10.210 0.5000000000
103580  22.404  -9.302  11.357 0.5000000000
48613  22.008  -8.643  10.800 0.5000000000
45459  27.934  -11.046  13.036 0.5000000000
46554  27.542  -10.185  11.599 0.5000000000
50506  31.666  -6.978  10.383 0.2500000000
49582  21.049  -7.379  10.295 0.3750000000
51440  19.840  -5.555  9.652 0.2500000000
49593  20.539  -6.695  10.116 0.3750000000
48610  29.387  -8.334  10.487 0.2500000000
44524  26.656  -12.445  14.177 0.6250000000
44523  27.409  -12.383  14.047 0.5000000000
45440  29.364  -11.700  13.345 0.2500000000
43569  29.868  -13.108  13.851 0.2500000000
44520  30.722  -12.902  13.403 0.2500000000
46538  29.126  -10.469  12.480 0.3750000000
47609  28.769  -9.424  11.322 0.3750000000
42573  29.019  -14.290  14.308 0.5000000000
40748  29.175  -16.467  12.701 0.3750000000
45463  24.113  -10.996  13.005 0.6250000000
41644  28.005  -15.788  13.725 0.3750000000
43552  27.472  -13.890  14.636 0.5000000000
46552  29.494  -9.883  11.986 0.2500000000
48608  31.103  -8.425  11.307 0.2500000000
59795  18.762  4.218  5.662 0.1250000000
45446  23.697  -11.599  13.773 0.5000000000
42575  26.839  -14.752  14.468 0.2500000000
42576  25.868  -14.701  14.413 0.3750000000
43554  25.760  -13.935  14.656 0.5000000000
44526  24.404  -12.235  14.142 0.5000000000
45426  23.000  -11.958  14.200 0.3750000000
46527  22.321  -10.536  13.513 0.5000000000
46526  23.223  -10.833  13.245 0.5000000000
46544  22.773  -10.265  12.660 0.3750000000
44510  21.401  -12.346  15.062 0.1250000000
45427  22.137  -11.917  14.498 0.3750000000
47587  21.966  -9.864  13.014 0.2500000000
43537  21.052  -13.890  15.558 0.1250000000
44509  21.983  -13.017  14.776 0.2500000000
109677  23.338  -13.194  14.576 0.3750000000
41660  26.009  -16.464  13.555 0.2500000000
112796  24.322  -14.459  14.486 0.3750000000
43555  24.463  -13.553  14.591 0.5000000000
44491  20.766  -12.792  15.633 0.1250000000
44508  22.775  -12.709  14.520 0.3750000000
46516  21.068  -10.495  14.633 0.1250000000
47589  20.896  -9.042  13.690 0.1250000000
56051  34.167  -0.712  3.658 0.1250000000
47598  22.408  -9.696  12.203 0.3750000000
43553  26.533  -13.872  14.689 0.3750000000
45445  24.655  -11.554  13.553 0.5000000000
44506  25.016  -12.836  14.481 0.5000000000
47599  21.602  -9.213  12.399 0.2500000000
48590  21.019  -8.549  12.314 0.2500000000
104696  28.133  -16.585  13.229 0.2500000000
44527  23.582  -12.426  14.308 0.5000000000
45447  22.697  -11.289  13.892 0.5000000000
41645  26.978  -15.639  13.882 0.3750000000
113316  25.138  -13.680  14.615 0.3750000000
119558  25.054  -14.626  14.401 0.3750000000
46515  21.817  -10.927  14.234 0.2500000000
46528  21.508  -10.138  13.857 0.1250000000
45412  20.894  -11.830  15.445 0.1250000000
45428  21.301  -11.376  14.895 0.2500000000
45429  20.706  -10.983  15.437 0.1250000000
47588  21.266  -9.448  13.382 0.1250000000
112797  21.396  -13.213  15.207 0.1250000000
43557  22.598  -13.883  14.770 0.3750000000
41661  25.132  -16.427  13.701 0.2500000000
46529  20.962  -9.674  14.231 0.1250000000
42580  22.224  -14.840  14.970 0.2500000000
41648  23.955  -15.968  14.471 0.2500000000
50518  20.059  -6.084  9.921 0.2500000000
43558  21.823  -13.925  15.113 0.1250000000
43556  23.574  -14.070  14.625 0.2500000000
42579  22.815  -15.054  14.670 0.1250000000
50509  19.920  -5.866  10.395 0.1250000000
61769  25.260  5.588  -1.037 0.1250000000
62633  24.766  6.139  -0.072 0.1250000000
62645  24.688  6.348  -1.049 0.1250000000
63536  24.306  7.168  -1.164 0.1250000000
63518  24.484  7.773  0.328 0.1250000000
64370  24.283  8.100  -1.406 0.1250000000
61756  25.189  5.105  -0.223 0.1250000000
64360  24.393  8.415  -0.121 0.1250000000
63520  22.203  7.912  0.514 0.1250000000
60834  25.539  4.244  -0.004 0.1250000000
48600  20.963  -8.135  11.597 0.1250000000
50497  20.229  -6.442  10.471 0.1250000000
59847  25.968  2.420  2.895 0.1250000000
61755  25.079  4.754  0.517 0.1250000000
62616  24.636  6.823  0.994 0.1250000000
62617  21.632  7.244  1.018 0.1250000000
64362  21.990  8.598  0.588 0.1250000000
113890  22.993  9.240  0.500 0.1250000000
52348  19.055  -4.568  9.715 0.1250000000
52332  18.697  -4.209  9.784 0.1250000000
49583  20.522  -7.016  10.683 0.1250000000
49573  20.542  -7.182  11.103 0.1250000000
101295  19.402  -5.066  9.850 0.1250000000
51441  19.695  -5.626  10.017 0.1250000000
50508  20.203  -6.380  10.290 0.1250000000
50498  19.802  -6.211  10.100 0.1250000000
64351  24.326  8.424  0.450 0.1250000000
63500  24.201  8.217  1.176 0.1250000000
64361  23.712  8.829  0.411 0.1250000000
63519  23.032  7.937  0.524 0.1250000000
111332  24.028  7.659  1.838 0.1250000000
99644  21.845  9.667  0.841 0.1250000000
120648  29.514  -18.053  12.273 0.1250000000
39795  30.249  -16.877  11.470 0.1250000000
42589  30.428  -14.906  13.075 0.1250000000
41682  30.621  -15.700  11.194 0.1250000000
43567  31.417  -12.918  12.917 0.1250000000
45456  30.619  -11.331  12.793 0.1250000000
45455  31.609  -11.664  12.590 0.1250000000
47597  30.682  -9.866  12.107 0.1250000000
109684  32.814  -12.287  10.914 0.1250000000
45471  32.895  -11.315  11.386 0.1250000000
47607  31.678  -9.654  11.890 0.1250000000
46565  33.308  -11.037  10.422 0.1250000000
49571  32.123  -8.184  11.209 0.1250000000
46564  33.570  -10.662  9.713 0.1250000000
48606  33.423  -9.101  10.664 0.1250000000
48607  33.253  -8.219  10.678 0.1250000000
39768  25.858  -17.470  14.036 0.1250000000
40740  24.487  -16.396  13.977 0.1250000000
39776  26.665  -17.665  13.757 0.1250000000
37660  27.727  -19.490  13.915 0.1250000000
37659  29.561  -19.993  13.144 0.1250000000
38758  30.872  -19.035  12.039 0.1250000000
36652  30.784  -20.316  12.721 0.1250000000
39794  30.877  -16.977  11.049 0.1250000000
40769  31.359  -16.550  10.867 0.1250000000
43584  31.714  -14.456  10.716 0.1250000000
44532  32.205  -12.906  11.896 0.1250000000
104754  32.372  -13.846  10.451 0.1250000000
44554  33.391  -12.312  9.749 0.1250000000
111669  33.769  -8.021  9.728 0.1250000000
119546  34.125  -9.641  8.768 0.1250000000
46575  33.919  -10.930  8.974 0.1250000000
49587  33.641  -7.209  9.455 0.1250000000
40749  28.592  -17.159  12.754 0.1250000000
40761  29.536  -16.810  12.089 0.1250000000
42608  31.042  -15.017  11.124 0.1250000000
47606  32.589  -9.621  11.550 0.1250000000
40750  27.294  -17.166  13.302 0.1250000000
38748  28.032  -18.574  13.495 0.1250000000
40752  24.806  -16.778  13.871 0.1250000000
37671  30.460  -20.081  12.617 0.1250000000
39793  31.120  -17.310  11.236 0.1250000000
43579  31.771  -13.309  12.283 0.1250000000
42601  31.512  -14.139  11.788 0.1250000000
46535  32.190  -11.060  12.294 0.1250000000
46550  33.077  -10.369  11.223 0.1250000000
44539  32.430  -12.967  10.976 0.1250000000
45479  33.128  -11.962  10.212 0.1250000000
47605  33.252  -9.655  11.011 0.1250000000
48620  33.811  -9.104  9.709 0.1250000000
44553  33.652  -12.499  9.625 0.1250000000
38739  27.189  -18.684  14.598 0.1250000000
37651  27.824  -20.074  14.291 0.1250000000
38757  31.067  -18.660  11.989 0.1250000000
46583  34.450  -10.683  8.580 0.1250000000
37670  30.861  -19.799  12.384 0.1250000000
38747  28.871  -19.319  13.305 0.1250000000
38749  27.248  -18.810  14.162 0.1250000000
38759  30.183  -19.377  12.428 0.1250000000
38760  29.298  -18.577  12.674 0.1250000000
39767  26.685  -17.968  14.237 0.1250000000
39775  27.683  -17.761  13.351 0.1250000000
39777  26.218  -17.170  13.581 0.1250000000
39784  30.958  -18.143  11.638 0.1250000000
39785  30.672  -17.549  11.460 0.1250000000
39786  29.679  -17.500  12.027 0.1250000000
40751  25.270  -17.027  13.878 0.1250000000
40770  30.677  -16.331  11.022 0.1250000000
41631  23.250  -15.596  14.808 0.1250000000
41646  25.924  -15.608  13.853 0.3750000000
41647  25.013  -15.604  13.902 0.3750000000
41658  30.429  -15.345  11.976 0.1250000000
41672  30.009  -16.132  11.793 0.1250000000
41681  31.162  -15.770  10.759 0.1250000000
42574  27.996  -14.803  14.379 0.3750000000
42577  24.302  -15.519  14.214 0.1250000000
42578  23.583  -15.280  14.480 0.2500000000
42590  29.808  -14.671  13.748 0.5000000000
42591  29.000  -15.249  13.949 0.3750000000
42602  30.945  -14.549  12.437 0.1250000000
42614  31.624  -15.174  10.524 0.1250000000
43568  31.271  -13.660  12.865 0.2500000000
43597  33.221  -12.935  9.878 0.1250000000
44503  27.928  -13.095  14.403 0.5000000000
44504  27.023  -13.093  14.511 0.5000000000
44505  25.993  -13.011  14.554 0.6250000000
44507  24.098  -13.008  14.520 0.5000000000
44521  29.129  -12.373  13.751 0.3750000000
44525  25.199  -12.113  13.998 0.5000000000
44533  31.831  -12.534  12.503 0.1250000000
44534  31.093  -12.204  12.948 0.1250000000
44546  32.855  -12.892  10.166 0.1250000000
45442  27.693  -11.703  13.529 0.6250000000
45454  32.457  -12.116  11.973 0.1250000000
45457  29.686  -11.116  12.908 0.3750000000
45478  33.526  -11.493  9.595 0.1250000000
45485  33.833  -11.713  9.334 0.1250000000
46536  31.133  -10.743  12.500 0.1250000000
46539  28.184  -10.521  12.418 0.3750000000
46549  33.404  -10.292  10.560 0.1250000000
46551  32.447  -10.340  11.911 0.1250000000
46557  24.622  -10.315  11.316 0.7500000000
47596  31.644  -10.292  12.228 0.1250000000
47618  33.596  -9.816  10.174 0.1250000000
47630  33.856  -10.142  9.154 0.1250000000
47642  34.301  -10.234  8.565 0.1250000000
47644  26.198  -8.898  8.690 0.7500000000
48596  32.846  -8.905  11.248 0.1250000000
48597  31.881  -8.943  11.561 0.1250000000
48599  29.765  -8.654  11.006 0.2500000000
48609  30.253  -8.215  10.864 0.2500000000
48622  28.081  -8.527  9.362 0.6250000000
48632  26.774  -8.604  8.455 0.7500000000
48633  26.128  -8.611  8.301 0.7500000000
48643  26.612  -8.157  7.876 0.7500000000
48646  24.872  -7.967  7.905 0.8750000000
49578  33.217  -7.284  10.248 0.2500000000
49579  32.348  -7.437  10.700 0.2500000000
49589  29.257  -7.447  9.394 0.6250000000
49613  26.427  -7.710  7.499 0.8750000000
49623  27.696  -6.865  6.742 0.8750000000
50504  33.137  -6.690  9.852 0.1250000000
50512  33.418  -6.380  9.121 0.1250000000
50515  30.418  -6.454  9.460 0.5000000000
50522  33.968  -6.335  8.248 0.1250000000
50531  34.944  -6.577  7.127 0.1250000000
50537  22.274  -5.780  7.638 1.0000000000
50546  27.576  -6.251  6.187 0.8750000000
50547  26.898  -6.342  6.329 1.0000000000
50551  23.698  -5.897  6.782 1.0000000000
50556  27.819  -5.732  5.734 1.0000000000
51438  31.963  -5.633  9.313 0.3750000000
51470  33.847  -5.576  7.892 0.1250000000
51488  24.266  -5.633  6.363 1.0000000000
51507  27.645  -5.296  5.383 1.0000000000
51510  23.982  -5.034  5.988 1.0000000000
52363  19.320  -4.534  9.043 0.5000000000
52375  32.433  -4.019  7.605 0.3750000000
52395  29.368  -5.104  5.533 0.8750000000
52398  21.167  -3.904  6.653 1.0000000000
52406  35.820  -4.243  5.271 0.1250000000
52409  29.020  -5.018  4.922 0.8750000000
52411  27.394  -4.816  5.007 1.0000000000
52424  28.951  -4.691  4.411 1.0000000000
52427  27.017  -4.176  4.660 1.0000000000
53196  17.498  -3.370  9.401 0.1250000000
53215  32.893  -3.721  7.076 0.3750000000
53237  32.451  -2.927  5.132 0.5000000000
53242  21.680  -3.397  5.814 1.0000000000
53258  28.083  -4.006  3.864 1.0000000000
53260  26.002  -3.449  4.596 1.0000000000
54091  17.650  -3.007  8.870 0.2500000000
54106  18.130  -2.392  8.320 0.7500000000
54116  19.398  -2.133  7.084 1.0000000000
54117  18.569  -1.878  7.596 0.7500000000
54125  22.409  -2.874  5.299 1.0000000000
54128  19.849  -1.707  6.369 0.8750000000
54141  22.057  -2.093  4.951 1.0000000000
54158  28.250  -2.848  2.873 1.0000000000
54177  28.097  -2.216  2.590 1.0000000000
55037  16.221  -1.934  8.868 0.1250000000
55051  16.657  -2.312  8.485 0.3750000000
55095  19.592  -0.901  6.269 0.8750000000
55099  21.671  -1.393  4.654 1.0000000000
55115  26.644  -1.137  3.721 1.0000000000
55129  28.932  -1.645  2.006 1.0000000000
55975  15.172  0.087  10.505 0.1250000000
55994  16.471  -1.046  8.208 0.2500000000
55995  16.201  -1.356  8.604 0.1250000000
56043  19.432  -0.073  6.137 0.8750000000
56889  14.994  1.167  10.642 0.1250000000
56912  16.398  -0.614  8.228 0.2500000000
56926  18.121  -0.192  7.529 0.7500000000
56972  20.398  0.257  4.580 1.0000000000
56987  23.220  -0.250  3.543 1.0000000000
56998  29.057  -0.401  1.825 1.0000000000
57917  14.924  0.679  9.948 0.2500000000
57928  15.850  1.471  8.645 0.1250000000
57940  18.423  0.870  7.173 0.6250000000
57941  17.472  0.444  7.744 0.3750000000
57970  19.294  1.634  5.827 0.3750000000
58819  14.319  3.720  12.221 0.1250000000
58831  14.738  3.138  11.896 0.1250000000
58832  13.979  3.410  11.556 0.1250000000
58844  14.511  2.549  10.139 0.1250000000
58845  14.051  3.238  10.692 0.1250000000
58856  16.815  3.087  8.283 0.1250000000
58857  15.900  2.406  8.718 0.3750000000
58858  15.158  2.966  9.381 0.1250000000
59720  15.369  4.040  12.419 0.1250000000
59721  14.475  4.070  12.185 0.1250000000
59722  13.924  4.072  11.777 0.1250000000
59742  14.290  3.734  10.042 0.1250000000
59743  13.806  4.107  10.892 0.1250000000
59757  15.404  4.096  9.445 0.2500000000
60701  15.030  4.452  11.669 0.1250000000
60717  15.665  4.593  10.961 0.1250000000
60718  14.796  4.600  10.743 0.1250000000
60726  14.420  4.525  10.301 0.1250000000
60758  18.959  4.290  5.848 0.1250000000
60775  32.478  4.573  4.138 0.2500000000
62597  32.128  5.974  3.094 0.1250000000
62602  22.225  7.264  1.396 0.1250000000
62618  21.839  7.531  0.698 0.1250000000
62634  22.601  7.154  0.644 0.1250000000
64363  20.914  8.892  0.990 0.1250000000
65258  23.573  9.424  -3.334 0.1250000000
99628  20.941  9.882  1.000 0.1250000000
100653  27.040  -16.499  13.451 0.1250000000
102177  30.309  -18.350  11.960 0.1250000000
102412  27.105  -18.216  13.845 0.1250000000
102818  26.586  -9.592  9.954 0.7500000000
105193  17.195  -0.633  7.837 0.3750000000
105361  24.458  -8.636  8.741 0.7500000000
105533  24.990  -9.609  9.823 0.7500000000
106240  23.660  -1.215  3.867 1.0000000000
108599  30.956  -20.260  12.702 0.1250000000
108884  31.959  -13.621  11.208 0.1250000000
109110  25.626  -9.542  9.614 0.7500000000
109645  29.708  -13.856  14.071 0.5000000000
110656  24.607  -3.498  5.090 1.0000000000
111795  29.874  -12.382  13.547 0.2500000000
112425  28.204  -4.444  4.333 1.0000000000
112980  27.402  -2.201  3.209 1.0000000000
114904  30.292  -1.946  2.188 1.0000000000
114958  19.201  -3.246  7.975 0.8750000000
115259  20.389  -4.652  8.044 0.8750000000
115565  17.072  -2.012  8.040 0.7500000000
115626  28.782  -17.886  12.749 0.1250000000
115780  14.722  1.584  10.259 0.1250000000
116088  16.871  -0.245  8.020 0.3750000000
116255  28.024  -6.070  6.019 0.7500000000
117296  17.450  -1.483  7.921 0.7500000000
117485  30.905  -9.108  11.646 0.2500000000
118085  26.017  -6.059  6.271 1.0000000000
118832  20.537  3.864  3.181 0.1250000000
119196  29.273  2.920  3.679 0.8750000000
119472  17.167  0.215  7.930 0.3750000000
