#!ascii label  , from subject sub-fsm67lq vox2ras=TkReg
268
13608  39.407  -49.095  41.838 0.0000000000
13034  42.634  -49.940  31.105 0.0000000000
12893  46.080  -50.462  40.903 0.0000000000
12311  40.070  -50.828  36.884 0.0000000000
12975  47.519  -50.848  35.688 0.0000000000
12932  46.820  -50.974  38.324 0.0000000000
10954  46.206  -53.328  37.998 0.0000000000
100151  40.980  -50.982  33.762 0.0000000000
14347  36.035  -48.917  35.099 0.0000000000
13605  42.171  -49.651  41.442 0.0000000000
118335  43.159  -50.920  38.786 0.0000000000
104836  44.674  -50.712  35.832 0.0000000000
101143  45.854  -50.540  32.913 0.0000000000
11674  47.440  -51.614  32.531 0.0000000000
14994  38.813  -47.100  43.622 0.0000000000
117473  41.972  -48.286  43.797 0.0000000000
14261  45.783  -48.830  43.605 0.0000000000
13644  35.648  -49.009  38.166 0.0000000000
119743  46.404  -53.040  39.308 0.0000000000
13023  41.766  -50.612  31.828 0.0000000000
117504  39.567  -50.410  33.075 0.0000000000
12884  44.065  -50.023  41.225 0.0000000000
12916  44.587  -50.915  39.497 0.0000000000
12960  47.188  -50.749  36.738 0.0000000000
106406  46.048  -50.796  37.060 0.0000000000
12978  45.692  -50.489  35.457 0.0000000000
12993  45.206  -50.438  34.577 0.0000000000
12991  47.071  -50.417  34.596 0.0000000000
12372  47.367  -50.959  31.143 0.0000000000
14244  43.000  -47.622  44.961 0.0000000000
14263  43.240  -48.620  43.358 0.0000000000
14242  45.205  -48.164  45.019 0.0000000000
12295  39.389  -50.673  38.057 0.0000000000
12951  38.602  -50.613  37.479 0.0000000000
14361  35.188  -47.619  34.889 0.0000000000
115064  34.739  -46.965  36.055 0.0000000000
104941  46.836  -50.980  41.232 0.0000000000
102042  46.284  -50.818  40.044 0.0000000000
12914  46.742  -51.133  39.379 0.0000000000
12290  47.091  -51.176  37.807 0.0000000000
11638  47.343  -51.755  36.639 0.0000000000
12329  40.791  -51.019  35.582 0.0000000000
108250  38.242  -50.466  36.047 0.0000000000
12999  38.673  -50.433  34.426 0.0000000000
13695  36.871  -49.078  33.910 0.0000000000
13704  43.537  -48.056  31.067 0.0000000000
13607  40.278  -49.362  41.667 0.0000000000
12919  41.422  -50.514  39.250 0.0000000000
12292  41.976  -50.952  37.708 0.0000000000
12934  45.043  -51.127  38.674 0.0000000000
105171  43.814  -51.055  37.309 0.0000000000
118284  41.926  -51.063  36.544 0.0000000000
118132  42.397  -50.966  34.820 0.0000000000
13009  43.562  -50.934  33.628 0.0000000000
13021  43.872  -50.820  31.698 0.0000000000
12348  47.578  -51.367  33.655 0.0000000000
13017  47.440  -50.752  32.838 0.0000000000
13031  46.040  -50.230  30.813 0.0000000000
13039  44.939  -49.271  30.403 0.0000000000
115192  38.108  -47.296  42.750 0.0000000000
15002  38.631  -47.965  42.773 0.0000000000
14251  40.208  -48.006  43.751 0.0000000000
13588  40.040  -48.902  42.421 0.0000000000
13586  41.951  -49.161  42.328 0.0000000000
13604  43.842  -49.562  41.979 0.0000000000
13602  46.277  -49.726  42.356 0.0000000000
118942  47.051  -49.579  43.601 0.0000000000
13582  46.911  -50.088  42.472 0.0000000000
13663  35.827  -49.283  36.809 0.0000000000
14279  38.537  -48.620  41.949 0.0000000000
104248  37.638  -48.282  41.575 0.0000000000
13609  38.097  -49.035  41.198 0.0000000000
13024  40.982  -50.185  31.826 0.0000000000
12883  45.108  -50.243  41.034 0.0000000000
12894  44.099  -50.488  40.331 0.0000000000
108569  45.332  -50.642  40.207 0.0000000000
109201  47.283  -50.663  35.967 0.0000000000
12961  46.608  -50.567  36.305 0.0000000000
12977  46.858  -50.460  35.359 0.0000000000
12992  46.313  -50.366  34.638 0.0000000000
12976  47.314  -50.668  35.245 0.0000000000
104893  46.682  -52.631  30.280 0.0000000000
14243  44.170  -47.869  45.070 0.0000000000
114884  39.951  -50.754  37.506 0.0000000000
12950  39.390  -50.731  37.173 0.0000000000
16485  34.815  -45.413  35.629 0.0000000000
12891  46.743  -51.197  40.417 0.0000000000
11566  46.688  -52.197  40.003 0.0000000000
11606  47.025  -51.988  38.101 0.0000000000
11607  46.734  -52.502  38.167 0.0000000000
11624  47.200  -51.772  37.511 0.0000000000
11625  46.771  -52.572  37.308 0.0000000000
99807  41.160  -51.009  34.703 0.0000000000
102032  39.283  -50.695  34.961 0.0000000000
12997  40.228  -50.901  34.588 0.0000000000
13694  37.607  -49.392  33.470 0.0000000000
14369  37.256  -48.562  33.145 0.0000000000
14370  36.383  -48.220  33.690 0.0000000000
13606  41.226  -49.510  41.554 0.0000000000
13617  40.581  -49.787  40.865 0.0000000000
12897  41.539  -49.918  40.755 0.0000000000
12937  41.718  -50.766  38.496 0.0000000000
12936  42.562  -50.919  38.310 0.0000000000
102976  46.554  -50.979  39.147 0.0000000000
114997  45.698  -50.904  39.362 0.0000000000
12933  46.116  -50.935  38.512 0.0000000000
12962  45.381  -50.730  36.359 0.0000000000
106763  44.901  -51.044  37.140 0.0000000000
12963  44.247  -50.941  36.488 0.0000000000
12964  43.205  -51.056  36.665 0.0000000000
12965  42.459  -51.050  36.066 0.0000000000
101877  43.623  -50.901  35.768 0.0000000000
100262  44.747  -50.661  33.616 0.0000000000
12994  44.084  -50.717  34.474 0.0000000000
117982  43.963  -50.958  32.801 0.0000000000
13010  43.128  -51.023  32.571 0.0000000000
101142  44.693  -50.838  32.461 0.0000000000
10399  44.572  -53.511  32.637 0.0000000000
11035  46.825  -52.403  32.193 0.0000000000
11675  46.640  -52.422  32.898 0.0000000000
109366  47.265  -52.007  33.161 0.0000000000
13006  47.617  -50.856  33.760 0.0000000000
12355  47.710  -51.064  33.004 0.0000000000
106517  47.004  -50.416  30.699 0.0000000000
13030  46.815  -50.447  31.189 0.0000000000
13038  46.436  -49.882  30.216 0.0000000000
113220  45.283  -50.016  30.621 0.0000000000
101892  45.746  -49.386  30.146 0.0000000000
15672  38.231  -46.577  43.287 0.0000000000
111579  42.097  -47.735  44.552 0.0000000000
14992  40.679  -47.299  44.639 0.0000000000
14250  41.203  -48.044  44.012 0.0000000000
14265  40.597  -48.572  43.100 0.0000000000
111922  41.482  -48.673  43.123 0.0000000000
13587  40.914  -49.062  42.346 0.0000000000
14264  42.350  -48.660  43.205 0.0000000000
117202  44.175  -48.700  43.340 0.0000000000
13585  43.554  -49.082  42.671 0.0000000000
13584  44.529  -49.182  42.657 0.0000000000
13603  45.063  -49.705  41.930 0.0000000000
105773  45.540  -49.231  42.794 0.0000000000
12174  46.996  -50.724  44.279 0.0000000000
12857  47.292  -50.273  43.309 0.0000000000
13569  47.194  -49.937  43.154 0.0000000000
12984  37.858  -50.239  35.512 0.0000000000
103161  37.362  -50.143  36.164 0.0000000000
13672  35.781  -49.034  36.026 0.0000000000
15055  34.875  -47.474  36.753 0.0000000000
13011  41.682  -51.039  33.030 0.0000000000
13013  40.202  -50.739  33.411 0.0000000000
12885  43.090  -49.842  41.356 0.0000000000
12896  42.474  -50.048  40.715 0.0000000000
12895  43.303  -50.181  40.738 0.0000000000
12917  43.507  -50.777  39.458 0.0000000000
12947  47.035  -50.851  37.522 0.0000000000
12948  46.512  -50.846  37.702 0.0000000000
108553  46.815  -50.689  37.080 0.0000000000
12979  44.462  -50.630  35.194 0.0000000000
13008  46.675  -50.316  33.858 0.0000000000
11680  47.332  -51.566  31.559 0.0000000000
102841  46.999  -52.167  31.082 0.0000000000
11690  47.097  -51.659  30.461 0.0000000000
14249  42.760  -48.202  44.056 0.0000000000
112628  43.865  -48.207  44.236 0.0000000000
111652  44.736  -48.174  44.596 0.0000000000
14248  45.500  -48.458  44.403 0.0000000000
12952  37.725  -50.388  37.767 0.0000000000
13653  36.160  -49.613  37.532 0.0000000000
14360  35.772  -48.278  34.559 0.0000000000
14348  35.415  -48.335  35.414 0.0000000000
108077  34.777  -46.916  35.290 0.0000000000
15767  34.723  -46.267  35.834 0.0000000000
12892  46.664  -50.857  40.879 0.0000000000
12915  46.593  -50.994  39.716 0.0000000000
12931  46.913  -51.020  38.255 0.0000000000
12276  46.833  -51.357  38.992 0.0000000000
12946  47.196  -50.878  37.190 0.0000000000
12307  47.392  -51.115  36.871 0.0000000000
120780  40.201  -50.896  36.217 0.0000000000
12966  39.553  -50.761  36.408 0.0000000000
12982  39.842  -50.844  35.598 0.0000000000
102885  38.507  -50.467  35.261 0.0000000000
13000  37.947  -50.162  34.790 0.0000000000
12998  39.453  -50.639  34.020 0.0000000000
13683  37.379  -49.698  34.341 0.0000000000
13684  36.704  -49.330  34.755 0.0000000000
15077  35.660  -47.532  34.059 0.0000000000
13705  42.859  -48.503  31.259 0.0000000000
108556  38.838  -49.204  41.346 0.0000000000
13618  39.559  -49.575  40.974 0.0000000000
12293  41.138  -50.854  37.889 0.0000000000
12310  40.603  -50.844  37.336 0.0000000000
12935  43.981  -51.021  38.763 0.0000000000
101394  45.523  -51.009  37.833 0.0000000000
12949  44.412  -51.122  37.971 0.0000000000
115248  43.435  -51.055  38.113 0.0000000000
12291  42.863  -51.059  37.505 0.0000000000
12308  42.300  -51.057  36.921 0.0000000000
12320  40.765  -50.960  36.550 0.0000000000
113608  41.536  -51.068  36.165 0.0000000000
12981  41.869  -51.019  35.256 0.0000000000
12996  41.939  -51.030  34.250 0.0000000000
102180  43.574  -50.792  35.041 0.0000000000
12995  42.981  -50.924  34.463 0.0000000000
100350  42.573  -51.056  33.440 0.0000000000
116032  42.337  -50.974  32.489 0.0000000000
13022  42.793  -50.738  31.656 0.0000000000
13033  43.490  -50.220  30.986 0.0000000000
11651  47.379  -51.743  35.792 0.0000000000
11037  45.300  -52.971  32.587 0.0000000000
11663  47.498  -51.470  34.481 0.0000000000
113006  47.671  -51.022  34.481 0.0000000000
12990  47.425  -50.726  34.552 0.0000000000
13007  47.254  -50.523  33.821 0.0000000000
13018  46.929  -50.446  32.963 0.0000000000
13029  47.284  -50.704  31.715 0.0000000000
13019  46.415  -50.522  31.891 0.0000000000
13020  45.186  -50.596  31.484 0.0000000000
13032  44.416  -50.220  30.828 0.0000000000
13041  43.474  -49.145  30.901 0.0000000000
13714  44.124  -48.535  30.544 0.0000000000
100077  37.666  -45.884  42.524 0.0000000000
15673  37.735  -46.569  42.609 0.0000000000
14267  38.025  -47.964  42.246 0.0000000000
14266  39.282  -48.545  42.564 0.0000000000
14993  39.751  -47.240  44.248 0.0000000000
14252  39.377  -47.946  43.343 0.0000000000
102839  39.877  -48.437  43.017 0.0000000000
113304  42.775  -48.996  42.706 0.0000000000
105844  42.874  -49.405  42.069 0.0000000000
118136  45.901  -50.084  41.588 0.0000000000
108208  46.833  -49.616  43.041 0.0000000000
12882  46.538  -50.345  41.716 0.0000000000
12968  37.940  -50.461  36.873 0.0000000000
13661  37.032  -50.169  37.151 0.0000000000
13654  35.551  -48.970  37.363 0.0000000000
103599  35.174  -48.310  36.286 0.0000000000
14335  35.196  -48.315  37.121 0.0000000000
11664  47.094  -51.974  34.496 0.0000000000
12294  40.321  -50.742  38.049 0.0000000000
12309  41.446  -50.978  37.030 0.0000000000
12362  47.631  -51.040  32.151 0.0000000000
12373  47.112  -50.752  30.150 0.0000000000
12858  47.257  -50.484  43.793 0.0000000000
12959  47.422  -50.847  36.384 0.0000000000
12967  38.790  -50.637  36.642 0.0000000000
12980  42.806  -50.927  35.234 0.0000000000
12983  39.034  -50.656  35.823 0.0000000000
13014  38.843  -50.271  33.531 0.0000000000
13040  44.128  -49.466  30.664 0.0000000000
13583  46.288  -49.303  43.079 0.0000000000
13662  36.466  -49.699  36.439 0.0000000000
13670  37.225  -49.865  35.279 0.0000000000
13671  36.498  -49.465  35.572 0.0000000000
13682  38.072  -50.065  33.907 0.0000000000
14262  44.850  -48.484  43.915 0.0000000000
15064  34.909  -47.623  35.769 0.0000000000
15078  35.134  -46.827  34.427 0.0000000000
100263  45.820  -50.378  33.965 0.0000000000
102334  46.738  -51.293  40.109 0.0000000000
113152  46.864  -50.876  39.131 0.0000000000
113759  47.093  -50.554  32.149 0.0000000000
114076  46.325  -53.185  38.784 0.0000000000
114365  36.337  -48.780  34.396 0.0000000000
115173  35.479  -48.806  36.716 0.0000000000
119170  36.878  -49.814  35.861 0.0000000000
119634  47.525  -50.870  35.076 0.0000000000
119694  44.987  -48.840  43.247 0.0000000000
