#!ascii label  , from subject sub-fsm22db vox2ras=TkReg
1477
6354  -28.137  -76.751  2.700 0.5000000000
5749  -27.262  -77.018  2.633 0.6000000238
6337  -36.652  -76.582  5.726 0.3000000119
5748  -26.436  -77.468  2.972 0.5000000000
6926  -34.401  -75.792  4.643 0.4000000060
6927  -36.061  -75.434  4.619 0.4000000060
6928  -36.824  -75.218  4.615 0.4000000060
6917  -36.333  -76.071  5.186 0.3000000119
133098  -35.748  -74.748  4.147 0.4000000060
150667  -28.228  -74.293  1.974 0.5000000000
6946  -27.839  -75.325  1.719 0.5000000000
6365  -28.680  -76.321  2.459 0.5000000000
152999  -26.730  -74.469  1.335 0.6000000238
7576  -26.994  -75.085  1.354 0.5000000000
137521  -26.858  -76.604  1.870 0.6000000238
6338  -37.476  -76.228  5.964 0.3000000119
6363  -26.104  -76.656  1.681 0.5000000000
7556  -33.022  -75.487  4.409 0.5000000000
6925  -33.727  -76.353  4.363 0.5000000000
6918  -37.901  -75.483  5.509 0.3000000119
6370  -26.273  -76.094  1.424 0.6000000238
5756  -26.228  -77.155  2.172 0.5000000000
8116  -34.352  -74.000  4.299 0.5000000000
7558  -34.794  -74.858  4.510 0.4000000060
7559  -36.515  -74.530  3.954 0.4000000060
6929  -37.511  -74.979  4.758 0.3000000119
135394  -37.143  -75.769  5.302 0.3000000119
136421  -36.041  -74.188  3.537 0.4000000060
7569  -36.413  -74.031  3.504 0.4000000060
8129  -35.697  -73.575  3.421 0.4000000060
10062  -28.614  -70.217  2.019 0.6999999881
9378  -28.402  -71.305  2.149 0.6999999881
8742  -28.989  -71.980  2.831 0.6999999881
6356  -29.481  -76.492  2.931 0.5000000000
10072  -27.005  -69.999  1.663 0.6999999881
9387  -27.608  -70.631  1.699 0.6999999881
8746  -27.609  -72.902  1.811 0.8000000119
8133  -27.740  -73.956  1.725 0.5000000000
8138  -26.834  -73.893  1.386 0.6999999881
6933  -30.684  -76.233  3.171 0.5000000000
8745  -26.438  -72.173  1.511 0.6999999881
7555  -31.738  -75.535  3.706 0.4000000060
133557  -32.385  -76.228  3.692 0.5000000000
6913  -38.251  -75.928  6.247 0.3000000119
130251  -26.141  -73.980  1.292 0.6000000238
139567  -32.141  -74.684  4.467 0.5000000000
146798  -32.880  -74.449  4.705 0.5000000000
6919  -38.766  -75.204  5.786 0.3000000119
146312  -25.443  -74.377  1.377 0.5000000000
8115  -33.341  -73.824  4.610 0.5000000000
8736  -34.341  -72.642  2.828 0.4000000060
8127  -33.944  -73.197  3.667 0.4000000060
8130  -36.582  -73.748  3.550 0.4000000060
8119  -37.375  -73.691  3.838 0.4000000060
7561  -37.715  -74.203  4.191 0.4000000060
8737  -35.183  -72.696  3.122 0.3000000119
8738  -35.984  -73.156  3.527 0.4000000060
151777  -28.506  -67.475  2.713 0.5000000000
11546  -27.748  -67.878  2.581 0.6000000238
11554  -28.793  -67.917  1.968 0.6000000238
10074  -28.960  -69.215  1.773 0.6000000238
11525  -28.333  -67.466  4.702 0.5000000000
12201  -28.046  -67.325  4.061 0.5000000000
150683  -27.470  -67.818  3.664 0.6000000238
11553  -27.903  -68.202  2.115 0.6000000238
10825  -27.388  -69.014  1.877 0.6999999881
8134  -28.746  -74.407  2.299 0.6000000238
6290  -39.164  -76.989  8.631 0.3000000119
11502  -27.568  -68.138  6.618 0.6999999881
12192  -27.871  -67.493  4.720 0.6000000238
10811  -27.187  -68.905  4.384 0.6000000238
10819  -27.198  -68.447  3.387 0.6000000238
10818  -26.721  -69.343  2.563 0.6999999881
10071  -26.408  -70.473  1.858 0.6999999881
8731  -29.545  -72.741  3.482 0.6000000238
8125  -29.411  -74.011  3.072 0.6000000238
6941  -30.125  -75.630  2.882 0.5000000000
11503  -27.970  -67.693  6.561 0.6999999881
10800  -27.293  -68.611  5.602 0.6000000238
10042  -27.259  -69.743  4.962 0.6000000238
151469  -27.187  -69.679  4.261 0.6000000238
10057  -26.430  -70.343  2.780 0.6999999881
8740  -25.675  -71.630  1.924 0.6999999881
7554  -31.065  -74.407  4.161 0.5000000000
6323  -38.641  -76.281  6.910 0.3000000119
11486  -27.460  -68.375  7.309 0.6999999881
10016  -27.202  -70.044  6.950 0.6000000238
9364  -27.174  -71.444  4.543 0.6000000238
9363  -26.625  -71.305  3.653 0.6000000238
8136  -25.498  -73.301  1.604 0.6999999881
8721  -31.289  -72.868  4.377 0.5000000000
8722  -32.048  -72.827  4.404 0.5000000000
143345  -27.418  -70.832  6.301 0.6000000238
8709  -27.401  -72.080  5.133 0.6000000238
137446  -25.503  -72.158  2.545 0.6000000238
8132  -25.033  -73.203  2.002 0.6000000238
8135  -24.931  -73.864  1.722 0.6000000238
8734  -32.490  -72.216  3.620 0.5000000000
7549  -38.854  -74.462  5.115 0.3000000119
9335  -27.470  -71.283  7.138 0.6999999881
127034  -27.621  -72.459  6.989 0.6000000238
128987  -27.381  -70.957  5.307 0.6000000238
8112  -27.220  -72.869  4.996 0.6000000238
8111  -26.480  -72.794  4.381 0.5000000000
8110  -25.873  -73.308  4.403 0.5000000000
7565  -24.215  -74.241  2.830 0.5000000000
7574  -24.821  -74.599  1.545 0.5000000000
8735  -33.504  -72.459  3.024 0.5000000000
10052  -36.232  -70.543  3.989 0.3000000119
9365  -36.096  -71.562  4.334 0.3000000119
8725  -36.282  -72.531  4.153 0.3000000119
131158  -36.983  -72.745  4.407 0.4000000060
143731  -37.838  -73.188  4.135 0.4000000060
7564  -23.846  -74.956  2.254 0.5000000000
9376  -35.632  -71.123  3.407 0.3000000119
9375  -35.098  -71.654  2.797 0.3000000119
11527  -30.332  -68.222  4.087 0.5000000000
11539  -29.610  -67.584  3.372 0.5000000000
11540  -30.553  -67.667  3.039 0.5000000000
12210  -29.904  -67.453  2.527 0.5000000000
10786  -30.582  -69.333  6.580 0.5000000000
10801  -29.778  -68.664  5.992 0.5000000000
11515  -28.925  -67.901  5.415 0.5000000000
12208  -28.225  -67.355  3.318 0.5000000000
12225  -29.220  -67.562  2.230 0.5000000000
145439  -30.228  -68.148  1.530 0.6000000238
10823  -30.092  -68.976  1.553 0.6000000238
11504  -28.668  -67.942  6.348 0.5000000000
10063  -29.643  -69.944  2.144 0.6000000238
9370  -29.923  -71.615  3.393 0.8000000119
7510  -39.454  -75.092  8.851 0.3000000119
133277  -28.284  -67.953  7.956 0.6000000238
11488  -28.527  -67.960  7.221 0.6000000238
10065  -31.369  -70.205  2.100 0.4000000060
6875  -39.617  -75.890  8.536 0.3000000119
11475  -27.662  -68.192  7.913 0.6999999881
9371  -30.894  -71.512  3.526 0.5000000000
6308  -39.099  -76.530  7.690 0.3000000119
6324  -39.341  -75.866  7.096 0.3000000119
10742  -27.051  -69.147  8.728 0.6999999881
9382  -32.189  -70.998  2.288 0.4000000060
133254  -39.515  -75.305  6.489 0.3000000119
10005  -27.053  -70.076  8.376 0.6000000238
145583  -27.225  -70.342  7.663 0.6999999881
9372  -31.878  -71.535  3.210 0.4000000060
7562  -38.524  -74.043  4.488 0.3000000119
126967  -27.229  -70.905  8.971 0.6000000238
128252  -27.553  -71.842  8.754 0.6999999881
9342  -27.541  -71.937  6.105 0.6000000238
8092  -27.057  -73.891  5.950 0.5000000000
7547  -26.278  -74.035  5.699 0.5000000000
7566  -24.709  -73.662  3.347 0.6000000238
9383  -33.616  -71.305  1.876 0.4000000060
8743  -33.883  -71.980  2.304 0.4000000060
10815  -37.450  -69.225  3.560 0.3000000119
10820  -36.724  -69.728  3.267 0.3000000119
10807  -37.583  -69.254  4.842 0.3000000119
10044  -37.229  -70.295  5.502 0.3000000119
8710  -36.686  -71.994  4.990 0.4000000060
137341  -38.826  -73.503  4.409 0.3000000119
7530  -27.363  -73.867  7.564 0.6000000238
7539  -26.560  -74.248  6.486 0.5000000000
7538  -25.645  -74.344  6.270 0.5000000000
7546  -25.345  -74.098  5.442 0.5000000000
7552  -24.345  -74.271  3.968 0.5000000000
7551  -23.708  -74.812  3.361 0.6000000238
9385  -34.742  -71.141  2.176 0.3000000119
10060  -36.005  -70.218  2.900 0.3000000119
7540  -26.827  -74.308  7.166 0.5000000000
6909  -25.017  -74.525  6.736 0.5000000000
6916  -23.953  -74.867  5.690 0.5000000000
6908  -23.552  -75.191  6.549 0.5000000000
131732  -32.087  -69.627  5.864 0.5000000000
10803  -31.675  -69.361  5.453 0.5000000000
11528  -31.266  -68.358  3.854 0.5000000000
11529  -32.137  -68.356  3.681 0.5000000000
11541  -31.488  -67.696  2.781 0.5000000000
12211  -30.718  -67.429  2.093 0.5000000000
10769  -30.375  -69.360  7.473 0.5000000000
10812  -31.028  -68.864  4.799 0.5000000000
12228  -31.997  -67.533  1.582 0.4000000060
10785  -29.549  -68.646  6.926 0.5000000000
11556  -31.626  -67.760  1.439 0.4000000060
7509  -38.771  -74.675  9.618 0.3000000119
8079  -39.810  -74.437  8.667 0.3000000119
10768  -29.312  -68.538  7.896 0.6000000238
132120  -31.097  -68.397  1.372 0.4000000060
10075  -30.984  -69.329  1.612 0.4000000060
11477  -28.671  -68.150  8.493 0.6000000238
11476  -27.932  -68.040  8.584 0.6000000238
148648  -39.877  -75.726  8.045 0.3000000119
6891  -40.188  -75.303  7.700 0.3000000119
11462  -27.352  -68.515  9.160 0.6000000238
10066  -32.454  -70.312  1.685 0.4000000060
134938  -26.816  -69.084  9.500 0.6000000238
10078  -34.132  -70.057  1.376 0.4000000060
9388  -33.997  -70.852  1.636 0.4000000060
6920  -39.576  -74.523  5.665 0.3000000119
9992  -26.863  -69.901  9.155 0.6999999881
10068  -34.482  -70.659  1.727 0.3000000119
133193  -36.560  -69.545  2.316 0.3000000119
10804  -32.535  -69.394  5.424 0.5000000000
10813  -31.913  -68.960  4.614 0.5000000000
150326  -33.032  -67.590  2.650 0.4000000060
11549  -32.674  -67.239  2.038 0.4000000060
12219  -32.820  -67.365  1.662 0.4000000060
10770  -31.339  -69.842  7.184 0.6000000238
11558  -33.574  -67.818  1.206 0.4000000060
10829  -33.077  -68.607  1.192 0.4000000060
8080  -40.655  -74.554  8.204 0.3000000119
11463  -27.850  -68.133  9.576 0.6000000238
10077  -32.764  -69.470  1.340 0.4000000060
152811  -34.553  -69.358  1.229 0.4000000060
151955  -35.390  -69.707  1.535 0.4000000060
10069  -35.103  -70.359  1.820 0.3000000119
10821  -37.376  -68.997  2.298 0.3000000119
137579  -27.042  -70.666  9.765 0.6000000238
10814  -32.768  -68.859  4.455 0.5000000000
11531  -34.412  -68.183  4.042 0.4000000060
130809  -32.951  -68.209  3.512 0.4000000060
126619  -33.137  -69.875  6.888 0.5000000000
130265  -33.304  -69.569  6.067 0.5000000000
12212  -34.311  -67.165  2.251 0.4000000060
10758  -31.125  -69.917  8.014 0.6000000238
10017  -32.020  -70.202  7.811 0.6000000238
10772  -33.785  -69.849  7.555 0.6000000238
11550  -33.383  -67.232  2.089 0.4000000060
10757  -30.265  -69.390  8.319 0.6000000238
12229  -34.335  -67.497  1.213 0.4000000060
11559  -34.591  -68.334  1.038 0.4000000060
10756  -29.464  -68.763  8.772 0.6000000238
10830  -33.915  -68.966  1.149 0.4000000060
11560  -35.603  -68.112  1.012 0.4000000060
147701  -35.183  -69.155  1.194 0.4000000060
11551  -37.331  -68.245  1.480 0.4000000060
6905  -40.003  -75.383  7.148 0.3000000119
7532  -41.135  -74.309  7.234 0.3000000119
10824  -36.664  -69.050  1.662 0.4000000060
8104  -40.581  -73.314  5.283 0.3000000119
6914  -40.217  -74.819  6.548 0.3000000119
11448  -27.134  -68.506  10.060 0.6000000238
9978  -26.726  -70.186  10.402 0.6000000238
10710  -26.690  -68.709  10.794 0.6999999881
10727  -29.293  -68.789  11.015 0.6999999881
9977  -26.539  -69.513  10.925 0.6000000238
151699  -27.581  -68.037  11.486 0.6999999881
11433  -28.176  -68.038  12.036 0.6999999881
9947  -26.342  -69.939  12.195 0.6000000238
11434  -29.063  -68.589  11.906 0.6999999881
10696  -29.743  -69.416  12.692 0.6000000238
11419  -26.488  -68.522  12.058 0.6999999881
10695  -28.827  -68.487  12.852 0.6999999881
10805  -33.437  -69.139  5.192 0.5000000000
138723  -34.756  -68.419  4.870 0.5000000000
10789  -33.970  -69.556  6.737 0.5000000000
11505  -34.682  -69.031  6.537 0.5000000000
10806  -34.085  -69.218  5.869 0.5000000000
12193  -35.740  -67.590  4.653 0.5000000000
149071  -35.113  -67.935  4.289 0.4000000060
11543  -34.870  -67.495  3.262 0.4000000060
10008  -32.714  -70.301  8.416 0.6000000238
10773  -34.652  -69.310  7.499 0.6000000238
11489  -35.192  -68.739  7.109 0.6000000238
12213  -35.392  -66.859  1.980 0.4000000060
129742  -30.928  -69.869  8.699 0.6000000238
10759  -34.317  -69.688  8.276 0.6000000238
10774  -35.355  -68.656  7.885 0.6000000238
12221  -34.699  -67.087  1.400 0.4000000060
10743  -29.516  -68.928  9.597 0.6000000238
10006  -31.105  -70.039  9.375 0.6000000238
9995  -32.662  -70.356  9.213 0.6000000238
10746  -34.733  -69.311  9.572 0.6000000238
10747  -35.084  -69.069  8.999 0.6000000238
12231  -36.854  -67.420  1.221 0.4000000060
12224  -39.418  -66.728  1.976 0.4000000060
10744  -30.426  -69.675  10.020 0.6000000238
9993  -31.289  -70.155  10.080 0.6000000238
9982  -33.461  -70.106  10.430 0.6000000238
11464  -34.973  -68.729  10.091 0.6000000238
12153  -35.389  -67.641  9.675 0.6000000238
144527  -38.085  -67.489  1.473 0.4000000060
12223  -38.908  -67.292  1.721 0.4000000060
11450  -28.663  -68.348  10.159 0.6000000238
9979  -31.053  -70.050  10.776 0.5000000000
149102  -32.858  -70.265  10.749 0.6000000238
130775  -33.996  -69.650  10.874 0.6000000238
11451  -34.819  -68.330  10.773 0.6000000238
13543  -34.707  -66.210  9.363 0.6999999881
11449  -27.818  -68.080  10.335 0.6999999881
9965  -31.720  -70.234  11.494 0.6000000238
9967  -33.354  -69.981  11.216 0.6000000238
12798  -34.570  -66.868  10.631 0.6000000238
13542  -33.657  -65.936  9.498 0.6000000238
147669  -32.798  -65.039  7.370 0.6000000238
10713  -33.782  -69.472  11.684 0.6000000238
11435  -34.437  -68.167  11.663 0.6000000238
12809  -33.308  -66.032  10.095 0.6000000238
13555  -32.992  -65.543  8.897 0.6000000238
9964  -30.808  -69.980  11.604 0.6000000238
9951  -32.403  -70.121  12.241 0.6000000238
11421  -34.098  -68.060  12.269 0.5000000000
12136  -34.066  -67.349  11.918 0.6000000238
13541  -32.831  -65.574  9.652 0.6000000238
10698  -32.933  -69.591  12.859 0.5000000000
135140  -26.716  -68.123  12.727 0.6999999881
152085  -29.387  -69.224  13.212 0.6999999881
129622  -30.484  -69.951  13.151 0.5000000000
10697  -32.121  -70.024  13.075 0.6000000238
10699  -33.479  -68.882  12.843 0.5000000000
12127  -33.642  -67.649  12.626 0.5000000000
10681  -32.981  -68.949  13.511 0.6000000238
14216  -23.748  -64.716  14.960 0.6000000238
13477  -23.067  -65.059  15.675 0.6000000238
13476  -22.581  -65.742  15.543 0.6000000238
11519  -35.286  -68.208  5.243 0.5000000000
12187  -36.431  -67.146  6.292 0.5000000000
12194  -36.395  -67.149  5.173 0.5000000000
11532  -35.579  -67.217  3.488 0.5000000000
12214  -36.309  -66.687  2.497 0.4000000060
11478  -35.381  -68.546  8.685 0.5000000000
12174  -35.731  -68.098  7.286 0.5000000000
13576  -36.348  -65.367  7.446 0.5000000000
12864  -38.038  -66.438  1.942 0.4000000060
138440  -39.354  -65.624  2.404 0.4000000060
12162  -36.061  -66.744  8.227 0.5000000000
14312  -35.902  -64.731  7.325 0.5000000000
12867  -37.550  -66.938  1.423 0.4000000060
12865  -39.112  -66.338  1.928 0.4000000060
12870  -40.457  -65.618  2.509 0.4000000060
135153  -35.341  -66.493  9.097 0.5000000000
14311  -34.898  -64.900  7.502 0.5000000000
12823  -35.996  -65.958  8.158 0.5000000000
12868  -38.606  -66.928  1.609 0.4000000060
13574  -34.523  -65.422  8.145 0.6000000238
13573  -33.283  -65.391  8.181 0.6000000238
142577  -33.795  -65.191  7.606 0.5000000000
14310  -32.234  -64.642  7.575 0.4000000060
14323  -32.240  -64.511  6.742 0.4000000060
15089  -31.989  -63.805  5.054 0.4000000060
13540  -32.500  -65.123  9.937 0.6000000238
13554  -32.480  -65.156  9.107 0.6000000238
136535  -31.893  -64.168  6.845 0.5000000000
15061  -31.381  -63.585  6.068 0.4000000060
15898  -31.019  -62.916  4.558 0.4000000060
148887  -30.581  -62.886  4.893 0.4000000060
135808  -26.097  -68.675  12.711 0.6999999881
149361  -32.874  -66.082  11.173 0.6000000238
133197  -32.055  -64.145  7.609 0.5000000000
15888  -30.718  -62.992  5.416 0.4000000060
10658  -29.581  -69.636  14.433 0.6000000238
11403  -33.324  -68.137  13.301 0.5000000000
12788  -32.762  -66.127  11.823 0.5000000000
146413  -32.495  -64.091  8.978 0.5000000000
15864  -32.302  -63.037  7.615 0.5000000000
15062  -31.702  -63.564  6.860 0.4000000060
15875  -30.290  -62.452  5.663 0.4000000060
10679  -31.689  -69.865  13.793 0.6000000238
13518  -32.652  -65.487  11.292 0.5000000000
14218  -25.910  -64.361  14.410 0.6999999881
14217  -24.788  -64.484  14.724 0.6000000238
130420  -25.818  -64.372  15.978 0.6999999881
14187  -24.287  -64.657  16.493 0.6000000238
14951  -26.911  -63.968  16.625 0.6000000238
13446  -23.035  -65.517  17.301 0.6000000238
14170  -25.709  -64.792  17.427 0.6000000238
14171  -26.633  -64.458  17.564 0.6000000238
14937  -27.536  -63.689  17.472 0.6000000238
14921  -29.410  -63.294  18.586 0.6000000238
12742  -22.356  -66.352  16.230 0.5000000000
13447  -24.355  -65.419  17.900 0.6000000238
13449  -26.144  -65.194  18.121 0.6000000238
14148  -26.931  -65.002  18.306 0.6000000238
14172  -27.304  -64.347  18.064 0.6000000238
12202  -36.288  -66.937  3.951 0.5000000000
12722  -22.988  -66.477  17.742 0.5000000000
13426  -23.298  -65.940  17.881 0.5000000000
13429  -27.386  -65.659  18.587 0.5000000000
153054  -28.337  -64.522  18.563 0.5000000000
135376  -36.001  -67.729  6.626 0.4000000060
12846  -37.171  -65.741  6.421 0.5000000000
12860  -37.612  -65.940  3.671 0.5000000000
12863  -36.998  -66.397  3.049 0.4000000060
12707  -24.410  -66.559  18.379 0.5000000000
13428  -24.820  -65.934  18.351 0.5000000000
12711  -28.742  -66.115  18.600 0.5000000000
133551  -29.791  -64.872  18.633 0.5000000000
13589  -36.951  -65.099  6.815 0.5000000000
13601  -38.508  -65.663  2.811 0.4000000060
14348  -40.069  -64.235  2.551 0.4000000060
15919  -40.779  -63.339  2.865 0.4000000060
12036  -23.327  -67.261  17.899 0.5000000000
143684  -26.085  -66.799  18.581 0.5000000000
12709  -26.894  -66.612  18.601 0.6000000238
12712  -29.351  -66.230  18.429 0.6000000238
13606  -40.391  -65.077  2.438 0.4000000060
11314  -26.712  -68.173  18.159 0.6000000238
11315  -27.527  -68.202  18.113 0.6000000238
12023  -28.956  -67.012  18.312 0.6999999881
14326  -35.295  -64.354  6.790 0.4000000060
9908  -25.107  -70.008  16.366 0.6000000238
14340  -33.435  -64.315  5.797 0.5000000000
15090  -32.945  -63.875  4.877 0.4000000060
9916  -25.369  -69.522  15.574 0.6000000238
14339  -32.435  -64.315  5.819 0.4000000060
11380  -25.805  -68.352  14.208 0.6000000238
11381  -26.669  -67.952  14.257 0.6000000238
16659  -31.007  -62.358  4.357 0.4000000060
139917  -29.266  -69.550  15.186 0.6000000238
11401  -28.274  -68.230  13.624 0.6999999881
11384  -32.444  -68.927  14.188 0.6000000238
12094  -32.329  -68.024  14.612 0.6000000238
11402  -32.783  -68.354  13.900 0.5000000000
12126  -32.993  -67.123  13.104 0.5000000000
148506  -26.415  -64.218  15.255 0.6999999881
14966  -27.156  -63.805  15.611 0.6999999881
14952  -27.635  -63.268  16.381 0.6000000238
14938  -28.193  -63.150  17.818 0.6000000238
15739  -28.586  -62.464  17.797 0.6000000238
14920  -28.698  -63.217  18.271 0.6000000238
15727  -30.778  -62.644  18.883 0.6999999881
14922  -30.199  -63.381  18.731 0.6000000238
14150  -29.567  -64.069  18.715 0.6000000238
13590  -37.539  -64.977  6.092 0.5000000000
12853  -37.531  -65.735  5.230 0.5000000000
137126  -38.094  -65.363  4.201 0.5000000000
14151  -30.536  -64.175  18.644 0.6000000238
14924  -31.866  -63.345  18.654 0.5000000000
13595  -38.092  -64.841  5.093 0.5000000000
14347  -39.229  -64.040  3.349 0.5000000000
144241  -39.712  -63.281  2.903 0.4000000060
13450  -30.975  -65.758  17.844 0.6000000238
13432  -30.053  -65.813  18.318 0.6000000238
14153  -32.169  -64.058  18.301 0.5000000000
14313  -36.557  -64.743  6.962 0.5000000000
10626  -24.921  -69.230  16.572 0.6000000238
10614  -24.739  -68.598  17.295 0.4000000060
11327  -26.331  -68.415  17.533 0.6000000238
12040  -29.550  -67.525  17.862 0.6000000238
12723  -29.807  -66.742  18.065 0.6000000238
14173  -31.991  -64.826  17.810 0.6000000238
15091  -35.202  -63.447  5.206 0.4000000060
15092  -36.331  -63.293  5.395 0.4000000060
130007  -26.504  -68.302  15.832 0.5000000000
11347  -27.047  -68.723  16.971 0.5000000000
11328  -27.322  -68.577  17.652 0.6000000238
11329  -28.145  -68.539  17.783 0.6999999881
11330  -29.741  -68.383  17.391 0.6000000238
12041  -30.199  -67.345  17.488 0.6000000238
12725  -31.256  -66.258  17.126 0.6000000238
135691  -34.053  -63.721  4.938 0.5000000000
10643  -25.383  -68.785  15.413 0.6000000238
10627  -28.847  -69.347  16.706 0.6000000238
10616  -28.866  -68.963  17.392 0.6000000238
12735  -31.386  -66.660  16.403 0.6000000238
13466  -31.736  -65.989  16.442 0.6000000238
13467  -32.271  -65.401  16.459 0.6000000238
15099  -33.529  -63.258  3.987 0.4000000060
146517  -27.151  -68.210  15.150 0.5000000000
10644  -27.897  -69.041  16.316 0.6000000238
11348  -30.245  -68.985  16.731 0.6000000238
12743  -31.547  -67.090  15.724 0.6000000238
13478  -32.099  -65.810  15.731 0.6000000238
138673  -26.169  -68.067  14.941 0.6000000238
11382  -27.747  -68.168  14.386 0.6000000238
11366  -28.316  -68.991  15.289 0.6000000238
11367  -30.606  -69.268  16.072 0.6000000238
144453  -30.816  -68.676  16.323 0.6000000238
11368  -31.017  -69.439  15.404 0.6000000238
10647  -30.615  -69.739  15.073 0.6000000238
12767  -32.494  -66.461  13.598 0.5000000000
152420  -32.613  -65.413  12.704 0.5000000000
14219  -26.889  -64.095  14.481 0.6999999881
152122  -27.040  -63.987  15.010 0.6999999881
146706  -27.728  -62.959  12.703 0.6999999881
127942  -28.009  -62.471  14.071 0.6999999881
147880  -27.902  -62.892  14.632 0.6999999881
15768  -28.193  -62.440  15.955 0.6999999881
141254  -28.530  -61.953  17.169 0.6000000238
16525  -29.306  -61.537  18.423 0.6000000238
16508  -30.857  -61.264  19.358 0.5000000000
16526  -30.460  -61.944  18.984 0.6999999881
15706  -31.317  -61.950  19.181 0.5000000000
15707  -32.307  -61.948  19.212 0.5000000000
138838  -32.448  -62.750  18.779 0.5000000000
15094  -37.993  -63.702  5.190 0.4000000060
15104  -38.634  -63.428  3.940 0.5000000000
131205  -39.069  -62.692  3.315 0.5000000000
15917  -39.722  -62.335  3.071 0.5000000000
16668  -40.024  -61.585  3.227 0.4000000060
15076  -36.798  -63.717  6.112 0.4000000060
15909  -38.280  -62.537  3.715 0.4000000060
14175  -33.575  -63.981  17.550 0.6000000238
13452  -32.418  -65.047  17.161 0.6000000238
151219  -33.379  -64.412  17.172 0.6000000238
14206  -32.631  -65.271  15.627 0.6000000238
14190  -33.099  -64.792  16.556 0.6000000238
12754  -31.906  -67.213  15.033 0.6000000238
12744  -32.002  -66.354  15.120 0.6000000238
14208  -34.236  -64.406  15.131 0.6000000238
12076  -31.719  -68.044  15.414 0.6000000238
14221  -32.751  -65.176  14.763 0.5000000000
129053  -32.236  -66.831  14.404 0.6000000238
13487  -32.371  -65.801  14.282 0.5000000000
13496  -32.537  -65.601  13.354 0.5000000000
16592  -27.544  -62.374  12.436 0.6999999881
16581  -27.870  -61.642  13.795 0.6999999881
16556  -28.349  -61.117  15.127 0.6999999881
15784  -28.259  -62.198  14.988 0.6999999881
16544  -28.502  -61.033  16.016 0.6000000238
15752  -28.452  -61.811  16.422 0.6999999881
16605  -26.954  -61.776  11.939 0.6999999881
17400  -27.332  -60.814  13.773 0.6999999881
17381  -27.924  -60.937  14.396 0.6000000238
17362  -28.233  -60.293  15.729 0.6000000238
16507  -29.951  -61.254  19.058 0.5000000000
17429  -25.909  -60.848  10.849 0.6999999881
17407  -26.420  -60.913  12.587 0.6999999881
17310  -31.194  -60.422  19.619 0.5000000000
18238  -25.280  -59.942  10.510 0.6999999881
16509  -31.766  -61.210  19.458 0.5000000000
18237  -24.802  -59.225  10.208 0.6000000238
19045  -24.188  -58.381  9.909 0.6000000238
146553  -23.536  -58.287  8.786 0.6000000238
19072  -22.033  -58.148  7.904 0.5000000000
19795  -21.762  -57.621  10.698 0.5000000000
16667  -38.129  -61.388  3.434 0.4000000060
136169  -39.590  -60.956  3.420 0.4000000060
14223  -34.271  -64.322  14.210 0.6000000238
17347  -28.372  -60.386  16.563 0.5000000000
16524  -28.763  -61.038  17.854 0.5000000000
148790  -26.722  -60.691  13.302 0.6000000238
17380  -27.337  -60.210  14.408 0.6000000238
127402  -27.716  -59.823  15.611 0.6000000238
17346  -27.823  -59.736  16.489 0.6000000238
18124  -29.082  -60.009  18.975 0.5000000000
17309  -29.790  -60.407  19.295 0.5000000000
18125  -30.388  -60.007  19.635 0.5000000000
17406  -25.678  -60.247  12.248 0.6999999881
134295  -26.029  -60.246  13.132 0.6000000238
17379  -26.555  -59.909  14.625 0.6000000238
17345  -26.698  -59.693  16.114 0.6000000238
18161  -26.819  -59.413  17.183 0.6000000238
139595  -31.718  -59.735  19.628 0.5000000000
18220  -25.089  -59.560  11.780 0.6999999881
18210  -25.186  -59.716  12.785 0.6000000238
140594  -24.671  -60.155  14.790 0.6000000238
17358  -24.884  -60.155  15.448 0.6000000238
18160  -25.682  -59.561  17.013 0.6000000238
18209  -24.608  -59.032  12.132 0.6000000238
141412  -24.326  -59.360  13.079 0.6000000238
135248  -23.710  -59.612  13.814 0.6000000238
17343  -24.150  -60.160  16.171 0.6000000238
19014  -24.194  -58.462  11.640 0.6000000238
151917  -23.294  -58.528  12.555 0.6000000238
18195  -22.861  -59.318  13.916 0.6000000238
151984  -23.163  -60.044  15.425 0.6000000238
19013  -23.581  -58.149  11.755 0.5000000000
19024  -22.958  -57.639  10.911 0.5000000000
19012  -22.571  -58.155  12.273 0.5000000000
19006  -22.686  -58.716  13.200 0.6000000238
18169  -22.582  -59.609  15.469 0.6000000238
18330  -38.932  -60.004  3.891 0.4000000060
19059  -20.399  -58.483  8.431 0.5000000000
19023  -21.967  -57.836  11.653 0.5000000000
140768  -21.940  -58.419  13.166 0.6000000238
18168  -21.793  -59.035  14.991 0.6000000238
19810  -19.808  -57.526  9.881 0.5000000000
145801  -20.793  -57.562  12.313 0.5000000000
19794  -21.111  -57.679  11.605 0.4000000060
19004  -21.291  -58.199  13.585 0.5000000000
18981  -21.479  -58.370  15.174 0.6000000238
18137  -28.485  -59.578  18.617 0.6000000238
18123  -28.924  -59.236  19.246 0.5000000000
134182  -30.265  -59.319  19.691 0.5000000000
18136  -27.671  -59.050  18.375 0.6000000238
18942  -28.616  -58.471  19.348 0.5000000000
153219  -31.370  -59.135  19.639 0.5000000000
18147  -25.971  -59.046  17.695 0.6999999881
18954  -27.006  -58.412  18.517 0.6999999881
18159  -24.586  -59.684  16.833 0.6000000238
18965  -25.439  -58.438  17.880 0.6999999881
18158  -23.647  -59.680  16.557 0.6000000238
18964  -24.642  -58.452  17.529 0.6999999881
18974  -23.334  -58.988  16.799 0.6000000238
19735  -24.382  -57.819  17.494 0.6999999881
18973  -22.577  -58.626  16.355 0.6000000238
128404  -23.872  -57.518  17.141 0.6999999881
19809  -18.891  -57.734  9.690 0.5000000000
19793  -20.414  -57.293  11.219 0.5000000000
19003  -20.779  -57.692  13.122 0.4000000060
19758  -21.000  -57.648  14.600 0.6000000238
19750  -21.898  -58.119  15.881 0.6000000238
19792  -19.374  -57.036  10.209 0.5000000000
19780  -20.470  -57.186  12.446 0.4000000060
19757  -20.589  -57.097  13.989 0.5000000000
18944  -30.687  -58.705  19.720 0.5000000000
138586  -30.187  -57.992  19.735 0.5000000000
18941  -27.774  -58.274  18.990 0.6000000238
19719  -28.457  -57.158  19.485 0.5000000000
20427  -30.236  -56.354  19.461 0.5000000000
145572  -26.479  -57.912  18.517 0.6999999881
18953  -25.854  -57.759  18.275 0.6999999881
19736  -25.093  -57.601  17.868 0.6000000238
20455  -23.333  -57.163  16.591 0.6999999881
20446  -24.559  -57.059  17.405 0.6000000238
19749  -21.402  -57.476  15.314 0.6000000238
20465  -23.454  -56.454  16.071 0.6000000238
20503  -20.376  -56.385  11.616 0.5000000000
20494  -20.695  -56.356  13.768 0.4000000060
20476  -21.728  -56.516  15.250 0.6000000238
153115  -20.452  -55.643  11.389 0.4000000060
21229  -20.621  -55.815  12.435 0.4000000060
21230  -21.228  -55.266  13.308 0.5000000000
21209  -21.342  -55.921  14.445 0.5000000000
20424  -27.928  -56.493  19.254 0.6000000238
20425  -28.738  -56.376  19.452 0.5000000000
20438  -27.084  -56.704  18.870 0.6000000238
21140  -28.301  -55.637  19.028 0.5000000000
21155  -26.872  -55.908  18.377 0.6000000238
21176  -26.592  -55.623  17.512 0.6000000238
141303  -27.262  -55.376  17.839 0.5000000000
21175  -25.777  -55.918  17.183 0.6000000238
21187  -24.816  -55.881  15.963 0.6999999881
21188  -25.631  -55.711  16.141 0.5000000000
21199  -23.548  -55.806  15.430 0.6000000238
21210  -22.523  -55.589  14.911 0.5000000000
21978  -21.536  -54.420  12.455 0.4000000060
21963  -22.853  -54.775  14.154 0.5000000000
23466  -18.310  -52.272  16.279 0.4000000060
23467  -19.416  -52.177  16.392 0.3000000119
24227  -19.083  -51.309  16.100 0.4000000060
134985  -28.933  -55.134  18.843 0.5000000000
24241  -18.415  -51.288  15.387 0.3000000119
24242  -18.796  -50.911  15.657 0.4000000060
21177  -27.446  -55.212  16.857 0.5000000000
21156  -28.488  -55.008  18.341 0.5000000000
23499  -18.647  -52.362  13.859 0.3000000119
25089  -18.838  -50.442  15.090 0.4000000060
21190  -27.370  -55.163  15.925 0.5000000000
23500  -19.491  -52.385  13.009 0.3000000119
21201  -25.488  -55.391  15.220 0.6000000238
21212  -24.927  -55.046  14.696 0.6999999881
21213  -25.687  -54.968  14.748 0.6000000238
21980  -23.005  -54.125  13.600 0.5000000000
21965  -24.336  -54.472  14.330 0.5000000000
21964  -23.583  -54.468  14.148 0.4000000060
22727  -25.197  -53.508  14.470 0.4000000060
22701  -20.426  -53.351  16.896 0.3000000119
23468  -20.709  -52.311  16.643 0.3000000119
24228  -19.906  -51.424  16.263 0.3000000119
25077  -20.017  -50.521  16.013 0.3000000119
25090  -19.182  -50.282  15.508 0.4000000060
21923  -28.907  -54.599  17.341 0.5000000000
24252  -19.031  -50.588  14.271 0.4000000060
130145  -19.218  -49.638  15.069 0.4000000060
21941  -28.730  -54.465  16.329 0.5000000000
141401  -19.708  -51.020  13.449 0.4000000060
25103  -19.699  -50.032  13.726 0.4000000060
21202  -26.883  -55.137  15.434 0.5000000000
21953  -28.322  -54.326  15.715 0.5000000000
24267  -20.541  -51.533  12.701 0.4000000060
21951  -26.965  -54.643  14.995 0.5000000000
21966  -25.287  -54.375  14.478 0.5000000000
22712  -26.772  -53.939  14.840 0.5000000000
22749  -22.276  -53.225  12.631 0.3000000119
23502  -23.355  -52.741  13.540 0.4000000060
22726  -24.437  -53.676  14.189 0.4000000060
22728  -25.941  -53.750  14.627 0.4000000060
146397  -21.308  -53.938  17.549 0.3000000119
25971  -20.412  -49.712  15.825 0.4000000060
25984  -19.859  -48.877  15.250 0.4000000060
151046  -31.943  -53.484  17.986 0.4000000060
26849  -19.858  -48.314  14.695 0.4000000060
22691  -31.270  -53.351  17.537 0.4000000060
26002  -19.523  -49.159  14.197 0.4000000060
25994  -19.701  -48.588  14.435 0.4000000060
21942  -29.480  -54.073  16.652 0.4000000060
26867  -20.092  -48.291  13.851 0.4000000060
22714  -28.492  -53.606  15.678 0.5000000000
25104  -20.804  -50.067  13.070 0.4000000060
24269  -21.972  -51.247  12.395 0.3000000119
22713  -27.653  -53.991  15.232 0.5000000000
23491  -23.783  -52.247  14.039 0.3000000119
24215  -21.751  -52.192  17.023 0.3000000119
24230  -21.937  -51.300  16.805 0.3000000119
25078  -21.163  -50.561  16.296 0.3000000119
132877  -21.327  -49.857  16.177 0.4000000060
25972  -20.854  -49.029  15.735 0.4000000060
27746  -20.570  -47.087  14.694 0.3000000119
25985  -20.172  -48.132  15.030 0.4000000060
141324  -33.275  -53.173  18.237 0.4000000060
23450  -34.490  -52.508  18.231 0.4000000060
27762  -20.375  -46.625  14.140 0.4000000060
23459  -31.429  -52.578  17.515 0.4000000060
22703  -29.643  -53.483  16.467 0.4000000060
26004  -21.072  -49.081  13.210 0.3000000119
22715  -29.139  -53.241  16.032 0.4000000060
25112  -21.563  -50.677  12.586 0.3000000119
26005  -21.939  -49.534  12.817 0.3000000119
25106  -22.992  -50.757  13.344 0.3000000119
23493  -25.559  -52.884  14.794 0.4000000060
153588  -22.970  -52.349  18.390 0.3000000119
139930  -21.928  -49.462  16.388 0.4000000060
26839  -22.388  -47.779  16.254 0.4000000060
27733  -21.471  -47.215  15.507 0.4000000060
128424  -35.733  -50.749  17.098 0.4000000060
24205  -34.055  -51.790  18.460 0.4000000060
132342  -20.611  -46.068  14.300 0.4000000060
24221  -32.117  -52.224  17.980 0.4000000060
27770  -20.280  -47.364  13.912 0.4000000060
22704  -30.178  -53.050  16.679 0.4000000060
24220  -31.523  -51.892  17.678 0.4000000060
26868  -20.866  -47.949  13.434 0.3000000119
24235  -30.261  -52.361  16.794 0.4000000060
26006  -22.287  -48.988  13.146 0.3000000119
23483  -28.608  -52.862  15.801 0.5000000000
25105  -22.372  -50.085  12.904 0.3000000119
25995  -22.985  -49.824  13.582 0.3000000119
24247  -28.261  -52.088  15.973 0.5000000000
24253  -24.325  -51.784  14.583 0.3000000119
23481  -26.848  -52.460  15.458 0.4000000060
23503  -23.982  -52.967  14.030 0.4000000060
24217  -23.160  -51.613  17.941 0.3000000119
28661  -21.443  -45.472  15.175 0.3000000119
28660  -20.839  -45.378  14.320 0.3000000119
140592  -35.119  -51.059  18.126 0.4000000060
28681  -20.657  -45.860  13.903 0.3000000119
132372  -33.030  -51.771  18.411 0.4000000060
139287  -34.477  -51.059  18.441 0.3000000119
28682  -21.246  -45.962  13.540 0.3000000119
25070  -31.143  -51.284  17.621 0.4000000060
135169  -32.857  -50.732  18.629 0.4000000060
139815  -23.250  -48.028  14.110 0.3000000119
24233  -28.792  -51.378  16.459 0.4000000060
25097  -23.586  -50.550  14.203 0.3000000119
25092  -25.142  -50.432  15.508 0.3000000119
24244  -25.537  -51.362  15.482 0.3000000119
24231  -27.055  -51.150  16.171 0.3000000119
29543  -20.874  -44.971  14.015 0.3000000119
30468  -21.886  -43.850  14.566 0.3000000119
135600  -21.498  -45.239  13.632 0.3000000119
25055  -34.159  -50.422  18.649 0.3000000119
24204  -32.042  -51.273  18.164 0.4000000060
25054  -33.506  -50.148  18.828 0.4000000060
27764  -24.094  -46.941  14.602 0.3000000119
24218  -30.285  -51.402  17.093 0.4000000060
25052  -31.450  -50.520  18.098 0.4000000060
141973  -23.887  -48.827  14.627 0.3000000119
25986  -24.486  -49.609  15.132 0.3000000119
25080  -26.511  -50.624  16.143 0.3000000119
26850  -24.828  -47.749  15.187 0.3000000119
25069  -30.645  -50.563  17.604 0.3000000119
25943  -31.763  -49.766  18.546 0.3000000119
132125  -24.695  -48.693  15.200 0.3000000119
25083  -29.039  -50.494  16.903 0.3000000119
25093  -25.890  -50.075  15.974 0.3000000119
25082  -28.175  -50.467  16.631 0.3000000119
28663  -25.095  -45.963  15.179 0.3000000119
29548  -26.481  -45.243  15.574 0.3000000119
27749  -25.625  -47.476  15.493 0.3000000119
140189  -30.180  -49.845  17.633 0.3000000119
132595  -26.349  -47.054  15.641 0.3000000119
142881  -27.092  -45.964  15.732 0.3000000119
24254  -25.118  -52.025  15.004 0.4000000060
23501  -22.989  -51.804  13.256 0.3000000119
142390  -24.089  -51.083  14.623 0.3000000119
141129  -28.761  -73.205  2.711 0.6000000238
145622  -28.971  -75.161  2.237 0.5000000000
6938  -28.118  -75.944  1.935 0.5000000000
6371  -27.221  -75.883  1.572 0.5000000000
6940  -29.444  -75.624  2.505 0.5000000000
133372  -27.607  -71.767  1.748 0.6999999881
9379  -29.344  -70.908  2.640 0.6999999881
9377  -26.029  -71.327  1.724 0.6999999881
8137  -26.262  -73.123  1.424 0.6999999881
6934  -31.572  -76.537  3.453 0.4000000060
8739  -25.347  -72.518  1.968 0.6999999881
8114  -31.589  -73.622  4.537 0.5000000000
7550  -39.900  -73.619  5.076 0.3000000119
8723  -32.971  -72.941  4.199 0.5000000000
9374  -34.546  -72.041  2.583 0.3000000119
11555  -30.734  -67.754  1.610 0.6000000238
10827  -29.376  -68.351  1.700 0.6000000238
12227  -31.228  -67.546  1.714 0.5000000000
11513  -27.748  -67.820  5.653 0.6000000238
10822  -26.779  -69.540  1.997 0.6999999881
10058  -26.959  -69.480  3.514 0.6000000238
151208  -25.911  -71.318  2.526 0.6999999881
8732  -30.549  -72.460  4.061 0.5000000000
8113  -30.900  -73.362  4.357 0.6000000238
7567  -30.217  -74.781  3.254 0.5000000000
135777  -26.162  -72.083  3.523 0.6000000238
8123  -25.080  -72.997  2.691 0.6999999881
153294  -27.421  -73.555  6.279 0.5000000000
133636  -25.230  -73.271  3.712 0.5000000000
7563  -39.198  -73.869  4.787 0.3000000119
8688  -27.613  -72.729  8.492 0.6000000238
7545  -24.539  -74.363  5.051 0.5000000000
10043  -36.619  -70.985  5.031 0.3000000119
9381  -31.305  -70.972  2.861 0.5000000000
8727  -39.674  -72.599  4.636 0.3000000119
7537  -24.766  -74.466  5.992 0.5000000000
12220  -33.831  -67.189  1.561 0.4000000060
7521  -41.097  -74.390  7.842 0.3000000119
10007  -31.783  -70.245  8.719 0.6000000238
132652  -28.308  -68.103  11.103 0.6999999881
10728  -30.190  -69.523  10.905 0.6000000238
9950  -31.504  -70.175  12.348 0.6000000238
10745  -34.104  -69.949  9.084 0.6000000238
12175  -36.270  -67.160  7.368 0.5000000000
12222  -36.499  -66.803  1.465 0.4000000060
11465  -35.266  -68.514  9.468 0.6000000238
12161  -35.650  -67.084  9.006 0.5000000000
10714  -34.371  -68.988  11.322 0.6000000238
11399  -26.206  -68.236  13.431 0.6000000238
10657  -28.715  -69.009  14.437 0.6999999881
14169  -24.757  -64.910  17.359 0.6000000238
12852  -36.942  -66.513  5.802 0.4000000060
15075  -35.802  -63.730  6.142 0.4000000060
15904  -31.822  -62.935  4.184 0.4000000060
13527  -32.567  -65.124  10.657 0.4000000060
9926  -25.945  -70.163  14.057 0.6000000238
14189  -26.156  -64.408  16.698 0.6000000238
142818  -26.583  -65.766  18.508 0.6000000238
142696  -25.651  -67.607  18.362 0.5000000000
14152  -31.349  -64.546  18.332 0.6000000238
12038  -24.833  -68.004  17.997 0.4000000060
140896  -29.692  -69.680  15.661 0.5000000000
148634  -35.130  -62.690  3.784 0.5000000000
12057  -30.617  -67.955  16.794 0.6000000238
10645  -28.985  -69.554  15.961 0.5000000000
18254  -24.352  -59.152  9.072 0.6000000238
133874  -20.767  -57.596  10.456 0.5000000000
18148  -27.625  -59.515  17.535 0.5000000000
135317  -25.588  -60.012  14.569 0.6000000238
17359  -26.016  -59.922  15.348 0.6000000238
18135  -26.870  -59.042  18.023 0.6000000238
18208  -23.965  -58.719  12.377 0.6000000238
134247  -28.941  -57.827  19.608 0.5000000000
20457  -24.987  -56.260  16.874 0.6000000238
145321  -20.208  -56.956  11.155 0.5000000000
21200  -24.502  -55.537  15.260 0.6000000238
23479  -17.781  -52.006  15.720 0.3000000119
133940  -27.699  -55.432  18.404 0.5000000000
22737  -22.476  -53.765  13.057 0.3000000119
21925  -30.720  -54.038  17.828 0.4000000060
21924  -29.854  -54.231  17.563 0.4000000060
22739  -23.694  -53.371  13.815 0.4000000060
22750  -22.638  -52.613  12.894 0.3000000119
140758  -27.107  -53.293  15.206 0.5000000000
23448  -32.779  -52.691  18.179 0.4000000060
24216  -22.567  -51.937  17.526 0.3000000119
26869  -21.661  -47.882  13.228 0.3000000119
24234  -29.622  -51.892  16.572 0.4000000060
23480  -25.972  -52.211  15.303 0.3000000119
27772  -21.852  -46.983  13.313 0.3000000119
24246  -27.381  -51.867  15.844 0.4000000060
25067  -23.552  -50.793  17.964 0.3000000119
149631  -23.226  -46.155  14.006 0.3000000119
25068  -29.839  -50.538  17.225 0.4000000060
27748  -24.887  -46.806  15.115 0.3000000119
5668  -21.741  -77.493  10.070 0.5000000000
6282  -21.780  -76.587  8.749 0.5000000000
6283  -22.381  -76.140  8.542 0.5000000000
6897  -23.133  -75.496  7.298 0.4000000060
5097  -22.094  -77.881  10.786 0.5000000000
5669  -22.415  -77.210  10.410 0.5000000000
6267  -22.169  -76.794  9.640 0.5000000000
6284  -22.982  -75.795  8.816 0.5000000000
6881  -23.425  -75.362  8.119 0.5000000000
137351  -24.290  -74.770  6.652 0.4000000060
5654  -22.745  -77.566  11.114 0.4000000060
5670  -23.092  -76.935  10.718 0.5000000000
6863  -23.703  -75.404  8.798 0.5000000000
132651  -24.711  -74.721  7.410 0.4000000060
6238  -23.775  -76.622  11.049 0.5000000000
6253  -23.469  -76.287  10.221 0.5000000000
6252  -22.781  -76.682  10.119 0.5000000000
6254  -24.260  -76.078  10.628 0.5000000000
6864  -24.387  -75.347  9.299 0.5000000000
6851  -24.751  -75.582  10.163 0.5000000000
6883  -25.148  -74.919  8.798 0.5000000000
131842  -25.917  -74.655  8.317 0.4000000060
5656  -24.044  -76.958  11.847 0.5000000000
139060  -25.470  -75.282  10.486 0.5000000000
7516  -25.928  -74.773  9.166 0.5000000000
7529  -26.683  -74.372  7.913 0.5000000000
6825  -25.823  -76.136  14.202 0.5000000000
6224  -24.656  -76.596  12.245 0.5000000000
6225  -25.227  -76.246  12.675 0.5000000000
134287  -25.686  -75.377  11.399 0.5000000000
153349  -26.276  -74.869  11.430 0.5000000000
6853  -26.120  -74.889  10.770 0.5000000000
137614  -26.560  -74.442  9.512 0.5000000000
7518  -27.176  -73.992  8.432 0.5000000000
6836  -26.240  -75.313  12.924 0.5000000000
7474  -26.646  -74.925  13.442 0.5000000000
8037  -27.349  -73.528  13.766 0.5000000000
7492  -26.718  -74.497  11.894 0.5000000000
132491  -27.358  -73.657  13.057 0.5000000000
135018  -27.509  -73.030  13.097 0.5000000000
7500  -26.693  -74.398  11.095 0.5000000000
7493  -27.263  -73.775  11.596 0.5000000000
135131  -27.570  -72.929  11.627 0.5000000000
7501  -27.175  -73.840  10.641 0.5000000000
8055  -27.474  -73.240  10.971 0.5000000000
7508  -27.123  -73.938  9.788 0.5000000000
143461  -27.420  -73.435  9.072 0.5000000000
8695  -27.640  -73.014  7.675 0.5000000000
9255  -26.219  -71.468  15.605 0.5000000000
128714  -26.125  -70.072  13.296 0.6000000238
8657  -27.308  -72.269  13.087 0.5000000000
138004  -27.489  -72.573  12.352 0.5000000000
9280  -26.938  -71.528  13.099 0.5000000000
8664  -27.465  -72.086  11.560 0.5000000000
9299  -27.122  -71.310  11.519 0.5000000000
8678  -27.590  -72.499  9.374 0.5000000000
135901  -27.446  -71.613  9.621 0.5000000000
9254  -25.605  -70.690  16.048 0.5000000000
9917  -25.767  -70.362  15.034 0.5000000000
139893  -26.130  -69.510  12.732 0.6000000238
13507  -23.113  -65.342  12.714 0.5000000000
14229  -23.560  -64.871  14.030 0.6000000238
13517  -24.451  -64.919  11.635 0.5000000000
14247  -24.472  -64.781  12.650 0.5000000000
149531  -24.242  -64.603  14.225 0.6000000238
129868  -25.248  -64.565  13.107 0.6000000238
132333  -26.284  -64.494  12.881 0.6000000238
137835  -26.809  -64.445  12.117 0.5000000000
14231  -25.867  -64.459  13.584 0.6000000238
14249  -27.022  -64.291  12.758 0.6000000238
15022  -27.542  -63.824  10.774 0.5000000000
14250  -27.374  -64.115  12.210 0.6000000238
14975  -27.380  -63.742  13.878 0.6000000238
15839  -27.423  -63.133  10.387 0.5000000000
15811  -27.682  -63.113  12.025 0.5000000000
16615  -26.226  -61.350  10.166 0.5000000000
17428  -25.630  -60.537  10.082 0.6000000238
18270  -24.301  -59.742  8.676 0.6000000238
17453  -24.910  -60.639  8.350 0.5000000000
129100  -26.525  -61.611  10.998 0.6000000238
15826  -27.228  -62.428  11.060 0.5000000000
18255  -25.101  -59.830  9.594 0.5000000000
18269  -23.094  -58.744  8.285 0.6000000238
18253  -23.590  -58.875  8.482 0.6000000238
19061  -22.754  -57.781  8.472 0.6000000238
9354  -40.217  -71.796  4.775 0.3000000119
10032  -40.181  -70.482  6.196 0.3000000119
9353  -38.364  -72.050  5.469 0.3000000119
11492  -40.278  -68.455  7.551 0.3000000119
9352  -37.458  -71.454  5.693 0.3000000119
8712  -38.707  -72.738  4.534 0.3000000119
129582  -25.835  -74.538  7.282 0.4000000060
8670  -27.539  -72.514  10.849 0.5000000000
9948  -26.708  -70.666  11.913 0.5000000000
13486  -22.925  -65.264  14.678 0.5000000000
6882  -24.298  -74.997  8.282 0.4000000060
151269  -25.165  -74.720  8.027 0.5000000000
6852  -24.970  -75.794  10.975 0.5000000000
6214  -25.295  -76.548  13.542 0.5000000000
6843  -25.692  -75.649  12.342 0.5000000000
6817  -26.315  -75.496  14.870 0.5000000000
7475  -27.085  -74.281  13.464 0.5000000000
7485  -27.170  -74.066  12.522 0.5000000000
9288  -27.154  -71.622  12.323 0.5000000000
9344  -39.191  -71.659  5.630 0.3000000119
10775  -38.669  -69.719  6.989 0.3000000119
10777  -40.139  -69.228  7.276 0.3000000119
142214  -39.208  -70.951  6.377 0.3000000119
10019  -39.300  -70.210  6.887 0.3000000119
11491  -39.407  -68.714  7.462 0.3000000119
25944  -32.664  -49.778  18.844 0.3000000119
5087  -22.468  -78.297  11.538 0.4000000060
5655  -23.398  -77.263  11.445 0.5000000000
5684  -21.379  -77.203  9.325 0.5000000000
5747  -25.554  -77.635  2.541 0.5000000000
6239  -24.471  -76.338  11.417 0.5000000000
6240  -25.105  -75.990  11.828 0.5000000000
6268  -23.559  -75.769  9.449 0.5000000000
6269  -24.083  -75.805  9.944 0.5000000000
6291  -39.510  -76.307  8.244 0.3000000119
6298  -22.729  -75.796  8.011 0.5000000000
6309  -39.697  -75.844  7.668 0.3000000119
6321  -37.008  -76.912  6.302 0.3000000119
6362  -25.549  -76.981  1.707 0.5000000000
6364  -27.769  -76.444  2.150 0.6000000238
6366  -29.311  -76.035  2.518 0.5000000000
6369  -25.484  -76.304  1.423 0.6000000238
6826  -26.297  -75.452  13.833 0.5000000000
6835  -25.783  -75.912  13.251 0.5000000000
6844  -26.212  -75.087  12.087 0.5000000000
6865  -25.285  -75.137  9.650 0.5000000000
6866  -26.001  -74.853  9.978 0.5000000000
6898  -23.864  -75.028  7.409 0.5000000000
6939  -28.727  -75.618  2.146 0.5000000000
7463  -26.757  -74.829  14.215 0.5000000000
7464  -27.122  -74.108  14.431 0.5000000000
7484  -26.689  -74.706  12.708 0.5000000000
7507  -26.618  -74.418  10.295 0.5000000000
7517  -26.586  -74.409  8.738 0.5000000000
7519  -40.116  -75.210  8.185 0.3000000119
7520  -40.574  -74.872  7.855 0.3000000119
7531  -40.634  -74.831  7.311 0.3000000119
7548  -38.205  -74.707  4.961 0.3000000119
7553  -25.092  -73.784  4.455 0.5000000000
7557  -33.729  -74.928  4.742 0.5000000000
7560  -37.142  -74.550  4.173 0.4000000060
7568  -30.973  -75.604  3.271 0.4000000060
7570  -36.992  -74.105  3.702 0.4000000060
7571  -24.436  -74.392  1.949 0.5000000000
7572  -28.280  -74.804  1.911 0.5000000000
7573  -29.508  -75.034  2.578 0.5000000000
7575  -26.205  -74.735  1.244 0.5000000000
7577  -27.422  -74.522  1.536 0.6000000238
8048  -27.471  -73.349  12.384 0.5000000000
8063  -27.529  -73.120  10.122 0.5000000000
8078  -27.478  -73.434  8.238 0.5000000000
8093  -27.256  -73.995  6.680 0.5000000000
8102  -25.888  -73.737  5.046 0.5000000000
8103  -27.342  -73.322  5.670 0.5000000000
8117  -35.360  -74.127  3.720 0.4000000060
8118  -36.862  -73.343  3.816 0.4000000060
8120  -38.165  -73.568  4.186 0.4000000060
8121  -39.429  -73.165  4.517 0.3000000119
8124  -25.657  -72.737  3.555 0.6000000238
8126  -30.175  -73.606  3.945 0.6000000238
8128  -34.876  -73.380  3.297 0.4000000060
8131  -24.666  -73.653  2.359 0.6000000238
8647  -27.360  -72.747  13.831 0.5000000000
8702  -27.629  -72.947  6.238 0.5000000000
8711  -37.553  -72.410  5.006 0.4000000060
8720  -26.931  -72.164  4.376 0.6000000238
8724  -35.585  -72.150  3.613 0.3000000119
8726  -38.803  -73.112  4.353 0.3000000119
8733  -31.506  -72.161  4.023 0.5000000000
8741  -28.204  -72.459  2.221 0.6999999881
8744  -25.763  -72.261  1.674 0.6999999881
9279  -26.518  -70.981  13.580 0.6000000238
9309  -27.279  -71.422  10.635 0.6000000238
9328  -27.377  -71.118  8.118 0.6999999881
9343  -38.370  -71.244  6.201 0.3000000119
9345  -39.945  -71.209  5.560 0.3000000119
9369  -25.976  -70.802  2.006 0.6999999881
9373  -32.988  -71.701  2.442 0.4000000060
9380  -30.401  -70.699  2.775 0.5000000000
9384  -34.180  -71.382  1.974 0.3000000119
9386  -26.770  -71.161  1.558 0.6999999881
9925  -25.499  -69.133  14.576 0.6000000238
9937  -26.544  -70.645  12.724 0.6000000238
9938  -31.269  -70.108  13.149 0.5000000000
9949  -30.605  -69.944  12.435 0.6000000238
9962  -26.439  -69.751  11.609 0.5000000000
9963  -26.782  -70.503  11.163 0.5000000000
9966  -32.617  -70.207  11.406 0.6000000238
9980  -32.020  -70.314  10.601 0.6000000238
9981  -32.737  -70.329  10.041 0.6000000238
9994  -31.928  -70.321  9.661 0.6000000238
9996  -33.445  -70.213  9.615 0.6000000238
10009  -33.559  -70.107  8.303 0.6000000238
10018  -32.913  -70.144  7.654 0.6000000238
10031  -38.558  -70.457  6.656 0.3000000119
10051  -27.098  -70.459  4.144 0.6000000238
10053  -36.869  -69.941  4.476 0.3000000119
10059  -35.358  -70.716  2.443 0.3000000119
10061  -26.419  -70.108  2.171 0.6999999881
10064  -30.471  -69.824  2.049 0.6000000238
10067  -33.395  -70.443  1.553 0.4000000060
10070  -35.856  -69.810  1.929 0.3000000119
10073  -27.885  -69.575  1.767 0.6999999881
10076  -31.821  -69.360  1.413 0.4000000060
10615  -28.036  -69.054  17.189 0.6000000238
10617  -29.521  -69.190  16.962 0.6000000238
10628  -29.754  -69.506  16.278 0.5000000000
10646  -30.304  -69.630  15.633 0.5000000000
10659  -30.389  -69.903  14.465 0.6000000238
10660  -31.237  -69.736  14.584 0.6000000238
10661  -31.964  -69.443  14.266 0.6000000238
10675  -25.750  -69.064  13.499 0.6000000238
10676  -29.097  -69.111  13.690 0.6999999881
10677  -29.917  -69.750  13.635 0.6000000238
10678  -30.867  -70.058  13.836 0.6000000238
10680  -32.399  -69.504  13.641 0.6000000238
10694  -26.222  -69.148  12.097 0.6999999881
10709  -26.422  -68.914  11.452 0.6000000238
10711  -29.943  -69.408  11.742 0.6999999881
10712  -33.160  -69.855  12.003 0.6000000238
10726  -26.622  -69.213  10.218 0.6000000238
10729  -34.133  -69.840  10.021 0.6000000238
10730  -34.566  -69.206  10.460 0.6000000238
10755  -27.230  -69.161  7.771 0.6999999881
10760  -34.973  -69.179  8.377 0.6000000238
10771  -32.256  -70.002  7.012 0.6000000238
10776  -39.335  -69.483  7.251 0.3000000119
10784  -27.253  -68.954  6.751 0.6000000238
10787  -31.611  -69.684  6.283 0.5000000000
10788  -32.495  -69.760  6.264 0.5000000000
10792  -39.919  -69.846  6.962 0.3000000119
10802  -30.794  -69.193  5.680 0.5000000000
10826  -28.329  -68.647  1.844 0.6000000238
10828  -32.155  -68.420  1.247 0.4000000060
10831  -34.835  -69.947  1.462 0.4000000060
10832  -35.919  -69.086  1.336 0.4000000060
11313  -25.734  -68.214  17.958 0.6000000238
11345  -25.376  -68.678  16.295 0.5000000000
11346  -25.909  -68.391  16.500 0.5000000000
11349  -31.251  -68.826  15.766 0.6000000238
11365  -25.779  -68.372  15.512 0.6000000238
11379  -25.641  -68.426  14.865 0.6000000238
11383  -31.793  -68.979  14.953 0.6000000238
11400  -27.212  -67.919  13.519 0.6999999881
11420  -27.208  -68.067  12.065 0.6999999881
11452  -35.202  -68.149  10.117 0.6000000238
11487  -27.863  -67.896  7.397 0.6000000238
11506  -35.391  -68.377  6.311 0.5000000000
11514  -28.111  -67.572  5.649 0.6000000238
11516  -30.044  -68.542  5.057 0.5000000000
11517  -34.180  -68.754  5.011 0.5000000000
11518  -34.737  -68.718  5.651 0.5000000000
11524  -27.450  -67.924  4.457 0.6000000238
11526  -29.325  -67.845  4.408 0.5000000000
11530  -33.603  -68.568  4.253 0.4000000060
11538  -27.491  -67.821  3.088 0.6000000238
11542  -32.369  -67.658  2.705 0.4000000060
11547  -28.323  -67.687  2.410 0.6000000238
11548  -31.890  -67.323  1.874 0.5000000000
11552  -38.056  -68.266  1.872 0.4000000060
11557  -32.518  -67.764  1.357 0.4000000060
11561  -36.470  -68.256  1.197 0.4000000060
12018  -24.029  -67.089  18.270 0.5000000000
12019  -24.721  -67.316  18.340 0.5000000000
12020  -26.488  -67.550  18.444 0.5000000000
12021  -27.302  -67.548  18.420 0.6999999881
12022  -28.163  -67.707  18.271 0.6000000238
12035  -22.602  -67.090  17.360 0.5000000000
12037  -24.055  -67.706  18.039 0.5000000000
12039  -28.942  -68.119  17.943 0.6000000238
12058  -31.230  -68.011  16.114 0.6000000238
12112  -32.708  -67.497  13.849 0.5000000000
12144  -34.578  -67.471  11.140 0.6000000238
12145  -35.036  -67.500  10.397 0.6000000238
12186  -35.886  -67.744  5.716 0.5000000000
12200  -27.753  -67.492  3.753 0.6000000238
12207  -27.927  -67.474  2.939 0.5000000000
12209  -28.662  -67.402  3.748 0.5000000000
12215  -39.308  -67.372  2.072 0.4000000060
12217  -29.059  -67.387  2.766 0.5000000000
12218  -29.822  -67.482  2.217 0.5000000000
12226  -30.277  -67.547  1.911 0.5000000000
12230  -34.968  -67.544  1.086 0.4000000060
12706  -23.653  -66.512  18.135 0.5000000000
12708  -25.253  -66.697  18.524 0.5000000000
12710  -27.969  -66.576  18.595 0.6000000238
12721  -22.541  -66.233  17.119 0.5000000000
12724  -30.549  -66.484  17.663 0.6000000238
12734  -30.864  -66.991  16.979 0.6000000238
12778  -32.625  -66.153  12.679 0.5000000000
12779  -33.239  -66.815  12.339 0.5000000000
12789  -33.426  -66.572  11.600 0.6000000238
12790  -34.163  -66.887  11.276 0.6000000238
12797  -33.601  -66.377  10.791 0.6000000238
12799  -35.128  -66.819  9.819 0.6000000238
12810  -34.239  -66.360  10.079 0.6000000238
12822  -35.692  -66.438  8.629 0.5000000000
12836  -36.428  -66.193  7.585 0.5000000000
12845  -36.714  -66.415  6.806 0.4000000060
12859  -36.964  -66.514  4.542 0.5000000000
12869  -40.170  -66.138  2.382 0.4000000060
13427  -23.986  -65.927  18.192 0.5000000000
13430  -28.312  -65.381  18.650 0.5000000000
13431  -29.172  -65.493  18.630 0.6000000238
13433  -30.674  -65.069  18.377 0.6000000238
13448  -25.253  -65.342  18.017 0.6000000238
13451  -31.744  -65.528  17.270 0.6000000238
13464  -22.710  -65.566  16.425 0.6000000238
13465  -23.326  -64.983  16.529 0.6000000238
13508  -23.751  -65.064  12.384 0.5000000000
13509  -32.647  -65.521  12.073 0.5000000000
13528  -32.766  -65.680  10.502 0.6000000238
13556  -34.088  -65.749  8.825 0.6000000238
13557  -35.239  -65.905  8.653 0.5000000000
13572  -32.565  -65.109  8.259 0.6000000238
13575  -35.567  -65.354  7.918 0.5000000000
13596  -38.414  -64.127  4.664 0.5000000000
13602  -38.775  -64.785  3.597 0.5000000000
13605  -39.898  -65.855  2.246 0.4000000060
14149  -27.682  -64.768  18.445 0.5000000000
14168  -23.813  -65.072  17.274 0.6000000238
14174  -32.832  -64.457  17.588 0.6000000238
14188  -25.289  -64.561  16.677 0.6000000238
14191  -34.094  -64.390  16.081 0.6000000238
14203  -23.699  -64.714  15.857 0.6000000238
14204  -24.476  -64.522  15.552 0.6000000238
14205  -25.415  -64.397  15.310 0.6999999881
14207  -33.320  -64.811  15.417 0.6000000238
14220  -26.751  -64.251  13.579 0.6000000238
14222  -33.403  -64.717  14.493 0.5000000000
14230  -25.039  -64.494  13.923 0.6999999881
14232  -27.391  -63.931  13.034 0.6000000238
14246  -23.641  -64.975  13.155 0.6000000238
14248  -25.658  -64.656  12.112 0.6000000238
14262  -26.522  -64.559  11.450 0.5000000000
14263  -27.246  -64.251  11.308 0.5000000000
14264  -32.689  -64.833  11.197 0.5000000000
14287  -32.478  -64.617  9.429 0.5000000000
14297  -32.371  -64.583  8.489 0.5000000000
14324  -32.848  -64.682  6.511 0.4000000060
14325  -33.923  -64.727  6.802 0.6000000238
14327  -36.277  -64.205  6.700 0.5000000000
14338  -31.735  -64.059  5.978 0.4000000060
14341  -37.761  -64.279  5.649 0.4000000060
14919  -28.005  -63.901  18.274 0.6000000238
14923  -31.053  -63.352  18.742 0.5000000000
14967  -27.826  -63.054  15.372 0.6999999881
14999  -27.601  -63.577  12.479 0.6000000238
15009  -27.617  -63.788  11.634 0.5000000000
15049  -32.428  -63.672  8.275 0.5000000000
15074  -34.646  -64.017  6.001 0.5000000000
15088  -31.204  -63.411  5.183 0.4000000060
15097  -31.648  -63.287  4.539 0.4000000060
15098  -32.425  -63.341  4.259 0.4000000060
15101  -35.679  -62.975  4.372 0.4000000060
15106  -40.476  -63.701  2.673 0.4000000060
15107  -41.011  -63.839  2.715 0.4000000060
15708  -33.160  -62.217  18.874 0.5000000000
15725  -29.248  -62.392  18.368 0.6999999881
15726  -29.993  -62.612  18.744 0.6999999881
15728  -31.617  -62.656  18.924 0.6000000238
15751  -28.152  -62.611  17.059 0.6000000238
15769  -28.424  -61.714  15.659 0.6999999881
15796  -27.699  -63.204  13.359 0.6000000238
15827  -27.617  -63.192  11.235 0.5000000000
15876  -31.083  -62.933  6.274 0.4000000060
15903  -30.296  -62.457  4.710 0.4000000060
15916  -38.690  -62.026  3.306 0.4000000060
16536  -28.532  -61.218  16.977 0.6999999881
16570  -28.194  -61.698  14.457 0.6999999881
16591  -27.276  -61.494  13.005 0.6999999881
16606  -27.466  -62.579  11.724 0.5000000000
16622  -25.885  -61.047  9.356 0.6000000238
17311  -32.173  -60.446  19.537 0.5000000000
17321  -28.535  -60.270  18.118 0.5000000000
17322  -29.235  -60.777  18.639 0.5000000000
17333  -28.199  -59.945  17.266 0.6000000238
17344  -25.272  -59.962  16.228 0.6000000238
17360  -27.129  -59.814  15.109 0.6000000238
17361  -27.964  -60.235  14.993 0.6000000238
17377  -23.864  -60.237  15.317 0.6000000238
17378  -24.957  -60.059  14.187 0.6000000238
17398  -25.579  -60.026  13.669 0.6000000238
17399  -26.526  -60.123  13.906 0.6000000238
17416  -25.502  -60.204  11.290 0.6999999881
17417  -26.113  -60.956  11.681 0.6999999881
17441  -24.885  -60.044  8.807 0.5000000000
17442  -25.391  -60.407  9.249 0.5000000000
17451  -22.908  -59.330  8.434 0.6000000238
17452  -24.503  -60.521  8.548 0.5000000000
17495  -38.723  -60.627  3.559 0.4000000060
17496  -39.528  -60.370  3.752 0.4000000060
18145  -24.129  -59.140  17.156 0.6000000238
18146  -25.025  -59.107  17.412 0.6000000238
18149  -28.071  -59.625  18.051 0.6000000238
18157  -22.815  -59.452  16.225 0.6000000238
18170  -23.263  -60.048  15.981 0.6000000238
18179  -22.394  -59.402  14.646 0.6000000238
18180  -23.190  -59.883  14.691 0.6000000238
18181  -24.184  -60.036  14.312 0.6000000238
18196  -23.493  -59.035  13.156 0.6000000238
18197  -24.773  -59.838  13.602 0.6000000238
18327  -38.886  -59.650  4.345 0.4000000060
18943  -29.594  -58.631  19.643 0.5000000000
18945  -31.502  -58.484  19.475 0.5000000000
18955  -28.253  -58.991  18.853 0.5000000000
18963  -23.895  -58.386  17.246 0.6999999881
18966  -26.238  -58.462  18.199 0.6999999881
18982  -22.064  -58.976  15.717 0.6000000238
18989  -20.812  -57.673  13.925 0.4000000060
18990  -21.317  -58.326  14.438 0.6000000238
19005  -21.945  -58.854  14.024 0.6000000238
19025  -23.948  -57.997  10.848 0.6000000238
19026  -24.604  -58.780  11.106 0.6000000238
19043  -21.406  -57.598  9.641 0.5000000000
19044  -22.462  -57.470  9.492 0.5000000000
19060  -21.808  -57.709  8.468 0.5000000000
19073  -22.899  -58.314  8.158 0.6000000238
19718  -27.730  -57.345  19.221 0.6000000238
19720  -29.203  -57.108  19.653 0.5000000000
19727  -26.411  -57.249  18.555 0.6999999881
19728  -27.048  -57.655  18.838 0.6999999881
19742  -22.617  -57.678  16.340 0.6000000238
19743  -23.243  -58.085  16.800 0.6999999881
19771  -20.550  -57.255  13.429 0.4000000060
19825  -20.605  -57.848  9.009 0.5000000000
20426  -29.549  -56.374  19.510 0.5000000000
20436  -25.787  -56.993  18.246 0.6999999881
20437  -26.413  -56.597  18.440 0.6000000238
20447  -25.325  -56.670  17.681 0.6000000238
20448  -26.059  -56.248  18.013 0.6000000238
20456  -24.129  -56.579  16.616 0.6000000238
20464  -22.128  -57.166  15.850 0.6000000238
20466  -24.124  -56.050  15.851 0.6000000238
20475  -20.948  -56.846  14.628 0.5000000000
20493  -20.461  -56.758  13.106 0.4000000060
20517  -19.718  -56.172  10.510 0.5000000000
21139  -27.523  -55.972  18.874 0.6000000238
21141  -29.149  -55.646  19.256 0.5000000000
21178  -27.990  -55.048  17.645 0.5000000000
21189  -26.561  -55.463  16.324 0.5000000000
21198  -22.692  -56.383  15.658 0.6000000238
21211  -23.810  -55.103  14.676 0.5000000000
21214  -26.291  -55.077  15.000 0.5000000000
21231  -21.953  -55.137  14.114 0.5000000000
21236  -20.614  -54.948  11.330 0.4000000060
21237  -21.100  -54.854  12.046 0.4000000060
21901  -29.297  -54.696  18.322 0.5000000000
21902  -30.148  -54.565  18.408 0.5000000000
21922  -28.265  -54.855  16.781 0.5000000000
21940  -28.031  -54.879  16.067 0.5000000000
21952  -27.585  -54.742  15.495 0.5000000000
21967  -26.196  -54.523  14.719 0.5000000000
21979  -22.132  -54.419  13.312 0.5000000000
21981  -23.702  -53.941  13.891 0.4000000060
22681  -32.610  -53.363  18.150 0.4000000060
22687  -20.659  -54.363  17.474 0.3000000119
22690  -30.323  -53.610  17.024 0.4000000060
22702  -29.040  -53.937  16.038 0.4000000060
22738  -23.026  -53.403  13.332 0.4000000060
23449  -33.628  -52.558  18.327 0.4000000060
23457  -21.526  -53.125  17.282 0.3000000119
23458  -30.762  -52.865  17.049 0.4000000060
23460  -32.030  -52.956  17.823 0.4000000060
23469  -29.047  -52.368  16.159 0.5000000000
23470  -29.676  -52.759  16.414 0.4000000060
23482  -27.808  -52.886  15.527 0.5000000000
23492  -24.635  -52.729  14.455 0.4000000060
23494  -26.375  -53.093  15.031 0.4000000060
24206  -34.858  -51.758  18.239 0.4000000060
24207  -35.414  -51.726  17.828 0.4000000060
24219  -30.902  -52.073  17.263 0.4000000060
24226  -18.467  -51.513  15.970 0.4000000060
24229  -20.962  -51.411  16.468 0.3000000119
24232  -27.810  -51.243  16.284 0.4000000060
24243  -24.709  -51.201  15.118 0.3000000119
24245  -26.453  -51.492  15.777 0.3000000119
24259  -20.370  -50.711  13.128 0.4000000060
24260  -22.398  -51.013  12.719 0.3000000119
24266  -19.793  -51.772  13.060 0.3000000119
25053  -32.174  -50.411  18.489 0.4000000060
25056  -34.738  -50.336  18.339 0.3000000119
25076  -19.286  -50.842  15.962 0.4000000060
25079  -22.048  -50.422  16.638 0.4000000060
25091  -19.566  -49.595  15.426 0.4000000060
25096  -19.238  -49.776  14.568 0.4000000060
25098  -24.265  -50.433  14.904 0.3000000119
25111  -20.960  -50.882  12.672 0.4000000060
25113  -22.033  -50.412  12.580 0.3000000119
25942  -30.942  -49.822  18.098 0.3000000119
25945  -33.346  -49.298  18.963 0.3000000119
25983  -19.513  -48.973  14.940 0.4000000060
25993  -19.433  -49.180  14.682 0.4000000060
25996  -23.695  -49.699  14.444 0.3000000119
26003  -20.042  -49.172  13.676 0.4000000060
26012  -21.645  -49.956  12.770 0.3000000119
26838  -21.459  -48.239  15.777 0.4000000060
26860  -23.053  -48.906  13.934 0.3000000119
26861  -24.049  -47.922  14.674 0.3000000119
26870  -22.473  -48.002  13.447 0.3000000119
27745  -20.129  -47.644  14.435 0.4000000060
27747  -21.002  -46.230  14.924 0.3000000119
27761  -20.065  -47.739  14.324 0.4000000060
27763  -23.302  -47.105  14.094 0.3000000119
27771  -20.817  -46.807  13.619 0.4000000060
27773  -22.650  -47.259  13.609 0.3000000119
28671  -20.624  -45.544  14.036 0.4000000060
28672  -20.890  -45.204  13.887 0.3000000119
29544  -21.354  -44.548  14.446 0.3000000119
29558  -21.404  -44.593  14.039 0.3000000119
126541  -35.580  -67.917  9.047 0.5000000000
127567  -27.262  -68.553  2.441 0.6999999881
128324  -27.609  -72.094  7.861 0.6000000238
128541  -35.787  -67.745  8.256 0.5000000000
128882  -27.338  -68.191  10.848 0.6999999881
128974  -33.515  -69.348  12.343 0.5000000000
129221  -28.776  -61.753  17.792 0.6000000238
129754  -25.224  -70.934  16.838 0.5000000000
130009  -39.282  -75.884  9.359 0.3000000119
130772  -33.742  -67.811  3.150 0.4000000060
130974  -25.821  -77.699  3.366 0.5000000000
131516  -30.299  -69.478  9.125 0.6000000238
131908  -32.967  -71.053  1.846 0.4000000060
132128  -26.205  -55.386  15.525 0.6000000238
132983  -35.194  -75.702  4.725 0.4000000060
133005  -23.426  -57.717  9.654 0.6000000238
133431  -32.022  -59.091  19.440 0.5000000000
133581  -39.364  -72.308  4.831 0.3000000119
133740  -29.798  -67.775  1.790 0.6000000238
133742  -21.664  -48.671  13.107 0.3000000119
134195  -29.998  -69.838  15.117 0.5000000000
134310  -33.999  -68.768  12.159 0.5000000000
135044  -39.735  -64.927  2.529 0.4000000060
135117  -35.499  -51.113  17.669 0.4000000060
135147  -27.564  -73.353  6.899 0.6000000238
135390  -30.938  -59.568  19.736 0.5000000000
135615  -27.754  -63.184  14.117 0.6999999881
135660  -27.060  -73.187  1.496 0.6999999881
135961  -32.357  -65.646  15.072 0.6000000238
136214  -36.762  -65.722  7.091 0.5000000000
136512  -22.860  -76.237  9.577 0.5000000000
136651  -33.686  -50.999  18.625 0.3000000119
136782  -26.696  -73.476  5.160 0.5000000000
136989  -28.482  -60.559  17.311 0.5000000000
137037  -23.604  -51.384  14.047 0.3000000119
137376  -23.683  -59.440  8.572 0.6000000238
137896  -28.616  -68.245  9.192 0.6000000238
137917  -27.258  -69.811  6.011 0.6000000238
138076  -29.590  -57.751  19.695 0.5000000000
138268  -28.774  -63.939  18.598 0.6000000238
138719  -33.490  -69.562  1.302 0.4000000060
138790  -25.652  -46.724  15.409 0.3000000119
138837  -31.385  -63.899  18.562 0.5000000000
138933  -22.817  -56.924  16.171 0.6000000238
139384  -29.679  -59.611  19.485 0.5000000000
139929  -27.773  -62.369  13.217 0.6999999881
139999  -26.188  -46.143  15.515 0.3000000119
140024  -29.627  -69.073  10.331 0.6000000238
140043  -28.963  -64.696  18.691 0.5000000000
140365  -32.458  -73.675  4.660 0.5000000000
140813  -27.032  -74.093  9.105 0.5000000000
141186  -27.761  -67.942  12.802 0.6999999881
141347  -31.142  -67.314  16.406 0.6000000238
141442  -27.443  -63.565  14.717 0.6999999881
141737  -27.449  -68.527  8.448 0.6999999881
141897  -23.651  -65.546  17.757 0.5000000000
142307  -25.071  -59.503  11.013 0.6000000238
142391  -29.912  -76.097  2.860 0.5000000000
142637  -24.320  -64.677  13.511 0.6000000238
143023  -34.659  -69.470  8.855 0.6000000238
143029  -39.186  -61.467  3.297 0.4000000060
144998  -28.296  -57.815  19.372 0.5000000000
145153  -21.420  -57.984  12.593 0.4000000060
145356  -33.921  -64.222  16.913 0.6000000238
145998  -35.730  -67.269  1.241 0.4000000060
146169  -33.739  -68.314  12.648 0.5000000000
146436  -27.563  -72.243  10.130 0.5000000000
146768  -31.379  -65.189  17.999 0.6000000238
147062  -26.867  -68.381  11.421 0.6999999881
147191  -31.751  -66.360  15.849 0.6000000238
147721  -25.781  -65.959  18.481 0.6000000238
147984  -29.814  -61.948  18.700 0.6999999881
148554  -37.972  -68.799  5.084 0.3000000119
148702  -19.001  -51.529  13.821 0.3000000119
148758  -38.915  -75.742  6.532 0.3000000119
148802  -25.896  -50.800  15.830 0.3000000119
148870  -25.052  -64.459  15.999 0.6000000238
148926  -22.405  -76.284  9.091 0.5000000000
149089  -34.917  -72.877  2.992 0.4000000060
149226  -19.704  -48.738  14.037 0.4000000060
149725  -37.082  -66.597  1.807 0.4000000060
149735  -28.172  -73.619  2.092 0.5000000000
149882  -33.328  -70.259  8.913 0.6000000238
149927  -27.914  -67.936  7.958 0.6999999881
149990  -36.190  -67.701  1.060 0.4000000060
150269  -25.595  -77.354  2.010 0.5000000000
150493  -26.189  -68.000  18.284 0.5000000000
151450  -25.498  -68.454  17.150 0.4000000060
151909  -26.350  -66.271  18.576 0.6000000238
152161  -24.250  -59.747  13.703 0.6000000238
152193  -34.351  -67.679  3.211 0.4000000060
152863  -27.288  -73.929  1.519 0.6999999881
153022  -27.507  -72.689  5.617 0.5000000000
153037  -25.572  -60.390  10.714 0.6999999881
153049  -30.435  -60.681  19.434 0.5000000000
153136  -28.121  -59.310  18.448 0.6000000238
153151  -26.504  -64.166  16.015 0.6999999881
153179  -22.890  -65.990  17.577 0.5000000000
153486  -26.715  -69.780  9.791 0.6000000238
153586  -29.530  -51.130  16.808 0.4000000060
153587  -27.088  -72.224  1.537 0.6999999881
