#!ascii label  , from subject sub-fsm22db vox2ras=TkReg
1504
145539  19.158  -73.994  4.285 0.5000000000
12000  16.212  -66.743  12.909 0.6000000238
11980  16.550  -66.431  13.733 0.6000000238
11180  17.888  -67.805  14.570 0.6000000238
11967  16.980  -66.162  14.723 0.6999999881
11164  18.079  -67.812  15.467 0.6000000238
128805  16.221  -65.392  14.972 0.6999999881
11954  17.483  -66.404  15.557 0.6000000238
6938  10.500  -72.778  7.854 0.5000000000
9033  12.978  -70.687  6.922 0.6000000238
8377  11.680  -70.726  6.101 0.6000000238
153480  10.160  -71.914  6.994 0.5000000000
9014  14.966  -70.877  8.304 0.5000000000
9032  13.771  -70.705  7.522 0.4000000060
8384  10.875  -71.212  5.986 0.5000000000
8266  15.147  -71.989  13.084 0.5000000000
7680  18.670  -72.713  7.214 0.4000000060
147022  15.471  -71.495  12.701 0.5000000000
7595  15.454  -72.039  13.771 0.5000000000
8947  16.099  -70.951  12.767 0.6000000238
10408  16.452  -68.520  11.655 0.6000000238
12001  15.314  -66.251  12.468 0.6000000238
12652  14.678  -65.224  13.071 0.6999999881
11205  17.215  -67.918  13.009 0.6000000238
11981  15.620  -65.863  13.356 0.6999999881
14056  15.463  -63.407  13.002 0.6000000238
13311  14.507  -64.011  14.118 0.6999999881
14055  16.496  -63.036  12.731 0.6000000238
14044  15.000  -63.615  13.939 0.6000000238
13303  14.772  -64.107  14.731 0.6999999881
14927  17.229  -63.012  13.456 0.6999999881
128804  18.006  -67.868  16.108 0.6000000238
8350  10.973  -71.410  8.753 0.5000000000
7674  10.014  -71.178  6.769 0.6000000238
7673  10.293  -71.878  7.760 0.5000000000
9031  14.417  -70.131  7.719 0.6000000238
9043  12.406  -69.784  6.441 0.6999999881
132382  10.106  -70.679  5.954 0.6000000238
8367  15.494  -71.601  8.406 0.4000000060
8970  15.503  -69.822  10.817 0.5000000000
8289  15.372  -71.152  12.085 0.5000000000
151590  19.670  -73.259  5.174 0.5000000000
139909  15.882  -70.081  11.368 0.5000000000
148671  15.069  -66.972  11.138 0.6999999881
9650  16.172  -69.343  11.268 0.6000000238
128557  14.892  -66.355  11.801 0.6999999881
129958  15.468  -66.864  11.807 0.6000000238
11207  16.036  -67.140  12.185 0.6000000238
12653  14.145  -64.453  12.731 0.6999999881
127812  14.603  -63.766  13.256 0.6000000238
14945  16.676  -62.560  11.901 0.6000000238
12640  14.454  -64.370  13.603 0.6000000238
14944  18.158  -61.857  11.715 0.6000000238
14943  18.727  -62.179  12.506 0.6999999881
12602  16.392  -65.421  16.507 0.6999999881
11133  17.300  -67.141  17.278 0.5000000000
129435  15.551  -63.487  14.620 0.6999999881
13291  14.974  -63.974  15.165 0.6999999881
12601  17.366  -66.235  16.306 0.6000000238
151408  9.997  -69.271  6.787 0.5000000000
8369  10.346  -70.851  7.727 0.5000000000
8990  11.190  -70.496  8.578 0.5000000000
9735  11.465  -69.100  6.156 0.6999999881
9034  9.908  -70.125  6.524 0.6000000238
9712  15.965  -69.086  7.399 0.5000000000
9714  14.234  -69.321  7.139 0.6999999881
9734  13.539  -69.008  6.696 0.6999999881
131639  11.191  -69.842  5.973 0.6000000238
9736  10.283  -69.359  5.962 0.6000000238
138581  16.780  -70.444  8.744 0.4000000060
9013  15.868  -70.707  8.622 0.4000000060
9688  15.378  -69.888  8.061 0.5000000000
8971  14.645  -70.230  10.511 0.5000000000
11247  14.787  -67.572  10.307 0.5000000000
10427  14.715  -68.406  9.882 0.5000000000
145402  15.699  -69.099  10.650 0.5000000000
12023  14.299  -66.110  11.356 0.6000000238
11246  15.500  -67.799  10.811 0.5000000000
13345  13.722  -64.606  11.726 0.6999999881
14965  15.726  -61.710  10.147 0.6000000238
147896  13.972  -63.805  11.835 0.6999999881
12002  14.311  -65.477  12.139 0.6999999881
15808  16.598  -61.348  10.319 0.6000000238
14955  15.212  -62.629  11.047 0.6000000238
13321  13.966  -64.075  12.311 0.6999999881
16631  18.326  -60.542  10.137 0.6999999881
14954  16.218  -62.175  11.118 0.6000000238
14072  14.915  -63.401  12.231 0.6000000238
16629  19.810  -60.411  10.507 0.6000000238
15807  18.639  -61.106  10.965 0.6999999881
14953  17.146  -61.917  11.326 0.6999999881
16626  22.565  -60.535  10.742 0.6000000238
15805  20.196  -61.086  11.324 0.6000000238
15806  19.437  -61.053  11.152 0.6999999881
11921  16.568  -66.721  17.771 0.6000000238
15793  19.764  -61.532  11.825 0.6999999881
14020  15.246  -63.937  15.774 0.6999999881
11938  17.053  -66.331  17.111 0.6000000238
15803  22.152  -61.234  11.472 0.6999999881
15804  21.112  -61.259  11.572 0.6000000238
14942  19.633  -62.065  12.603 0.8000000119
14925  19.007  -62.465  13.277 0.6999999881
14909  17.684  -62.956  14.217 0.6999999881
141970  15.307  -63.703  15.293 0.6999999881
9017  10.478  -69.894  7.644 0.6000000238
152674  14.046  -68.363  6.577 0.6999999881
10491  11.858  -68.212  6.338 0.6999999881
132038  10.820  -68.653  6.280 0.6000000238
9713  15.070  -69.191  7.272 0.5000000000
10472  14.712  -68.551  6.731 0.6999999881
153474  17.000  -69.622  8.237 0.4000000060
9687  16.281  -69.741  8.217 0.5000000000
9670  13.653  -69.093  9.431 0.5000000000
8988  13.229  -69.912  9.561 0.5000000000
10443  13.990  -68.382  9.541 0.5000000000
12037  13.363  -66.185  10.056 0.6000000238
147313  13.261  -64.279  10.264 0.6000000238
12024  13.643  -65.775  10.795 0.6999999881
12036  14.197  -66.621  10.586 0.6999999881
14088  13.964  -63.208  10.097 0.6999999881
131926  13.386  -64.440  10.887 0.6999999881
15821  16.162  -61.064  9.397 0.6000000238
14966  15.015  -62.151  9.985 0.6000000238
138369  13.981  -63.536  11.051 0.6999999881
17537  20.221  -59.300  9.079 0.6999999881
131142  18.608  -60.165  9.429 0.6999999881
15820  16.937  -60.711  9.449 0.6999999881
13251  15.650  -64.600  17.953 0.6000000238
143834  21.278  -59.098  9.339 0.6000000238
17523  20.001  -59.493  9.296 0.6999999881
135429  24.817  -59.474  10.263 0.6000000238
145971  23.342  -60.183  10.442 0.6000000238
17520  23.131  -59.169  9.563 0.6000000238
16645  20.944  -59.678  10.013 0.6000000238
16646  20.200  -59.748  9.881 0.6999999881
12585  15.647  -65.156  17.779 0.6000000238
151504  23.366  -60.755  10.938 0.6000000238
148907  21.783  -59.693  10.068 0.6000000238
14888  18.403  -62.703  14.799 0.6999999881
14890  16.433  -63.186  16.230 0.6000000238
14019  15.666  -63.572  15.995 0.6999999881
138720  15.680  -64.966  16.953 0.6000000238
17518  25.486  -59.676  10.813 0.5000000000
16625  24.111  -60.732  11.056 0.6000000238
144827  22.693  -61.837  12.196 0.8000000119
15790  22.095  -62.189  12.743 0.8000000119
146983  20.408  -62.468  13.829 0.8000000119
144816  18.417  -62.743  13.857 0.8000000119
14889  17.316  -62.986  15.077 0.6999999881
14034  16.195  -63.266  15.393 0.6999999881
150261  21.828  -61.717  12.099 0.8000000119
14941  20.563  -62.272  13.075 0.8000000119
10492  10.949  -67.966  6.593 0.6999999881
10473  10.620  -67.916  6.843 0.6999999881
9690  10.720  -68.939  7.591 0.6999999881
9016  11.256  -69.699  8.362 0.6000000238
10489  15.399  -67.858  6.464 0.6999999881
9689  11.729  -69.069  8.492 0.6000000238
10471  15.709  -68.472  6.746 0.6000000238
9671  12.774  -69.145  8.991 0.5000000000
10444  13.163  -68.356  9.127 0.5000000000
13932  14.839  -63.422  21.639 0.6000000238
13947  15.923  -63.626  21.219 0.5000000000
12046  12.838  -66.671  9.295 0.5000000000
13946  16.681  -63.641  20.603 0.6000000238
13365  12.932  -64.878  9.501 0.6999999881
12038  12.812  -65.728  9.508 0.6000000238
14107  14.429  -62.898  9.414 0.6999999881
12680  13.152  -65.403  10.196 0.6999999881
13235  16.052  -64.376  19.484 0.6000000238
15826  16.534  -60.719  8.928 0.6999999881
15836  15.782  -61.367  8.879 0.6000000238
17549  20.428  -59.255  8.896 0.6999999881
16659  19.847  -59.817  8.641 0.6999999881
16649  17.284  -60.423  8.934 0.6999999881
13973  15.836  -64.035  17.849 0.6000000238
13250  15.872  -64.319  18.530 0.6000000238
17536  20.895  -58.961  9.023 0.6000000238
16660  19.102  -59.867  8.948 0.6999999881
151596  17.446  -62.820  16.897 0.6000000238
12572  15.435  -65.568  18.835 0.6000000238
133842  25.130  -58.433  8.815 0.6000000238
17534  23.319  -58.575  8.999 0.6000000238
146863  18.491  -62.462  16.299 0.6999999881
14870  17.361  -62.820  16.406 0.6000000238
13987  15.645  -63.988  17.202 0.6000000238
18400  25.298  -58.786  9.853 0.6000000238
14922  21.810  -62.626  14.139 0.6000000238
14906  20.771  -62.539  14.513 0.6000000238
130202  19.369  -62.540  14.894 0.6999999881
135058  18.865  -62.465  15.599 0.6000000238
14002  15.925  -63.535  16.718 0.6000000238
14938  23.998  -62.230  13.083 0.6000000238
14923  21.007  -62.458  13.774 0.8000000119
15789  23.743  -61.884  12.401 0.6000000238
139714  22.287  -62.505  13.435 0.6999999881
14907  19.931  -62.522  14.309 0.8000000119
11306  12.735  -67.512  6.454 0.6999999881
11307  11.672  -67.313  6.638 0.6999999881
11277  11.091  -67.255  7.187 0.6999999881
11304  16.075  -67.159  6.450 0.6999999881
11305  13.825  -67.763  6.466 0.6999999881
10455  11.281  -68.285  7.983 0.6000000238
10445  12.158  -68.297  8.605 0.6000000238
15664  17.485  -61.559  21.522 0.6000000238
141538  15.912  -61.911  21.681 0.6000000238
14782  17.325  -62.503  21.266 0.6000000238
14784  15.388  -62.675  21.676 0.6000000238
11263  12.508  -67.511  8.817 0.6000000238
13931  16.911  -63.173  21.026 0.5000000000
13389  13.255  -64.685  8.576 0.6999999881
12688  12.671  -65.325  8.983 0.6999999881
13944  18.261  -63.151  20.027 0.4000000060
13945  17.439  -63.293  20.427 0.5000000000
130013  15.241  -62.448  8.917 0.6999999881
14126  14.226  -63.444  8.961 0.8000000119
13959  17.645  -63.430  19.704 0.5000000000
14994  15.841  -61.826  8.756 0.6000000238
142025  13.891  -63.449  9.439 0.6999999881
13958  18.190  -63.195  19.188 0.6000000238
16662  17.656  -60.462  8.712 0.6999999881
128422  17.417  -60.902  8.383 0.6999999881
14848  18.427  -62.619  17.613 0.6999999881
14829  17.895  -63.010  18.240 0.6000000238
17564  22.774  -59.163  7.990 0.6999999881
16673  21.566  -59.890  8.022 0.6999999881
135724  19.772  -62.328  16.945 0.5000000000
131471  17.036  -63.312  17.870 0.6000000238
17544  24.944  -58.743  8.214 0.6000000238
17546  23.312  -58.684  8.318 0.6000000238
17548  21.371  -59.028  8.705 0.6999999881
141311  18.895  -62.405  16.954 0.6999999881
18421  24.284  -58.531  8.574 0.6000000238
18413  23.214  -58.543  8.699 0.6000000238
14905  21.580  -62.645  15.152 0.5000000000
14867  20.228  -62.394  16.212 0.6000000238
146679  25.439  -58.439  9.315 0.6000000238
14920  23.738  -62.479  13.727 0.6000000238
14904  22.622  -62.778  14.870 0.5000000000
14887  19.743  -62.436  15.551 0.6999999881
15788  25.304  -61.059  12.756 0.6000000238
127695  13.500  -66.935  6.621 0.6999999881
12073  12.387  -66.717  6.771 0.6999999881
12065  11.875  -66.390  7.426 0.6000000238
12055  11.627  -66.666  7.583 0.6000000238
16496  17.974  -60.844  21.532 0.4000000060
15666  15.613  -61.077  21.570 0.5000000000
12054  12.221  -65.933  8.114 0.6000000238
15681  19.260  -61.675  21.094 0.5000000000
15668  13.901  -62.036  21.510 0.6000000238
12697  13.159  -65.085  8.085 0.6999999881
13392  13.636  -64.769  8.145 0.6999999881
12047  12.472  -66.104  8.866 0.6000000238
132965  18.857  -62.713  20.377 0.5000000000
14124  15.659  -63.087  8.793 0.6999999881
152604  20.241  -62.518  19.049 0.4000000060
14989  21.091  -61.775  8.175 0.6999999881
14991  19.371  -61.470  8.309 0.6999999881
136034  18.544  -61.798  8.430 0.6999999881
14827  19.596  -62.601  18.794 0.6000000238
16670  24.109  -60.424  7.545 0.6999999881
15848  22.718  -61.247  7.763 0.6999999881
15834  18.261  -60.859  8.328 0.6999999881
14992  17.708  -61.678  8.415 0.6999999881
128758  21.056  -62.433  17.917 0.5000000000
14847  19.398  -62.452  17.792 0.5000000000
17562  24.524  -59.447  7.756 0.6000000238
16671  23.178  -60.269  7.652 0.6999999881
15849  21.969  -60.792  7.864 0.6999999881
14990  20.208  -60.788  8.152 0.6999999881
14846  20.203  -62.379  17.560 0.5000000000
18420  25.830  -58.562  8.537 0.5000000000
18438  25.799  -58.928  8.075 0.6000000238
17545  24.028  -58.714  8.131 0.6000000238
12706  14.159  -65.682  7.297 0.6999999881
12064  13.124  -66.067  7.093 0.6999999881
16497  17.193  -60.679  21.543 0.4000000060
12705  14.969  -65.343  7.547 0.6999999881
12707  12.555  -65.754  7.726 0.6999999881
16498  16.305  -60.441  21.440 0.4000000060
147689  14.094  -65.071  7.759 0.6999999881
15682  14.144  -61.191  21.282 0.6000000238
13386  15.300  -64.068  8.641 0.8000000119
13387  14.454  -64.431  8.302 0.6999999881
134904  17.649  -63.510  9.486 0.6000000238
14105  16.833  -63.663  9.288 0.6000000238
16528  13.285  -60.322  19.847 0.6000000238
138103  20.023  -62.505  8.796 0.6999999881
14976  19.141  -62.529  8.896 0.6999999881
14978  17.205  -62.660  8.887 0.6000000238
146763  22.683  -61.948  7.971 0.6000000238
16668  26.005  -60.413  7.536 0.6000000238
16560  12.141  -60.209  18.009 0.5000000000
17560  26.310  -59.509  7.807 0.6000000238
18435  28.580  -58.783  8.230 0.5000000000
12696  15.274  -64.851  8.157 0.6999999881
17374  17.008  -59.895  21.320 0.4000000060
13375  16.274  -64.230  9.073 0.8000000119
16514  14.415  -60.402  20.893 0.5000000000
14086  19.064  -63.894  10.171 0.8000000119
16527  13.952  -59.963  20.191 0.4000000060
17387  14.725  -59.665  20.446 0.4000000060
13373  17.703  -64.276  9.888 0.6999999881
17400  13.578  -59.656  19.378 0.4000000060
15004  24.060  -62.175  7.809 0.6000000238
14974  21.879  -62.558  8.616 0.6000000238
14975  20.913  -62.548  8.730 0.6999999881
17410  13.934  -58.997  18.885 0.4000000060
15845  25.699  -61.413  7.435 0.6000000238
15847  23.650  -61.353  7.603 0.6000000238
17451  12.591  -59.271  17.118 0.4000000060
17412  12.620  -59.919  18.432 0.6000000238
17558  28.122  -59.336  7.898 0.5000000000
18434  29.493  -58.559  8.058 0.5000000000
17385  16.911  -59.171  20.948 0.4000000060
12687  16.608  -65.007  9.132 0.8000000119
18275  16.243  -58.913  20.564 0.4000000060
13363  18.417  -64.566  10.285 0.6999999881
148910  15.038  -58.999  19.918 0.4000000060
14102  21.458  -63.138  9.355 0.6000000238
14104  19.642  -63.223  9.548 0.6999999881
14988  22.741  -62.424  8.349 0.6000000238
149835  22.522  -62.764  8.764 0.6000000238
18295  15.000  -58.250  18.592 0.4000000060
18308  13.762  -58.626  17.878 0.4000000060
139498  27.736  -60.138  7.653 0.6000000238
17450  13.163  -58.747  17.069 0.4000000060
136394  29.086  -59.252  7.842 0.4000000060
18273  17.672  -58.413  20.747 0.4000000060
13362  19.226  -64.776  10.609 0.6999999881
18284  16.271  -58.340  19.959 0.4000000060
14083  21.972  -63.649  10.191 0.6999999881
14085  20.016  -63.963  10.354 0.6000000238
18285  15.515  -58.369  19.383 0.4000000060
136435  24.770  -62.367  7.763 0.6000000238
14122  23.126  -63.002  8.981 0.6000000238
133668  14.541  -58.234  18.013 0.4000000060
134942  27.436  -61.037  7.491 0.6000000238
18307  14.450  -58.027  17.199 0.3000000119
139499  28.692  -60.078  7.627 0.4000000060
128812  30.125  -58.743  7.726 0.4000000060
17556  30.703  -59.241  7.482 0.4000000060
19135  16.327  -57.807  19.271 0.4000000060
19145  15.749  -57.806  18.587 0.4000000060
146540  26.421  -62.247  7.464 0.6000000238
15843  27.187  -61.863  7.392 0.6000000238
132379  28.083  -61.782  7.427 0.6000000238
141504  30.539  -60.128  7.407 0.4000000060
17555  31.413  -59.909  7.226 0.5000000000
18432  31.922  -58.502  7.287 0.4000000060
19217  17.031  -56.907  13.652 0.3000000119
18431  32.830  -58.670  7.001 0.4000000060
20802  19.202  -55.202  19.954 0.4000000060
20025  17.959  -56.637  15.207 0.3000000119
20078  16.679  -55.955  11.948 0.4000000060
22464  20.944  -53.942  20.528 0.4000000060
20814  19.135  -55.049  19.057 0.4000000060
143539  18.697  -55.928  16.064 0.3000000119
20830  18.781  -55.648  17.401 0.3000000119
139363  17.723  -56.471  13.409 0.3000000119
20039  17.842  -56.591  14.228 0.3000000119
20064  16.571  -56.506  12.417 0.3000000119
22481  20.675  -53.263  19.773 0.4000000060
21644  19.504  -54.344  18.658 0.4000000060
20829  19.129  -55.005  18.050 0.4000000060
20857  18.593  -55.828  15.318 0.3000000119
20870  18.513  -55.616  14.230 0.3000000119
21715  15.699  -54.121  13.441 0.4000000060
23502  15.666  -52.831  14.794 0.3000000119
24461  15.403  -52.029  15.061 0.3000000119
20053  17.926  -56.106  12.764 0.3000000119
20898  18.062  -55.608  12.054 0.3000000119
138178  19.938  -52.907  18.190 0.4000000060
21659  19.362  -54.292  17.788 0.4000000060
21672  19.152  -54.109  17.111 0.3000000119
20844  18.751  -55.251  15.993 0.3000000119
21690  18.505  -55.032  15.041 0.3000000119
21727  15.836  -54.767  12.104 0.3000000119
21698  18.447  -54.699  14.060 0.3000000119
146878  15.915  -52.942  14.003 0.3000000119
146761  18.582  -54.776  12.550 0.3000000119
23511  16.101  -52.619  13.160 0.4000000060
144056  15.746  -52.278  14.068 0.3000000119
130805  15.933  -51.626  12.985 0.3000000119
24484  15.404  -51.419  14.023 0.3000000119
138528  19.575  -53.076  17.711 0.4000000060
22509  19.131  -53.303  17.153 0.4000000060
134791  18.411  -54.215  15.718 0.3000000119
22563  16.125  -53.925  12.411 0.4000000060
128322  18.234  -54.233  14.806 0.3000000119
22573  17.327  -53.921  11.258 0.3000000119
22555  16.344  -53.094  12.461 0.4000000060
23521  17.507  -52.494  11.524 0.4000000060
25386  16.019  -50.680  12.712 0.3000000119
23457  19.192  -52.560  17.355 0.4000000060
23458  18.451  -52.677  16.693 0.4000000060
23494  18.013  -53.163  15.947 0.4000000060
23495  17.696  -52.672  15.461 0.4000000060
22544  18.321  -53.591  13.946 0.3000000119
22554  18.653  -53.213  12.625 0.3000000119
23520  18.265  -52.859  11.556 0.3000000119
24492  18.073  -51.898  11.794 0.3000000119
24487  18.319  -51.176  12.326 0.5000000000
24493  17.314  -51.771  11.747 0.4000000060
24489  16.672  -51.293  12.141 0.4000000060
26257  15.549  -49.470  13.143 0.3000000119
24444  18.008  -51.751  16.777 0.4000000060
23473  17.665  -52.271  16.117 0.4000000060
24460  17.547  -51.831  15.238 0.3000000119
130943  18.499  -50.672  13.410 0.3000000119
25371  18.558  -49.639  13.447 0.3000000119
27235  18.428  -48.419  14.211 0.3000000119
22539  17.896  -52.662  14.549 0.3000000119
24473  18.228  -51.699  13.880 0.3000000119
140735  18.579  -50.858  12.739 0.3000000119
25377  18.621  -50.035  12.957 0.3000000119
27241  18.605  -48.556  12.948 0.3000000119
24482  18.627  -51.502  12.903 0.3000000119
25384  17.918  -50.249  12.346 0.3000000119
25385  16.875  -50.480  12.274 0.3000000119
27245  14.987  -48.972  13.654 0.3000000119
25324  21.403  -50.138  18.605 0.3000000119
25326  19.950  -50.296  18.034 0.3000000119
25332  19.037  -50.372  17.677 0.3000000119
25334  17.601  -50.155  16.990 0.3000000119
131202  17.187  -48.833  16.026 0.3000000119
27226  17.672  -48.170  15.299 0.3000000119
24436  17.790  -50.891  16.923 0.3000000119
26229  17.326  -49.559  16.600 0.3000000119
26243  17.419  -49.727  15.519 0.3000000119
139659  17.681  -48.898  15.160 0.3000000119
128474  18.465  -47.591  14.169 0.3000000119
27242  18.384  -48.140  12.777 0.3000000119
26267  17.954  -49.403  12.471 0.3000000119
28185  17.926  -48.083  12.548 0.3000000119
26256  16.542  -49.168  12.713 0.3000000119
27244  16.010  -48.645  13.219 0.3000000119
26194  21.836  -49.358  18.692 0.3000000119
26196  20.118  -49.262  18.144 0.3000000119
26211  18.547  -49.602  17.660 0.3000000119
27201  18.063  -48.758  17.668 0.3000000119
27215  17.253  -47.959  16.297 0.3000000119
28156  18.464  -46.752  14.085 0.3000000119
28172  18.180  -47.310  12.700 0.3000000119
28173  17.497  -47.364  12.623 0.3000000119
28175  15.427  -48.126  13.758 0.3000000119
28144  17.358  -46.993  16.520 0.3000000119
141217  17.716  -47.324  15.398 0.3000000119
29119  17.649  -46.300  12.461 0.3000000119
29120  16.887  -46.786  12.810 0.3000000119
28174  16.507  -47.780  13.154 0.3000000119
28166  15.852  -47.248  13.781 0.3000000119
29079  17.469  -46.009  16.340 0.3000000119
129910  17.836  -46.417  15.382 0.3000000119
29105  18.348  -45.790  13.879 0.3000000119
29066  17.392  -46.253  17.151 0.3000000119
30065  17.548  -45.106  16.092 0.3000000119
30078  17.990  -44.995  14.613 0.3000000119
30091  18.087  -44.947  13.261 0.3000000119
146766  17.472  -45.527  12.298 0.3000000119
29106  16.974  -45.809  12.482 0.3000000119
29107  16.116  -46.333  13.581 0.3000000119
6973  19.195  -73.762  4.401 0.5000000000
6960  19.003  -72.914  5.636 0.5000000000
12629  15.958  -65.567  14.210 0.6999999881
12618  15.813  -64.974  15.611 0.6999999881
8366  16.553  -71.548  8.775 0.4000000060
132763  19.726  -72.988  6.087 0.5000000000
14946  15.850  -62.935  11.982 0.6000000238
11248  13.863  -67.098  9.851 0.5000000000
15819  17.651  -61.071  10.490 0.6000000238
151413  14.312  -63.826  8.697 0.8000000119
12698  12.765  -65.263  8.423 0.6999999881
14123  16.349  -62.507  8.726 0.6000000238
18436  27.542  -58.728  8.331 0.5000000000
17411  13.186  -59.403  18.466 0.4000000060
19264  29.817  -57.929  8.455 0.5000000000
15003  25.445  -62.265  7.567 0.6000000238
151639  29.621  -58.976  7.801 0.4000000060
14101  22.313  -63.097  9.237 0.6000000238
14985  25.259  -62.788  8.007 0.6000000238
18306  15.224  -57.808  17.796 0.3000000119
146281  28.159  -60.820  7.536 0.4000000060
15842  28.887  -61.112  7.505 0.4000000060
21630  20.152  -54.086  20.123 0.4000000060
146547  19.545  -51.087  17.776 0.3000000119
26195  21.065  -49.296  18.391 0.3000000119
13358  22.933  -64.308  11.126 0.5000000000
13344  20.808  -65.123  11.167 0.5000000000
13361  20.028  -64.991  10.917 0.6999999881
12677  19.475  -65.651  10.737 0.6999999881
12704  15.906  -65.450  7.722 0.6000000238
135318  22.612  -63.863  10.567 0.5000000000
141816  20.644  -64.426  10.757 0.6000000238
12679  17.849  -65.013  10.124 0.6000000238
12071  16.511  -66.406  6.703 0.6000000238
132082  14.622  -67.292  6.532 0.6000000238
12034  19.803  -66.311  10.688 0.6999999881
12053  17.628  -66.103  8.252 0.6000000238
12703  16.706  -65.920  7.161 0.6000000238
12044  18.557  -66.309  9.806 0.6999999881
12694  16.722  -65.618  8.162 0.6000000238
12708  15.869  -65.884  7.057 0.6000000238
14082  23.168  -63.747  10.536 0.5000000000
141704  20.019  -67.117  9.442 0.6999999881
12051  19.151  -66.743  9.058 0.6999999881
139457  18.524  -66.360  7.131 0.6000000238
12070  17.363  -66.454  6.643 0.6000000238
150728  20.068  -66.855  10.378 0.6000000238
12043  19.385  -66.676  10.087 0.6999999881
12062  17.560  -66.146  7.161 0.6000000238
12022  21.592  -66.539  11.342 0.6000000238
14098  25.626  -63.190  9.498 0.5000000000
127922  22.826  -63.433  9.866 0.5000000000
11244  21.489  -67.164  10.785 0.6999999881
11275  19.773  -66.845  8.024 0.6000000238
11303  16.888  -67.151  6.393 0.6000000238
14097  26.581  -63.252  9.362 0.5000000000
14099  24.698  -63.236  9.663 0.5000000000
14129  29.192  -63.173  7.685 0.5000000000
127275  30.397  -62.385  7.166 0.4000000060
9602  17.704  -69.433  15.529 0.4000000060
11191  17.543  -67.863  13.691 0.4000000060
10381  17.791  -68.618  14.169 0.4000000060
9631  17.485  -69.174  13.551 0.5000000000
9641  17.218  -69.015  12.851 0.5000000000
8945  17.356  -69.872  13.895 0.5000000000
14131  27.414  -63.123  7.838 0.5000000000
9632  17.080  -69.642  13.022 0.5000000000
7539  14.732  -72.727  16.584 0.6000000238
15001  28.573  -62.668  7.507 0.4000000060
8954  16.546  -70.142  12.459 0.5000000000
8264  16.471  -71.125  13.792 0.5000000000
141963  15.370  -72.425  15.285 0.5000000000
8912  17.398  -70.084  15.751 0.5000000000
8930  17.587  -69.921  14.880 0.5000000000
8913  17.042  -70.679  15.945 0.5000000000
8224  16.721  -71.248  15.682 0.5000000000
8211  15.932  -71.555  16.784 0.5000000000
8242  16.684  -71.276  14.773 0.5000000000
8225  16.102  -71.907  15.283 0.5000000000
7556  15.587  -72.236  16.181 0.5000000000
129811  28.988  -62.016  7.435 0.5000000000
8243  16.045  -71.748  14.236 0.5000000000
128837  32.345  -61.593  6.498 0.4000000060
15841  29.811  -61.620  7.370 0.4000000060
15840  30.764  -61.780  7.073 0.4000000060
11134  16.676  -67.462  17.633 0.5000000000
8198  15.438  -71.296  17.491 0.5000000000
15002  27.480  -62.633  7.554 0.5000000000
16665  30.406  -60.959  7.335 0.4000000060
11922  15.752  -66.200  18.331 0.5000000000
11117  15.240  -67.355  18.651 0.5000000000
127119  14.177  -67.881  18.021 0.5000000000
11135  15.959  -67.768  17.963 0.5000000000
15839  31.314  -60.976  7.070 0.4000000060
11912  15.284  -66.629  18.925 0.5000000000
11118  14.346  -67.449  18.937 0.5000000000
11898  14.809  -66.220  19.599 0.5000000000
11104  13.643  -67.248  19.474 0.5000000000
11119  13.508  -67.509  18.811 0.5000000000
11137  12.758  -67.519  17.317 0.4000000060
12560  14.344  -66.147  20.244 0.5000000000
11914  12.219  -67.025  19.393 0.6000000238
11138  11.864  -67.144  17.724 0.6000000238
134475  15.196  -65.465  19.544 0.5000000000
12546  14.235  -65.576  20.881 0.5000000000
11901  12.506  -66.802  20.065 0.5000000000
11121  11.501  -66.874  18.832 0.6000000238
11923  11.107  -66.804  17.945 0.6000000238
11939  11.282  -66.886  16.909 0.6000000238
11167  11.085  -67.002  14.999 0.5000000000
11968  10.208  -66.895  13.897 0.5000000000
12003  9.572  -67.151  12.719 0.5000000000
131888  15.504  -64.881  20.077 0.5000000000
12545  14.955  -64.952  20.868 0.5000000000
12537  13.788  -65.189  21.300 0.5000000000
11888  12.942  -66.356  20.626 0.5000000000
12548  12.590  -65.635  21.010 0.6000000238
11915  10.554  -66.490  18.596 0.6000000238
11940  10.476  -66.618  16.541 0.6000000238
145221  10.503  -66.672  15.604 0.6000000238
11969  9.355  -66.481  14.318 0.5000000000
13304  6.458  -64.146  14.223 0.5000000000
12025  8.282  -66.842  11.937 0.5000000000
13960  16.868  -63.830  19.827 0.5000000000
13217  14.992  -64.233  21.331 0.5000000000
13219  13.670  -64.572  21.519 0.6000000238
142188  12.361  -64.696  21.200 0.6000000238
12550  10.991  -65.186  20.299 0.6000000238
12573  10.059  -65.984  19.096 0.6000000238
12562  9.873  -65.268  19.281 0.6000000238
11925  9.549  -66.317  17.211 0.6000000238
12586  9.092  -65.807  17.925 0.6000000238
131593  9.797  -66.473  16.131 0.6000000238
136607  8.549  -66.276  15.052 0.5000000000
135293  8.899  -66.471  13.606 0.5000000000
130221  7.979  -66.372  13.560 0.5000000000
11971  7.173  -65.912  14.360 0.5000000000
12004  7.664  -66.460  12.734 0.5000000000
11985  6.516  -66.207  12.753 0.5000000000
13933  13.416  -63.748  21.631 0.6000000238
13948  12.055  -63.801  21.014 0.6000000238
13237  10.929  -64.455  20.171 0.6000000238
13961  10.581  -63.993  19.640 0.6000000238
13252  9.915  -64.449  19.238 0.6000000238
12575  8.856  -65.139  18.230 0.6000000238
13267  8.890  -64.420  18.156 0.6000000238
11942  8.372  -65.789  16.684 0.5000000000
128450  8.252  -65.265  17.174 0.5000000000
11958  8.207  -66.022  15.941 0.5000000000
13280  7.458  -64.567  16.156 0.5000000000
14006  7.614  -63.866  16.225 0.6000000238
12619  7.000  -65.265  15.107 0.5000000000
13293  6.767  -64.471  15.005 0.5000000000
14023  6.879  -63.746  14.893 0.5000000000
14929  7.590  -62.817  13.566 0.5000000000
13949  11.336  -63.620  20.186 0.6000000238
13974  10.902  -63.105  19.279 0.6000000238
13976  9.516  -63.985  18.571 0.6000000238
13279  7.969  -64.444  16.912 0.6000000238
14021  8.079  -63.205  16.023 0.6000000238
14894  7.451  -63.103  14.596 0.5000000000
14815  11.558  -62.631  19.711 0.6000000238
14005  8.223  -63.606  16.747 0.6000000238
138545  8.846  -62.619  15.691 0.6000000238
14912  8.259  -62.541  14.174 0.5000000000
16529  12.670  -60.693  19.465 0.6000000238
15698  11.796  -61.807  19.308 0.6000000238
15714  11.473  -61.450  18.347 0.6000000238
14851  10.319  -62.441  17.654 0.6000000238
14852  9.697  -62.771  17.332 0.6000000238
14891  9.595  -62.013  15.331 0.5000000000
15713  12.087  -61.069  19.006 0.6000000238
15730  10.590  -61.932  17.339 0.6000000238
16561  11.535  -60.750  17.560 0.6000000238
14872  10.187  -62.144  16.889 0.6000000238
16575  10.855  -61.040  16.267 0.6000000238
16588  10.691  -60.955  15.440 0.5000000000
17452  11.735  -59.867  16.177 0.4000000060
12685  17.926  -65.659  9.868 0.6999999881
14121  24.106  -63.006  8.898 0.5000000000
14120  25.014  -63.021  8.698 0.5000000000
14117  27.855  -63.343  8.272 0.5000000000
14130  28.174  -63.107  7.759 0.5000000000
7520  15.246  -72.107  17.121 0.6000000238
11903  10.849  -66.300  19.463 0.6000000238
12561  10.537  -65.622  19.726 0.6000000238
11941  8.941  -66.221  16.475 0.6000000238
12605  7.459  -65.330  15.807 0.5000000000
14830  11.199  -62.287  18.818 0.6000000238
13988  9.924  -63.118  18.129 0.6000000238
15745  10.639  -61.565  16.799 0.6000000238
134298  10.242  -61.671  15.990 0.6000000238
5737  18.698  -74.507  3.986 0.4000000060
5078  20.477  -75.812  6.516 0.5000000000
5728  21.532  -75.573  6.610 0.5000000000
5730  20.052  -74.924  5.701 0.4000000060
6324  20.120  -74.081  5.267 0.4000000060
6323  20.497  -74.052  5.580 0.4000000060
6331  19.589  -73.771  4.777 0.4000000060
5714  22.442  -75.955  6.674 0.5000000000
5076  22.264  -76.391  6.817 0.5000000000
6958  21.263  -74.141  6.405 0.5000000000
6959  20.610  -73.767  5.761 0.5000000000
148950  20.069  -73.467  5.351 0.4000000060
6309  23.553  -75.052  6.872 0.5000000000
151316  22.280  -74.541  7.085 0.5000000000
6946  21.884  -73.999  7.223 0.5000000000
6937  21.322  -73.302  7.925 0.5000000000
6948  20.415  -73.309  6.309 0.4000000060
7678  20.591  -73.090  7.587 0.4000000060
6945  22.610  -74.089  7.514 0.5000000000
7677  23.984  -73.045  8.068 0.5000000000
6936  22.173  -73.377  8.128 0.5000000000
7679  19.762  -72.830  7.423 0.4000000060
10470  16.597  -68.481  6.724 0.5000000000
9711  16.819  -69.082  7.459 0.4000000060
149465  17.577  -69.182  7.645 0.4000000060
9709  19.119  -69.222  7.280 0.4000000060
9685  18.318  -69.417  8.081 0.4000000060
9011  18.384  -70.375  8.953 0.4000000060
7664  22.561  -72.672  8.629 0.5000000000
9010  19.279  -70.338  8.989 0.4000000060
8347  18.963  -71.800  9.138 0.4000000060
8363  19.048  -72.401  8.512 0.4000000060
8361  23.044  -71.937  8.702 0.4000000060
7665  21.548  -72.574  8.795 0.5000000000
152236  20.302  -72.365  8.862 0.4000000060
7666  20.720  -72.697  8.510 0.4000000060
138857  18.423  -68.241  6.091 0.4000000060
9708  20.108  -69.356  7.175 0.4000000060
9684  19.737  -69.676  8.305 0.4000000060
8373  24.565  -71.520  7.131 0.4000000060
9009  20.119  -70.376  9.013 0.4000000060
7658  19.831  -72.087  9.076 0.4000000060
9007  22.797  -70.972  8.578 0.4000000060
8362  22.211  -71.719  8.979 0.4000000060
9008  21.834  -70.637  8.781 0.4000000060
7657  20.647  -72.170  9.065 0.4000000060
140172  17.173  -67.865  6.326 0.5000000000
11301  18.605  -67.368  5.949 0.4000000060
10486  19.244  -68.059  5.602 0.4000000060
10485  19.990  -68.419  5.532 0.4000000060
9731  20.523  -69.056  5.970 0.4000000060
127176  21.050  -69.461  7.010 0.4000000060
9706  21.960  -69.573  6.918 0.4000000060
9683  20.718  -69.781  8.274 0.4000000060
9041  23.671  -70.090  6.617 0.4000000060
9042  22.841  -69.767  6.805 0.4000000060
151263  21.280  -70.154  8.582 0.4000000060
12069  18.210  -66.560  6.416 0.5000000000
12068  19.087  -66.626  6.191 0.5000000000
11290  19.485  -66.551  6.824 0.6000000238
133303  19.426  -67.132  5.758 0.5000000000
10497  21.469  -68.015  5.398 0.4000000060
9745  21.870  -68.685  5.568 0.4000000060
9744  22.814  -68.688  5.538 0.4000000060
9743  23.612  -69.064  5.506 0.4000000060
127824  21.152  -67.017  6.378 0.4000000060
11274  20.620  -67.198  8.351 0.5000000000
11288  21.872  -67.191  6.541 0.4000000060
11309  22.450  -67.641  5.713 0.4000000060
135725  22.191  -67.436  7.718 0.5000000000
141049  23.065  -67.568  7.913 0.4000000060
147816  22.364  -67.342  5.985 0.4000000060
134504  23.179  -67.562  6.163 0.4000000060
11273  21.534  -67.471  8.850 0.6000000238
147567  20.800  -67.368  9.421 0.6000000238
150830  23.287  -67.618  8.693 0.5000000000
11271  23.889  -67.684  8.298 0.4000000060
12676  20.278  -65.804  11.082 0.5000000000
153006  14.087  -63.327  21.731 0.5000000000
146048  12.560  -62.433  20.833 0.5000000000
15696  12.996  -61.016  20.263 0.5000000000
14786  13.598  -62.852  21.609 0.5000000000
15684  12.754  -61.758  20.593 0.5000000000
14787  12.746  -63.122  21.307 0.5000000000
6322  21.894  -74.961  6.709 0.5000000000
127686  20.995  -74.528  6.221 0.5000000000
9733  18.920  -68.721  6.212 0.4000000060
9732  19.609  -68.912  6.133 0.4000000060
9030  22.446  -70.098  7.904 0.4000000060
11300  20.148  -67.394  5.556 0.4000000060
11311  21.076  -67.412  5.605 0.4000000060
9730  21.433  -69.208  6.033 0.4000000060
9729  22.311  -69.297  5.973 0.4000000060
11289  20.432  -66.776  6.836 0.5000000000
11308  22.920  -67.976  5.647 0.4000000060
135214  21.289  -67.170  7.370 0.5000000000
11272  22.652  -67.585  9.014 0.6000000238
11286  23.602  -67.551  6.981 0.5000000000
132747  22.952  -67.455  10.325 0.5000000000
14114  32.184  -63.759  7.868 0.3000000119
13383  31.671  -63.987  8.082 0.3000000119
13384  30.770  -64.020  8.383 0.3000000119
14128  32.473  -63.471  7.416 0.3000000119
15829  34.326  -62.782  6.926 0.3000000119
16657  33.832  -61.564  7.880 0.3000000119
15828  35.108  -62.225  7.127 0.3000000119
13370  30.641  -64.344  9.716 0.3000000119
126998  28.944  -64.385  11.257 0.4000000060
147289  28.313  -63.934  10.913 0.4000000060
129685  31.487  -64.182  8.877 0.3000000119
14067  27.590  -63.736  11.027 0.4000000060
146935  29.964  -64.027  8.937 0.4000000060
14080  25.264  -63.422  10.519 0.4000000060
14071  23.800  -63.934  11.100 0.4000000060
14113  32.558  -63.501  8.045 0.3000000119
14115  30.610  -63.662  7.700 0.3000000119
14095  28.368  -63.552  9.048 0.4000000060
14996  34.526  -62.722  6.312 0.3000000119
14133  31.861  -63.295  6.849 0.3000000119
12650  27.209  -65.464  12.304 0.4000000060
12018  25.537  -66.440  11.767 0.4000000060
12021  23.025  -66.643  11.499 0.4000000060
12667  23.703  -65.857  11.816 0.4000000060
13335  29.839  -64.709  11.320 0.4000000060
13317  27.681  -64.896  12.123 0.4000000060
13318  26.801  -64.851  12.189 0.4000000060
13340  24.331  -65.169  11.909 0.4000000060
145419  24.238  -64.484  11.596 0.4000000060
150719  30.421  -64.559  10.831 0.3000000119
13337  27.194  -64.172  11.712 0.4000000060
143020  25.465  -64.388  11.791 0.4000000060
13343  21.622  -65.109  11.346 0.4000000060
13369  31.960  -64.292  9.646 0.3000000119
14069  25.792  -63.704  11.266 0.4000000060
13341  23.449  -64.909  11.650 0.4000000060
136443  32.814  -63.251  8.431 0.3000000119
14096  27.508  -63.384  9.234 0.4000000060
140133  30.194  -63.281  7.478 0.4000000060
139052  26.263  -66.879  11.537 0.4000000060
11223  24.419  -67.144  11.046 0.4000000060
12017  27.031  -66.806  11.858 0.4000000060
11998  26.374  -66.270  12.055 0.4000000060
11224  23.503  -67.177  11.063 0.4000000060
12663  30.793  -65.562  11.803 0.3000000119
12649  28.675  -65.666  12.245 0.4000000060
14972  33.051  -63.074  9.616 0.3000000119
13368  32.807  -63.889  9.643 0.3000000119
12669  21.956  -65.806  11.574 0.4000000060
14973  32.800  -62.739  9.141 0.3000000119
132748  23.951  -67.436  10.300 0.4000000060
11242  24.905  -67.455  10.274 0.4000000060
15854  31.084  -62.619  6.825 0.3000000119
15852  33.443  -62.297  6.197 0.3000000119
14134  31.299  -63.106  6.841 0.3000000119
12670  21.104  -65.874  11.394 0.4000000060
11225  22.223  -66.949  11.242 0.4000000060
11243  22.274  -67.280  10.780 0.4000000060
11257  24.414  -67.651  9.370 0.4000000060
13371  29.512  -64.070  9.705 0.3000000119
14997  33.867  -62.842  6.590 0.3000000119
15838  35.105  -62.528  6.453 0.3000000119
151605  28.179  -65.273  12.195 0.4000000060
14094  29.189  -63.774  8.917 0.4000000060
14068  26.705  -63.640  11.173 0.4000000060
14078  27.119  -63.443  10.264 0.4000000060
14070  24.825  -63.919  11.322 0.4000000060
13385  29.799  -63.655  8.097 0.4000000060
11997  27.284  -66.202  12.251 0.4000000060
12019  24.812  -66.656  11.498 0.4000000060
12666  24.725  -65.964  11.952 0.4000000060
12664  30.054  -65.308  11.792 0.3000000119
13338  26.318  -64.210  11.795 0.4000000060
13355  31.326  -64.633  10.724 0.3000000119
11996  28.231  -66.409  12.299 0.4000000060
12648  29.559  -65.791  12.174 0.3000000119
13354  32.540  -64.468  10.578 0.3000000119
5033  17.062  -76.260  9.223 0.3000000119
5052  16.027  -76.929  8.663 0.3000000119
5690  17.800  -75.847  9.531 0.3000000119
129175  16.520  -76.370  9.908 0.3000000119
150641  17.775  -76.051  8.811 0.3000000119
5051  16.620  -76.571  8.512 0.3000000119
5688  19.807  -75.542  9.541 0.3000000119
5689  18.730  -75.548  9.774 0.3000000119
5024  17.103  -76.000  10.134 0.3000000119
5702  20.218  -75.952  8.543 0.3000000119
5704  18.455  -75.856  8.870 0.3000000119
5066  16.875  -76.444  7.697 0.3000000119
143498  19.399  -75.100  5.482 0.3000000119
141677  20.396  -75.258  10.254 0.3000000119
5672  19.471  -75.260  10.478 0.3000000119
5687  20.745  -75.659  9.338 0.3000000119
5674  17.825  -75.612  10.407 0.3000000119
5064  18.980  -75.923  7.296 0.3000000119
5062  21.041  -76.383  6.973 0.3000000119
5079  19.576  -75.637  6.337 0.3000000119
5686  21.644  -75.800  9.177 0.3000000119
5048  19.723  -76.095  7.848 0.3000000119
5701  21.098  -76.186  8.329 0.3000000119
5046  21.490  -76.499  7.395 0.3000000119
5063  20.134  -76.212  7.058 0.3000000119
5060  22.736  -76.659  6.901 0.3000000119
6308  24.348  -74.768  6.670 0.4000000060
5713  23.257  -75.771  6.478 0.4000000060
3342  15.531  -79.102  12.408 0.3000000119
145449  17.078  -80.036  10.358 0.3000000119
5025  16.422  -76.243  10.629 0.3000000119
4448  15.190  -77.355  10.238 0.3000000119
5645  18.081  -75.123  12.435 0.3000000119
5661  16.747  -75.751  12.012 0.3000000119
4423  15.451  -77.687  12.719 0.3000000119
3857  15.068  -78.744  12.375 0.3000000119
2902  16.147  -79.981  11.395 0.3000000119
6265  20.672  -74.666  11.648 0.3000000119
5660  17.539  -75.422  11.804 0.3000000119
5016  16.111  -76.281  12.304 0.3000000119
147499  14.689  -78.752  11.980 0.3000000119
3358  15.406  -79.685  11.944 0.3000000119
143388  17.852  -75.435  11.132 0.3000000119
5675  17.078  -75.755  11.073 0.3000000119
5017  15.651  -76.677  11.744 0.3000000119
4434  14.737  -77.953  11.637 0.3000000119
152986  15.838  -76.545  11.014 0.3000000119
4442  14.662  -77.884  10.764 0.3000000119
5049  18.218  -76.046  8.124 0.3000000119
5065  17.737  -76.084  7.250 0.3000000119
5657  20.098  -74.966  11.081 0.3000000119
5047  20.629  -76.310  7.579 0.3000000119
3341  16.271  -78.812  12.757 0.3000000119
5659  18.366  -75.194  11.605 0.3000000119
5647  16.559  -75.948  12.863 0.3000000119
132915  16.283  -76.166  11.448 0.3000000119
4433  15.199  -77.373  12.044 0.3000000119
3868  14.347  -78.718  11.307 0.3000000119
5727  23.031  -76.521  6.716 0.3000000119
9724  29.892  -69.714  6.338 0.3000000119
9738  29.342  -69.833  6.034 0.3000000119
8389  27.597  -71.102  5.682 0.3000000119
8390  26.780  -71.550  5.577 0.4000000060
8381  25.424  -71.553  5.930 0.4000000060
8382  25.064  -71.701  6.437 0.3000000119
8360  23.623  -72.200  8.359 0.3000000119
137532  28.454  -69.500  6.277 0.3000000119
128060  27.320  -69.680  5.834 0.4000000060
128577  25.941  -70.119  5.517 0.4000000060
9049  25.199  -69.946  5.628 0.4000000060
9040  24.473  -70.574  6.417 0.3000000119
10495  24.580  -68.635  5.653 0.4000000060
9742  24.433  -69.212  5.542 0.4000000060
9728  23.189  -69.437  5.893 0.3000000119
126956  23.690  -68.471  5.611 0.3000000119
9036  32.674  -69.280  6.602 0.3000000119
9037  31.910  -69.526  6.585 0.3000000119
7698  28.084  -71.587  5.916 0.4000000060
8391  25.962  -71.884  5.672 0.3000000119
7689  25.526  -72.598  6.035 0.3000000119
7690  25.163  -73.527  6.453 0.3000000119
9723  31.644  -69.234  6.695 0.3000000119
9702  30.510  -69.462  6.715 0.3000000119
9703  29.514  -69.509  6.597 0.3000000119
9704  28.707  -69.417  6.681 0.3000000119
9726  27.635  -69.379  6.175 0.3000000119
9740  26.351  -69.567  5.687 0.4000000060
9681  29.408  -69.360  8.213 0.3000000119
9682  28.506  -69.186  8.602 0.3000000119
10464  28.118  -69.216  7.518 0.3000000119
10480  27.024  -69.028  6.542 0.4000000060
10493  25.947  -68.943  5.796 0.4000000060
10452  27.537  -68.851  8.467 0.3000000119
10466  26.344  -68.546  7.065 0.4000000060
10483  24.768  -68.207  5.961 0.4000000060
11255  26.173  -67.889  9.602 0.3000000119
10442  26.088  -68.074  8.828 0.4000000060
10467  25.603  -68.205  7.093 0.4000000060
11296  24.079  -67.784  6.252 0.4000000060
11240  26.641  -67.871  10.228 0.3000000119
11270  24.811  -67.797  8.410 0.4000000060
11256  25.381  -67.770  9.336 0.3000000119
7655  31.256  -72.345  9.848 0.3000000119
7660  30.936  -71.717  8.916 0.3000000119
139571  29.859  -73.205  8.372 0.3000000119
6943  29.368  -73.808  7.785 0.3000000119
9027  33.305  -69.517  6.885 0.3000000119
8370  31.337  -70.636  6.955 0.3000000119
8371  30.664  -70.921  6.863 0.3000000119
6952  29.071  -73.168  7.062 0.3000000119
10461  34.391  -68.703  7.173 0.3000000119
9700  34.126  -69.012  6.864 0.3000000119
8372  29.970  -71.434  6.833 0.3000000119
7686  28.754  -72.520  6.560 0.3000000119
7688  27.713  -73.093  6.107 0.3000000119
6964  26.369  -73.633  5.643 0.3000000119
6956  25.661  -73.889  5.811 0.3000000119
6319  25.525  -74.986  5.750 0.3000000119
6320  24.960  -75.678  5.861 0.3000000119
10463  32.938  -68.799  6.671 0.3000000119
10440  27.896  -68.762  9.501 0.3000000119
10453  26.663  -68.486  8.193 0.3000000119
10424  28.466  -68.563  10.390 0.3000000119
10441  26.912  -68.336  9.337 0.3000000119
11239  27.122  -67.720  10.896 0.3000000119
152345  26.846  -67.266  11.376 0.3000000119
11241  25.813  -67.574  10.256 0.3000000119
7644  31.771  -72.847  10.609 0.3000000119
8344  31.748  -71.375  9.201 0.3000000119
7661  30.358  -72.137  8.538 0.3000000119
9003  33.740  -70.101  7.569 0.3000000119
8359  30.799  -71.331  7.875 0.3000000119
5725  24.429  -76.338  6.205 0.3000000119
7654  32.105  -71.799  10.082 0.3000000119
8342  33.622  -70.886  9.307 0.3000000119
8985  33.184  -70.619  8.413 0.3000000119
8358  31.680  -70.906  7.958 0.3000000119
9026  34.176  -69.478  7.238 0.3000000119
7643  32.833  -72.397  10.723 0.3000000119
8326  33.717  -71.596  10.281 0.3000000119
136816  34.398  -70.472  8.820 0.3000000119
8984  33.945  -70.418  8.354 0.3000000119
151068  24.659  -75.387  6.062 0.3000000119
139678  24.515  -73.766  7.253 0.3000000119
7676  24.751  -72.627  7.243 0.3000000119
9050  24.663  -69.947  5.797 0.4000000060
11285  24.442  -67.745  7.295 0.4000000060
11221  27.509  -67.406  11.527 0.3000000119
9038  30.871  -69.699  6.435 0.3000000119
9047  27.906  -70.187  5.700 0.3000000119
9039  29.951  -69.987  6.097 0.3000000119
9048  26.883  -70.408  5.596 0.4000000060
127415  25.641  -70.845  5.699 0.4000000060
8392  25.047  -70.747  5.913 0.4000000060
10481  26.332  -68.801  6.256 0.4000000060
9721  32.829  -68.951  6.526 0.3000000119
8378  30.419  -70.359  6.415 0.3000000119
7687  28.176  -72.406  6.200 0.3000000119
8379  29.608  -70.822  6.303 0.3000000119
7700  26.568  -72.620  5.630 0.4000000060
7701  25.947  -72.950  5.709 0.3000000119
10451  32.724  -68.649  7.077 0.3000000119
132119  31.324  -69.058  7.096 0.3000000119
9680  30.298  -69.339  7.737 0.3000000119
10465  27.247  -68.897  7.392 0.4000000060
10425  27.471  -68.271  10.278 0.3000000119
7662  29.598  -72.572  7.454 0.3000000119
6953  28.338  -73.489  6.598 0.3000000119
10406  28.808  -68.138  11.237 0.3000000119
8265  15.805  -71.576  13.360 0.4000000060
3343  14.957  -79.232  12.168 0.3000000119
3856  15.501  -78.457  12.694 0.3000000119
4424  14.990  -78.126  12.308 0.3000000119
4441  15.237  -77.161  11.096 0.3000000119
5007  15.631  -76.932  12.587 0.3000000119
5026  15.814  -76.746  10.213 0.3000000119
5034  16.250  -76.665  9.315 0.3000000119
5050  17.381  -76.275  8.295 0.3000000119
5061  21.925  -76.530  6.964 0.3000000119
5077  21.328  -76.105  6.700 0.5000000000
5658  19.230  -75.062  11.339 0.3000000119
5673  18.572  -75.330  10.794 0.3000000119
5703  19.307  -75.793  8.788 0.3000000119
5726  23.712  -76.458  6.468 0.3000000119
5729  20.658  -74.947  6.123 0.4000000060
5736  19.491  -74.261  4.803 0.4000000060
6321  24.143  -75.840  6.204 0.3000000119
6330  20.042  -73.696  5.205 0.4000000060
6335  18.785  -74.227  3.944 0.5000000000
6852  14.139  -73.174  16.916 0.6000000238
6934  29.542  -74.247  8.437 0.3000000119
6935  23.092  -73.533  8.127 0.5000000000
6947  21.060  -73.658  6.734 0.5000000000
6957  25.061  -74.723  6.019 0.4000000060
6963  27.105  -73.317  5.755 0.3000000119
6965  19.677  -73.572  4.912 0.4000000060
6966  19.213  -73.326  4.791 0.5000000000
7575  15.437  -72.258  14.505 0.5000000000
7596  14.701  -72.480  13.756 0.5000000000
7663  23.271  -72.695  8.457 0.5000000000
7667  20.030  -72.580  8.425 0.4000000060
7675  30.135  -71.858  7.725 0.3000000119
7699  27.440  -72.257  5.765 0.4000000060
7702  18.335  -72.999  5.042 0.5000000000
8210  16.587  -70.985  16.442 0.5000000000
8327  32.947  -71.502  9.999 0.3000000119
8343  32.616  -71.107  9.315 0.3000000119
8345  21.265  -71.576  9.169 0.4000000060
8346  20.387  -71.425  9.244 0.4000000060
8357  32.349  -70.860  8.534 0.3000000119
8364  18.338  -72.027  8.920 0.4000000060
8368  14.625  -71.611  7.999 0.5000000000
8374  24.199  -71.924  7.909 0.3000000119
8380  28.787  -71.465  6.203 0.3000000119
8385  10.234  -71.345  6.281 0.5000000000
8386  9.879  -70.664  6.114 0.6000000238
8387  29.190  -70.339  5.963 0.4000000060
8388  28.413  -70.727  5.812 0.4000000060
8931  17.174  -70.679  15.266 0.5000000000
8946  16.806  -70.402  13.367 0.5000000000
8959  16.312  -69.897  11.782 0.6000000238
8960  15.948  -70.520  11.909 0.6000000238
8961  15.176  -70.642  11.300 0.5000000000
8972  13.705  -70.527  10.223 0.5000000000
8986  19.564  -71.229  9.262 0.4000000060
8987  18.876  -71.041  9.253 0.4000000060
9004  32.753  -70.392  7.551 0.3000000119
9005  32.198  -70.067  6.730 0.3000000119
9006  23.295  -70.467  7.691 0.4000000060
9012  17.484  -71.000  9.098 0.4000000060
9015  14.255  -71.003  7.930 0.4000000060
9028  31.305  -70.147  6.535 0.3000000119
9029  24.047  -70.934  7.424 0.3000000119
9035  33.281  -69.046  6.604 0.3000000119
9044  10.474  -70.301  5.864 0.6000000238
9045  9.910  -70.048  5.953 0.6000000238
9046  28.732  -69.977  5.799 0.3000000119
9051  24.004  -69.680  5.848 0.4000000060
9620  17.909  -69.093  14.948 0.4000000060
9642  16.758  -69.294  12.152 0.5000000000
9658  15.000  -69.281  10.155 0.5000000000
9659  14.137  -69.713  9.866 0.5000000000
9669  14.365  -68.989  9.687 0.5000000000
9678  34.978  -69.215  7.412 0.3000000119
9679  32.014  -68.874  7.722 0.3000000119
9686  17.578  -69.966  8.620 0.4000000060
9701  32.298  -68.883  6.702 0.3000000119
9705  27.870  -69.273  6.702 0.3000000119
9707  21.580  -69.825  8.021 0.4000000060
9710  18.297  -68.856  6.839 0.4000000060
9715  13.504  -69.985  7.181 0.6999999881
9722  32.320  -69.083  6.564 0.3000000119
9725  29.158  -69.595  6.280 0.3000000119
9727  26.774  -69.191  5.979 0.4000000060
9737  9.927  -69.285  6.246 0.6000000238
9739  28.216  -69.680  5.941 0.3000000119
9741  25.366  -69.264  5.595 0.4000000060
9746  21.146  -68.732  5.592 0.4000000060
10329  17.269  -68.030  17.031 0.5000000000
10363  17.938  -68.631  15.728 0.4000000060
10373  18.052  -68.415  14.995 0.4000000060
10392  17.406  -68.507  13.266 0.5000000000
10393  16.957  -68.398  12.455 0.5000000000
10407  27.932  -68.014  11.057 0.3000000119
10409  15.949  -68.488  10.975 0.5000000000
10426  15.362  -68.439  10.407 0.5000000000
10454  25.893  -68.199  7.904 0.4000000060
10456  10.758  -67.965  7.261 0.6999999881
10462  33.453  -68.904  6.672 0.3000000119
10468  24.950  -68.007  6.686 0.4000000060
10469  17.520  -68.530  6.604 0.4000000060
10474  10.355  -68.676  6.469 0.5000000000
10482  25.607  -68.433  6.284 0.4000000060
10484  24.104  -68.123  5.793 0.3000000119
10487  17.890  -67.843  6.128 0.4000000060
10488  16.334  -67.883  6.431 0.6000000238
10490  13.154  -68.314  6.404 0.6999999881
10494  25.245  -68.674  5.738 0.4000000060
10496  22.233  -68.001  5.516 0.4000000060
10498  20.685  -68.176  5.369 0.4000000060
11105  12.957  -67.241  19.472 0.5000000000
11116  15.995  -67.088  18.336 0.5000000000
11120  12.574  -67.350  18.559 0.6000000238
11148  17.699  -67.549  16.644 0.6000000238
11183  10.890  -67.225  14.233 0.5000000000
11192  16.987  -67.255  13.297 0.4000000060
11204  27.854  -66.935  12.090 0.4000000060
11206  16.683  -67.549  12.600 0.6000000238
11222  26.352  -67.417  10.920 0.3000000119
11226  16.465  -67.842  12.017 0.6000000238
11227  15.909  -67.644  11.472 0.6000000238
11245  20.672  -67.205  10.253 0.6999999881
11258  23.526  -67.601  9.384 0.4000000060
11259  22.019  -67.478  10.011 0.4000000060
11260  21.276  -67.423  9.934 0.6000000238
11261  14.253  -67.814  9.752 0.5000000000
11262  13.477  -67.657  9.409 0.5000000000
11269  25.202  -67.944  7.643 0.4000000060
11276  11.455  -67.397  7.961 0.6000000238
11287  22.736  -67.389  6.762 0.4000000060
11291  11.097  -67.242  6.927 0.6999999881
11297  23.468  -67.854  5.820 0.4000000060
11298  21.514  -67.125  5.911 0.4000000060
11299  20.718  -66.947  5.938 0.4000000060
11302  17.730  -67.193  6.239 0.5000000000
11310  21.856  -67.512  5.653 0.4000000060
11887  13.753  -66.322  20.492 0.5000000000
11889  12.050  -66.204  20.521 0.5000000000
11890  11.228  -65.944  20.200 0.6000000238
11899  14.134  -66.881  19.815 0.5000000000
11900  13.330  -66.917  20.073 0.5000000000
11902  11.667  -66.582  19.828 0.6000000238
11913  14.760  -67.012  19.267 0.5000000000
11916  9.765  -66.196  18.256 0.6000000238
11924  10.420  -66.580  17.609 0.6000000238
11926  8.753  -65.899  17.222 0.5000000000
11937  17.591  -66.828  16.733 0.6000000238
11953  17.944  -67.068  16.047 0.6000000238
11955  11.179  -66.907  15.862 0.6000000238
11956  10.248  -66.667  14.824 0.6000000238
11957  9.312  -66.409  15.450 0.6000000238
11959  7.689  -65.905  15.161 0.5000000000
11966  17.779  -67.020  15.070 0.6000000238
11970  8.264  -66.312  14.354 0.5000000000
11979  17.373  -67.068  14.138 0.6000000238
11982  9.576  -66.757  13.364 0.5000000000
11983  8.844  -66.656  12.765 0.5000000000
11984  6.907  -66.110  13.542 0.5000000000
11995  29.114  -66.486  12.291 0.3000000119
11999  25.692  -65.733  12.143 0.4000000060
12020  24.015  -66.609  11.521 0.4000000060
12033  20.664  -66.604  10.984 0.6000000238
12035  19.102  -66.169  10.450 0.6999999881
12045  17.897  -66.123  9.261 0.6999999881
12052  18.405  -66.430  8.646 0.6000000238
12061  19.898  -66.715  6.012 0.5000000000
12063  14.280  -66.430  6.841 0.6999999881
12066  11.401  -66.820  7.178 0.6000000238
12072  15.716  -66.494  6.698 0.6000000238
12074  11.607  -66.694  7.001 0.6999999881
12538  13.137  -65.076  21.378 0.6000000238
12547  13.438  -65.748  21.035 0.5000000000
12549  11.745  -65.414  20.722 0.6000000238
12559  14.805  -65.533  20.215 0.5000000000
12574  9.457  -65.557  18.625 0.6000000238
12584  16.128  -65.721  17.535 0.6000000238
12587  8.631  -65.378  17.683 0.6000000238
12603  15.523  -64.472  16.230 0.6999999881
12604  7.832  -65.267  16.529 0.5000000000
12617  16.852  -65.680  15.610 0.6999999881
12620  6.499  -65.104  14.299 0.5000000000
12630  15.260  -64.739  14.737 0.6999999881
12631  14.676  -64.352  14.250 0.6999999881
12639  14.967  -65.017  13.901 0.6999999881
12647  30.222  -65.842  12.095 0.3000000119
12651  26.528  -65.604  12.260 0.4000000060
12665  29.269  -65.082  11.834 0.4000000060
12668  22.798  -65.775  11.690 0.4000000060
12671  13.796  -65.366  11.432 0.6000000238
12678  18.587  -65.515  10.390 0.6000000238
12681  12.901  -65.167  9.667 0.6999999881
12686  17.286  -65.549  9.278 0.6999999881
12695  15.952  -64.869  8.534 0.6999999881
12709  15.064  -66.026  6.961 0.6000000238
13218  14.332  -64.787  21.321 0.5000000000
13220  13.034  -64.413  21.507 0.6000000238
13226  16.159  -64.190  20.367 0.5000000000
13227  15.560  -64.419  20.828 0.5000000000
13228  11.529  -64.535  20.658 0.6000000238
13236  15.487  -64.885  19.014 0.5000000000
13238  10.402  -64.865  19.805 0.6000000238
13253  9.333  -64.840  18.753 0.6000000238
13266  15.607  -64.452  17.007 0.6000000238
13268  8.471  -64.768  17.652 0.5000000000
13290  15.149  -64.262  15.393 0.6999999881
13292  7.127  -64.091  15.614 0.6000000238
13312  6.111  -64.684  13.525 0.5000000000
13319  25.967  -64.969  12.199 0.4000000060
13320  14.300  -64.004  13.290 0.6000000238
13334  30.673  -64.956  11.381 0.3000000119
13336  28.478  -64.886  11.926 0.4000000060
13339  25.148  -65.145  12.076 0.4000000060
13342  22.470  -65.040  11.491 0.4000000060
13356  29.689  -64.337  10.578 0.3000000119
13357  28.890  -64.004  10.391 0.4000000060
13359  22.153  -64.363  11.011 0.5000000000
13360  21.366  -64.360  10.860 0.6000000238
13364  13.094  -64.798  10.184 0.6999999881
13372  28.802  -63.800  9.648 0.4000000060
13374  17.195  -64.716  9.625 0.8000000119
13376  13.165  -64.428  9.657 0.6999999881
13377  12.972  -64.746  9.038 0.6999999881
13382  32.242  -63.901  8.661 0.3000000119
13388  13.866  -64.169  8.607 0.6999999881
13934  12.692  -63.942  21.416 0.6000000238
13971  17.253  -63.537  18.890 0.6000000238
13972  16.380  -63.779  18.261 0.6000000238
13975  10.221  -63.538  18.902 0.6000000238
13986  16.170  -63.609  17.462 0.6000000238
13989  9.193  -63.561  17.843 0.6000000238
13990  8.498  -63.989  17.486 0.6000000238
14003  15.481  -63.927  16.475 0.6999999881
14004  8.922  -63.213  17.083 0.6000000238
14022  7.469  -63.473  15.482 0.5000000000
14035  14.816  -63.890  14.586 0.6999999881
14043  16.048  -63.321  13.716 0.6000000238
14045  14.542  -63.908  13.923 0.6000000238
14057  13.669  -64.059  11.464 0.6999999881
14073  14.445  -63.373  11.550 0.6000000238
14077  28.095  -63.622  10.129 0.4000000060
14079  26.185  -63.367  10.403 0.4000000060
14081  24.457  -63.533  10.561 0.4000000060
14084  21.006  -63.716  10.236 0.6999999881
14087  18.311  -63.735  9.865 0.6000000238
14089  13.527  -63.872  10.640 0.6999999881
14093  32.676  -63.386  8.986 0.3000000119
14100  23.724  -63.362  9.919 0.5000000000
14103  20.547  -63.166  9.460 0.6999999881
14106  14.854  -62.642  9.051 0.6999999881
14108  13.480  -63.841  9.857 0.6000000238
14116  28.751  -63.457  8.181 0.4000000060
14118  26.691  -62.965  7.781 0.5000000000
14119  26.009  -63.075  8.408 0.5000000000
14125  14.778  -63.353  8.796 0.8000000119
14127  13.512  -64.074  9.115 0.8000000119
14783  16.389  -62.675  21.456 0.6000000238
14785  14.422  -62.665  21.713 0.6000000238
14799  18.031  -62.738  20.760 0.5000000000
14800  13.142  -62.272  21.237 0.5000000000
14801  12.034  -62.940  20.578 0.5000000000
14812  19.863  -62.563  19.603 0.4000000060
14813  19.041  -62.871  19.550 0.5000000000
14814  12.175  -62.142  20.143 0.6000000238
14828  18.765  -62.769  18.519 0.5000000000
14831  10.575  -62.728  18.432 0.6000000238
14849  17.613  -62.862  17.399 0.6000000238
14850  10.846  -62.037  17.989 0.6000000238
14868  19.325  -62.365  16.258 0.6999999881
14869  18.027  -62.596  16.843 0.6000000238
14871  16.821  -63.129  16.987 0.6000000238
14886  20.611  -62.516  15.420 0.6999999881
14892  8.941  -62.278  14.738 0.5000000000
14893  8.133  -62.830  15.168 0.5000000000
14908  19.169  -62.605  14.119 0.8000000119
14910  16.664  -63.214  14.430 0.6999999881
14919  24.410  -62.093  13.588 0.6000000238
14921  22.897  -62.710  13.954 0.6000000238
14924  19.788  -62.427  13.528 0.8000000119
14926  18.162  -62.639  13.074 0.6999999881
14939  23.101  -62.386  13.052 0.6000000238
14940  21.495  -62.381  13.275 0.6999999881
14956  14.501  -62.864  10.580 0.6999999881
14967  14.563  -62.615  9.833 0.6999999881
14977  18.205  -62.774  9.091 0.6000000238
14979  14.996  -62.249  9.370 0.6000000238
14984  25.947  -62.760  7.772 0.6000000238
14986  24.473  -62.704  8.224 0.6000000238
14987  23.626  -62.598  8.329 0.6000000238
14993  16.765  -61.474  8.515 0.6000000238
14995  15.358  -61.905  8.976 0.6000000238
14998  33.045  -63.192  6.870 0.3000000119
14999  30.604  -63.010  7.058 0.3000000119
15000  29.679  -62.685  7.387 0.5000000000
15005  23.234  -62.054  7.885 0.6000000238
15008  31.870  -62.893  6.608 0.3000000119
15665  16.539  -61.276  21.615 0.4000000060
15667  14.860  -61.767  21.659 0.6000000238
15683  13.405  -61.476  20.998 0.5000000000
15697  12.410  -61.398  19.796 0.6000000238
15729  11.010  -61.476  17.476 0.6000000238
15744  11.065  -61.077  16.938 0.6000000238
15791  21.232  -61.960  12.486 0.8000000119
15792  20.415  -61.722  12.151 0.8000000119
15794  19.079  -61.610  11.843 0.6999999881
15802  23.322  -61.284  11.496 0.8000000119
15822  15.588  -61.585  9.279 0.6000000238
15827  16.014  -61.045  8.939 0.6999999881
15831  22.039  -61.721  8.059 0.6999999881
15832  21.227  -60.817  7.949 0.6999999881
15833  19.134  -60.391  8.482 0.6999999881
15835  16.924  -60.710  8.644 0.6999999881
15844  26.602  -61.241  7.435 0.6000000238
15846  24.675  -61.552  7.507 0.6000000238
15853  31.652  -62.105  6.670 0.4000000060
16499  15.344  -60.170  21.153 0.5000000000
16500  14.848  -60.914  21.388 0.6000000238
16515  13.674  -60.698  20.617 0.5000000000
16543  12.923  -60.037  19.080 0.6000000238
16544  12.389  -60.440  18.724 0.6000000238
16545  11.903  -60.764  18.334 0.6000000238
16573  11.961  -59.896  17.148 0.5000000000
16574  11.382  -60.508  16.650 0.6000000238
16587  11.219  -60.441  15.794 0.5000000000
16627  21.498  -60.485  10.764 0.6000000238
16628  20.607  -60.436  10.674 0.6000000238
16630  19.030  -60.461  10.315 0.6999999881
16642  24.887  -60.249  10.876 0.5000000000
16643  24.118  -59.837  10.269 0.6000000238
16644  22.548  -59.675  10.068 0.6000000238
16647  19.452  -59.894  9.542 0.6999999881
16648  17.794  -60.388  9.420 0.6999999881
16652  19.001  -59.908  9.087 0.6999999881
16653  18.201  -60.127  8.982 0.6999999881
16658  20.723  -59.832  8.291 0.6999999881
16661  18.394  -60.264  8.752 0.6999999881
16666  29.625  -60.420  7.508 0.4000000060
16667  26.879  -60.287  7.604 0.6000000238
16669  25.073  -60.483  7.522 0.6000000238
16672  22.347  -60.077  7.824 0.6999999881
16678  32.082  -60.583  6.801 0.4000000060
17375  16.201  -59.623  21.070 0.4000000060
17384  17.436  -58.837  20.918 0.4000000060
17386  15.517  -59.331  20.581 0.4000000060
17398  14.665  -58.726  19.182 0.4000000060
17399  14.306  -59.336  19.669 0.4000000060
17427  13.039  -59.113  17.683 0.4000000060
17428  12.570  -59.618  17.819 0.4000000060
17509  26.094  -59.055  10.768 0.5000000000
17519  24.151  -58.881  9.419 0.6000000238
17521  22.103  -59.049  9.376 0.6000000238
17522  20.566  -59.292  9.341 0.6000000238
17524  19.614  -59.613  9.100 0.6999999881
17535  22.614  -58.636  8.934 0.6000000238
17547  22.457  -58.733  8.646 0.6000000238
17550  19.820  -59.491  9.024 0.6999999881
17557  29.838  -59.471  7.625 0.4000000060
17559  27.181  -59.411  7.874 0.6000000238
17561  25.442  -59.524  7.771 0.6000000238
17563  23.623  -59.317  7.814 0.6000000238
17565  22.063  -59.183  8.217 0.6999999881
18272  18.246  -58.180  20.891 0.4000000060
18274  17.009  -58.470  20.479 0.4000000060
18296  14.363  -58.554  18.524 0.4000000060
18411  24.624  -58.483  9.086 0.6000000238
18412  23.796  -58.525  8.832 0.6000000238
18422  23.680  -58.547  8.487 0.6000000238
18437  26.551  -58.839  8.207 0.5000000000
20024  18.412  -56.251  15.692 0.3000000119
20038  18.276  -56.107  13.637 0.3000000119
20054  17.236  -56.548  12.844 0.3000000119
20063  17.379  -56.083  12.196 0.3000000119
20079  15.840  -56.426  12.296 0.4000000060
20885  18.382  -55.524  12.780 0.3000000119
21615  19.753  -54.793  20.337 0.4000000060
21631  19.599  -54.507  19.612 0.4000000060
21660  19.038  -54.959  17.149 0.3000000119
21673  18.852  -54.587  16.524 0.3000000119
21726  16.582  -54.320  11.639 0.3000000119
22482  19.991  -53.774  19.207 0.4000000060
22495  20.255  -53.053  18.805 0.4000000060
22496  19.743  -53.586  18.258 0.4000000060
22508  19.420  -53.677  17.599 0.4000000060
22522  18.677  -53.681  16.508 0.4000000060
22538  17.929  -53.449  15.110 0.4000000060
22545  15.729  -53.551  14.249 0.3000000119
22556  16.034  -53.394  13.335 0.4000000060
22562  16.839  -53.278  11.612 0.4000000060
23447  19.755  -52.418  17.848 0.4000000060
23496  15.297  -52.830  15.659 0.3000000119
23501  18.504  -52.453  13.298 0.3000000119
23515  18.611  -52.217  12.401 0.3000000119
23516  16.603  -52.254  12.030 0.4000000060
23519  18.486  -52.078  12.043 0.3000000119
24435  18.621  -51.199  17.346 0.4000000060
24483  15.345  -50.715  13.367 0.3000000119
24488  17.607  -51.121  11.988 0.5000000000
25333  18.137  -50.306  17.356 0.3000000119
25343  17.393  -50.436  16.335 0.3000000119
25378  15.341  -50.108  13.146 0.3000000119
25383  18.418  -50.398  12.675 0.3000000119
26210  19.370  -49.695  17.898 0.3000000119
26212  17.722  -49.515  17.282 0.3000000119
26249  18.642  -48.800  13.405 0.3000000119
26250  18.224  -49.251  14.299 0.3000000119
26255  18.647  -49.188  12.970 0.3000000119
26266  18.382  -49.634  12.714 0.3000000119
26268  17.154  -49.671  12.433 0.3000000119
26269  16.147  -49.947  12.660 0.3000000119
27202  17.308  -48.610  16.996 0.3000000119
27234  18.619  -47.981  13.199 0.3000000119
27243  17.086  -48.322  12.686 0.3000000119
27255  18.320  -48.783  12.669 0.3000000119
27256  17.540  -48.874  12.524 0.3000000119
28165  18.507  -47.191  13.293 0.3000000119
29093  17.853  -45.661  15.361 0.3000000119
29118  18.029  -45.633  12.624 0.3000000119
127266  13.743  -58.364  16.961 0.3000000119
127760  16.233  -61.029  8.708 0.6999999881
127864  29.310  -72.006  6.729 0.3000000119
128211  12.085  -66.618  8.391 0.6000000238
128341  32.882  -62.480  8.542 0.3000000119
129507  28.992  -69.365  7.401 0.3000000119
129565  18.342  -46.467  12.952 0.3000000119
129847  18.888  -63.257  9.558 0.6000000238
129924  16.080  -57.244  13.349 0.3000000119
130038  17.085  -70.585  14.334 0.5000000000
130060  19.045  -66.595  7.879 0.6999999881
130203  20.083  -62.518  14.939 0.6999999881
130461  20.219  -62.445  18.305 0.6000000238
130953  18.338  -56.229  14.724 0.3000000119
131565  16.275  -71.654  16.131 0.5000000000
133321  19.333  -51.839  17.571 0.3000000119
133682  14.249  -63.802  12.481 0.6999999881
133801  27.004  -63.219  8.384 0.5000000000
134068  13.375  -65.350  7.684 0.6999999881
134862  20.959  -70.573  9.033 0.4000000060
135035  21.617  -62.526  17.113 0.5000000000
135059  20.675  -62.403  16.974 0.5000000000
135128  18.706  -52.016  17.160 0.4000000060
135292  21.716  -58.715  8.962 0.6000000238
135907  13.368  -65.021  10.908 0.6999999881
136565  13.357  -67.679  17.954 0.5000000000
136648  17.650  -53.224  11.284 0.3000000119
137413  17.678  -69.356  14.285 0.4000000060
137436  32.654  -62.624  6.421 0.3000000119
137708  17.281  -47.720  16.989 0.3000000119
138040  31.460  -59.087  7.311 0.4000000060
138200  18.547  -51.523  12.453 0.3000000119
138928  12.181  -66.290  7.210 0.6000000238
139523  10.224  -68.620  6.719 0.6999999881
139801  17.900  -62.642  15.764 0.6000000238
140561  18.622  -52.949  11.907 0.3000000119
140795  18.973  -69.702  8.447 0.4000000060
140831  14.239  -64.041  21.625 0.5000000000
140983  28.033  -64.280  11.518 0.4000000060
141122  18.802  -55.587  16.636 0.3000000119
141265  17.468  -62.544  12.368 0.6000000238
141281  16.743  -61.995  21.584 0.6000000238
141372  23.786  -74.083  7.529 0.3000000119
141435  20.642  -49.933  18.298 0.3000000119
141454  16.480  -63.979  19.014 0.6000000238
141746  29.741  -69.386  7.192 0.3000000119
142255  17.451  -62.957  20.888 0.5000000000
142788  24.698  -61.643  12.852 0.6000000238
142999  15.060  -66.652  6.679 0.6000000238
143172  31.081  -63.454  7.193 0.3000000119
143259  17.982  -50.189  14.392 0.3000000119
143549  22.298  -66.405  11.524 0.6000000238
143969  18.950  -75.925  8.181 0.3000000119
145173  12.529  -68.910  6.370 0.6999999881
145762  27.859  -65.684  12.326 0.4000000060
145807  25.474  -67.944  8.455 0.4000000060
146002  23.551  -71.366  8.239 0.4000000060
146190  25.435  -67.121  11.107 0.4000000060
146504  17.022  -62.990  15.797 0.6000000238
146570  18.532  -55.135  13.335 0.3000000119
147396  34.636  -61.140  7.915 0.3000000119
147678  22.735  -75.077  6.974 0.5000000000
147880  22.866  -67.634  5.847 0.4000000060
148088  24.797  -64.605  11.783 0.4000000060
149362  14.587  -68.033  6.471 0.6999999881
149886  24.800  -74.241  6.601 0.4000000060
150064  35.571  -62.176  6.316 0.3000000119
150094  15.690  -58.757  20.108 0.4000000060
150158  25.214  -72.621  6.516 0.3000000119
150242  20.324  -61.856  8.320 0.6999999881
150266  18.457  -55.648  13.489 0.3000000119
150324  18.871  -55.134  16.585 0.3000000119
150954  17.952  -62.585  16.336 0.6000000238
150968  10.014  -66.542  15.474 0.6000000238
150995  18.039  -62.134  21.253 0.6000000238
151119  26.230  -70.959  5.579 0.4000000060
151255  18.159  -62.347  12.432 0.6999999881
151311  22.774  -67.181  11.083 0.4000000060
151383  29.297  -59.775  7.640 0.4000000060
151886  28.852  -69.671  6.042 0.3000000119
152035  6.643  -65.664  13.945 0.5000000000
152113  17.558  -65.226  9.836 0.8000000119
152327  9.502  -62.469  16.380 0.6000000238
152355  8.706  -63.010  16.409 0.6000000238
152562  23.166  -74.321  7.457 0.5000000000
152589  7.111  -64.713  15.574 0.5000000000
152698  17.896  -62.845  13.655 0.6999999881
153236  15.409  -67.108  6.509 0.6999999881
