#!ascii label  , from subject sub-fsm79bf vox2ras=TkReg
1225
9236  24.239  -81.989  -8.696 0.5000000000
13355  24.734  -76.312  -9.566 0.6000000238
14299  24.051  -75.902  -9.008 0.6000000238
13337  23.423  -76.346  -8.886 0.6000000238
13338  22.701  -76.748  -8.767 0.6000000238
14283  23.935  -75.008  -8.835 0.6999999881
14284  23.377  -75.418  -8.824 0.6000000238
11742  20.088  -78.928  -17.915 0.5000000000
10915  22.990  -79.721  -17.132 0.6000000238
10928  23.262  -79.119  -17.726 0.6000000238
11741  20.900  -78.922  -17.916 0.5000000000
10075  24.686  -81.072  -15.700 0.5000000000
10902  24.160  -80.287  -16.418 0.4000000060
10094  22.350  -80.209  -16.662 0.5000000000
10916  21.568  -79.576  -17.231 0.6000000238
11685  21.268  -78.093  -12.692 0.5000000000
114763  25.668  -80.767  -12.174 0.4000000060
112720  21.889  -78.088  -12.432 0.5000000000
113432  21.093  -78.894  -11.768 0.5000000000
12499  23.014  -78.184  -11.549 0.6000000238
12497  24.590  -77.339  -10.943 0.6000000238
13376  25.286  -76.121  -10.309 0.6000000238
14297  25.076  -75.302  -9.908 0.6999999881
12464  24.396  -77.229  -9.643 0.6000000238
15194  26.037  -73.672  -9.253 0.6000000238
15195  24.880  -74.521  -9.329 0.6999999881
16087  27.416  -73.610  -8.954 0.6000000238
15182  25.861  -73.736  -8.602 0.6000000238
15183  24.981  -74.074  -8.550 0.6999999881
16073  27.231  -73.464  -8.494 0.6999999881
14286  22.169  -76.264  -9.057 0.6000000238
12561  20.116  -77.397  -17.088 0.5000000000
12573  21.412  -78.383  -17.747 0.6000000238
12574  20.556  -78.288  -17.671 0.5000000000
10913  24.523  -79.276  -17.269 0.6000000238
11727  24.025  -79.041  -17.785 0.6999999881
11740  21.729  -78.853  -17.853 0.6000000238
10067  25.280  -81.681  -15.066 0.4000000060
12521  22.225  -76.494  -13.404 0.5000000000
12514  21.851  -77.433  -12.974 0.5000000000
9994  24.418  -80.618  -9.404 0.5000000000
12513  22.563  -77.744  -12.413 0.5000000000
13406  24.625  -76.518  -12.325 0.6999999881
12512  23.476  -77.553  -12.089 0.6000000238
14319  25.459  -75.480  -11.877 0.6999999881
13394  24.936  -76.839  -11.390 0.6000000238
12511  24.301  -77.247  -11.749 0.6000000238
13393  25.352  -76.230  -11.126 0.6999999881
13377  24.959  -76.897  -10.406 0.6000000238
14309  25.419  -75.261  -10.822 0.6999999881
15204  25.726  -73.504  -9.966 0.6000000238
112789  25.258  -74.162  -10.221 0.6000000238
16088  26.773  -73.538  -9.586 0.6000000238
16086  28.871  -73.545  -9.420 0.6000000238
16072  28.138  -73.404  -8.760 0.6999999881
16077  22.851  -73.740  -8.487 0.6999999881
14300  21.717  -75.745  -9.675 0.5000000000
16075  25.602  -73.697  -8.017 0.6999999881
15184  24.173  -74.308  -8.335 0.6999999881
15186  22.732  -74.862  -8.986 0.6000000238
13441  22.340  -76.411  -16.765 0.5000000000
12560  20.992  -77.476  -17.252 0.5000000000
13443  20.501  -76.614  -16.467 0.5000000000
12571  23.983  -77.884  -18.015 0.6999999881
12559  22.087  -77.573  -17.455 0.6000000238
10912  25.073  -79.061  -16.942 0.5000000000
110978  24.973  -78.687  -17.770 0.6999999881
11738  24.450  -78.157  -18.046 0.6999999881
11739  23.785  -78.471  -17.970 0.6000000238
12572  23.065  -78.124  -17.869 0.6000000238
10066  26.129  -81.328  -14.545 0.4000000060
10074  25.385  -80.830  -15.255 0.4000000060
10901  24.732  -79.971  -16.061 0.5000000000
114040  21.666  -75.972  -13.818 0.5000000000
14341  23.851  -75.084  -13.553 0.5000000000
13412  23.161  -75.932  -13.439 0.5000000000
12520  22.987  -77.022  -12.878 0.5000000000
101972  25.388  -74.782  -12.491 0.6000000238
13411  24.165  -76.063  -13.020 0.5000000000
16122  25.545  -73.163  -11.689 0.6999999881
17061  26.499  -71.912  -11.701 0.6000000238
16121  25.921  -72.524  -11.413 0.6999999881
15212  25.473  -74.224  -11.504 0.6999999881
17060  28.216  -72.500  -11.579 0.6000000238
16120  26.737  -72.625  -10.942 0.6000000238
16105  25.557  -73.315  -10.813 0.6999999881
17058  30.177  -72.642  -11.739 0.6999999881
16119  27.868  -73.018  -10.913 0.6000000238
16104  26.188  -73.067  -10.463 0.6000000238
17057  31.722  -72.799  -10.745 0.6000000238
16117  29.818  -73.248  -11.025 0.6999999881
16102  28.428  -73.504  -10.257 0.6999999881
17033  32.240  -72.141  -9.472 0.6000000238
16099  31.048  -73.147  -10.066 0.6000000238
16100  30.264  -73.400  -10.230 0.6999999881
16089  22.245  -73.933  -9.354 0.6000000238
16085  29.797  -73.367  -9.458 0.6999999881
107562  23.660  -73.643  -7.928 0.6999999881
15197  22.047  -74.940  -9.711 0.6000000238
18001  31.909  -71.600  -8.994 0.6999999881
17035  30.969  -72.837  -9.355 0.6000000238
16071  29.232  -73.159  -8.786 0.8000000119
116061  28.444  -73.095  -8.391 0.6999999881
16059  26.930  -73.276  -8.011 0.6999999881
16061  25.285  -73.303  -7.670 0.6999999881
13442  21.341  -76.525  -16.632 0.6000000238
12570  24.715  -77.705  -17.970 0.6999999881
13452  24.223  -77.215  -17.703 0.6999999881
13453  23.252  -77.356  -17.533 0.6000000238
11716  25.468  -78.529  -16.360 0.5000000000
11737  24.933  -78.178  -17.961 0.6999999881
104440  25.983  -80.570  -14.814 0.4000000060
10900  25.340  -79.644  -15.509 0.5000000000
14343  21.847  -74.965  -14.207 0.5000000000
14350  21.032  -74.712  -14.990 0.5000000000
14342  22.737  -74.492  -13.990 0.5000000000
109769  24.334  -74.402  -13.595 0.6000000238
16133  25.563  -72.485  -12.701 0.6000000238
14340  25.062  -74.247  -13.254 0.6999999881
14332  24.942  -75.497  -12.877 0.6999999881
17076  25.989  -71.680  -12.430 0.6999999881
15221  25.395  -73.764  -12.575 0.6999999881
98622  27.338  -71.509  -12.128 0.6000000238
108558  31.305  -71.947  -12.315 0.6999999881
17072  30.474  -71.844  -12.419 0.6999999881
17073  29.506  -71.756  -12.435 0.6999999881
17045  22.330  -72.233  -10.477 0.6000000238
17071  31.956  -72.324  -11.738 0.6000000238
98020  31.086  -72.545  -11.682 0.6999999881
17059  29.230  -72.649  -11.719 0.6999999881
112104  34.110  -70.271  -10.170 0.6000000238
18010  33.580  -71.456  -10.161 0.6000000238
104786  33.709  -71.738  -10.764 0.6000000238
17056  32.642  -72.416  -11.007 0.6000000238
17037  22.548  -72.763  -9.114 0.6000000238
17999  33.119  -71.266  -9.624 0.6000000238
17044  32.462  -72.407  -10.144 0.6000000238
17965  26.300  -72.127  -7.821 0.6999999881
16063  23.978  -72.392  -7.874 0.6000000238
115786  23.691  -73.006  -7.729 0.6999999881
19973  33.541  -69.651  -10.080 0.5000000000
18993  32.736  -70.717  -9.395 0.6000000238
17980  31.149  -71.657  -8.752 0.8000000119
17981  30.310  -71.714  -8.633 0.8000000119
17982  29.451  -71.766  -8.532 0.8000000119
17012  27.306  -72.936  -7.910 0.8000000119
17013  26.631  -72.860  -7.737 0.6999999881
16062  24.346  -73.155  -7.635 0.6999999881
17022  30.707  -72.419  -8.832 0.8000000119
17023  29.839  -72.510  -8.626 0.8000000119
13440  23.387  -76.360  -16.873 0.6999999881
14375  22.366  -75.136  -16.208 0.6999999881
13429  20.783  -75.686  -15.952 0.6000000238
12558  25.397  -77.463  -17.739 0.6999999881
14360  21.633  -74.318  -15.450 0.6000000238
12550  25.873  -77.640  -17.179 0.6000000238
14349  21.608  -73.950  -14.976 0.5000000000
20956  21.566  -67.904  -10.761 0.6000000238
14348  22.216  -73.734  -14.717 0.5000000000
20973  21.662  -67.636  -12.017 0.5000000000
15234  23.181  -73.599  -14.329 0.5000000000
19984  23.528  -68.405  -12.584 0.6000000238
15239  24.529  -72.541  -14.605 0.6999999881
15233  24.133  -73.201  -14.118 0.6000000238
96601  26.107  -70.956  -13.243 0.6999999881
97205  25.088  -73.034  -13.571 0.6999999881
19003  23.996  -69.923  -10.996 0.6000000238
18039  27.762  -70.530  -12.977 0.6999999881
108361  26.483  -71.310  -12.466 0.6000000238
18036  30.894  -70.932  -12.814 0.6999999881
18037  29.723  -70.389  -13.069 0.6999999881
17074  28.502  -71.667  -12.308 0.6999999881
18003  22.948  -71.676  -9.911 0.6000000238
18012  23.316  -70.660  -10.967 0.6000000238
18035  32.006  -71.430  -12.561 0.6000000238
18981  24.756  -70.817  -9.306 0.6000000238
18032  34.829  -71.168  -12.121 0.6000000238
17055  33.357  -72.029  -11.230 0.6000000238
17987  25.094  -71.397  -8.438 0.6999999881
17988  24.226  -71.579  -8.551 0.6000000238
17036  23.335  -72.012  -8.693 0.6000000238
114745  34.576  -70.999  -10.621 0.6000000238
18977  29.125  -70.935  -8.757 0.6000000238
106204  28.349  -70.838  -8.777 0.6000000238
17985  26.856  -71.439  -8.267 0.6999999881
17986  25.959  -71.362  -8.316 0.6000000238
18995  31.092  -69.999  -9.268 0.6000000238
17983  28.596  -71.768  -8.390 0.8000000119
17979  31.554  -70.857  -8.881 0.6000000238
18976  29.918  -70.905  -8.770 0.6999999881
17964  27.143  -72.314  -7.947 0.8000000119
13439  24.425  -76.420  -17.189 0.6999999881
14373  24.678  -75.784  -16.790 0.6999999881
14374  23.478  -75.126  -16.346 0.6999999881
12557  26.188  -76.800  -17.488 0.6999999881
13451  25.033  -77.000  -17.827 0.6999999881
14359  22.375  -74.114  -15.756 0.6000000238
20936  22.497  -67.942  -9.261 0.6000000238
20937  21.720  -68.396  -9.615 0.6000000238
21922  22.971  -67.144  -10.647 0.6000000238
109786  22.175  -67.705  -10.297 0.6000000238
15242  22.183  -73.679  -15.261 0.6000000238
21935  23.086  -67.019  -11.762 0.5000000000
16156  24.980  -72.005  -14.768 0.6999999881
20970  24.624  -67.361  -11.844 0.4000000060
20972  22.712  -67.376  -12.224 0.5000000000
17088  26.560  -70.462  -13.982 0.6999999881
17090  25.422  -71.633  -14.424 0.8000000119
19975  24.846  -67.942  -12.004 0.5000000000
17075  26.856  -70.664  -13.071 0.6000000238
16146  25.669  -71.584  -13.538 0.6999999881
100552  24.768  -69.196  -11.286 0.6000000238
18038  28.723  -70.510  -13.008 0.6999999881
19001  25.386  -69.739  -10.317 0.6999999881
18049  32.476  -70.443  -13.129 0.6999999881
18050  31.430  -70.100  -13.182 0.6999999881
19000  26.374  -69.720  -10.000 0.5000000000
18002  23.849  -71.034  -9.697 0.6000000238
18047  34.327  -70.766  -13.002 0.6000000238
18034  33.035  -71.400  -12.519 0.6000000238
18980  25.649  -70.647  -9.140 0.6999999881
18033  33.897  -71.358  -12.400 0.6000000238
17069  33.463  -71.779  -11.917 0.6000000238
18978  27.512  -70.639  -8.890 0.5000000000
18979  26.586  -70.573  -9.002 0.6000000238
18021  34.853  -71.078  -11.110 0.6000000238
19958  30.564  -69.223  -9.526 0.6000000238
18997  29.559  -70.011  -9.339 0.5000000000
19957  31.347  -69.234  -9.533 0.6000000238
14372  25.617  -75.757  -17.174 0.6999999881
15261  24.305  -74.653  -16.298 0.6999999881
15252  23.024  -73.657  -15.569 0.6000000238
20935  23.145  -67.842  -8.586 0.4000000060
19944  21.998  -68.899  -8.517 0.5000000000
114813  23.200  -73.178  -15.227 0.6000000238
21904  23.639  -67.370  -9.190 0.5000000000
19945  21.329  -69.209  -8.997 0.6000000238
16173  24.419  -72.558  -15.071 0.6999999881
16172  25.181  -72.308  -15.233 0.6999999881
15241  22.793  -73.285  -15.109 0.6000000238
21934  23.848  -66.951  -11.570 0.5000000000
17089  25.888  -71.074  -14.332 0.6999999881
97385  25.699  -67.591  -11.781 0.4000000060
20002  30.722  -68.922  -14.571 0.6999999881
18052  29.513  -69.316  -14.109 0.6999999881
101884  28.713  -69.683  -14.480 0.6999999881
99526  25.622  -68.423  -11.601 0.6000000238
20000  32.181  -68.790  -14.460 0.6999999881
20001  31.473  -68.788  -14.419 0.6999999881
108079  28.894  -69.733  -13.721 0.6999999881
18053  28.138  -69.845  -13.813 0.6999999881
104166  27.016  -68.039  -11.555 0.5000000000
105823  33.853  -70.034  -13.617 0.6000000238
19040  32.942  -69.437  -13.875 0.6999999881
19042  30.988  -69.137  -13.761 0.6999999881
18051  30.414  -69.658  -13.433 0.6999999881
19962  27.063  -68.773  -10.882 0.5000000000
19032  35.155  -70.649  -12.990 0.5000000000
19039  34.571  -69.967  -13.760 0.6000000238
18048  33.452  -70.668  -13.080 0.6000000238
15260  25.285  -74.517  -16.377 0.6999999881
20919  23.414  -68.307  -7.546 0.4000000060
101796  26.242  -74.443  -16.493 0.6999999881
15251  23.921  -73.309  -15.500 0.6999999881
19933  23.209  -69.292  -6.952 0.4000000060
15250  25.030  -73.234  -15.704 0.6999999881
19935  21.571  -69.713  -8.059 0.6000000238
17101  26.082  -71.326  -15.053 0.8000000119
17100  27.377  -70.808  -15.084 0.6000000238
18063  26.580  -70.811  -14.784 0.6000000238
17967  20.933  -71.138  -7.222 0.6000000238
18060  29.390  -69.663  -14.941 0.6999999881
100717  28.762  -70.086  -15.074 0.6999999881
18061  27.905  -70.033  -14.700 0.6000000238
20012  31.273  -68.842  -15.063 0.6000000238
20010  32.861  -68.540  -14.968 0.6000000238
17001  20.186  -72.402  -6.028 0.5000000000
19048  34.667  -69.008  -14.805 0.6000000238
19049  33.761  -69.112  -14.516 0.6999999881
19037  36.328  -69.938  -13.751 0.5000000000
15249  26.049  -73.324  -15.855 0.6999999881
19927  23.713  -69.655  -6.221 0.4000000060
16171  26.097  -72.219  -15.435 0.8000000119
19934  22.320  -69.644  -7.365 0.5000000000
17099  28.349  -71.047  -15.172 0.8000000119
18954  22.082  -70.466  -6.511 0.4000000060
19928  22.975  -70.110  -6.194 0.4000000060
17110  26.871  -71.678  -15.346 0.6999999881
17953  21.041  -71.306  -6.340 0.4000000060
18964  21.735  -70.245  -7.323 0.5000000000
98743  32.829  -68.641  -15.728 0.6000000238
20013  30.742  -69.387  -15.374 0.6000000238
19051  30.004  -69.795  -15.435 0.6999999881
18922  21.386  -70.676  -5.131 0.4000000060
20009  33.830  -68.535  -15.637 0.6000000238
20011  31.994  -68.471  -15.206 0.6000000238
16986  20.124  -72.027  -5.413 0.4000000060
97996  20.542  -71.801  -6.665 0.6000000238
19047  35.665  -69.221  -14.764 0.5000000000
19998  37.150  -69.625  -14.216 0.5000000000
19917  23.629  -69.721  -5.579 0.4000000060
16170  27.017  -72.781  -15.696 0.8000000119
19918  22.809  -69.991  -5.328 0.4000000060
17109  27.760  -71.834  -15.294 0.6999999881
18921  22.061  -70.193  -5.056 0.4000000060
18059  30.231  -71.026  -15.241 0.6000000238
109688  29.084  -70.881  -15.186 0.6999999881
19053  31.915  -69.607  -16.032 0.6000000238
19050  30.750  -70.255  -15.651 0.6000000238
19897  21.405  -69.932  -4.567 0.4000000060
18923  20.674  -70.537  -4.616 0.4000000060
20008  34.977  -68.605  -15.749 0.6000000238
17920  19.503  -71.197  -4.671 0.4000000060
20007  36.023  -68.703  -15.636 0.4000000060
19895  24.251  -69.373  -5.147 0.4000000060
16155  29.344  -72.209  -14.974 0.6999999881
98370  23.393  -69.602  -4.910 0.4000000060
99665  30.574  -72.082  -14.735 0.6999999881
17098  29.822  -71.787  -14.859 0.6000000238
19896  22.417  -69.709  -4.786 0.4000000060
104088  32.703  -69.280  -16.178 0.6000000238
18068  31.561  -70.466  -15.626 0.6000000238
100119  20.375  -69.784  -4.344 0.4000000060
20023  34.565  -68.748  -16.462 0.6000000238
100463  19.528  -69.747  -4.331 0.3000000119
20021  36.465  -68.564  -16.580 0.4000000060
105499  37.043  -68.783  -15.437 0.4000000060
110135  37.369  -68.551  -16.552 0.4000000060
115875  22.142  -68.440  -4.443 0.4000000060
20879  21.346  -68.397  -4.465 0.4000000060
113858  33.967  -69.483  -16.663 0.6000000238
20035  35.253  -69.123  -17.040 0.6000000238
19063  36.008  -69.646  -17.305 0.6000000238
20033  37.717  -68.763  -17.110 0.4000000060
19062  37.038  -69.363  -17.364 0.5000000000
20020  38.252  -68.613  -16.565 0.4000000060
21876  17.930  -67.156  -6.436 0.3000000119
20032  38.662  -68.853  -16.971 0.4000000060
23549  23.993  -65.516  -3.761 0.4000000060
23567  20.400  -65.516  -5.577 0.3000000119
22763  18.210  -67.191  -9.105 0.4000000060
105242  24.807  -64.050  -3.490 0.4000000060
112152  23.342  -63.942  -4.161 0.4000000060
23566  21.012  -65.038  -5.351 0.3000000119
110906  21.634  -64.823  -5.015 0.3000000119
22747  18.340  -66.495  -6.981 0.3000000119
23568  19.594  -65.457  -6.145 0.3000000119
22762  18.517  -66.553  -8.197 0.3000000119
25215  24.370  -63.336  -3.718 0.4000000060
25224  22.957  -63.432  -4.438 0.4000000060
24373  22.723  -64.316  -4.445 0.4000000060
24384  20.247  -64.803  -5.901 0.3000000119
24390  19.679  -64.618  -6.845 0.3000000119
24413  17.736  -64.456  -9.307 0.4000000060
25257  15.948  -63.850  -7.094 0.3000000119
25256  16.499  -63.375  -7.602 0.3000000119
23573  19.152  -65.318  -7.523 0.3000000119
23590  18.930  -65.907  -8.633 0.3000000119
26116  23.327  -62.697  -4.371 0.4000000060
25225  22.289  -63.615  -4.800 0.4000000060
111814  21.761  -63.799  -5.135 0.3000000119
25237  21.278  -63.598  -5.626 0.3000000119
24389  20.277  -64.122  -6.396 0.3000000119
23613  17.944  -65.781  -10.254 0.3000000119
25245  19.988  -63.922  -7.468 0.3000000119
25269  17.220  -63.775  -8.495 0.3000000119
24399  19.583  -64.530  -8.197 0.3000000119
25268  18.015  -63.532  -8.893 0.4000000060
25255  17.103  -62.932  -8.074 0.3000000119
27076  17.812  -61.832  -8.163 0.3000000119
26154  17.046  -62.027  -7.614 0.3000000119
26117  22.547  -62.706  -4.857 0.4000000060
26128  21.991  -62.451  -5.492 0.4000000060
103481  21.437  -62.761  -5.896 0.3000000119
23604  17.555  -65.351  -9.819 0.4000000060
25244  20.460  -63.469  -6.883 0.3000000119
24424  18.706  -64.759  -9.523 0.3000000119
25280  19.160  -64.047  -9.405 0.4000000060
27067  17.879  -60.893  -7.832 0.3000000119
27042  23.132  -61.093  -4.986 0.4000000060
27043  22.428  -61.711  -5.465 0.4000000060
27054  21.726  -61.956  -6.354 0.4000000060
112616  21.136  -62.418  -7.829 0.4000000060
25253  20.472  -63.344  -8.056 0.3000000119
25265  20.363  -63.152  -8.959 0.3000000119
25279  19.659  -63.527  -9.190 0.3000000119
26167  20.046  -62.883  -9.280 0.3000000119
27074  19.674  -61.496  -9.043 0.5000000000
26162  18.635  -62.742  -8.899 0.4000000060
27075  18.719  -61.679  -8.635 0.4000000060
28031  17.908  -59.907  -7.545 0.3000000119
28007  22.676  -60.794  -5.890 0.4000000060
115616  21.789  -61.488  -7.064 0.4000000060
27053  21.996  -61.117  -7.766 0.3000000119
27073  21.417  -61.154  -9.051 0.3000000119
28040  21.845  -60.229  -9.173 0.3000000119
28967  21.806  -59.363  -9.330 0.3000000119
26153  20.819  -62.726  -8.437 0.3000000119
26160  21.137  -61.773  -9.004 0.3000000119
27079  20.903  -61.787  -9.151 0.3000000119
28978  21.397  -60.111  -9.278 0.3000000119
28968  20.833  -59.351  -8.985 0.3000000119
26166  20.441  -62.470  -9.137 0.3000000119
28042  19.784  -60.586  -8.843 0.3000000119
28043  18.800  -60.733  -8.393 0.3000000119
28959  16.875  -58.924  -6.605 0.3000000119
28915  25.059  -59.565  -4.721 0.3000000119
28931  24.434  -59.353  -5.277 0.3000000119
28932  23.631  -59.607  -5.747 0.3000000119
28946  23.327  -59.273  -6.688 0.3000000119
110277  22.845  -59.120  -8.592 0.3000000119
101830  22.706  -58.215  -9.346 0.3000000119
28018  22.969  -60.026  -6.326 0.3000000119
28955  23.175  -59.007  -7.622 0.3000000119
28956  22.377  -59.949  -8.725 0.3000000119
28966  22.423  -59.092  -9.198 0.3000000119
29895  21.338  -58.471  -9.019 0.3000000119
29896  20.321  -58.301  -8.396 0.3000000119
28969  19.888  -59.671  -8.570 0.3000000119
108237  19.906  -58.895  -8.293 0.3000000119
28970  18.898  -59.802  -8.125 0.3000000119
28958  17.968  -58.909  -7.336 0.3000000119
29847  26.310  -58.670  -5.074 0.3000000119
29863  24.821  -58.578  -5.915 0.3000000119
28945  23.975  -58.867  -6.164 0.3000000119
29884  23.356  -58.376  -8.222 0.3000000119
29893  22.970  -58.328  -9.181 0.3000000119
30827  21.807  -57.688  -9.190 0.3000000119
30828  20.656  -57.380  -8.450 0.3000000119
29885  19.286  -58.088  -7.761 0.3000000119
29887  17.211  -58.116  -6.612 0.3000000119
31782  23.194  -56.743  -9.341 0.3000000119
30840  22.940  -56.987  -9.537 0.3000000119
30817  19.604  -56.574  -7.565 0.3000000119
30818  18.661  -56.973  -7.132 0.3000000119
29886  18.058  -57.838  -7.100 0.3000000119
30819  17.718  -56.935  -6.462 0.3000000119
96961  23.124  -56.095  -9.290 0.3000000119
31783  22.580  -56.220  -9.331 0.3000000119
31784  21.510  -56.110  -8.925 0.3000000119
31781  23.447  -56.014  -8.965 0.3000000119
32702  22.587  -55.288  -9.120 0.3000000119
32703  21.636  -55.297  -8.859 0.3000000119
32704  20.782  -55.331  -8.317 0.3000000119
31772  19.439  -55.650  -7.243 0.3000000119
31773  18.798  -56.000  -6.724 0.3000000119
31774  18.063  -56.392  -6.264 0.3000000119
9255  24.180  -81.305  -8.969 0.5000000000
10010  24.389  -80.602  -10.510 0.5000000000
10026  24.495  -80.941  -11.559 0.4000000060
14298  24.505  -75.280  -9.251 0.6999999881
15185  23.388  -74.464  -8.529 0.6999999881
9292  25.571  -81.974  -14.269 0.4000000060
10826  25.548  -79.678  -10.490 0.5000000000
16103  27.361  -73.325  -10.285 0.6000000238
16118  28.880  -73.246  -11.013 0.6000000238
17102  25.477  -71.602  -14.926 0.8000000119
18054  27.298  -70.019  -13.859 0.6000000238
19038  35.832  -70.445  -13.072 0.5000000000
19043  30.258  -69.086  -14.070 0.6999999881
17954  20.591  -71.754  -5.808 0.4000000060
19029  37.079  -69.940  -13.211 0.5000000000
19065  33.665  -69.000  -16.311 0.6000000238
19999  36.492  -69.298  -14.720 0.4000000060
101296  33.453  -69.830  -16.421 0.6000000238
20880  20.513  -68.378  -4.490 0.3000000119
20022  35.517  -68.603  -16.594 0.4000000060
20034  36.152  -68.922  -17.147 0.4000000060
106225  23.970  -64.003  -3.811 0.4000000060
28006  23.337  -60.334  -5.387 0.3000000119
28930  25.343  -58.974  -5.201 0.3000000119
16165  31.803  -73.020  -15.811 0.5000000000
16167  29.752  -73.178  -15.925 0.5000000000
16187  28.327  -73.548  -16.188 0.6999999881
16189  26.806  -73.343  -15.920 0.6000000238
17097  31.240  -72.517  -14.799 0.5000000000
16154  30.239  -72.578  -14.847 0.6000000238
16168  28.578  -72.760  -15.468 0.6000000238
13437  26.554  -76.161  -17.594 0.6000000238
101464  25.214  -76.405  -17.476 0.6000000238
16186  29.233  -73.743  -16.451 0.6999999881
14370  27.799  -75.220  -17.093 0.6000000238
112687  27.144  -75.220  -17.258 0.6000000238
15258  28.476  -74.141  -16.629 0.6999999881
15259  27.198  -74.375  -16.584 0.6000000238
14371  26.520  -75.454  -17.291 0.6000000238
17108  32.133  -72.459  -14.924 0.5000000000
110966  29.910  -75.231  -15.708 0.6999999881
14358  28.200  -75.241  -16.302 0.6999999881
13427  27.614  -75.809  -16.538 0.6000000238
13428  26.979  -76.343  -17.242 0.6000000238
15248  30.098  -74.373  -16.632 0.6000000238
14368  29.167  -74.408  -16.574 0.6999999881
15257  30.852  -74.071  -17.178 0.6000000238
104622  33.741  -72.599  -15.402 0.5000000000
17096  32.063  -71.728  -14.943 0.5000000000
114916  30.375  -75.245  -15.941 0.6999999881
14357  29.060  -75.343  -15.536 0.6000000238
17105  35.323  -72.357  -15.799 0.5000000000
17107  32.950  -72.108  -15.086 0.5000000000
17117  36.909  -71.926  -16.790 0.5000000000
18065  34.724  -71.577  -15.814 0.5000000000
113997  38.310  -71.349  -17.326 0.4000000060
13356  24.017  -76.815  -9.031 0.4000000060
12450  23.232  -77.172  -8.803 0.4000000060
12465  23.683  -77.581  -9.211 0.5000000000
12480  24.409  -77.478  -10.356 0.5000000000
11622  23.210  -78.267  -9.549 0.5000000000
18072  35.290  -71.026  -16.537 0.5000000000
11638  23.250  -78.373  -10.524 0.5000000000
10829  20.185  -79.405  -10.797 0.6000000238
18071  36.026  -70.694  -16.990 0.4000000060
12498  23.941  -77.838  -11.024 0.5000000000
11653  22.456  -78.690  -11.090 0.5000000000
10828  21.125  -79.204  -11.020 0.5000000000
12451  22.399  -77.518  -8.626 0.5000000000
11608  22.919  -77.928  -8.814 0.5000000000
11609  22.098  -78.251  -8.553 0.5000000000
11623  22.457  -78.575  -9.149 0.5000000000
11624  21.776  -78.890  -8.854 0.5000000000
11639  22.476  -78.836  -10.084 0.5000000000
113372  22.006  -79.040  -9.481 0.5000000000
98048  20.859  -79.463  -10.073 0.5000000000
19064  35.148  -69.878  -17.118 0.5000000000
11640  21.907  -79.028  -10.799 0.5000000000
107314  38.799  -72.109  -17.375 0.4000000060
102783  36.908  -70.581  -17.295 0.4000000060
102785  38.764  -70.801  -17.291 0.4000000060
15199  21.252  -75.081  -10.425 0.5000000000
11591  21.192  -78.618  -8.273 0.5000000000
18073  34.334  -70.196  -16.648 0.5000000000
16090  21.965  -73.158  -10.163 0.5000000000
16106  21.461  -73.466  -11.060 0.5000000000
15213  20.146  -74.037  -12.022 0.5000000000
15198  21.697  -74.142  -10.260 0.5000000000
19061  38.154  -69.480  -17.257 0.4000000060
17046  21.818  -72.580  -11.334 0.5000000000
16123  21.143  -72.820  -12.140 0.5000000000
18014  22.178  -71.820  -11.640 0.5000000000
16124  20.395  -73.189  -12.668 0.5000000000
15214  19.482  -74.490  -12.189 0.4000000060
18024  21.621  -71.734  -12.707 0.5000000000
16134  19.704  -72.623  -13.612 0.6000000238
15222  18.857  -73.788  -13.089 0.6000000238
18013  22.669  -71.312  -11.258 0.5000000000
107877  21.663  -70.619  -13.339 0.5000000000
17077  20.593  -72.025  -13.511 0.5000000000
106000  19.575  -71.658  -14.153 0.6000000238
16135  19.041  -73.051  -13.755 0.6000000238
15223  18.052  -73.918  -13.191 0.6000000238
15216  16.890  -74.832  -12.712 0.5000000000
14323  15.866  -74.944  -12.720 0.5000000000
14324  15.019  -75.341  -12.358 0.5000000000
19013  22.840  -70.205  -12.299 0.5000000000
19022  22.028  -69.757  -13.225 0.5000000000
19033  21.243  -69.992  -13.764 0.5000000000
18040  21.018  -70.872  -13.811 0.5000000000
112530  20.496  -70.135  -14.010 0.6000000238
17078  18.771  -72.108  -14.087 0.6000000238
16137  17.611  -73.265  -13.371 0.6000000238
15224  17.222  -73.959  -13.234 0.6000000238
16111  13.881  -72.982  -11.154 0.5000000000
14335  13.275  -75.042  -12.989 0.5000000000
19012  23.489  -69.477  -12.079 0.5000000000
19986  21.649  -68.523  -12.857 0.5000000000
19987  20.693  -68.754  -12.697 0.6000000238
19023  19.803  -69.097  -12.421 0.6000000238
18025  18.502  -70.238  -12.725 0.6000000238
18043  18.289  -71.572  -13.759 0.6000000238
18026  18.073  -71.018  -13.051 0.6000000238
16148  17.624  -72.738  -13.407 0.6000000238
17080  17.409  -72.290  -13.149 0.6000000238
104415  16.190  -73.806  -13.207 0.6000000238
101788  15.323  -73.941  -13.240 0.5000000000
14334  14.258  -74.718  -13.007 0.5000000000
15225  14.487  -73.685  -13.128 0.5000000000
16140  13.798  -73.275  -12.744 0.5000000000
15227  12.635  -74.191  -12.944 0.5000000000
16129  12.458  -73.575  -12.373 0.5000000000
104704  20.991  -68.207  -12.082 0.6000000238
19976  20.346  -68.672  -11.397 0.6000000238
19024  18.980  -69.593  -11.961 0.6000000238
18015  18.592  -70.378  -11.105 0.6000000238
18016  17.973  -70.808  -11.616 0.6000000238
17062  16.987  -71.899  -12.562 0.6000000238
18017  17.317  -71.286  -11.963 0.6000000238
17081  16.626  -72.479  -12.826 0.5000000000
17063  16.208  -72.078  -12.200 0.5000000000
16139  15.247  -73.130  -12.985 0.5000000000
17050  15.515  -72.280  -11.862 0.5000000000
16109  15.796  -72.597  -10.819 0.6000000238
16127  14.036  -72.812  -12.168 0.5000000000
16110  14.809  -72.739  -11.234 0.5000000000
16094  14.376  -73.282  -10.031 0.5000000000
16081  14.894  -73.640  -8.874 0.5000000000
19015  19.144  -70.001  -10.674 0.6000000238
18006  18.495  -71.337  -10.183 0.6000000238
17047  17.866  -71.739  -10.532 0.6000000238
96000  16.707  -71.848  -11.624 0.6000000238
102738  17.162  -72.724  -9.964 0.6000000238
16093  15.365  -73.193  -9.892 0.5000000000
112054  19.811  -70.737  -9.211 0.6000000238
16108  16.605  -72.402  -10.681 0.6000000238
16092  16.490  -73.180  -9.585 0.6000000238
16080  15.774  -73.552  -9.031 0.5000000000
18966  20.669  -70.712  -8.088 0.6000000238
17989  20.091  -71.095  -8.504 0.6000000238
17027  19.678  -72.010  -8.235 0.6000000238
17039  18.413  -72.270  -9.437 0.6000000238
16091  17.765  -72.560  -9.720 0.6000000238
100685  17.229  -73.719  -8.454 0.5000000000
17968  20.335  -71.549  -7.618 0.6000000238
17028  18.949  -72.640  -8.531 0.6000000238
17002  19.963  -72.522  -7.048 0.6000000238
16078  18.173  -73.182  -8.743 0.6000000238
98570  18.784  -73.936  -7.016 0.6000000238
15135  18.503  -74.118  -6.334 0.5000000000
16030  19.113  -73.335  -5.695 0.4000000060
16188  27.689  -73.721  -16.262 0.6999999881
18067  32.621  -70.654  -15.729 0.5000000000
18066  33.834  -71.454  -15.627 0.5000000000
17118  36.140  -72.101  -16.274 0.5000000000
10811  20.663  -79.486  -9.142 0.6000000238
18041  20.007  -70.820  -14.294 0.6000000238
19035  19.517  -69.885  -13.478 0.6000000238
97620  16.089  -72.935  -12.980 0.6000000238
16126  14.892  -72.590  -12.416 0.5000000000
17038  19.067  -71.794  -9.164 0.6000000238
16064  18.833  -73.386  -7.802 0.6000000238
16065  18.140  -73.924  -7.726 0.6000000238
9971  25.149  -81.024  -8.233 0.4000000060
9954  27.323  -80.287  -7.248 0.5000000000
10768  27.729  -79.492  -7.201 0.5000000000
10769  26.772  -79.732  -7.559 0.4000000060
10770  25.938  -80.055  -7.833 0.4000000060
10788  25.629  -79.708  -8.474 0.4000000060
9972  24.721  -80.813  -8.622 0.4000000060
11588  28.704  -78.581  -7.512 0.5000000000
10767  28.543  -79.121  -7.090 0.5000000000
11607  26.790  -78.728  -8.454 0.5000000000
10808  26.093  -79.086  -8.799 0.5000000000
9993  24.950  -80.086  -8.921 0.4000000060
12437  28.949  -78.105  -8.026 0.5000000000
12448  28.427  -77.905  -8.505 0.5000000000
107621  27.235  -78.310  -8.938 0.5000000000
11637  26.983  -78.585  -10.197 0.5000000000
10809  25.575  -79.470  -9.455 0.4000000060
10825  26.262  -79.119  -10.365 0.4000000060
12447  29.213  -77.732  -8.733 0.5000000000
12463  28.677  -77.643  -9.331 0.5000000000
12478  28.934  -77.536  -10.206 0.5000000000
11620  27.409  -78.227  -9.668 0.5000000000
11652  27.091  -78.843  -11.028 0.5000000000
10840  25.938  -79.752  -11.222 0.4000000060
12538  25.904  -77.936  -15.688 0.5000000000
11707  25.678  -78.842  -15.259 0.4000000060
10889  26.080  -79.764  -14.822 0.4000000060
10888  27.065  -80.093  -14.650 0.4000000060
10065  26.736  -80.730  -14.528 0.4000000060
10056  26.902  -81.135  -14.098 0.4000000060
11635  28.395  -77.922  -10.801 0.5000000000
10876  27.361  -80.690  -13.667 0.4000000060
10039  26.716  -81.000  -13.249 0.4000000060
10040  25.984  -81.226  -12.829 0.4000000060
11650  28.635  -78.205  -11.708 0.4000000060
11651  27.850  -78.540  -11.404 0.5000000000
10024  26.189  -80.408  -12.155 0.4000000060
10839  26.627  -79.553  -11.586 0.4000000060
11706  26.272  -78.788  -14.732 0.4000000060
10055  27.388  -80.640  -14.356 0.4000000060
12510  29.466  -77.953  -11.941 0.4000000060
10855  27.725  -79.938  -13.032 0.4000000060
10856  27.043  -80.196  -12.615 0.4000000060
11667  28.112  -79.000  -12.367 0.4000000060
10838  27.393  -79.313  -11.999 0.4000000060
12549  26.432  -77.042  -16.609 0.5000000000
12537  26.488  -77.443  -15.010 0.4000000060
98056  26.902  -78.127  -14.594 0.4000000060
11705  27.548  -79.488  -14.804 0.4000000060
10887  27.966  -80.183  -14.691 0.4000000060
10875  27.899  -80.397  -14.074 0.4000000060
10874  28.406  -80.039  -14.399 0.4000000060
11665  29.702  -78.284  -12.843 0.4000000060
11684  28.807  -79.390  -13.696 0.4000000060
10854  28.312  -79.621  -13.412 0.4000000060
13418  27.009  -76.580  -15.555 0.5000000000
12536  27.227  -77.160  -14.618 0.5000000000
14347  28.360  -75.878  -15.040 0.6000000238
11704  28.413  -79.761  -15.105 0.4000000060
10886  28.685  -80.007  -15.017 0.4000000060
10885  29.317  -79.769  -15.300 0.4000000060
115307  29.755  -79.304  -14.620 0.4000000060
12534  28.673  -77.505  -14.942 0.4000000060
14356  29.615  -75.930  -15.192 0.5000000000
104842  29.282  -78.297  -15.803 0.4000000060
10899  29.233  -79.663  -15.351 0.4000000060
12556  29.937  -78.634  -16.620 0.4000000060
11714  29.641  -79.459  -16.057 0.4000000060
11713  30.125  -79.700  -16.317 0.4000000060
14355  30.362  -75.986  -15.537 0.6000000238
106446  30.493  -77.657  -17.083 0.5000000000
11736  30.554  -78.628  -17.447 0.4000000060
19946  20.778  -69.509  -9.319 0.5000000000
18965  21.247  -70.439  -7.695 0.5000000000
19964  20.957  -68.725  -10.166 0.5000000000
18982  21.000  -69.961  -8.517 0.5000000000
19014  19.587  -69.355  -11.008 0.5000000000
11605  28.313  -78.262  -7.910 0.5000000000
11590  27.114  -78.963  -7.739 0.5000000000
11666  28.880  -78.672  -12.756 0.4000000060
12535  27.868  -78.397  -14.906 0.4000000060
11715  28.777  -79.136  -15.478 0.4000000060
10873  29.121  -79.591  -14.454 0.4000000060
13416  28.121  -76.844  -14.586 0.5000000000
10898  29.754  -79.694  -15.839 0.4000000060
13426  29.518  -76.743  -15.193 0.5000000000
13425  30.141  -77.202  -15.895 0.6000000238
11725  30.288  -79.429  -16.777 0.5000000000
13435  30.881  -76.423  -16.382 0.5000000000
15247  37.971  -75.398  -16.313 0.3000000119
14362  37.360  -75.711  -16.951 0.3000000119
15255  37.422  -75.412  -17.182 0.3000000119
15254  38.206  -75.327  -17.024 0.3000000119
15246  38.769  -75.292  -16.474 0.3000000119
16152  39.136  -74.222  -14.758 0.3000000119
15235  39.595  -75.148  -15.982 0.3000000119
14363  36.571  -75.542  -17.238 0.3000000119
14378  35.481  -75.430  -17.519 0.4000000060
15264  35.211  -74.800  -17.792 0.4000000060
16191  35.571  -74.217  -17.503 0.4000000060
15263  36.974  -74.997  -17.470 0.4000000060
115754  33.730  -73.106  -15.881 0.4000000060
16164  32.913  -72.944  -15.616 0.4000000060
14352  36.892  -75.451  -15.831 0.3000000119
15262  37.791  -74.928  -17.333 0.3000000119
16180  35.910  -73.292  -16.421 0.4000000060
15244  40.872  -74.883  -16.255 0.3000000119
16178  38.030  -73.825  -17.299 0.3000000119
108181  34.116  -75.342  -18.111 0.4000000060
14379  33.239  -75.613  -18.331 0.4000000060
114206  32.162  -74.592  -17.904 0.4000000060
15256  31.674  -74.098  -17.577 0.4000000060
14364  35.541  -75.850  -17.196 0.4000000060
114905  34.813  -75.228  -17.864 0.4000000060
15265  33.341  -74.575  -18.098 0.4000000060
15266  32.407  -74.233  -17.876 0.4000000060
16194  32.098  -73.686  -17.571 0.4000000060
101769  36.369  -75.831  -16.753 0.3000000119
108554  34.389  -74.643  -17.924 0.4000000060
16193  32.848  -73.739  -17.672 0.4000000060
16166  30.764  -73.193  -16.332 0.4000000060
16163  34.256  -73.318  -16.412 0.4000000060
110016  36.835  -74.803  -14.645 0.3000000119
16162  35.021  -73.099  -15.798 0.4000000060
115518  37.411  -73.024  -16.994 0.4000000060
13454  32.546  -76.836  -18.746 0.4000000060
13449  31.727  -76.430  -18.249 0.4000000060
12567  33.135  -77.356  -18.565 0.4000000060
13447  33.203  -76.503  -18.467 0.4000000060
13448  32.366  -76.079  -18.479 0.4000000060
13434  31.474  -75.829  -17.187 0.4000000060
14345  34.369  -76.219  -15.596 0.3000000119
13432  34.174  -76.583  -17.356 0.4000000060
14344  34.983  -75.423  -14.204 0.3000000119
15238  35.983  -75.018  -14.517 0.3000000119
106758  31.036  -73.629  -17.116 0.4000000060
13450  31.145  -76.934  -17.626 0.4000000060
12569  31.373  -77.389  -18.414 0.4000000060
104968  37.894  -72.083  -17.198 0.3000000119
17115  39.570  -73.079  -17.446 0.3000000119
17116  38.799  -73.446  -17.414 0.3000000119
16185  30.405  -73.652  -16.706 0.4000000060
14366  31.428  -74.839  -17.287 0.4000000060
14367  30.879  -75.232  -16.454 0.4000000060
112066  30.853  -77.817  -17.963 0.4000000060
15253  39.204  -75.123  -16.789 0.3000000119
16161  40.609  -74.993  -15.953 0.3000000119
14365  34.675  -75.845  -17.605 0.4000000060
16190  36.467  -74.204  -17.365 0.4000000060
107525  33.960  -73.882  -17.544 0.4000000060
16181  34.952  -73.697  -17.006 0.4000000060
16182  33.294  -73.326  -16.878 0.4000000060
109598  37.288  -74.140  -17.317 0.4000000060
13446  33.908  -76.179  -18.058 0.4000000060
14381  31.952  -75.229  -17.929 0.4000000060
14380  32.561  -75.034  -18.152 0.4000000060
14354  34.605  -76.259  -16.796 0.3000000119
110486  35.665  -75.557  -15.506 0.3000000119
13423  33.834  -76.768  -16.065 0.3000000119
112820  34.833  -75.771  -15.181 0.3000000119
105246  28.049  -84.797  -6.454 0.3000000119
6254  28.260  -85.706  -7.524 0.3000000119
6909  28.822  -84.427  -5.421 0.3000000119
5633  28.571  -86.099  -6.777 0.3000000119
6920  28.261  -84.282  -6.046 0.3000000119
6243  27.835  -84.778  -7.184 0.3000000119
8395  29.770  -83.052  -5.137 0.3000000119
7639  30.008  -83.717  -4.647 0.3000000119
6229  29.263  -85.266  -5.304 0.3000000119
103101  30.274  -82.493  -5.407 0.3000000119
8414  29.134  -82.989  -5.575 0.3000000119
7675  27.786  -83.240  -6.965 0.3000000119
115639  31.842  -83.395  -4.353 0.3000000119
7638  31.004  -83.730  -4.274 0.3000000119
8413  31.025  -82.462  -5.253 0.3000000119
8393  31.386  -82.930  -4.630 0.3000000119
6221  29.916  -85.072  -4.771 0.3000000119
9192  28.482  -81.836  -6.387 0.3000000119
10755  28.535  -79.833  -6.758 0.3000000119
9946  27.784  -80.745  -6.995 0.3000000119
9173  30.761  -82.032  -5.854 0.3000000119
9175  29.140  -82.226  -5.952 0.3000000119
9174  29.932  -81.912  -5.972 0.3000000119
9190  29.961  -80.963  -6.352 0.3000000119
9944  29.260  -80.306  -6.485 0.3000000119
9945  28.441  -80.777  -6.589 0.3000000119
10754  29.228  -79.494  -6.832 0.3000000119
12446  30.000  -77.711  -8.996 0.4000000060
11586  30.104  -78.685  -7.832 0.4000000060
4404  32.655  -87.791  -6.113 0.3000000119
4417  33.960  -87.967  -7.086 0.3000000119
5632  29.339  -86.261  -6.570 0.3000000119
103492  32.901  -85.107  -4.307 0.3000000119
6219  31.457  -85.638  -4.483 0.3000000119
5027  31.832  -87.050  -4.912 0.3000000119
5039  32.062  -87.420  -5.647 0.3000000119
5045  33.033  -87.714  -6.863 0.3000000119
110813  33.571  -84.064  -4.470 0.3000000119
5611  31.293  -86.398  -4.926 0.3000000119
5061  31.828  -87.065  -7.370 0.3000000119
5046  32.247  -87.418  -6.663 0.3000000119
6900  31.217  -84.698  -4.277 0.3000000119
6228  30.115  -85.656  -5.074 0.3000000119
5630  30.877  -86.743  -6.154 0.3000000119
5644  30.835  -86.823  -7.088 0.3000000119
5620  29.708  -85.996  -5.770 0.3000000119
5645  29.856  -86.560  -7.200 0.3000000119
8429  28.519  -82.770  -6.102 0.3000000119
8430  27.932  -82.426  -6.760 0.3000000119
7637  31.948  -84.074  -4.177 0.3000000119
9191  29.202  -81.303  -6.243 0.3000000119
4390  32.768  -87.959  -5.387 0.3000000119
102777  30.222  -86.759  -8.004 0.3000000119
105504  32.108  -84.965  -4.230 0.3000000119
5610  31.980  -86.470  -4.513 0.3000000119
5612  30.789  -85.872  -4.862 0.3000000119
5047  31.498  -87.069  -6.392 0.3000000119
5659  31.305  -86.895  -8.263 0.3000000119
10766  29.737  -79.156  -7.240 0.3000000119
10869  34.489  -79.958  -13.205 0.3000000119
10852  34.551  -79.518  -12.175 0.3000000119
11661  33.122  -78.780  -12.034 0.3000000119
11662  32.482  -78.478  -12.268 0.4000000060
114686  31.193  -77.849  -11.793 0.4000000060
12495  30.007  -77.575  -11.253 0.3000000119
12496  29.196  -77.669  -11.061 0.3000000119
10870  33.685  -79.679  -13.632 0.3000000119
11681  32.890  -78.931  -12.996 0.4000000060
11663  31.946  -78.460  -12.924 0.4000000060
95707  31.125  -78.473  -13.451 0.4000000060
108939  31.071  -79.018  -14.396 0.4000000060
10872  30.392  -78.813  -14.081 0.4000000060
100226  29.805  -78.755  -13.746 0.3000000119
11703  30.150  -79.526  -15.257 0.3000000119
10849  38.025  -80.445  -12.634 0.3000000119
10851  36.192  -80.302  -12.683 0.3000000119
10837  33.829  -79.043  -11.670 0.4000000060
11648  33.262  -78.703  -11.317 0.4000000060
11649  32.530  -78.356  -11.424 0.3000000119
12475  31.028  -77.741  -10.482 0.3000000119
12461  30.389  -77.629  -9.860 0.3000000119
10037  36.895  -80.957  -13.717 0.3000000119
10038  36.010  -80.837  -13.757 0.3000000119
112059  35.217  -80.529  -13.777 0.3000000119
10054  34.632  -80.524  -14.488 0.3000000119
10871  32.852  -79.401  -14.045 0.3000000119
109410  32.273  -78.913  -13.597 0.4000000060
10064  34.417  -80.818  -15.745 0.3000000119
10894  33.443  -80.484  -15.897 0.3000000119
10882  33.610  -80.103  -14.764 0.3000000119
10883  32.703  -79.874  -15.099 0.4000000060
11702  31.956  -79.267  -14.516 0.4000000060
10092  33.285  -80.599  -16.827 0.3000000119
10895  32.507  -80.259  -16.208 0.4000000060
10884  31.094  -79.662  -15.446 0.4000000060
10927  31.736  -79.331  -18.041 0.3000000119
10910  31.525  -79.915  -17.327 0.4000000060
10896  31.404  -80.055  -16.488 0.4000000060
10897  30.335  -79.891  -16.187 0.4000000060
11734  32.017  -78.476  -18.547 0.3000000119
11724  30.917  -79.351  -17.477 0.4000000060
11735  31.208  -78.390  -18.214 0.3000000119
107537  40.187  -81.305  -9.744 0.3000000119
9986  39.160  -81.163  -9.959 0.3000000119
9988  37.527  -81.107  -9.645 0.3000000119
10802  36.338  -80.298  -9.842 0.3000000119
10023  38.975  -80.442  -12.606 0.3000000119
10820  38.151  -80.139  -11.570 0.3000000119
10821  37.564  -79.915  -10.878 0.3000000119
10803  35.466  -79.931  -9.852 0.3000000119
110562  39.281  -80.594  -13.789 0.3000000119
10834  37.346  -80.020  -11.645 0.3000000119
103562  36.011  -79.561  -11.012 0.3000000119
10823  35.250  -79.452  -10.612 0.3000000119
11616  33.561  -78.934  -10.118 0.3000000119
11617  32.739  -78.676  -9.918 0.3000000119
11619  31.225  -77.986  -9.693 0.3000000119
11602  31.084  -78.383  -8.924 0.3000000119
10786  30.794  -78.905  -8.258 0.3000000119
10036  37.774  -80.914  -13.745 0.3000000119
10104  33.277  -80.362  -17.373 0.3000000119
10909  32.385  -80.340  -17.092 0.3000000119
10924  34.014  -79.811  -17.610 0.3000000119
110632  32.498  -79.954  -17.709 0.3000000119
104614  33.531  -77.997  -18.119 0.3000000119
11747  31.644  -77.709  -18.635 0.3000000119
9249  42.212  -81.215  -9.553 0.3000000119
9265  40.709  -81.129  -10.163 0.3000000119
10006  39.526  -80.580  -10.859 0.3000000119
113101  38.834  -80.695  -10.389 0.3000000119
10022  39.698  -80.405  -11.989 0.3000000119
10008  38.134  -80.359  -10.457 0.3000000119
10765  30.486  -79.425  -7.565 0.3000000119
110732  43.263  -81.298  -9.078 0.3000000119
9264  41.487  -81.021  -10.389 0.3000000119
9263  42.433  -80.879  -10.745 0.3000000119
10005  40.971  -80.842  -10.894 0.3000000119
97514  40.363  -80.599  -11.414 0.3000000119
10034  39.886  -80.473  -13.209 0.3000000119
9248  43.232  -80.944  -10.043 0.3000000119
9984  44.009  -80.657  -10.236 0.3000000119
10004  41.810  -80.748  -11.365 0.3000000119
105052  41.215  -80.596  -11.965 0.3000000119
11604  29.678  -78.120  -8.252 0.3000000119
12462  29.507  -77.557  -9.584 0.3000000119
12477  29.747  -77.517  -10.445 0.3000000119
12509  30.395  -77.860  -12.101 0.3000000119
11664  30.430  -78.264  -13.122 0.4000000060
10911  30.645  -79.790  -16.779 0.4000000060
111575  35.304  -80.114  -12.844 0.3000000119
10853  33.744  -79.310  -12.592 0.3000000119
96041  31.856  -78.084  -12.012 0.4000000060
105715  31.174  -78.067  -12.559 0.4000000060
115304  31.920  -79.840  -15.537 0.4000000060
10035  38.635  -80.769  -13.821 0.3000000119
10835  36.468  -79.877  -11.692 0.3000000119
112164  33.772  -78.897  -10.869 0.3000000119
10836  35.471  -79.661  -11.708 0.3000000119
11632  33.031  -78.596  -10.678 0.4000000060
11634  31.632  -78.004  -10.333 0.3000000119
109042  37.489  -81.085  -14.578 0.3000000119
10052  36.768  -81.222  -14.894 0.3000000119
10053  35.742  -81.099  -14.771 0.3000000119
10926  32.681  -79.251  -18.188 0.3000000119
10801  37.252  -80.265  -10.118 0.3000000119
101128  35.997  -79.693  -10.373 0.3000000119
107983  34.789  -79.597  -9.949 0.3000000119
11733  33.512  -79.039  -17.989 0.3000000119
11654  21.716  -78.826  -11.476 0.4000000060
5040  31.341  -86.840  -5.540 0.3000000119
5619  30.599  -86.313  -5.498 0.3000000119
5631  30.210  -86.479  -6.359 0.3000000119
6220  30.602  -85.255  -4.587 0.3000000119
6230  28.448  -85.071  -5.884 0.3000000119
6241  28.893  -85.722  -6.130 0.3000000119
6242  28.227  -85.450  -6.626 0.3000000119
6901  30.343  -84.508  -4.483 0.3000000119
6908  29.532  -84.472  -4.864 0.3000000119
6921  27.920  -84.118  -6.698 0.3000000119
6932  27.832  -83.865  -7.217 0.3000000119
7659  29.257  -83.701  -5.157 0.3000000119
7660  28.629  -83.612  -5.732 0.3000000119
7674  28.122  -83.453  -6.389 0.3000000119
8394  30.543  -83.012  -4.789 0.3000000119
9235  24.739  -81.524  -8.469 0.5000000000
9266  40.089  -81.017  -10.302 0.3000000119
9955  26.534  -80.508  -7.625 0.4000000060
9987  38.348  -81.187  -9.766 0.3000000119
9989  36.830  -80.971  -9.597 0.3000000119
10003  42.599  -80.545  -11.734 0.3000000119
10007  38.881  -80.309  -11.310 0.3000000119
10009  24.938  -80.042  -10.016 0.5000000000
10025  25.251  -80.338  -11.349 0.4000000060
10787  26.333  -79.354  -8.072 0.5000000000
10789  21.150  -79.161  -8.719 0.5000000000
10810  21.395  -79.276  -9.378 0.5000000000
10822  36.757  -79.768  -10.743 0.3000000119
10824  34.344  -79.218  -10.399 0.3000000119
10827  21.660  -79.221  -10.154 0.5000000000
10850  37.105  -80.415  -12.630 0.3000000119
10908  34.047  -80.331  -17.434 0.3000000119
10914  23.750  -79.643  -17.163 0.6000000238
10925  33.382  -79.900  -17.790 0.3000000119
10929  21.209  -79.100  -17.826 0.5000000000
11587  29.389  -78.567  -7.620 0.4000000060
11589  27.962  -78.712  -7.530 0.5000000000
11603  30.398  -78.231  -8.541 0.3000000119
11606  27.630  -78.311  -8.239 0.5000000000
11618  31.961  -78.373  -9.825 0.3000000119
11621  26.648  -78.667  -9.390 0.5000000000
11633  32.261  -78.265  -10.544 0.3000000119
11636  27.633  -78.276  -10.507 0.5000000000
11655  21.499  -78.528  -12.118 0.5000000000
11668  22.202  -78.400  -11.883 0.4000000060
11682  31.687  -78.763  -13.736 0.4000000060
11683  29.292  -78.877  -13.463 0.4000000060
11726  24.544  -78.608  -17.948 0.6999999881
12449  27.875  -77.896  -9.067 0.5000000000
12476  30.410  -77.569  -10.659 0.3000000119
12479  28.140  -77.818  -9.929 0.5000000000
12481  23.930  -77.897  -9.979 0.5000000000
12493  31.631  -77.926  -11.118 0.3000000119
12494  30.791  -77.683  -11.230 0.3000000119
12568  32.905  -78.302  -18.477 0.3000000119
12577  32.335  -77.584  -18.762 0.3000000119
13405  25.193  -76.214  -11.971 0.6000000238
13407  23.838  -76.797  -12.651 0.5000000000
13417  27.635  -76.345  -14.908 0.6000000238
13433  33.787  -77.072  -17.968 0.4000000060
13436  27.263  -75.790  -17.557 0.6000000238
13438  25.756  -76.645  -17.604 0.6999999881
13455  31.875  -76.953  -18.710 0.4000000060
14285  22.821  -75.880  -8.951 0.6000000238
14333  14.993  -74.525  -13.028 0.5000000000
14346  28.916  -76.345  -14.898 0.5000000000
14353  35.199  -75.913  -16.293 0.3000000119
14361  21.061  -74.990  -15.516 0.6000000238
14369  28.462  -74.777  -16.641 0.6000000238
14376  21.468  -75.361  -16.078 0.6000000238
14377  36.070  -74.944  -17.620 0.4000000060
15165  18.159  -74.258  -6.938 0.5000000000
15181  26.669  -73.641  -8.787 0.6000000238
15196  24.447  -74.624  -8.880 0.6999999881
15205  21.151  -74.223  -10.911 0.5000000000
15226  13.578  -74.017  -13.098 0.5000000000
15240  23.580  -72.963  -14.947 0.6999999881
15245  40.136  -74.999  -16.474 0.3000000119
16048  19.387  -73.367  -7.004 0.6000000238
16058  27.692  -73.190  -8.220 0.6999999881
16060  26.157  -73.354  -7.819 0.6999999881
16070  30.204  -72.993  -9.031 0.8000000119
16074  26.444  -73.546  -8.242 0.6999999881
16076  24.702  -73.793  -7.903 0.6999999881
16079  16.351  -73.709  -8.629 0.5000000000
16083  31.716  -72.690  -9.746 0.6000000238
16084  30.493  -73.206  -9.579 0.6000000238
16095  13.442  -73.363  -10.182 0.5000000000
16101  29.385  -73.519  -10.258 0.6999999881
16107  20.813  -73.739  -11.647 0.5000000000
16116  30.739  -73.127  -10.945 0.6000000238
16125  19.632  -73.561  -12.917 0.6000000238
16128  13.199  -73.133  -12.183 0.5000000000
16136  18.274  -73.003  -13.756 0.6000000238
16138  16.910  -73.096  -13.251 0.6000000238
16141  13.129  -73.557  -12.705 0.5000000000
16147  25.196  -72.070  -14.046 0.6999999881
16149  17.178  -72.661  -13.125 0.6000000238
16151  40.071  -74.450  -15.338 0.3000000119
16169  27.714  -72.791  -15.660 0.8000000119
16179  36.780  -73.104  -16.726 0.4000000060
16183  32.335  -73.268  -17.037 0.4000000060
16184  31.531  -73.414  -17.150 0.4000000060
16192  34.808  -74.248  -17.659 0.4000000060
16966  20.409  -71.528  -5.124 0.4000000060
16967  19.813  -71.754  -4.965 0.4000000060
16987  19.561  -72.534  -5.434 0.4000000060
17014  25.803  -72.746  -7.620 0.6999999881
17015  24.916  -72.586  -7.648 0.6999999881
17016  19.401  -72.854  -7.743 0.6000000238
17024  28.942  -72.549  -8.399 0.8000000119
17025  28.006  -72.589  -8.109 0.8000000119
17026  23.173  -72.901  -8.088 0.6999999881
17034  31.503  -72.303  -9.110 0.6999999881
17043  33.157  -72.056  -10.471 0.6000000238
17048  17.277  -72.086  -10.707 0.6000000238
17049  16.138  -72.172  -11.489 0.6000000238
17070  32.784  -72.043  -11.867 0.6000000238
17079  18.047  -72.233  -13.714 0.6000000238
17082  15.719  -72.565  -12.522 0.5000000000
17106  34.531  -72.434  -15.581 0.5000000000
17918  20.733  -71.058  -4.938 0.4000000060
17919  20.180  -71.124  -4.712 0.4000000060
17937  20.960  -71.227  -5.515 0.4000000060
17966  25.446  -72.003  -7.818 0.6000000238
17984  27.740  -71.620  -8.276 0.6999999881
17990  19.589  -71.324  -8.958 0.6000000238
18000  32.559  -71.465  -9.336 0.6999999881
18004  19.718  -70.095  -9.910 0.6000000238
18005  19.192  -70.837  -9.806 0.6000000238
18009  34.201  -71.315  -10.688 0.6000000238
18011  32.906  -71.874  -9.822 0.6000000238
18022  34.109  -71.583  -11.439 0.6000000238
18023  22.283  -70.968  -12.555 0.5000000000
18027  17.683  -71.679  -13.163 0.6000000238
18042  18.887  -70.931  -13.910 0.6000000238
18058  31.209  -71.606  -14.907 0.6999999881
18062  27.126  -70.335  -14.500 0.6000000238
18924  19.882  -70.478  -4.438 0.4000000060
18939  22.171  -70.435  -5.648 0.4000000060
18940  21.558  -70.907  -5.947 0.4000000060
18955  21.462  -70.808  -6.840 0.5000000000
18975  30.738  -70.863  -8.782 0.6000000238
18983  20.354  -70.215  -9.055 0.5000000000
18996  30.298  -69.981  -9.292 0.6000000238
19002  24.517  -70.206  -10.218 0.6000000238
19008  34.790  -70.453  -10.546 0.6000000238
19009  34.192  -70.917  -10.278 0.6000000238
19010  33.498  -70.618  -9.821 0.5000000000
19011  24.122  -68.699  -12.060 0.6000000238
19034  20.492  -69.445  -13.442 0.6000000238
19041  31.893  -69.310  -13.710 0.6999999881
19044  30.054  -69.275  -14.793 0.6999999881
19054  31.240  -69.714  -15.866 0.6000000238
19963  26.351  -68.708  -11.169 0.5000000000
19965  20.246  -69.404  -10.079 0.5000000000
19983  24.002  -67.779  -12.408 0.4000000060
19985  22.807  -68.831  -12.864 0.5000000000
19994  21.264  -69.252  -13.387 0.5000000000
20019  39.171  -68.727  -16.409 0.4000000060
20024  32.221  -68.969  -15.757 0.6000000238
20025  31.560  -69.154  -15.577 0.6000000238
20036  34.444  -69.328  -16.816 0.6000000238
20920  22.697  -68.590  -7.983 0.5000000000
20955  22.317  -67.309  -11.371 0.5000000000
20971  23.588  -67.322  -12.173 0.5000000000
20982  23.221  -67.835  -12.665 0.6000000238
20983  22.394  -67.948  -12.660 0.5000000000
21905  23.203  -67.393  -9.597 0.5000000000
22739  20.123  -66.188  -5.491 0.3000000119
22741  18.547  -66.648  -6.009 0.3000000119
22746  18.863  -65.959  -6.588 0.3000000119
22748  18.002  -67.145  -7.633 0.3000000119
23574  18.754  -66.027  -7.526 0.3000000119
23614  17.421  -66.034  -10.278 0.3000000119
24364  24.413  -64.769  -3.626 0.4000000060
24372  23.535  -64.638  -4.001 0.4000000060
24374  21.966  -64.300  -4.843 0.3000000119
24382  21.421  -64.313  -5.278 0.3000000119
24383  20.811  -64.274  -5.709 0.3000000119
24400  16.737  -64.587  -8.452 0.3000000119
24425  18.224  -65.156  -9.796 0.4000000060
25216  23.642  -63.345  -4.088 0.4000000060
25226  21.880  -63.158  -5.257 0.4000000060
25238  20.724  -63.714  -6.096 0.3000000119
25243  20.962  -63.136  -6.389 0.3000000119
25266  19.761  -63.624  -9.156 0.3000000119
25267  18.884  -63.675  -9.349 0.4000000060
25278  20.168  -63.006  -9.189 0.3000000119
25281  18.577  -64.386  -9.491 0.4000000060
26139  21.226  -62.474  -6.879 0.4000000060
26140  20.842  -62.909  -7.413 0.4000000060
26152  21.170  -62.108  -8.553 0.3000000119
26161  20.707  -62.421  -9.029 0.3000000119
26163  17.703  -62.607  -8.370 0.4000000060
26168  19.463  -63.316  -9.264 0.3000000119
27029  23.135  -61.942  -4.674 0.4000000060
27066  21.546  -61.448  -8.601 0.3000000119
27078  21.247  -60.896  -9.226 0.3000000119
27080  20.328  -62.136  -9.250 0.3000000119
27081  19.563  -62.414  -9.171 0.5000000000
28005  23.903  -59.962  -5.043 0.3000000119
28019  22.430  -60.561  -7.033 0.3000000119
28032  16.922  -60.036  -6.991 0.3000000119
28041  20.708  -60.366  -9.182 0.3000000119
28050  20.561  -61.280  -9.236 0.3000000119
28957  19.023  -58.901  -7.843 0.3000000119
29876  17.127  -57.321  -6.223 0.3000000119
29894  22.268  -58.479  -9.341 0.3000000119
30810  17.444  -56.789  -5.953 0.3000000119
30816  23.485  -57.482  -8.797 0.3000000119
30825  22.985  -57.569  -9.455 0.3000000119
30826  22.675  -57.697  -9.415 0.3000000119
30829  19.730  -57.474  -7.846 0.3000000119
30841  22.237  -56.952  -9.314 0.3000000119
31754  17.985  -56.407  -5.940 0.3000000119
31785  20.438  -56.107  -8.093 0.3000000119
32701  23.216  -55.299  -8.961 0.3000000119
96644  21.504  -61.842  -7.604 0.4000000060
97056  14.472  -73.021  -12.764 0.5000000000
97062  20.003  -74.578  -11.676 0.5000000000
97503  22.126  -61.230  -6.575 0.4000000060
97784  29.479  -70.294  -15.302 0.6999999881
98198  21.833  -69.132  -4.457 0.4000000060
98385  20.002  -69.050  -4.303 0.3000000119
98389  20.893  -69.103  -4.324 0.4000000060
100374  24.695  -71.948  -7.947 0.6000000238
100620  27.901  -73.610  -9.501 0.6000000238
101186  21.346  -56.855  -8.858 0.3000000119
102155  23.068  -56.569  -9.449 0.3000000119
102688  34.544  -79.229  -11.211 0.3000000119
102784  37.796  -70.523  -17.351 0.4000000060
103402  22.171  -65.003  -4.668 0.4000000060
103849  25.392  -73.940  -9.319 0.6999999881
103980  21.013  -68.111  -11.318 0.5000000000
104219  23.711  -62.098  -4.241 0.4000000060
104237  19.671  -73.108  -6.191 0.5000000000
104760  35.417  -69.945  -13.824 0.5000000000
104969  39.445  -71.915  -17.333 0.4000000060
105071  22.716  -78.680  -17.836 0.6000000238
106285  17.410  -73.138  -9.291 0.6000000238
106543  32.854  -84.409  -4.312 0.3000000119
106819  27.971  -80.176  -6.893 0.5000000000
107565  32.116  -82.861  -4.547 0.3000000119
107876  22.218  -79.238  -17.589 0.6000000238
108286  25.317  -78.274  -17.567 0.6999999881
108357  31.380  -82.091  -5.776 0.3000000119
108420  28.907  -70.136  -9.317 0.5000000000
108441  25.325  -80.424  -8.295 0.4000000060
110796  22.350  -75.589  -9.304 0.5000000000
110807  29.644  -82.552  -5.593 0.3000000119
110925  27.287  -72.315  -11.396 0.6000000238
111725  34.288  -72.972  -15.692 0.4000000060
111816  22.207  -78.428  -17.767 0.6000000238
111957  30.640  -77.898  -9.198 0.4000000060
112012  37.851  -68.661  -15.784 0.4000000060
112565  19.112  -73.716  -6.313 0.4000000060
112606  32.184  -70.943  -9.061 0.8000000119
113337  28.003  -74.537  -16.778 0.6000000238
113522  32.940  -88.028  -4.730 0.3000000119
113600  31.707  -72.158  -14.763 0.5000000000
113714  22.428  -77.211  -12.933 0.5000000000
113902  36.920  -68.719  -17.116 0.4000000060
114670  26.093  -79.030  -9.468 0.5000000000
114941  33.923  -80.614  -17.119 0.3000000119
115204  29.133  -78.930  -7.167 0.3000000119
