#!ascii label  , from subject sub-fsm42wk vox2ras=TkReg
1657
50759  -45.625  -37.553  46.296 0.0000000000
123838  -60.167  -24.509  42.148 0.0000000000
56463  -52.962  -31.209  44.190 0.0000000000
23979  -19.933  -65.133  66.776 0.0000000000
49790  -41.941  -37.648  51.643 0.0000000000
33804  -36.444  -55.518  62.801 0.0000000000
34811  -47.054  -53.381  60.050 0.0000000000
109176  -48.921  -44.958  55.838 0.0000000000
46918  -48.952  -40.622  56.067 0.0000000000
32916  -25.790  -55.944  59.955 0.0000000000
32844  -31.692  -56.390  64.072 0.0000000000
34820  -30.905  -54.091  59.076 0.0000000000
35896  -41.594  -52.924  56.021 0.0000000000
38790  -46.977  -50.177  54.932 0.0000000000
50636  -49.204  -36.906  52.416 0.0000000000
50690  -53.342  -36.124  49.055 0.0000000000
58313  -57.125  -29.040  42.774 0.0000000000
51774  -49.757  -35.065  43.866 0.0000000000
61989  -59.534  -24.795  37.536 0.0000000000
22933  -16.284  -65.619  69.373 0.0000000000
50612  -46.405  -36.199  55.363 0.0000000000
104072  -42.863  -35.899  49.457 0.0000000000
35874  -35.581  -53.421  56.898 0.0000000000
33856  -42.033  -56.044  61.360 0.0000000000
52682  -57.712  -34.916  46.996 0.0000000000
114975  -62.386  -16.009  34.789 0.0000000000
42354  -47.045  -45.619  53.381 0.0000000000
44231  -46.971  -43.230  53.057 0.0000000000
107707  -28.442  -54.974  59.987 0.0000000000
38820  -43.663  -50.268  52.600 0.0000000000
39689  -45.835  -48.510  53.038 0.0000000000
122046  -48.533  -48.128  56.010 0.0000000000
105424  -48.221  -36.950  49.434 0.0000000000
126112  -50.786  -36.733  50.990 0.0000000000
121346  -49.685  -36.633  47.714 0.0000000000
59235  -59.437  -27.465  42.487 0.0000000000
59205  -59.417  -27.238  45.545 0.0000000000
63710  -60.556  -22.493  42.406 0.0000000000
25833  -17.633  -62.312  66.140 0.0000000000
22944  -18.024  -66.347  67.496 0.0000000000
125294  -45.821  -39.276  53.481 0.0000000000
48839  -47.053  -37.993  56.032 0.0000000000
123790  -44.444  -37.065  53.561 0.0000000000
52606  -44.759  -35.769  52.070 0.0000000000
51644  -41.818  -35.814  50.974 0.0000000000
32870  -34.034  -55.800  63.552 0.0000000000
122053  -34.107  -57.207  66.638 0.0000000000
31874  -37.004  -56.635  65.708 0.0000000000
31890  -40.016  -56.300  64.699 0.0000000000
36905  -32.919  -52.570  55.589 0.0000000000
36920  -35.531  -52.190  54.865 0.0000000000
34871  -45.416  -54.052  57.235 0.0000000000
34848  -42.076  -54.485  57.802 0.0000000000
116046  -45.171  -55.233  59.964 0.0000000000
32880  -45.670  -56.430  62.851 0.0000000000
27872  -23.185  -61.151  63.039 0.0000000000
27841  -25.207  -60.816  65.512 0.0000000000
25822  -25.902  -62.105  68.931 0.0000000000
53566  -51.399  -33.121  44.385 0.0000000000
51762  -53.972  -35.254  45.232 0.0000000000
53548  -54.502  -33.135  46.067 0.0000000000
70855  -62.355  -14.947  33.355 0.0000000000
20799  -21.415  -67.856  68.903 0.0000000000
42318  -50.589  -44.862  58.850 0.0000000000
45090  -50.756  -42.645  59.234 0.0000000000
111881  -49.044  -43.285  56.078 0.0000000000
46045  -46.724  -41.388  52.780 0.0000000000
31900  -26.021  -57.276  62.877 0.0000000000
31884  -28.553  -56.621  64.638 0.0000000000
32890  -28.512  -55.784  62.189 0.0000000000
33819  -31.530  -55.102  62.024 0.0000000000
33848  -33.826  -54.876  61.452 0.0000000000
37854  -37.435  -51.484  53.705 0.0000000000
37881  -40.741  -51.012  52.963 0.0000000000
36929  -44.498  -52.060  54.701 0.0000000000
36889  -47.048  -52.323  57.710 0.0000000000
38765  -48.559  -49.390  58.090 0.0000000000
40433  -49.936  -47.288  58.878 0.0000000000
30937  -24.189  -57.580  60.279 0.0000000000
104188  -50.945  -35.718  55.997 0.0000000000
52568  -54.472  -34.333  56.875 0.0000000000
52595  -52.775  -35.108  53.683 0.0000000000
52621  -54.746  -34.998  51.760 0.0000000000
57424  -54.618  -30.154  43.453 0.0000000000
56446  -55.323  -30.393  46.449 0.0000000000
106403  -57.044  -28.655  46.676 0.0000000000
20768  -13.632  -67.397  72.801 0.0000000000
50810  -48.342  -36.387  44.777 0.0000000000
53583  -48.360  -33.565  42.123 0.0000000000
57436  -51.819  -29.954  42.160 0.0000000000
58327  -53.528  -28.324  41.435 0.0000000000
60167  -55.877  -26.847  41.130 0.0000000000
61090  -57.747  -25.801  40.879 0.0000000000
61970  -59.101  -24.299  40.609 0.0000000000
61120  -56.962  -25.509  37.971 0.0000000000
19743  -19.157  -69.229  69.693 0.0000000000
19730  -17.394  -68.766  71.573 0.0000000000
117102  -15.339  -68.289  72.630 0.0000000000
50540  -51.188  -36.545  61.004 0.0000000000
125775  -50.365  -39.753  58.881 0.0000000000
115394  -48.923  -37.168  58.143 0.0000000000
51569  -49.316  -35.931  57.751 0.0000000000
105624  -47.807  -35.936  54.151 0.0000000000
116355  -45.765  -36.478  50.950 0.0000000000
120166  -44.746  -37.288  48.371 0.0000000000
31849  -31.051  -57.389  66.461 0.0000000000
34839  -33.614  -53.871  58.662 0.0000000000
33876  -36.623  -54.867  60.350 0.0000000000
116260  -38.797  -53.101  56.382 0.0000000000
33910  -38.929  -54.848  58.840 0.0000000000
33827  -39.282  -55.892  61.924 0.0000000000
119225  -42.575  -56.623  63.413 0.0000000000
25845  -18.933  -62.216  65.203 0.0000000000
25857  -21.002  -61.964  64.104 0.0000000000
24912  -22.188  -64.273  66.542 0.0000000000
50765  -51.562  -36.436  46.426 0.0000000000
50719  -55.603  -36.734  48.046 0.0000000000
50723  -59.423  -36.701  49.126 0.0000000000
54410  -57.664  -32.458  47.888 0.0000000000
125363  -60.817  -22.411  39.647 0.0000000000
65605  -62.324  -20.216  39.336 0.0000000000
67432  -63.263  -17.981  38.639 0.0000000000
66569  -62.334  -18.909  34.953 0.0000000000
69159  -63.983  -15.835  37.546 0.0000000000
105716  -46.096  -45.873  52.302 0.0000000000
43244  -45.664  -44.635  51.563 0.0000000000
43257  -44.585  -44.717  50.458 0.0000000000
40544  -44.139  -48.212  51.580 0.0000000000
41479  -44.961  -46.976  51.600 0.0000000000
107866  -46.661  -46.941  53.239 0.0000000000
50736  -46.541  -37.248  47.592 0.0000000000
50712  -48.523  -36.855  48.620 0.0000000000
50737  -47.420  -36.972  47.204 0.0000000000
60161  -60.387  -26.281  42.472 0.0000000000
60153  -60.686  -26.654  43.316 0.0000000000
61071  -61.611  -25.311  43.748 0.0000000000
61937  -61.826  -24.383  43.668 0.0000000000
62802  -60.862  -23.255  42.810 0.0000000000
24922  -18.495  -63.562  66.122 0.0000000000
124540  -17.625  -64.378  66.993 0.0000000000
22956  -19.460  -65.770  67.080 0.0000000000
48893  -43.608  -38.290  52.372 0.0000000000
48872  -45.140  -37.760  53.998 0.0000000000
124337  -42.997  -37.028  52.559 0.0000000000
50634  -43.404  -36.134  52.430 0.0000000000
50647  -41.713  -36.282  51.386 0.0000000000
29831  -26.011  -58.736  67.345 0.0000000000
32872  -35.894  -55.712  63.585 0.0000000000
32833  -35.755  -56.275  65.072 0.0000000000
124377  -36.950  -55.971  64.477 0.0000000000
105506  -38.722  -56.638  65.413 0.0000000000
32850  -38.588  -55.829  64.057 0.0000000000
34850  -46.386  -53.916  58.430 0.0000000000
33916  -45.247  -54.846  58.509 0.0000000000
33902  -46.057  -54.785  59.666 0.0000000000
33860  -46.115  -55.219  61.517 0.0000000000
105069  -25.769  -58.381  64.241 0.0000000000
28845  -25.695  -58.971  65.754 0.0000000000
28814  -25.863  -59.484  67.625 0.0000000000
52506  -53.436  -34.913  60.555 0.0000000000
55388  -51.982  -32.203  44.401 0.0000000000
108439  -52.766  -33.083  45.170 0.0000000000
55381  -53.350  -31.788  45.063 0.0000000000
42327  -49.917  -44.988  57.584 0.0000000000
43203  -50.056  -44.040  57.775 0.0000000000
43208  -49.216  -44.158  56.275 0.0000000000
45123  -46.907  -42.297  52.900 0.0000000000
46968  -45.547  -40.867  51.791 0.0000000000
107405  -45.054  -40.081  51.936 0.0000000000
31918  -26.414  -56.510  61.590 0.0000000000
31909  -27.249  -56.335  62.694 0.0000000000
32906  -26.895  -56.106  61.053 0.0000000000
34804  -29.625  -54.563  59.734 0.0000000000
33873  -29.607  -54.965  60.464 0.0000000000
34789  -30.905  -54.769  60.567 0.0000000000
33846  -32.005  -54.889  61.315 0.0000000000
34805  -31.834  -54.481  60.058 0.0000000000
37895  -39.413  -50.806  52.387 0.0000000000
37862  -45.626  -50.613  54.041 0.0000000000
37861  -44.361  -51.066  53.593 0.0000000000
106058  -46.207  -51.723  55.232 0.0000000000
36906  -46.340  -52.275  55.876 0.0000000000
36908  -47.433  -51.072  56.569 0.0000000000
108525  -47.796  -50.983  58.204 0.0000000000
110071  -47.863  -50.143  56.559 0.0000000000
41434  -48.613  -46.618  55.596 0.0000000000
40461  -49.067  -47.828  57.038 0.0000000000
41405  -49.746  -46.560  57.580 0.0000000000
42306  -50.477  -46.004  59.035 0.0000000000
31926  -24.573  -56.860  59.973 0.0000000000
104073  -50.230  -36.410  54.137 0.0000000000
51605  -51.442  -35.817  54.545 0.0000000000
51619  -51.281  -36.248  53.167 0.0000000000
50668  -52.144  -36.176  50.072 0.0000000000
51651  -52.655  -35.683  51.391 0.0000000000
51670  -53.429  -35.559  50.686 0.0000000000
113832  -55.594  -35.680  51.128 0.0000000000
51672  -55.291  -35.914  50.424 0.0000000000
57425  -55.975  -29.707  43.628 0.0000000000
57405  -56.008  -29.234  45.377 0.0000000000
58279  -56.950  -28.814  45.068 0.0000000000
123304  -60.018  -26.547  47.635 0.0000000000
58309  -53.067  -29.094  41.976 0.0000000000
59240  -51.898  -27.815  40.816 0.0000000000
60178  -53.957  -26.568  40.214 0.0000000000
60179  -55.275  -26.309  40.573 0.0000000000
60180  -56.177  -26.155  40.755 0.0000000000
61098  -56.596  -25.796  40.284 0.0000000000
114427  -57.095  -25.542  39.647 0.0000000000
23965  -16.220  -64.774  68.820 0.0000000000
22927  -15.919  -65.332  70.384 0.0000000000
18747  -21.575  -69.114  69.555 0.0000000000
19744  -19.998  -68.876  69.114 0.0000000000
18737  -20.547  -69.951  70.216 0.0000000000
18728  -18.108  -70.204  72.139 0.0000000000
18722  -17.075  -69.929  72.538 0.0000000000
19725  -16.374  -68.650  72.384 0.0000000000
18721  -16.592  -69.758  72.686 0.0000000000
18719  -15.366  -69.426  72.805 0.0000000000
46020  -49.864  -41.409  57.265 0.0000000000
46013  -50.490  -41.310  58.663 0.0000000000
46912  -49.735  -40.427  57.281 0.0000000000
49752  -46.852  -37.163  56.142 0.0000000000
48824  -48.100  -38.031  56.970 0.0000000000
50598  -47.890  -36.562  56.916 0.0000000000
50589  -48.967  -36.527  58.044 0.0000000000
51567  -48.210  -36.219  56.838 0.0000000000
51590  -48.420  -35.912  55.720 0.0000000000
51589  -47.444  -35.908  55.421 0.0000000000
51665  -43.533  -35.706  50.452 0.0000000000
126276  -45.588  -36.089  51.482 0.0000000000
51688  -44.116  -36.298  49.882 0.0000000000
50682  -45.027  -36.873  49.676 0.0000000000
50707  -43.092  -36.813  48.271 0.0000000000
112138  -29.417  -56.585  64.478 0.0000000000
124719  -30.076  -56.875  65.464 0.0000000000
31868  -31.316  -56.965  65.784 0.0000000000
35889  -34.378  -52.945  56.233 0.0000000000
35872  -32.951  -53.098  57.092 0.0000000000
34840  -34.240  -53.708  58.006 0.0000000000
34823  -34.786  -54.133  59.473 0.0000000000
119644  -35.749  -53.988  58.672 0.0000000000
36925  -40.269  -52.179  54.959 0.0000000000
36923  -38.251  -52.308  55.108 0.0000000000
35895  -40.162  -53.100  56.354 0.0000000000
120979  -41.920  -55.565  59.578 0.0000000000
33912  -40.877  -54.903  58.647 0.0000000000
33880  -40.563  -55.719  60.102 0.0000000000
33878  -39.024  -55.473  60.451 0.0000000000
109353  -41.158  -56.075  61.546 0.0000000000
33808  -40.729  -55.889  63.012 0.0000000000
32877  -42.246  -56.140  62.833 0.0000000000
38732  -49.104  -50.028  60.877 0.0000000000
26855  -22.614  -61.666  63.459 0.0000000000
118939  -22.492  -62.536  64.539 0.0000000000
25848  -21.850  -62.873  65.013 0.0000000000
25808  -26.842  -63.155  69.581 0.0000000000
123397  -49.325  -35.842  44.351 0.0000000000
50763  -49.853  -36.512  46.130 0.0000000000
51760  -51.221  -35.686  44.788 0.0000000000
52695  -55.578  -34.690  45.884 0.0000000000
110518  -54.928  -35.813  46.052 0.0000000000
50746  -56.666  -36.258  47.104 0.0000000000
50721  -57.887  -36.817  48.353 0.0000000000
50747  -58.108  -36.232  47.690 0.0000000000
56430  -56.877  -30.325  48.003 0.0000000000
55361  -56.151  -31.244  47.592 0.0000000000
55348  -58.088  -31.226  48.826 0.0000000000
61983  -59.375  -24.771  38.712 0.0000000000
62837  -60.111  -23.178  39.852 0.0000000000
106506  -60.259  -23.734  39.200 0.0000000000
64702  -62.076  -21.993  37.620 0.0000000000
65612  -62.714  -20.563  37.575 0.0000000000
112145  -62.952  -18.975  38.637 0.0000000000
66552  -62.922  -19.897  36.860 0.0000000000
111684  -61.122  -17.367  34.354 0.0000000000
67455  -60.966  -18.457  34.299 0.0000000000
68318  -62.307  -17.130  34.755 0.0000000000
68303  -63.049  -17.122  35.981 0.0000000000
69166  -63.247  -15.901  36.015 0.0000000000
69996  -63.789  -14.829  35.414 0.0000000000
70037  -63.864  -15.503  33.144 0.0000000000
42346  -48.032  -45.602  54.753 0.0000000000
43214  -48.213  -44.246  54.775 0.0000000000
43228  -46.947  -44.756  53.085 0.0000000000
44244  -45.701  -43.728  51.487 0.0000000000
121352  -26.979  -55.298  59.968 0.0000000000
39707  -43.030  -49.284  51.598 0.0000000000
39688  -45.128  -49.008  52.669 0.0000000000
38802  -46.883  -49.468  54.375 0.0000000000
112173  -47.884  -48.992  55.405 0.0000000000
39676  -47.034  -48.409  54.122 0.0000000000
112978  -47.746  -46.920  54.429 0.0000000000
104779  -48.769  -36.977  51.085 0.0000000000
50652  -50.459  -36.831  51.457 0.0000000000
50686  -49.616  -36.848  49.857 0.0000000000
50687  -50.537  -36.661  49.653 0.0000000000
50715  -51.548  -36.443  48.462 0.0000000000
58314  -57.956  -28.572  42.664 0.0000000000
58281  -58.354  -28.273  44.637 0.0000000000
121374  -59.730  -27.499  44.460 0.0000000000
60135  -60.669  -26.461  45.434 0.0000000000
65588  -61.353  -20.964  42.373 0.0000000000
24901  -16.741  -64.153  67.679 0.0000000000
22943  -17.265  -66.112  68.016 0.0000000000
47929  -46.937  -39.498  54.411 0.0000000000
47896  -48.123  -39.285  55.889 0.0000000000
48874  -46.490  -38.645  54.750 0.0000000000
49769  -45.599  -37.264  54.715 0.0000000000
50619  -45.408  -36.596  54.303 0.0000000000
51599  -45.682  -36.059  53.946 0.0000000000
51612  -44.803  -36.008  52.988 0.0000000000
51646  -43.404  -35.513  51.512 0.0000000000
52656  -42.678  -35.570  50.129 0.0000000000
32845  -32.477  -56.131  63.813 0.0000000000
104695  -33.010  -56.785  65.388 0.0000000000
31870  -33.903  -56.528  65.079 0.0000000000
31854  -35.759  -57.119  66.547 0.0000000000
30889  -40.153  -58.315  65.784 0.0000000000
36919  -34.112  -52.194  54.844 0.0000000000
35891  -36.186  -53.026  56.329 0.0000000000
34881  -43.034  -53.638  56.472 0.0000000000
34868  -42.549  -54.000  57.193 0.0000000000
33923  -43.978  -54.684  57.687 0.0000000000
33900  -43.920  -55.204  59.049 0.0000000000
114739  -44.066  -55.510  60.498 0.0000000000
33831  -43.451  -55.869  62.020 0.0000000000
33833  -45.661  -55.638  62.059 0.0000000000
29881  -23.900  -59.455  61.676 0.0000000000
28878  -23.819  -60.617  62.696 0.0000000000
117580  -24.728  -61.969  65.555 0.0000000000
25829  -24.963  -62.449  67.493 0.0000000000
27834  -25.430  -60.992  67.251 0.0000000000
104385  -51.261  -34.147  44.334 0.0000000000
51776  -51.891  -35.257  44.597 0.0000000000
52702  -52.975  -34.063  45.054 0.0000000000
53557  -54.466  -34.003  45.569 0.0000000000
123018  -56.566  -33.969  46.492 0.0000000000
62000  -59.184  -24.564  36.505 0.0000000000
61990  -60.302  -24.332  37.372 0.0000000000
62867  -59.706  -23.909  36.201 0.0000000000
69186  -60.823  -15.887  34.000 0.0000000000
70008  -62.464  -15.081  34.160 0.0000000000
70006  -60.301  -15.861  33.647 0.0000000000
70033  -60.813  -15.397  32.636 0.0000000000
22957  -21.333  -65.485  67.326 0.0000000000
21894  -20.817  -66.414  67.781 0.0000000000
44171  -51.176  -43.515  60.384 0.0000000000
44189  -50.582  -43.398  58.740 0.0000000000
45095  -50.087  -42.699  57.834 0.0000000000
46024  -49.048  -41.481  56.001 0.0000000000
44224  -47.897  -43.097  54.179 0.0000000000
45117  -47.980  -42.332  54.316 0.0000000000
109638  -47.661  -40.874  54.185 0.0000000000
47949  -45.887  -39.893  52.921 0.0000000000
47970  -44.735  -39.362  52.250 0.0000000000
119380  -26.028  -57.736  64.602 0.0000000000
30895  -27.240  -57.085  65.836 0.0000000000
31882  -26.978  -56.812  64.157 0.0000000000
31902  -28.199  -56.349  63.722 0.0000000000
32865  -29.625  -55.936  63.183 0.0000000000
33842  -28.072  -55.436  60.788 0.0000000000
33817  -29.811  -55.298  61.886 0.0000000000
32893  -31.085  -55.664  62.716 0.0000000000
32868  -32.651  -55.711  63.102 0.0000000000
33802  -34.429  -55.370  62.727 0.0000000000
33823  -35.065  -55.066  62.057 0.0000000000
37856  -39.260  -51.561  53.767 0.0000000000
36926  -41.680  -52.118  54.760 0.0000000000
37882  -42.147  -50.887  52.928 0.0000000000
36950  -43.048  -51.770  54.083 0.0000000000
35917  -43.038  -52.662  55.266 0.0000000000
35899  -44.535  -53.104  55.881 0.0000000000
34872  -46.207  -53.710  57.564 0.0000000000
35844  -47.321  -52.559  59.472 0.0000000000
109612  -47.661  -52.549  60.376 0.0000000000
112596  -47.745  -51.296  59.012 0.0000000000
37779  -48.453  -50.152  59.586 0.0000000000
38756  -48.771  -49.517  59.443 0.0000000000
38772  -48.626  -48.995  57.337 0.0000000000
39637  -48.975  -48.626  58.012 0.0000000000
39622  -49.626  -48.187  59.598 0.0000000000
40420  -50.321  -47.435  60.492 0.0000000000
29899  -24.266  -58.722  61.336 0.0000000000
51571  -50.998  -35.458  56.875 0.0000000000
52566  -52.575  -34.999  56.409 0.0000000000
52575  -53.705  -34.636  55.525 0.0000000000
52585  -54.918  -34.354  54.609 0.0000000000
51635  -52.257  -35.789  52.217 0.0000000000
52609  -53.305  -34.942  52.917 0.0000000000
56477  -53.346  -30.777  43.754 0.0000000000
56454  -54.307  -31.031  45.510 0.0000000000
104637  -54.880  -30.174  45.087 0.0000000000
57397  -55.879  -29.501  46.346 0.0000000000
57392  -57.025  -29.283  47.727 0.0000000000
58273  -58.002  -27.944  46.454 0.0000000000
58265  -57.949  -28.106  47.333 0.0000000000
108444  -45.110  -37.229  44.971 0.0000000000
50786  -46.847  -36.965  45.526 0.0000000000
50821  -45.824  -36.450  43.793 0.0000000000
51773  -47.532  -36.097  43.930 0.0000000000
51790  -48.116  -35.453  43.396 0.0000000000
52721  -49.253  -34.517  43.386 0.0000000000
53574  -50.132  -33.353  43.509 0.0000000000
54465  -50.803  -32.129  43.264 0.0000000000
55406  -51.113  -31.299  42.941 0.0000000000
56484  -52.210  -30.437  42.816 0.0000000000
57422  -53.008  -30.341  43.027 0.0000000000
57439  -54.428  -29.859  42.625 0.0000000000
58312  -55.854  -29.201  42.205 0.0000000000
59242  -53.530  -27.536  41.016 0.0000000000
109870  -54.894  -27.790  41.326 0.0000000000
59231  -56.204  -28.401  41.821 0.0000000000
59246  -57.308  -27.314  41.513 0.0000000000
60169  -58.225  -26.291  41.313 0.0000000000
61092  -59.147  -25.143  41.442 0.0000000000
61963  -59.420  -24.318  41.325 0.0000000000
61962  -58.766  -24.850  40.945 0.0000000000
61976  -58.540  -24.985  39.280 0.0000000000
61982  -58.625  -25.156  38.131 0.0000000000
61140  -57.568  -24.932  36.579 0.0000000000
21893  -19.378  -67.028  67.776 0.0000000000
111145  -18.608  -68.237  68.654 0.0000000000
120400  -17.270  -67.531  69.388 0.0000000000
18732  -19.348  -70.236  71.206 0.0000000000
19731  -18.110  -69.187  71.134 0.0000000000
21873  -16.699  -67.031  70.326 0.0000000000
21866  -16.103  -66.601  71.178 0.0000000000
21860  -15.376  -67.069  72.298 0.0000000000
21859  -14.662  -66.763  72.612 0.0000000000
111661  -14.789  -68.155  72.718 0.0000000000
124364  -51.287  -35.550  60.246 0.0000000000
47860  -50.846  -39.320  60.130 0.0000000000
48841  -48.501  -38.918  56.615 0.0000000000
48815  -49.786  -38.557  58.548 0.0000000000
49698  -50.167  -36.809  59.719 0.0000000000
51544  -50.004  -36.053  59.132 0.0000000000
117669  -50.575  -35.513  58.411 0.0000000000
51582  -50.141  -35.749  56.615 0.0000000000
51591  -49.377  -35.958  55.356 0.0000000000
50627  -48.932  -36.722  53.296 0.0000000000
104154  -46.624  -35.892  53.152 0.0000000000
51631  -47.373  -36.231  52.763 0.0000000000
50649  -47.653  -36.716  51.911 0.0000000000
50683  -46.425  -37.119  49.728 0.0000000000
50710  -46.227  -37.228  48.457 0.0000000000
110340  -45.317  -37.623  47.028 0.0000000000
126083  -40.554  -36.434  50.687 0.0000000000
51662  -40.444  -36.036  50.384 0.0000000000
105758  -40.400  -35.584  49.215 0.0000000000
114768  -41.767  -35.904  48.651 0.0000000000
51727  -42.251  -36.528  48.087 0.0000000000
50732  -42.708  -37.151  47.482 0.0000000000
49824  -42.909  -37.759  45.978 0.0000000000
50784  -44.431  -37.601  45.501 0.0000000000
31851  -32.725  -57.101  66.350 0.0000000000
35853  -30.290  -53.020  58.104 0.0000000000
119047  -31.208  -52.760  57.322 0.0000000000
35842  -32.127  -54.033  58.946 0.0000000000
112220  -33.896  -54.465  60.319 0.0000000000
33874  -35.135  -54.784  60.773 0.0000000000
33825  -37.026  -55.343  61.929 0.0000000000
36944  -36.934  -51.853  54.349 0.0000000000
35911  -36.772  -52.704  55.666 0.0000000000
35892  -37.183  -53.201  56.454 0.0000000000
34866  -40.687  -53.921  57.380 0.0000000000
34864  -38.946  -53.891  57.464 0.0000000000
34843  -37.437  -54.070  58.144 0.0000000000
33895  -37.565  -54.920  59.857 0.0000000000
33877  -38.171  -55.162  60.707 0.0000000000
33806  -38.177  -55.696  62.747 0.0000000000
119320  -39.354  -55.805  63.525 0.0000000000
31891  -41.491  -56.833  64.364 0.0000000000
113975  -18.300  -62.267  65.619 0.0000000000
24923  -19.581  -63.890  66.008 0.0000000000
126192  -20.347  -60.507  62.728 0.0000000000
27850  -19.350  -60.673  63.649 0.0000000000
26834  -20.137  -62.089  64.480 0.0000000000
25835  -20.185  -63.269  65.388 0.0000000000
23993  -21.266  -64.453  66.389 0.0000000000
23981  -22.580  -64.655  67.225 0.0000000000
25814  -25.502  -63.076  69.029 0.0000000000
50762  -48.667  -36.745  46.449 0.0000000000
50740  -50.966  -36.528  47.086 0.0000000000
114861  -52.120  -36.489  47.826 0.0000000000
51745  -53.273  -35.717  45.365 0.0000000000
50743  -54.101  -36.608  47.393 0.0000000000
50691  -54.325  -36.331  48.839 0.0000000000
115619  -56.641  -36.885  49.198 0.0000000000
55371  -54.661  -31.733  46.328 0.0000000000
53543  -56.236  -33.018  46.940 0.0000000000
108396  -57.594  -33.357  47.314 0.0000000000
62814  -59.784  -23.487  41.507 0.0000000000
106181  -60.228  -22.122  40.915 0.0000000000
64686  -61.108  -21.007  40.440 0.0000000000
122629  -61.252  -22.950  38.601 0.0000000000
64691  -61.514  -21.388  39.583 0.0000000000
65599  -62.293  -19.709  40.422 0.0000000000
67417  -63.137  -18.679  40.527 0.0000000000
67424  -63.793  -17.842  40.145 0.0000000000
66560  -62.210  -19.897  35.179 0.0000000000
125217  -63.145  -18.442  36.945 0.0000000000
68298  -63.586  -16.621  37.741 0.0000000000
70836  -63.558  -14.805  34.308 0.0000000000
122014  -44.919  -46.175  51.265 0.0000000000
42378  -45.040  -45.160  51.108 0.0000000000
40566  -44.323  -47.394  51.256 0.0000000000
124633  -44.605  -46.796  51.218 0.0000000000
41480  -45.529  -46.432  51.917 0.0000000000
110945  -46.054  -37.445  46.973 0.0000000000
119236  -46.738  -37.210  46.855 0.0000000000
61086  -60.495  -25.186  42.327 0.0000000000
61070  -61.091  -25.819  43.029 0.0000000000
61936  -61.235  -24.869  42.996 0.0000000000
62794  -61.298  -24.021  43.052 0.0000000000
61950  -60.590  -24.154  42.466 0.0000000000
23991  -19.499  -64.633  66.398 0.0000000000
23990  -18.747  -64.382  66.392 0.0000000000
48892  -42.797  -38.009  52.066 0.0000000000
49783  -43.322  -37.524  52.647 0.0000000000
49782  -42.630  -37.268  52.198 0.0000000000
49781  -42.077  -36.743  51.828 0.0000000000
30866  -27.035  -57.889  67.237 0.0000000000
30882  -26.750  -57.672  66.374 0.0000000000
32848  -36.238  -55.954  64.366 0.0000000000
32873  -36.915  -55.803  63.666 0.0000000000
32849  -37.653  -55.894  64.264 0.0000000000
32874  -37.879  -55.750  63.475 0.0000000000
34827  -46.546  -54.121  59.338 0.0000000000
33884  -46.704  -54.367  60.300 0.0000000000
34794  -47.170  -53.850  60.880 0.0000000000
119995  -25.874  -58.593  66.600 0.0000000000
55389  -52.792  -31.737  44.526 0.0000000000
54442  -52.710  -32.324  44.966 0.0000000000
108081  -49.425  -45.011  56.664 0.0000000000
46075  -45.044  -41.411  51.080 0.0000000000
46056  -45.767  -41.917  51.646 0.0000000000
109550  -30.308  -54.322  59.443 0.0000000000
34788  -30.310  -54.700  60.174 0.0000000000
112987  -31.090  -54.463  59.903 0.0000000000
34790  -31.615  -54.687  60.562 0.0000000000
34821  -31.605  -54.233  59.404 0.0000000000
37863  -46.399  -50.397  54.435 0.0000000000
36953  -45.919  -51.187  54.599 0.0000000000
37834  -46.659  -50.922  55.093 0.0000000000
36931  -46.898  -51.477  55.804 0.0000000000
108823  -47.384  -50.461  55.668 0.0000000000
42335  -49.089  -45.959  56.232 0.0000000000
116985  -49.384  -46.644  56.854 0.0000000000
42326  -49.622  -45.837  57.099 0.0000000000
121082  -49.946  -45.854  57.823 0.0000000000
31927  -25.388  -56.586  60.337 0.0000000000
31917  -25.713  -56.853  61.153 0.0000000000
125092  -50.061  -36.699  53.660 0.0000000000
51618  -50.550  -36.565  53.473 0.0000000000
50628  -49.885  -36.838  53.117 0.0000000000
51690  -52.971  -35.874  49.891 0.0000000000
51691  -53.879  -35.866  49.763 0.0000000000
51671  -54.419  -35.647  50.466 0.0000000000
57441  -56.344  -29.499  42.805 0.0000000000
57415  -56.393  -29.350  44.389 0.0000000000
58289  -57.092  -29.032  44.155 0.0000000000
60116  -60.168  -26.737  48.384 0.0000000000
58341  -51.177  -28.209  41.001 0.0000000000
61097  -55.787  -25.827  40.036 0.0000000000
61107  -55.560  -25.664  39.096 0.0000000000
61108  -56.330  -25.649  39.419 0.0000000000
23958  -15.938  -64.658  69.768 0.0000000000
21872  -16.207  -66.187  70.251 0.0000000000
18746  -20.776  -69.373  69.571 0.0000000000
17752  -21.082  -70.580  70.629 0.0000000000
107854  -16.069  -70.864  72.823 0.0000000000
46911  -49.429  -41.016  56.626 0.0000000000
120052  -49.239  -40.274  56.655 0.0000000000
49751  -46.582  -36.577  55.754 0.0000000000
49753  -47.422  -37.168  56.616 0.0000000000
50605  -47.195  -36.564  56.328 0.0000000000
125834  -47.668  -36.294  56.407 0.0000000000
51579  -47.962  -35.964  56.078 0.0000000000
51588  -46.666  -35.914  55.079 0.0000000000
51687  -43.344  -35.906  49.798 0.0000000000
51666  -44.325  -35.858  50.760 0.0000000000
125262  -43.964  -36.578  49.426 0.0000000000
51709  -43.515  -36.463  49.162 0.0000000000
32843  -30.852  -56.603  64.361 0.0000000000
31886  -30.735  -56.836  65.185 0.0000000000
31887  -31.536  -56.752  64.904 0.0000000000
104709  -34.836  -53.257  56.765 0.0000000000
35873  -34.028  -53.341  57.087 0.0000000000
34860  -34.926  -53.620  57.431 0.0000000000
34841  -35.052  -53.857  58.252 0.0000000000
34861  -35.844  -53.819  57.744 0.0000000000
35915  -41.069  -52.507  55.337 0.0000000000
35914  -40.161  -52.664  55.641 0.0000000000
114045  -40.802  -52.872  56.035 0.0000000000
113595  -42.225  -55.892  60.383 0.0000000000
33899  -41.124  -55.375  59.433 0.0000000000
125343  -41.409  -55.798  60.011 0.0000000000
33881  -41.293  -56.002  60.732 0.0000000000
33829  -41.725  -56.062  62.183 0.0000000000
33830  -42.641  -55.981  62.085 0.0000000000
38733  -49.735  -49.869  61.439 0.0000000000
25828  -24.301  -63.019  66.739 0.0000000000
123359  -49.886  -36.006  44.789 0.0000000000
51759  -50.362  -35.565  44.414 0.0000000000
104486  -56.304  -34.860  46.181 0.0000000000
51728  -56.578  -35.597  46.578 0.0000000000
51729  -57.417  -35.739  47.084 0.0000000000
51730  -58.266  -35.366  47.365 0.0000000000
57384  -57.238  -29.782  48.157 0.0000000000
56431  -57.476  -30.556  48.488 0.0000000000
62846  -59.743  -24.288  39.201 0.0000000000
61984  -60.251  -24.338  38.323 0.0000000000
65618  -62.598  -20.687  36.494 0.0000000000
68317  -61.535  -16.417  34.409 0.0000000000
123781  -61.802  -17.277  34.479 0.0000000000
68309  -62.777  -16.652  35.328 0.0000000000
69174  -62.946  -15.476  35.317 0.0000000000
69989  -63.577  -15.089  35.775 0.0000000000
121792  -62.567  -15.233  34.674 0.0000000000
42355  -47.583  -45.582  54.086 0.0000000000
43220  -47.436  -44.807  53.745 0.0000000000
43243  -45.110  -44.212  51.016 0.0000000000
43234  -46.216  -44.124  52.134 0.0000000000
39729  -42.679  -48.846  51.022 0.0000000000
40546  -45.340  -48.142  52.407 0.0000000000
39709  -44.610  -48.621  52.098 0.0000000000
38822  -45.626  -49.375  53.263 0.0000000000
38823  -46.378  -48.952  53.636 0.0000000000
40530  -46.538  -47.986  53.433 0.0000000000
123538  -46.898  -46.282  53.328 0.0000000000
41449  -47.279  -46.425  53.819 0.0000000000
119562  -47.780  -46.188  54.392 0.0000000000
104527  -48.015  -36.979  50.232 0.0000000000
50665  -49.245  -36.949  50.593 0.0000000000
50685  -48.785  -36.931  49.986 0.0000000000
50713  -49.342  -36.742  48.456 0.0000000000
105701  -49.893  -36.726  49.028 0.0000000000
50688  -51.539  -36.420  49.315 0.0000000000
108449  -50.751  -36.545  48.637 0.0000000000
59234  -58.791  -28.005  42.603 0.0000000000
59222  -59.451  -27.783  43.350 0.0000000000
114938  -60.609  -26.167  46.223 0.0000000000
61041  -61.168  -25.772  45.906 0.0000000000
64668  -61.779  -21.563  43.304 0.0000000000
63711  -60.969  -21.780  42.659 0.0000000000
23977  -18.092  -64.857  66.915 0.0000000000
24910  -17.221  -63.839  67.114 0.0000000000
23976  -17.242  -64.729  67.359 0.0000000000
112739  -17.059  -65.351  67.813 0.0000000000
47928  -46.127  -39.023  54.108 0.0000000000
105713  -44.526  -37.524  53.531 0.0000000000
49768  -44.937  -37.136  54.015 0.0000000000
50618  -44.748  -36.696  53.693 0.0000000000
51598  -45.134  -36.294  53.541 0.0000000000
110386  -44.586  -36.347  53.270 0.0000000000
51626  -43.022  -35.789  51.928 0.0000000000
51627  -43.739  -35.713  52.175 0.0000000000
51645  -42.649  -35.594  51.250 0.0000000000
52617  -43.044  -35.409  50.871 0.0000000000
51664  -42.270  -35.554  50.587 0.0000000000
32869  -33.220  -55.935  63.628 0.0000000000
115323  -33.647  -56.199  64.214 0.0000000000
32846  -34.463  -56.071  64.296 0.0000000000
32834  -36.582  -56.234  65.062 0.0000000000
31873  -36.170  -56.659  65.783 0.0000000000
31855  -36.585  -57.102  66.495 0.0000000000
32837  -39.632  -56.723  65.266 0.0000000000
31857  -39.150  -57.262  65.949 0.0000000000
31858  -40.004  -57.466  65.680 0.0000000000
124905  -34.825  -52.129  54.694 0.0000000000
35909  -34.814  -52.604  55.385 0.0000000000
35910  -35.831  -52.647  55.551 0.0000000000
34870  -44.493  -54.176  57.091 0.0000000000
34869  -43.519  -54.130  57.106 0.0000000000
33901  -44.763  -55.116  59.120 0.0000000000
112595  -44.299  -55.351  59.651 0.0000000000
110953  -43.527  -55.486  59.688 0.0000000000
33858  -44.116  -55.676  61.551 0.0000000000
33859  -45.156  -55.436  61.171 0.0000000000
104262  -46.609  -55.418  62.108 0.0000000000
28902  -24.362  -59.909  62.413 0.0000000000
28844  -25.494  -59.907  65.043 0.0000000000
109620  -25.191  -61.320  66.394 0.0000000000
124706  -25.170  -61.533  66.898 0.0000000000
28808  -26.090  -59.866  68.365 0.0000000000
53565  -50.662  -33.713  43.989 0.0000000000
52713  -52.070  -33.782  44.754 0.0000000000
53556  -53.688  -33.317  45.517 0.0000000000
52694  -55.174  -33.822  46.012 0.0000000000
110734  -55.078  -33.054  46.418 0.0000000000
68315  -59.291  -16.747  34.374 0.0000000000
69185  -59.747  -16.380  33.957 0.0000000000
22945  -21.637  -65.932  67.945 0.0000000000
19736  -22.441  -69.142  69.819 0.0000000000
111142  -50.820  -44.681  59.526 0.0000000000
43184  -51.108  -44.263  60.297 0.0000000000
43196  -50.617  -44.182  58.875 0.0000000000
44199  -49.466  -43.532  56.660 0.0000000000
44200  -49.851  -43.266  57.315 0.0000000000
45101  -49.470  -42.777  56.651 0.0000000000
46019  -49.486  -41.895  56.617 0.0000000000
45109  -49.047  -42.375  56.007 0.0000000000
105909  -47.821  -43.992  54.112 0.0000000000
44218  -48.252  -43.506  54.750 0.0000000000
121749  -47.505  -43.380  53.660 0.0000000000
46046  -47.238  -41.790  53.308 0.0000000000
46036  -47.661  -41.683  53.907 0.0000000000
46028  -48.186  -41.533  54.673 0.0000000000
46035  -47.200  -41.085  53.512 0.0000000000
46935  -47.055  -40.324  53.906 0.0000000000
46946  -46.607  -40.504  53.179 0.0000000000
30904  -26.494  -57.252  64.394 0.0000000000
30914  -26.594  -56.924  63.492 0.0000000000
32889  -27.722  -56.068  62.097 0.0000000000
32863  -27.933  -56.160  62.885 0.0000000000
32864  -28.763  -55.984  63.060 0.0000000000
33844  -30.263  -55.013  61.084 0.0000000000
109957  -29.384  -55.206  61.244 0.0000000000
33818  -30.658  -55.179  61.968 0.0000000000
32892  -30.150  -55.625  62.554 0.0000000000
32894  -32.036  -55.456  62.591 0.0000000000
33847  -32.925  -54.882  61.544 0.0000000000
33821  -33.646  -55.111  62.191 0.0000000000
33822  -34.326  -54.998  61.978 0.0000000000
33849  -34.634  -54.894  61.287 0.0000000000
37880  -39.912  -51.153  53.166 0.0000000000
115542  -38.875  -51.095  53.114 0.0000000000
36948  -40.492  -51.829  54.276 0.0000000000
118181  -41.292  -51.781  54.164 0.0000000000
38850  -42.553  -49.915  51.961 0.0000000000
38818  -42.121  -50.445  52.309 0.0000000000
37883  -43.118  -50.844  52.988 0.0000000000
36951  -43.992  -51.655  54.083 0.0000000000
36928  -43.515  -52.160  54.686 0.0000000000
36927  -42.572  -52.165  54.727 0.0000000000
35918  -44.030  -52.666  55.231 0.0000000000
35919  -45.000  -52.569  55.272 0.0000000000
36907  -46.906  -52.083  56.691 0.0000000000
35901  -46.316  -52.779  56.453 0.0000000000
35879  -46.558  -52.939  57.179 0.0000000000
35857  -46.760  -53.157  58.042 0.0000000000
35858  -47.137  -52.497  58.594 0.0000000000
113688  -47.477  -51.965  59.047 0.0000000000
36872  -47.468  -51.768  58.332 0.0000000000
38764  -48.110  -50.157  58.141 0.0000000000
37787  -48.042  -50.513  58.930 0.0000000000
37788  -48.456  -49.774  58.845 0.0000000000
38746  -48.898  -49.749  60.145 0.0000000000
39662  -48.292  -48.797  55.950 0.0000000000
114931  -48.700  -48.463  56.650 0.0000000000
40449  -49.700  -47.269  58.090 0.0000000000
40448  -49.294  -47.917  57.739 0.0000000000
39638  -49.455  -48.077  58.694 0.0000000000
126314  -49.299  -48.555  59.232 0.0000000000
124447  -49.777  -47.752  59.197 0.0000000000
118301  -49.943  -47.948  60.236 0.0000000000
40419  -50.058  -47.446  59.659 0.0000000000
42307  -50.652  -45.389  59.222 0.0000000000
41381  -50.739  -46.002  59.910 0.0000000000
123371  -50.807  -45.299  59.711 0.0000000000
30927  -23.775  -58.298  60.635 0.0000000000
107775  -25.725  -57.942  62.982 0.0000000000
104394  -51.885  -35.113  57.104 0.0000000000
52565  -51.743  -35.332  56.208 0.0000000000
51593  -52.330  -35.292  54.597 0.0000000000
104123  -53.089  -34.935  55.074 0.0000000000
118770  -53.125  -34.907  54.333 0.0000000000
52584  -53.878  -34.575  54.606 0.0000000000
51634  -51.478  -36.322  52.304 0.0000000000
51650  -51.926  -36.090  51.649 0.0000000000
52620  -53.900  -34.895  52.113 0.0000000000
51636  -52.989  -35.252  52.160 0.0000000000
109432  -54.168  -34.689  53.016 0.0000000000
52611  -55.085  -34.663  53.181 0.0000000000
51637  -55.432  -35.019  52.312 0.0000000000
51655  -56.651  -35.842  51.808 0.0000000000
57412  -54.090  -30.625  44.023 0.0000000000
56465  -54.291  -30.680  44.934 0.0000000000
57413  -54.746  -30.231  44.350 0.0000000000
58271  -56.585  -28.888  46.102 0.0000000000
58263  -56.569  -29.194  47.060 0.0000000000
58264  -57.346  -28.716  47.414 0.0000000000
59204  -58.872  -27.743  45.048 0.0000000000
59197  -58.118  -27.989  45.544 0.0000000000
59198  -58.672  -27.545  46.014 0.0000000000
59183  -58.642  -27.889  48.136 0.0000000000
21857  -13.765  -66.687  72.927 0.0000000000
20767  -13.203  -66.832  72.737 0.0000000000
51801  -46.355  -35.566  42.883 0.0000000000
51789  -47.214  -35.438  43.032 0.0000000000
52733  -48.094  -34.358  42.542 0.0000000000
107894  -48.786  -34.013  42.845 0.0000000000
53573  -49.505  -33.719  43.143 0.0000000000
53584  -49.090  -33.275  42.535 0.0000000000
54476  -50.050  -32.206  42.741 0.0000000000
55405  -50.488  -31.604  42.622 0.0000000000
56483  -51.418  -30.587  42.571 0.0000000000
57437  -52.643  -29.848  42.336 0.0000000000
58310  -54.016  -29.165  42.054 0.0000000000
58311  -54.964  -29.300  42.103 0.0000000000
58328  -54.496  -28.515  41.610 0.0000000000
59257  -55.118  -27.029  41.117 0.0000000000
125348  -54.528  -27.237  41.080 0.0000000000
59244  -55.672  -27.689  41.390 0.0000000000
59245  -56.502  -27.551  41.467 0.0000000000
59232  -57.148  -28.295  42.042 0.0000000000
60181  -56.969  -26.034  40.812 0.0000000000
60168  -57.457  -26.470  41.168 0.0000000000
61084  -59.000  -26.063  41.583 0.0000000000
61091  -58.469  -25.493  41.103 0.0000000000
61100  -58.133  -25.312  40.616 0.0000000000
111130  -56.855  -25.557  38.850 0.0000000000
61968  -57.868  -25.246  39.939 0.0000000000
61109  -57.683  -25.401  38.765 0.0000000000
22921  -15.331  -65.286  71.140 0.0000000000
20808  -20.902  -67.266  68.265 0.0000000000
122996  -20.185  -66.939  67.893 0.0000000000
20807  -19.893  -67.584  68.143 0.0000000000
121939  -19.108  -68.706  68.992 0.0000000000
20797  -19.492  -68.278  68.506 0.0000000000
20796  -17.977  -68.082  69.090 0.0000000000
19742  -18.433  -68.658  69.330 0.0000000000
18733  -20.184  -70.499  70.897 0.0000000000
19727  -17.766  -69.497  71.934 0.0000000000
18731  -18.545  -69.892  71.562 0.0000000000
19734  -17.621  -68.555  70.707 0.0000000000
108705  -17.154  -68.132  71.220 0.0000000000
21867  -16.669  -67.476  71.225 0.0000000000
20777  -16.676  -68.163  71.930 0.0000000000
19720  -15.880  -68.649  72.610 0.0000000000
20776  -15.851  -67.980  72.346 0.0000000000
125964  -15.560  -68.185  72.520 0.0000000000
20771  -15.240  -67.679  72.524 0.0000000000
20770  -14.738  -67.550  72.680 0.0000000000
17734  -14.953  -70.197  72.562 0.0000000000
50541  -51.923  -36.306  61.503 0.0000000000
51530  -51.732  -35.679  60.892 0.0000000000
45084  -51.025  -42.853  60.094 0.0000000000
45080  -51.375  -42.961  61.011 0.0000000000
115764  -50.939  -42.162  59.847 0.0000000000
46898  -50.372  -40.369  58.643 0.0000000000
46899  -50.776  -40.860  59.331 0.0000000000
47867  -50.651  -39.976  59.355 0.0000000000
46893  -50.943  -40.398  60.116 0.0000000000
48858  -47.452  -38.757  55.591 0.0000000000
48840  -47.792  -38.423  56.271 0.0000000000
115349  -48.526  -37.578  57.551 0.0000000000
48814  -49.089  -38.072  58.089 0.0000000000
49727  -49.495  -37.618  58.678 0.0000000000
48804  -50.047  -38.090  59.255 0.0000000000
49716  -50.414  -37.558  59.963 0.0000000000
49715  -49.855  -37.196  59.270 0.0000000000
51559  -49.104  -36.187  57.939 0.0000000000
50590  -49.467  -36.303  58.553 0.0000000000
51560  -49.758  -35.889  58.400 0.0000000000
121409  -50.339  -35.686  58.974 0.0000000000
105016  -50.150  -35.669  57.593 0.0000000000
51581  -49.304  -35.839  57.100 0.0000000000
51602  -47.998  -35.874  54.863 0.0000000000
126398  -48.774  -35.976  54.951 0.0000000000
51616  -48.656  -36.257  54.171 0.0000000000
51632  -48.054  -36.266  53.456 0.0000000000
51613  -45.409  -35.998  53.219 0.0000000000
51614  -46.021  -35.845  53.456 0.0000000000
52593  -45.581  -35.879  52.881 0.0000000000
51648  -46.203  -36.265  51.606 0.0000000000
51630  -46.581  -36.045  52.303 0.0000000000
124960  -47.125  -36.316  52.172 0.0000000000
51667  -46.620  -36.691  51.131 0.0000000000
50663  -47.288  -36.932  50.635 0.0000000000
50662  -46.493  -36.958  50.418 0.0000000000
50709  -45.304  -37.190  48.811 0.0000000000
50735  -45.560  -37.424  47.840 0.0000000000
50734  -44.553  -37.582  47.553 0.0000000000
51661  -39.610  -36.239  49.936 0.0000000000
115674  -41.263  -35.615  49.337 0.0000000000
51707  -40.762  -35.790  48.401 0.0000000000
51744  -40.847  -36.460  47.211 0.0000000000
50731  -41.838  -36.889  47.326 0.0000000000
50755  -41.464  -37.204  46.457 0.0000000000
49825  -43.796  -37.746  46.170 0.0000000000
31864  -27.814  -56.819  65.245 0.0000000000
31846  -28.032  -56.937  66.094 0.0000000000
31865  -28.489  -56.818  65.498 0.0000000000
31867  -30.556  -57.006  65.965 0.0000000000
31852  -33.590  -56.911  66.121 0.0000000000
31840  -33.388  -57.570  66.928 0.0000000000
35856  -33.359  -53.539  57.855 0.0000000000
35871  -31.975  -52.959  57.471 0.0000000000
124465  -32.587  -53.361  57.841 0.0000000000
35855  -32.754  -53.780  58.463 0.0000000000
111357  -32.975  -54.146  59.256 0.0000000000
34810  -36.011  -54.617  59.859 0.0000000000
34809  -35.182  -54.506  60.092 0.0000000000
33875  -35.803  -54.809  60.600 0.0000000000
33851  -36.384  -54.972  61.221 0.0000000000
36945  -37.841  -51.890  54.400 0.0000000000
35913  -38.586  -52.761  55.791 0.0000000000
36922  -37.317  -52.244  55.063 0.0000000000
35912  -37.699  -52.753  55.718 0.0000000000
35877  -38.519  -53.503  56.859 0.0000000000
34867  -41.588  -53.932  57.265 0.0000000000
34847  -41.190  -54.450  57.889 0.0000000000
33911  -39.880  -54.867  58.669 0.0000000000
34845  -39.380  -54.410  58.074 0.0000000000
34844  -38.446  -54.312  58.123 0.0000000000
34826  -37.950  -54.719  58.858 0.0000000000
33896  -38.366  -54.950  59.435 0.0000000000
33854  -39.545  -55.833  61.145 0.0000000000
33853  -38.723  -55.591  61.270 0.0000000000
106240  -37.912  -55.419  61.506 0.0000000000
33826  -38.467  -55.728  62.040 0.0000000000
33807  -38.971  -55.776  62.702 0.0000000000
110425  -39.941  -55.863  62.684 0.0000000000
109335  -41.796  -56.251  63.345 0.0000000000
32876  -41.131  -56.005  63.557 0.0000000000
31892  -42.149  -56.887  63.927 0.0000000000
118189  -44.160  -55.990  62.352 0.0000000000
32879  -44.199  -56.497  62.863 0.0000000000
114345  -44.982  -56.681  62.957 0.0000000000
36849  -48.190  -51.865  60.874 0.0000000000
25834  -19.041  -62.969  65.560 0.0000000000
27890  -22.841  -60.731  62.372 0.0000000000
28899  -21.528  -59.959  61.706 0.0000000000
27889  -21.830  -60.606  62.260 0.0000000000
26854  -21.619  -61.580  63.447 0.0000000000
113415  -21.113  -60.919  62.915 0.0000000000
26853  -20.765  -61.409  63.510 0.0000000000
27851  -20.185  -60.896  63.283 0.0000000000
26843  -19.958  -61.429  63.972 0.0000000000
24935  -22.099  -63.392  65.483 0.0000000000
24934  -21.240  -63.381  65.379 0.0000000000
24925  -21.720  -63.845  65.963 0.0000000000
24924  -20.735  -63.906  65.916 0.0000000000
23980  -21.718  -64.844  67.020 0.0000000000
26814  -25.558  -61.852  68.199 0.0000000000
25821  -25.226  -62.721  68.326 0.0000000000
109830  -54.738  -34.241  57.842 0.0000000000
50787  -47.719  -36.816  45.560 0.0000000000
50788  -48.553  -36.676  45.747 0.0000000000
50764  -50.722  -36.417  46.243 0.0000000000
50741  -51.648  -36.538  47.199 0.0000000000
111495  -52.334  -36.514  46.791 0.0000000000
104928  -53.243  -34.987  44.875 0.0000000000
51761  -52.560  -35.477  44.913 0.0000000000
50745  -55.881  -36.503  47.254 0.0000000000
50768  -54.569  -36.347  46.641 0.0000000000
50744  -54.986  -36.614  47.450 0.0000000000
50718  -54.392  -36.649  48.043 0.0000000000
116432  -54.905  -36.672  48.261 0.0000000000
50692  -55.260  -36.605  48.876 0.0000000000
104268  -56.130  -36.800  48.665 0.0000000000
50694  -57.445  -37.049  49.164 0.0000000000
50695  -58.485  -37.095  49.211 0.0000000000
56445  -54.642  -31.051  46.128 0.0000000000
110025  -55.121  -31.158  46.767 0.0000000000
55362  -56.805  -31.789  47.749 0.0000000000
54408  -56.004  -32.077  47.278 0.0000000000
54409  -56.878  -32.666  47.352 0.0000000000
53544  -56.943  -33.427  46.991 0.0000000000
62826  -59.475  -23.736  40.910 0.0000000000
63729  -60.383  -22.560  40.077 0.0000000000
124467  -60.675  -21.469  40.916 0.0000000000
63722  -60.778  -21.828  40.080 0.0000000000
62857  -60.859  -23.850  37.619 0.0000000000
62848  -61.375  -23.225  37.880 0.0000000000
65608  -62.418  -20.798  38.516 0.0000000000
64696  -61.976  -21.634  38.602 0.0000000000
65607  -62.009  -20.927  39.192 0.0000000000
65604  -61.775  -20.584  39.969 0.0000000000
67423  -63.180  -18.315  39.503 0.0000000000
67433  -63.716  -17.467  39.333 0.0000000000
67456  -61.971  -18.109  34.538 0.0000000000
66568  -61.651  -19.247  34.573 0.0000000000
104852  -62.790  -19.075  35.547 0.0000000000
69158  -63.450  -16.237  36.871 0.0000000000
104805  -63.184  -17.393  36.861 0.0000000000
69154  -64.117  -16.334  38.353 0.0000000000
69160  -64.470  -16.219  37.871 0.0000000000
70845  -62.334  -15.014  33.684 0.0000000000
70835  -63.089  -14.879  34.276 0.0000000000
70846  -62.937  -14.899  33.791 0.0000000000
42369  -46.591  -45.351  52.699 0.0000000000
42379  -45.581  -45.555  51.697 0.0000000000
106419  -43.123  -48.071  50.838 0.0000000000
40565  -43.745  -47.927  51.149 0.0000000000
40545  -44.811  -47.761  51.858 0.0000000000
107927  -45.487  -47.284  52.151 0.0000000000
40529  -45.980  -47.588  52.818 0.0000000000
41463  -46.068  -46.712  52.544 0.0000000000
110949  -47.114  -37.069  48.177 0.0000000000
50711  -47.656  -36.979  48.823 0.0000000000
110948  -47.991  -36.871  47.958 0.0000000000
110947  -48.862  -36.773  47.798 0.0000000000
60160  -59.620  -26.689  42.150 0.0000000000
60145  -61.279  -26.110  43.919 0.0000000000
62786  -62.348  -23.668  44.420 0.0000000000
63695  -62.436  -22.692  44.285 0.0000000000
62795  -61.764  -23.297  43.509 0.0000000000
120553  -18.219  -62.839  66.001 0.0000000000
24921  -17.602  -63.173  66.472 0.0000000000
24911  -17.945  -64.055  66.609 0.0000000000
22955  -18.494  -65.704  67.102 0.0000000000
48894  -44.367  -38.654  52.687 0.0000000000
48886  -45.453  -38.599  53.747 0.0000000000
48884  -44.029  -37.923  53.036 0.0000000000
49775  -43.959  -37.257  53.188 0.0000000000
50626  -44.177  -36.702  53.265 0.0000000000
49774  -43.471  -36.743  52.825 0.0000000000
50648  -42.308  -36.016  51.664 0.0000000000
29822  -26.346  -59.164  67.914 0.0000000000
32871  -34.942  -55.719  63.544 0.0000000000
32847  -35.358  -55.971  64.328 0.0000000000
32835  -37.375  -56.187  64.990 0.0000000000
113827  -37.844  -56.630  65.572 0.0000000000
32836  -38.228  -56.124  64.849 0.0000000000
32851  -39.184  -56.096  64.695 0.0000000000
109033  -45.730  -54.364  58.007 0.0000000000
33924  -44.906  -54.630  57.753 0.0000000000
34849  -45.960  -54.573  58.821 0.0000000000
33883  -46.071  -54.976  60.654 0.0000000000
33861  -46.993  -54.618  61.450 0.0000000000
28827  -25.526  -59.846  65.950 0.0000000000
27835  -25.543  -60.276  66.760 0.0000000000
115600  -25.720  -59.280  66.698 0.0000000000
54466  -51.252  -32.386  43.967 0.0000000000
53555  -52.132  -32.882  44.843 0.0000000000
54443  -53.438  -32.407  45.397 0.0000000000
54425  -54.150  -32.406  45.958 0.0000000000
43195  -50.354  -44.578  58.292 0.0000000000
43202  -49.668  -44.166  57.033 0.0000000000
45131  -46.529  -42.813  52.428 0.0000000000
46057  -46.406  -42.053  52.277 0.0000000000
46044  -46.122  -41.386  52.190 0.0000000000
46945  -46.120  -40.698  52.492 0.0000000000
31908  -25.952  -57.077  62.004 0.0000000000
121932  -26.639  -56.705  62.534 0.0000000000
32888  -27.056  -56.237  61.925 0.0000000000
34803  -28.883  -54.396  59.498 0.0000000000
126242  -29.107  -54.863  60.007 0.0000000000
33845  -31.166  -54.944  61.248 0.0000000000
114044  -32.261  -55.031  62.024 0.0000000000
34791  -32.484  -54.592  60.577 0.0000000000
34792  -33.375  -54.619  60.805 0.0000000000
37885  -44.650  -50.457  53.243 0.0000000000
37884  -43.943  -50.711  53.087 0.0000000000
121714  -45.011  -50.744  53.680 0.0000000000
36952  -45.006  -51.371  54.157 0.0000000000
36930  -45.418  -51.901  54.862 0.0000000000
107422  -45.738  -52.318  55.409 0.0000000000
36890  -47.450  -51.492  57.467 0.0000000000
37800  -47.838  -50.616  57.375 0.0000000000
38771  -48.214  -49.770  57.348 0.0000000000
40495  -48.558  -47.463  55.773 0.0000000000
40477  -48.846  -47.686  56.409 0.0000000000
41404  -49.165  -47.276  56.765 0.0000000000
40462  -49.451  -47.263  57.318 0.0000000000
41380  -50.345  -46.686  59.293 0.0000000000
41392  -50.094  -46.450  58.434 0.0000000000
42317  -50.340  -45.453  58.437 0.0000000000
30928  -24.601  -57.958  61.029 0.0000000000
31916  -24.975  -57.234  60.708 0.0000000000
51603  -50.145  -36.069  54.900 0.0000000000
51592  -51.638  -35.565  55.349 0.0000000000
51604  -50.744  -36.061  54.525 0.0000000000
105267  -51.018  -36.105  53.908 0.0000000000
51620  -51.918  -35.735  53.674 0.0000000000
51668  -51.986  -36.170  50.929 0.0000000000
51669  -52.633  -35.862  50.597 0.0000000000
51652  -53.419  -35.254  51.502 0.0000000000
51653  -54.149  -35.208  51.241 0.0000000000
51654  -55.301  -35.265  51.594 0.0000000000
105207  -54.923  -35.356  51.066 0.0000000000
105747  -56.101  -36.229  50.583 0.0000000000
122504  -55.246  -29.936  43.779 0.0000000000
57414  -55.490  -29.770  44.615 0.0000000000
60123  -59.764  -26.693  46.998 0.0000000000
59199  -59.230  -27.052  46.551 0.0000000000
66530  -63.597  -18.813  41.529 0.0000000000
54474  -48.780  -32.951  41.997 0.0000000000
57455  -51.376  -29.372  41.667 0.0000000000
57456  -52.186  -29.222  41.804 0.0000000000
58325  -51.675  -28.652  41.316 0.0000000000
58326  -52.538  -28.470  41.371 0.0000000000
104236  -54.570  -26.247  40.171 0.0000000000
109237  -56.697  -26.675  41.131 0.0000000000
61099  -57.408  -25.623  40.442 0.0000000000
23952  -15.408  -64.584  70.567 0.0000000000
117382  -15.800  -65.884  70.896 0.0000000000
19745  -21.046  -68.652  69.130 0.0000000000
18745  -20.008  -69.518  69.718 0.0000000000
17743  -19.267  -71.078  71.833 0.0000000000
18727  -17.344  -69.784  72.372 0.0000000000
19726  -17.030  -69.044  72.227 0.0000000000
19721  -16.585  -69.319  72.566 0.0000000000
114792  -15.992  -69.156  72.792 0.0000000000
19719  -15.439  -68.822  72.782 0.0000000000
18720  -16.047  -69.628  72.847 0.0000000000
17735  -15.764  -70.231  72.818 0.0000000000
46012  -50.144  -41.917  58.052 0.0000000000
46006  -50.768  -41.733  59.307 0.0000000000
46904  -50.063  -40.944  58.004 0.0000000000
117758  -49.975  -40.206  58.004 0.0000000000
116259  -47.484  -37.595  56.548 0.0000000000
49738  -47.899  -37.194  57.089 0.0000000000
49739  -48.446  -36.808  57.534 0.0000000000
49714  -49.388  -36.818  58.663 0.0000000000
50599  -48.594  -36.360  57.407 0.0000000000
51568  -48.749  -36.071  57.361 0.0000000000
51580  -48.556  -35.969  56.658 0.0000000000
51601  -47.101  -35.806  54.526 0.0000000000
52619  -44.499  -35.703  51.466 0.0000000000
51647  -45.145  -35.894  51.768 0.0000000000
120220  -45.056  -35.977  51.123 0.0000000000
106371  -44.967  -36.408  50.478 0.0000000000
51689  -45.726  -36.894  50.146 0.0000000000
50681  -44.352  -36.854  49.122 0.0000000000
50708  -43.955  -37.097  48.371 0.0000000000
31866  -29.309  -56.798  65.325 0.0000000000
119847  -34.941  -57.904  67.264 0.0000000000
112155  -34.248  -57.752  67.129 0.0000000000
126281  -33.259  -52.776  55.927 0.0000000000
35888  -32.834  -52.819  56.247 0.0000000000
119262  -33.539  -52.938  56.363 0.0000000000
122685  -34.463  -53.913  58.811 0.0000000000
125552  -35.123  -53.965  58.928 0.0000000000
113409  -36.262  -54.380  59.157 0.0000000000
36946  -38.775  -51.906  54.450 0.0000000000
36924  -39.297  -52.375  55.196 0.0000000000
35894  -39.397  -52.855  56.054 0.0000000000
125455  -42.375  -55.271  59.160 0.0000000000
119158  -41.664  -54.802  58.336 0.0000000000
33913  -41.745  -55.030  59.003 0.0000000000
33898  -40.287  -55.210  59.338 0.0000000000
33897  -39.565  -55.060  59.291 0.0000000000
115614  -38.999  -55.154  59.656 0.0000000000
33879  -39.695  -55.451  59.865 0.0000000000
33855  -40.432  -55.996  61.049 0.0000000000
106845  -40.103  -56.012  61.786 0.0000000000
33828  -40.818  -55.998  62.262 0.0000000000
33809  -41.420  -55.990  62.905 0.0000000000
26856  -23.545  -61.580  63.604 0.0000000000
108392  -23.020  -62.049  64.076 0.0000000000
26844  -22.066  -62.042  64.025 0.0000000000
25858  -21.643  -62.477  64.454 0.0000000000
24926  -22.741  -63.619  66.047 0.0000000000
24913  -23.027  -63.999  66.855 0.0000000000
26810  -26.606  -61.705  69.109 0.0000000000
110767  -26.349  -62.040  69.185 0.0000000000
50789  -49.364  -36.315  45.310 0.0000000000
50790  -50.414  -36.134  45.282 0.0000000000
50791  -51.368  -36.129  45.555 0.0000000000
51763  -55.097  -35.188  45.684 0.0000000000
125049  -54.551  -35.439  45.560 0.0000000000
107582  -55.747  -35.537  46.171 0.0000000000
50770  -56.082  -36.071  46.698 0.0000000000
50720  -56.461  -36.689  47.801 0.0000000000
106965  -57.300  -36.538  47.665 0.0000000000
50722  -58.746  -36.528  48.362 0.0000000000
56439  -56.322  -30.500  47.635 0.0000000000
56438  -55.703  -30.749  47.177 0.0000000000
55346  -56.805  -30.975  48.009 0.0000000000
55347  -57.467  -31.484  48.265 0.0000000000
61977  -59.152  -24.518  39.716 0.0000000000
62836  -59.599  -23.789  40.048 0.0000000000
63737  -60.747  -22.976  39.290 0.0000000000
64697  -62.400  -21.318  37.869 0.0000000000
66544  -62.712  -19.953  38.547 0.0000000000
118012  -62.950  -19.588  37.756 0.0000000000
67439  -63.132  -18.682  37.805 0.0000000000
108611  -59.996  -17.616  34.301 0.0000000000
67448  -62.714  -17.977  35.222 0.0000000000
69167  -63.833  -15.424  36.636 0.0000000000
70856  -62.817  -14.932  33.263 0.0000000000
70847  -63.413  -14.897  33.765 0.0000000000
70036  -63.338  -15.155  33.040 0.0000000000
42347  -48.572  -45.738  55.391 0.0000000000
109719  -48.402  -44.897  55.101 0.0000000000
122038  -47.901  -44.852  54.443 0.0000000000
43229  -47.262  -44.038  53.392 0.0000000000
43235  -46.572  -44.666  52.531 0.0000000000
44236  -46.790  -44.054  52.744 0.0000000000
121051  -46.554  -43.497  52.451 0.0000000000
45147  -45.705  -42.849  51.474 0.0000000000
32917  -26.594  -55.754  60.288 0.0000000000
34802  -27.947  -54.413  59.301 0.0000000000
34819  -29.567  -53.994  59.005 0.0000000000
112057  -30.294  -53.900  58.847 0.0000000000
38868  -41.377  -49.785  51.231 0.0000000000
39706  -42.236  -49.580  51.353 0.0000000000
38851  -43.380  -49.750  52.118 0.0000000000
39730  -43.446  -48.575  51.308 0.0000000000
38852  -44.292  -49.547  52.392 0.0000000000
38821  -44.875  -49.754  53.018 0.0000000000
38801  -46.034  -49.805  53.900 0.0000000000
38791  -47.470  -49.592  55.142 0.0000000000
39677  -47.534  -48.759  54.807 0.0000000000
40513  -47.659  -47.828  54.596 0.0000000000
40512  -47.152  -47.419  53.941 0.0000000000
40494  -48.153  -47.232  55.104 0.0000000000
41433  -48.139  -46.381  54.954 0.0000000000
50650  -48.560  -36.923  51.755 0.0000000000
50637  -50.101  -36.884  52.197 0.0000000000
50651  -49.512  -36.950  51.451 0.0000000000
50666  -50.211  -36.853  50.636 0.0000000000
105423  -49.060  -36.845  49.232 0.0000000000
50667  -51.223  -36.548  50.430 0.0000000000
50689  -52.477  -36.204  49.235 0.0000000000
58299  -57.555  -28.902  43.484 0.0000000000
58291  -58.495  -28.458  43.571 0.0000000000
59212  -59.009  -27.989  44.185 0.0000000000
59213  -60.160  -27.251  43.633 0.0000000000
60143  -60.088  -26.955  45.175 0.0000000000
60134  -59.991  -26.661  46.116 0.0000000000
60124  -60.387  -26.193  47.038 0.0000000000
64675  -62.254  -20.654  43.145 0.0000000000
65593  -61.611  -20.453  41.693 0.0000000000
110083  -16.984  -63.036  67.083 0.0000000000
24909  -16.470  -63.331  67.697 0.0000000000
23966  -16.637  -64.778  68.027 0.0000000000
22942  -16.651  -65.488  68.431 0.0000000000
22934  -16.789  -66.149  68.744 0.0000000000
46925  -48.452  -40.134  55.541 0.0000000000
47911  -47.696  -39.608  55.085 0.0000000000
47910  -47.067  -38.986  55.051 0.0000000000
48857  -46.803  -38.307  55.370 0.0000000000
48873  -45.818  -38.170  54.420 0.0000000000
48856  -46.202  -37.839  55.115 0.0000000000
49762  -46.593  -37.653  55.659 0.0000000000
49761  -46.235  -37.119  55.481 0.0000000000
113973  -45.976  -36.613  55.133 0.0000000000
51587  -45.967  -36.081  54.781 0.0000000000
52592  -45.083  -35.891  52.630 0.0000000000
51611  -44.049  -36.106  52.856 0.0000000000
51628  -44.444  -35.811  52.406 0.0000000000
52605  -44.104  -35.545  51.809 0.0000000000
52618  -43.801  -35.493  51.167 0.0000000000
31888  -32.451  -56.600  64.624 0.0000000000
31889  -33.214  -56.530  64.663 0.0000000000
31871  -34.450  -56.781  65.940 0.0000000000
32832  -34.877  -56.373  65.077 0.0000000000
31872  -35.319  -56.710  65.861 0.0000000000
31853  -34.891  -57.263  66.720 0.0000000000
122305  -35.443  -57.618  67.013 0.0000000000
30887  -38.291  -57.182  66.149 0.0000000000
36918  -33.248  -52.199  54.939 0.0000000000
35908  -33.750  -52.670  55.577 0.0000000000
35890  -35.272  -52.941  56.210 0.0000000000
35897  -42.552  -53.007  55.974 0.0000000000
34880  -42.048  -53.516  56.563 0.0000000000
33922  -43.010  -54.606  57.737 0.0000000000
33915  -44.389  -54.937  58.402 0.0000000000
33914  -43.472  -54.956  58.392 0.0000000000
115716  -42.482  -54.923  58.488 0.0000000000
108977  -43.075  -55.300  59.053 0.0000000000
33882  -43.121  -55.714  60.272 0.0000000000
33857  -43.094  -55.816  61.179 0.0000000000
33832  -44.833  -55.743  61.990 0.0000000000
32896  -45.112  -56.162  62.596 0.0000000000
32897  -46.108  -55.972  62.576 0.0000000000
32881  -46.262  -56.001  62.592 0.0000000000
28924  -23.024  -59.636  61.388 0.0000000000
28901  -23.432  -60.123  62.024 0.0000000000
28879  -24.714  -60.372  63.350 0.0000000000
125744  -23.969  -61.024  63.286 0.0000000000
25837  -24.394  -62.644  65.974 0.0000000000
26826  -24.886  -62.134  66.594 0.0000000000
26819  -25.287  -61.653  67.427 0.0000000000
119231  -25.910  -61.267  68.770 0.0000000000
27829  -25.730  -60.237  67.856 0.0000000000
124264  -25.887  -60.328  68.411 0.0000000000
26809  -26.230  -61.334  69.031 0.0000000000
52712  -50.533  -34.648  44.071 0.0000000000
51775  -51.196  -35.061  44.339 0.0000000000
120637  -51.780  -34.626  44.480 0.0000000000
52714  -52.456  -34.739  44.661 0.0000000000
118076  -54.524  -34.827  45.359 0.0000000000
52704  -54.989  -34.508  45.653 0.0000000000
120570  -55.894  -34.143  46.158 0.0000000000
62001  -59.913  -24.377  36.801 0.0000000000
62868  -60.552  -23.809  36.707 0.0000000000
68316  -60.331  -16.539  34.268 0.0000000000
69187  -61.877  -15.530  34.219 0.0000000000
70007  -61.456  -15.376  33.646 0.0000000000
70019  -59.893  -15.798  33.320 0.0000000000
70020  -60.668  -15.491  33.212 0.0000000000
70021  -61.590  -15.108  33.144 0.0000000000
108177  -20.832  -65.002  66.890 0.0000000000
21905  -20.489  -65.751  67.235 0.0000000000
124617  -21.075  -65.906  67.559 0.0000000000
21895  -21.489  -66.626  68.229 0.0000000000
19746  -21.987  -68.442  69.379 0.0000000000
44180  -50.887  -43.647  59.575 0.0000000000
126151  -50.395  -43.909  58.337 0.0000000000
44188  -50.237  -43.331  58.069 0.0000000000
45096  -50.423  -42.672  58.431 0.0000000000
45102  -49.863  -42.321  57.264 0.0000000000
46029  -48.676  -41.028  55.345 0.0000000000
43215  -48.711  -43.992  55.421 0.0000000000
106701  -48.656  -42.884  55.285 0.0000000000
45124  -47.491  -42.538  53.593 0.0000000000
122229  -48.238  -42.826  54.679 0.0000000000
45111  -48.380  -42.301  54.847 0.0000000000
45112  -48.751  -41.921  55.306 0.0000000000
46924  -48.039  -40.558  54.880 0.0000000000
46936  -47.529  -40.152  54.452 0.0000000000
47950  -46.419  -39.751  53.657 0.0000000000
46969  -45.627  -40.227  52.278 0.0000000000
47971  -45.322  -39.720  52.452 0.0000000000
47948  -45.166  -39.127  53.014 0.0000000000
30894  -26.472  -57.562  65.340 0.0000000000
31863  -27.056  -56.948  64.926 0.0000000000
31883  -27.633  -56.674  64.371 0.0000000000
125101  -26.946  -56.574  63.076 0.0000000000
31901  -27.341  -56.518  63.495 0.0000000000
32841  -29.095  -56.300  63.827 0.0000000000
32842  -30.064  -56.359  63.893 0.0000000000
32866  -30.987  -56.157  63.576 0.0000000000
105657  -27.320  -55.594  60.562 0.0000000000
32907  -27.563  -55.938  61.306 0.0000000000
32908  -28.120  -55.774  61.538 0.0000000000
33872  -28.873  -55.176  60.656 0.0000000000
33843  -28.668  -55.458  61.393 0.0000000000
32891  -29.328  -55.664  62.457 0.0000000000
122286  -30.383  -55.923  63.195 0.0000000000
32867  -31.823  -55.900  63.314 0.0000000000
33801  -33.477  -55.533  62.930 0.0000000000
33803  -35.466  -55.394  62.806 0.0000000000
37894  -38.431  -50.792  52.343 0.0000000000
37879  -37.927  -51.041  53.086 0.0000000000
37855  -38.349  -51.536  53.730 0.0000000000
36947  -39.678  -51.895  54.422 0.0000000000
122994  -40.955  -52.052  54.728 0.0000000000
35916  -42.076  -52.590  55.327 0.0000000000
37897  -41.333  -50.713  52.457 0.0000000000
106331  -41.341  -51.096  53.105 0.0000000000
37860  -43.512  -51.302  53.496 0.0000000000
37859  -42.603  -51.394  53.480 0.0000000000
37858  -41.713  -51.431  53.534 0.0000000000
36949  -42.146  -51.788  54.122 0.0000000000
35898  -43.527  -53.119  55.882 0.0000000000
34882  -44.039  -53.721  56.416 0.0000000000
34883  -45.038  -53.673  56.470 0.0000000000
35900  -45.586  -52.900  56.000 0.0000000000
34884  -45.909  -53.415  56.760 0.0000000000
35843  -46.847  -53.266  58.988 0.0000000000
35833  -47.600  -53.187  60.962 0.0000000000
36861  -47.795  -51.755  59.836 0.0000000000
37771  -48.230  -51.233  60.372 0.0000000000
37778  -48.074  -50.882  59.711 0.0000000000
37772  -48.638  -50.559  60.435 0.0000000000
38747  -49.395  -49.346  60.696 0.0000000000
38779  -47.896  -49.565  55.866 0.0000000000
38780  -48.303  -49.307  56.597 0.0000000000
39651  -48.934  -48.367  57.354 0.0000000000
39621  -48.944  -48.982  58.871 0.0000000000
38757  -49.143  -48.939  59.795 0.0000000000
40404  -50.127  -48.123  60.989 0.0000000000
41366  -50.710  -46.726  60.777 0.0000000000
29898  -23.398  -58.953  61.083 0.0000000000
29882  -24.677  -59.072  62.109 0.0000000000
30921  -24.973  -58.274  61.803 0.0000000000
104397  -52.066  -34.975  58.148 0.0000000000
52574  -52.405  -35.173  55.568 0.0000000000
119193  -53.068  -34.908  55.811 0.0000000000
52567  -53.536  -34.663  56.493 0.0000000000
104040  -54.361  -34.407  55.971 0.0000000000
51633  -50.719  -36.677  52.739 0.0000000000
105537  -51.918  -35.945  52.865 0.0000000000
52608  -52.533  -35.451  52.920 0.0000000000
52596  -53.615  -34.755  53.722 0.0000000000
52598  -55.218  -34.449  53.915 0.0000000000
51638  -56.304  -35.334  52.466 0.0000000000
55390  -53.346  -31.455  44.635 0.0000000000
56464  -53.645  -31.063  44.462 0.0000000000
57403  -54.787  -30.542  45.660 0.0000000000
57404  -55.343  -29.885  45.628 0.0000000000
57390  -55.981  -29.953  47.124 0.0000000000
57391  -56.655  -29.830  47.623 0.0000000000
57385  -57.959  -29.687  48.829 0.0000000000
58290  -57.735  -28.721  44.340 0.0000000000
58280  -57.689  -28.414  45.122 0.0000000000
58272  -57.356  -28.346  45.966 0.0000000000
59190  -58.600  -27.571  47.046 0.0000000000
117491  -57.498  -28.302  46.779 0.0000000000
21858  -14.008  -66.111  72.834 0.0000000000
120731  -45.184  -37.561  45.713 0.0000000000
50760  -46.421  -37.296  46.219 0.0000000000
50785  -45.950  -37.227  45.443 0.0000000000
126514  -46.514  -36.864  44.898 0.0000000000
50809  -47.283  -36.679  44.786 0.0000000000
51772  -46.559  -36.011  43.495 0.0000000000
120950  -48.470  -35.865  43.987 0.0000000000
51791  -48.927  -35.289  43.656 0.0000000000
52720  -47.873  -34.959  42.897 0.0000000000
118920  -48.528  -34.786  43.101 0.0000000000
52722  -49.981  -34.181  43.662 0.0000000000
54464  -49.733  -32.947  42.907 0.0000000000
125632  -50.289  -32.702  43.257 0.0000000000
54456  -50.731  -32.888  43.784 0.0000000000
55398  -51.551  -31.738  43.646 0.0000000000
55399  -52.268  -31.433  43.967 0.0000000000
56482  -50.580  -30.821  42.218 0.0000000000
56475  -51.824  -31.009  43.296 0.0000000000
56476  -52.578  -30.853  43.537 0.0000000000
57423  -53.850  -30.331  43.194 0.0000000000
57438  -53.520  -29.841  42.474 0.0000000000
57440  -55.400  -29.817  42.866 0.0000000000
59241  -52.851  -27.694  40.953 0.0000000000
59243  -54.147  -27.734  41.228 0.0000000000
58329  -55.364  -28.536  41.697 0.0000000000
117593  -56.571  -28.956  42.293 0.0000000000
59233  -58.051  -27.814  41.995 0.0000000000
60159  -57.967  -27.001  41.542 0.0000000000
107783  -58.771  -27.104  41.919 0.0000000000
61085  -59.727  -25.691  41.958 0.0000000000
118646  -59.744  -24.763  41.849 0.0000000000
61969  -58.578  -24.853  40.269 0.0000000000
61121  -57.750  -25.312  37.534 0.0000000000
61988  -58.534  -24.982  37.032 0.0000000000
61999  -58.371  -24.567  36.348 0.0000000000
21904  -19.884  -66.435  67.445 0.0000000000
21903  -18.921  -66.445  67.349 0.0000000000
20806  -18.937  -67.676  68.140 0.0000000000
21892  -18.478  -66.998  67.847 0.0000000000
21891  -17.753  -66.802  68.043 0.0000000000
21881  -17.241  -66.828  68.632 0.0000000000
21880  -16.705  -66.580  69.424 0.0000000000
18736  -19.681  -69.846  70.377 0.0000000000
18735  -18.840  -69.605  70.653 0.0000000000
18729  -18.907  -70.598  71.802 0.0000000000
19735  -18.295  -68.952  70.182 0.0000000000
20787  -17.737  -68.325  69.805 0.0000000000
20780  -16.026  -67.291  71.873 0.0000000000
114949  -14.261  -66.904  72.851 0.0000000000
20769  -14.228  -67.427  72.821 0.0000000000
19717  -14.085  -68.087  72.726 0.0000000000
19718  -14.684  -68.785  72.741 0.0000000000
51515  -52.630  -35.763  61.451 0.0000000000
51531  -52.509  -35.220  60.849 0.0000000000
117940  -51.658  -42.732  61.879 0.0000000000
47897  -48.794  -39.777  56.269 0.0000000000
47886  -49.193  -39.525  57.093 0.0000000000
47887  -49.741  -39.726  57.682 0.0000000000
48825  -48.823  -38.513  57.354 0.0000000000
48826  -49.471  -38.988  57.842 0.0000000000
47875  -50.023  -39.535  58.386 0.0000000000
47866  -50.352  -39.109  59.173 0.0000000000
48805  -50.519  -38.490  59.796 0.0000000000
49682  -50.981  -37.382  60.813 0.0000000000
49699  -50.654  -36.738  60.288 0.0000000000
50574  -49.847  -36.536  59.189 0.0000000000
50575  -50.350  -36.287  59.752 0.0000000000
51545  -50.713  -35.727  59.652 0.0000000000
51561  -50.948  -35.338  59.079 0.0000000000
51570  -51.156  -35.324  57.766 0.0000000000
120850  -50.145  -35.887  55.725 0.0000000000
106539  -49.297  -35.876  56.243 0.0000000000
109709  -49.462  -36.254  54.567 0.0000000000
51617  -49.540  -36.624  53.842 0.0000000000
51600  -46.323  -35.883  54.293 0.0000000000
111902  -46.624  -35.825  53.857 0.0000000000
51615  -47.253  -35.922  53.669 0.0000000000
52594  -45.971  -35.872  52.733 0.0000000000
50635  -48.275  -36.706  52.632 0.0000000000
104106  -48.013  -36.917  51.064 0.0000000000
50684  -47.267  -37.097  49.747 0.0000000000
114423  -46.777  -37.127  49.023 0.0000000000
49789  -41.108  -37.595  51.091 0.0000000000
50646  -41.087  -36.257  50.916 0.0000000000
110156  -41.193  -35.864  50.498 0.0000000000
51685  -40.966  -35.643  49.921 0.0000000000
51663  -41.617  -35.660  50.362 0.0000000000
52637  -41.795  -35.512  49.995 0.0000000000
51686  -42.150  -35.706  49.413 0.0000000000
51726  -41.504  -36.254  47.928 0.0000000000
51708  -42.614  -36.154  48.821 0.0000000000
50733  -43.566  -37.413  47.615 0.0000000000
50756  -42.330  -37.495  46.678 0.0000000000
50757  -43.201  -37.654  46.840 0.0000000000
108163  -43.967  -37.716  46.948 0.0000000000
50758  -44.710  -37.714  46.460 0.0000000000
30883  -27.561  -57.422  66.663 0.0000000000
31847  -28.829  -56.970  66.152 0.0000000000
31869  -32.159  -56.896  65.590 0.0000000000
31850  -31.860  -57.291  66.420 0.0000000000
113176  -29.637  -52.970  58.121 0.0000000000
35840  -30.663  -53.562  58.533 0.0000000000
35841  -31.379  -53.782  58.658 0.0000000000
34806  -32.353  -54.340  59.765 0.0000000000
34807  -33.162  -54.395  60.078 0.0000000000
34822  -33.908  -54.133  59.544 0.0000000000
123351  -34.461  -54.359  60.000 0.0000000000
33850  -35.502  -54.945  61.336 0.0000000000
33824  -35.988  -55.143  62.046 0.0000000000
36943  -36.056  -51.828  54.279 0.0000000000
36921  -36.409  -52.183  55.001 0.0000000000
35875  -36.455  -53.580  57.032 0.0000000000
34879  -41.009  -53.408  56.634 0.0000000000
120382  -40.214  -53.562  56.898 0.0000000000
35878  -39.405  -53.436  56.762 0.0000000000
34846  -40.298  -54.439  58.005 0.0000000000
34865  -39.824  -53.914  57.453 0.0000000000
34863  -38.075  -53.841  57.442 0.0000000000
117573  -37.274  -53.719  57.244 0.0000000000
34862  -36.707  -53.862  57.705 0.0000000000
34842  -36.518  -54.050  58.425 0.0000000000
34825  -37.056  -54.567  58.982 0.0000000000
120337  -38.428  -55.117  60.037 0.0000000000
33852  -37.301  -54.990  60.962 0.0000000000
122094  -37.787  -55.605  62.192 0.0000000000
33805  -37.366  -55.665  62.788 0.0000000000
117998  -38.593  -55.746  63.300 0.0000000000
125438  -39.247  -55.871  64.137 0.0000000000
114501  -39.827  -55.920  64.197 0.0000000000
32875  -40.302  -55.854  63.568 0.0000000000
32852  -40.748  -56.217  64.257 0.0000000000
32895  -43.259  -56.237  62.728 0.0000000000
32854  -43.319  -56.992  63.482 0.0000000000
27871  -22.204  -61.121  62.916 0.0000000000
27840  -19.106  -61.013  64.245 0.0000000000
25846  -19.728  -62.494  65.013 0.0000000000
25847  -20.821  -62.679  64.805 0.0000000000
23992  -20.313  -64.544  66.340 0.0000000000
23967  -22.115  -65.247  67.638 0.0000000000
25815  -26.131  -62.738  69.376 0.0000000000
108655  -47.188  -36.989  46.289 0.0000000000
50738  -48.363  -36.798  47.121 0.0000000000
50739  -49.252  -36.686  46.902 0.0000000000
113986  -49.146  -36.626  46.102 0.0000000000
114738  -50.159  -36.565  46.982 0.0000000000
110946  -50.470  -36.547  47.774 0.0000000000
50714  -51.250  -36.500  47.840 0.0000000000
50716  -52.095  -36.363  48.652 0.0000000000
117357  -52.807  -36.399  48.406 0.0000000000
106232  -51.902  -35.764  45.043 0.0000000000
50792  -52.330  -36.129  45.709 0.0000000000
51746  -54.064  -35.948  45.903 0.0000000000
50766  -53.167  -36.300  46.278 0.0000000000
50742  -53.148  -36.568  47.368 0.0000000000
50717  -53.677  -36.516  48.205 0.0000000000
51692  -54.849  -36.096  49.658 0.0000000000
50693  -55.856  -36.536  49.655 0.0000000000
104712  -56.835  -36.806  50.014 0.0000000000
55370  -54.063  -31.667  45.642 0.0000000000
54426  -54.814  -32.430  46.449 0.0000000000
119381  -55.609  -31.409  47.180 0.0000000000
114434  -55.221  -31.876  46.865 0.0000000000
54427  -55.462  -32.616  46.796 0.0000000000
52681  -57.380  -34.153  46.918 0.0000000000
52683  -58.239  -34.257  47.355 0.0000000000
51710  -58.759  -35.804  47.887 0.0000000000
61949  -59.878  -24.023  41.964 0.0000000000
62801  -60.164  -23.279  42.186 0.0000000000
62815  -60.039  -22.611  41.659 0.0000000000
62827  -59.821  -23.012  40.746 0.0000000000
63716  -60.580  -21.714  41.799 0.0000000000
64681  -61.021  -20.915  41.359 0.0000000000
62847  -60.884  -23.595  38.491 0.0000000000
106604  -61.713  -22.526  38.202 0.0000000000
63738  -61.290  -22.263  39.147 0.0000000000
65598  -61.612  -20.405  40.882 0.0000000000
65594  -62.131  -19.823  41.486 0.0000000000
66529  -62.776  -19.233  41.254 0.0000000000
66539  -62.710  -19.287  39.498 0.0000000000
67418  -64.011  -18.116  40.980 0.0000000000
68277  -64.531  -17.699  40.426 0.0000000000
123769  -62.323  -20.610  35.735 0.0000000000
66556  -62.754  -19.943  35.955 0.0000000000
67441  -63.018  -19.177  36.368 0.0000000000
120717  -63.080  -18.275  36.035 0.0000000000
119526  -63.271  -17.661  37.784 0.0000000000
68294  -63.662  -17.041  38.559 0.0000000000
69995  -63.103  -14.965  35.086 0.0000000000
70826  -63.680  -14.756  34.884 0.0000000000
70837  -63.885  -14.838  34.067 0.0000000000
20786  -17.183  -67.852  70.437 0.0000000000
20805  -17.960  -67.536  68.445 0.0000000000
22954  -17.637  -65.563  67.366 0.0000000000
23978  -19.008  -65.127  66.678 0.0000000000
25816  -26.537  -62.547  69.331 0.0000000000
26820  -25.695  -60.944  68.169 0.0000000000
27852  -24.354  -61.230  63.880 0.0000000000
31856  -37.441  -57.141  66.371 0.0000000000
31885  -30.079  -56.720  64.761 0.0000000000
32853  -41.637  -56.463  63.834 0.0000000000
32878  -43.497  -56.686  63.181 0.0000000000
33810  -46.840  -55.701  62.395 0.0000000000
33820  -32.840  -55.271  62.400 0.0000000000
33894  -36.693  -54.735  59.625 0.0000000000
34793  -34.042  -54.699  60.885 0.0000000000
34808  -34.552  -54.630  60.559 0.0000000000
34824  -35.525  -54.247  59.370 0.0000000000
35839  -29.951  -53.448  58.516 0.0000000000
35876  -37.825  -53.503  56.854 0.0000000000
35893  -38.099  -53.118  56.352 0.0000000000
37857  -40.781  -51.432  53.565 0.0000000000
37886  -45.316  -50.130  53.510 0.0000000000
38819  -42.843  -50.402  52.436 0.0000000000
39668  -48.095  -48.174  55.368 0.0000000000
39708  -43.803  -48.974  51.873 0.0000000000
41365  -50.439  -46.855  60.007 0.0000000000
41420  -48.939  -46.932  56.272 0.0000000000
41481  -46.569  -46.131  52.908 0.0000000000
42368  -46.109  -45.033  52.163 0.0000000000
44235  -46.071  -43.259  52.043 0.0000000000
48885  -44.767  -38.244  53.350 0.0000000000
50559  -50.954  -36.030  60.465 0.0000000000
50633  -42.795  -36.503  52.270 0.0000000000
50638  -50.841  -36.717  52.040 0.0000000000
50653  -51.268  -36.551  51.407 0.0000000000
50664  -48.556  -36.975  50.586 0.0000000000
50761  -47.991  -36.845  46.390 0.0000000000
50767  -53.823  -36.457  46.677 0.0000000000
50769  -55.389  -36.226  46.656 0.0000000000
50808  -46.611  -36.543  44.221 0.0000000000
51546  -51.812  -35.270  60.369 0.0000000000
51578  -47.066  -36.132  55.820 0.0000000000
51629  -45.800  -35.978  52.045 0.0000000000
51649  -46.899  -36.433  51.738 0.0000000000
52597  -54.474  -34.500  53.822 0.0000000000
52607  -45.374  -35.897  52.367 0.0000000000
52610  -54.669  -34.834  52.465 0.0000000000
52696  -57.068  -34.921  46.572 0.0000000000
52703  -53.839  -34.430  45.184 0.0000000000
53549  -55.742  -33.408  46.439 0.0000000000
56453  -53.837  -31.281  45.060 0.0000000000
57426  -56.782  -29.338  43.517 0.0000000000
69143  -64.206  -16.791  39.089 0.0000000000
70022  -63.662  -14.988  33.651 0.0000000000
104251  -45.915  -37.106  49.303 0.0000000000
104724  -58.099  -31.961  48.490 0.0000000000
104793  -44.284  -50.136  52.861 0.0000000000
104922  -55.898  -35.487  51.766 0.0000000000
104940  -57.910  -28.465  48.001 0.0000000000
105323  -50.868  -35.911  55.179 0.0000000000
106032  -57.010  -36.861  48.431 0.0000000000
107400  -54.561  -26.728  40.696 0.0000000000
110954  -39.828  -55.748  60.507 0.0000000000
113924  -54.362  -34.410  55.225 0.0000000000
118153  -40.017  -51.582  53.836 0.0000000000
118576  -42.795  -57.138  63.762 0.0000000000
119335  -42.703  -55.595  59.675 0.0000000000
119940  -51.423  -35.255  59.739 0.0000000000
120557  -50.524  -42.056  58.736 0.0000000000
121201  -33.008  -56.297  64.169 0.0000000000
122098  -15.666  -68.761  72.709 0.0000000000
122277  -29.130  -55.422  61.858 0.0000000000
122310  -45.464  -54.940  59.201 0.0000000000
122444  -51.378  -36.080  61.018 0.0000000000
123949  -50.029  -36.619  48.327 0.0000000000
125500  -40.629  -56.064  61.660 0.0000000000
125758  -63.080  -19.202  37.123 0.0000000000
126043  -15.762  -69.217  72.855 0.0000000000
126393  -47.284  -36.774  51.287 0.0000000000
126420  -45.404  -56.684  62.958 0.0000000000
