#!ascii label  , from subject sub-fsm42wk vox2ras=TkReg
344
121766  -27.303  -17.443  -4.820 0.0000000000
113477  -24.027  -20.644  -3.886 0.0000000000
120371  -30.420  -20.998  -5.410 0.0000000000
110900  -26.806  -24.772  -4.969 0.0000000000
77834  -28.053  -6.688  -4.699 0.0000000000
75351  -31.669  -9.394  -3.871 0.0000000000
72088  -25.659  -13.893  -5.187 0.0000000000
58855  -25.522  -28.350  -4.161 0.0000000000
63309  -25.565  -22.866  -4.746 0.0000000000
62390  -23.745  -24.534  -3.318 0.0000000000
76174  -30.245  -8.254  -3.859 0.0000000000
114147  -27.817  -10.339  -4.447 0.0000000000
68784  -24.562  -17.552  -4.961 0.0000000000
70424  -22.737  -15.112  -3.245 0.0000000000
70449  -26.466  -15.510  -5.309 0.0000000000
121164  -30.221  -13.914  -4.300 0.0000000000
70437  -31.421  -15.467  -4.934 0.0000000000
68788  -31.289  -17.848  -7.098 0.0000000000
66975  -22.396  -18.997  -2.526 0.0000000000
67897  -24.955  -18.986  -5.125 0.0000000000
67900  -28.749  -19.387  -4.490 0.0000000000
66075  -26.418  -20.727  -4.958 0.0000000000
64215  -28.570  -22.680  -5.227 0.0000000000
109733  -29.765  -24.526  -4.981 0.0000000000
117412  -25.219  -11.892  -4.511 0.0000000000
73772  -28.635  -11.799  -4.177 0.0000000000
73776  -32.718  -11.502  -5.331 0.0000000000
60585  -23.639  -26.364  -2.945 0.0000000000
60609  -26.253  -26.866  -4.741 0.0000000000
63285  -23.189  -23.242  -2.766 0.0000000000
63284  -22.796  -23.949  -2.301 0.0000000000
75366  -27.001  -9.738  -4.612 0.0000000000
74558  -25.751  -10.769  -4.528 0.0000000000
68785  -25.134  -17.475  -5.314 0.0000000000
69657  -25.082  -16.466  -5.392 0.0000000000
69659  -26.692  -16.529  -5.248 0.0000000000
70435  -29.210  -15.475  -4.434 0.0000000000
109812  -29.312  -16.331  -4.455 0.0000000000
69660  -31.684  -16.259  -5.844 0.0000000000
68772  -31.275  -17.887  -4.949 0.0000000000
66060  -23.406  -19.971  -3.495 0.0000000000
66992  -23.574  -19.236  -3.887 0.0000000000
66061  -24.487  -20.035  -4.472 0.0000000000
120404  -26.037  -20.122  -5.164 0.0000000000
107438  -25.358  -20.717  -4.869 0.0000000000
106675  -25.961  -23.718  -4.830 0.0000000000
63310  -26.367  -22.942  -4.973 0.0000000000
119545  -27.755  -23.885  -5.155 0.0000000000
63311  -29.211  -23.705  -5.241 0.0000000000
110839  -28.553  -24.902  -4.870 0.0000000000
114438  -27.093  -6.640  -4.910 0.0000000000
77832  -26.371  -6.605  -4.605 0.0000000000
77833  -27.447  -5.836  -4.956 0.0000000000
119696  -28.976  -4.508  -4.407 0.0000000000
78601  -30.469  -5.713  -3.827 0.0000000000
75350  -30.938  -8.854  -3.814 0.0000000000
71217  -24.249  -14.236  -4.635 0.0000000000
72075  -23.848  -13.477  -4.092 0.0000000000
72945  -25.247  -12.481  -4.680 0.0000000000
112390  -26.338  -12.140  -4.744 0.0000000000
117924  -26.269  -12.728  -4.900 0.0000000000
72091  -32.060  -13.877  -5.220 0.0000000000
72950  -31.541  -12.955  -4.532 0.0000000000
72958  -32.703  -12.321  -6.182 0.0000000000
66078  -30.791  -20.290  -5.375 0.0000000000
112029  -31.418  -18.877  -6.912 0.0000000000
58853  -24.465  -28.134  -3.444 0.0000000000
59758  -24.733  -27.436  -3.705 0.0000000000
60597  -25.016  -26.770  -3.919 0.0000000000
59772  -25.948  -27.417  -4.647 0.0000000000
65119  -23.025  -21.411  -2.739 0.0000000000
65138  -24.799  -21.537  -4.448 0.0000000000
64197  -23.701  -22.676  -3.402 0.0000000000
111550  -24.764  -23.674  -4.151 0.0000000000
116931  -24.931  -24.564  -4.220 0.0000000000
77033  -27.675  -7.535  -4.685 0.0000000000
77014  -29.507  -7.505  -4.127 0.0000000000
76192  -27.846  -8.474  -4.591 0.0000000000
75368  -29.109  -9.247  -4.197 0.0000000000
74548  -29.724  -9.821  -3.848 0.0000000000
116131  -22.211  -16.597  -2.874 0.0000000000
69630  -23.116  -15.957  -3.691 0.0000000000
70433  -24.005  -15.267  -4.624 0.0000000000
115695  -26.004  -14.819  -5.372 0.0000000000
72090  -26.933  -13.880  -4.984 0.0000000000
71219  -27.528  -14.658  -4.840 0.0000000000
71222  -30.767  -14.634  -4.486 0.0000000000
71238  -32.140  -14.634  -6.045 0.0000000000
70462  -31.533  -15.353  -7.931 0.0000000000
57939  -27.245  -29.420  -3.814 0.0000000000
58870  -27.164  -28.298  -4.752 0.0000000000
114847  -23.162  -18.463  -3.598 0.0000000000
67912  -24.921  -18.302  -5.162 0.0000000000
68768  -26.284  -18.340  -5.234 0.0000000000
106084  -27.986  -18.582  -4.525 0.0000000000
67899  -27.448  -19.213  -4.663 0.0000000000
67007  -28.022  -20.007  -4.595 0.0000000000
65155  -29.303  -21.263  -5.043 0.0000000000
64212  -25.911  -22.076  -4.904 0.0000000000
116939  -27.756  -22.088  -5.010 0.0000000000
65168  -29.997  -21.642  -5.405 0.0000000000
64227  -30.386  -22.457  -5.614 0.0000000000
123360  -30.513  -23.698  -5.380 0.0000000000
77818  -30.867  -6.422  -3.810 0.0000000000
73771  -26.105  -11.498  -4.717 0.0000000000
118773  -27.685  -11.254  -4.431 0.0000000000
73773  -29.724  -11.071  -3.859 0.0000000000
111094  -28.186  -12.733  -4.411 0.0000000000
115528  -29.742  -11.752  -3.983 0.0000000000
74563  -32.583  -10.654  -4.637 0.0000000000
67902  -30.816  -18.722  -4.837 0.0000000000
107169  -31.354  -18.516  -7.429 0.0000000000
62380  -22.715  -24.957  -2.117 0.0000000000
61525  -23.669  -25.427  -3.155 0.0000000000
61537  -24.897  -25.448  -4.086 0.0000000000
61539  -26.233  -25.257  -4.757 0.0000000000
59774  -27.412  -27.604  -4.808 0.0000000000
106874  -27.756  -26.921  -4.692 0.0000000000
61541  -27.945  -25.523  -4.763 0.0000000000
74557  -25.024  -10.788  -4.154 0.0000000000
68787  -26.451  -17.590  -5.247 0.0000000000
122845  -26.042  -16.995  -5.491 0.0000000000
125720  -27.968  -17.178  -4.607 0.0000000000
69642  -27.680  -16.589  -4.783 0.0000000000
69643  -28.746  -16.951  -4.485 0.0000000000
69644  -30.100  -17.055  -4.491 0.0000000000
68771  -29.773  -17.845  -4.494 0.0000000000
65136  -23.250  -20.777  -3.118 0.0000000000
66042  -22.703  -20.025  -2.679 0.0000000000
122745  -23.958  -19.843  -4.061 0.0000000000
66062  -24.756  -20.827  -4.541 0.0000000000
62405  -26.281  -24.441  -4.859 0.0000000000
62406  -26.862  -23.936  -5.058 0.0000000000
105389  -28.472  -24.194  -5.085 0.0000000000
110899  -27.628  -24.688  -4.992 0.0000000000
78616  -28.656  -5.985  -4.412 0.0000000000
79387  -29.046  -5.249  -4.268 0.0000000000
79388  -29.841  -5.031  -3.949 0.0000000000
78600  -29.634  -5.797  -3.971 0.0000000000
74549  -30.711  -9.675  -3.763 0.0000000000
109599  -31.737  -8.674  -3.839 0.0000000000
75352  -32.356  -8.898  -4.086 0.0000000000
75369  -32.419  -9.749  -4.264 0.0000000000
71218  -24.912  -14.068  -5.066 0.0000000000
72076  -24.543  -13.371  -4.590 0.0000000000
72077  -25.164  -13.219  -4.876 0.0000000000
72089  -26.249  -13.427  -5.075 0.0000000000
72098  -32.490  -13.147  -7.132 0.0000000000
72957  -32.416  -13.099  -5.673 0.0000000000
66090  -29.761  -20.756  -4.930 0.0000000000
104991  -31.454  -19.929  -6.334 0.0000000000
66091  -31.214  -20.513  -5.975 0.0000000000
126507  -25.577  -28.863  -4.077 0.0000000000
58854  -25.070  -28.759  -3.803 0.0000000000
116764  -24.998  -28.036  -3.894 0.0000000000
59759  -25.390  -27.548  -4.194 0.0000000000
116533  -26.021  -28.060  -4.560 0.0000000000
64181  -22.998  -22.255  -2.623 0.0000000000
112166  -23.335  -24.027  -2.910 0.0000000000
63295  -23.761  -23.621  -3.369 0.0000000000
62391  -24.329  -24.114  -3.764 0.0000000000
76191  -26.960  -8.238  -4.585 0.0000000000
116922  -28.606  -8.014  -4.465 0.0000000000
75367  -28.058  -9.359  -4.468 0.0000000000
74560  -28.811  -10.022  -4.137 0.0000000000
115233  -22.851  -16.741  -3.532 0.0000000000
107430  -23.480  -16.837  -4.187 0.0000000000
111399  -25.750  -15.972  -5.491 0.0000000000
70447  -24.578  -15.890  -5.129 0.0000000000
70448  -25.035  -15.633  -5.417 0.0000000000
71234  -25.306  -14.874  -5.380 0.0000000000
71236  -26.721  -14.734  -5.147 0.0000000000
70436  -30.444  -15.435  -4.485 0.0000000000
71223  -31.674  -14.656  -5.030 0.0000000000
70450  -31.891  -15.387  -5.830 0.0000000000
70451  -31.855  -15.179  -6.771 0.0000000000
68773  -31.527  -17.245  -5.742 0.0000000000
70475  -31.229  -16.248  -8.383 0.0000000000
69685  -31.028  -17.141  -8.738 0.0000000000
57938  -26.452  -29.558  -3.975 0.0000000000
57029  -27.814  -29.945  -3.243 0.0000000000
66951  -21.846  -18.505  -1.975 0.0000000000
67876  -22.117  -18.045  -2.556 0.0000000000
123176  -22.600  -18.490  -3.065 0.0000000000
67003  -24.761  -19.445  -4.838 0.0000000000
109880  -24.483  -18.642  -4.770 0.0000000000
104898  -25.440  -18.286  -5.343 0.0000000000
67914  -25.924  -18.803  -5.325 0.0000000000
67898  -26.542  -19.035  -5.004 0.0000000000
67005  -26.225  -19.575  -5.140 0.0000000000
105155  -26.494  -20.185  -4.946 0.0000000000
66076  -27.286  -20.618  -4.775 0.0000000000
66077  -28.608  -20.709  -4.751 0.0000000000
109290  -28.094  -21.342  -4.862 0.0000000000
120032  -24.441  -22.183  -4.062 0.0000000000
64211  -25.193  -22.009  -4.626 0.0000000000
64214  -27.464  -23.026  -5.103 0.0000000000
64213  -26.730  -22.129  -4.931 0.0000000000
65154  -28.894  -21.909  -5.165 0.0000000000
64226  -29.661  -22.404  -5.444 0.0000000000
62424  -29.933  -23.862  -5.273 0.0000000000
62425  -30.917  -23.933  -5.333 0.0000000000
117325  -30.275  -6.931  -3.852 0.0000000000
77015  -30.473  -7.581  -3.833 0.0000000000
69629  -22.449  -15.850  -3.114 0.0000000000
72936  -24.028  -12.049  -3.726 0.0000000000
73769  -24.861  -11.394  -4.187 0.0000000000
73770  -25.464  -11.426  -4.506 0.0000000000
120477  -27.600  -12.018  -4.402 0.0000000000
110538  -26.833  -11.710  -4.634 0.0000000000
110796  -28.742  -10.905  -4.098 0.0000000000
125678  -29.206  -11.383  -4.001 0.0000000000
72080  -28.236  -13.478  -4.514 0.0000000000
72081  -29.235  -13.460  -4.344 0.0000000000
72951  -32.261  -12.246  -4.945 0.0000000000
72949  -30.582  -12.313  -4.090 0.0000000000
73775  -31.973  -11.398  -4.390 0.0000000000
73774  -30.818  -11.380  -3.903 0.0000000000
74570  -33.080  -10.718  -5.751 0.0000000000
104431  -29.330  -18.642  -4.458 0.0000000000
119680  -31.292  -19.159  -5.770 0.0000000000
61515  -23.063  -25.650  -2.512 0.0000000000
117019  -24.139  -25.953  -3.409 0.0000000000
60608  -25.587  -26.802  -4.423 0.0000000000
60607  -25.233  -26.082  -4.212 0.0000000000
109700  -25.874  -26.084  -4.593 0.0000000000
61538  -25.444  -25.322  -4.452 0.0000000000
112036  -26.646  -26.147  -4.714 0.0000000000
58871  -27.884  -28.057  -4.531 0.0000000000
60611  -28.254  -26.256  -4.674 0.0000000000
106059  -22.584  -23.068  -2.083 0.0000000000
114165  -27.207  -8.967  -4.577 0.0000000000
113507  -26.072  -9.984  -4.502 0.0000000000
74559  -26.707  -10.758  -4.651 0.0000000000
69656  -24.600  -16.757  -5.074 0.0000000000
69658  -25.551  -16.965  -5.464 0.0000000000
70434  -27.322  -15.595  -4.960 0.0000000000
115588  -28.358  -16.015  -4.607 0.0000000000
109170  -30.274  -16.266  -4.507 0.0000000000
69645  -31.058  -16.976  -4.813 0.0000000000
66991  -22.946  -19.223  -3.239 0.0000000000
67002  -24.188  -19.302  -4.426 0.0000000000
67019  -25.739  -19.507  -5.244 0.0000000000
66073  -25.055  -20.112  -4.862 0.0000000000
109746  -25.865  -20.708  -5.045 0.0000000000
105203  -28.442  -23.454  -5.230 0.0000000000
63321  -29.167  -23.092  -5.367 0.0000000000
62407  -29.225  -24.373  -5.011 0.0000000000
77031  -26.183  -7.306  -4.286 0.0000000000
78615  -27.954  -4.964  -4.805 0.0000000000
79389  -30.836  -4.958  -3.886 0.0000000000
76175  -31.253  -8.012  -3.788 0.0000000000
72068  -23.262  -13.644  -3.504 0.0000000000
72943  -24.242  -12.716  -4.115 0.0000000000
72946  -25.761  -12.156  -4.763 0.0000000000
72947  -26.980  -12.552  -4.671 0.0000000000
72082  -31.138  -13.863  -4.497 0.0000000000
114789  -30.366  -13.167  -4.228 0.0000000000
73783  -32.906  -11.515  -6.605 0.0000000000
67008  -29.413  -20.168  -4.679 0.0000000000
67901  -30.446  -19.539  -4.828 0.0000000000
67020  -31.380  -19.574  -6.120 0.0000000000
67021  -31.622  -19.413  -6.988 0.0000000000
59757  -24.247  -27.434  -3.325 0.0000000000
59747  -23.886  -27.098  -3.065 0.0000000000
60596  -24.334  -26.730  -3.457 0.0000000000
65120  -23.675  -21.626  -3.446 0.0000000000
65137  -24.379  -21.372  -4.090 0.0000000000
63308  -24.904  -22.914  -4.380 0.0000000000
63296  -24.320  -23.183  -3.877 0.0000000000
109657  -25.283  -23.687  -4.491 0.0000000000
62404  -25.657  -24.492  -4.622 0.0000000000
76172  -25.604  -7.700  -3.889 0.0000000000
77032  -26.734  -7.383  -4.601 0.0000000000
77034  -28.559  -7.316  -4.502 0.0000000000
77835  -28.888  -6.815  -4.393 0.0000000000
76173  -29.357  -8.475  -4.171 0.0000000000
76193  -28.606  -8.720  -4.411 0.0000000000
75349  -29.997  -9.054  -3.861 0.0000000000
69641  -24.184  -16.182  -4.786 0.0000000000
69640  -23.661  -16.055  -4.362 0.0000000000
71233  -24.651  -14.983  -5.157 0.0000000000
71235  -26.286  -14.117  -5.197 0.0000000000
71237  -27.835  -13.970  -4.676 0.0000000000
126251  -28.657  -13.990  -4.476 0.0000000000
124763  -28.139  -15.261  -4.666 0.0000000000
71221  -29.562  -14.494  -4.362 0.0000000000
72092  -32.325  -13.906  -6.537 0.0000000000
112721  -31.921  -13.907  -8.065 0.0000000000
71250  -31.549  -14.681  -8.733 0.0000000000
70461  -31.545  -15.913  -7.010 0.0000000000
116147  -30.818  -21.248  -5.749 0.0000000000
58856  -26.865  -28.893  -4.400 0.0000000000
58869  -26.594  -28.392  -4.655 0.0000000000
68755  -22.566  -17.609  -3.216 0.0000000000
68756  -23.337  -17.653  -3.904 0.0000000000
67889  -23.778  -18.523  -4.268 0.0000000000
68766  -24.019  -17.746  -4.577 0.0000000000
68786  -25.822  -17.807  -5.424 0.0000000000
68769  -26.964  -18.334  -4.828 0.0000000000
126187  -27.562  -18.049  -4.610 0.0000000000
67006  -26.903  -19.807  -4.804 0.0000000000
65150  -25.152  -21.281  -4.703 0.0000000000
65151  -25.616  -21.334  -4.874 0.0000000000
65152  -26.220  -21.368  -4.957 0.0000000000
65153  -27.004  -21.392  -4.873 0.0000000000
119051  -30.428  -21.890  -5.651 0.0000000000
65169  -30.957  -21.770  -5.808 0.0000000000
63322  -29.842  -23.119  -5.463 0.0000000000
63323  -30.417  -23.138  -5.524 0.0000000000
108409  -29.537  -6.556  -4.061 0.0000000000
77016  -31.100  -7.156  -3.803 0.0000000000
111301  -29.461  -10.464  -3.877 0.0000000000
74561  -30.343  -10.483  -3.764 0.0000000000
124222  -26.723  -13.163  -4.904 0.0000000000
72948  -29.449  -12.533  -4.178 0.0000000000
74562  -31.556  -10.414  -3.950 0.0000000000
110226  -33.019  -9.922  -5.019 0.0000000000
122173  -31.396  -18.099  -6.248 0.0000000000
67915  -31.395  -18.615  -6.050 0.0000000000
68798  -31.094  -17.913  -8.174 0.0000000000
62381  -23.200  -24.761  -2.738 0.0000000000
61526  -24.315  -25.173  -3.715 0.0000000000
116096  -24.666  -26.031  -3.777 0.0000000000
59773  -26.622  -27.707  -4.869 0.0000000000
60610  -27.005  -26.932  -4.813 0.0000000000
110856  -27.440  -26.217  -4.705 0.0000000000
61540  -27.107  -25.455  -4.822 0.0000000000
66074  -25.571  -20.101  -5.079 0.0000000000
67004  -25.254  -19.515  -5.115 0.0000000000
67913  -25.374  -18.920  -5.278 0.0000000000
68767  -24.069  -16.866  -4.694 0.0000000000
68770  -28.325  -17.796  -4.476 0.0000000000
69646  -31.248  -16.305  -4.894 0.0000000000
70425  -23.337  -15.176  -3.889 0.0000000000
71220  -28.466  -14.629  -4.545 0.0000000000
71239  -31.944  -14.617  -7.336 0.0000000000
72078  -25.727  -12.959  -4.963 0.0000000000
72079  -27.419  -13.288  -4.693 0.0000000000
109459  -26.117  -28.820  -4.290 0.0000000000
111363  -24.792  -12.731  -4.542 0.0000000000
115297  -31.462  -12.058  -4.314 0.0000000000
123279  -30.163  -6.290  -3.832 0.0000000000
124212  -24.521  -18.075  -4.879 0.0000000000
