#!ascii label  , from subject sub-fsm42wk vox2ras=TkReg
1281
8670  -25.203  -80.554  -9.485 0.5000000000
8669  -24.408  -80.408  -9.680 0.6000000238
8771  -31.696  -81.722  -15.341 0.3000000119
125614  -24.016  -81.081  -8.664 0.5000000000
7940  -29.658  -81.535  -14.493 0.4000000060
7957  -29.672  -81.427  -14.677 0.4000000060
8770  -30.604  -81.320  -14.990 0.4000000060
113045  -29.690  -81.016  -14.920 0.4000000060
10560  -23.872  -79.000  -12.984 0.5000000000
9607  -24.206  -79.390  -12.211 0.5000000000
8706  -25.069  -80.211  -10.444 0.5000000000
9606  -23.389  -79.206  -12.314 0.6000000238
9596  -23.453  -79.535  -11.487 0.5000000000
9579  -24.204  -80.127  -10.352 0.6000000238
8772  -32.781  -81.630  -15.547 0.3000000119
8688  -23.579  -80.322  -9.771 0.5000000000
7938  -28.236  -81.160  -14.128 0.5000000000
7939  -28.909  -81.399  -14.358 0.5000000000
8752  -32.247  -80.972  -15.138 0.3000000119
9577  -22.603  -79.681  -10.740 0.6000000238
8655  -23.814  -80.694  -9.125 0.5000000000
8769  -28.444  -80.717  -15.297 0.5000000000
7956  -29.016  -81.202  -14.793 0.4000000060
8750  -29.836  -80.465  -14.866 0.4000000060
8751  -31.051  -80.813  -14.922 0.3000000119
8784  -28.045  -80.372  -16.074 0.4000000060
8749  -29.029  -80.521  -15.329 0.4000000060
9652  -29.231  -79.770  -15.186 0.4000000060
9667  -28.483  -80.357  -15.779 0.4000000060
10607  -23.622  -78.046  -15.958 0.6999999881
104316  -24.358  -78.372  -15.309 0.6999999881
10597  -24.375  -78.581  -14.368 0.6999999881
113776  -25.943  -80.363  -10.917 0.5000000000
11560  -22.020  -77.495  -16.811 0.6999999881
10606  -22.636  -78.124  -15.762 0.6999999881
10596  -23.561  -78.372  -14.920 0.8000000119
10583  -23.625  -78.667  -13.863 0.5000000000
109563  -22.824  -78.904  -13.101 0.6999999881
8719  -26.827  -80.439  -12.363 0.5000000000
124375  -22.126  -78.351  -15.290 0.6999999881
8732  -26.966  -80.329  -13.310 0.4000000060
8733  -27.627  -80.747  -13.787 0.5000000000
8753  -33.324  -81.033  -15.168 0.3000000119
10538  -21.764  -78.836  -12.590 0.6000000238
8746  -27.090  -80.323  -14.329 0.5000000000
8747  -27.770  -80.767  -14.714 0.5000000000
9654  -32.866  -80.284  -14.475 0.3000000119
9595  -22.488  -79.202  -11.783 0.5000000000
8768  -27.902  -80.632  -15.491 0.5000000000
9678  -28.402  -79.722  -17.137 0.4000000060
9675  -28.350  -80.066  -16.502 0.4000000060
10599  -29.359  -78.982  -15.255 0.4000000060
9633  -29.702  -79.208  -14.622 0.4000000060
114985  -30.572  -79.706  -14.323 0.4000000060
9676  -29.043  -79.728  -16.827 0.3000000119
125816  -28.608  -80.043  -16.297 0.4000000060
120870  -22.906  -74.886  -16.600 0.5000000000
13675  -22.494  -75.528  -17.079 0.6000000238
13682  -24.032  -75.335  -17.530 0.6000000238
12633  -23.823  -76.822  -17.315 0.6000000238
108348  -23.689  -77.490  -16.835 0.6000000238
13643  -24.303  -74.754  -14.936 0.5000000000
13660  -23.472  -74.649  -15.757 0.5000000000
13659  -22.618  -74.918  -15.752 0.6000000238
12632  -22.932  -76.023  -17.356 0.6000000238
11572  -22.756  -76.831  -17.272 0.6999999881
9630  -24.737  -79.162  -13.002 0.6000000238
9658  -37.077  -80.527  -14.287 0.3000000119
13606  -22.484  -75.499  -12.972 0.6999999881
13642  -22.342  -75.203  -14.799 0.6000000238
13641  -21.422  -75.449  -15.000 0.6000000238
13674  -21.701  -75.721  -16.942 0.6000000238
11570  -21.119  -76.519  -17.021 0.6999999881
9650  -25.758  -79.314  -14.369 0.6000000238
9631  -25.578  -79.442  -13.324 0.6000000238
9609  -26.228  -79.919  -12.786 0.5000000000
13607  -23.359  -75.535  -12.849 0.6999999881
13623  -22.012  -75.435  -13.927 0.6000000238
13622  -21.074  -75.582  -14.178 0.6000000238
116754  -20.935  -75.659  -15.900 0.6000000238
11569  -20.328  -76.878  -16.936 0.6999999881
114022  -20.461  -77.793  -16.335 0.6999999881
8754  -34.367  -81.122  -15.078 0.3000000119
12590  -22.882  -75.762  -12.152 0.6999999881
12589  -22.007  -75.719  -12.274 0.6000000238
13605  -21.590  -75.545  -13.159 0.6999999881
13639  -19.554  -76.401  -15.653 0.6000000238
12618  -19.766  -76.799  -16.486 0.6000000238
10581  -21.841  -78.686  -13.755 0.6999999881
9664  -25.901  -79.241  -15.439 0.5000000000
9665  -26.660  -79.783  -15.939 0.5000000000
13604  -20.645  -75.694  -13.435 0.6000000238
115136  -19.262  -76.313  -14.783 0.6000000238
10605  -19.687  -77.792  -15.998 0.6000000238
10559  -20.847  -78.658  -13.302 0.6000000238
126375  -20.937  -78.801  -12.216 0.6000000238
9673  -26.929  -79.511  -16.772 0.5000000000
9653  -31.719  -80.066  -14.349 0.3000000119
12572  -20.587  -75.783  -11.806 0.6999999881
12587  -20.158  -75.794  -12.738 0.6000000238
12602  -19.655  -75.956  -13.807 0.6000000238
12610  -18.627  -76.843  -15.290 0.6000000238
11550  -18.715  -77.190  -15.549 0.5000000000
10592  -18.903  -77.656  -15.541 0.5000000000
10558  -20.059  -78.760  -12.448 0.5000000000
118273  -21.409  -79.020  -11.531 0.5000000000
9674  -27.776  -80.003  -16.784 0.5000000000
10624  -30.637  -79.001  -17.890 0.3000000119
10619  -30.385  -78.980  -17.278 0.3000000119
10618  -29.675  -79.247  -16.854 0.3000000119
112668  -29.532  -78.350  -15.363 0.4000000060
10537  -20.482  -79.019  -11.484 0.5000000000
10626  -29.919  -78.920  -17.970 0.3000000119
109835  -29.843  -79.167  -17.483 0.3000000119
10611  -29.175  -79.018  -15.989 0.4000000060
14726  -24.988  -74.399  -15.440 0.5000000000
14725  -24.171  -74.410  -15.910 0.5000000000
14744  -24.637  -74.141  -16.616 0.5000000000
14757  -24.914  -74.063  -17.376 0.5000000000
13627  -26.270  -75.162  -13.979 0.5000000000
13626  -25.344  -74.980  -14.190 0.5000000000
14743  -23.732  -74.588  -16.648 0.5000000000
13676  -24.194  -74.616  -17.265 0.5000000000
12644  -24.089  -76.161  -17.609 0.6000000238
11582  -24.781  -76.933  -17.361 0.6000000238
118110  -25.084  -75.455  -13.321 0.5000000000
11573  -24.605  -77.502  -16.962 0.6000000238
118966  -24.836  -78.479  -15.599 0.8000000119
9659  -38.081  -80.293  -13.895 0.3000000119
12592  -25.284  -75.869  -12.542 0.6000000238
13608  -24.320  -75.597  -12.843 0.6000000238
117095  -23.694  -75.325  -13.531 0.6000000238
104783  -25.931  -77.276  -17.443 0.4000000060
9640  -37.658  -80.091  -13.843 0.3000000119
12591  -23.756  -75.840  -12.066 0.6999999881
10609  -25.321  -78.642  -15.914 0.5000000000
10598  -25.142  -78.705  -14.936 0.6000000238
9656  -35.029  -80.515  -14.482 0.3000000119
12556  -22.739  -76.169  -10.701 0.6999999881
10621  -26.814  -78.399  -17.283 0.4000000060
9655  -33.961  -80.446  -14.520 0.3000000119
12574  -22.360  -75.945  -11.465 0.6000000238
12573  -21.476  -75.859  -11.614 0.6999999881
123728  -26.876  -78.982  -17.069 0.4000000060
12555  -21.731  -76.089  -10.704 0.6000000238
108979  -20.923  -75.938  -11.081 0.6999999881
12586  -19.138  -76.033  -13.121 0.6000000238
12609  -18.010  -76.961  -14.570 0.5000000000
11549  -18.223  -77.230  -14.999 0.5000000000
115333  -19.655  -78.520  -13.757 0.6000000238
11584  -27.548  -78.383  -17.528 0.4000000060
9677  -27.524  -79.289  -17.234 0.4000000060
11590  -31.043  -78.419  -18.234 0.3000000119
10625  -31.286  -78.744  -18.022 0.3000000119
11587  -32.056  -78.474  -17.953 0.3000000119
11576  -31.742  -78.321  -17.317 0.3000000119
119893  -29.696  -78.341  -16.138 0.4000000060
109824  -18.559  -76.075  -12.378 0.6000000238
115636  -18.145  -76.512  -13.569 0.5000000000
12600  -17.311  -77.049  -13.863 0.5000000000
10578  -17.966  -77.560  -14.601 0.5000000000
10557  -18.812  -78.676  -12.909 0.5000000000
10536  -19.592  -79.101  -11.729 0.5000000000
105380  -29.043  -78.795  -17.768 0.3000000119
118937  -30.702  -78.771  -18.113 0.3000000119
11542  -17.823  -77.264  -14.455 0.5000000000
106434  -17.709  -78.212  -13.831 0.5000000000
10577  -16.900  -78.500  -13.461 0.5000000000
14713  -26.923  -74.916  -14.038 0.5000000000
14728  -27.063  -74.136  -14.760 0.5000000000
14745  -25.491  -73.813  -16.056 0.5000000000
15712  -26.034  -73.501  -16.590 0.5000000000
123822  -25.798  -73.574  -17.030 0.5000000000
14758  -25.620  -73.772  -17.325 0.5000000000
13610  -26.818  -75.821  -12.832 0.5000000000
14727  -26.117  -74.515  -14.900 0.5000000000
116823  -26.145  -74.881  -17.984 0.4000000060
13609  -25.987  -75.641  -13.267 0.5000000000
9641  -39.078  -79.936  -13.481 0.3000000119
9615  -38.522  -79.718  -13.483 0.3000000119
12577  -25.492  -76.235  -11.568 0.6000000238
108658  -25.892  -75.986  -17.841 0.4000000060
108181  -24.760  -76.208  -11.214 0.6000000238
12576  -24.070  -76.093  -11.303 0.6000000238
9639  -36.685  -80.059  -13.754 0.3000000119
9638  -35.575  -80.099  -13.816 0.3000000119
12557  -23.601  -76.239  -10.658 0.6000000238
11583  -26.866  -77.658  -17.518 0.4000000060
110283  -23.130  -76.368  -9.985 0.6000000238
12648  -28.351  -77.132  -17.865 0.4000000060
11585  -28.336  -78.178  -17.753 0.4000000060
9636  -33.465  -79.801  -13.705 0.3000000119
110925  -22.312  -76.302  -10.014 0.6999999881
11586  -29.222  -78.086  -17.994 0.3000000119
12653  -30.234  -78.040  -18.216 0.3000000119
15698  -27.178  -73.306  -15.357 0.5000000000
15697  -26.417  -73.633  -15.684 0.5000000000
15713  -26.940  -72.953  -16.210 0.5000000000
15724  -27.315  -72.780  -16.667 0.4000000060
123167  -26.710  -75.457  -13.497 0.5000000000
15729  -27.141  -73.282  -17.309 0.4000000060
14763  -26.229  -73.913  -17.593 0.4000000060
13628  -27.327  -75.273  -13.235 0.6000000238
14764  -27.213  -74.349  -17.844 0.4000000060
120626  -26.965  -75.272  -18.005 0.4000000060
9614  -37.521  -79.618  -13.267 0.3000000119
12558  -24.412  -76.350  -10.627 0.6000000238
105230  -27.417  -76.212  -17.886 0.4000000060
12646  -26.670  -76.716  -17.730 0.4000000060
105561  -28.345  -76.046  -17.987 0.4000000060
12649  -29.261  -76.972  -18.066 0.4000000060
12650  -30.141  -76.724  -18.197 0.3000000119
12530  -20.836  -76.227  -9.253 0.6000000238
15681  -27.726  -73.384  -14.555 0.5000000000
16714  -27.793  -72.506  -15.373 0.5000000000
16733  -28.176  -71.729  -16.039 0.4000000060
16738  -27.841  -72.219  -16.436 0.4000000060
14714  -27.700  -74.372  -13.709 0.5000000000
15682  -28.283  -73.312  -13.624 0.5000000000
16745  -28.459  -72.234  -16.956 0.4000000060
13611  -27.490  -75.629  -12.414 0.6000000238
14700  -27.962  -74.933  -12.690 0.6000000238
14715  -28.384  -74.002  -12.796 0.6000000238
15730  -28.046  -73.044  -17.364 0.4000000060
12578  -26.454  -76.388  -11.448 0.6000000238
125868  -27.557  -75.882  -11.750 0.6000000238
14765  -28.139  -73.970  -17.748 0.4000000060
13685  -28.270  -74.987  -17.986 0.4000000060
12559  -25.214  -76.487  -10.706 0.6000000238
13687  -30.134  -75.530  -18.077 0.4000000060
13686  -29.216  -75.790  -18.039 0.4000000060
13688  -31.034  -75.314  -18.161 0.4000000060
9612  -35.052  -79.675  -13.083 0.3000000119
12535  -24.840  -76.710  -9.950 0.6000000238
13691  -30.971  -76.412  -18.318 0.4000000060
9610  -32.986  -79.134  -12.855 0.3000000119
9637  -34.543  -80.020  -13.772 0.3000000119
12533  -23.505  -76.589  -9.287 0.6000000238
116611  -21.741  -76.384  -9.121 0.6000000238
12507  -23.112  -76.674  -8.568 0.6999999881
11464  -25.266  -77.343  -8.140 0.6999999881
12506  -22.214  -76.523  -8.463 0.6000000238
11449  -23.707  -77.056  -7.788 0.6999999881
111396  -24.630  -77.314  -7.738 0.6999999881
12482  -22.754  -76.729  -7.911 0.6000000238
11451  -25.912  -77.223  -7.654 0.6999999881
12483  -26.392  -76.661  -7.218 0.6000000238
11448  -22.797  -76.827  -7.141 0.6999999881
11435  -24.973  -77.362  -6.479 0.6999999881
16715  -28.454  -71.867  -14.957 0.5000000000
17685  -28.682  -71.363  -15.401 0.5000000000
16700  -28.700  -72.582  -13.600 0.5000000000
16701  -29.170  -72.151  -13.713 0.5000000000
112838  -28.727  -72.061  -14.269 0.5000000000
17701  -29.300  -70.929  -15.697 0.5000000000
17700  -28.728  -71.401  -16.095 0.4000000060
16740  -28.796  -71.712  -16.578 0.4000000060
14701  -28.457  -74.520  -11.916 0.6000000238
15655  -28.797  -73.630  -11.985 0.6000000238
125836  -29.070  -72.705  -12.958 0.6000000238
104373  -30.033  -72.183  -13.359 0.6000000238
15731  -28.999  -72.783  -17.309 0.4000000060
12579  -27.246  -76.266  -11.286 0.6000000238
121663  -29.125  -73.418  -11.365 0.6000000238
15666  -29.177  -72.973  -12.031 0.6000000238
124366  -28.783  -73.560  -17.593 0.4000000060
11497  -25.842  -76.873  -10.014 0.6000000238
12561  -27.572  -76.228  -10.620 0.6000000238
13590  -28.482  -75.014  -11.020 0.6000000238
14683  -29.264  -73.654  -10.599 0.6000000238
15656  -29.486  -73.004  -11.121 0.6000000238
14767  -30.277  -74.460  -17.885 0.4000000060
14769  -32.167  -73.973  -17.976 0.4000000060
12536  -26.691  -76.850  -9.553 0.6000000238
13589  -28.114  -75.683  -10.341 0.6000000238
115523  -28.620  -74.927  -10.076 0.6000000238
15645  -29.777  -73.078  -10.320 0.6000000238
16634  -30.450  -72.690  -10.029 0.6000000238
14768  -31.203  -74.238  -17.938 0.4000000060
14776  -32.024  -75.252  -18.250 0.4000000060
12537  -27.544  -76.282  -9.722 0.5000000000
13579  -28.190  -75.444  -9.449 0.6000000238
14673  -29.128  -74.220  -9.884 0.6000000238
15636  -29.957  -73.187  -9.467 0.6000000238
115625  -31.970  -72.361  -9.929 0.6999999881
12534  -24.327  -76.836  -9.250 0.6999999881
11481  -26.065  -77.119  -9.230 0.6000000238
13570  -27.708  -75.811  -8.769 0.6000000238
116126  -28.749  -74.696  -9.230 0.6000000238
119135  -30.604  -72.802  -9.060 0.6000000238
114891  -32.041  -72.268  -9.056 0.6000000238
16623  -32.844  -72.094  -9.493 0.6000000238
14665  -28.823  -74.490  -8.349 0.6000000238
15628  -30.037  -73.237  -8.530 0.6000000238
16608  -31.327  -72.485  -8.633 0.6000000238
17612  -32.902  -71.973  -8.598 0.6000000238
12484  -27.258  -76.060  -8.090 0.6000000238
13571  -28.245  -75.116  -8.614 0.6000000238
15616  -29.465  -73.807  -7.849 0.5000000000
16607  -30.713  -72.791  -8.168 0.6000000238
16609  -32.135  -72.214  -8.185 0.6000000238
13559  -28.286  -74.882  -7.922 0.5000000000
110265  -23.501  -77.218  -5.968 0.6999999881
11425  -25.296  -77.062  -6.088 0.6999999881
12462  -26.783  -75.972  -6.887 0.5000000000
13545  -27.932  -74.992  -7.177 0.6000000238
14655  -28.690  -74.413  -7.460 0.5000000000
15617  -30.159  -73.118  -7.613 0.5000000000
14643  -28.466  -74.413  -6.566 0.6000000238
107833  -24.168  -72.664  -8.211 0.6000000238
16591  -23.900  -72.804  -7.516 0.6000000238
16590  -22.222  -73.202  -7.485 0.6000000238
17686  -29.299  -70.982  -14.985 0.5000000000
16716  -29.545  -71.491  -14.350 0.5000000000
17702  -29.923  -70.617  -15.330 0.5000000000
17725  -30.464  -71.158  -16.702 0.5000000000
16746  -29.253  -71.971  -16.983 0.4000000060
16654  -29.711  -72.673  -11.709 0.5000000000
16678  -29.496  -72.572  -12.660 0.5000000000
16680  -31.683  -72.346  -12.956 0.5000000000
16747  -30.821  -71.839  -17.248 0.4000000060
16748  -31.818  -71.917  -17.421 0.4000000060
107757  -30.872  -72.419  -12.450 0.5000000000
121285  -32.800  -72.362  -12.165 0.5000000000
15732  -30.482  -73.553  -17.715 0.4000000060
15733  -31.269  -72.945  -17.686 0.4000000060
15734  -32.378  -72.825  -17.740 0.4000000060
16635  -31.788  -72.411  -10.899 0.5000000000
112900  -32.757  -72.331  -11.377 0.5000000000
16657  -31.934  -72.438  -12.026 0.5000000000
16636  -32.791  -72.220  -10.427 0.6000000238
16637  -33.726  -72.080  -10.951 0.6000000238
17632  -33.661  -71.854  -9.935 0.6000000238
17633  -34.486  -71.600  -10.309 0.5000000000
17614  -34.295  -71.067  -8.621 0.4000000060
17622  -34.400  -71.351  -9.440 0.4000000060
18641  -35.579  -70.181  -9.618 0.4000000060
17604  -32.928  -71.785  -7.738 0.6000000238
17613  -33.630  -71.416  -8.159 0.6000000238
113589  -34.623  -70.284  -8.390 0.5000000000
19652  -35.565  -69.371  -9.430 0.4000000060
20711  -35.970  -68.915  -9.907 0.4000000060
20719  -35.777  -68.273  -10.145 0.4000000060
11433  -22.833  -76.979  -6.245 0.6999999881
16595  -31.429  -72.450  -7.793 0.6000000238
18627  -34.114  -70.679  -7.898 0.5000000000
20710  -35.430  -68.685  -9.553 0.4000000060
12443  -25.938  -76.111  -5.729 0.6000000238
110201  -29.728  -73.414  -7.072 0.5000000000
120309  -31.450  -72.354  -7.116 0.5000000000
17595  -33.518  -71.020  -7.288 0.5000000000
19634  -34.568  -69.447  -8.288 0.5000000000
19644  -35.065  -69.068  -8.938 0.4000000060
20709  -34.764  -68.384  -9.297 0.4000000060
13544  -27.274  -75.384  -6.618 0.6000000238
16576  -31.835  -72.106  -6.525 0.5000000000
17610  -24.998  -71.695  -9.014 0.6999999881
16605  -24.864  -72.193  -8.344 0.6000000238
117993  -25.768  -71.266  -8.008 0.6999999881
16592  -24.621  -72.440  -7.619 0.6000000238
18602  -26.412  -70.334  -6.690 0.6000000238
110331  -23.203  -72.994  -7.064 0.6000000238
17592  -25.593  -71.658  -6.491 0.6000000238
124348  -26.521  -70.703  -6.254 0.6000000238
19613  -26.800  -69.553  -5.707 0.6000000238
19601  -27.373  -69.396  -4.998 0.6000000238
16571  -22.406  -73.032  -6.480 0.5000000000
16556  -24.348  -72.290  -5.482 0.6000000238
16557  -25.268  -71.817  -5.568 0.6000000238
121607  -26.768  -70.798  -5.646 0.6000000238
18574  -27.297  -70.100  -5.474 0.6000000238
17714  -31.118  -70.679  -16.357 0.5000000000
16553  -21.754  -73.091  -5.742 0.5000000000
16572  -23.164  -72.830  -6.269 0.5000000000
17574  -27.114  -70.869  -4.895 0.5000000000
18575  -27.775  -70.158  -4.835 0.5000000000
16717  -30.369  -71.442  -14.244 0.4000000060
16718  -31.307  -71.438  -14.359 0.5000000000
17715  -31.938  -70.853  -16.720 0.5000000000
17726  -31.402  -71.181  -16.978 0.4000000060
16554  -22.625  -72.913  -5.583 0.5000000000
16542  -24.841  -72.210  -4.471 0.5000000000
17561  -26.477  -71.572  -3.936 0.5000000000
17575  -27.493  -70.909  -4.139 0.5000000000
16703  -32.072  -71.984  -13.801 0.5000000000
16749  -32.727  -71.884  -17.529 0.4000000060
104280  -34.173  -72.397  -17.781 0.4000000060
15593  -22.069  -73.171  -4.804 0.5000000000
16541  -23.806  -72.642  -4.566 0.5000000000
115638  -25.573  -71.975  -3.971 0.6000000238
17562  -27.143  -71.611  -3.363 0.6000000238
122774  -33.115  -72.675  -17.747 0.4000000060
15559  -23.794  -73.620  -3.598 0.6000000238
16530  -24.208  -72.937  -3.809 0.6000000238
16532  -25.864  -72.341  -3.402 0.6999999881
16658  -33.479  -72.243  -11.871 0.4000000060
13495  -20.506  -75.251  -3.261 0.6000000238
17634  -35.222  -71.278  -10.638 0.5000000000
12416  -21.005  -75.873  -3.612 0.6000000238
121043  -35.629  -70.723  -10.259 0.4000000060
12427  -22.404  -76.760  -4.671 0.6000000238
11413  -23.227  -76.960  -4.818 0.6000000238
18642  -35.982  -69.551  -9.895 0.4000000060
13526  -25.612  -75.825  -4.999 0.6000000238
11424  -24.717  -77.130  -5.730 0.6999999881
14630  -28.274  -74.424  -5.626 0.6000000238
15595  -29.570  -73.572  -5.345 0.6000000238
15607  -29.648  -73.463  -6.297 0.5000000000
16575  -31.094  -72.504  -6.581 0.5000000000
18626  -25.685  -70.617  -8.139 0.6999999881
19632  -26.093  -69.911  -7.030 0.6999999881
19621  -25.897  -69.505  -6.645 0.6000000238
19622  -26.370  -69.710  -6.366 0.6000000238
20675  -26.470  -68.922  -5.211 0.6000000238
117161  -27.480  -68.488  -3.426 0.6999999881
20645  -28.128  -69.005  -3.644 0.6000000238
19602  -27.961  -69.573  -4.389 0.6000000238
124589  -32.037  -71.364  -14.608 0.5000000000
17689  -32.321  -70.855  -15.414 0.5000000000
106321  -30.617  -70.531  -15.698 0.5000000000
17704  -32.079  -70.539  -16.281 0.5000000000
19590  -28.349  -69.720  -3.873 0.6000000238
20646  -28.533  -68.703  -3.012 0.5000000000
17705  -33.084  -70.554  -16.267 0.5000000000
17727  -32.315  -71.189  -17.151 0.5000000000
120353  -33.992  -70.872  -17.268 0.4000000060
17550  -27.698  -71.755  -2.866 0.6000000238
17563  -27.928  -71.026  -3.484 0.6000000238
20625  -29.212  -68.910  -2.794 0.5000000000
16704  -33.056  -72.073  -13.630 0.5000000000
14592  -21.272  -74.689  -3.233 0.6000000238
14593  -22.238  -74.850  -3.279 0.4000000060
106376  -22.965  -74.061  -3.525 0.6000000238
15535  -26.311  -72.736  -2.976 0.6000000238
16521  -26.991  -72.298  -2.859 0.6000000238
18555  -28.915  -70.405  -2.937 0.6000000238
16683  -34.074  -72.123  -12.426 0.4000000060
16705  -33.937  -72.043  -13.387 0.4000000060
14594  -23.174  -74.986  -3.408 0.5000000000
110656  -23.890  -74.314  -3.502 0.6000000238
15560  -24.670  -73.560  -3.456 0.6999999881
15562  -26.235  -73.366  -3.054 0.6000000238
16522  -27.691  -72.570  -2.643 0.6000000238
17551  -28.355  -71.888  -2.626 0.6000000238
16659  -34.142  -72.055  -11.673 0.5000000000
13496  -21.566  -75.458  -3.319 0.6000000238
14595  -24.713  -74.431  -3.522 0.6000000238
14597  -26.262  -74.046  -3.336 0.6000000238
15537  -28.132  -73.186  -2.696 0.6000000238
17552  -29.631  -71.763  -2.515 0.6000000238
116219  -30.505  -70.793  -2.525 0.6000000238
18650  -35.883  -70.893  -10.935 0.4000000060
12419  -23.620  -76.304  -4.034 0.5000000000
13499  -24.714  -75.180  -3.789 0.6000000238
14614  -26.411  -74.579  -3.831 0.6000000238
15565  -29.311  -73.331  -3.265 0.6000000238
16533  -29.975  -72.840  -3.074 0.6000000238
12428  -23.081  -76.710  -4.218 0.6000000238
12429  -24.276  -76.293  -4.385 0.6000000238
13510  -24.656  -75.764  -4.201 0.6000000238
14615  -27.087  -74.670  -4.404 0.6000000238
14599  -27.699  -74.233  -3.881 0.6000000238
14629  -27.545  -74.815  -5.346 0.6000000238
124756  -27.221  -75.198  -5.905 0.6000000238
15596  -30.225  -73.104  -5.733 0.5000000000
16559  -31.464  -72.220  -5.715 0.5000000000
19643  -25.407  -70.114  -8.314 0.6999999881
106910  -25.706  -69.709  -7.164 0.6999999881
110065  -24.620  -69.823  -9.279 0.6999999881
19630  -24.343  -69.419  -7.982 0.6999999881
117518  -25.257  -69.677  -7.703 0.6999999881
19620  -25.334  -69.431  -6.947 0.6999999881
20674  -25.501  -68.797  -5.351 0.6000000238
20660  -25.675  -68.499  -4.476 0.6000000238
20622  -26.046  -67.875  -3.018 0.5000000000
20644  -26.764  -68.343  -3.560 0.6999999881
20623  -26.927  -67.972  -2.961 0.5000000000
20624  -27.857  -68.145  -2.894 0.5000000000
109499  -28.665  -68.060  -2.663 0.5000000000
17690  -33.293  -71.011  -15.304 0.4000000060
17706  -34.106  -70.569  -16.472 0.5000000000
18702  -34.971  -70.505  -16.860 0.5000000000
17717  -34.397  -70.593  -17.096 0.5000000000
107364  -35.182  -70.729  -17.222 0.4000000060
123518  -33.666  -70.684  -15.892 0.4000000060
19582  -29.239  -69.766  -2.863 0.6000000238
18557  -30.177  -70.267  -2.521 0.6000000238
19583  -29.758  -69.615  -2.643 0.6000000238
17554  -31.015  -70.970  -2.692 0.6000000238
19585  -31.174  -69.478  -2.727 0.6000000238
15580  -29.461  -73.586  -4.295 0.6000000238
16534  -30.538  -72.433  -3.349 0.6000000238
19592  -31.579  -69.419  -3.242 0.6000000238
14616  -28.001  -74.376  -4.662 0.6000000238
17566  -31.386  -71.141  -3.237 0.5000000000
15581  -30.176  -73.142  -4.753 0.6000000238
109731  -30.733  -72.600  -4.213 0.5000000000
16543  -30.807  -72.669  -5.192 0.5000000000
19649  -23.741  -69.518  -9.895 0.6999999881
19629  -23.244  -69.117  -8.199 0.6999999881
20682  -23.583  -69.031  -7.225 0.6999999881
20683  -24.402  -69.070  -6.480 0.6999999881
20672  -23.596  -68.348  -5.478 0.6000000238
20673  -24.486  -68.734  -5.548 0.6999999881
20642  -24.966  -68.068  -3.797 0.4000000060
19648  -22.890  -68.842  -10.069 0.6999999881
19640  -22.958  -69.069  -9.137 0.6999999881
123099  -22.802  -68.724  -7.609 0.6000000238
20671  -22.912  -68.158  -6.008 0.6000000238
21720  -25.244  -67.722  -3.174 0.5000000000
20733  -23.639  -67.971  -12.433 0.6999999881
19659  -23.080  -68.355  -10.925 0.6999999881
21704  -26.322  -67.335  -2.675 0.5000000000
21812  -23.801  -66.859  -12.439 0.6999999881
22748  -26.621  -66.733  -2.645 0.5000000000
22873  -23.559  -66.535  -12.790 0.6000000238
22859  -23.260  -65.884  -12.231 0.6000000238
22858  -22.275  -65.996  -12.298 0.6000000238
23870  -20.841  -65.308  -10.778 0.5000000000
24817  -22.128  -64.266  -10.907 0.5000000000
17707  -34.994  -70.732  -16.005 0.4000000060
121720  -35.596  -70.578  -17.052 0.4000000060
18567  -31.752  -70.010  -3.544 0.6000000238
20658  -23.728  -67.891  -4.608 0.5000000000
20641  -24.237  -67.827  -3.972 0.5000000000
20699  -22.528  -68.251  -9.312 0.6000000238
20691  -22.444  -68.220  -7.514 0.6000000238
21760  -22.568  -67.818  -6.679 0.6000000238
21735  -23.067  -67.034  -5.170 0.6000000238
21718  -23.753  -67.263  -3.816 0.5000000000
125513  -24.920  -67.333  -2.938 0.5000000000
21703  -25.421  -67.198  -2.722 0.5000000000
20716  -23.222  -67.441  -10.883 0.6999999881
21783  -22.844  -67.386  -10.020 0.6000000238
105048  -22.621  -66.960  -8.247 0.6000000238
123072  -22.783  -66.814  -6.607 0.6000000238
23817  -23.242  -65.748  -5.151 0.6000000238
119559  -26.175  -65.908  -2.753 0.5000000000
21794  -23.683  -66.499  -11.629 0.6999999881
22835  -23.250  -66.385  -9.908 0.6000000238
22828  -23.535  -65.705  -9.343 0.6000000238
23845  -23.194  -65.941  -7.188 0.6000000238
23834  -23.218  -65.787  -6.132 0.6000000238
125425  -23.600  -65.699  -11.619 0.6000000238
22845  -23.699  -65.991  -10.871 0.6000000238
124524  -23.842  -65.224  -8.895 0.6000000238
114636  -23.788  -65.106  -7.917 0.6000000238
23883  -23.464  -65.502  -11.622 0.6000000238
116572  -23.863  -64.664  -10.657 0.6000000238
23854  -24.003  -64.915  -9.818 0.6000000238
24790  -24.118  -64.090  -8.074 0.6000000238
23882  -22.934  -65.149  -11.603 0.5000000000
24826  -22.914  -64.557  -11.252 0.5000000000
24819  -23.681  -64.268  -10.878 0.5000000000
24808  -24.028  -64.096  -10.362 0.6000000238
24796  -24.199  -64.315  -9.210 0.6000000238
18704  -36.466  -70.484  -16.298 0.4000000060
23862  -20.345  -64.976  -9.956 0.5000000000
24818  -23.268  -63.865  -10.826 0.5000000000
111819  -23.762  -63.638  -10.634 0.6000000238
25723  -24.489  -63.332  -9.102 0.6000000238
24806  -20.466  -64.460  -9.545 0.5000000000
119138  -21.939  -63.167  -10.033 0.5000000000
25744  -22.060  -63.653  -10.469 0.4000000060
25745  -23.653  -63.017  -10.440 0.5000000000
25737  -24.580  -62.429  -9.761 0.6000000238
120940  -23.942  -66.548  -3.104 0.6000000238
22746  -24.443  -66.188  -2.638 0.5000000000
21702  -24.666  -66.875  -2.779 0.5000000000
22782  -23.474  -66.485  -3.926 0.6000000238
23762  -24.006  -65.595  -2.695 0.5000000000
23764  -25.439  -65.741  -2.497 0.5000000000
112330  -23.322  -64.886  -4.740 0.6999999881
23774  -23.379  -64.923  -3.800 0.6999999881
113763  -23.455  -64.909  -6.218 0.6000000238
24765  -23.411  -64.455  -5.553 0.6999999881
24781  -23.768  -64.597  -7.071 0.6000000238
25665  -23.535  -63.655  -5.746 0.6999999881
113471  -23.926  -63.887  -7.211 0.6000000238
25689  -23.888  -63.377  -6.713 0.6999999881
25709  -24.400  -63.188  -7.954 0.6000000238
26678  -23.783  -62.841  -6.041 0.6999999881
25721  -19.794  -64.054  -8.264 0.5000000000
25734  -21.482  -63.055  -9.343 0.5000000000
26715  -23.402  -62.363  -10.229 0.4000000060
26716  -24.191  -62.203  -10.202 0.6000000238
25710  -24.739  -62.630  -9.047 0.6000000238
25722  -20.581  -63.618  -8.751 0.5000000000
26714  -22.427  -62.564  -9.932 0.4000000060
27732  -23.814  -61.721  -10.165 0.5000000000
23763  -24.740  -65.471  -2.332 0.5000000000
105074  -23.592  -65.690  -3.406 0.6000000238
24714  -24.260  -64.668  -2.314 0.5000000000
108566  -24.928  -64.229  -1.918 0.5000000000
24744  -23.338  -64.287  -4.179 0.6999999881
106500  -23.418  -63.501  -4.166 0.6999999881
117016  -23.470  -63.161  -5.089 0.6000000238
26698  -24.327  -62.545  -7.179 0.6999999881
26669  -23.754  -62.479  -5.378 0.6000000238
26707  -24.998  -61.937  -9.535 0.6000000238
26679  -24.902  -61.692  -7.819 0.6000000238
26705  -22.022  -62.237  -9.075 0.5000000000
26706  -23.012  -61.826  -9.894 0.4000000060
27722  -25.027  -61.264  -9.933 0.6000000238
27710  -22.110  -61.576  -8.530 0.4000000060
27719  -22.750  -61.460  -9.278 0.4000000060
28708  -24.197  -60.466  -9.416 0.5000000000
27721  -24.568  -60.906  -9.932 0.5000000000
25597  -23.770  -63.947  -2.778 0.6000000238
25598  -24.371  -63.648  -2.184 0.5000000000
25618  -23.582  -63.353  -3.388 0.6000000238
26623  -24.521  -62.719  -2.166 0.5000000000
26639  -23.763  -62.516  -3.549 0.6000000238
27671  -23.899  -61.975  -4.267 0.6000000238
26640  -24.187  -62.137  -2.778 0.5000000000
27681  -23.979  -61.893  -5.134 0.6000000238
27693  -24.270  -61.940  -6.348 0.6999999881
27682  -24.351  -61.329  -4.675 0.5000000000
27712  -25.183  -61.412  -9.068 0.6000000238
109982  -25.444  -60.892  -8.476 0.5000000000
27711  -22.842  -60.761  -8.600 0.4000000060
28709  -25.077  -60.675  -9.378 0.5000000000
31670  -16.601  -57.616  -2.824 0.4000000060
31654  -16.674  -56.684  -2.602 0.3000000119
31671  -17.423  -57.446  -3.195 0.4000000060
26605  -25.724  -62.442  -1.639 0.5000000000
30675  -18.027  -58.200  -3.730 0.3000000119
31672  -18.283  -57.401  -3.585 0.4000000060
27657  -24.619  -61.250  -2.865 0.5000000000
27636  -25.390  -61.752  -1.713 0.5000000000
123092  -19.641  -58.891  -5.078 0.3000000119
31690  -19.277  -57.588  -4.078 0.4000000060
28642  -24.858  -60.716  -4.016 0.5000000000
29699  -19.589  -59.539  -5.536 0.3000000119
28651  -25.031  -60.617  -5.351 0.6000000238
28659  -25.441  -60.529  -6.656 0.6000000238
28688  -24.802  -60.028  -8.843 0.5000000000
28668  -25.698  -60.355  -7.817 0.5000000000
28689  -25.476  -60.213  -8.553 0.4000000060
28669  -25.947  -59.889  -7.187 0.4000000060
32649  -15.947  -56.202  -1.017 0.3000000119
32680  -16.185  -56.151  -1.801 0.3000000119
114245  -17.130  -55.337  -2.319 0.3000000119
32681  -17.961  -55.510  -3.034 0.3000000119
31673  -18.605  -56.540  -3.537 0.4000000060
27658  -25.176  -61.046  -2.107 0.5000000000
30688  -19.957  -58.247  -4.819 0.4000000060
32710  -19.598  -56.571  -3.958 0.4000000060
28633  -25.868  -60.376  -2.189 0.5000000000
31710  -20.828  -58.013  -5.221 0.4000000060
31692  -21.124  -57.174  -4.964 0.4000000060
28632  -25.281  -60.459  -2.978 0.5000000000
30710  -21.312  -58.362  -6.003 0.4000000060
28652  -25.575  -60.067  -4.930 0.5000000000
28660  -25.830  -59.990  -6.111 0.5000000000
29729  -22.959  -59.402  -7.749 0.3000000119
29730  -24.180  -59.283  -8.226 0.4000000060
30755  -25.719  -59.398  -7.622 0.4000000060
29701  -26.171  -59.398  -6.594 0.4000000060
31629  -15.928  -56.816  -0.798 0.3000000119
33639  -16.551  -55.421  -1.502 0.3000000119
33654  -18.349  -54.877  -2.959 0.4000000060
115698  -18.915  -55.655  -3.445 0.4000000060
117279  -28.591  -61.920  -1.382 0.4000000060
32697  -19.807  -55.572  -3.840 0.4000000060
31691  -20.242  -57.388  -4.554 0.4000000060
32711  -20.610  -56.404  -4.417 0.4000000060
28619  -26.676  -60.476  -1.670 0.4000000060
119226  -21.252  -56.553  -4.885 0.4000000060
28643  -25.664  -59.975  -3.993 0.5000000000
31711  -21.592  -57.528  -5.735 0.4000000060
30729  -22.626  -58.115  -7.002 0.3000000119
126203  -26.033  -59.746  -4.699 0.5000000000
30753  -24.558  -58.651  -7.790 0.3000000119
32650  -16.443  -56.093  -0.852 0.3000000119
34558  -17.375  -54.310  -1.281 0.3000000119
33641  -17.628  -54.569  -2.192 0.3000000119
33642  -18.380  -54.120  -2.474 0.4000000060
33655  -19.061  -54.735  -3.244 0.4000000060
34588  -20.006  -53.438  -3.483 0.3000000119
33657  -20.616  -54.442  -4.120 0.4000000060
26609  -30.015  -62.390  -1.488 0.4000000060
25588  -31.245  -62.931  -1.725 0.4000000060
33667  -21.489  -54.878  -4.806 0.4000000060
27639  -27.946  -61.249  -1.290 0.4000000060
32712  -21.816  -56.579  -5.434 0.3000000119
125731  -26.632  -59.915  -2.434 0.4000000060
31728  -22.072  -57.780  -6.431 0.3000000119
31712  -22.381  -56.980  -6.238 0.3000000119
31730  -24.172  -57.040  -7.202 0.3000000119
29718  -26.191  -59.154  -6.753 0.4000000060
32662  -17.951  -55.815  -0.661 0.3000000119
34574  -17.945  -53.851  -1.605 0.4000000060
114222  -19.244  -52.787  -2.365 0.4000000060
26624  -32.861  -63.105  -2.285 0.4000000060
26610  -30.951  -62.265  -1.302 0.4000000060
34589  -21.089  -53.807  -4.427 0.4000000060
27641  -30.269  -61.599  -1.235 0.4000000060
108549  -21.342  -55.919  -4.856 0.4000000060
28620  -27.669  -60.401  -1.550 0.4000000060
111718  -29.703  -61.125  -1.274 0.4000000060
32713  -22.169  -55.566  -5.458 0.3000000119
28634  -27.457  -59.799  -2.260 0.4000000060
31713  -23.330  -56.546  -6.726 0.3000000119
29666  -27.256  -59.516  -3.425 0.5000000000
31729  -23.021  -57.383  -6.844 0.3000000119
32740  -24.193  -56.089  -7.030 0.3000000119
29689  -27.263  -59.188  -4.342 0.5000000000
31732  -25.955  -57.965  -6.816 0.3000000119
29688  -26.913  -59.073  -5.224 0.4000000060
30754  -25.393  -58.769  -7.600 0.4000000060
33624  -18.560  -55.344  -0.699 0.3000000119
35622  -20.729  -52.746  -4.052 0.3000000119
35635  -21.708  -53.121  -4.946 0.3000000119
26612  -33.037  -62.716  -1.658 0.4000000060
34601  -22.020  -54.002  -5.280 0.3000000119
106014  -32.386  -62.374  -1.206 0.3000000119
33668  -22.398  -54.734  -5.539 0.3000000119
28622  -29.476  -60.447  -1.478 0.4000000060
109693  -31.106  -61.260  -1.108 0.4000000060
33683  -24.174  -55.259  -6.735 0.3000000119
33693  -24.808  -55.693  -6.918 0.3000000119
29667  -28.132  -59.330  -3.024 0.4000000060
31731  -25.007  -57.290  -7.225 0.3000000119
31715  -26.508  -57.911  -6.105 0.3000000119
30690  -27.342  -58.860  -4.524 0.3000000119
109770  -22.571  -53.337  -5.546 0.3000000119
123033  -23.377  -52.272  -5.538 0.3000000119
35636  -23.390  -53.017  -5.805 0.3000000119
27642  -32.516  -61.605  -0.812 0.3000000119
28623  -30.389  -60.548  -1.389 0.4000000060
106432  -31.892  -60.963  -0.889 0.4000000060
33684  -24.675  -54.873  -6.491 0.3000000119
29657  -29.214  -59.740  -1.964 0.4000000060
32742  -25.343  -56.281  -6.814 0.3000000119
31714  -25.914  -56.982  -6.602 0.3000000119
29678  -27.734  -59.112  -3.793 0.3000000119
30689  -26.957  -58.475  -5.279 0.3000000119
34604  -25.016  -54.366  -5.451 0.3000000119
33694  -25.159  -55.566  -6.630 0.3000000119
113479  -29.956  -59.703  -1.798 0.3000000119
124261  -31.379  -59.580  -1.118 0.3000000119
32728  -25.674  -56.080  -6.351 0.3000000119
29668  -28.918  -59.208  -2.606 0.3000000119
31693  -26.798  -57.615  -5.160 0.3000000119
34590  -25.394  -54.426  -4.144 0.3000000119
34591  -26.027  -54.808  -3.089 0.3000000119
32714  -25.935  -55.947  -5.468 0.3000000119
120449  -29.554  -59.255  -2.192 0.3000000119
33659  -25.966  -55.425  -3.859 0.3000000119
33643  -26.419  -55.661  -2.997 0.3000000119
30732  -25.903  -58.887  -7.143 0.4000000060
30731  -24.805  -57.917  -7.421 0.3000000119
106501  -25.463  -58.010  -7.215 0.3000000119
122508  -24.347  -78.838  -13.578 0.6000000238
9608  -25.269  -79.643  -12.232 0.5000000000
9597  -24.454  -79.811  -11.243 0.5000000000
9578  -23.486  -79.925  -10.566 0.5000000000
8707  -25.392  -79.994  -11.334 0.5000000000
7920  -28.027  -81.109  -13.356 0.5000000000
10608  -24.539  -78.112  -16.223 0.6999999881
110511  -21.463  -78.097  -16.033 0.6999999881
10582  -22.648  -78.515  -14.471 0.6999999881
8720  -27.513  -80.761  -12.881 0.4000000060
10595  -21.657  -78.487  -14.874 0.6999999881
8767  -27.226  -80.332  -15.347 0.5000000000
9635  -32.383  -79.505  -13.618 0.3000000119
9666  -27.436  -80.175  -16.174 0.5000000000
112648  -24.582  -75.499  -17.729 0.6000000238
125875  -23.379  -76.313  -17.458 0.6000000238
14762  -25.402  -74.326  -17.714 0.5000000000
106924  -23.393  -75.000  -14.574 0.6000000238
11571  -21.713  -76.890  -17.245 0.6999999881
9657  -36.064  -80.523  -14.395 0.3000000119
13640  -20.526  -75.798  -15.277 0.6000000238
13657  -20.957  -75.926  -16.636 0.6000000238
11558  -19.952  -77.286  -16.677 0.6999999881
9651  -26.495  -79.831  -14.903 0.6000000238
118786  -19.280  -77.211  -16.122 0.6000000238
10580  -20.356  -78.500  -14.356 0.6999999881
12601  -18.712  -76.453  -14.271 0.5000000000
10593  -19.536  -78.242  -15.054 0.5000000000
9634  -31.296  -79.128  -13.594 0.3000000119
12554  -20.082  -75.855  -11.087 0.6000000238
10579  -18.534  -78.129  -14.598 0.5000000000
11575  -30.754  -78.404  -16.831 0.3000000119
10616  -25.391  -78.220  -16.640 0.5000000000
111452  -17.330  -77.581  -13.967 0.5000000000
123329  -27.579  -73.605  -17.568 0.4000000060
119991  -35.901  -79.737  -13.236 0.3000000119
13597  -27.903  -75.819  -11.159 0.6000000238
11463  -24.510  -77.139  -8.464 0.6999999881
107393  -26.524  -76.996  -8.868 0.6000000238
108112  -27.314  -75.653  -7.389 0.6000000238
105541  -28.856  -74.090  -11.220 0.6000000238
16702  -31.047  -72.085  -13.557 0.5000000000
107512  -30.055  -72.597  -17.368 0.4000000060
16633  -29.995  -72.635  -10.879 0.6000000238
16656  -31.139  -72.470  -11.530 0.5000000000
15627  -29.401  -73.896  -9.023 0.6000000238
11422  -23.002  -77.084  -5.411 0.6000000238
12442  -25.257  -76.575  -5.457 0.6999999881
16573  -24.098  -72.571  -6.614 0.6000000238
17688  -30.705  -70.771  -14.976 0.4000000060
16682  -33.316  -72.267  -12.724 0.4000000060
18651  -36.191  -70.114  -10.392 0.4000000060
16596  -32.180  -72.044  -7.281 0.4000000060
12440  -21.214  -76.485  -5.095 0.6000000238
17603  -25.821  -71.507  -7.305 0.6000000238
17573  -26.018  -71.503  -4.896 0.6000000238
17716  -32.696  -70.655  -16.880 0.5000000000
15578  -23.335  -73.233  -3.960 0.5000000000
18565  -28.500  -70.363  -3.467 0.6000000238
15577  -22.424  -73.419  -3.998 0.4000000060
13512  -26.133  -75.147  -4.509 0.5000000000
17662  -35.484  -71.434  -12.494 0.5000000000
15564  -27.773  -73.783  -3.152 0.6000000238
13511  -25.260  -75.448  -4.286 0.5000000000
126025  -21.875  -67.134  -13.251 0.6000000238
24807  -21.182  -64.300  -10.188 0.5000000000
22801  -23.067  -66.538  -5.601 0.5000000000
22827  -23.011  -66.437  -8.955 0.6000000238
22819  -22.778  -66.636  -7.518 0.6000000238
23795  -23.342  -65.693  -4.269 0.6000000238
23871  -23.653  -65.060  -11.210 0.6000000238
24795  -20.155  -64.282  -8.954 0.5000000000
125565  -24.804  -64.822  -2.060 0.5000000000
27699  -25.147  -61.127  -7.218 0.6000000238
30674  -17.257  -58.317  -3.424 0.3000000119
28687  -23.646  -59.926  -8.531 0.3000000119
118570  -27.165  -61.596  -1.379 0.4000000060
27637  -26.546  -61.342  -1.415 0.4000000060
29731  -25.304  -59.506  -8.138 0.4000000060
30752  -23.359  -58.682  -7.545 0.3000000119
29687  -26.317  -59.478  -5.505 0.5000000000
27640  -29.445  -61.802  -1.304 0.4000000060
33610  -17.734  -54.965  -0.651 0.3000000119
32726  -22.721  -56.091  -6.135 0.3000000119
29656  -28.392  -59.739  -2.120 0.4000000060
30711  -26.683  -58.725  -5.909 0.3000000119
33682  -23.201  -55.105  -6.185 0.3000000119
33625  -19.274  -54.783  -0.802 0.3000000119
34621  -24.695  -54.400  -6.119 0.3000000119
33658  -25.542  -55.242  -4.885 0.3000000119
9588  -14.303  -79.261  -11.675 0.5000000000
10532  -14.336  -78.610  -12.331 0.5000000000
10555  -15.142  -77.854  -12.956 0.5000000000
119100  -16.106  -78.343  -13.599 0.4000000060
8701  -14.720  -80.075  -11.095 0.5000000000
9589  -14.853  -79.121  -10.885 0.5000000000
10533  -14.646  -78.430  -11.514 0.5000000000
114374  -14.761  -77.941  -12.269 0.5000000000
11533  -15.791  -77.270  -12.940 0.5000000000
11541  -16.435  -77.601  -13.451 0.4000000060
8683  -15.411  -79.872  -10.388 0.4000000060
10534  -15.148  -77.620  -11.392 0.5000000000
12584  -16.625  -76.890  -13.065 0.4000000060
9574  -15.559  -78.894  -10.254 0.5000000000
10518  -15.687  -77.876  -10.359 0.5000000000
10517  -15.072  -78.338  -10.801 0.5000000000
10507  -16.337  -78.469  -9.669 0.5000000000
113151  -15.833  -77.076  -10.884 0.5000000000
11478  -16.196  -77.349  -10.183 0.5000000000
11518  -16.386  -76.640  -11.450 0.5000000000
12569  -16.942  -76.436  -12.103 0.4000000060
9564  -16.194  -79.732  -9.691 0.5000000000
11496  -16.611  -76.827  -10.456 0.5000000000
12552  -17.226  -76.358  -10.979 0.5000000000
12570  -17.909  -76.145  -11.632 0.5000000000
8646  -19.204  -79.963  -6.666 0.5000000000
9565  -16.927  -79.257  -9.158 0.5000000000
116899  -17.442  -78.970  -8.750 0.5000000000
10508  -17.140  -78.360  -9.102 0.5000000000
10495  -17.769  -78.345  -8.563 0.5000000000
113700  -16.858  -77.467  -9.604 0.5000000000
11479  -17.761  -77.061  -9.126 0.5000000000
12527  -17.450  -76.615  -9.938 0.5000000000
10496  -18.386  -78.469  -7.887 0.5000000000
124360  -18.807  -78.267  -7.408 0.5000000000
11432  -19.470  -77.364  -6.391 0.5000000000
11462  -18.186  -77.525  -8.390 0.5000000000
11447  -19.209  -77.266  -7.173 0.5000000000
12478  -19.642  -76.977  -6.723 0.5000000000
12502  -18.386  -76.825  -8.691 0.5000000000
12503  -18.858  -76.959  -7.984 0.5000000000
120330  -19.457  -76.533  -8.077 0.5000000000
106111  -18.980  -76.117  -9.765 0.5000000000
108421  -19.058  -76.372  -8.793 0.5000000000
12553  -18.253  -76.164  -10.431 0.5000000000
12571  -19.007  -75.937  -11.158 0.5000000000
111178  -19.607  -75.815  -12.021 0.5000000000
12425  -19.635  -76.505  -4.393 0.5000000000
106453  -21.334  -76.516  -5.972 0.6000000238
12479  -20.114  -76.626  -7.007 0.5000000000
108688  -20.137  -76.440  -7.772 0.5000000000
124776  -21.400  -76.466  -7.041 0.5000000000
12504  -20.042  -76.276  -8.581 0.5000000000
12505  -21.114  -76.387  -8.305 0.5000000000
110926  -20.666  -76.053  -10.244 0.5000000000
12529  -19.853  -76.094  -9.467 0.5000000000
122413  -19.598  -75.980  -10.336 0.5000000000
13494  -19.494  -75.373  -3.394 0.5000000000
12426  -20.532  -76.242  -4.303 0.5000000000
12459  -21.916  -76.576  -6.608 0.6000000238
121514  -21.281  -72.840  -10.252 0.5000000000
16619  -22.629  -73.080  -9.628 0.6000000238
121122  -21.432  -72.730  -10.974 0.5000000000
106007  -23.221  -72.790  -10.387 0.5000000000
105011  -24.355  -72.419  -8.915 0.6000000238
16621  -24.387  -72.044  -9.690 0.6000000238
111194  -22.836  -72.755  -11.072 0.5000000000
16632  -24.355  -71.721  -10.550 0.6000000238
17631  -24.623  -71.123  -10.851 0.5000000000
17620  -25.241  -71.060  -9.211 0.6000000238
18638  -25.038  -70.653  -9.545 0.6000000238
18661  -24.382  -70.667  -11.243 0.5000000000
18649  -24.710  -70.706  -10.392 0.6000000238
19651  -25.080  -70.165  -9.067 0.6000000238
19672  -23.854  -69.955  -11.831 0.5000000000
19661  -24.284  -70.213  -10.947 0.5000000000
19680  -23.715  -68.756  -13.179 0.5000000000
21843  -23.846  -67.452  -13.458 0.6000000238
21825  -21.203  -67.370  -12.880 0.6000000238
20742  -21.843  -67.690  -13.589 0.5000000000
123037  -23.382  -68.549  -11.616 0.6000000238
19660  -23.593  -69.371  -11.666 0.5000000000
21827  -23.567  -66.911  -13.389 0.5000000000
22857  -21.111  -66.381  -11.790 0.6000000238
22871  -21.834  -66.674  -12.790 0.6000000238
23880  -21.497  -65.636  -11.551 0.6000000238
10585  -30.401  -78.606  -13.976 0.3000000119
12604  -31.335  -76.408  -13.974 0.3000000119
11551  -29.907  -77.607  -15.118 0.3000000119
13645  -32.593  -75.769  -14.433 0.3000000119
12620  -30.611  -76.997  -15.372 0.3000000119
10600  -29.804  -78.193  -14.631 0.3000000119
12481  -21.890  -76.533  -7.556 0.5000000000
122666  -22.430  -73.244  -8.301 0.5000000000
12568  -16.251  -76.771  -12.382 0.5000000000
8645  -18.603  -80.044  -7.367 0.5000000000
9552  -17.901  -79.166  -8.277 0.5000000000
9520  -19.532  -79.132  -6.270 0.5000000000
10479  -19.165  -78.042  -6.842 0.5000000000
11446  -18.763  -77.691  -7.635 0.5000000000
12480  -20.905  -76.435  -7.375 0.5000000000
11543  -30.440  -77.694  -13.931 0.3000000119
12621  -31.582  -76.797  -15.781 0.3000000119
13644  -31.835  -76.114  -14.460 0.3000000119
12603  -30.582  -77.038  -14.389 0.3000000119
12611  -31.245  -76.442  -14.846 0.3000000119
13661  -32.153  -76.221  -15.198 0.3000000119
28624  -31.280  -60.266  -1.211 0.3000000119
7829  -23.844  -81.684  -8.419 0.5000000000
8665  -15.879  -80.533  -10.004 0.4000000060
8718  -26.095  -80.137  -11.836 0.5000000000
8748  -28.416  -81.000  -14.836 0.5000000000
8756  -36.241  -80.910  -14.680 0.3000000119
9534  -18.377  -79.381  -7.766 0.5000000000
9535  -18.969  -79.073  -7.217 0.5000000000
9551  -17.429  -79.719  -8.619 0.5000000000
9613  -36.536  -79.479  -12.858 0.3000000119
9632  -26.373  -79.844  -13.817 0.6000000238
9668  -28.920  -79.814  -15.861 0.4000000060
10584  -25.047  -78.908  -13.881 0.6000000238
10591  -18.410  -77.487  -15.141 0.5000000000
10594  -20.594  -78.309  -15.351 0.6999999881
10610  -26.097  -79.000  -16.337 0.5000000000
10617  -26.205  -78.482  -16.991 0.4000000060
10620  -31.235  -78.817  -17.698 0.3000000119
10622  -28.355  -79.060  -17.536 0.3000000119
10623  -29.171  -79.288  -17.470 0.3000000119
11414  -23.765  -76.776  -4.599 0.6000000238
11415  -24.496  -76.761  -4.999 0.6999999881
11423  -23.858  -77.127  -5.353 0.6000000238
11434  -24.197  -77.323  -6.190 0.6999999881
11436  -25.704  -77.086  -6.731 0.6999999881
11450  -25.189  -77.398  -7.278 0.6999999881
11461  -17.552  -77.719  -8.962 0.5000000000
11465  -25.987  -77.259  -8.536 0.6000000238
11480  -25.282  -77.151  -9.108 0.6000000238
11516  -15.245  -77.437  -12.363 0.5000000000
11517  -15.689  -76.995  -11.935 0.5000000000
11540  -15.626  -77.999  -13.378 0.4000000060
11557  -19.077  -76.918  -15.960 0.6000000238
11559  -20.913  -77.284  -16.933 0.6999999881
11561  -22.933  -77.618  -16.615 0.6999999881
11574  -25.394  -77.673  -17.086 0.4000000060
11591  -31.704  -78.229  -18.198 0.3000000119
12417  -21.813  -76.065  -3.600 0.6000000238
12418  -22.412  -76.431  -3.876 0.6000000238
12420  -24.105  -75.721  -3.911 0.6000000238
12430  -24.923  -76.124  -4.719 0.6000000238
12441  -22.139  -76.729  -5.654 0.6999999881
12460  -25.696  -76.674  -6.081 0.6999999881
12461  -26.208  -76.370  -6.448 0.6999999881
12508  -23.839  -76.846  -8.674 0.6999999881
12509  -26.644  -76.783  -8.087 0.6000000238
12510  -27.110  -76.511  -8.837 0.6000000238
12528  -18.298  -76.483  -9.416 0.5000000000
12531  -21.568  -76.254  -9.820 0.6999999881
12532  -22.593  -76.453  -9.287 0.6000000238
12560  -26.798  -76.627  -10.529 0.6000000238
12575  -23.243  -76.015  -11.388 0.6999999881
12585  -17.532  -76.480  -12.828 0.4000000060
12588  -21.112  -75.684  -12.464 0.6999999881
12593  -26.175  -76.068  -12.295 0.6000000238
12594  -27.002  -76.133  -12.033 0.6000000238
12619  -20.433  -76.497  -16.777 0.6000000238
12631  -22.084  -76.272  -17.239 0.6000000238
12643  -23.501  -75.844  -17.498 0.6000000238
12645  -25.038  -76.177  -17.679 0.6000000238
12647  -27.512  -77.384  -17.700 0.4000000060
13497  -22.524  -75.736  -3.457 0.6000000238
13498  -23.401  -75.695  -3.636 0.5000000000
13500  -25.559  -74.679  -3.701 0.6000000238
13527  -26.235  -75.601  -5.299 0.6000000238
13528  -26.817  -75.199  -5.249 0.6000000238
13543  -26.639  -75.684  -6.036 0.6000000238
13558  -27.777  -75.402  -7.994 0.6000000238
13612  -28.033  -75.349  -11.836 0.6000000238
13621  -20.104  -75.900  -14.526 0.6000000238
13624  -22.911  -75.332  -13.732 0.6999999881
13625  -24.376  -75.174  -13.854 0.6000000238
13656  -20.292  -76.157  -16.252 0.6000000238
13658  -21.702  -75.346  -16.012 0.6000000238
13683  -25.235  -75.198  -17.874 0.6000000238
13684  -26.590  -75.782  -17.925 0.4000000060
14591  -20.404  -74.537  -3.305 0.6000000238
14596  -25.490  -73.843  -3.314 0.6000000238
14598  -27.032  -74.197  -3.533 0.6000000238
14631  -28.987  -73.958  -5.961 0.5000000000
14642  -27.789  -74.872  -6.219 0.6000000238
14644  -29.161  -73.897  -6.874 0.6000000238
14674  -29.527  -73.594  -9.853 0.6000000238
14682  -28.886  -74.381  -10.548 0.6000000238
14742  -23.350  -75.237  -17.239 0.6000000238
14761  -24.698  -74.754  -17.629 0.5000000000
14766  -29.198  -74.552  -17.855 0.4000000060
15536  -26.897  -72.982  -2.758 0.6000000238
15538  -28.800  -73.121  -2.739 0.6000000238
15539  -29.371  -72.610  -2.655 0.6000000238
15558  -21.886  -74.049  -3.549 0.4000000060
15561  -25.580  -73.096  -3.181 0.6000000238
15563  -26.926  -73.597  -3.012 0.6000000238
15566  -30.088  -73.078  -3.763 0.6000000238
15579  -28.550  -73.925  -3.850 0.6000000238
15594  -28.850  -74.061  -4.949 0.6000000238
15665  -28.736  -73.136  -12.791 0.6000000238
15711  -25.360  -73.715  -16.923 0.5000000000
15723  -26.393  -73.398  -16.999 0.5000000000
16523  -28.535  -72.573  -2.576 0.6000000238
16524  -30.192  -72.210  -2.740 0.6000000238
16531  -25.053  -72.640  -3.570 0.6999999881
16535  -31.160  -71.905  -3.701 0.6000000238
16540  -22.921  -72.919  -4.663 0.5000000000
16544  -31.354  -72.070  -4.671 0.5000000000
16555  -23.468  -72.638  -5.524 0.5000000000
16558  -30.788  -72.714  -6.002 0.5000000000
16560  -32.194  -71.658  -5.905 0.5000000000
16570  -21.455  -73.166  -6.709 0.5000000000
16574  -25.105  -72.109  -7.038 0.6000000238
16577  -32.508  -71.623  -6.554 0.5000000000
16593  -25.348  -71.934  -7.820 0.6000000238
16594  -30.823  -72.672  -7.338 0.5000000000
16606  -25.344  -71.654  -8.374 0.6999999881
16618  -21.641  -73.035  -9.632 0.5000000000
16620  -23.677  -72.761  -9.505 0.6000000238
16622  -31.221  -72.490  -9.487 0.6000000238
16652  -24.040  -71.523  -11.659 0.5000000000
16653  -24.300  -71.503  -11.189 0.5000000000
16655  -30.382  -72.498  -11.571 0.5000000000
16679  -30.048  -72.460  -12.298 0.6000000238
16681  -32.486  -72.328  -12.891 0.5000000000
16732  -27.666  -72.223  -16.117 0.4000000060
16739  -28.269  -71.929  -16.484 0.4000000060
16744  -27.795  -72.523  -16.880 0.4000000060
16750  -33.510  -72.040  -17.668 0.4000000060
17553  -30.378  -71.431  -2.585 0.6000000238
17564  -28.412  -71.154  -2.939 0.6000000238
17565  -30.855  -71.722  -2.954 0.6000000238
17583  -24.865  -72.092  -6.242 0.6000000238
17584  -26.115  -71.274  -5.951 0.6000000238
17593  -26.254  -71.073  -6.752 0.6000000238
17611  -25.518  -71.158  -8.634 0.6999999881
17619  -24.863  -71.262  -9.919 0.6000000238
17621  -33.662  -71.668  -9.020 0.6000000238
17623  -35.110  -71.006  -9.837 0.4000000060
17645  -24.345  -71.065  -11.520 0.5000000000
17646  -34.630  -71.749  -11.165 0.4000000060
17647  -35.369  -71.419  -11.482 0.5000000000
17661  -34.751  -71.823  -12.018 0.4000000060
17671  -34.706  -71.827  -12.959 0.4000000060
17687  -29.893  -70.901  -14.747 0.4000000060
17703  -31.392  -70.609  -15.652 0.5000000000
17712  -29.475  -71.278  -16.459 0.5000000000
17713  -30.099  -70.719  -16.080 0.5000000000
17718  -35.984  -70.831  -17.290 0.4000000060
17728  -33.257  -71.106  -17.343 0.4000000060
18556  -29.508  -70.393  -2.662 0.6000000238
18558  -30.903  -70.242  -2.556 0.6000000238
18564  -28.104  -70.251  -4.135 0.5000000000
18566  -31.449  -70.288  -2.971 0.6000000238
18576  -31.679  -70.589  -3.591 0.5000000000
18589  -26.736  -70.142  -6.034 0.6000000238
18614  -26.093  -70.654  -7.425 0.6999999881
18616  -34.348  -70.002  -7.832 0.5000000000
18628  -35.121  -69.829  -8.902 0.5000000000
18639  -25.353  -70.610  -8.808 0.6999999881
18640  -34.903  -70.636  -9.096 0.4000000060
18671  -23.974  -70.474  -12.005 0.5000000000
18682  -23.680  -70.104  -12.643 0.5000000000
18703  -35.673  -70.556  -16.576 0.4000000060
18713  -36.244  -70.579  -16.990 0.4000000060
19584  -30.474  -69.525  -2.552 0.6000000238
19591  -28.758  -69.522  -3.276 0.5000000000
19593  -31.921  -69.448  -3.932 0.6000000238
19611  -25.385  -69.135  -6.190 0.6999999881
19612  -26.162  -69.210  -5.972 0.6000000238
19619  -24.650  -69.329  -7.287 0.6999999881
19631  -25.742  -70.073  -7.622 0.6999999881
19641  -24.006  -69.481  -8.860 0.6999999881
19642  -24.923  -69.759  -8.545 0.6000000238
19650  -24.637  -70.172  -9.964 0.6000000238
20626  -29.962  -68.801  -2.582 0.6000000238
20643  -25.862  -68.213  -3.668 0.6000000238
20657  -23.153  -67.681  -5.230 0.6000000238
20659  -24.627  -68.347  -4.650 0.4000000060
20661  -26.665  -68.667  -4.353 0.6999999881
20662  -27.496  -68.926  -4.154 0.6999999881
20681  -22.828  -68.489  -6.854 0.6000000238
20707  -22.786  -68.121  -10.226 0.6999999881
20717  -23.566  -67.551  -11.737 0.6999999881
20720  -36.354  -68.436  -10.464 0.4000000060
20743  -23.851  -67.982  -13.083 0.5000000000
20754  -23.188  -68.197  -14.094 0.6000000238
20755  -23.696  -68.060  -13.628 0.6000000238
21719  -24.463  -67.421  -3.291 0.5000000000
21736  -23.305  -67.155  -4.527 0.6000000238
21752  -22.846  -67.347  -5.859 0.6000000238
21766  -22.469  -67.448  -7.453 0.6000000238
21774  -22.638  -67.249  -9.113 0.6000000238
21826  -22.699  -67.038  -13.531 0.6000000238
21828  -23.913  -67.178  -13.039 0.6999999881
21841  -22.767  -67.682  -13.994 0.5000000000
21842  -23.465  -67.450  -13.871 0.6000000238
22747  -25.074  -66.364  -2.536 0.5000000000
22781  -23.215  -66.442  -4.753 0.6000000238
22844  -23.383  -66.697  -10.694 0.6000000238
22860  -23.523  -66.102  -12.133 0.6000000238
22872  -23.045  -66.342  -13.038 0.6000000238
23818  -23.349  -65.159  -5.526 0.6000000238
23835  -23.487  -65.285  -6.872 0.6000000238
23853  -23.255  -65.988  -8.270 0.6000000238
23863  -23.772  -65.402  -10.353 0.6000000238
23881  -22.011  -64.896  -11.396 0.5000000000
24713  -23.649  -64.837  -3.002 0.5000000000
24726  -23.448  -64.143  -3.502 0.6999999881
24827  -23.500  -64.771  -11.179 0.5000000000
25582  -25.193  -63.248  -1.825 0.5000000000
25587  -30.522  -62.807  -1.698 0.4000000060
25589  -32.158  -63.024  -1.814 0.4000000060
25599  -25.640  -63.957  -1.909 0.5000000000
25735  -22.854  -63.053  -10.420 0.4000000060
25736  -24.124  -63.226  -10.068 0.6000000238
26604  -25.090  -62.414  -1.808 0.5000000000
26608  -29.149  -62.440  -1.597 0.4000000060
26611  -31.702  -62.529  -1.382 0.4000000060
26622  -23.935  -63.040  -2.738 0.6000000238
26655  -23.615  -62.628  -4.463 0.6000000238
26699  -24.808  -62.236  -8.451 0.6000000238
26717  -24.770  -61.787  -10.060 0.6000000238
27638  -27.161  -60.977  -1.322 0.4000000060
27672  -24.182  -61.621  -3.647 0.5000000000
27694  -24.624  -61.227  -5.869 0.6000000238
27720  -23.697  -61.106  -9.838 0.4000000060
27733  -24.426  -61.436  -10.135 0.5000000000
28618  -25.862  -61.060  -1.616 0.5000000000
28621  -28.600  -60.422  -1.473 0.4000000060
28644  -26.161  -59.872  -3.178 0.4000000060
29658  -30.052  -59.067  -1.976 0.3000000119
29677  -26.610  -59.555  -4.395 0.5000000000
29702  -26.509  -59.088  -6.143 0.4000000060
29717  -25.929  -59.467  -7.249 0.4000000060
29732  -25.823  -59.821  -7.869 0.4000000060
30644  -16.110  -57.754  -0.585 0.3000000119
30708  -19.043  -59.237  -4.847 0.3000000119
30709  -20.367  -58.831  -5.538 0.3000000119
30733  -26.351  -58.713  -6.536 0.4000000060
31628  -15.567  -56.817  -0.984 0.3000000119
31689  -18.713  -58.143  -3.980 0.3000000119
32651  -17.025  -55.293  -0.801 0.3000000119
32660  -16.131  -55.940  -1.236 0.3000000119
32696  -17.517  -56.377  -3.012 0.3000000119
32727  -23.547  -55.801  -6.627 0.3000000119
32741  -24.879  -56.534  -7.116 0.3000000119
33609  -16.388  -55.533  -1.039 0.3000000119
33623  -16.834  -54.839  -1.071 0.3000000119
33640  -17.006  -54.791  -1.575 0.3000000119
33656  -19.885  -54.558  -3.623 0.4000000060
33666  -20.654  -55.343  -4.250 0.4000000060
33669  -26.079  -55.931  -4.538 0.3000000119
33685  -25.222  -55.186  -6.010 0.3000000119
34542  -17.394  -54.492  -0.921 0.3000000119
34543  -18.128  -54.404  -0.727 0.3000000119
34575  -18.517  -53.373  -1.959 0.4000000060
34587  -19.082  -53.716  -2.835 0.4000000060
34602  -23.130  -53.975  -5.950 0.3000000119
34619  -24.051  -54.388  -6.388 0.3000000119
34620  -24.358  -54.061  -6.122 0.3000000119
104180  -28.301  -72.542  -14.388 0.5000000000
104336  -30.789  -72.511  -10.837 0.5000000000
104514  -19.482  -76.779  -7.425 0.5000000000
104540  -22.991  -73.163  -8.852 0.6000000238
104629  -22.071  -73.229  -8.921 0.5000000000
104681  -21.253  -64.721  -10.671 0.5000000000
104708  -33.558  -70.502  -17.005 0.5000000000
104973  -28.144  -71.833  -15.604 0.5000000000
105067  -36.857  -80.941  -14.656 0.3000000119
105095  -23.256  -73.051  -8.027 0.6000000238
105176  -20.003  -75.840  -3.683 0.5000000000
105214  -25.961  -76.589  -10.874 0.6000000238
105473  -22.155  -72.927  -10.458 0.5000000000
106202  -23.580  -77.185  -6.724 0.6999999881
106286  -24.408  -77.388  -7.024 0.6999999881
106682  -28.933  -71.536  -14.618 0.5000000000
106721  -25.443  -57.154  -6.977 0.3000000119
107230  -22.333  -67.864  -8.315 0.6000000238
108331  -23.349  -69.175  -10.859 0.6999999881
108371  -28.972  -80.939  -15.081 0.4000000060
108414  -34.082  -71.542  -17.591 0.4000000060
108711  -29.626  -73.576  -17.632 0.4000000060
108833  -23.997  -75.060  -3.567 0.6000000238
109471  -29.085  -71.251  -2.632 0.6000000238
110126  -22.580  -68.572  -8.337 0.6999999881
110171  -23.974  -76.491  -9.959 0.6000000238
110199  -23.368  -63.988  -4.886 0.6999999881
111217  -22.567  -52.571  -5.359 0.3000000119
111248  -32.900  -71.548  -7.049 0.4000000060
111833  -23.633  -64.149  -6.380 0.6000000238
112061  -29.867  -70.991  -2.486 0.6000000238
112518  -23.915  -72.337  -10.283 0.6000000238
112836  -20.660  -76.497  -5.837 0.6000000238
113027  -21.091  -63.787  -9.608 0.5000000000
113146  -24.053  -69.772  -10.710 0.5000000000
113358  -25.817  -66.587  -2.623 0.5000000000
116010  -23.439  -68.687  -6.290 0.6000000238
116249  -28.950  -61.170  -1.257 0.4000000060
116543  -24.617  -75.974  -11.913 0.6000000238
116597  -28.539  -73.536  -3.059 0.6000000238
116743  -23.019  -76.272  -3.760 0.5000000000
117367  -31.753  -61.878  -0.969 0.3000000119
117611  -21.570  -76.356  -4.122 0.6000000238
118261  -27.460  -73.237  -2.737 0.6000000238
119166  -24.744  -61.856  -2.150 0.5000000000
119711  -23.405  -81.248  -8.812 0.5000000000
119805  -22.062  -76.367  -9.565 0.6000000238
119867  -19.803  -74.902  -3.200 0.6000000238
119996  -26.496  -72.096  -3.227 0.6000000238
120104  -31.564  -70.925  -15.010 0.4000000060
120263  -20.942  -67.982  -13.107 0.6000000238
120648  -16.710  -55.904  -2.302 0.3000000119
120785  -30.325  -72.975  -6.683 0.5000000000
120955  -22.500  -65.467  -11.871 0.6000000238
121033  -36.426  -69.213  -10.326 0.4000000060
121312  -25.997  -61.771  -1.495 0.5000000000
121417  -29.992  -71.700  -16.989 0.4000000060
121951  -21.096  -78.563  -14.309 0.6999999881
122382  -23.543  -62.990  -3.864 0.6000000238
122610  -28.963  -72.019  -2.498 0.6000000238
122773  -26.895  -76.217  -7.531 0.6000000238
124050  -16.242  -77.764  -9.910 0.5000000000
124244  -31.209  -72.466  -10.229 0.6000000238
124480  -27.620  -75.345  -18.012 0.4000000060
124980  -23.928  -68.782  -5.897 0.6000000238
125016  -22.249  -75.204  -16.554 0.6000000238
125202  -14.631  -78.282  -12.870 0.5000000000
125499  -18.966  -76.026  -10.398 0.5000000000
125528  -22.177  -72.789  -11.243 0.5000000000
125886  -30.152  -77.602  -14.503 0.3000000119
125924  -23.738  -72.849  -8.715 0.6000000238
126233  -24.053  -68.352  -5.030 0.5000000000
