#!ascii label  , from subject sub-fsm42wk vox2ras=TkReg
294
19482  51.291  -69.319  11.262 0.0000000000
13210  36.113  -75.647  5.443 0.0000000000
15194  47.464  -73.534  8.474 0.0000000000
18492  46.703  -70.879  6.160 0.0000000000
11182  40.698  -77.971  6.287 0.0000000000
12209  45.400  -76.031  4.521 0.0000000000
9302  42.456  -79.483  6.718 0.0000000000
16297  41.044  -72.751  5.199 0.0000000000
19571  43.573  -69.766  7.781 0.0000000000
18434  49.277  -70.930  9.204 0.0000000000
118631  48.349  -71.789  5.572 0.0000000000
15256  43.407  -73.902  4.057 0.0000000000
111984  38.420  -76.533  6.237 0.0000000000
10300  37.628  -78.973  3.893 0.0000000000
105067  49.435  -70.329  15.923 0.0000000000
19449  48.151  -69.351  12.819 0.0000000000
18421  47.080  -71.254  10.715 0.0000000000
122151  48.189  -68.207  8.763 0.0000000000
10230  44.011  -78.284  6.734 0.0000000000
15233  39.479  -73.354  5.223 0.0000000000
17441  40.481  -71.860  6.188 0.0000000000
16223  48.209  -72.401  8.815 0.0000000000
15216  48.067  -72.845  6.845 0.0000000000
12198  43.024  -76.884  5.288 0.0000000000
118310  45.038  -75.022  3.641 0.0000000000
13206  42.691  -76.000  5.133 0.0000000000
112245  40.931  -74.881  5.347 0.0000000000
12185  39.254  -76.840  6.402 0.0000000000
11233  37.138  -78.214  3.644 0.0000000000
20495  47.246  -69.035  12.711 0.0000000000
19485  47.725  -69.675  11.381 0.0000000000
111167  46.293  -69.495  11.906 0.0000000000
18469  48.162  -70.093  6.503 0.0000000000
125773  47.728  -69.183  7.832 0.0000000000
20558  43.674  -69.010  9.031 0.0000000000
20557  45.007  -68.397  9.780 0.0000000000
14189  45.950  -74.277  7.429 0.0000000000
14202  46.611  -74.253  5.889 0.0000000000
12182  45.184  -76.495  5.654 0.0000000000
11199  43.860  -77.711  5.486 0.0000000000
107650  41.047  -79.179  6.396 0.0000000000
17438  44.082  -71.509  5.820 0.0000000000
18472  44.944  -70.366  7.100 0.0000000000
18495  43.495  -70.900  6.599 0.0000000000
18450  42.036  -70.113  7.656 0.0000000000
12225  35.279  -76.263  3.638 0.0000000000
19503  50.385  -69.852  10.068 0.0000000000
124689  49.569  -70.477  6.355 0.0000000000
17435  47.461  -71.470  5.436 0.0000000000
15231  46.932  -73.648  4.495 0.0000000000
16293  46.468  -72.804  4.214 0.0000000000
17457  44.740  -72.158  4.888 0.0000000000
16317  42.509  -73.115  4.524 0.0000000000
14211  39.864  -73.976  5.225 0.0000000000
113325  36.938  -76.088  5.771 0.0000000000
11184  38.302  -78.354  6.329 0.0000000000
11202  37.271  -78.115  5.381 0.0000000000
11203  36.693  -77.492  4.930 0.0000000000
118725  35.826  -76.819  3.775 0.0000000000
18354  50.396  -70.222  14.912 0.0000000000
19436  50.318  -70.122  13.539 0.0000000000
18363  49.286  -70.511  14.685 0.0000000000
107448  49.755  -69.715  11.886 0.0000000000
19484  48.901  -69.745  11.344 0.0000000000
17368  48.297  -71.516  9.770 0.0000000000
106611  47.473  -73.222  10.203 0.0000000000
15153  46.416  -73.766  11.405 0.0000000000
14156  46.762  -74.268  9.519 0.0000000000
20578  46.407  -68.906  8.852 0.0000000000
19462  51.343  -69.340  12.209 0.0000000000
19461  52.001  -68.822  12.245 0.0000000000
19481  51.933  -68.778  11.404 0.0000000000
14213  38.131  -74.120  5.524 0.0000000000
15234  38.708  -73.348  5.368 0.0000000000
16237  47.779  -73.093  8.727 0.0000000000
16236  48.511  -72.352  7.912 0.0000000000
15205  47.575  -73.331  7.334 0.0000000000
11201  42.402  -77.598  5.693 0.0000000000
11181  41.388  -77.234  5.979 0.0000000000
12200  40.985  -75.991  5.855 0.0000000000
12184  40.342  -76.915  6.263 0.0000000000
10315  39.067  -78.727  1.597 0.0000000000
20483  46.551  -68.717  13.381 0.0000000000
18470  47.056  -70.270  6.734 0.0000000000
19567  48.477  -69.429  7.148 0.0000000000
117221  44.133  -68.578  9.706 0.0000000000
14203  46.030  -74.644  6.272 0.0000000000
125143  45.216  -76.287  6.127 0.0000000000
9301  43.092  -79.037  6.597 0.0000000000
10243  44.026  -78.200  5.991 0.0000000000
10245  42.731  -78.924  6.299 0.0000000000
10268  42.634  -78.408  5.972 0.0000000000
118976  42.121  -79.118  6.335 0.0000000000
17459  42.664  -72.266  5.239 0.0000000000
17439  43.038  -71.582  5.918 0.0000000000
107803  42.049  -71.847  5.892 0.0000000000
17440  41.334  -71.518  6.448 0.0000000000
17417  40.657  -71.325  6.856 0.0000000000
18451  41.027  -70.260  7.914 0.0000000000
18418  49.895  -70.331  9.594 0.0000000000
19525  50.834  -69.815  9.268 0.0000000000
18433  50.265  -70.510  8.704 0.0000000000
18490  48.810  -70.719  6.040 0.0000000000
16292  47.774  -71.992  5.186 0.0000000000
13197  46.136  -75.031  5.325 0.0000000000
14201  47.129  -73.723  5.416 0.0000000000
13204  46.179  -75.031  4.448 0.0000000000
14225  44.246  -74.462  3.801 0.0000000000
15253  45.814  -73.873  3.542 0.0000000000
15254  44.957  -73.369  3.619 0.0000000000
118157  45.585  -72.584  4.247 0.0000000000
16316  44.071  -72.999  3.969 0.0000000000
16294  44.054  -72.559  4.412 0.0000000000
112778  43.346  -73.305  4.213 0.0000000000
13199  40.186  -75.261  5.713 0.0000000000
121100  40.224  -74.550  5.369 0.0000000000
13208  39.468  -74.832  5.589 0.0000000000
13209  38.507  -74.935  5.676 0.0000000000
13201  37.964  -75.866  6.026 0.0000000000
8437  38.825  -79.958  1.762 0.0000000000
10299  38.182  -79.457  3.036 0.0000000000
9341  38.269  -80.146  3.257 0.0000000000
9342  37.967  -79.690  3.988 0.0000000000
10288  37.583  -79.184  4.992 0.0000000000
10269  37.767  -78.781  5.872 0.0000000000
11242  37.354  -77.981  2.685 0.0000000000
11221  36.656  -77.733  4.224 0.0000000000
12213  36.165  -77.119  4.389 0.0000000000
11243  36.488  -77.438  3.411 0.0000000000
19419  49.898  -70.026  16.449 0.0000000000
19426  50.007  -70.283  15.532 0.0000000000
123898  50.190  -70.388  14.540 0.0000000000
18362  49.729  -70.463  14.987 0.0000000000
105171  48.394  -69.741  13.636 0.0000000000
19437  48.640  -70.252  14.484 0.0000000000
19448  48.984  -69.765  13.063 0.0000000000
18374  49.392  -70.301  13.816 0.0000000000
19464  48.941  -69.625  12.296 0.0000000000
18407  47.390  -70.326  10.940 0.0000000000
18420  47.922  -70.821  10.340 0.0000000000
117970  47.588  -71.712  10.348 0.0000000000
17369  47.566  -72.552  10.307 0.0000000000
17370  47.011  -72.452  10.901 0.0000000000
15154  45.665  -73.762  11.624 0.0000000000
15169  46.375  -74.174  10.983 0.0000000000
15168  46.914  -74.079  10.822 0.0000000000
19570  44.462  -69.855  7.756 0.0000000000
19547  45.913  -69.455  8.289 0.0000000000
19548  44.980  -69.442  8.356 0.0000000000
21606  45.888  -68.193  9.886 0.0000000000
16298  40.314  -72.952  5.195 0.0000000000
17460  41.159  -72.169  5.715 0.0000000000
17384  48.714  -71.657  8.967 0.0000000000
17383  49.511  -71.106  8.609 0.0000000000
17401  49.206  -71.551  8.130 0.0000000000
16268  48.340  -72.383  6.069 0.0000000000
12211  44.432  -76.389  4.567 0.0000000000
13215  45.139  -75.763  4.128 0.0000000000
12212  43.587  -76.111  4.697 0.0000000000
123181  43.558  -75.361  4.437 0.0000000000
13217  42.788  -75.114  4.716 0.0000000000
107175  42.636  -74.115  4.434 0.0000000000
13207  41.862  -75.434  5.266 0.0000000000
118704  39.894  -76.013  6.103 0.0000000000
10308  37.872  -78.732  2.948 0.0000000000
11241  38.262  -78.408  2.094 0.0000000000
20482  47.496  -69.057  13.468 0.0000000000
19465  47.966  -69.396  12.096 0.0000000000
19466  47.059  -69.296  12.019 0.0000000000
18408  46.494  -70.797  11.203 0.0000000000
110483  48.600  -68.722  7.904 0.0000000000
20577  47.463  -68.767  8.474 0.0000000000
19550  43.192  -69.336  8.354 0.0000000000
20580  44.699  -68.982  9.089 0.0000000000
14173  47.070  -73.728  7.924 0.0000000000
14188  46.562  -73.995  7.105 0.0000000000
13205  45.686  -75.816  4.953 0.0000000000
11180  44.723  -77.249  5.994 0.0000000000
11219  44.402  -77.037  5.091 0.0000000000
11200  43.218  -77.748  5.535 0.0000000000
17437  45.166  -71.532  5.715 0.0000000000
18471  45.984  -70.385  6.982 0.0000000000
18494  44.512  -70.922  6.514 0.0000000000
18474  43.035  -70.267  7.301 0.0000000000
18496  42.336  -71.009  6.757 0.0000000000
19572  42.819  -69.732  7.858 0.0000000000
19551  42.354  -69.448  8.357 0.0000000000
13211  35.503  -75.781  5.007 0.0000000000
19502  51.311  -69.317  10.102 0.0000000000
18491  47.789  -70.741  5.926 0.0000000000
17436  46.332  -71.519  5.561 0.0000000000
16269  47.832  -72.415  5.317 0.0000000000
14223  46.083  -74.711  3.794 0.0000000000
117020  46.747  -73.330  4.185 0.0000000000
109008  47.246  -72.763  4.641 0.0000000000
17455  47.029  -72.182  4.902 0.0000000000
17456  45.915  -72.140  4.890 0.0000000000
16295  43.209  -72.747  4.546 0.0000000000
16318  41.732  -72.953  4.790 0.0000000000
14209  41.684  -74.314  4.895 0.0000000000
124324  41.104  -73.638  4.957 0.0000000000
15258  41.051  -73.195  4.988 0.0000000000
14212  39.033  -74.046  5.401 0.0000000000
106936  37.539  -75.053  5.688 0.0000000000
10247  40.037  -79.584  6.546 0.0000000000
9353  38.521  -80.158  2.409 0.0000000000
10249  38.370  -79.304  6.262 0.0000000000
11183  39.096  -77.908  6.513 0.0000000000
12186  38.337  -77.384  6.326 0.0000000000
12187  37.655  -76.832  6.062 0.0000000000
11220  37.119  -78.290  4.555 0.0000000000
12201  36.976  -77.192  5.623 0.0000000000
12202  36.193  -76.585  5.166 0.0000000000
12214  35.611  -76.375  4.457 0.0000000000
19424  51.327  -69.014  15.291 0.0000000000
19425  50.588  -69.697  15.722 0.0000000000
120650  51.016  -69.745  14.849 0.0000000000
19435  50.822  -69.995  14.141 0.0000000000
122650  50.665  -69.762  12.841 0.0000000000
18356  48.541  -70.413  15.873 0.0000000000
121121  49.940  -70.454  14.275 0.0000000000
19447  49.858  -69.940  12.837 0.0000000000
19463  50.552  -69.619  12.064 0.0000000000
19483  50.285  -69.673  11.012 0.0000000000
19504  49.452  -70.035  10.401 0.0000000000
19505  48.349  -70.118  10.678 0.0000000000
18419  48.897  -70.631  9.991 0.0000000000
17385  47.910  -72.475  9.599 0.0000000000
15184  47.341  -73.806  9.554 0.0000000000
16213  47.052  -73.467  10.903 0.0000000000
14140  47.130  -74.122  10.276 0.0000000000
115117  47.135  -74.000  9.059 0.0000000000
19568  46.411  -69.843  7.557 0.0000000000
19546  46.855  -69.304  8.093 0.0000000000
20554  47.165  -68.377  9.189 0.0000000000
20556  45.640  -68.688  9.335 0.0000000000
20555  46.369  -68.447  9.436 0.0000000000
9303  41.752  -79.924  6.728 0.0000000000
10244  43.610  -78.604  6.465 0.0000000000
10267  43.303  -78.410  5.983 0.0000000000
11179  44.863  -76.916  5.322 0.0000000000
11185  37.599  -77.815  6.030 0.0000000000
11198  44.426  -77.576  5.624 0.0000000000
12196  45.281  -76.422  4.994 0.0000000000
12197  43.811  -77.063  5.052 0.0000000000
12199  42.060  -76.543  5.508 0.0000000000
12210  44.971  -76.473  4.706 0.0000000000
12239  35.273  -76.030  2.855 0.0000000000
13198  45.615  -75.705  5.908 0.0000000000
13200  38.998  -75.766  6.068 0.0000000000
13214  45.755  -75.503  4.135 0.0000000000
13216  44.285  -75.457  4.158 0.0000000000
14141  46.828  -74.263  10.370 0.0000000000
14155  47.111  -74.160  9.860 0.0000000000
14208  46.659  -74.402  4.873 0.0000000000
14210  40.669  -74.064  5.095 0.0000000000
14222  46.483  -74.344  4.228 0.0000000000
14224  45.595  -75.194  3.750 0.0000000000
14226  43.486  -74.703  4.242 0.0000000000
14238  44.990  -74.142  3.444 0.0000000000
15167  47.251  -73.798  10.313 0.0000000000
15193  47.962  -72.929  7.752 0.0000000000
15232  40.299  -73.405  5.113 0.0000000000
15252  46.447  -73.890  3.953 0.0000000000
15255  44.177  -73.624  3.761 0.0000000000
15257  41.893  -73.505  4.656 0.0000000000
16197  46.439  -73.102  11.595 0.0000000000
16224  47.608  -73.227  9.588 0.0000000000
16296  41.800  -72.481  5.212 0.0000000000
16313  46.311  -73.419  3.878 0.0000000000
16314  45.728  -73.115  3.788 0.0000000000
16315  44.851  -72.769  4.052 0.0000000000
17434  48.259  -71.370  5.573 0.0000000000
17458  43.622  -72.126  5.136 0.0000000000
17461  40.365  -72.463  5.567 0.0000000000
18473  43.986  -70.280  7.153 0.0000000000
18493  45.576  -70.934  6.380 0.0000000000
19486  46.793  -69.876  11.459 0.0000000000
19526  42.769  -69.013  8.987 0.0000000000
19549  44.074  -69.362  8.371 0.0000000000
19569  45.419  -69.921  7.718 0.0000000000
20496  46.230  -68.946  12.570 0.0000000000
20579  45.520  -69.129  8.832 0.0000000000
21605  46.785  -68.001  9.792 0.0000000000
107231  39.838  -77.604  6.438 0.0000000000
108956  41.304  -70.849  7.218 0.0000000000
117443  47.410  -69.668  7.311 0.0000000000
119836  42.738  -73.553  4.379 0.0000000000
119930  45.567  -74.627  3.529 0.0000000000
120742  36.743  -75.159  5.603 0.0000000000
121366  42.347  -72.742  4.781 0.0000000000
122968  44.358  -77.834  6.224 0.0000000000
124197  47.448  -73.127  5.048 0.0000000000
125808  39.627  -75.466  5.871 0.0000000000
