#!ascii label  , from subject sub-fsm24dz vox2ras=TkReg
393
22468  -17.658  -72.509  -2.906 0.6999999881
22469  -18.316  -72.371  -2.739 0.6000000238
21555  -18.716  -72.590  -2.483 0.6000000238
21516  -19.680  -73.576  -0.985 0.4000000060
23342  -15.166  -71.703  1.039 0.6999999881
23343  -16.020  -71.483  1.450 0.6999999881
23341  -14.636  -71.020  0.392 0.6999999881
24244  -15.585  -70.673  0.915 0.6000000238
24243  -15.151  -70.257  0.393 0.6000000238
24259  -14.658  -70.377  -0.004 0.6000000238
25132  -14.539  -70.489  -1.001 0.6000000238
25118  -14.914  -70.198  -0.381 0.6000000238
25119  -15.434  -69.665  -0.364 0.5000000000
25133  -15.204  -70.166  -0.934 0.5000000000
117477  -15.700  -69.819  -0.916 0.5000000000
24282  -17.145  -70.531  -2.027 0.6000000238
24291  -17.728  -71.201  -2.649 0.6000000238
24292  -18.462  -71.103  -2.594 0.6000000238
127794  -18.975  -71.256  -2.513 0.6000000238
125303  -16.434  -72.053  1.834 0.6000000238
24229  -16.907  -70.305  1.680 0.6000000238
25098  -16.215  -69.952  1.201 0.6000000238
25097  -15.673  -69.726  0.668 0.6000000238
25082  -16.123  -69.042  1.047 0.6000000238
25110  -15.291  -69.687  0.126 0.6000000238
25964  -15.701  -68.992  0.031 0.6000000238
25965  -16.171  -68.562  -0.110 0.6000000238
25134  -16.391  -69.887  -1.306 0.6000000238
25120  -16.738  -69.143  -0.732 0.6999999881
25135  -17.439  -69.810  -1.431 0.6000000238
23395  -18.887  -71.939  -2.558 0.5000000000
22456  -19.381  -72.247  -2.126 0.5000000000
112150  -17.077  -72.223  2.256 0.6000000238
23331  -16.909  -71.308  1.837 0.6000000238
117061  -17.509  -69.755  2.029 0.6000000238
25083  -16.746  -69.345  1.580 0.6000000238
25942  -16.107  -68.162  0.978 0.6000000238
25952  -15.880  -68.961  0.479 0.6000000238
25953  -16.013  -68.266  0.462 0.6000000238
24283  -18.178  -70.470  -2.116 0.6000000238
130633  -18.887  -70.700  -2.373 0.6000000238
21543  -19.817  -72.686  -1.339 0.4000000060
22399  -18.512  -71.687  2.963 0.6000000238
23332  -17.705  -71.555  2.416 0.6000000238
24230  -17.610  -70.683  2.164 0.6000000238
25929  -17.338  -68.729  2.035 0.6000000238
119579  -16.529  -68.379  1.498 0.6000000238
26760  -16.225  -67.387  0.961 0.6999999881
25966  -17.031  -68.381  -0.296 0.6000000238
25121  -17.874  -69.118  -0.900 0.6000000238
25136  -18.942  -69.340  -1.289 0.6000000238
25137  -19.688  -69.826  -1.714 0.6000000238
24284  -19.459  -70.588  -2.170 0.6000000238
23381  -20.072  -71.837  -1.523 0.4000000060
23380  -19.672  -71.313  -2.139 0.5000000000
24215  -18.800  -70.798  3.004 0.6000000238
24231  -18.214  -70.980  2.587 0.6000000238
25085  -18.303  -70.146  2.538 0.6000000238
25084  -18.053  -69.318  2.353 0.5000000000
25928  -16.905  -67.889  1.919 0.6000000238
27646  -16.566  -66.581  2.017 0.6000000238
26752  -16.495  -67.398  1.524 0.6999999881
25954  -16.447  -67.830  0.334 0.6999999881
111278  -17.449  -66.835  0.482 0.6000000238
26770  -17.485  -67.596  0.053 0.6000000238
26781  -18.537  -67.901  -0.231 0.6000000238
25967  -18.092  -68.399  -0.477 0.6000000238
25968  -19.075  -68.569  -0.699 0.6000000238
25981  -19.786  -69.097  -1.192 0.6000000238
24285  -20.204  -70.395  -1.684 0.5000000000
129605  -20.623  -70.547  -1.266 0.4000000060
23321  -19.230  -71.355  3.495 0.6000000238
24216  -19.409  -70.504  3.510 0.6000000238
111365  -18.959  -70.073  3.065 0.5000000000
25070  -18.684  -69.370  2.845 0.6000000238
25916  -18.934  -68.557  3.166 0.5000000000
25915  -18.191  -68.606  2.564 0.6000000238
109487  -18.320  -67.832  2.859 0.5000000000
25914  -17.534  -67.895  2.380 0.6000000238
26741  -17.617  -67.193  2.763 0.5000000000
26740  -16.903  -67.213  2.234 0.5000000000
128852  -16.506  -66.156  1.829 0.5000000000
27659  -16.443  -66.691  1.445 0.6000000238
27660  -16.629  -65.645  1.847 0.5000000000
130937  -16.518  -66.181  1.386 0.5000000000
27674  -16.417  -66.697  1.086 0.6000000238
28594  -17.146  -65.157  1.824 0.4000000060
27675  -16.883  -66.392  0.896 0.6999999881
28595  -17.908  -65.456  1.315 0.4000000060
27676  -17.904  -66.196  0.767 0.5000000000
26771  -18.523  -67.132  0.226 0.6000000238
122690  -19.128  -66.430  0.652 0.5000000000
26772  -19.686  -67.213  0.252 0.5000000000
25969  -19.950  -68.455  -0.710 0.6000000238
24271  -20.881  -69.998  -0.980 0.5000000000
26782  -19.373  -67.852  -0.237 0.6000000238
126139  -20.356  -68.936  -1.003 0.6000000238
25138  -20.344  -69.547  -1.322 0.6000000238
24194  -19.931  -70.171  3.936 0.5000000000
25071  -19.431  -69.507  3.514 0.5000000000
26743  -18.972  -67.655  3.452 0.4000000060
27634  -17.747  -66.562  3.205 0.4000000060
27632  -17.054  -66.499  2.612 0.5000000000
27633  -17.174  -65.821  3.058 0.5000000000
29486  -18.300  -63.995  2.253 0.4000000060
29494  -18.023  -64.767  1.776 0.4000000060
28596  -18.837  -65.254  1.422 0.5000000000
27662  -18.701  -65.808  1.040 0.5000000000
114334  -19.556  -65.182  1.607 0.5000000000
27663  -19.630  -65.816  1.190 0.5000000000
27677  -20.134  -66.629  0.769 0.5000000000
25970  -21.287  -68.733  -0.296 0.5000000000
25123  -21.442  -69.441  -0.375 0.5000000000
26783  -20.223  -67.895  -0.192 0.6000000238
25122  -20.878  -69.168  -0.849 0.5000000000
28561  -17.259  -65.171  3.568 0.5000000000
28574  -16.791  -65.115  2.928 0.5000000000
29477  -16.964  -64.023  3.087 0.5000000000
29495  -19.048  -64.641  1.793 0.4000000060
25955  -21.598  -68.355  0.325 0.5000000000
25971  -21.862  -68.987  0.172 0.3000000119
29496  -19.888  -64.791  1.940 0.5000000000
26774  -21.299  -67.699  0.654 0.5000000000
29464  -16.933  -64.494  3.354 0.4000000060
29485  -17.208  -64.438  2.425 0.4000000060
30316  -17.168  -63.325  3.456 0.4000000060
30328  -19.104  -63.442  2.524 0.4000000060
30327  -18.186  -63.297  2.720 0.4000000060
29487  -19.502  -64.147  2.203 0.4000000060
29488  -20.346  -64.409  2.340 0.5000000000
26775  -21.932  -68.089  0.987 0.4000000060
128784  -22.097  -68.634  0.668 0.4000000060
113047  -20.567  -66.156  1.376 0.5000000000
26761  -21.661  -67.364  1.351 0.5000000000
28597  -20.226  -65.416  1.678 0.5000000000
27664  -21.318  -66.542  1.679 0.5000000000
27678  -20.954  -66.944  1.003 0.5000000000
31090  -19.738  -62.949  2.892 0.4000000060
30329  -20.088  -63.674  2.563 0.4000000060
27665  -22.008  -67.023  2.105 0.4000000060
28586  -20.499  -65.025  2.114 0.5000000000
28587  -20.994  -65.644  2.015 0.5000000000
30317  -20.643  -63.216  3.023 0.4000000060
26753  -22.743  -67.420  2.588 0.3000000119
29489  -20.918  -64.017  2.808 0.5000000000
111627  -21.042  -64.841  2.531 0.5000000000
27648  -21.699  -66.190  2.360 0.5000000000
31077  -20.381  -62.437  3.286 0.4000000060
28588  -22.111  -65.814  2.993 0.3000000119
27635  -22.883  -66.286  3.427 0.3000000119
125950  -21.498  -65.477  2.590 0.5000000000
30318  -21.285  -63.478  3.208 0.4000000060
129931  -21.314  -64.471  2.921 0.5000000000
28575  -21.735  -64.948  3.091 0.5000000000
31882  -21.007  -61.806  3.497 0.4000000060
28576  -22.650  -65.311  3.622 0.3000000119
28577  -23.661  -65.991  4.090 0.3000000119
31078  -21.343  -62.685  3.418 0.4000000060
125823  -22.206  -64.579  3.508 0.4000000060
29478  -21.642  -64.120  3.274 0.4000000060
128318  -21.544  -61.160  3.615 0.5000000000
29480  -23.377  -64.938  4.205 0.3000000119
28565  -24.391  -65.257  4.581 0.4000000060
31883  -21.839  -61.876  3.668 0.4000000060
29479  -22.352  -63.990  3.725 0.5000000000
29467  -23.076  -64.074  4.178 0.4000000060
31065  -22.231  -62.586  3.782 0.5000000000
30319  -21.924  -63.349  3.525 0.5000000000
125285  -22.952  -62.573  4.247 0.5000000000
30311  -23.554  -63.322  4.493 0.4000000060
29468  -23.933  -64.311  4.563 0.4000000060
30312  -24.515  -63.716  4.901 0.4000000060
117338  -25.270  -65.020  4.906 0.3000000119
130311  -22.166  -61.248  3.758 0.5000000000
115780  -22.614  -61.765  4.042 0.5000000000
31058  -24.888  -62.214  5.170 0.4000000060
31059  -25.798  -62.511  5.407 0.3000000119
33535  -22.068  -59.400  3.722 0.5000000000
31869  -23.964  -61.837  4.783 0.4000000060
31067  -24.252  -62.789  4.902 0.4000000060
30303  -25.183  -63.142  5.208 0.4000000060
126105  -26.308  -64.173  5.124 0.3000000119
32701  -22.053  -60.589  3.681 0.5000000000
31066  -23.254  -61.982  4.423 0.5000000000
131552  -23.587  -62.498  4.571 0.5000000000
31867  -22.651  -60.856  3.994 0.5000000000
31857  -24.724  -61.317  5.107 0.4000000060
31858  -25.559  -61.693  5.390 0.4000000060
30304  -26.218  -63.387  5.310 0.3000000119
32688  -22.552  -59.957  3.851 0.5000000000
32689  -23.254  -60.356  4.281 0.5000000000
32690  -23.968  -60.818  4.705 0.5000000000
31868  -23.260  -61.263  4.399 0.5000000000
131546  -25.901  -60.674  5.482 0.4000000060
34413  -22.249  -57.744  4.025 0.5000000000
34414  -24.398  -58.779  4.762 0.5000000000
31859  -26.314  -61.199  5.512 0.3000000119
110734  -26.297  -61.973  5.482 0.3000000119
131911  -22.668  -58.344  4.001 0.5000000000
120814  -23.421  -58.711  4.267 0.5000000000
33522  -23.168  -59.554  4.153 0.5000000000
23394  -18.228  -71.799  -2.819 0.6000000238
21542  -19.082  -73.090  -1.966 0.5000000000
26769  -16.687  -67.084  0.681 0.6999999881
27647  -16.710  -65.791  2.366 0.5000000000
28585  -16.712  -65.086  2.379 0.5000000000
27661  -17.045  -65.767  1.276 0.4000000060
26773  -20.564  -67.410  0.408 0.5000000000
26784  -20.963  -68.086  0.011 0.5000000000
30326  -17.463  -63.620  2.847 0.4000000060
29458  -25.485  -64.152  5.146 0.3000000119
34429  -22.640  -59.077  3.913 0.5000000000
33523  -23.974  -59.742  4.594 0.5000000000
19647  -11.803  -75.976  -0.815 0.5000000000
17849  -13.567  -76.987  -1.630 0.5000000000
18765  -12.887  -76.734  -1.690 0.5000000000
17860  -15.141  -77.723  -2.333 0.5000000000
17859  -14.226  -77.302  -2.261 0.5000000000
19648  -12.493  -75.471  -0.635 0.5000000000
18754  -13.375  -76.637  -0.922 0.6000000238
18753  -12.616  -76.310  -0.879 0.6000000238
17851  -14.806  -77.502  -1.272 0.5000000000
17850  -14.049  -77.092  -0.995 0.5000000000
17852  -16.384  -78.168  -1.309 0.4000000060
131523  -11.225  -72.796  -2.338 0.6999999881
21536  -11.882  -73.511  -1.863 0.6999999881
118470  -12.292  -74.483  -0.963 0.6999999881
19649  -13.311  -75.806  -0.551 0.5000000000
20608  -13.311  -74.613  -0.804 0.6999999881
123651  -15.429  -77.413  -0.719 0.5000000000
17835  -14.765  -76.863  -0.582 0.5000000000
18755  -14.067  -76.280  -0.520 0.5000000000
123316  -16.656  -77.887  -0.674 0.5000000000
119548  -15.608  -77.847  -1.407 0.5000000000
22444  -10.225  -71.764  -1.017 0.5000000000
122376  -10.464  -71.718  -1.640 0.6999999881
23375  -11.151  -71.678  -2.086 0.6999999881
22455  -10.568  -71.944  -2.137 0.6999999881
23388  -11.672  -71.920  -2.321 0.6999999881
19650  -14.114  -75.321  -0.530 0.6999999881
18739  -15.575  -76.628  -0.404 0.5000000000
19627  -14.973  -75.804  -0.405 0.6000000238
128908  -16.131  -77.296  -0.466 0.5000000000
17837  -18.376  -77.718  -0.253 0.5000000000
23353  -11.418  -71.742  -0.577 0.5000000000
23352  -10.830  -71.607  -0.998 0.6999999881
120463  -11.954  -72.491  -2.523 0.6999999881
123410  -12.431  -71.919  -2.307 0.6999999881
23376  -11.966  -71.555  -1.909 0.6999999881
21537  -12.886  -73.704  -1.733 0.8000000119
21550  -13.414  -73.126  -2.463 0.6999999881
20588  -14.827  -74.912  -0.630 0.6000000238
20609  -14.328  -74.382  -1.052 0.6999999881
19628  -15.940  -75.696  -0.451 0.6999999881
20589  -15.557  -74.921  -0.731 0.6000000238
18741  -17.795  -77.059  -0.096 0.6000000238
18740  -16.422  -76.462  -0.335 0.6000000238
18742  -18.738  -76.852  0.022 0.6000000238
120964  -11.897  -73.009  0.637 0.5000000000
22414  -12.671  -72.901  0.696 0.6000000238
23339  -11.855  -72.283  0.101 0.5000000000
23354  -12.195  -71.650  -0.468 0.6000000238
114325  -11.544  -71.480  -1.280 0.6999999881
110007  -12.931  -71.400  -1.731 0.6999999881
23368  -12.347  -71.387  -1.348 0.6000000238
117896  -12.939  -72.472  -2.585 0.6999999881
23389  -13.386  -71.878  -2.370 0.6999999881
21538  -13.851  -73.719  -1.841 0.6999999881
19651  -17.163  -74.708  -1.343 0.6999999881
19630  -18.122  -76.059  -0.299 0.6999999881
19652  -17.600  -75.326  -0.780 0.6999999881
128810  -12.781  -73.515  1.241 0.5000000000
23340  -12.953  -72.011  0.149 0.6000000238
126214  -12.420  -71.383  -0.905 0.6000000238
22464  -13.869  -72.488  -2.722 0.8000000119
23390  -14.334  -71.850  -2.605 0.5000000000
24279  -13.764  -70.949  -1.160 0.6000000238
21539  -14.848  -73.685  -2.045 0.6999999881
21552  -15.349  -73.131  -2.791 0.6999999881
20612  -17.457  -74.065  -2.005 0.6999999881
20611  -16.700  -74.085  -1.971 0.6999999881
19631  -18.907  -75.817  -0.312 0.5000000000
20591  -18.367  -74.932  -0.921 0.6999999881
113748  -19.110  -74.992  -0.615 0.5000000000
20568  -13.126  -73.858  1.553 0.5000000000
21488  -13.477  -73.275  1.184 0.5000000000
22415  -14.088  -72.760  1.034 0.6000000238
124264  -13.520  -72.509  0.674 0.6000000238
129501  -13.615  -71.992  0.409 0.6000000238
124621  -13.731  -71.495  0.171 0.6000000238
23355  -13.119  -71.369  -0.428 0.6000000238
24258  -14.008  -70.979  -0.198 0.6000000238
23391  -15.281  -71.839  -2.839 0.6000000238
23378  -14.743  -71.209  -2.260 0.5000000000
24269  -13.623  -71.029  -0.667 0.5000000000
22467  -16.765  -72.513  -3.075 0.6000000238
22466  -15.815  -72.519  -3.069 0.6000000238
21541  -17.750  -73.413  -2.471 0.6000000238
21553  -17.154  -73.066  -2.833 0.6000000238
20592  -18.930  -74.076  -1.341 0.5000000000
21472  -13.774  -73.919  1.719 0.5000000000
21489  -14.326  -73.310  1.473 0.6000000238
114316  -14.242  -72.023  0.673 0.6000000238
127677  -14.364  -70.858  -1.588 0.5000000000
24270  -14.254  -70.655  -0.536 0.5000000000
23392  -16.283  -71.873  -3.009 0.4000000060
23379  -15.711  -71.053  -2.363 0.5000000000
24280  -14.998  -70.588  -1.648 0.5000000000
130048  -17.682  -72.934  -2.761 0.6000000238
21473  -14.620  -73.990  2.031 0.5000000000
21490  -15.135  -73.224  1.729 0.6000000238
22416  -14.782  -72.574  1.269 0.6000000238
24290  -16.760  -71.215  -2.596 0.5000000000
123868  -15.697  -70.305  -1.541 0.4000000060
20551  -14.492  -74.771  2.572 0.5000000000
21474  -15.468  -73.766  2.213 0.5000000000
129753  -15.798  -73.160  1.989 0.6000000238
22417  -15.688  -72.431  1.621 0.6000000238
20533  -15.305  -75.087  2.984 0.5000000000
20552  -15.876  -74.323  2.637 0.5000000000
20553  -16.231  -73.557  2.393 0.6000000238
19582  -15.898  -75.481  3.533 0.5000000000
20534  -16.266  -74.843  3.180 0.5000000000
21462  -16.680  -74.107  2.868 0.5000000000
21475  -17.128  -73.210  2.633 0.6000000238
22397  -16.401  -72.777  2.105 0.6000000238
19583  -16.799  -75.369  3.817 0.5000000000
117878  -16.989  -74.614  3.378 0.5000000000
19568  -17.530  -75.435  4.401 0.5000000000
19584  -17.700  -74.711  3.918 0.5000000000
114697  -17.445  -73.959  3.280 0.5000000000
114357  -17.775  -75.733  5.082 0.5000000000
19569  -18.231  -75.120  4.647 0.5000000000
20535  -18.189  -73.895  3.741 0.5000000000
22398  -17.861  -72.430  2.742 0.4000000060
19559  -18.500  -75.244  5.505 0.5000000000
20527  -18.514  -74.399  4.317 0.5000000000
21464  -18.651  -73.253  3.710 0.4000000060
21463  -17.996  -73.230  3.202 0.4000000060
20519  -18.897  -74.684  4.943 0.4000000060
21465  -19.231  -73.358  4.205 0.4000000060
22390  -19.148  -72.668  3.809 0.4000000060
23393  -17.275  -71.910  -2.998 0.6000000238
113108  -18.447  -73.391  -2.216 0.5000000000
116110  -19.011  -72.051  3.492 0.4000000060
23301  -19.587  -71.994  3.953 0.4000000060
21549  -12.610  -73.062  -2.424 0.6999999881
21551  -14.362  -73.140  -2.614 0.6999999881
120013  -15.970  -74.346  -1.499 0.6999999881
21540  -15.885  -73.722  -2.275 0.6999999881
23377  -13.899  -71.309  -1.975 0.6000000238
23369  -13.002  -71.199  -1.018 0.6000000238
127565  -17.763  -74.584  -1.428 0.6999999881
22465  -14.836  -72.512  -2.916 0.6999999881
20613  -18.131  -74.060  -1.822 0.6000000238
17836  -17.489  -77.868  -0.460 0.5000000000
19629  -16.805  -75.536  -0.620 0.6999999881
20528  -19.166  -74.043  4.567 0.4000000060
20590  -16.390  -74.816  -1.036 0.6999999881
20610  -15.235  -74.311  -1.333 0.6000000238
20619  -17.161  -73.600  -2.452 0.6000000238
21455  -18.763  -73.799  4.094 0.5000000000
21487  -12.152  -73.488  1.120 0.5000000000
21554  -18.160  -72.875  -2.645 0.6000000238
22389  -18.545  -72.557  3.299 0.4000000060
22463  -11.134  -72.145  -2.378 0.6999999881
23370  -20.612  -71.548  -0.885 0.4000000060
24245  -16.339  -70.744  1.405 0.6000000238
24281  -16.329  -70.585  -1.983 0.4000000060
26742  -18.269  -67.192  3.210 0.5000000000
27649  -22.389  -66.650  2.797 0.3000000119
28566  -25.113  -65.647  4.646 0.3000000119
29469  -24.723  -64.511  4.867 0.4000000060
30310  -22.649  -63.310  4.020 0.5000000000
31060  -26.674  -62.576  5.375 0.3000000119
109221  -15.159  -74.396  2.479 0.5000000000
111578  -21.882  -59.954  3.639 0.5000000000
112673  -17.269  -76.292  -0.310 0.6000000238
115216  -20.406  -71.046  -1.475 0.4000000060
116311  -20.636  -68.527  -0.561 0.5000000000
116401  -15.932  -69.272  -0.546 0.5000000000
116510  -16.662  -73.478  -2.575 0.6999999881
118201  -18.984  -70.091  -1.982 0.6000000238
119637  -18.317  -69.776  -1.543 0.6000000238
119648  -16.794  -64.616  2.841 0.5000000000
120125  -16.934  -77.195  -0.305 0.6000000238
120474  -16.292  -73.076  -2.899 0.6000000238
124065  -25.425  -60.928  5.363 0.4000000060
126606  -18.587  -72.972  -2.413 0.5000000000
128704  -11.540  -73.381  0.957 0.5000000000
130204  -22.712  -64.572  3.861 0.4000000060
131495  -18.524  -68.880  -0.810 0.6000000238
132577  -16.004  -77.800  -0.840 0.5000000000
