#!ascii label  , from subject sub-fsm24dz vox2ras=TkReg
1131
47713  13.038  -36.861  82.165 0.0000000000
39917  7.070  -45.162  63.901 0.0000000000
42367  5.484  -41.921  79.461 0.0000000000
47750  8.764  -37.080  75.986 0.0000000000
128192  7.881  -32.317  67.374 0.0000000000
123701  9.548  -38.935  83.585 0.0000000000
48613  7.309  -35.762  82.366 0.0000000000
45135  16.626  -38.474  80.065 0.0000000000
42360  11.835  -40.887  81.240 0.0000000000
40608  8.075  -43.901  80.117 0.0000000000
50471  3.919  -33.949  75.384 0.0000000000
47819  7.208  -36.265  70.842 0.0000000000
53125  3.474  -30.811  71.857 0.0000000000
115961  4.194  -43.990  74.784 0.0000000000
44322  6.020  -41.782  72.144 0.0000000000
45151  5.951  -39.655  78.778 0.0000000000
49584  6.280  -34.773  78.941 0.0000000000
46068  9.096  -38.930  68.647 0.0000000000
46966  11.278  -37.144  63.840 0.0000000000
48824  5.789  -35.070  61.858 0.0000000000
54027  4.442  -29.557  64.017 0.0000000000
122243  11.210  -37.672  83.553 0.0000000000
48597  10.101  -35.686  83.580 0.0000000000
45985  14.748  -38.221  81.152 0.0000000000
44231  14.153  -39.307  80.691 0.0000000000
45115  12.525  -38.843  82.193 0.0000000000
43265  10.521  -40.788  82.819 0.0000000000
50481  2.985  -33.110  73.193 0.0000000000
42384  4.649  -42.658  77.475 0.0000000000
44266  5.020  -41.552  76.508 0.0000000000
44245  5.374  -40.738  79.572 0.0000000000
51310  7.234  -32.914  81.449 0.0000000000
49570  7.091  -34.992  81.012 0.0000000000
41484  6.742  -42.898  80.157 0.0000000000
39699  6.635  -44.332  78.524 0.0000000000
40645  5.355  -43.788  77.813 0.0000000000
115606  4.528  -44.923  76.457 0.0000000000
110301  8.513  -39.110  74.939 0.0000000000
45214  7.066  -40.010  70.479 0.0000000000
46041  10.150  -38.497  72.916 0.0000000000
48723  7.193  -34.647  69.564 0.0000000000
48719  11.460  -35.630  68.534 0.0000000000
48758  9.396  -34.014  66.213 0.0000000000
47921  8.094  -36.452  62.654 0.0000000000
49677  7.078  -33.315  63.777 0.0000000000
43270  6.706  -40.943  81.987 0.0000000000
45128  6.497  -39.447  81.670 0.0000000000
46747  8.127  -37.203  83.409 0.0000000000
50419  8.911  -33.557  83.474 0.0000000000
44237  18.003  -38.823  79.289 0.0000000000
43305  16.920  -40.031  77.538 0.0000000000
43288  15.584  -39.795  79.130 0.0000000000
42373  12.916  -41.388  78.798 0.0000000000
41482  9.860  -42.888  80.834 0.0000000000
42355  8.281  -42.238  82.378 0.0000000000
46804  5.205  -36.608  75.572 0.0000000000
47768  8.312  -36.919  73.580 0.0000000000
47782  4.980  -35.903  73.303 0.0000000000
48691  4.851  -34.445  71.480 0.0000000000
51422  5.644  -32.525  69.925 0.0000000000
48630  15.808  -36.141  80.394 0.0000000000
45149  21.435  -38.887  78.547 0.0000000000
45998  22.292  -37.790  80.338 0.0000000000
45981  19.114  -37.657  80.787 0.0000000000
47710  17.458  -37.120  80.913 0.0000000000
110571  3.570  -46.267  72.491 0.0000000000
41574  4.915  -44.134  71.384 0.0000000000
42431  4.807  -42.966  73.804 0.0000000000
45170  5.997  -39.918  75.591 0.0000000000
127070  8.325  -38.147  77.873 0.0000000000
46775  6.702  -37.910  80.986 0.0000000000
115358  7.261  -36.453  79.995 0.0000000000
126085  6.483  -36.030  77.885 0.0000000000
49587  5.412  -34.798  76.870 0.0000000000
42495  5.552  -43.123  69.213 0.0000000000
43465  6.524  -41.939  67.802 0.0000000000
43486  8.717  -41.746  65.823 0.0000000000
47815  11.429  -36.737  71.114 0.0000000000
46079  11.299  -38.102  66.964 0.0000000000
43508  9.534  -41.264  63.204 0.0000000000
114601  7.377  -40.219  62.600 0.0000000000
46139  5.285  -38.635  61.835 0.0000000000
53974  4.280  -29.891  70.724 0.0000000000
53162  6.080  -30.124  68.095 0.0000000000
55609  5.284  -27.785  66.644 0.0000000000
52305  6.211  -31.135  65.313 0.0000000000
51457  5.537  -32.045  63.239 0.0000000000
47686  11.709  -37.304  83.386 0.0000000000
47700  11.486  -36.549  83.402 0.0000000000
48622  12.310  -35.561  82.473 0.0000000000
46764  13.281  -37.470  81.897 0.0000000000
45987  12.960  -38.450  81.928 0.0000000000
46751  12.413  -38.001  82.858 0.0000000000
45975  12.057  -38.508  83.041 0.0000000000
39918  6.174  -45.422  63.515 0.0000000000
41650  6.869  -43.967  62.979 0.0000000000
42368  5.184  -42.131  78.711 0.0000000000
43301  4.951  -41.938  78.057 0.0000000000
116067  5.360  -41.218  79.593 0.0000000000
43316  18.736  -39.999  76.235 0.0000000000
41478  6.088  -42.143  80.216 0.0000000000
125964  6.187  -43.447  78.761 0.0000000000
41496  5.479  -42.487  78.910 0.0000000000
115721  4.976  -43.278  77.756 0.0000000000
128891  9.254  -38.286  75.843 0.0000000000
45183  9.525  -38.783  74.053 0.0000000000
46822  9.853  -37.696  74.720 0.0000000000
126119  7.569  -33.262  68.512 0.0000000000
48739  8.674  -34.161  68.107 0.0000000000
49655  8.401  -32.756  66.429 0.0000000000
48775  8.374  -33.638  64.631 0.0000000000
50546  7.802  -32.486  65.375 0.0000000000
44213  8.211  -40.091  83.363 0.0000000000
45114  7.604  -39.065  83.129 0.0000000000
45967  9.416  -37.938  83.565 0.0000000000
50407  9.364  -34.230  83.559 0.0000000000
52138  9.416  -32.283  82.126 0.0000000000
44229  16.970  -38.638  79.676 0.0000000000
43279  16.785  -39.319  79.080 0.0000000000
44230  16.018  -38.849  79.953 0.0000000000
111596  12.519  -40.310  81.178 0.0000000000
43282  13.074  -40.545  80.202 0.0000000000
43283  12.482  -41.119  80.027 0.0000000000
113782  11.188  -41.629  81.075 0.0000000000
44210  10.019  -39.849  83.417 0.0000000000
43274  9.535  -41.660  82.729 0.0000000000
43263  8.946  -40.879  83.362 0.0000000000
42352  7.403  -41.664  82.391 0.0000000000
47751  4.726  -36.045  75.265 0.0000000000
46826  5.022  -36.956  74.132 0.0000000000
48660  3.952  -35.388  74.155 0.0000000000
116922  3.021  -32.328  72.701 0.0000000000
49604  3.771  -34.480  72.181 0.0000000000
50497  4.133  -33.571  71.190 0.0000000000
49627  5.244  -33.632  70.689 0.0000000000
51405  4.171  -32.294  70.560 0.0000000000
45120  19.765  -38.059  80.461 0.0000000000
40706  3.958  -44.883  73.505 0.0000000000
124211  4.218  -44.251  73.153 0.0000000000
41548  4.415  -43.396  74.276 0.0000000000
44257  5.204  -40.757  77.609 0.0000000000
44274  5.175  -41.028  75.929 0.0000000000
45163  6.329  -39.591  77.312 0.0000000000
45162  7.164  -39.353  76.986 0.0000000000
45156  6.946  -39.087  77.905 0.0000000000
46753  7.158  -37.648  82.186 0.0000000000
45988  6.613  -38.667  81.405 0.0000000000
119226  7.261  -36.948  81.503 0.0000000000
118600  6.570  -34.536  79.776 0.0000000000
48638  6.982  -35.304  80.011 0.0000000000
47729  6.921  -35.626  79.618 0.0000000000
116222  6.900  -35.941  79.185 0.0000000000
48648  6.422  -35.419  78.599 0.0000000000
111756  5.579  -35.876  76.942 0.0000000000
115429  5.940  -34.994  77.985 0.0000000000
44255  15.517  -40.086  77.291 0.0000000000
44271  16.344  -39.804  76.136 0.0000000000
40644  8.698  -44.469  78.960 0.0000000000
39725  8.503  -45.159  77.521 0.0000000000
39697  7.991  -44.674  78.823 0.0000000000
38780  5.649  -45.304  77.274 0.0000000000
38793  6.401  -45.978  77.089 0.0000000000
40683  4.140  -44.676  75.343 0.0000000000
39782  3.721  -45.766  73.994 0.0000000000
42456  5.505  -42.822  71.371 0.0000000000
41584  5.465  -43.557  70.188 0.0000000000
43421  5.763  -42.349  70.878 0.0000000000
45222  7.712  -39.617  69.806 0.0000000000
44347  6.648  -40.911  69.283 0.0000000000
45245  7.293  -40.649  68.048 0.0000000000
43477  7.844  -41.642  66.840 0.0000000000
45258  8.407  -40.527  67.126 0.0000000000
47796  8.641  -36.566  72.011 0.0000000000
47795  9.879  -36.434  72.245 0.0000000000
47817  10.124  -36.352  71.312 0.0000000000
47897  12.022  -36.214  65.753 0.0000000000
46926  12.355  -36.801  67.136 0.0000000000
46102  11.464  -37.933  64.837 0.0000000000
45272  10.622  -39.288  64.895 0.0000000000
45302  10.394  -39.357  63.280 0.0000000000
43519  9.124  -40.924  62.669 0.0000000000
46134  9.613  -38.649  62.816 0.0000000000
48822  6.908  -35.475  62.483 0.0000000000
119509  6.679  -38.112  62.406 0.0000000000
46983  5.711  -37.083  61.898 0.0000000000
55581  5.107  -28.240  69.793 0.0000000000
53986  5.142  -29.992  69.483 0.0000000000
113832  5.340  -29.325  68.978 0.0000000000
54849  4.289  -28.170  64.555 0.0000000000
113122  4.751  -28.688  65.003 0.0000000000
54014  5.851  -29.553  66.006 0.0000000000
53175  5.258  -30.583  64.789 0.0000000000
51444  5.705  -31.503  64.168 0.0000000000
52313  4.979  -30.891  63.816 0.0000000000
45965  10.272  -38.144  83.572 0.0000000000
46743  10.039  -37.465  83.585 0.0000000000
47688  10.511  -36.938  83.619 0.0000000000
45125  15.160  -38.447  80.818 0.0000000000
112514  15.046  -39.026  80.364 0.0000000000
45126  14.319  -38.544  81.210 0.0000000000
44222  12.849  -39.252  81.669 0.0000000000
44223  12.012  -40.167  81.648 0.0000000000
42361  11.085  -41.121  81.692 0.0000000000
111213  11.538  -39.601  82.619 0.0000000000
45110  11.051  -38.975  83.289 0.0000000000
118952  4.017  -32.095  75.298 0.0000000000
50473  3.382  -34.059  74.629 0.0000000000
52222  3.876  -31.288  74.702 0.0000000000
52232  3.456  -31.438  73.946 0.0000000000
116834  3.824  -30.328  72.959 0.0000000000
41539  4.356  -43.829  75.691 0.0000000000
42408  4.639  -42.723  75.535 0.0000000000
110975  4.645  -42.414  77.160 0.0000000000
44252  5.134  -41.331  78.037 0.0000000000
45152  5.435  -40.241  78.832 0.0000000000
50431  7.176  -33.850  82.287 0.0000000000
49562  7.197  -35.018  81.593 0.0000000000
50442  6.747  -34.080  81.169 0.0000000000
50456  6.456  -34.054  80.051 0.0000000000
50460  6.280  -34.269  79.241 0.0000000000
50464  6.101  -34.170  77.905 0.0000000000
40609  7.454  -43.717  79.970 0.0000000000
39698  7.235  -44.528  78.743 0.0000000000
40629  6.569  -43.713  78.955 0.0000000000
39700  6.109  -44.082  78.250 0.0000000000
38781  5.153  -45.155  76.990 0.0000000000
38796  4.733  -45.781  76.273 0.0000000000
39727  4.746  -44.864  76.703 0.0000000000
40657  4.566  -44.232  76.748 0.0000000000
114492  6.631  -40.287  72.999 0.0000000000
45205  6.576  -40.663  71.877 0.0000000000
45193  7.808  -39.595  72.430 0.0000000000
129507  8.570  -39.266  72.219 0.0000000000
46048  9.770  -38.659  71.318 0.0000000000
48705  7.301  -35.376  69.814 0.0000000000
47839  9.933  -36.001  69.581 0.0000000000
48721  9.159  -35.156  68.224 0.0000000000
48756  10.795  -35.225  66.666 0.0000000000
48792  10.776  -35.424  64.514 0.0000000000
46968  10.037  -37.153  62.998 0.0000000000
48808  9.211  -35.008  63.495 0.0000000000
48809  8.235  -34.969  63.271 0.0000000000
49689  6.782  -33.960  63.190 0.0000000000
54856  4.058  -28.332  63.288 0.0000000000
53195  4.928  -30.529  62.829 0.0000000000
54870  4.783  -29.098  62.256 0.0000000000
42359  6.129  -41.527  80.742 0.0000000000
44226  5.946  -40.757  80.974 0.0000000000
45119  6.700  -39.812  82.174 0.0000000000
45976  7.134  -38.254  82.538 0.0000000000
48601  7.598  -35.841  83.163 0.0000000000
48594  9.624  -36.197  83.604 0.0000000000
49537  8.608  -34.999  83.658 0.0000000000
49551  7.913  -34.497  83.491 0.0000000000
51295  8.143  -32.764  82.523 0.0000000000
43285  18.686  -39.532  78.579 0.0000000000
43303  18.400  -40.016  77.693 0.0000000000
43296  17.640  -39.865  78.317 0.0000000000
43281  14.492  -39.482  80.162 0.0000000000
110141  13.812  -40.642  79.090 0.0000000000
43299  13.610  -40.925  78.270 0.0000000000
40624  9.961  -43.902  79.083 0.0000000000
130583  9.194  -43.374  80.559 0.0000000000
43273  10.320  -41.345  82.443 0.0000000000
132442  9.194  -42.516  81.806 0.0000000000
41474  8.175  -43.047  81.219 0.0000000000
41470  7.300  -42.470  81.533 0.0000000000
41471  6.868  -42.280  81.252 0.0000000000
46812  6.720  -37.101  75.813 0.0000000000
47756  8.592  -36.929  74.527 0.0000000000
46824  6.647  -37.267  74.843 0.0000000000
46859  6.126  -37.120  72.944 0.0000000000
47799  5.984  -36.112  71.951 0.0000000000
49598  3.560  -34.616  73.003 0.0000000000
48680  5.118  -34.967  71.889 0.0000000000
47842  6.181  -35.305  70.965 0.0000000000
48706  6.231  -34.732  70.547 0.0000000000
49636  6.206  -33.639  69.738 0.0000000000
50514  6.339  -32.950  69.410 0.0000000000
48620  13.793  -36.486  81.425 0.0000000000
110657  20.407  -39.788  77.946 0.0000000000
45995  24.686  -37.355  79.900 0.0000000000
45989  23.605  -37.279  80.687 0.0000000000
120024  23.346  -37.710  79.795 0.0000000000
45140  21.717  -38.219  79.823 0.0000000000
45146  21.088  -38.778  79.181 0.0000000000
44242  19.814  -39.074  79.046 0.0000000000
45133  18.452  -38.414  80.060 0.0000000000
45122  18.335  -38.124  80.380 0.0000000000
46761  18.223  -37.300  80.931 0.0000000000
45983  16.952  -37.913  80.573 0.0000000000
46762  15.367  -37.815  81.001 0.0000000000
47711  15.028  -37.369  81.106 0.0000000000
115781  4.997  -43.164  72.852 0.0000000000
43370  5.535  -42.105  73.668 0.0000000000
43350  4.935  -42.282  75.012 0.0000000000
43349  5.336  -41.795  74.541 0.0000000000
44297  6.015  -41.102  73.492 0.0000000000
112821  6.659  -39.743  75.122 0.0000000000
45161  8.180  -38.945  76.567 0.0000000000
46802  8.857  -37.706  76.827 0.0000000000
45139  5.663  -40.227  80.520 0.0000000000
45147  5.851  -39.618  80.056 0.0000000000
127031  6.309  -38.775  80.133 0.0000000000
47722  7.210  -36.656  81.174 0.0000000000
46774  7.046  -37.203  80.626 0.0000000000
46006  6.886  -38.367  79.711 0.0000000000
46779  7.664  -37.341  78.955 0.0000000000
47732  7.899  -36.888  78.372 0.0000000000
47743  7.939  -36.787  76.866 0.0000000000
47745  5.527  -36.240  76.536 0.0000000000
47746  5.101  -36.056  76.127 0.0000000000
49590  4.871  -34.948  76.176 0.0000000000
50467  5.821  -34.065  76.758 0.0000000000
129055  5.412  -33.704  75.905 0.0000000000
51376  4.447  -33.098  75.506 0.0000000000
38790  8.622  -45.410  76.663 0.0000000000
38778  6.890  -45.418  77.620 0.0000000000
44348  6.274  -41.408  69.830 0.0000000000
43452  6.009  -42.117  68.847 0.0000000000
41641  8.586  -43.739  64.661 0.0000000000
132975  10.420  -36.957  73.667 0.0000000000
46879  11.137  -37.493  71.997 0.0000000000
46059  10.448  -38.414  69.902 0.0000000000
48703  11.765  -35.958  69.372 0.0000000000
46919  11.650  -37.673  68.826 0.0000000000
46073  9.995  -38.691  68.285 0.0000000000
127555  9.680  -39.711  66.196 0.0000000000
43485  9.271  -41.625  64.956 0.0000000000
41648  8.489  -43.441  63.820 0.0000000000
42556  8.218  -42.320  62.685 0.0000000000
46136  7.663  -38.175  62.620 0.0000000000
45314  6.187  -39.371  62.361 0.0000000000
53959  3.986  -29.815  72.793 0.0000000000
54800  4.421  -28.652  72.270 0.0000000000
53136  3.965  -30.848  70.893 0.0000000000
53148  4.902  -31.329  70.007 0.0000000000
52285  5.658  -31.929  69.561 0.0000000000
52291  6.768  -31.337  67.913 0.0000000000
54008  5.788  -29.236  67.755 0.0000000000
53168  6.701  -30.794  67.147 0.0000000000
130884  7.447  -31.574  66.561 0.0000000000
51442  6.755  -31.993  64.705 0.0000000000
50558  6.369  -32.720  63.619 0.0000000000
48811  5.970  -34.048  62.402 0.0000000000
50584  5.324  -32.924  62.302 0.0000000000
47699  12.294  -36.890  82.975 0.0000000000
48610  12.511  -36.298  82.566 0.0000000000
45973  12.999  -37.983  82.063 0.0000000000
47698  12.687  -37.477  82.589 0.0000000000
119695  12.256  -37.558  83.091 0.0000000000
39906  6.794  -45.957  64.085 0.0000000000
40817  6.318  -44.647  63.244 0.0000000000
40816  7.398  -44.452  63.669 0.0000000000
43291  5.302  -41.669  79.179 0.0000000000
43284  5.468  -41.393  79.923 0.0000000000
43314  19.760  -40.137  77.225 0.0000000000
126003  19.783  -40.089  76.544 0.0000000000
43315  19.110  -40.090  76.909 0.0000000000
41486  5.844  -42.273  79.635 0.0000000000
46801  9.065  -37.393  76.099 0.0000000000
46022  9.574  -38.024  75.371 0.0000000000
47749  9.205  -37.176  75.401 0.0000000000
50525  7.540  -32.580  68.151 0.0000000000
49646  8.356  -33.243  67.849 0.0000000000
50524  8.040  -32.638  67.525 0.0000000000
50534  8.010  -32.231  66.565 0.0000000000
111216  8.857  -39.495  83.556 0.0000000000
45113  8.177  -39.331  83.418 0.0000000000
45971  8.939  -38.681  83.564 0.0000000000
109994  12.524  -40.724  80.686 0.0000000000
42364  11.818  -41.494  80.455 0.0000000000
42366  12.026  -41.776  79.716 0.0000000000
42365  11.124  -42.170  80.385 0.0000000000
121396  9.457  -39.663  83.542 0.0000000000
128139  9.374  -40.313  83.460 0.0000000000
44212  8.832  -40.251  83.486 0.0000000000
43264  8.302  -40.760  83.264 0.0000000000
122467  4.114  -35.367  75.006 0.0000000000
129165  3.793  -34.618  75.084 0.0000000000
115518  3.204  -31.626  72.093 0.0000000000
51390  3.166  -32.461  71.910 0.0000000000
51397  3.558  -32.219  71.174 0.0000000000
123601  4.135  -32.868  70.855 0.0000000000
52262  3.538  -31.433  71.310 0.0000000000
40695  3.989  -44.833  74.404 0.0000000000
117058  4.180  -44.117  73.894 0.0000000000
122968  5.437  -40.174  78.126 0.0000000000
45158  5.546  -40.119  77.193 0.0000000000
45157  6.017  -39.654  77.967 0.0000000000
131242  6.396  -39.276  78.387 0.0000000000
47702  7.356  -36.336  82.031 0.0000000000
121672  7.319  -36.996  81.858 0.0000000000
113371  6.634  -34.885  79.606 0.0000000000
48643  6.514  -35.131  79.180 0.0000000000
126495  6.208  -35.090  78.525 0.0000000000
48649  6.113  -35.288  78.006 0.0000000000
40626  8.389  -44.232  79.500 0.0000000000
38795  5.231  -45.874  76.661 0.0000000000
38794  5.746  -45.973  77.001 0.0000000000
122499  3.911  -45.567  74.986 0.0000000000
43405  5.740  -42.276  71.764 0.0000000000
45231  8.384  -39.213  69.216 0.0000000000
45232  7.754  -39.873  68.995 0.0000000000
110344  8.415  -39.557  68.316 0.0000000000
45244  8.047  -40.269  67.804 0.0000000000
119719  8.242  -36.449  71.147 0.0000000000
131458  9.219  -36.428  71.500 0.0000000000
47818  9.109  -36.341  70.756 0.0000000000
117696  11.848  -36.670  65.032 0.0000000000
46946  12.170  -36.966  65.797 0.0000000000
46954  11.620  -37.238  64.465 0.0000000000
46103  11.090  -38.651  64.409 0.0000000000
46118  10.820  -38.581  63.510 0.0000000000
46133  10.296  -38.835  63.015 0.0000000000
46119  10.238  -38.102  62.993 0.0000000000
48823  6.338  -35.345  62.159 0.0000000000
47935  6.370  -36.293  62.118 0.0000000000
47936  5.762  -36.063  61.813 0.0000000000
55575  5.017  -27.975  70.845 0.0000000000
110731  5.102  -29.153  69.577 0.0000000000
54812  5.357  -28.423  68.799 0.0000000000
118495  4.420  -28.905  64.404 0.0000000000
54026  4.669  -29.440  64.529 0.0000000000
54020  5.152  -29.724  65.104 0.0000000000
53181  4.847  -30.273  64.330 0.0000000000
52312  5.233  -31.017  64.257 0.0000000000
53182  4.716  -30.332  63.789 0.0000000000
45964  10.754  -37.892  83.585 0.0000000000
46742  10.423  -37.437  83.594 0.0000000000
46741  10.767  -37.375  83.605 0.0000000000
115882  11.688  -35.223  82.940 0.0000000000
45127  13.467  -38.799  81.505 0.0000000000
44232  12.736  -39.776  81.424 0.0000000000
44215  12.103  -39.502  82.076 0.0000000000
44224  11.460  -40.087  82.239 0.0000000000
45116  11.923  -39.036  82.748 0.0000000000
45969  11.352  -38.348  83.411 0.0000000000
45109  11.590  -38.867  83.139 0.0000000000
45970  10.698  -38.462  83.503 0.0000000000
53097  3.943  -30.653  74.033 0.0000000000
53107  3.625  -30.847  73.352 0.0000000000
53951  4.130  -30.190  73.538 0.0000000000
111985  4.520  -42.936  76.845 0.0000000000
43300  5.232  -41.425  78.824 0.0000000000
44251  5.342  -40.775  78.838 0.0000000000
128591  5.305  -40.679  78.295 0.0000000000
45148  5.479  -40.253  79.521 0.0000000000
51296  7.450  -33.140  82.133 0.0000000000
50441  6.978  -33.621  81.641 0.0000000000
51327  6.579  -33.441  80.342 0.0000000000
51344  6.356  -33.603  79.470 0.0000000000
51355  6.357  -33.572  78.485 0.0000000000
40594  7.263  -43.228  80.450 0.0000000000
40610  6.942  -43.454  79.707 0.0000000000
40630  5.828  -43.586  78.341 0.0000000000
39701  5.678  -44.138  77.852 0.0000000000
121726  5.653  -44.650  77.577 0.0000000000
39714  5.228  -44.466  77.362 0.0000000000
41510  4.759  -42.807  77.695 0.0000000000
41520  4.622  -43.343  77.199 0.0000000000
41530  4.480  -43.637  76.515 0.0000000000
45175  7.757  -39.536  74.201 0.0000000000
110903  7.203  -39.869  72.910 0.0000000000
45185  7.869  -39.570  73.327 0.0000000000
46035  10.123  -38.400  73.769 0.0000000000
45192  9.466  -38.924  73.342 0.0000000000
45201  9.340  -38.940  72.422 0.0000000000
45202  8.921  -39.018  71.630 0.0000000000
118979  10.102  -38.524  72.090 0.0000000000
47857  8.642  -35.702  68.877 0.0000000000
48722  8.053  -35.093  68.991 0.0000000000
111186  9.381  -34.366  67.295 0.0000000000
48757  9.981  -34.691  66.480 0.0000000000
48772  10.643  -35.081  65.591 0.0000000000
48773  9.989  -34.737  64.841 0.0000000000
48793  10.080  -35.091  63.880 0.0000000000
131724  9.452  -34.532  64.237 0.0000000000
49676  7.651  -33.418  64.200 0.0000000000
48795  7.870  -34.081  63.836 0.0000000000
49688  7.297  -33.822  63.636 0.0000000000
121793  7.323  -34.611  63.121 0.0000000000
54855  4.049  -27.781  63.912 0.0000000000
128600  4.206  -28.047  62.779 0.0000000000
54863  4.383  -28.795  62.747 0.0000000000
127415  4.580  -28.250  62.229 0.0000000000
43276  6.456  -41.343  81.358 0.0000000000
44225  6.335  -40.729  81.364 0.0000000000
44219  7.095  -40.328  82.508 0.0000000000
45972  7.615  -38.187  83.162 0.0000000000
120683  7.236  -38.805  82.762 0.0000000000
46752  7.416  -37.328  82.734 0.0000000000
47690  7.644  -36.613  83.119 0.0000000000
48593  9.989  -36.279  83.565 0.0000000000
47683  9.932  -36.808  83.572 0.0000000000
48598  9.684  -35.621  83.610 0.0000000000
49536  9.277  -34.952  83.648 0.0000000000
50408  8.712  -34.283  83.629 0.0000000000
50420  8.109  -33.730  83.414 0.0000000000
50430  7.705  -33.372  82.833 0.0000000000
51283  8.477  -33.069  83.129 0.0000000000
110827  18.287  -39.141  78.932 0.0000000000
125362  17.940  -39.511  78.609 0.0000000000
44244  17.536  -39.200  78.941 0.0000000000
43280  15.982  -39.445  79.315 0.0000000000
43287  16.336  -39.702  78.927 0.0000000000
43290  13.124  -40.890  79.590 0.0000000000
43289  13.943  -40.142  79.808 0.0000000000
42374  12.284  -42.150  78.213 0.0000000000
41481  10.534  -42.858  80.243 0.0000000000
41495  9.769  -43.544  79.993 0.0000000000
43272  10.906  -40.772  82.327 0.0000000000
130285  10.711  -41.233  82.061 0.0000000000
42350  8.751  -41.746  82.909 0.0000000000
42354  9.018  -42.206  82.357 0.0000000000
121201  9.002  -42.945  81.203 0.0000000000
41468  8.578  -42.623  81.827 0.0000000000
41475  7.534  -42.962  81.114 0.0000000000
41469  7.881  -42.622  81.757 0.0000000000
43269  7.250  -41.084  82.495 0.0000000000
42357  7.020  -42.045  81.843 0.0000000000
43275  6.917  -41.595  82.036 0.0000000000
42358  6.706  -42.120  81.262 0.0000000000
46813  5.721  -37.114  75.335 0.0000000000
46842  5.143  -36.557  73.432 0.0000000000
46841  5.520  -37.096  73.542 0.0000000000
46860  5.554  -36.736  72.884 0.0000000000
46881  6.012  -36.668  72.334 0.0000000000
46861  5.733  -36.175  72.471 0.0000000000
50476  3.130  -33.103  74.217 0.0000000000
117837  3.517  -34.738  73.885 0.0000000000
120377  3.134  -33.962  73.615 0.0000000000
49611  4.207  -34.229  71.556 0.0000000000
48681  4.418  -34.745  71.960 0.0000000000
47822  5.708  -35.183  71.427 0.0000000000
48690  5.399  -34.669  71.270 0.0000000000
48707  5.677  -34.411  70.774 0.0000000000
50503  5.346  -32.985  70.368 0.0000000000
49637  5.674  -33.567  70.271 0.0000000000
50515  5.869  -33.030  69.906 0.0000000000
48631  14.560  -36.041  80.562 0.0000000000
48637  15.179  -35.283  79.906 0.0000000000
44246  21.406  -39.214  77.831 0.0000000000
44259  21.328  -39.469  76.905 0.0000000000
44247  20.817  -39.353  78.347 0.0000000000
46769  22.487  -37.046  81.196 0.0000000000
46768  23.258  -36.987  81.164 0.0000000000
45990  22.820  -37.379  80.752 0.0000000000
45997  23.112  -37.584  80.287 0.0000000000
46004  22.587  -37.922  79.795 0.0000000000
44235  20.408  -38.784  79.480 0.0000000000
110829  20.465  -39.124  78.898 0.0000000000
110967  19.807  -38.711  79.667 0.0000000000
45121  19.150  -38.052  80.462 0.0000000000
45132  19.158  -38.396  80.109 0.0000000000
121906  18.616  -36.723  81.378 0.0000000000
132897  17.480  -37.627  80.742 0.0000000000
122147  16.527  -37.728  80.737 0.0000000000
47720  15.773  -36.941  80.796 0.0000000000
47721  14.821  -36.806  80.951 0.0000000000
130827  3.627  -46.502  71.719 0.0000000000
111417  3.917  -45.466  72.299 0.0000000000
41557  4.526  -43.595  73.390 0.0000000000
41565  4.575  -44.010  72.414 0.0000000000
43388  5.284  -42.595  73.288 0.0000000000
43334  4.916  -42.128  75.917 0.0000000000
45171  5.484  -40.624  75.302 0.0000000000
44283  5.277  -41.311  75.174 0.0000000000
111895  5.645  -40.979  74.406 0.0000000000
45177  6.015  -40.184  74.728 0.0000000000
45155  7.918  -38.711  77.514 0.0000000000
46015  8.582  -38.253  77.208 0.0000000000
46019  8.944  -38.307  76.451 0.0000000000
46011  8.549  -37.723  77.616 0.0000000000
44233  6.100  -40.236  80.979 0.0000000000
44234  5.654  -40.614  80.621 0.0000000000
45138  6.204  -39.635  80.948 0.0000000000
120564  6.562  -38.454  81.090 0.0000000000
45994  6.347  -39.089  80.941 0.0000000000
46000  6.312  -38.833  80.682 0.0000000000
48623  7.302  -35.609  81.394 0.0000000000
48633  7.231  -35.643  80.881 0.0000000000
47725  7.214  -36.245  80.596 0.0000000000
45999  6.779  -38.101  80.433 0.0000000000
46780  7.306  -37.450  79.813 0.0000000000
46005  7.540  -38.003  79.054 0.0000000000
47733  7.149  -36.205  78.592 0.0000000000
47739  7.371  -36.412  77.669 0.0000000000
47738  8.231  -36.910  77.498 0.0000000000
47744  6.956  -36.646  76.683 0.0000000000
110349  6.159  -36.286  77.098 0.0000000000
48652  5.760  -35.436  77.362 0.0000000000
113830  5.212  -35.554  76.588 0.0000000000
48655  4.683  -35.513  75.778 0.0000000000
43304  17.607  -39.997  77.595 0.0000000000
111028  18.224  -40.013  76.878 0.0000000000
43317  17.259  -39.949  76.719 0.0000000000
39712  6.722  -44.901  78.102 0.0000000000
110572  3.494  -46.288  73.327 0.0000000000
38876  3.258  -47.060  72.185 0.0000000000
123587  5.481  -43.556  69.604 0.0000000000
41592  5.387  -44.214  69.830 0.0000000000
41599  5.428  -43.857  69.204 0.0000000000
45215  6.607  -40.714  71.021 0.0000000000
44335  6.291  -41.341  70.686 0.0000000000
44334  6.609  -40.750  70.134 0.0000000000
44362  6.699  -41.060  68.479 0.0000000000
44363  6.285  -41.528  69.021 0.0000000000
43466  6.085  -42.272  68.290 0.0000000000
42503  5.954  -43.019  68.293 0.0000000000
42512  6.813  -42.426  67.410 0.0000000000
43487  8.187  -41.841  66.421 0.0000000000
42511  7.622  -42.301  66.765 0.0000000000
42524  8.435  -42.452  65.999 0.0000000000
41631  8.418  -43.972  65.458 0.0000000000
42522  9.016  -42.415  65.155 0.0000000000
47766  9.952  -36.848  74.123 0.0000000000
47767  9.290  -36.711  73.883 0.0000000000
47794  10.936  -36.556  71.851 0.0000000000
123136  11.002  -36.862  72.442 0.0000000000
46895  11.371  -37.284  71.299 0.0000000000
121262  11.235  -37.797  70.667 0.0000000000
48704  10.804  -35.738  69.151 0.0000000000
46927  12.116  -37.297  67.518 0.0000000000
46918  12.233  -37.112  68.487 0.0000000000
46928  11.696  -37.691  67.986 0.0000000000
113962  11.000  -38.298  68.072 0.0000000000
110020  10.208  -38.746  67.367 0.0000000000
127615  9.627  -39.325  66.828 0.0000000000
46080  10.421  -38.790  66.602 0.0000000000
44414  9.987  -40.741  63.767 0.0000000000
44400  9.668  -40.755  64.846 0.0000000000
43497  9.675  -41.514  64.012 0.0000000000
42536  9.335  -42.260  64.205 0.0000000000
42546  8.851  -42.604  63.419 0.0000000000
42547  8.040  -43.097  63.024 0.0000000000
43509  8.975  -41.798  62.861 0.0000000000
44428  8.251  -40.700  62.535 0.0000000000
114602  6.580  -40.106  62.454 0.0000000000
46969  9.095  -36.776  62.740 0.0000000000
46979  9.335  -37.758  62.762 0.0000000000
46980  8.366  -37.481  62.628 0.0000000000
115745  5.968  -37.819  62.146 0.0000000000
46138  5.881  -38.584  62.199 0.0000000000
45316  5.070  -39.353  61.592 0.0000000000
55570  4.842  -27.852  71.924 0.0000000000
110089  4.279  -29.221  71.506 0.0000000000
53966  3.803  -30.070  71.641 0.0000000000
53149  4.428  -31.335  70.273 0.0000000000
53135  4.649  -30.621  70.055 0.0000000000
53998  5.608  -29.935  68.819 0.0000000000
120835  5.244  -30.819  69.559 0.0000000000
53156  5.781  -31.022  69.069 0.0000000000
52284  6.197  -31.602  68.819 0.0000000000
53161  6.387  -30.861  68.111 0.0000000000
131985  4.743  -27.358  65.882 0.0000000000
55603  5.291  -27.313  67.210 0.0000000000
110752  5.493  -28.030  67.721 0.0000000000
54830  5.610  -28.475  67.397 0.0000000000
53174  5.898  -30.463  65.467 0.0000000000
53169  6.359  -30.241  66.501 0.0000000000
52299  6.577  -30.886  66.111 0.0000000000
52298  7.092  -31.220  66.824 0.0000000000
52304  6.866  -31.480  65.621 0.0000000000
50535  7.504  -31.946  65.693 0.0000000000
51451  5.826  -31.932  63.697 0.0000000000
51450  6.191  -32.284  63.766 0.0000000000
50559  5.925  -32.443  63.394 0.0000000000
50571  6.063  -33.166  63.041 0.0000000000
50572  5.600  -32.673  62.876 0.0000000000
52327  5.097  -31.197  62.917 0.0000000000
47687  11.131  -36.980  83.565 0.0000000000
48611  11.974  -36.022  83.028 0.0000000000
49560  11.970  -34.721  82.390 0.0000000000
46763  14.146  -37.780  81.448 0.0000000000
45986  13.744  -38.291  81.514 0.0000000000
45974  12.488  -38.425  82.539 0.0000000000
46746  11.905  -37.928  83.314 0.0000000000
40818  5.347  -44.600  62.730 0.0000000000
41651  5.874  -43.902  62.659 0.0000000000
125281  4.737  -42.278  77.637 0.0000000000
43292  5.086  -41.909  78.525 0.0000000000
41477  6.518  -42.330  80.624 0.0000000000
122189  6.462  -43.114  79.381 0.0000000000
41485  6.270  -42.564  79.839 0.0000000000
40611  5.962  -42.903  79.019 0.0000000000
41509  5.452  -43.112  78.354 0.0000000000
41497  5.082  -42.663  78.224 0.0000000000
45184  8.749  -39.228  73.912 0.0000000000
46023  9.267  -38.534  75.236 0.0000000000
46028  9.807  -38.274  74.590 0.0000000000
46027  10.351  -37.842  74.059 0.0000000000
49634  7.773  -34.084  68.808 0.0000000000
49645  8.928  -33.503  66.999 0.0000000000
49654  8.775  -33.399  65.725 0.0000000000
48774  9.225  -34.090  65.054 0.0000000000
49663  8.113  -32.987  65.064 0.0000000000
49664  7.424  -32.897  64.425 0.0000000000
44218  7.716  -40.590  82.981 0.0000000000
44214  7.648  -39.846  83.045 0.0000000000
117164  8.118  -38.670  83.433 0.0000000000
45968  8.568  -38.000  83.506 0.0000000000
49535  9.727  -34.944  83.606 0.0000000000
50418  9.570  -33.518  83.345 0.0000000000
51282  9.240  -32.959  83.158 0.0000000000
51294  8.929  -32.595  82.690 0.0000000000
51293  9.644  -32.612  82.594 0.0000000000
44228  17.810  -38.608  79.651 0.0000000000
44238  17.245  -38.880  79.288 0.0000000000
44239  16.446  -39.024  79.506 0.0000000000
125376  13.375  -39.960  80.713 0.0000000000
128357  12.525  -41.427  79.438 0.0000000000
41472  10.585  -42.278  80.931 0.0000000000
44217  10.314  -40.405  83.136 0.0000000000
113095  9.989  -41.093  83.054 0.0000000000
44211  9.647  -40.675  83.326 0.0000000000
43266  9.275  -41.256  83.155 0.0000000000
42351  8.015  -41.780  82.737 0.0000000000
43267  8.435  -41.306  83.114 0.0000000000
43268  7.826  -41.226  82.889 0.0000000000
46814  5.133  -37.000  74.873 0.0000000000
47757  4.886  -36.493  74.710 0.0000000000
47769  4.844  -36.272  73.954 0.0000000000
47770  4.448  -35.733  73.690 0.0000000000
121275  3.252  -33.897  72.638 0.0000000000
120376  3.127  -33.118  72.245 0.0000000000
50489  3.580  -33.785  71.800 0.0000000000
49619  4.764  -33.893  71.118 0.0000000000
49618  5.255  -34.160  70.997 0.0000000000
50504  4.771  -33.277  70.768 0.0000000000
51413  4.770  -32.600  70.484 0.0000000000
118210  22.076  -38.584  78.213 0.0000000000
45991  21.995  -37.542  80.793 0.0000000000
45142  19.739  -38.446  80.091 0.0000000000
127933  19.837  -37.556  80.884 0.0000000000
127587  19.675  -37.263  81.146 0.0000000000
47719  16.813  -36.543  80.824 0.0000000000
111418  3.776  -45.571  73.033 0.0000000000
40717  4.066  -44.817  72.659 0.0000000000
44265  5.166  -40.845  76.769 0.0000000000
45164  5.482  -40.322  76.188 0.0000000000
112822  6.145  -39.753  76.504 0.0000000000
46012  7.741  -38.377  78.307 0.0000000000
45977  6.823  -38.481  82.028 0.0000000000
46765  7.033  -37.765  81.732 0.0000000000
46770  6.942  -37.675  81.284 0.0000000000
49578  6.903  -34.902  80.325 0.0000000000
47728  7.456  -36.667  79.263 0.0000000000
47734  6.389  -35.723  78.237 0.0000000000
47740  6.119  -36.031  77.398 0.0000000000
47735  6.079  -35.631  77.684 0.0000000000
44262  16.301  -40.018  77.046 0.0000000000
44263  15.465  -39.976  76.466 0.0000000000
40643  9.342  -44.391  78.637 0.0000000000
39710  8.673  -44.786  78.335 0.0000000000
124473  8.031  -45.020  78.143 0.0000000000
38779  6.217  -45.399  77.505 0.0000000000
118481  4.301  -45.407  75.927 0.0000000000
111585  3.973  -46.284  75.521 0.0000000000
42457  5.166  -43.366  71.867 0.0000000000
41585  5.226  -44.173  70.576 0.0000000000
42470  5.330  -43.478  70.963 0.0000000000
42469  5.569  -42.924  70.528 0.0000000000
43435  5.775  -42.441  70.056 0.0000000000
45213  7.806  -39.480  70.520 0.0000000000
45223  7.112  -40.243  69.572 0.0000000000
45233  7.183  -40.498  68.767 0.0000000000
44374  6.951  -41.293  67.758 0.0000000000
43478  7.201  -41.819  67.306 0.0000000000
44373  7.688  -40.890  67.448 0.0000000000
44389  8.070  -41.126  66.872 0.0000000000
44388  8.644  -40.724  66.436 0.0000000000
47781  7.880  -36.905  72.583 0.0000000000
47780  9.065  -36.592  72.947 0.0000000000
47816  10.985  -36.347  70.873 0.0000000000
48755  11.713  -35.583  67.003 0.0000000000
48737  11.949  -35.612  67.896 0.0000000000
47882  12.324  -36.321  66.853 0.0000000000
46937  12.080  -37.304  66.577 0.0000000000
46089  11.595  -37.790  65.770 0.0000000000
46091  10.274  -39.105  65.896 0.0000000000
46090  11.039  -38.565  65.319 0.0000000000
45287  10.734  -39.380  63.946 0.0000000000
44413  10.264  -40.000  63.511 0.0000000000
44421  10.055  -39.894  63.008 0.0000000000
123207  8.887  -40.245  62.608 0.0000000000
45311  8.984  -39.391  62.696 0.0000000000
47934  7.128  -36.417  62.441 0.0000000000
46981  7.390  -37.326  62.478 0.0000000000
46982  6.500  -37.206  62.245 0.0000000000
118445  5.427  -37.948  61.924 0.0000000000
54805  4.752  -28.944  70.545 0.0000000000
121049  4.766  -29.748  70.016 0.0000000000
54846  5.045  -28.118  65.766 0.0000000000
54829  5.587  -28.761  66.585 0.0000000000
54015  5.299  -28.937  65.659 0.0000000000
52306  5.647  -31.064  64.786 0.0000000000
128252  6.212  -31.568  64.717 0.0000000000
52319  5.398  -31.454  63.661 0.0000000000
45107  10.039  -38.460  83.570 0.0000000000
45966  9.946  -37.946  83.577 0.0000000000
47682  10.213  -36.893  83.583 0.0000000000
120842  10.251  -36.444  83.580 0.0000000000
48596  10.675  -36.258  83.563 0.0000000000
132810  10.611  -35.197  83.477 0.0000000000
45124  16.209  -38.275  80.430 0.0000000000
45136  15.572  -38.630  80.414 0.0000000000
45137  14.468  -38.885  80.940 0.0000000000
44221  13.514  -39.354  81.188 0.0000000000
43271  11.434  -40.578  81.822 0.0000000000
44216  10.957  -40.111  82.797 0.0000000000
45117  11.327  -39.383  82.993 0.0000000000
44209  10.700  -39.654  83.193 0.0000000000
45111  10.474  -39.074  83.446 0.0000000000
45112  10.010  -39.056  83.566 0.0000000000
122230  3.615  -33.065  75.081 0.0000000000
116791  3.459  -32.193  74.565 0.0000000000
53084  4.322  -30.348  74.695 0.0000000000
117568  3.095  -32.260  73.672 0.0000000000
52243  3.218  -31.520  73.081 0.0000000000
52253  3.416  -30.870  72.633 0.0000000000
111374  4.407  -43.270  75.158 0.0000000000
111399  4.472  -43.131  76.051 0.0000000000
42397  4.628  -42.580  76.412 0.0000000000
43320  4.805  -42.084  76.783 0.0000000000
43308  4.849  -41.941  77.449 0.0000000000
44258  5.024  -41.387  77.247 0.0000000000
49561  7.186  -34.630  82.220 0.0000000000
48614  7.331  -35.697  81.816 0.0000000000
117723  6.953  -34.585  81.208 0.0000000000
50450  6.768  -33.436  81.026 0.0000000000
50451  6.590  -33.910  80.676 0.0000000000
114130  6.740  -34.435  80.623 0.0000000000
50461  6.121  -34.528  78.410 0.0000000000
132846  6.163  -34.062  78.754 0.0000000000
40627  7.680  -44.188  79.430 0.0000000000
40628  7.076  -44.001  79.244 0.0000000000
39713  6.148  -44.753  77.851 0.0000000000
39739  4.551  -45.452  76.305 0.0000000000
40646  4.863  -44.016  77.241 0.0000000000
40672  4.421  -44.461  76.191 0.0000000000
125784  6.361  -40.725  73.081 0.0000000000
44310  6.310  -41.167  72.550 0.0000000000
45195  6.559  -40.590  72.527 0.0000000000
45194  6.885  -40.075  72.235 0.0000000000
129479  7.432  -39.743  71.747 0.0000000000
127058  8.655  -39.308  72.937 0.0000000000
114595  7.578  -39.636  71.121 0.0000000000
45212  8.309  -39.233  71.010 0.0000000000
45221  8.510  -39.055  70.195 0.0000000000
46060  9.251  -38.803  69.549 0.0000000000
125735  7.128  -35.994  70.089 0.0000000000
122747  8.022  -36.266  70.259 0.0000000000
47840  8.020  -35.972  69.422 0.0000000000
47856  9.568  -35.767  68.822 0.0000000000
48720  10.340  -35.477  68.287 0.0000000000
113764  10.025  -35.073  67.433 0.0000000000
48738  11.064  -35.422  67.634 0.0000000000
48771  11.571  -35.590  66.053 0.0000000000
48791  11.481  -35.851  65.125 0.0000000000
47907  11.358  -36.360  64.209 0.0000000000
47919  10.743  -36.672  63.485 0.0000000000
47908  10.665  -35.852  63.748 0.0000000000
47920  9.838  -36.023  63.197 0.0000000000
116887  8.798  -35.800  62.951 0.0000000000
48794  8.697  -34.297  64.063 0.0000000000
130442  8.196  -35.702  62.876 0.0000000000
47922  7.645  -35.593  62.764 0.0000000000
116858  6.726  -34.736  62.666 0.0000000000
48810  6.349  -34.458  62.493 0.0000000000
54850  4.144  -28.678  63.962 0.0000000000
126093  4.616  -30.032  63.359 0.0000000000
54032  4.281  -29.200  63.363 0.0000000000
54869  4.930  -28.729  61.842 0.0000000000
40802  7.794  -44.820  64.376 0.0000000000
42363  5.795  -41.739  80.208 0.0000000000
43278  5.680  -41.132  80.520 0.0000000000
43277  6.110  -41.136  80.870 0.0000000000
115246  6.422  -40.130  81.642 0.0000000000
45118  7.181  -39.489  82.651 0.0000000000
121010  6.871  -39.051  82.326 0.0000000000
47701  7.379  -36.456  82.554 0.0000000000
46744  9.767  -37.345  83.584 0.0000000000
47684  9.464  -36.751  83.622 0.0000000000
47685  8.840  -36.752  83.643 0.0000000000
48599  9.200  -35.600  83.679 0.0000000000
47689  8.229  -36.363  83.535 0.0000000000
48600  8.429  -35.676  83.648 0.0000000000
49538  7.897  -35.170  83.475 0.0000000000
49552  7.403  -35.024  82.872 0.0000000000
50421  7.432  -34.132  82.964 0.0000000000
51309  7.903  -32.540  81.864 0.0000000000
128740  19.088  -39.901  78.279 0.0000000000
43302  19.132  -40.110  77.787 0.0000000000
43295  18.490  -39.864  78.278 0.0000000000
110171  17.057  -40.041  78.093 0.0000000000
43286  17.148  -39.583  78.740 0.0000000000
43297  16.709  -39.909  78.555 0.0000000000
44249  16.209  -40.072  77.952 0.0000000000
43306  14.182  -40.528  77.714 0.0000000000
44240  15.534  -39.206  79.822 0.0000000000
110384  15.055  -39.656  79.555 0.0000000000
114285  14.773  -40.091  79.176 0.0000000000
43298  14.505  -40.372  78.553 0.0000000000
40625  9.170  -44.106  79.400 0.0000000000
40607  8.850  -43.870  80.100 0.0000000000
42353  10.565  -41.721  81.674 0.0000000000
125527  10.094  -42.305  81.374 0.0000000000
112917  9.790  -42.088  82.026 0.0000000000
41473  9.587  -42.554  81.450 0.0000000000
41483  8.474  -43.464  80.644 0.0000000000
40593  7.785  -43.429  80.618 0.0000000000
41476  7.025  -42.744  80.925 0.0000000000
42356  7.603  -42.173  82.185 0.0000000000
42362  6.190  -41.903  80.614 0.0000000000
126744  7.742  -36.949  76.166 0.0000000000
125739  8.751  -37.009  75.332 0.0000000000
46823  7.827  -37.094  75.282 0.0000000000
46839  7.540  -37.183  74.228 0.0000000000
46825  5.661  -37.190  74.429 0.0000000000
46840  6.451  -37.262  73.867 0.0000000000
46858  7.195  -37.153  73.242 0.0000000000
46880  6.732  -37.002  72.289 0.0000000000
47797  7.449  -36.682  71.668 0.0000000000
47798  6.454  -36.380  71.556 0.0000000000
49594  3.700  -34.859  74.568 0.0000000000
48665  3.973  -35.232  73.340 0.0000000000
47783  4.587  -35.371  72.995 0.0000000000
47801  4.687  -35.063  72.393 0.0000000000
47800  5.158  -35.469  72.609 0.0000000000
110006  5.654  -35.573  72.036 0.0000000000
47821  6.039  -35.758  71.408 0.0000000000
47820  6.583  -35.856  70.844 0.0000000000
47841  6.722  -35.367  70.447 0.0000000000
112317  6.814  -34.906  70.153 0.0000000000
48724  6.483  -34.346  69.940 0.0000000000
128505  5.538  -33.968  70.583 0.0000000000
49635  6.905  -33.933  69.273 0.0000000000
50513  6.861  -33.166  69.039 0.0000000000
51420  6.938  -32.353  68.595 0.0000000000
48621  12.934  -36.038  81.919 0.0000000000
48632  13.546  -35.686  81.137 0.0000000000
49568  14.135  -35.222  80.237 0.0000000000
43293  19.770  -40.000  77.984 0.0000000000
45996  23.878  -37.467  80.150 0.0000000000
45145  22.011  -38.338  79.096 0.0000000000
44248  20.135  -39.542  78.448 0.0000000000
43294  19.404  -39.569  78.552 0.0000000000
44243  19.025  -39.136  78.968 0.0000000000
44227  18.556  -38.608  79.716 0.0000000000
45134  17.612  -38.435  79.997 0.0000000000
45123  17.327  -38.184  80.314 0.0000000000
46759  19.870  -36.837  81.526 0.0000000000
46760  19.097  -37.177  81.210 0.0000000000
45982  18.122  -37.736  80.662 0.0000000000
45984  15.783  -38.088  80.731 0.0000000000
114222  16.149  -37.343  80.795 0.0000000000
47712  13.987  -37.156  81.493 0.0000000000
43387  5.686  -42.221  72.721 0.0000000000
44311  5.914  -41.722  73.105 0.0000000000
42418  4.662  -42.836  74.670 0.0000000000
43371  5.119  -42.454  74.207 0.0000000000
44275  5.121  -41.585  75.749 0.0000000000
44284  5.123  -41.814  75.261 0.0000000000
44298  5.680  -41.585  73.874 0.0000000000
45187  6.209  -40.333  73.787 0.0000000000
45176  6.792  -39.767  74.386 0.0000000000
110461  7.517  -39.503  75.051 0.0000000000
45169  7.109  -39.499  75.933 0.0000000000
45168  8.079  -39.205  75.690 0.0000000000
45167  8.787  -38.756  75.833 0.0000000000
47742  8.547  -37.166  76.717 0.0000000000
44241  5.423  -40.742  80.226 0.0000000000
45144  5.401  -40.011  79.891 0.0000000000
45143  5.982  -39.718  80.512 0.0000000000
115370  5.689  -39.870  79.407 0.0000000000
46007  6.166  -39.143  79.542 0.0000000000
47714  7.360  -36.275  81.665 0.0000000000
125426  7.319  -36.211  81.350 0.0000000000
129646  7.044  -37.148  81.054 0.0000000000
45150  6.799  -38.787  78.844 0.0000000000
46786  8.116  -37.671  78.314 0.0000000000
46793  8.406  -37.270  77.858 0.0000000000
47737  8.549  -37.349  77.330 0.0000000000
126760  8.319  -37.009  76.308 0.0000000000
46803  5.860  -36.768  76.207 0.0000000000
49591  4.262  -34.798  75.544 0.0000000000
50465  5.771  -34.611  77.459 0.0000000000
50468  5.260  -34.368  76.366 0.0000000000
50469  4.639  -34.155  75.696 0.0000000000
110949  18.054  -39.942  76.024 0.0000000000
39711  7.399  -44.994  78.215 0.0000000000
39726  7.631  -45.340  77.598 0.0000000000
38792  7.120  -45.831  77.038 0.0000000000
40750  5.132  -44.728  70.303 0.0000000000
44321  6.317  -41.289  71.576 0.0000000000
43420  6.007  -41.897  70.361 0.0000000000
43434  5.991  -41.994  69.549 0.0000000000
42494  5.775  -42.687  68.785 0.0000000000
41598  5.650  -43.828  68.629 0.0000000000
40774  5.780  -44.529  68.423 0.0000000000
113563  7.066  -43.126  67.023 0.0000000000
40815  8.149  -44.143  64.134 0.0000000000
47755  9.327  -36.930  74.685 0.0000000000
46821  10.222  -37.314  74.146 0.0000000000
46838  10.556  -37.396  73.478 0.0000000000
47779  10.043  -36.627  73.247 0.0000000000
111582  10.694  -36.930  73.045 0.0000000000
46040  10.758  -37.998  72.446 0.0000000000
46047  10.849  -38.056  71.551 0.0000000000
46052  10.439  -38.382  70.785 0.0000000000
46067  9.897  -38.660  69.068 0.0000000000
121030  10.095  -36.190  70.442 0.0000000000
47838  11.017  -35.945  70.030 0.0000000000
47837  11.587  -36.405  70.260 0.0000000000
47855  12.239  -36.340  68.843 0.0000000000
126301  11.969  -36.532  69.674 0.0000000000
46894  11.754  -37.012  70.355 0.0000000000
46906  11.516  -37.694  69.759 0.0000000000
46066  10.792  -38.279  68.996 0.0000000000
46074  9.269  -39.128  67.770 0.0000000000
45257  9.112  -40.086  66.690 0.0000000000
44401  8.946  -41.029  65.731 0.0000000000
45273  10.023  -39.890  65.373 0.0000000000
45274  9.335  -40.343  65.905 0.0000000000
42537  8.946  -43.001  64.414 0.0000000000
41649  7.756  -43.779  63.403 0.0000000000
41659  7.273  -43.388  62.852 0.0000000000
41660  6.439  -43.274  62.578 0.0000000000
46135  8.640  -38.402  62.713 0.0000000000
122558  7.909  -38.984  62.691 0.0000000000
46137  7.143  -38.715  62.599 0.0000000000
45313  7.066  -39.434  62.624 0.0000000000
116764  5.919  -40.005  62.127 0.0000000000
113033  4.254  -29.700  73.267 0.0000000000
113080  3.669  -30.248  72.396 0.0000000000
53958  3.985  -29.522  72.342 0.0000000000
52269  3.973  -31.709  70.629 0.0000000000
52278  4.689  -31.911  70.236 0.0000000000
51412  5.248  -32.250  70.135 0.0000000000
52277  5.265  -31.601  69.817 0.0000000000
51421  6.111  -32.359  69.306 0.0000000000
51431  6.617  -31.884  68.525 0.0000000000
51430  7.218  -31.662  67.682 0.0000000000
54820  5.555  -28.908  68.276 0.0000000000
54007  6.111  -29.628  67.048 0.0000000000
51429  7.705  -31.939  67.270 0.0000000000
50547  7.160  -32.425  64.603 0.0000000000
51443  6.196  -31.963  64.111 0.0000000000
50548  6.579  -32.385  64.051 0.0000000000
50557  6.852  -32.836  63.937 0.0000000000
49678  6.587  -33.257  63.428 0.0000000000
130300  6.356  -33.752  62.933 0.0000000000
53189  4.919  -30.721  63.372 0.0000000000
51458  5.297  -31.669  63.083 0.0000000000
49690  5.623  -33.467  62.369 0.0000000000
48825  5.007  -35.283  61.485 0.0000000000
42375  4.870  -42.321  77.999 0.0000000000
42444  5.425  -42.712  72.305 0.0000000000
42482  5.751  -42.547  69.326 0.0000000000
42483  5.590  -43.011  69.790 0.0000000000
42523  8.702  -43.198  65.343 0.0000000000
42545  9.323  -41.909  63.492 0.0000000000
42557  7.202  -42.668  62.557 0.0000000000
43451  6.350  -41.671  68.323 0.0000000000
44220  6.598  -40.401  81.970 0.0000000000
44336  6.029  -41.836  71.224 0.0000000000
44390  7.564  -41.389  67.234 0.0000000000
44402  8.368  -41.316  66.393 0.0000000000
44422  9.788  -40.501  63.054 0.0000000000
44427  9.519  -40.092  62.764 0.0000000000
44429  6.220  -40.660  62.192 0.0000000000
45106  10.323  -38.570  83.534 0.0000000000
45108  9.663  -38.379  83.569 0.0000000000
45174  9.212  -38.822  74.564 0.0000000000
45186  6.997  -39.827  73.583 0.0000000000
45203  8.112  -39.419  71.689 0.0000000000
45204  6.919  -40.116  71.385 0.0000000000
45243  8.854  -39.832  67.474 0.0000000000
45288  10.285  -40.047  64.374 0.0000000000
45310  9.904  -39.397  62.860 0.0000000000
45312  8.068  -39.827  62.682 0.0000000000
46018  9.287  -37.873  76.053 0.0000000000
46034  10.584  -37.911  73.270 0.0000000000
46053  8.979  -38.892  70.915 0.0000000000
46117  11.323  -37.900  64.010 0.0000000000
46745  9.095  -37.322  83.615 0.0000000000
46811  9.461  -37.557  75.415 0.0000000000
46857  10.888  -37.339  72.642 0.0000000000
46878  11.269  -37.012  71.926 0.0000000000
46905  12.124  -37.005  69.411 0.0000000000
46917  12.415  -36.619  67.954 0.0000000000
46936  12.295  -36.784  66.498 0.0000000000
46945  12.229  -36.439  66.267 0.0000000000
46967  10.840  -37.603  63.386 0.0000000000
47754  9.689  -37.241  74.725 0.0000000000
47758  4.469  -35.924  74.465 0.0000000000
47854  12.363  -35.933  68.063 0.0000000000
47868  12.403  -36.266  67.476 0.0000000000
47883  12.117  -35.921  66.512 0.0000000000
48595  9.039  -36.200  83.709 0.0000000000
48672  4.120  -35.001  72.574 0.0000000000
48689  5.833  -34.861  71.011 0.0000000000
48718  12.073  -35.819  68.575 0.0000000000
48754  12.222  -35.847  67.322 0.0000000000
49553  7.275  -35.243  82.107 0.0000000000
49626  5.903  -34.122  70.274 0.0000000000
50432  6.997  -34.327  81.670 0.0000000000
52320  5.147  -31.208  63.386 0.0000000000
55632  4.090  -27.470  63.190 0.0000000000
110758  8.344  -37.028  75.843 0.0000000000
112287  8.981  -36.196  69.898 0.0000000000
112826  10.579  -36.645  72.578 0.0000000000
116668  8.841  -41.312  83.179 0.0000000000
117087  9.828  -34.499  65.649 0.0000000000
117165  7.722  -40.161  68.368 0.0000000000
118755  9.543  -38.697  70.437 0.0000000000
119194  10.911  -38.482  66.089 0.0000000000
120375  3.529  -33.036  71.455 0.0000000000
122793  11.818  -37.332  65.143 0.0000000000
125261  4.915  -41.770  77.025 0.0000000000
125916  6.396  -30.303  67.369 0.0000000000
125993  8.944  -36.052  69.202 0.0000000000
126452  5.388  -36.088  72.926 0.0000000000
126916  6.540  -38.851  62.468 0.0000000000
130793  9.502  -38.777  71.857 0.0000000000
130999  7.350  -36.953  82.216 0.0000000000
131355  5.599  -43.260  68.825 0.0000000000
132009  12.243  -38.689  82.696 0.0000000000
132043  5.526  -35.764  72.549 0.0000000000
132921  10.115  -34.869  83.551 0.0000000000
