#!ascii label  , from subject sub-fsm24dz vox2ras=TkReg
285
71580  27.864  -8.946  -1.028 0.0000000000
122016  25.982  -19.641  1.720 0.0000000000
76517  27.053  -3.480  -1.750 0.0000000000
85511  25.675  8.113  -2.740 0.0000000000
61786  23.938  -21.315  2.461 0.0000000000
119368  29.241  -0.995  0.205 0.0000000000
81052  28.765  2.373  -0.561 0.0000000000
69251  26.246  -12.098  -1.429 0.0000000000
67649  26.576  -14.597  -0.149 0.0000000000
70066  28.349  -11.709  0.801 0.0000000000
73979  30.073  -6.102  0.634 0.0000000000
72369  30.078  -9.139  1.436 0.0000000000
73993  27.463  -6.363  -2.230 0.0000000000
76498  30.144  -3.217  0.003 0.0000000000
82517  26.145  4.552  -2.049 0.0000000000
83346  29.152  5.191  -1.860 0.0000000000
65079  27.095  -17.386  1.626 0.0000000000
79631  27.222  0.471  -1.243 0.0000000000
123752  27.411  2.035  -1.168 0.0000000000
70856  26.927  -10.579  -1.635 0.0000000000
70077  27.277  -11.941  -0.754 0.0000000000
70842  27.929  -10.386  -0.279 0.0000000000
62647  25.169  -20.598  1.962 0.0000000000
122315  27.261  -5.018  -2.200 0.0000000000
75631  28.798  -4.685  -0.411 0.0000000000
76515  28.569  -3.350  -0.482 0.0000000000
79613  30.654  0.554  -0.351 0.0000000000
78090  31.808  -1.070  -0.662 0.0000000000
84824  24.503  6.898  -3.176 0.0000000000
129779  24.397  4.234  -3.410 0.0000000000
122833  25.718  5.986  -2.441 0.0000000000
86230  28.348  9.134  -5.725 0.0000000000
84866  29.102  7.695  -5.126 0.0000000000
84067  28.546  6.601  -2.312 0.0000000000
83374  29.834  5.778  -4.101 0.0000000000
82515  30.197  4.687  -2.925 0.0000000000
67636  27.757  -14.636  1.221 0.0000000000
66826  26.669  -16.241  0.661 0.0000000000
61772  22.800  -21.922  3.169 0.0000000000
78092  27.992  -1.821  -0.645 0.0000000000
78887  27.943  -0.888  -0.638 0.0000000000
79615  28.771  0.545  -0.195 0.0000000000
79630  30.743  1.604  -1.029 0.0000000000
67663  25.061  -14.450  -0.764 0.0000000000
68460  26.329  -13.548  -0.871 0.0000000000
68446  27.615  -13.353  0.432 0.0000000000
117146  28.158  -12.977  1.114 0.0000000000
73199  28.524  -7.628  -0.360 0.0000000000
71559  28.674  -9.301  0.406 0.0000000000
73186  30.727  -7.352  1.174 0.0000000000
71595  26.976  -9.022  -2.133 0.0000000000
73223  26.462  -7.777  -2.466 0.0000000000
73209  27.581  -7.741  -1.919 0.0000000000
119430  28.417  -6.233  -0.875 0.0000000000
75630  30.314  -4.770  0.488 0.0000000000
112659  32.041  -4.050  0.187 0.0000000000
122488  30.279  -2.081  0.081 0.0000000000
77297  31.621  -2.359  0.080 0.0000000000
120845  25.743  3.035  -2.463 0.0000000000
85509  27.442  8.530  -2.686 0.0000000000
84068  27.866  7.027  -2.167 0.0000000000
132755  27.348  4.974  -1.418 0.0000000000
120509  27.683  3.658  -1.172 0.0000000000
81759  29.094  3.885  -1.098 0.0000000000
81770  30.560  3.421  -2.510 0.0000000000
65094  25.648  -18.045  0.904 0.0000000000
66844  25.488  -15.704  -0.038 0.0000000000
70819  29.275  -10.366  1.277 0.0000000000
69227  29.351  -12.307  1.887 0.0000000000
80345  26.881  1.259  -1.466 0.0000000000
81066  26.582  2.052  -1.669 0.0000000000
113731  27.246  -9.958  -1.505 0.0000000000
70843  27.450  -10.531  -1.070 0.0000000000
71569  27.757  -9.697  -0.890 0.0000000000
59989  22.587  -23.205  3.554 0.0000000000
60920  22.489  -22.514  3.417 0.0000000000
119374  25.457  -20.030  1.752 0.0000000000
75649  26.752  -4.282  -2.357 0.0000000000
75640  27.487  -4.230  -1.578 0.0000000000
76516  27.772  -3.428  -1.015 0.0000000000
79629  31.285  0.783  -1.262 0.0000000000
128963  31.615  0.213  -1.504 0.0000000000
84079  24.118  6.200  -3.385 0.0000000000
84071  25.048  6.301  -2.881 0.0000000000
84070  25.964  6.701  -2.367 0.0000000000
84855  29.356  7.163  -4.401 0.0000000000
83380  29.845  5.570  -4.968 0.0000000000
66824  27.939  -15.338  1.703 0.0000000000
63504  23.797  -19.198  1.631 0.0000000000
121813  27.394  -1.596  -1.279 0.0000000000
130650  27.317  -0.887  -1.344 0.0000000000
80330  28.569  1.400  -0.438 0.0000000000
79616  27.930  0.549  -0.590 0.0000000000
80329  29.462  1.906  -0.393 0.0000000000
115281  30.095  1.383  -0.286 0.0000000000
80328  30.096  2.223  -0.631 0.0000000000
85529  25.096  8.796  -3.226 0.0000000000
112902  25.912  -12.921  -1.282 0.0000000000
70067  27.782  -11.834  0.022 0.0000000000
69239  27.449  -12.647  -0.260 0.0000000000
69238  27.961  -12.471  0.577 0.0000000000
61787  23.129  -21.298  2.754 0.0000000000
61771  23.607  -22.007  2.865 0.0000000000
73964  29.901  -6.812  0.741 0.0000000000
73187  29.661  -7.700  0.791 0.0000000000
70871  26.259  -9.729  -2.082 0.0000000000
132046  27.052  -6.532  -2.661 0.0000000000
124027  27.299  -7.079  -2.315 0.0000000000
73222  27.073  -7.795  -2.395 0.0000000000
73992  27.887  -6.902  -1.574 0.0000000000
73981  28.487  -6.986  -0.606 0.0000000000
116316  29.922  -4.001  0.035 0.0000000000
122210  29.483  -4.906  0.141 0.0000000000
116759  30.901  -4.042  -0.104 0.0000000000
78076  28.544  -1.167  -0.317 0.0000000000
78091  28.751  -1.831  -0.722 0.0000000000
78074  31.029  -1.617  0.196 0.0000000000
77296  32.524  -2.297  -0.725 0.0000000000
82518  25.369  4.693  -2.641 0.0000000000
81786  24.264  3.647  -3.464 0.0000000000
81772  25.567  3.866  -2.562 0.0000000000
81785  25.002  3.184  -3.041 0.0000000000
85547  28.666  8.486  -4.879 0.0000000000
86220  28.217  9.231  -4.548 0.0000000000
85526  28.071  8.632  -3.062 0.0000000000
84820  28.060  7.957  -2.584 0.0000000000
83355  28.862  5.954  -2.090 0.0000000000
84061  28.138  6.132  -1.865 0.0000000000
83347  28.422  5.357  -1.614 0.0000000000
82512  26.985  4.355  -1.483 0.0000000000
82511  27.898  4.662  -1.260 0.0000000000
114849  28.430  3.927  -1.070 0.0000000000
82510  28.748  4.594  -1.385 0.0000000000
82528  30.444  4.389  -3.722 0.0000000000
116591  30.481  4.057  -2.926 0.0000000000
81784  30.697  3.519  -3.384 0.0000000000
81075  30.913  2.706  -2.873 0.0000000000
124052  24.713  -18.003  0.955 0.0000000000
67662  25.952  -14.376  -0.651 0.0000000000
66857  25.478  -14.964  -0.445 0.0000000000
67650  26.058  -15.111  -0.240 0.0000000000
65912  26.907  -16.812  1.200 0.0000000000
65913  26.367  -16.853  0.711 0.0000000000
65093  26.456  -17.560  1.067 0.0000000000
71558  29.285  -9.581  1.053 0.0000000000
71550  29.943  -9.947  1.538 0.0000000000
78889  26.828  -0.364  -1.673 0.0000000000
79632  26.510  0.450  -1.839 0.0000000000
80331  27.637  1.281  -0.866 0.0000000000
81053  28.085  1.987  -0.723 0.0000000000
70090  26.556  -11.317  -1.604 0.0000000000
70078  26.823  -11.883  -1.241 0.0000000000
70089  27.148  -11.272  -1.224 0.0000000000
70831  27.605  -11.175  -0.518 0.0000000000
70830  28.134  -11.033  0.309 0.0000000000
62648  24.295  -20.513  2.057 0.0000000000
61785  24.780  -21.229  2.385 0.0000000000
61769  25.240  -21.653  3.165 0.0000000000
74772  31.838  -5.538  0.737 0.0000000000
73978  31.115  -6.386  0.855 0.0000000000
74813  27.056  -5.777  -2.704 0.0000000000
74798  27.632  -5.635  -1.927 0.0000000000
74797  28.258  -5.529  -1.114 0.0000000000
119557  27.944  -4.896  -1.386 0.0000000000
75639  28.227  -4.097  -0.817 0.0000000000
76499  29.470  -3.264  -0.239 0.0000000000
78871  29.961  -0.320  0.317 0.0000000000
78075  30.135  -1.104  0.076 0.0000000000
78870  31.005  -0.535  -0.136 0.0000000000
78886  31.748  -0.347  -1.144 0.0000000000
83357  25.191  5.463  -2.772 0.0000000000
83356  25.929  5.357  -2.218 0.0000000000
84856  28.908  7.905  -4.135 0.0000000000
84819  28.621  7.281  -2.705 0.0000000000
84066  29.210  6.514  -2.819 0.0000000000
83354  29.454  5.646  -2.523 0.0000000000
82516  29.713  4.893  -2.344 0.0000000000
83364  30.085  5.201  -3.547 0.0000000000
83373  30.170  5.048  -4.353 0.0000000000
67648  27.178  -14.789  0.466 0.0000000000
129886  26.585  -15.144  0.157 0.0000000000
119555  27.467  -15.287  1.028 0.0000000000
66825  27.387  -16.036  1.281 0.0000000000
62662  24.861  -19.989  1.685 0.0000000000
63502  25.323  -19.455  1.489 0.0000000000
77333  26.663  -2.791  -2.022 0.0000000000
77319  27.414  -2.565  -1.274 0.0000000000
77320  26.872  -2.088  -1.788 0.0000000000
78888  27.532  -0.223  -0.946 0.0000000000
78872  28.208  -0.081  -0.448 0.0000000000
119200  28.877  -0.323  0.007 0.0000000000
79614  29.658  0.555  0.100 0.0000000000
80344  31.284  1.375  -1.976 0.0000000000
84840  24.505  7.766  -3.250 0.0000000000
68448  26.624  -14.018  -0.461 0.0000000000
69250  26.786  -12.680  -0.982 0.0000000000
68459  27.051  -13.424  -0.446 0.0000000000
68447  27.129  -14.067  0.031 0.0000000000
68435  27.544  -14.119  0.697 0.0000000000
68434  28.113  -13.762  1.372 0.0000000000
67635  28.412  -14.576  1.928 0.0000000000
72397  28.273  -8.341  -0.578 0.0000000000
71568  28.235  -9.110  -0.340 0.0000000000
72385  28.616  -8.660  0.168 0.0000000000
121230  29.323  -8.647  0.814 0.0000000000
72384  30.348  -8.266  1.305 0.0000000000
73185  31.976  -7.138  1.201 0.0000000000
72383  31.474  -8.051  1.441 0.0000000000
72368  31.072  -8.900  1.573 0.0000000000
70857  26.222  -10.512  -1.947 0.0000000000
71582  26.777  -9.736  -1.936 0.0000000000
71581  27.388  -9.189  -1.681 0.0000000000
72421  26.781  -8.482  -2.309 0.0000000000
72408  27.283  -8.465  -2.097 0.0000000000
72407  27.761  -8.405  -1.493 0.0000000000
73208  28.104  -7.675  -1.139 0.0000000000
73980  29.165  -6.333  0.076 0.0000000000
74788  28.930  -5.548  -0.283 0.0000000000
74787  29.709  -5.535  0.381 0.0000000000
74786  30.738  -5.529  0.674 0.0000000000
75629  31.390  -4.788  0.579 0.0000000000
75611  32.217  -4.887  0.560 0.0000000000
77318  28.210  -2.656  -0.637 0.0000000000
77317  29.082  -2.748  -0.459 0.0000000000
77299  29.985  -2.565  0.030 0.0000000000
77298  30.745  -2.385  0.352 0.0000000000
130136  30.543  -2.796  0.247 0.0000000000
76497  31.179  -3.050  -0.044 0.0000000000
81077  25.866  2.139  -2.349 0.0000000000
120953  26.079  8.807  -2.757 0.0000000000
85528  26.797  9.172  -2.836 0.0000000000
85510  26.643  8.370  -2.539 0.0000000000
84822  26.320  7.551  -2.394 0.0000000000
84069  26.884  6.932  -2.083 0.0000000000
118846  26.447  6.093  -2.068 0.0000000000
84062  27.326  6.194  -1.827 0.0000000000
83349  26.815  5.314  -1.673 0.0000000000
81761  26.882  3.474  -1.522 0.0000000000
123250  26.388  2.858  -1.854 0.0000000000
123440  27.167  2.809  -1.357 0.0000000000
81760  28.040  2.827  -0.849 0.0000000000
81749  29.400  3.316  -0.886 0.0000000000
82509  29.458  4.416  -1.661 0.0000000000
81758  29.726  3.665  -1.389 0.0000000000
81065  29.935  2.974  -1.007 0.0000000000
81076  30.652  2.827  -2.050 0.0000000000
80357  30.953  2.181  -1.958 0.0000000000
64332  25.077  -18.732  1.209 0.0000000000
63501  25.847  -18.900  1.338 0.0000000000
65929  25.267  -16.545  0.351 0.0000000000
66843  26.278  -15.693  0.211 0.0000000000
122984  25.988  -16.382  0.352 0.0000000000
65111  25.824  -17.154  0.590 0.0000000000
131090  28.224  -9.729  -0.098 0.0000000000
70829  28.593  -10.185  0.562 0.0000000000
70820  28.722  -10.966  1.069 0.0000000000
115432  29.849  -10.565  1.670 0.0000000000
123129  29.410  -11.032  1.565 0.0000000000
70056  28.959  -11.641  1.450 0.0000000000
68433  28.761  -13.045  1.691 0.0000000000
63488  24.233  -19.783  1.760 0.0000000000
66842  26.972  -15.558  0.570 0.0000000000
69228  28.558  -12.343  1.287 0.0000000000
73188  28.843  -8.005  0.237 0.0000000000
73965  29.042  -7.217  0.206 0.0000000000
75638  29.060  -3.864  -0.311 0.0000000000
76526  26.428  -3.485  -2.419 0.0000000000
79612  31.336  0.159  -0.843 0.0000000000
81051  29.441  2.697  -0.638 0.0000000000
81064  30.469  2.531  -1.326 0.0000000000
81750  28.801  3.253  -0.729 0.0000000000
81757  30.294  3.277  -1.693 0.0000000000
81771  26.268  3.688  -1.966 0.0000000000
81773  24.859  4.072  -3.096 0.0000000000
82508  30.142  4.099  -2.170 0.0000000000
83348  27.672  5.459  -1.557 0.0000000000
83353  29.872  5.284  -2.915 0.0000000000
83365  29.699  5.854  -3.268 0.0000000000
84078  29.534  6.536  -3.770 0.0000000000
84823  25.343  7.233  -2.764 0.0000000000
85539  28.446  8.623  -3.864 0.0000000000
122979  29.369  1.175  -0.184 0.0000000000
123442  26.783  -7.073  -2.599 0.0000000000
124182  27.913  -6.143  -1.586 0.0000000000
131416  28.260  3.436  -0.906 0.0000000000
