#!ascii label  , from subject sub-fsm11ni vox2ras=TkReg
2104
7482  -29.747  -89.658  -24.530 0.1000000015
6724  -28.728  -90.194  -25.691 0.1000000015
6743  -29.040  -90.859  -26.402 0.1000000015
6742  -28.647  -89.957  -26.530 0.1000000015
7519  -29.576  -90.047  -28.117 0.1000000015
132535  -28.420  -88.715  -27.516 0.1000000015
7525  -29.682  -89.306  -28.824 0.1000000015
8291  -29.319  -88.417  -28.530 0.1000000015
9016  -29.792  -87.585  -29.002 0.1000000015
8299  -29.776  -88.508  -29.271 0.1000000015
9027  -29.810  -87.923  -29.417 0.1000000015
9811  -29.804  -86.681  -28.591 0.1000000015
9824  -29.907  -86.934  -29.054 0.1000000015
9842  -29.825  -87.558  -29.603 0.1000000015
9823  -29.789  -86.662  -29.380 0.1000000015
11560  -29.926  -84.892  -29.308 0.1000000015
130080  -29.692  -87.165  -30.012 0.1000000015
10701  -29.723  -85.776  -29.388 0.1000000015
117256  -29.615  -87.428  -24.490 0.1000000015
7502  -28.873  -89.565  -25.092 0.1000000015
8974  -29.231  -88.153  -24.738 0.1000000015
7501  -28.257  -89.417  -25.890 0.1000000015
131023  -27.828  -87.310  -25.221 0.1000000015
8278  -27.948  -88.621  -25.800 0.1000000015
7510  -28.214  -89.203  -26.655 0.1000000015
8995  -27.441  -87.450  -26.441 0.1000000015
9003  -28.329  -87.193  -27.656 0.1000000015
9004  -29.270  -87.348  -28.353 0.1000000015
119260  -29.975  -86.156  -28.650 0.1000000015
14463  -33.787  -81.523  -30.605 0.1000000015
13446  -32.559  -82.396  -30.506 0.1000000015
13445  -32.048  -82.777  -30.200 0.1000000015
12469  -31.584  -83.158  -30.413 0.1000000015
11562  -31.091  -83.584  -29.903 0.1000000015
11561  -30.444  -84.112  -29.303 0.1000000015
122178  -30.197  -84.899  -28.840 0.1000000015
125850  -31.493  -86.607  -24.458 0.1000000015
10654  -29.482  -85.893  -24.230 0.2000000030
10655  -30.406  -86.262  -24.292 0.2000000030
9760  -30.445  -87.094  -24.394 0.1000000015
10653  -28.541  -85.508  -24.215 0.1000000015
126253  -28.586  -86.335  -24.463 0.1000000015
9759  -29.529  -86.720  -24.386 0.1000000015
124557  -27.831  -85.924  -24.557 0.1000000015
9758  -27.755  -86.617  -24.878 0.1000000015
19645  -36.907  -76.753  -25.846 0.1000000015
137959  -36.851  -77.856  -26.094 0.1000000015
10675  -27.048  -85.967  -25.790 0.1000000015
9785  -27.299  -86.607  -26.446 0.1000000015
9002  -27.611  -87.096  -27.075 0.1000000015
17647  -37.764  -78.586  -26.932 0.1000000015
17646  -36.957  -78.783  -26.650 0.1000000015
16628  -36.590  -79.377  -26.989 0.1000000015
15513  -35.414  -80.182  -27.911 0.1000000015
15512  -34.518  -80.314  -27.940 0.1000000015
15511  -33.577  -80.338  -28.158 0.1000000015
10685  -27.339  -85.875  -26.539 0.1000000015
9796  -27.977  -86.320  -27.236 0.1000000015
16635  -36.078  -79.798  -27.469 0.1000000015
15528  -34.976  -80.492  -28.677 0.1000000015
115065  -34.280  -80.546  -28.646 0.1000000015
15527  -33.778  -80.682  -28.961 0.1000000015
14429  -32.241  -81.163  -29.080 0.1000000015
14428  -31.559  -81.420  -28.803 0.1000000015
13410  -31.398  -82.392  -29.001 0.1000000015
10687  -29.029  -85.698  -27.588 0.1000000015
10694  -29.811  -85.936  -28.190 0.1000000015
15539  -34.466  -80.743  -29.412 0.1000000015
15538  -33.649  -81.105  -29.547 0.1000000015
14448  -32.862  -81.471  -29.582 0.1000000015
12435  -30.559  -83.691  -28.570 0.1000000015
11554  -30.356  -84.348  -28.731 0.1000000015
13431  -32.629  -82.215  -30.033 0.1000000015
13430  -31.824  -82.694  -29.613 0.1000000015
12455  -30.851  -83.651  -29.212 0.1000000015
10702  -30.028  -85.845  -28.897 0.1000000015
11514  -30.711  -84.947  -24.008 0.1000000015
11516  -32.572  -85.277  -24.545 0.1000000015
129802  -33.985  -84.856  -24.910 0.2000000030
11528  -34.453  -85.264  -25.293 0.2000000030
11513  -29.525  -84.963  -23.920 0.1000000015
11512  -28.327  -84.654  -23.945 0.1000000015
21828  -37.758  -74.473  -25.740 0.1000000015
20713  -37.392  -76.022  -26.058 0.1000000015
11527  -27.197  -84.879  -24.883 0.1000000015
10676  -27.109  -85.219  -26.138 0.1000000015
11538  -27.547  -84.401  -26.372 0.1000000015
17634  -36.461  -78.251  -26.054 0.1000000015
16627  -35.791  -79.471  -26.712 0.1000000015
15504  -34.776  -79.985  -27.173 0.1000000015
10686  -27.953  -85.238  -26.951 0.1000000015
114654  -33.934  -80.073  -27.209 0.1000000015
116251  -31.878  -80.626  -28.368 0.1000000015
14427  -30.763  -81.738  -28.331 0.1000000015
129138  -30.284  -83.163  -28.144 0.1000000015
11547  -29.496  -84.375  -27.593 0.1000000015
122514  -29.005  -84.965  -27.388 0.1000000015
11548  -30.153  -84.497  -28.195 0.1000000015
10695  -30.063  -85.302  -28.478 0.1000000015
127721  -31.971  -82.771  -22.327 0.1000000015
130316  -32.354  -83.426  -22.965 0.1000000015
12373  -30.542  -82.934  -22.875 0.1000000015
12390  -30.905  -83.639  -23.373 0.1000000015
12391  -31.875  -83.856  -23.520 0.1000000015
12392  -32.944  -84.008  -23.755 0.2000000030
12403  -34.025  -84.307  -24.326 0.2000000030
11499  -31.312  -84.357  -23.811 0.2000000030
11518  -34.706  -84.649  -25.094 0.2000000030
11497  -29.039  -83.917  -23.544 0.1000000015
12388  -29.118  -83.099  -23.267 0.1000000015
11496  -28.007  -83.832  -23.812 0.1000000015
12417  -27.301  -83.877  -24.833 0.1000000015
126609  -37.155  -75.164  -25.797 0.1000000015
19644  -36.101  -76.728  -25.436 0.1000000015
18657  -35.673  -77.412  -25.309 0.1000000015
17632  -34.833  -78.702  -25.324 0.1000000015
11511  -27.564  -84.347  -24.309 0.1000000015
12424  -27.410  -83.687  -25.720 0.1000000015
22839  -38.296  -73.825  -25.467 0.1000000015
22838  -37.438  -73.720  -25.337 0.1000000015
18658  -36.463  -77.508  -25.756 0.1000000015
133900  -35.913  -77.961  -25.586 0.1000000015
16625  -34.244  -79.735  -26.425 0.1000000015
15503  -33.401  -79.861  -26.436 0.1000000015
115273  -31.966  -80.209  -27.293 0.1000000015
120208  -30.514  -80.602  -27.149 0.1000000015
14413  -29.501  -81.414  -27.076 0.1000000015
13393  -28.403  -82.704  -26.568 0.1000000015
12425  -28.034  -83.547  -26.524 0.1000000015
22825  -38.712  -73.296  -24.968 0.1000000015
15510  -32.626  -80.301  -28.075 0.1000000015
15508  -30.518  -80.955  -27.734 0.1000000015
13400  -30.155  -82.358  -27.994 0.1000000015
135441  -29.032  -82.537  -27.166 0.1000000015
12433  -29.005  -83.427  -27.245 0.1000000015
23872  -39.072  -72.813  -24.357 0.1000000015
23873  -40.041  -72.870  -24.302 0.1000000015
23874  -40.782  -72.679  -24.049 0.1000000015
23841  -40.603  -71.957  -22.924 0.1000000015
14368  -30.641  -81.777  -22.096 0.1000000015
13358  -31.072  -82.506  -22.371 0.1000000015
14351  -30.332  -81.195  -22.070 0.1000000015
124726  -29.866  -81.695  -22.530 0.1000000015
130109  -32.732  -82.984  -22.462 0.1000000015
12375  -33.196  -83.428  -22.990 0.1000000015
116946  -33.707  -83.763  -23.576 0.2000000030
15466  -29.933  -80.839  -22.497 0.1000000015
132407  -29.205  -81.992  -22.975 0.1000000015
13357  -29.619  -82.541  -22.889 0.1000000015
12393  -34.462  -83.717  -23.720 0.2000000030
15478  -30.220  -80.261  -23.016 0.1000000015
14382  -29.332  -81.395  -23.040 0.1000000015
24890  -37.379  -71.918  -23.228 0.1000000015
132719  -37.390  -72.597  -24.291 0.1000000015
23871  -36.704  -72.768  -24.490 0.1000000015
22823  -36.521  -73.590  -25.031 0.1000000015
125073  -36.470  -75.013  -25.452 0.1000000015
20711  -35.750  -76.064  -25.203 0.1000000015
19630  -35.361  -76.710  -25.004 0.1000000015
15488  -30.251  -80.310  -23.975 0.1000000015
13369  -28.050  -82.511  -23.819 0.1000000015
13382  -27.583  -83.078  -24.397 0.1000000015
21827  -36.891  -74.367  -25.470 0.1000000015
138922  -34.320  -78.622  -24.871 0.1000000015
16605  -33.388  -79.231  -24.709 0.1000000015
15497  -32.959  -79.785  -25.816 0.1000000015
15493  -29.451  -80.807  -25.465 0.1000000015
14402  -28.235  -81.685  -24.973 0.1000000015
130056  -27.508  -82.977  -25.162 0.1000000015
126924  -38.157  -71.298  -22.100 0.1000000015
16616  -33.671  -79.538  -25.586 0.1000000015
15496  -32.279  -79.945  -25.606 0.1000000015
117338  -30.958  -80.294  -25.992 0.1000000015
15500  -30.203  -80.562  -26.338 0.1000000015
13394  -28.831  -81.815  -26.653 0.1000000015
13391  -28.047  -82.178  -25.681 0.1000000015
24891  -38.235  -71.977  -23.143 0.1000000015
23856  -38.625  -72.366  -23.747 0.1000000015
24875  -38.597  -71.621  -22.544 0.1000000015
120214  -39.390  -72.445  -23.789 0.1000000015
138431  -39.866  -71.904  -22.832 0.1000000015
24877  -40.975  -71.555  -22.444 0.1000000015
24892  -41.525  -71.942  -23.094 0.1000000015
131915  -32.689  -82.340  -21.801 0.1000000015
15449  -30.526  -80.624  -21.843 0.1000000015
15450  -31.081  -80.358  -21.207 0.1000000015
14339  -32.510  -81.062  -20.794 0.1000000015
13359  -33.443  -82.852  -22.352 0.1000000015
16577  -30.482  -80.215  -22.267 0.1000000015
16578  -30.965  -79.563  -22.069 0.1000000015
14354  -34.065  -81.635  -21.183 0.1000000015
12376  -33.990  -83.339  -22.947 0.1000000015
16579  -31.817  -79.079  -22.596 0.1000000015
133792  -30.720  -79.863  -22.735 0.1000000015
12377  -34.800  -83.180  -23.059 0.2000000030
23854  -37.003  -72.293  -23.866 0.1000000015
132707  -35.692  -74.660  -24.946 0.1000000015
127333  -35.267  -74.855  -24.700 0.1000000015
16603  -31.770  -79.669  -23.921 0.1000000015
13361  -35.228  -82.588  -22.436 0.1000000015
14369  -36.366  -82.466  -22.750 0.2000000030
119940  -36.295  -72.408  -24.073 0.1000000015
18646  -34.964  -77.441  -24.841 0.1000000015
17612  -33.977  -78.072  -24.139 0.1000000015
16615  -32.857  -79.657  -25.103 0.1000000015
15490  -32.058  -79.865  -24.779 0.1000000015
15494  -30.420  -80.398  -25.148 0.1000000015
24860  -38.817  -71.253  -21.920 0.1000000015
122764  -39.365  -71.612  -22.417 0.1000000015
24861  -39.616  -71.226  -21.828 0.1000000015
25870  -40.213  -70.061  -20.840 0.1000000015
24862  -40.451  -71.161  -21.847 0.1000000015
118466  -40.791  -70.542  -21.395 0.1000000015
24863  -41.368  -71.042  -21.980 0.1000000015
17581  -31.404  -78.617  -20.931 0.1000000015
16547  -31.608  -79.140  -20.580 0.1000000015
17582  -31.644  -78.149  -21.552 0.1000000015
16564  -31.199  -79.508  -21.221 0.1000000015
16548  -32.033  -79.716  -20.339 0.1000000015
14353  -33.136  -81.673  -21.208 0.1000000015
17594  -31.461  -78.933  -21.694 0.1000000015
15438  -32.832  -80.302  -20.310 0.1000000015
13346  -34.639  -82.127  -21.718 0.1000000015
17611  -33.288  -78.302  -23.675 0.1000000015
17595  -32.042  -78.505  -22.383 0.1000000015
14340  -33.509  -81.053  -20.689 0.1000000015
24873  -36.937  -71.515  -22.636 0.1000000015
24889  -36.391  -71.924  -23.391 0.1000000015
23853  -35.605  -72.361  -23.873 0.1000000015
23870  -35.788  -73.031  -24.480 0.1000000015
20701  -34.578  -75.087  -24.257 0.1000000015
19629  -34.658  -76.717  -24.486 0.1000000015
19623  -33.972  -76.824  -23.934 0.1000000015
18635  -33.687  -77.586  -23.783 0.1000000015
17610  -32.560  -78.740  -23.176 0.1000000015
14341  -34.485  -81.067  -20.772 0.1000000015
24859  -37.434  -71.188  -22.006 0.1000000015
20702  -35.112  -75.816  -24.670 0.1000000015
18645  -34.322  -77.493  -24.294 0.1000000015
16591  -33.065  -78.966  -23.931 0.1000000015
14356  -36.930  -81.210  -21.558 0.1000000015
25881  -38.081  -70.823  -21.459 0.1000000015
25868  -38.470  -70.309  -20.755 0.1000000015
25882  -39.038  -70.768  -21.317 0.1000000015
26907  -39.674  -69.540  -20.337 0.1000000015
27916  -40.274  -68.106  -19.696 0.1000000015
26908  -40.512  -69.333  -20.474 0.1000000015
27917  -41.061  -67.901  -20.076 0.1000000015
117069  -31.426  -77.793  -20.863 0.1000000015
114348  -31.659  -78.231  -20.244 0.1000000015
18598  -31.656  -77.306  -21.565 0.1000000015
17571  -32.173  -79.000  -20.033 0.1000000015
18618  -32.200  -77.672  -22.406 0.1000000015
19593  -31.635  -76.360  -21.564 0.1000000015
133476  -32.676  -79.558  -20.038 0.1000000015
18634  -32.995  -77.619  -23.227 0.1000000015
19613  -31.950  -76.830  -22.197 0.1000000015
16549  -33.444  -79.664  -19.992 0.1000000015
25880  -37.055  -70.722  -21.377 0.1000000015
21817  -34.844  -74.257  -24.362 0.1000000015
19622  -33.378  -76.114  -23.524 0.1000000015
125383  -33.365  -76.990  -23.472 0.1000000015
19614  -32.651  -76.746  -22.904 0.1000000015
15439  -34.063  -80.344  -20.317 0.1000000015
14342  -35.449  -81.093  -20.960 0.1000000015
25867  -37.540  -70.317  -20.750 0.1000000015
24858  -36.534  -71.115  -21.981 0.1000000015
123932  -36.002  -71.480  -22.634 0.1000000015
22811  -34.951  -72.895  -24.093 0.1000000015
22810  -34.439  -73.574  -23.997 0.1000000015
128846  -34.245  -75.964  -24.132 0.1000000015
15441  -35.675  -80.273  -20.606 0.1000000015
26905  -37.955  -69.792  -20.188 0.1000000015
27901  -38.893  -67.912  -18.967 0.1000000015
26888  -38.344  -69.241  -19.662 0.1000000015
28915  -38.955  -67.321  -18.883 0.1000000015
27915  -39.461  -68.355  -19.440 0.1000000015
27902  -39.617  -67.503  -19.296 0.1000000015
28927  -40.498  -67.330  -19.764 0.1000000015
29922  -39.837  -66.513  -19.584 0.1000000015
21791  -31.905  -74.494  -22.235 0.1000000015
20669  -31.690  -75.377  -21.930 0.1000000015
20654  -31.473  -75.559  -21.044 0.1000000015
114347  -32.002  -77.372  -19.813 0.1000000015
22794  -32.271  -73.615  -22.388 0.1000000015
17561  -32.450  -78.257  -19.672 0.1000000015
121161  -33.392  -72.967  -23.084 0.1000000015
22795  -32.911  -73.432  -22.918 0.1000000015
21792  -32.697  -74.297  -22.984 0.1000000015
121110  -32.077  -76.056  -22.390 0.1000000015
17562  -33.421  -78.284  -19.536 0.1000000015
26904  -37.041  -69.831  -20.113 0.1000000015
25866  -36.570  -70.308  -20.687 0.1000000015
24872  -35.056  -71.491  -22.574 0.1000000015
21807  -34.118  -74.396  -23.901 0.1000000015
21806  -33.430  -74.552  -23.503 0.1000000015
132751  -34.913  -78.967  -20.011 0.1000000015
26887  -37.481  -69.349  -19.560 0.1000000015
15440  -34.932  -80.560  -20.547 0.1000000015
15452  -36.332  -80.714  -21.003 0.1000000015
27913  -37.855  -68.775  -19.116 0.1000000015
28902  -38.299  -67.436  -18.504 0.1000000015
29913  -38.664  -66.840  -18.700 0.1000000015
122783  -38.375  -66.319  -18.643 0.1000000015
30827  -38.912  -66.349  -19.099 0.1000000015
30826  -38.323  -65.662  -18.974 0.1000000015
31770  -37.668  -64.104  -19.211 0.1000000015
19592  -31.514  -76.384  -20.842 0.1000000015
116859  -31.581  -76.828  -20.289 0.1000000015
19561  -32.627  -76.686  -19.632 0.1000000015
25855  -36.072  -69.861  -20.001 0.1000000015
128894  -34.670  -71.146  -21.899 0.1000000015
23837  -33.678  -72.315  -22.829 0.1000000015
23836  -32.786  -72.728  -22.474 0.1000000015
27900  -37.398  -68.355  -18.546 0.1000000015
26874  -37.015  -68.935  -18.922 0.1000000015
26886  -36.591  -69.436  -19.425 0.1000000015
25879  -36.085  -70.705  -21.320 0.1000000015
25878  -35.110  -70.730  -21.293 0.1000000015
23838  -34.524  -72.011  -23.101 0.1000000015
16535  -33.896  -79.004  -19.723 0.1000000015
28914  -37.705  -67.827  -18.313 0.1000000015
29901  -38.046  -66.707  -18.264 0.1000000015
30812  -37.296  -65.677  -17.769 0.1000000015
30813  -37.876  -66.011  -18.267 0.1000000015
31762  -36.723  -64.455  -17.808 0.1000000015
31763  -37.289  -64.434  -18.543 0.1000000015
134546  -36.768  -63.714  -18.329 0.1000000015
32729  -37.300  -63.558  -18.982 0.1000000015
22787  -31.700  -73.856  -21.694 0.1000000015
21771  -31.537  -74.602  -20.643 0.1000000015
20655  -31.777  -75.392  -20.235 0.1000000015
19574  -32.282  -75.984  -19.906 0.1000000015
21772  -31.878  -74.722  -19.901 0.1000000015
123859  -32.007  -73.035  -21.766 0.1000000015
28892  -36.870  -66.796  -17.298 0.1000000015
27891  -37.065  -67.906  -17.990 0.1000000015
29900  -37.435  -66.421  -17.741 0.1000000015
32720  -36.246  -63.790  -17.669 0.1000000015
33692  -36.542  -62.234  -18.385 0.1000000015
34679  -36.930  -61.399  -18.413 0.1000000015
22786  -31.467  -74.039  -21.092 0.1000000015
23828  -32.452  -72.232  -21.647 0.1000000015
27899  -36.497  -68.489  -18.237 0.1000000015
26873  -36.168  -69.113  -18.741 0.1000000015
25865  -35.550  -70.342  -20.600 0.1000000015
25864  -34.433  -70.497  -20.564 0.1000000015
24870  -33.255  -71.891  -22.136 0.1000000015
30795  -36.829  -66.077  -17.190 0.1000000015
31730  -36.206  -64.501  -17.155 0.1000000015
32719  -35.829  -63.111  -17.522 0.1000000015
33684  -36.035  -62.475  -17.891 0.1000000015
34672  -36.095  -61.620  -17.865 0.1000000015
134079  -36.514  -60.267  -17.532 0.1000000015
23820  -31.785  -72.361  -20.364 0.1000000015
25863  -33.485  -70.662  -20.184 0.1000000015
24841  -32.786  -71.183  -20.438 0.1000000015
24854  -32.246  -71.902  -20.826 0.1000000015
28891  -36.384  -67.120  -16.960 0.1000000015
27884  -36.035  -67.668  -17.118 0.1000000015
26885  -35.697  -69.552  -19.251 0.1000000015
25854  -35.001  -69.989  -19.765 0.1000000015
121647  -34.015  -70.263  -19.720 0.1000000015
33683  -35.587  -62.342  -17.358 0.1000000015
35593  -35.327  -60.568  -16.715 0.1000000015
36436  -35.167  -59.364  -15.842 0.1000000015
35594  -36.032  -59.995  -17.131 0.1000000015
137672  -33.772  -70.233  -19.202 0.1000000015
27889  -35.669  -68.366  -17.521 0.1000000015
26863  -35.013  -69.000  -17.852 0.1000000015
26871  -34.414  -69.578  -18.352 0.1000000015
30793  -35.736  -65.304  -16.141 0.1000000015
32704  -35.716  -63.827  -17.013 0.1000000015
32703  -35.333  -63.081  -16.861 0.1000000015
35580  -35.044  -60.043  -16.138 0.1000000015
37365  -34.577  -59.059  -15.046 0.1000000015
29885  -36.260  -66.524  -16.629 0.1000000015
31729  -35.701  -64.553  -16.504 0.1000000015
32702  -34.854  -63.013  -16.204 0.1000000015
33666  -34.582  -62.257  -15.963 0.1000000015
34661  -34.864  -61.454  -16.383 0.1000000015
35579  -34.584  -59.959  -15.537 0.1000000015
37352  -34.306  -58.416  -14.234 0.1000000015
35564  -34.051  -59.958  -14.769 0.1000000015
137521  -34.774  -63.492  -15.846 0.1000000015
34645  -34.389  -61.474  -15.623 0.1000000015
132030  -33.713  -60.762  -14.459 0.1000000015
6756  -29.117  -90.338  -27.222 0.1000000015
7518  -28.816  -89.613  -27.347 0.1000000015
129011  -29.169  -89.276  -28.104 0.1000000015
8284  -27.757  -88.423  -26.522 0.1000000015
7526  -29.727  -89.248  -29.286 0.1000000015
8290  -28.553  -87.933  -27.922 0.1000000015
8986  -28.256  -88.010  -25.240 0.1000000015
8985  -28.637  -87.239  -24.742 0.1000000015
8279  -28.617  -88.801  -25.257 0.1000000015
9773  -27.391  -86.797  -25.616 0.1000000015
8289  -27.832  -87.833  -27.264 0.1000000015
9797  -29.173  -86.520  -27.924 0.1000000015
14449  -33.417  -81.620  -30.141 0.1000000015
12456  -31.459  -83.206  -29.740 0.1000000015
12468  -31.061  -83.391  -30.684 0.1000000015
129719  -31.092  -85.689  -24.262 0.2000000030
20712  -36.483  -75.855  -25.564 0.1000000015
17645  -36.155  -78.951  -26.317 0.1000000015
15526  -32.922  -80.736  -28.876 0.1000000015
14447  -32.102  -81.920  -29.402 0.1000000015
15525  -31.102  -80.959  -28.261 0.1000000015
13409  -30.786  -82.850  -28.542 0.1000000015
12443  -31.189  -83.175  -29.122 0.1000000015
10688  -29.772  -85.171  -27.874 0.1000000015
12434  -29.971  -83.725  -27.892 0.1000000015
11498  -30.256  -84.193  -23.651 0.1000000015
11500  -32.286  -84.509  -24.084 0.2000000030
11501  -33.229  -84.707  -24.488 0.2000000030
11537  -27.113  -84.566  -25.526 0.1000000015
11546  -28.493  -84.314  -27.022 0.1000000015
16618  -35.370  -79.150  -25.995 0.1000000015
114982  -33.008  -80.092  -27.271 0.1000000015
15509  -31.125  -80.535  -27.644 0.1000000015
14414  -30.029  -81.504  -27.632 0.1000000015
126956  -29.658  -82.871  -27.663 0.1000000015
12387  -28.395  -83.179  -23.523 0.1000000015
17633  -35.665  -78.523  -25.728 0.1000000015
13390  -27.776  -82.971  -25.932 0.1000000015
124650  -38.126  -72.759  -24.445 0.1000000015
133632  -32.554  -79.986  -26.434 0.1000000015
15502  -31.713  -80.154  -26.236 0.1000000015
15501  -31.044  -80.315  -26.801 0.1000000015
14408  -29.386  -81.062  -26.418 0.1000000015
22826  -39.608  -73.375  -24.912 0.1000000015
15451  -31.629  -81.110  -21.119 0.1000000015
13344  -31.557  -81.933  -21.715 0.1000000015
118243  -30.325  -82.287  -22.514 0.1000000015
15477  -29.618  -80.749  -23.394 0.1000000015
13371  -35.664  -83.123  -23.338 0.2000000030
14395  -28.318  -81.745  -24.172 0.1000000015
15479  -30.881  -79.909  -23.507 0.1000000015
14403  -28.779  -81.181  -24.730 0.1000000015
13383  -27.831  -82.310  -24.660 0.1000000015
15495  -31.451  -80.148  -25.361 0.1000000015
15489  -31.148  -80.058  -24.450 0.1000000015
117743  -36.143  -81.336  -21.382 0.1000000015
26890  -39.992  -68.838  -19.954 0.1000000015
25871  -41.082  -69.836  -20.988 0.1000000015
17596  -32.645  -78.221  -22.982 0.1000000015
26889  -39.176  -69.069  -19.778 0.1000000015
26909  -41.343  -69.099  -20.654 0.1000000015
20684  -33.005  -75.202  -23.279 0.1000000015
20683  -32.260  -75.206  -22.675 0.1000000015
133517  -39.137  -65.693  -19.559 0.1000000015
32735  -37.892  -63.430  -19.548 0.1000000015
128389  -33.808  -71.286  -21.708 0.1000000015
116612  -44.203  -77.191  -9.967 0.5000000000
17530  -46.747  -79.086  -15.738 0.5000000000
16488  -46.884  -79.368  -14.900 0.5000000000
19483  -45.064  -76.888  -10.587 0.5000000000
19484  -46.015  -76.922  -10.476 0.5000000000
17514  -47.550  -78.696  -14.366 0.5000000000
132848  -42.597  -76.716  -9.839 0.5000000000
17515  -48.286  -77.991  -13.861 0.5000000000
19482  -43.249  -76.860  -10.312 0.5000000000
19481  -42.457  -76.449  -10.732 0.5000000000
116539  -43.979  -76.819  -10.950 0.5000000000
19497  -43.058  -76.562  -11.329 0.4000000060
19498  -44.715  -76.440  -11.540 0.4000000060
19547  -45.980  -76.092  -17.166 0.5000000000
116675  -45.426  -76.178  -18.001 0.5000000000
135657  -46.810  -75.368  -17.392 0.5000000000
19553  -46.313  -75.285  -18.362 0.5000000000
22763  -46.381  -74.080  -19.221 0.5000000000
21743  -46.809  -74.142  -18.759 0.5000000000
22751  -45.718  -73.410  -19.043 0.4000000060
23795  -44.338  -72.895  -18.298 0.4000000060
14285  -44.252  -81.506  -13.003 0.1000000015
16475  -46.666  -79.934  -14.183 0.5000000000
19465  -43.283  -77.204  -9.297 0.5000000000
19455  -44.161  -77.585  -9.379 0.5000000000
19466  -45.175  -77.372  -9.890 0.5000000000
19485  -46.804  -77.038  -10.451 0.4000000060
17497  -47.779  -78.815  -13.397 0.5000000000
114709  -41.503  -76.242  -9.294 0.5000000000
19464  -42.354  -76.772  -9.110 0.5000000000
138609  -41.396  -75.890  -9.949 0.5000000000
21645  -40.583  -74.623  -9.542 0.5000000000
20523  -40.982  -75.511  -9.682 0.5000000000
19480  -41.876  -76.265  -10.089 0.5000000000
20550  -41.707  -75.594  -10.549 0.3000000119
19496  -42.430  -76.091  -11.709 0.4000000060
19511  -43.640  -76.464  -11.918 0.4000000060
20551  -42.052  -76.053  -10.960 0.3000000119
20563  -45.574  -75.826  -12.079 0.6999999881
20578  -46.721  -75.379  -12.087 0.5000000000
21646  -41.399  -74.857  -10.331 0.3000000119
19510  -42.923  -76.271  -12.110 0.4000000060
20577  -44.233  -76.071  -12.491 0.5000000000
21677  -45.993  -75.018  -12.685 0.6000000238
21679  -47.818  -75.106  -12.980 0.6000000238
19512  -48.744  -76.613  -12.296 0.6000000238
18547  -47.936  -77.816  -14.602 0.5000000000
19540  -45.954  -77.263  -16.468 0.3000000119
20562  -42.132  -75.563  -11.554 0.3000000119
20594  -43.649  -75.535  -13.205 0.4000000060
21694  -45.476  -74.524  -13.303 0.5000000000
21695  -47.281  -74.360  -13.519 0.6000000238
127500  -48.847  -74.765  -14.870 0.6000000238
19543  -48.745  -75.374  -15.820 0.5000000000
19548  -47.605  -75.122  -16.980 0.5000000000
20574  -42.156  -75.456  -12.402 0.4000000060
20593  -42.649  -75.533  -13.226 0.4000000060
21693  -44.257  -74.608  -13.598 0.5000000000
22683  -46.262  -73.903  -13.657 0.5000000000
22714  -48.178  -73.651  -15.654 0.5000000000
21717  -48.549  -74.053  -16.173 0.5000000000
20622  -47.739  -74.485  -17.287 0.5000000000
21676  -41.732  -74.908  -12.861 0.4000000060
21691  -42.130  -74.818  -13.506 0.4000000060
22681  -43.451  -74.052  -13.945 0.5000000000
22696  -45.952  -73.132  -14.196 0.5000000000
23744  -46.377  -72.518  -14.956 0.4000000060
124291  -48.244  -73.661  -16.171 0.5000000000
22744  -47.730  -73.699  -17.286 0.5000000000
116189  -42.560  -74.257  -13.832 0.4000000060
117966  -43.905  -73.097  -14.015 0.5000000000
23762  -46.830  -72.377  -15.754 0.4000000060
23789  -47.218  -72.789  -17.416 0.4000000060
23798  -47.040  -73.062  -18.126 0.5000000000
24760  -44.241  -71.446  -14.255 0.5000000000
25807  -45.185  -71.220  -15.347 0.4000000060
24809  -45.967  -71.697  -17.083 0.4000000060
23796  -45.315  -72.803  -18.452 0.4000000060
24775  -44.685  -71.231  -14.775 0.3000000119
25816  -44.904  -70.778  -15.689 0.4000000060
24800  -44.532  -70.909  -16.576 0.3000000119
24807  -44.220  -71.590  -17.107 0.3000000119
23785  -43.789  -72.333  -17.596 0.3000000119
14273  -43.494  -82.026  -12.467 0.1000000015
12295  -44.414  -82.845  -11.869 0.1000000015
14274  -44.511  -82.253  -12.489 0.1000000015
13263  -45.784  -81.774  -11.669 0.4000000060
14275  -45.841  -81.504  -12.354 0.4000000060
15365  -45.892  -80.820  -13.634 0.4000000060
15366  -46.407  -80.488  -13.377 0.5000000000
15351  -46.330  -80.891  -12.491 0.4000000060
136246  -46.912  -80.040  -12.458 0.5000000000
117682  -47.044  -79.698  -13.379 0.5000000000
19454  -43.440  -77.609  -8.905 0.5000000000
18451  -44.010  -77.920  -9.037 0.5000000000
18467  -44.801  -77.749  -9.431 0.5000000000
18468  -45.597  -77.724  -9.611 0.4000000060
16447  -47.516  -79.227  -11.925 0.5000000000
16460  -47.476  -79.283  -12.689 0.5000000000
115886  -41.954  -76.896  -8.450 0.5000000000
114679  -42.780  -77.345  -8.666 0.5000000000
20522  -40.304  -75.397  -8.858 0.5000000000
17457  -48.128  -77.725  -11.160 0.6000000238
22633  -41.219  -74.086  -9.879 0.2000000030
129946  -41.125  -73.243  -9.241 0.2000000030
21658  -42.001  -74.957  -11.263 0.3000000119
22634  -42.238  -74.128  -10.770 0.3000000119
128906  -42.014  -73.684  -9.939 0.3000000119
22642  -42.114  -74.165  -11.410 0.4000000060
21667  -41.995  -74.841  -12.207 0.4000000060
22679  -41.747  -73.797  -13.604 0.4000000060
22656  -41.712  -74.042  -12.090 0.3000000119
22655  -40.796  -73.401  -12.442 0.3000000119
134851  -42.079  -72.253  -13.754 0.3000000119
23729  -43.509  -72.208  -13.959 0.4000000060
137314  -41.282  -72.334  -13.501 0.3000000119
24759  -43.383  -71.084  -13.974 0.3000000119
25806  -44.433  -70.675  -15.054 0.4000000060
25828  -44.611  -70.547  -16.052 0.3000000119
24758  -41.042  -71.711  -13.267 0.2000000030
121928  -42.442  -70.630  -13.661 0.2000000030
26843  -43.160  -69.778  -14.542 0.3000000119
25827  -43.974  -70.344  -16.095 0.3000000119
25777  -41.036  -69.511  -12.522 0.1000000015
26828  -42.235  -69.238  -13.745 0.2000000030
25814  -43.440  -70.021  -15.499 0.4000000060
26791  -39.140  -69.254  -10.664 0.1000000015
13261  -44.948  -82.666  -11.731 0.1000000015
131858  -44.899  -82.412  -12.201 0.1000000015
13262  -45.370  -82.322  -11.463 0.2000000030
14262  -46.088  -81.392  -11.085 0.5000000000
118928  -46.280  -81.189  -11.764 0.4000000060
15339  -47.033  -79.864  -11.538 0.4000000060
135781  -43.121  -77.703  -8.649 0.5000000000
17426  -45.286  -78.579  -9.321 0.4000000060
16390  -46.117  -78.766  -9.661 0.4000000060
125753  -47.447  -78.833  -10.708 0.5000000000
15327  -47.049  -79.666  -10.895 0.5000000000
19453  -42.451  -77.453  -8.403 0.4000000060
17469  -47.916  -78.306  -11.089 0.4000000060
21625  -39.861  -74.429  -8.998 0.4000000060
20521  -39.672  -75.071  -8.509 0.4000000060
19452  -41.098  -76.187  -8.657 0.5000000000
22613  -39.720  -73.598  -8.667 0.4000000060
23657  -39.828  -72.805  -8.188 0.3000000119
128082  -40.263  -73.170  -8.789 0.3000000119
23659  -41.717  -72.591  -8.498 0.2000000030
22615  -42.332  -73.065  -9.429 0.3000000119
23660  -42.949  -72.430  -8.594 0.1000000015
22643  -42.924  -73.479  -10.973 0.3000000119
135586  -43.152  -72.925  -9.758 0.2000000030
22658  -43.273  -72.922  -10.948 0.2000000030
23690  -43.146  -72.597  -11.007 0.2000000030
23701  -40.274  -72.821  -12.028 0.2000000030
23717  -40.207  -72.696  -12.451 0.2000000030
23689  -42.024  -72.716  -11.283 0.2000000030
23688  -40.481  -72.473  -11.483 0.1000000015
24750  -40.104  -71.875  -12.510 0.2000000030
25787  -41.718  -70.036  -13.090 0.2000000030
24719  -41.236  -72.071  -10.800 0.1000000015
24718  -39.928  -71.590  -10.821 0.1000000015
117683  -39.968  -70.742  -11.868 0.1000000015
25735  -39.902  -70.853  -9.996 0.1000000015
24717  -39.645  -70.782  -10.489 0.1000000015
25776  -40.499  -69.142  -11.948 0.1000000015
25719  -39.417  -70.187  -10.005 0.1000000015
25759  -39.483  -69.975  -10.762 0.1000000015
26765  -39.247  -69.590  -9.496 0.1000000015
27779  -40.454  -68.807  -8.190 0.1000000015
13244  -45.342  -82.415  -10.846 0.3000000119
14250  -45.675  -81.742  -10.532 0.3000000119
133133  -43.859  -82.240  -9.375 0.3000000119
14233  -44.509  -81.982  -9.481 0.3000000119
14235  -45.747  -81.082  -10.008 0.3000000119
126535  -46.210  -80.895  -10.572 0.3000000119
15338  -46.597  -80.571  -11.145 0.4000000060
115264  -43.745  -80.307  -8.900 0.3000000119
15306  -45.233  -80.682  -9.487 0.3000000119
15308  -46.304  -80.240  -10.203 0.5000000000
15326  -46.599  -80.161  -10.636 0.5000000000
17415  -42.271  -78.224  -8.137 0.4000000060
129287  -43.862  -78.755  -8.745 0.5000000000
118835  -44.698  -79.192  -9.089 0.4000000060
16389  -45.601  -79.351  -9.471 0.4000000060
16422  -46.841  -79.415  -10.392 0.5000000000
20509  -39.280  -75.212  -7.974 0.4000000060
19437  -40.723  -76.657  -7.710 0.4000000060
19438  -41.368  -76.708  -8.050 0.5000000000
19439  -41.892  -77.207  -8.114 0.5000000000
22600  -38.560  -73.750  -7.427 0.4000000060
21618  -38.784  -74.405  -7.811 0.4000000060
20510  -40.014  -75.862  -7.993 0.5000000000
22601  -39.082  -73.404  -7.942 0.4000000060
22593  -38.815  -73.031  -7.106 0.4000000060
23622  -39.293  -72.483  -6.608 0.3000000119
23639  -40.373  -72.293  -7.397 0.3000000119
23624  -41.060  -71.951  -6.505 0.3000000119
23625  -42.101  -72.052  -6.706 0.1000000015
23641  -42.160  -72.217  -7.728 0.1000000015
22644  -43.380  -72.843  -10.574 0.2000000030
23661  -43.953  -72.129  -8.662 0.1000000015
22616  -43.589  -72.417  -9.664 0.2000000030
23691  -43.496  -72.532  -10.803 0.2000000030
24720  -42.799  -72.098  -10.877 0.1000000015
138555  -43.204  -71.751  -10.556 0.1000000015
25737  -42.451  -71.438  -10.329 0.1000000015
25736  -40.822  -71.311  -10.114 0.1000000015
26767  -41.417  -70.144  -8.914 0.1000000015
25720  -40.647  -70.615  -9.411 0.1000000015
26747  -40.941  -69.500  -8.489 0.1000000015
27780  -41.494  -68.718  -8.149 0.1000000015
28806  -40.959  -68.129  -7.671 0.1000000015
28782  -41.298  -67.375  -7.309 0.1000000015
29784  -41.568  -66.639  -7.010 0.1000000015
30681  -42.246  -64.884  -6.585 0.1000000015
13219  -43.439  -82.864  -9.354 0.3000000119
12254  -43.655  -83.741  -9.638 0.2000000030
115904  -42.969  -80.938  -8.858 0.3000000119
15288  -42.784  -79.996  -8.527 0.4000000060
137838  -41.984  -79.752  -8.171 0.3000000119
123731  -39.396  -75.934  -7.509 0.3000000119
120480  -39.956  -76.453  -7.519 0.3000000119
18440  -41.646  -77.637  -7.869 0.4000000060
15279  -41.910  -78.975  -7.998 0.3000000119
21617  -38.293  -74.515  -7.307 0.3000000119
20508  -38.767  -75.305  -7.505 0.3000000119
17414  -41.026  -77.984  -7.516 0.4000000060
119747  -41.487  -78.472  -7.770 0.4000000060
16379  -41.178  -79.445  -7.829 0.3000000119
23621  -38.643  -72.681  -6.398 0.3000000119
22592  -38.124  -73.586  -6.863 0.3000000119
23601  -39.456  -72.144  -5.918 0.3000000119
23602  -40.344  -71.846  -5.842 0.3000000119
23623  -40.094  -72.126  -6.477 0.3000000119
138979  -40.665  -71.887  -6.099 0.3000000119
23604  -42.472  -71.963  -5.989 0.1000000015
23605  -43.371  -72.062  -5.981 0.1000000015
117670  -42.788  -72.169  -7.376 0.1000000015
115837  -43.957  -72.225  -6.558 0.1000000015
23642  -43.677  -72.122  -7.491 0.1000000015
23678  -44.007  -71.899  -9.476 0.2000000030
24711  -44.503  -71.330  -9.081 0.2000000030
25738  -43.481  -71.368  -10.060 0.1000000015
25705  -44.724  -70.641  -8.848 0.1000000015
137893  -43.723  -70.729  -9.547 0.1000000015
25722  -43.033  -70.751  -9.690 0.1000000015
26770  -44.122  -70.357  -9.099 0.1000000015
26769  -43.469  -70.215  -9.114 0.1000000015
26749  -43.034  -69.466  -8.658 0.1000000015
26748  -42.020  -69.443  -8.560 0.1000000015
27781  -42.517  -68.665  -8.257 0.1000000015
28807  -42.002  -67.895  -7.704 0.1000000015
134701  -41.980  -67.137  -7.351 0.1000000015
28783  -42.632  -67.200  -7.530 0.1000000015
128069  -42.312  -66.510  -7.187 0.1000000015
30696  -41.888  -65.814  -6.784 0.1000000015
30697  -42.684  -65.693  -6.989 0.1000000015
31614  -42.629  -63.919  -6.545 0.1000000015
30682  -43.095  -64.750  -6.741 0.1000000015
32562  -43.021  -63.134  -6.700 0.1000000015
10504  -42.504  -85.038  -9.562 0.2000000030
12253  -43.109  -84.397  -9.588 0.2000000030
12239  -41.564  -84.049  -8.603 0.2000000030
13218  -42.579  -82.568  -9.023 0.3000000119
13201  -40.153  -83.241  -7.817 0.2000000030
13217  -41.734  -82.268  -8.664 0.3000000119
14223  -42.313  -81.578  -8.805 0.3000000119
18438  -40.131  -77.049  -7.354 0.3000000119
21614  -37.792  -74.622  -6.857 0.3000000119
20504  -38.269  -75.414  -7.102 0.3000000119
134882  -38.842  -75.958  -7.223 0.3000000119
18426  -39.345  -77.395  -7.109 0.3000000119
17413  -40.173  -77.918  -7.301 0.3000000119
123136  -40.669  -78.692  -7.507 0.3000000119
22576  -37.881  -73.029  -6.155 0.3000000119
22591  -37.470  -73.904  -6.400 0.3000000119
119445  -39.779  -78.852  -7.314 0.3000000119
16378  -40.228  -79.539  -7.548 0.2000000030
15277  -40.515  -80.299  -7.825 0.2000000030
24647  -38.515  -71.834  -5.109 0.2000000030
23600  -38.502  -72.318  -5.642 0.2000000030
24648  -39.220  -71.812  -5.320 0.3000000119
132964  -39.932  -71.739  -5.501 0.3000000119
24649  -40.710  -71.530  -5.405 0.3000000119
123953  -41.073  -71.773  -5.864 0.2000000030
23603  -41.718  -71.902  -6.036 0.1000000015
24650  -41.770  -71.641  -5.577 0.2000000030
24651  -42.794  -71.694  -5.568 0.1000000015
23590  -44.704  -71.943  -5.618 0.1000000015
23591  -45.649  -72.125  -5.630 0.1000000015
24639  -47.044  -71.879  -5.090 0.1000000015
123595  -45.241  -72.352  -6.054 0.1000000015
23607  -46.218  -72.562  -6.037 0.1000000015
23593  -47.823  -72.617  -5.474 0.1000000015
23594  -48.437  -72.354  -5.205 0.1000000015
24642  -50.282  -72.240  -5.305 0.1000000015
130970  -45.049  -72.310  -7.092 0.1000000015
23628  -45.788  -72.435  -6.628 0.1000000015
23629  -46.837  -72.681  -6.359 0.1000000015
23609  -47.602  -72.994  -5.903 0.1000000015
23610  -49.215  -73.166  -5.968 0.1000000015
24653  -50.730  -72.823  -5.895 0.1000000015
115790  -44.564  -71.911  -7.752 0.1000000015
23643  -45.517  -72.077  -7.392 0.1000000015
23662  -44.414  -71.698  -8.685 0.1000000015
24696  -45.216  -71.035  -8.395 0.2000000030
25706  -45.254  -70.558  -8.354 0.1000000015
26751  -44.519  -69.847  -8.574 0.1000000015
26750  -43.857  -69.613  -8.665 0.1000000015
28808  -42.986  -67.948  -7.904 0.1000000015
28784  -43.427  -67.218  -7.622 0.1000000015
29785  -43.063  -66.433  -7.365 0.1000000015
30698  -43.497  -65.543  -7.144 0.1000000015
125777  -43.924  -64.590  -6.908 0.1000000015
14181  -38.245  -82.107  -6.357 0.2000000030
123050  -40.355  -82.234  -8.048 0.2000000030
14222  -41.513  -81.329  -8.436 0.3000000119
15278  -41.320  -80.429  -8.147 0.3000000119
14197  -37.966  -81.171  -6.208 0.2000000030
14198  -39.078  -82.069  -7.143 0.2000000030
14210  -39.818  -81.660  -7.686 0.2000000030
14211  -40.615  -81.230  -8.093 0.3000000119
20503  -37.720  -75.515  -6.685 0.3000000119
19425  -37.553  -76.284  -6.452 0.3000000119
124900  -38.012  -76.969  -6.661 0.3000000119
18425  -38.500  -77.590  -6.804 0.3000000119
128831  -36.886  -74.231  -5.930 0.3000000119
21613  -37.269  -74.797  -6.386 0.3000000119
18424  -37.707  -77.640  -6.395 0.3000000119
17398  -39.039  -78.279  -7.052 0.3000000119
24629  -36.779  -71.628  -4.277 0.2000000030
23598  -36.831  -72.934  -5.140 0.3000000119
16368  -39.391  -79.658  -7.317 0.2000000030
15276  -39.732  -80.322  -7.528 0.2000000030
24630  -37.859  -71.521  -4.654 0.2000000030
24631  -38.858  -71.359  -4.795 0.2000000030
25636  -38.296  -70.740  -4.323 0.2000000030
24632  -39.838  -71.328  -4.944 0.3000000119
25637  -39.247  -70.698  -4.438 0.3000000119
129976  -40.597  -71.082  -4.890 0.3000000119
25638  -40.938  -70.575  -4.596 0.2000000030
130245  -41.601  -70.662  -4.699 0.2000000030
24634  -42.226  -71.111  -5.019 0.2000000030
124270  -44.216  -71.254  -5.200 0.1000000015
23644  -46.466  -72.325  -7.005 0.1000000015
23645  -47.444  -72.556  -6.552 0.1000000015
127087  -48.469  -72.975  -6.149 0.1000000015
23631  -49.460  -73.034  -6.096 0.1000000015
24677  -45.905  -71.502  -7.570 0.1000000015
126558  -46.939  -71.952  -7.108 0.1000000015
25690  -48.601  -71.667  -6.621 0.1000000015
25688  -46.600  -71.128  -7.423 0.1000000015
25666  -47.147  -70.568  -7.006 0.1000000015
25667  -48.105  -70.719  -6.689 0.1000000015
25687  -45.797  -70.758  -7.915 0.1000000015
134094  -46.887  -69.772  -6.918 0.1000000015
26715  -46.419  -69.316  -7.132 0.1000000015
26752  -45.020  -70.127  -8.406 0.1000000015
27784  -44.996  -69.353  -8.020 0.1000000015
27760  -45.301  -68.383  -7.557 0.1000000015
27783  -44.298  -68.893  -8.232 0.1000000015
28809  -43.822  -68.039  -7.882 0.1000000015
29786  -43.891  -66.354  -7.434 0.1000000015
14171  -36.963  -81.928  -4.881 0.3000000119
15249  -37.111  -80.397  -5.499 0.3000000119
15266  -37.665  -80.415  -6.092 0.3000000119
15267  -38.293  -80.461  -6.620 0.2000000030
15268  -38.966  -80.427  -7.157 0.2000000030
129127  -39.344  -81.108  -7.373 0.2000000030
16347  -37.310  -79.711  -5.907 0.3000000119
16366  -37.955  -79.735  -6.463 0.3000000119
129082  -38.642  -79.735  -6.943 0.3000000119
128452  -39.978  -80.908  -7.758 0.2000000030
21606  -36.778  -74.984  -5.962 0.3000000119
19420  -36.210  -76.304  -5.359 0.3000000119
17396  -37.326  -78.279  -6.074 0.3000000119
16367  -38.366  -79.005  -6.785 0.3000000119
21605  -36.240  -74.723  -5.383 0.3000000119
21604  -35.504  -74.915  -4.701 0.3000000119
24623  -37.210  -70.726  -3.952 0.2000000030
128350  -37.857  -70.137  -3.857 0.2000000030
25628  -38.662  -70.029  -4.002 0.2000000030
26689  -40.503  -69.869  -4.194 0.3000000119
25639  -42.076  -70.384  -4.601 0.2000000030
27761  -46.288  -68.391  -7.060 0.1000000015
28785  -44.564  -68.110  -7.759 0.1000000015
14170  -36.597  -81.859  -4.095 0.1000000015
136792  -36.768  -81.507  -4.620 0.3000000119
14179  -36.978  -81.161  -5.090 0.3000000119
125763  -36.246  -79.688  -4.526 0.3000000119
134221  -36.384  -78.968  -5.002 0.3000000119
18418  -36.565  -77.151  -5.578 0.3000000119
18415  -36.110  -77.624  -5.039 0.3000000119
22559  -35.199  -73.484  -4.108 0.3000000119
21587  -34.933  -74.459  -4.089 0.3000000119
20492  -35.271  -75.573  -4.490 0.3000000119
18417  -35.881  -76.949  -4.961 0.3000000119
24621  -35.310  -71.475  -3.229 0.2000000030
25626  -36.416  -70.262  -3.314 0.2000000030
25627  -37.186  -69.851  -3.460 0.1000000015
26688  -39.587  -69.948  -4.103 0.2000000030
27704  -38.373  -68.650  -3.168 0.1000000015
26675  -38.976  -69.283  -3.646 0.2000000030
26676  -39.936  -69.148  -3.751 0.2000000030
26677  -40.952  -68.981  -3.832 0.3000000119
16322  -35.893  -79.621  -3.667 0.3000000119
16336  -35.912  -78.998  -4.261 0.3000000119
17378  -35.563  -78.356  -3.908 0.3000000119
18414  -35.578  -77.528  -4.364 0.3000000119
22555  -34.371  -73.057  -2.616 0.3000000119
20491  -34.760  -75.391  -3.798 0.3000000119
19416  -35.061  -76.189  -4.139 0.3000000119
23582  -34.709  -72.182  -2.965 0.2000000030
24611  -35.301  -71.063  -2.700 0.2000000030
26662  -36.243  -69.407  -2.097 0.1000000015
27694  -37.784  -68.157  -2.503 0.1000000015
27695  -38.739  -67.943  -2.810 0.1000000015
28713  -39.531  -67.872  -3.006 0.1000000015
27706  -40.267  -68.275  -3.375 0.1000000015
17366  -35.401  -78.473  -2.946 0.3000000119
18371  -35.457  -77.770  -1.717 0.2000000030
18403  -35.206  -77.684  -3.419 0.3000000119
19401  -35.087  -76.907  -3.792 0.3000000119
18402  -34.793  -77.013  -2.999 0.3000000119
23575  -34.602  -72.213  -2.228 0.2000000030
22550  -34.432  -73.740  -2.066 0.3000000119
19415  -34.690  -76.242  -3.373 0.3000000119
127850  -35.160  -71.341  -1.743 0.2000000030
23553  -34.926  -72.038  -1.585 0.2000000030
26628  -36.830  -69.309  -0.356 0.1000000015
26627  -36.399  -69.982  -0.623 0.1000000015
127723  -37.955  -68.799  0.502 0.1000000015
138539  -36.804  -68.753  -0.797 0.1000000015
27668  -37.091  -68.038  -0.953 0.1000000015
28693  -37.563  -67.617  -1.679 0.1000000015
28682  -37.515  -67.362  -0.877 0.1000000015
28702  -38.276  -67.353  -2.207 0.1000000015
29699  -39.438  -66.341  -2.209 0.1000000015
18370  -35.158  -77.169  -1.799 0.2000000030
20432  -35.056  -75.856  -1.633 0.2000000030
20451  -34.641  -75.669  -2.105 0.2000000030
22523  -35.090  -72.875  -1.294 0.2000000030
21529  -34.643  -74.285  -1.790 0.2000000030
24575  -36.197  -71.382  -0.746 0.1000000015
23540  -35.620  -72.110  -1.036 0.2000000030
129731  -37.083  -70.029  -0.098 0.1000000015
27649  -37.286  -68.507  -0.039 0.1000000015
28683  -37.854  -66.837  -0.332 0.1000000015
28694  -37.945  -66.923  -1.390 0.1000000015
29691  -38.366  -66.269  -1.025 0.1000000015
28668  -39.085  -67.745  1.143 0.1000000015
28667  -38.395  -66.953  0.640 0.1000000015
29687  -38.476  -66.143  -0.106 0.1000000015
30615  -38.828  -65.750  -0.725 0.1000000015
135646  -39.543  -66.247  1.132 0.1000000015
30605  -39.529  -65.669  0.817 0.1000000015
19500  -47.462  -76.219  -11.279 0.4000000060
19499  -45.858  -76.358  -11.096 0.5000000000
122611  -46.774  -76.483  -10.849 0.4000000060
20564  -46.678  -75.944  -11.453 0.6000000238
19486  -48.024  -77.275  -11.114 0.5000000000
18469  -46.419  -77.804  -9.801 0.4000000060
17543  -46.874  -78.374  -15.653 0.5000000000
18491  -47.397  -77.424  -10.534 0.4000000060
128811  -47.331  -75.754  -11.725 0.5000000000
17498  -48.547  -77.913  -12.972 0.5000000000
19501  -48.037  -76.588  -11.437 0.6000000238
19530  -48.964  -76.527  -14.194 0.5000000000
18556  -47.537  -77.460  -15.285 0.3000000119
19546  -45.338  -77.113  -17.126 0.5000000000
116797  -48.602  -77.255  -11.906 0.5000000000
16487  -46.415  -79.629  -15.511 0.5000000000
18536  -48.831  -77.205  -13.511 0.5000000000
132189  -47.418  -76.587  -15.740 0.4000000060
21744  -47.220  -74.281  -18.084 0.5000000000
123995  -46.269  -73.588  -19.057 0.4000000060
22762  -45.923  -73.976  -19.485 0.4000000060
23788  -46.542  -72.442  -17.663 0.4000000060
23786  -44.768  -72.192  -17.760 0.3000000119
24808  -45.131  -71.509  -17.150 0.4000000060
13284  -45.111  -82.017  -12.552 0.2000000030
18452  -45.009  -78.032  -9.288 0.5000000000
121011  -47.490  -76.802  -10.889 0.4000000060
20576  -43.205  -76.080  -12.681 0.3000000119
20595  -44.831  -75.325  -12.942 0.4000000060
21678  -47.013  -74.859  -12.705 0.6000000238
20575  -42.519  -75.827  -12.588 0.4000000060
128103  -46.420  -74.463  -13.135 0.6000000238
21696  -48.192  -74.744  -13.733 0.6000000238
134703  -48.888  -75.650  -13.497 0.6000000238
20566  -48.413  -76.311  -12.019 0.6000000238
19502  -48.405  -76.902  -11.660 0.6000000238
19524  -48.978  -76.340  -13.270 0.5000000000
19536  -48.299  -76.296  -15.459 0.5000000000
21692  -43.043  -74.898  -13.686 0.4000000060
22682  -45.211  -73.802  -13.771 0.5000000000
22684  -47.859  -74.157  -14.177 0.6000000238
22697  -47.064  -73.525  -14.367 0.5000000000
20610  -48.931  -75.079  -15.338 0.5000000000
20604  -48.982  -75.590  -14.324 0.5000000000
20617  -48.354  -74.876  -16.566 0.5000000000
19537  -48.951  -75.936  -15.030 0.5000000000
20592  -41.990  -75.269  -13.037 0.4000000060
134804  -44.341  -73.712  -13.870 0.5000000000
23763  -47.630  -73.021  -16.101 0.4000000060
23745  -47.405  -73.101  -15.307 0.5000000000
21729  -48.188  -74.201  -16.759 0.5000000000
21690  -41.572  -74.514  -13.186 0.4000000060
22667  -41.280  -74.141  -12.859 0.3000000119
22680  -42.818  -73.322  -13.955 0.5000000000
22695  -44.941  -72.879  -14.094 0.5000000000
133515  -45.573  -72.404  -14.540 0.5000000000
24790  -47.001  -72.402  -16.306 0.4000000060
133846  -47.653  -73.278  -17.067 0.5000000000
23730  -44.352  -72.267  -14.148 0.5000000000
23743  -45.479  -71.794  -14.960 0.4000000060
23774  -46.701  -72.146  -16.822 0.4000000060
24788  -45.673  -71.317  -15.902 0.4000000060
25790  -44.003  -70.668  -14.479 0.4000000060
23742  -44.913  -71.945  -14.472 0.4000000060
128368  -45.309  -71.092  -16.399 0.4000000060
18450  -43.526  -78.080  -8.677 0.5000000000
18453  -45.891  -78.143  -9.514 0.4000000060
16448  -48.073  -78.461  -12.308 0.5000000000
19451  -40.752  -76.162  -8.152 0.5000000000
17456  -47.736  -78.000  -10.642 0.5000000000
22614  -40.367  -73.811  -9.247 0.3000000119
22635  -42.832  -73.399  -10.370 0.3000000119
22657  -42.475  -73.354  -11.286 0.3000000119
23728  -41.021  -72.897  -13.371 0.3000000119
22678  -41.123  -73.789  -13.198 0.3000000119
22677  -40.694  -73.265  -12.902 0.3000000119
25789  -43.226  -70.081  -14.159 0.3000000119
25805  -43.739  -70.187  -14.750 0.4000000060
25815  -44.096  -70.310  -15.432 0.4000000060
25788  -42.425  -69.630  -13.692 0.2000000030
26829  -42.720  -69.628  -14.085 0.3000000119
26849  -43.035  -69.607  -14.964 0.2000000030
24751  -40.638  -70.808  -12.631 0.2000000030
25778  -41.784  -69.137  -13.148 0.2000000030
26809  -39.836  -68.896  -11.601 0.1000000015
17424  -43.093  -78.459  -8.425 0.4000000060
17416  -42.806  -77.800  -8.407 0.4000000060
17425  -44.358  -78.385  -9.029 0.5000000000
119728  -46.316  -79.503  -9.892 0.4000000060
17441  -47.162  -78.560  -10.281 0.5000000000
21624  -39.304  -74.334  -8.395 0.4000000060
23658  -40.690  -72.633  -8.337 0.3000000119
23640  -41.320  -72.192  -7.524 0.1000000015
23702  -41.219  -73.252  -11.799 0.2000000030
24721  -43.484  -72.064  -10.636 0.2000000030
117488  -39.833  -72.008  -11.747 0.2000000030
24734  -39.584  -70.991  -11.072 0.1000000015
26816  -41.084  -68.609  -12.622 0.1000000015
25760  -39.782  -69.943  -11.320 0.1000000015
133221  -39.877  -70.189  -9.366 0.1000000015
26746  -39.874  -69.517  -8.748 0.1000000015
12255  -44.652  -83.066  -10.186 0.3000000119
13230  -45.183  -82.448  -10.328 0.3000000119
120075  -43.132  -81.899  -9.176 0.3000000119
13228  -44.272  -82.971  -9.662 0.3000000119
14224  -43.808  -81.384  -9.171 0.3000000119
14225  -44.554  -81.022  -9.282 0.3000000119
13229  -44.946  -82.397  -9.850 0.3000000119
14234  -45.166  -81.583  -9.660 0.3000000119
15307  -45.798  -80.173  -9.698 0.3000000119
15289  -44.614  -80.103  -9.116 0.3000000119
132725  -44.068  -79.505  -8.865 0.3000000119
16388  -43.366  -79.325  -8.581 0.3000000119
15290  -45.201  -79.912  -9.328 0.3000000119
18441  -42.238  -77.566  -8.228 0.4000000060
16380  -42.567  -79.091  -8.267 0.4000000060
136163  -41.382  -77.071  -7.820 0.4000000060
23638  -39.509  -72.589  -7.308 0.3000000119
23626  -43.061  -72.130  -6.593 0.1000000015
23677  -43.609  -72.242  -10.342 0.2000000030
24710  -43.839  -71.654  -9.898 0.1000000015
25721  -41.857  -70.770  -9.580 0.1000000015
26768  -42.552  -70.163  -9.047 0.1000000015
26766  -40.502  -70.057  -8.906 0.1000000015
12241  -42.914  -83.562  -9.222 0.2000000030
132886  -43.544  -84.245  -9.956 0.2000000030
15287  -42.136  -80.649  -8.479 0.3000000119
19436  -39.291  -76.602  -7.229 0.3000000119
18439  -40.911  -77.351  -7.540 0.4000000060
23606  -44.294  -72.201  -6.010 0.1000000015
136160  -44.429  -72.280  -7.076 0.1000000015
23627  -44.804  -72.383  -6.546 0.1000000015
25723  -44.132  -70.992  -9.522 0.1000000015
12240  -42.401  -84.272  -9.079 0.2000000030
120110  -40.817  -83.876  -8.211 0.2000000030
13216  -41.061  -82.956  -8.409 0.2000000030
124804  -42.049  -83.271  -8.797 0.3000000119
14221  -41.014  -81.984  -8.398 0.2000000030
19435  -38.372  -76.264  -6.913 0.3000000119
19426  -38.732  -76.965  -6.953 0.3000000119
23599  -37.628  -72.672  -5.483 0.3000000119
22575  -37.208  -73.417  -5.760 0.3000000119
23588  -37.261  -72.218  -4.867 0.3000000119
24636  -43.751  -71.787  -5.596 0.1000000015
24638  -46.082  -71.576  -5.175 0.1000000015
23592  -46.536  -72.354  -5.601 0.1000000015
135545  -47.210  -72.626  -5.622 0.1000000015
23608  -47.073  -72.832  -5.968 0.1000000015
136440  -48.398  -72.862  -5.598 0.1000000015
122516  -48.301  -73.111  -5.924 0.1000000015
24652  -49.803  -72.998  -5.774 0.1000000015
24641  -49.259  -72.250  -5.151 0.1000000015
23630  -47.644  -73.004  -6.095 0.1000000015
24654  -51.483  -72.360  -5.993 0.1000000015
24695  -44.998  -71.480  -8.140 0.1000000015
27782  -43.452  -68.742  -8.318 0.1000000015
127847  -38.623  -81.228  -6.838 0.2000000030
135449  -39.743  -82.438  -7.566 0.2000000030
125387  -37.448  -80.989  -5.710 0.3000000119
17397  -38.082  -78.291  -6.594 0.3000000119
22574  -36.477  -73.748  -5.319 0.3000000119
20499  -36.514  -75.591  -5.675 0.3000000119
19421  -36.853  -76.327  -5.936 0.3000000119
134052  -39.019  -79.091  -7.158 0.3000000119
23587  -36.379  -72.416  -4.514 0.3000000119
22560  -36.001  -73.200  -4.705 0.3000000119
124341  -40.133  -70.622  -4.494 0.3000000119
24633  -41.313  -71.158  -5.038 0.2000000030
24635  -43.245  -71.195  -5.119 0.1000000015
136925  -47.499  -72.168  -6.813 0.1000000015
24678  -48.082  -72.343  -6.558 0.1000000015
24679  -50.243  -72.594  -6.281 0.1000000015
25689  -47.545  -71.599  -6.953 0.1000000015
26733  -46.279  -70.152  -7.458 0.1000000015
26732  -45.517  -70.068  -7.997 0.1000000015
114933  -45.761  -69.290  -7.532 0.1000000015
138033  -44.764  -68.692  -7.899 0.1000000015
14180  -37.506  -81.803  -5.615 0.3000000119
122025  -36.743  -79.691  -5.257 0.3000000119
128962  -37.635  -78.995  -6.277 0.3000000119
128698  -36.963  -78.966  -5.686 0.3000000119
20498  -35.869  -75.556  -5.106 0.3000000119
17384  -36.622  -78.140  -5.439 0.3000000119
24628  -35.836  -71.871  -3.911 0.3000000119
24622  -36.145  -71.055  -3.666 0.2000000030
21588  -35.713  -74.080  -4.753 0.3000000119
26690  -41.465  -69.896  -4.329 0.2000000030
26691  -42.335  -69.702  -4.352 0.2000000030
12194  -36.751  -83.432  -4.159 0.1000000015
15239  -36.207  -80.371  -3.959 0.2000000030
125875  -36.545  -81.080  -4.343 0.3000000119
17379  -35.994  -78.285  -4.706 0.3000000119
22556  -34.771  -72.840  -3.483 0.3000000119
22558  -34.551  -73.720  -3.370 0.3000000119
25625  -35.720  -70.684  -3.055 0.2000000030
26672  -36.618  -69.546  -2.885 0.2000000030
26674  -37.970  -69.404  -3.484 0.1000000015
27703  -37.630  -68.800  -2.989 0.1000000015
27705  -39.302  -68.524  -3.306 0.2000000030
16335  -35.671  -78.980  -3.495 0.3000000119
21573  -34.472  -74.627  -3.178 0.3000000119
24594  -34.842  -71.631  -2.023 0.2000000030
26661  -35.773  -70.024  -2.112 0.2000000030
25613  -35.987  -70.024  -2.681 0.2000000030
26663  -37.017  -68.832  -2.452 0.1000000015
27685  -37.165  -68.208  -1.871 0.1000000015
27667  -36.703  -68.716  -1.556 0.1000000015
26648  -35.927  -69.860  -1.630 0.1000000015
28703  -39.233  -67.179  -2.547 0.1000000015
18386  -35.127  -77.695  -2.400 0.3000000119
20476  -34.474  -75.510  -2.864 0.3000000119
22530  -34.765  -73.617  -1.545 0.2000000030
25578  -35.962  -70.630  -0.911 0.1000000015
114876  -36.659  -70.678  -0.419 0.1000000015
27650  -38.063  -67.941  0.568 0.1000000015
29698  -38.664  -66.608  -1.887 0.1000000015
128480  -35.441  -75.189  -1.396 0.2000000030
21530  -35.049  -74.390  -1.415 0.2000000030
24576  -37.170  -71.450  -0.394 0.1000000015
29673  -38.988  -66.171  0.668 0.1000000015
17546  -45.115  -78.735  -17.957 0.3000000119
15420  -44.352  -80.263  -18.605 0.3000000119
16523  -45.134  -79.402  -18.062 0.3000000119
9705  -39.585  -86.495  -17.789 0.2000000030
8172  -38.148  -87.783  -17.285 0.2000000030
14334  -43.546  -81.138  -18.752 0.4000000060
128380  -42.071  -82.990  -18.439 0.3000000119
17555  -44.394  -78.553  -18.541 0.4000000060
13332  -42.453  -82.424  -18.529 0.3000000119
12351  -41.345  -83.947  -18.015 0.3000000119
18564  -44.597  -77.641  -18.131 0.4000000060
14337  -43.129  -81.277  -19.193 0.4000000060
12355  -41.017  -84.033  -18.715 0.3000000119
117739  -39.263  -86.202  -18.478 0.2000000030
17566  -43.877  -78.867  -19.156 0.4000000060
15429  -44.010  -79.870  -19.095 0.4000000060
13335  -41.277  -82.924  -19.680 0.4000000060
18572  -44.374  -77.036  -19.224 0.4000000060
19551  -44.921  -76.507  -18.662 0.4000000060
14336  -42.054  -81.961  -19.748 0.4000000060
11474  -40.386  -84.530  -18.737 0.3000000119
17565  -43.569  -78.168  -20.327 0.4000000060
14345  -42.259  -81.191  -19.939 0.4000000060
12360  -40.546  -83.130  -20.167 0.3000000119
10626  -39.708  -85.138  -18.762 0.4000000060
19565  -45.216  -76.197  -19.870 0.4000000060
135737  -41.726  -80.791  -21.006 0.4000000060
11478  -39.449  -83.912  -20.089 0.3000000119
20628  -46.124  -75.132  -19.373 0.4000000060
17564  -43.109  -78.783  -20.781 0.4000000060
16553  -42.586  -79.531  -20.520 0.4000000060
14343  -41.093  -81.728  -21.180 0.4000000060
127569  -45.253  -76.051  -20.586 0.4000000060
14359  -41.569  -81.148  -21.670 0.4000000060
12365  -40.160  -82.744  -21.314 0.3000000119
20643  -45.792  -75.077  -19.932 0.4000000060
17576  -43.953  -78.083  -21.640 0.4000000060
16568  -42.934  -79.295  -21.810 0.4000000060
13348  -40.737  -82.142  -22.099 0.4000000060
18593  -44.741  -76.909  -21.622 0.4000000060
127176  -44.024  -78.055  -22.366 0.4000000060
15456  -42.737  -79.881  -22.580 0.4000000060
14358  -41.334  -81.537  -22.256 0.4000000060
12364  -39.558  -83.201  -21.905 0.3000000119
19584  -44.980  -76.277  -21.204 0.4000000060
129316  -42.536  -80.409  -23.051 0.4000000060
14375  -41.986  -81.045  -22.921 0.4000000060
13347  -40.210  -82.750  -22.615 0.3000000119
11482  -38.477  -84.067  -22.070 0.2000000030
21774  -45.528  -74.940  -20.215 0.3000000119
18605  -44.661  -76.923  -22.071 0.4000000060
19598  -44.708  -76.477  -21.839 0.4000000060
18622  -43.927  -77.620  -22.608 0.4000000060
15470  -42.186  -80.457  -23.612 0.4000000060
120348  -41.762  -81.152  -23.661 0.4000000060
12378  -39.147  -83.661  -22.797 0.2000000030
134017  -39.425  -83.670  -24.066 0.2000000030
10643  -37.069  -85.294  -23.472 0.3000000119
22761  -45.365  -73.894  -19.444 0.3000000119
21773  -44.897  -75.061  -20.547 0.3000000119
20670  -44.216  -76.181  -21.784 0.3000000119
13376  -40.803  -82.063  -24.234 0.3000000119
11503  -38.801  -84.055  -24.458 0.2000000030
12396  -40.149  -83.111  -24.107 0.2000000030
11488  -37.684  -84.852  -23.469 0.2000000030
9752  -35.933  -86.315  -23.557 0.2000000030
22750  -44.905  -73.473  -18.954 0.3000000119
20642  -44.136  -75.559  -21.088 0.3000000119
17599  -42.937  -78.794  -23.232 0.4000000060
12409  -39.608  -83.088  -24.546 0.1000000015
22749  -43.930  -73.714  -18.733 0.3000000119
19583  -43.297  -76.065  -21.381 0.3000000119
18620  -42.483  -78.060  -23.058 0.2000000030
15481  -41.047  -80.601  -24.002 0.2000000030
11502  -38.127  -84.597  -24.520 0.1000000015
9753  -35.487  -86.797  -24.206 0.2000000030
19595  -41.846  -76.941  -21.521 0.2000000030
18619  -41.596  -78.249  -22.742 0.2000000030
15469  -40.473  -80.381  -23.594 0.1000000015
13386  -39.304  -82.652  -24.591 0.1000000015
11520  -37.695  -84.415  -25.098 0.1000000015
9754  -36.081  -86.060  -24.671 0.1000000015
21742  -43.456  -74.477  -19.195 0.3000000119
20661  -42.384  -75.963  -20.527 0.3000000119
24806  -43.321  -71.750  -17.011 0.2000000030
22743  -43.346  -73.166  -17.988 0.1000000015
119992  -41.452  -76.367  -20.527 0.2000000030
17597  -40.402  -79.129  -22.644 0.1000000015
13385  -38.441  -83.044  -24.745 0.1000000015
11531  -36.636  -84.610  -25.535 0.1000000015
9764  -36.013  -85.788  -25.358 0.1000000015
23784  -42.769  -72.498  -17.324 0.2000000030
21741  -42.433  -74.741  -18.756 0.2000000030
135136  -41.639  -75.838  -19.821 0.2000000030
19594  -41.084  -77.304  -21.486 0.1000000015
17585  -40.663  -78.436  -22.272 0.1000000015
15468  -39.625  -80.731  -23.174 0.1000000015
14383  -38.600  -82.002  -23.685 0.1000000015
12407  -37.852  -83.776  -25.017 0.1000000015
10667  -35.659  -85.337  -25.559 0.1000000015
8987  -33.941  -87.384  -24.810 0.1000000015
20627  -41.947  -75.371  -19.201 0.1000000015
19581  -40.788  -76.850  -20.882 0.2000000030
18591  -40.277  -77.278  -21.163 0.1000000015
16566  -38.913  -80.071  -22.093 0.1000000015
14371  -37.840  -81.941  -22.992 0.1000000015
12406  -36.943  -83.883  -25.237 0.1000000015
11519  -35.435  -84.475  -25.268 0.1000000015
9774  -34.086  -86.714  -25.141 0.1000000015
8268  -32.757  -88.395  -24.420 0.1000000015
16567  -39.453  -79.244  -22.024 0.1000000015
13362  -37.280  -82.341  -23.111 0.1000000015
13372  -36.538  -83.226  -23.916 0.1000000015
9761  -32.760  -86.296  -24.726 0.1000000015
12404  -35.108  -84.078  -24.595 0.1000000015
27707  -41.621  -68.296  -3.688 0.2000000030
25826  -43.140  -70.364  -16.127 0.2000000030
137161  -42.737  -71.891  -16.925 0.1000000015
22742  -42.348  -73.454  -17.717 0.1000000015
22747  -41.965  -74.254  -18.075 0.1000000015
20660  -40.398  -76.408  -20.205 0.1000000015
21740  -41.388  -74.910  -18.412 0.1000000015
18590  -39.399  -77.231  -20.811 0.1000000015
15454  -38.021  -80.586  -21.711 0.1000000015
10657  -33.643  -86.319  -25.110 0.1000000015
10666  -34.937  -85.650  -25.502 0.1000000015
12395  -36.614  -83.662  -24.797 0.1000000015
14357  -37.780  -81.320  -22.126 0.1000000015
10613  -40.330  -85.063  -18.212 0.3000000119
12356  -41.612  -83.406  -18.736 0.3000000119
13337  -42.626  -81.964  -19.178 0.3000000119
16536  -43.161  -79.720  -19.621 0.4000000060
12354  -40.289  -83.821  -19.538 0.3000000119
17554  -43.926  -77.630  -19.782 0.4000000060
13341  -41.465  -82.215  -20.119 0.4000000060
12359  -39.819  -83.340  -20.611 0.3000000119
18581  -44.791  -76.735  -20.668 0.4000000060
16569  -43.648  -78.364  -22.855 0.4000000060
12380  -40.386  -82.863  -23.538 0.2000000030
11489  -38.570  -84.268  -23.511 0.2000000030
18621  -43.291  -77.866  -22.986 0.3000000119
16592  -41.632  -80.259  -23.803 0.2000000030
10645  -36.752  -85.592  -24.204 0.2000000030
115548  -43.923  -74.964  -20.171 0.3000000119
19596  -42.921  -76.695  -21.957 0.3000000119
14386  -40.837  -81.426  -24.218 0.2000000030
11521  -38.422  -83.950  -24.854 0.1000000015
123641  -42.173  -78.686  -23.344 0.4000000060
17598  -41.387  -78.935  -23.158 0.2000000030
14385  -40.122  -81.668  -24.391 0.1000000015
9763  -35.549  -86.476  -24.992 0.1000000015
14384  -39.401  -81.953  -24.288 0.1000000015
21755  -42.896  -75.127  -19.595 0.3000000119
16580  -39.994  -79.887  -22.810 0.1000000015
11530  -36.000  -84.644  -25.564 0.1000000015
133961  -35.036  -86.668  -25.110 0.1000000015
118778  -40.873  -76.087  -19.805 0.1000000015
17584  -39.866  -78.633  -21.902 0.1000000015
15467  -38.646  -80.971  -22.475 0.1000000015
13384  -37.433  -83.352  -24.641 0.1000000015
9762  -33.433  -87.051  -24.849 0.1000000015
117216  -32.454  -87.503  -24.557 0.1000000015
131210  -38.650  -79.278  -21.541 0.1000000015
20640  -40.098  -76.017  -19.547 0.1000000015
16484  -44.187  -79.392  -15.658 0.3000000119
136339  -44.482  -79.568  -16.320 0.2000000030
17539  -43.032  -79.082  -16.505 0.3000000119
17540  -44.209  -79.633  -16.836 0.2000000030
15375  -45.860  -80.543  -14.385 0.4000000060
16473  -45.658  -80.210  -15.222 0.2000000030
15384  -46.132  -80.116  -15.059 0.4000000060
16485  -45.235  -79.845  -16.036 0.3000000119
130220  -42.354  -79.888  -17.434 0.2000000030
16500  -45.162  -79.845  -16.983 0.2000000030
15408  -42.869  -80.769  -17.726 0.2000000030
15407  -41.742  -80.537  -17.615 0.1000000015
14324  -41.308  -81.531  -17.664 0.1000000015
133235  -40.976  -80.652  -17.657 0.1000000015
14325  -42.341  -81.588  -17.779 0.2000000030
14323  -40.340  -82.056  -17.584 0.1000000015
13326  -39.870  -82.960  -17.314 0.1000000015
127931  -41.323  -82.473  -17.581 0.1000000015
13327  -40.954  -83.130  -17.425 0.1000000015
129100  -38.401  -84.284  -16.605 0.1000000015
12344  -39.539  -83.674  -16.938 0.1000000015
12330  -40.165  -84.264  -16.943 0.1000000015
127771  -37.988  -85.526  -16.699 0.1000000015
115258  -38.673  -84.840  -16.572 0.1000000015
16502  -46.309  -79.370  -16.372 0.3000000119
15409  -43.773  -80.754  -17.975 0.2000000030
14332  -42.517  -82.133  -18.097 0.2000000030
13328  -41.667  -82.932  -17.659 0.2000000030
10578  -38.340  -86.028  -16.739 0.1000000015
10594  -36.975  -85.969  -17.355 0.1000000015
17541  -46.247  -78.980  -16.911 0.2000000030
16515  -45.369  -79.565  -17.436 0.3000000119
14326  -43.014  -81.394  -18.126 0.2000000030
12347  -41.553  -83.438  -17.727 0.2000000030
11442  -39.303  -85.299  -16.638 0.1000000015
9689  -36.849  -87.016  -17.666 0.1000000015
125879  -37.595  -86.984  -17.276 0.1000000015
16514  -44.930  -79.998  -18.165 0.3000000119
14333  -43.009  -81.673  -18.598 0.3000000119
18560  -46.228  -78.343  -16.499 0.2000000030
11457  -40.764  -84.440  -17.647 0.2000000030
10596  -39.820  -85.885  -17.403 0.1000000015
8890  -37.291  -87.763  -17.513 0.1000000015
8879  -37.976  -87.277  -17.177 0.1000000015
8893  -39.190  -87.072  -17.577 0.1000000015
8190  -36.189  -88.807  -18.352 0.1000000015
17547  -45.696  -79.046  -17.499 0.2000000030
8193  -38.459  -88.346  -17.834 0.1000000015
8906  -39.202  -87.177  -18.096 0.1000000015
121109  -36.417  -89.705  -18.391 0.1000000015
7393  -37.492  -89.183  -17.880 0.1000000015
18559  -45.777  -78.299  -16.956 0.2000000030
9722  -38.667  -87.043  -18.733 0.1000000015
8206  -38.395  -88.556  -18.357 0.1000000015
8921  -38.197  -87.920  -19.084 0.1000000015
6638  -34.216  -90.922  -19.816 0.1000000015
6633  -36.385  -90.283  -18.855 0.1000000015
7407  -37.602  -89.597  -18.420 0.1000000015
8205  -38.078  -89.011  -18.820 0.1000000015
11472  -39.079  -84.573  -19.664 0.3000000119
6651  -36.561  -90.616  -19.465 0.1000000015
17542  -46.512  -78.738  -16.252 0.3000000119
16486  -46.028  -79.863  -15.883 0.3000000119
16501  -45.832  -79.707  -16.706 0.2000000030
15410  -44.463  -80.362  -18.142 0.3000000119
9681  -39.049  -86.590  -16.949 0.1000000015
8180  -37.388  -88.513  -17.632 0.1000000015
13331  -42.091  -82.883  -17.981 0.2000000030
16513  -44.441  -80.184  -17.584 0.2000000030
115016  -44.997  -80.072  -17.698 0.3000000119
11443  -40.409  -84.700  -17.186 0.1000000015
131672  -35.305  -89.854  -19.167 0.1000000015
7405  -35.641  -90.607  -19.155 0.1000000015
7406  -37.111  -90.174  -18.871 0.1000000015
7404  -34.796  -90.406  -19.494 0.1000000015
126902  -38.533  -86.215  -19.132 0.2000000030
7433  -36.225  -90.071  -21.244 0.1000000015
115998  -35.370  -90.671  -21.910 0.1000000015
7432  -35.669  -90.006  -22.011 0.2000000030
5266  -34.985  -91.504  -21.805 0.1000000015
8939  -36.858  -87.670  -20.650 0.2000000030
134700  -36.421  -88.917  -21.369 0.2000000030
6692  -34.757  -90.803  -22.513 0.2000000030
8246  -35.910  -88.487  -22.136 0.1000000015
5961  -34.262  -91.437  -22.653 0.1000000015
136563  -35.353  -90.194  -22.260 0.2000000030
8245  -35.431  -89.043  -22.725 0.1000000015
10624  -37.988  -85.736  -19.735 0.2000000030
8953  -36.363  -88.060  -21.423 0.1000000015
130849  -34.249  -90.512  -23.126 0.1000000015
6678  -34.946  -89.965  -22.741 0.1000000015
10636  -38.243  -84.860  -20.103 0.2000000030
9735  -36.745  -86.547  -20.783 0.2000000030
9746  -36.233  -86.946  -21.507 0.1000000015
8961  -35.501  -88.067  -23.035 0.1000000015
10634  -36.913  -85.737  -20.899 0.1000000015
8962  -35.820  -87.426  -22.388 0.1000000015
11477  -38.696  -84.076  -20.767 0.2000000030
11476  -37.889  -84.552  -21.181 0.2000000030
10639  -37.146  -85.121  -21.501 0.2000000030
9751  -35.533  -87.194  -23.351 0.1000000015
10638  -36.444  -85.848  -21.725 0.1000000015
12363  -38.991  -83.671  -21.703 0.2000000030
10642  -36.474  -85.732  -22.954 0.1000000015
8259  -35.107  -88.384  -23.476 0.1000000015
9736  -37.407  -87.231  -20.002 0.1000000015
8220  -37.027  -88.959  -20.494 0.1000000015
15374  -45.261  -80.572  -14.458 0.2000000030
17529  -43.637  -79.067  -16.097 0.1000000015
117292  -44.067  -83.715  -10.059 0.2000000030
11383  -43.975  -83.839  -10.947 0.1000000015
13183  -38.160  -82.929  -6.193 0.1000000015
10502  -41.453  -85.871  -8.941 0.1000000015
10503  -41.866  -85.657  -9.517 0.1000000015
11356  -41.886  -85.028  -8.991 0.1000000015
12203  -37.839  -83.391  -5.823 0.2000000030
12209  -38.327  -83.609  -6.302 0.1000000015
9610  -40.345  -87.102  -8.196 0.1000000015
13173  -37.742  -82.658  -5.772 0.2000000030
13184  -38.678  -82.913  -6.675 0.1000000015
12210  -38.915  -83.787  -6.833 0.1000000015
11346  -39.838  -85.050  -7.511 0.1000000015
11347  -40.452  -85.300  -7.969 0.1000000015
10493  -40.851  -86.181  -8.419 0.1000000015
15364  -45.505  -80.997  -13.694 0.2000000030
12282  -44.497  -83.222  -11.221 0.1000000015
12238  -41.080  -84.956  -8.399 0.1000000015
12222  -40.298  -84.357  -7.877 0.1000000015
13200  -39.349  -83.053  -7.231 0.1000000015
13172  -37.259  -82.581  -5.197 0.2000000030
12265  -44.297  -83.537  -10.573 0.1000000015
9617  -41.258  -86.360  -9.399 0.1000000015
9616  -40.749  -86.978  -8.853 0.1000000015
12221  -39.579  -84.007  -7.394 0.1000000015
11341  -39.131  -84.792  -6.993 0.1000000015
15373  -44.366  -80.217  -14.288 0.1000000015
16472  -44.788  -79.924  -15.132 0.1000000015
118639  -35.705  -77.361  -1.402 0.1000000015
17351  -35.574  -78.515  -1.898 0.1000000015
16308  -35.980  -79.982  -2.123 0.1000000015
15216  -36.214  -80.711  -2.217 0.1000000015
13154  -36.439  -82.766  -2.886 0.1000000015
16321  -35.719  -79.339  -2.642 0.1000000015
15230  -35.984  -80.214  -2.972 0.1000000015
16294  -36.770  -79.380  -1.027 0.1000000015
118793  -36.415  -80.138  -1.510 0.1000000015
14135  -36.638  -81.109  -1.424 0.1000000015
116489  -36.535  -82.796  -2.157 0.1000000015
17338  -36.238  -78.589  -1.271 0.1000000015
16293  -36.027  -79.355  -1.641 0.1000000015
14146  -36.402  -81.557  -2.341 0.1000000015
13139  -36.482  -82.240  -2.442 0.1000000015
11307  -36.485  -84.567  -3.167 0.1000000015
125172  -36.124  -76.766  -1.224 0.1000000015
13116  -37.402  -82.505  -0.845 0.1000000015
17339  -37.098  -78.432  -0.971 0.1000000015
124794  -36.972  -80.309  -0.907 0.1000000015
14136  -36.992  -81.846  -1.052 0.1000000015
122055  -36.478  -77.658  -1.121 0.1000000015
13128  -36.643  -82.123  -1.719 0.1000000015
12157  -36.649  -83.556  -1.858 0.1000000015
20434  -36.459  -75.330  -1.303 0.1000000015
21531  -35.918  -74.485  -1.196 0.1000000015
122487  -38.475  -79.056  -1.135 0.1000000015
122803  -37.654  -79.699  -0.797 0.1000000015
15188  -37.289  -81.070  -0.796 0.1000000015
18372  -37.670  -77.561  -1.259 0.1000000015
19365  -37.172  -76.663  -1.327 0.1000000015
118002  -35.458  -73.677  -1.189 0.1000000015
27720  -41.870  -69.053  -4.006 0.1000000015
137131  -43.846  -69.499  -4.512 0.1000000015
130375  -37.593  -74.508  -1.337 0.1000000015
22531  -36.459  -73.759  -1.047 0.1000000015
22524  -35.975  -72.943  -0.917 0.1000000015
137375  -40.970  -68.300  -3.539 0.1000000015
25640  -42.793  -70.424  -4.693 0.1000000015
116394  -42.424  -68.089  -3.770 0.1000000015
126879  -45.242  -69.818  -4.703 0.1000000015
25641  -43.770  -70.328  -4.789 0.1000000015
26693  -44.467  -69.719  -4.656 0.1000000015
134622  -37.589  -78.989  -0.930 0.1000000015
15202  -37.738  -80.406  -0.691 0.1000000015
14125  -37.762  -81.741  -0.671 0.1000000015
120820  -36.429  -82.034  -3.138 0.1000000015
13166  -36.573  -82.704  -3.690 0.1000000015
14160  -36.289  -81.128  -3.304 0.1000000015
19364  -35.395  -76.627  -1.519 0.1000000015
26692  -43.156  -69.606  -4.450 0.1000000015
12180  -36.498  -83.560  -3.274 0.1000000015
12169  -36.488  -83.328  -2.541 0.1000000015
126417  -36.521  -76.126  -1.321 0.1000000015
126945  -37.146  -75.836  -1.426 0.1000000015
27722  -43.569  -68.869  -4.263 0.1000000015
25642  -44.745  -70.526  -4.912 0.1000000015
121899  -42.697  -69.879  -15.530 0.1000000015
25813  -41.843  -69.910  -15.491 0.1000000015
26848  -42.330  -69.455  -14.888 0.1000000015
17496  -41.047  -78.753  -14.052 0.1000000015
17511  -41.464  -78.519  -14.846 0.1000000015
17512  -42.379  -78.658  -15.058 0.1000000015
16457  -40.631  -79.111  -13.269 0.1000000015
17510  -40.533  -78.343  -14.783 0.1000000015
16469  -41.961  -78.920  -14.193 0.1000000015
16456  -39.816  -78.859  -13.034 0.1000000015
16458  -41.468  -79.340  -13.449 0.1000000015
15361  -42.433  -79.661  -13.549 0.1000000015
17494  -39.315  -78.238  -13.701 0.1000000015
17482  -38.998  -78.704  -12.807 0.1000000015
16446  -40.990  -79.807  -12.797 0.1000000015
17481  -38.231  -78.569  -12.571 0.1000000015
16445  -40.178  -79.585  -12.606 0.1000000015
14175  -28.551  -81.625  -6.367 0.1000000015
14194  -28.639  -80.926  -6.820 0.1000000015
15301  -30.435  -80.547  -9.523 0.1000000015
14230  -31.060  -80.938  -10.198 0.1000000015
15302  -31.038  -79.978  -10.208 0.1000000015
16418  -31.214  -79.165  -10.572 0.1000000015
16470  -42.908  -79.141  -14.469 0.1000000015
15322  -31.480  -79.852  -11.132 0.1000000015
17452  -31.500  -78.434  -10.743 0.1000000015
17493  -38.506  -78.082  -13.300 0.1000000015
18516  -37.094  -77.711  -12.871 0.1000000015
17538  -42.031  -78.702  -16.324 0.1000000015
128171  -31.253  -78.824  -12.061 0.1000000015
18510  -32.028  -77.570  -12.559 0.1000000015
18512  -34.047  -77.023  -12.915 0.1000000015
18533  -36.611  -77.400  -13.588 0.1000000015
17479  -36.819  -78.116  -12.171 0.1000000015
17480  -37.533  -78.379  -12.358 0.1000000015
16443  -38.634  -79.273  -12.186 0.1000000015
16498  -42.239  -79.211  -16.910 0.1000000015
15347  -31.137  -80.080  -12.623 0.1000000015
121668  -32.597  -77.362  -13.163 0.1000000015
18514  -35.479  -77.365  -12.568 0.1000000015
17467  -36.518  -78.508  -11.514 0.1000000015
14207  -28.864  -81.046  -7.632 0.1000000015
14217  -29.395  -81.230  -8.483 0.1000000015
15283  -29.854  -80.234  -8.661 0.1000000015
15350  -42.404  -80.488  -12.824 0.1000000015
15362  -43.086  -80.347  -13.316 0.1000000015
16459  -43.428  -79.851  -13.979 0.1000000015
16403  -30.468  -79.611  -9.240 0.1000000015
16404  -30.932  -79.025  -9.736 0.1000000015
17528  -42.721  -78.670  -15.877 0.1000000015
18499  -33.260  -77.220  -11.425 0.1000000015
115610  -33.960  -77.056  -11.977 0.1000000015
18513  -34.703  -77.202  -12.329 0.1000000015
16442  -37.947  -79.090  -11.966 0.1000000015
18500  -34.129  -77.330  -11.156 0.1000000015
18490  -34.948  -77.644  -11.122 0.1000000015
17466  -35.737  -78.072  -11.271 0.1000000015
17468  -37.259  -78.843  -11.751 0.1000000015
15264  -28.834  -80.321  -6.368 0.1000000015
15273  -29.098  -80.101  -7.107 0.1000000015
16342  -29.573  -79.395  -5.199 0.1000000015
16331  -29.574  -79.421  -4.281 0.1000000015
14284  -43.269  -81.086  -12.855 0.1000000015
16374  -30.204  -79.083  -7.533 0.1000000015
120020  -41.441  -80.638  -12.388 0.1000000015
121940  -43.887  -80.689  -13.519 0.1000000015
16383  -30.249  -79.267  -8.300 0.1000000015
15349  -40.497  -80.317  -12.256 0.1000000015
16384  -30.811  -78.754  -8.790 0.1000000015
17436  -31.342  -78.311  -9.313 0.1000000015
18487  -32.537  -77.532  -10.223 0.1000000015
115052  -32.687  -77.397  -10.939 0.1000000015
18486  -31.994  -77.756  -10.971 0.1000000015
18488  -33.470  -77.402  -10.444 0.1000000015
16432  -36.958  -79.249  -11.133 0.1000000015
18489  -34.484  -77.664  -10.391 0.1000000015
17455  -35.326  -78.154  -10.498 0.1000000015
17377  -30.758  -78.687  -4.606 0.1000000015
14272  -42.361  -81.487  -12.305 0.1000000015
114818  -30.019  -79.022  -6.089 0.1000000015
16343  -30.372  -78.849  -5.272 0.1000000015
16333  -31.526  -78.779  -4.351 0.1000000015
130748  -31.718  -78.743  -3.615 0.1000000015
138317  -40.036  -80.686  -11.812 0.1000000015
14271  -41.436  -81.440  -11.953 0.1000000015
128343  -30.605  -78.840  -6.940 0.1000000015
16362  -30.812  -78.831  -6.039 0.1000000015
15348  -39.729  -80.111  -12.102 0.1000000015
16471  -43.830  -79.464  -14.822 0.1000000015
17411  -30.783  -78.701  -7.874 0.1000000015
16435  -39.004  -79.979  -11.908 0.1000000015
17421  -31.503  -78.262  -8.362 0.1000000015
119937  -35.597  -78.741  -9.863 0.1000000015
136957  -32.403  -77.649  -9.538 0.1000000015
18465  -33.123  -77.535  -9.561 0.1000000015
18466  -34.021  -77.659  -9.571 0.1000000015
16344  -31.324  -78.857  -5.270 0.1000000015
15337  -39.401  -80.644  -11.645 0.1000000015
15363  -44.803  -81.035  -13.717 0.1000000015
16420  -36.736  -79.584  -10.406 0.1000000015
15335  -38.071  -80.300  -11.166 0.1000000015
17439  -34.371  -78.167  -8.855 0.1000000015
116276  -32.019  -78.215  -7.817 0.1000000015
17422  -32.302  -77.943  -8.361 0.1000000015
17423  -33.008  -77.916  -8.358 0.1000000015
14259  -39.140  -81.203  -11.261 0.1000000015
14261  -40.889  -81.998  -11.535 0.1000000015
15325  -38.498  -81.061  -10.990 0.1000000015
16363  -31.530  -79.009  -6.024 0.1000000015
16407  -36.474  -79.862  -9.621 0.1000000015
15324  -37.791  -80.867  -10.507 0.1000000015
17395  -31.403  -78.771  -6.692 0.1000000015
16405  -35.126  -78.790  -9.064 0.1000000015
16406  -35.790  -79.389  -9.321 0.1000000015
17412  -31.406  -78.537  -7.494 0.1000000015
16385  -33.686  -78.362  -8.090 0.1000000015
16386  -34.600  -78.956  -8.289 0.1000000015
116264  -32.737  -78.244  -7.838 0.1000000015
13257  -40.035  -82.280  -11.180 0.1000000015
13258  -40.713  -82.936  -11.176 0.1000000015
15305  -37.327  -81.013  -9.797 0.1000000015
14248  -38.364  -81.687  -10.482 0.1000000015
16345  -32.122  -79.351  -5.674 0.1000000015
15286  -36.137  -80.833  -8.572 0.1000000015
15304  -36.722  -80.715  -9.236 0.1000000015
16387  -35.323  -79.582  -8.562 0.1000000015
15303  -36.029  -80.115  -8.868 0.1000000015
16376  -33.167  -78.864  -7.404 0.1000000015
12264  -40.488  -83.879  -10.986 0.1000000015
118594  -38.816  -82.418  -10.526 0.1000000015
14231  -37.143  -81.561  -9.264 0.1000000015
13241  -38.224  -82.423  -10.029 0.1000000015
16334  -32.193  -79.299  -4.869 0.1000000015
15284  -34.753  -79.854  -7.880 0.1000000015
116035  -32.788  -79.260  -6.910 0.1000000015
11378  -39.889  -84.590  -10.703 0.1000000015
16364  -32.214  -79.213  -6.422 0.1000000015
17365  -30.712  -78.585  -3.655 0.1000000015
16291  -32.516  -79.279  -1.485 0.1000000015
126846  -32.569  -79.408  -2.328 0.1000000015
16307  -32.328  -79.119  -3.081 0.1000000015
116760  -31.510  -78.612  -2.916 0.1000000015
135685  -29.928  -81.037  -9.134 0.1000000015
17453  -31.809  -77.900  -9.960 0.1000000015
16431  -31.316  -79.053  -11.344 0.1000000015
117364  -31.536  -78.306  -11.528 0.1000000015
17465  -31.474  -78.152  -12.279 0.1000000015
18497  -31.866  -77.793  -11.800 0.1000000015
18511  -33.050  -77.164  -12.419 0.1000000015
116038  -34.895  -77.149  -12.999 0.1000000015
18532  -35.629  -77.249  -13.485 0.1000000015
18543  -36.198  -77.366  -14.334 0.1000000015
16373  -29.693  -79.670  -7.749 0.1000000015
16433  -37.673  -79.560  -11.430 0.1000000015
16361  -29.772  -79.291  -6.927 0.1000000015
17454  -34.854  -78.145  -9.683 0.1000000015
14260  -39.926  -81.383  -11.470 0.1000000015
15336  -38.721  -80.503  -11.442 0.1000000015
14249  -38.968  -81.772  -10.859 0.1000000015
15323  -37.108  -80.320  -10.069 0.1000000015
13243  -39.423  -82.525  -10.832 0.1000000015
17337  -32.032  -78.819  -2.242 0.1000000015
2398  -25.469  -97.976  -28.216 0.1000000015
1938  -24.946  -98.923  -27.693 0.1000000015
4716  -24.430  -93.480  -31.469 0.1000000015
119634  -24.271  -94.358  -31.459 0.1000000015
4069  -24.740  -94.309  -29.761 0.1000000015
3519  -24.746  -95.277  -29.660 0.1000000015
2408  -24.571  -97.514  -29.549 0.1000000015
5370  -24.696  -92.657  -31.992 0.1000000015
5388  -25.038  -91.911  -33.194 0.1000000015
6109  -24.687  -91.440  -34.149 0.1000000015
2388  -25.726  -98.606  -27.349 0.1000000015
119949  -25.882  -98.999  -26.474 0.1000000015
1916  -25.682  -99.033  -25.862 0.1000000015
3520  -25.298  -95.806  -29.071 0.1000000015
2918  -25.193  -97.173  -29.038 0.1000000015
125027  -25.085  -99.112  -26.424 0.1000000015
4080  -24.521  -93.854  -30.612 0.1000000015
2917  -24.781  -96.356  -29.627 0.1000000015
129251  -24.457  -95.815  -30.288 0.1000000015
4711  -24.722  -92.971  -30.848 0.1000000015
6110  -25.506  -91.018  -33.795 0.1000000015
5960  -29.175  -91.918  -22.316 0.1000000015
4626  -27.931  -93.491  -23.638 0.1000000015
5261  -28.922  -92.743  -22.663 0.1000000015
1917  -26.348  -98.850  -25.824 0.1000000015
1904  -26.158  -98.779  -25.522 0.1000000015
2366  -26.159  -97.741  -24.977 0.1000000015
3459  -27.141  -95.941  -24.571 0.1000000015
4005  -27.434  -94.953  -24.398 0.1000000015
3992  -27.897  -94.398  -23.919 0.1000000015
1928  -26.619  -98.653  -26.247 0.1000000015
2876  -26.087  -96.807  -25.140 0.1000000015
2389  -26.510  -98.293  -26.945 0.1000000015
2365  -25.572  -98.254  -25.353 0.1000000015
2907  -25.808  -96.771  -28.539 0.1000000015
5249  -30.052  -92.347  -21.879 0.1000000015
4627  -28.726  -93.540  -23.022 0.1000000015
5948  -29.808  -91.357  -21.833 0.1000000015
2864  -26.813  -97.059  -24.669 0.1000000015
2865  -27.662  -96.887  -24.185 0.1000000015
3460  -27.794  -95.932  -24.195 0.1000000015
1892  -26.971  -98.314  -24.800 0.1000000015
1905  -26.805  -98.531  -25.318 0.1000000015
118752  -25.099  -94.802  -29.261 0.1000000015
4712  -24.893  -93.358  -29.966 0.1000000015
5360  -25.258  -92.590  -30.345 0.1000000015
124865  -25.121  -92.341  -31.123 0.1000000015
2399  -26.310  -97.457  -27.782 0.1000000015
5277  -28.279  -92.687  -23.177 0.1000000015
118858  -28.537  -94.444  -23.387 0.1000000015
132445  -26.434  -96.424  -28.196 0.1000000015
120012  -27.287  -93.115  -24.089 0.1000000015
1918  -27.036  -98.545  -25.726 0.1000000015
131801  -27.294  -98.024  -26.437 0.1000000015
5971  -27.933  -91.892  -23.233 0.1000000015
2898  -28.361  -96.428  -26.886 0.1000000015
2890  -28.675  -96.745  -26.268 0.1000000015
3487  -29.720  -95.589  -26.194 0.1000000015
3447  -28.275  -95.413  -23.776 0.1000000015
2354  -27.523  -97.767  -24.481 0.1000000015
2355  -28.330  -97.708  -24.350 0.1000000015
2380  -27.763  -98.098  -25.502 0.1000000015
2356  -28.964  -97.589  -24.292 0.1000000015
2889  -28.101  -97.345  -26.312 0.1000000015
2381  -28.567  -97.406  -25.576 0.1000000015
2345  -28.895  -97.407  -23.839 0.1000000015
3993  -29.023  -95.473  -23.117 0.1000000015
3448  -28.820  -96.239  -23.387 0.1000000015
2856  -29.436  -96.915  -23.524 0.1000000015
3500  -28.656  -95.600  -27.313 0.1000000015
2369  -29.107  -97.390  -24.939 0.1000000015
1891  -26.306  -98.410  -25.131 0.1000000015
1902  -25.006  -98.774  -25.833 0.1000000015
1903  -25.753  -98.715  -25.551 0.1000000015
1927  -24.575  -99.118  -27.159 0.1000000015
2344  -28.304  -97.341  -23.945 0.1000000015
2353  -26.748  -98.000  -24.712 0.1000000015
2367  -27.593  -98.181  -24.901 0.1000000015
2368  -28.430  -97.845  -24.834 0.1000000015
2854  -28.312  -96.547  -23.783 0.1000000015
2855  -28.909  -96.941  -23.524 0.1000000015
3486  -29.029  -96.011  -26.636 0.1000000015
7399  -37.004  -89.820  -18.242 0.1000000015
7449  -36.044  -89.366  -21.760 0.2000000030
7500  -27.952  -88.957  -26.203 0.1000000015
8181  -38.015  -88.483  -17.529 0.2000000030
8182  -38.456  -87.829  -17.493 0.2000000030
8191  -36.874  -89.168  -17.920 0.1000000015
8192  -38.074  -89.013  -18.022 0.1000000015
8232  -36.609  -89.677  -20.867 0.1000000015
8265  -29.320  -88.962  -24.823 0.1000000015
8880  -38.542  -87.133  -17.156 0.1000000015
8881  -39.035  -86.970  -17.214 0.1000000015
8891  -37.789  -87.890  -17.345 0.1000000015
8892  -38.829  -87.358  -17.422 0.1000000015
8905  -38.876  -87.664  -17.838 0.1000000015
8922  -38.686  -87.871  -18.269 0.1000000015
8984  -27.643  -87.798  -25.782 0.1000000015
9671  -39.028  -86.269  -16.759 0.1000000015
9679  -38.174  -86.674  -16.990 0.1000000015
9680  -38.670  -86.442  -16.842 0.1000000015
9690  -39.375  -86.520  -17.271 0.1000000015
9721  -37.996  -86.712  -19.487 0.2000000030
9757  -27.256  -85.827  -25.035 0.1000000015
9775  -34.695  -86.370  -25.305 0.1000000015
9776  -35.347  -86.063  -25.404 0.1000000015
10579  -38.901  -85.950  -16.657 0.1000000015
10580  -39.429  -86.030  -16.875 0.1000000015
10581  -40.020  -85.384  -16.985 0.1000000015
10595  -37.791  -86.074  -16.949 0.1000000015
10597  -40.350  -85.127  -17.609 0.2000000030
10612  -39.995  -85.737  -18.020 0.3000000119
10625  -38.788  -85.434  -19.271 0.2000000030
10635  -37.484  -85.284  -20.537 0.2000000030
10646  -37.479  -85.113  -24.228 0.2000000030
10652  -27.654  -85.205  -24.425 0.1000000015
10656  -31.929  -85.770  -24.462 0.1000000015
10658  -36.708  -85.476  -25.165 0.1000000015
10659  -37.411  -85.072  -24.930 0.1000000015
10665  -34.227  -85.976  -25.366 0.1000000015
10668  -36.398  -85.119  -25.562 0.1000000015
10669  -37.100  -84.888  -25.359 0.1000000015
11382  -43.610  -84.171  -10.416 0.2000000030
11393  -43.341  -84.165  -10.919 0.1000000015
11441  -37.926  -84.775  -16.617 0.1000000015
11466  -40.787  -84.562  -18.107 0.3000000119
11473  -39.799  -84.389  -19.341 0.3000000119
11504  -39.029  -83.616  -24.610 0.1000000015
11515  -31.666  -85.055  -24.228 0.2000000030
11517  -33.561  -85.508  -24.995 0.1000000015
11529  -35.212  -84.973  -25.507 0.1000000015
11532  -37.120  -84.281  -25.366 0.1000000015
12202  -37.477  -83.152  -5.408 0.2000000030
12205  -28.592  -82.453  -6.564 0.1000000015
12266  -44.843  -82.933  -10.698 0.3000000119
12278  -39.996  -83.023  -10.974 0.1000000015
12283  -45.009  -82.748  -11.188 0.3000000119
12329  -39.259  -84.418  -16.680 0.1000000015
12345  -40.348  -83.659  -17.181 0.1000000015
12346  -40.911  -83.998  -17.385 0.2000000030
12352  -41.803  -83.371  -18.111 0.3000000119
12358  -39.241  -83.563  -20.969 0.2000000030
12374  -31.450  -83.224  -22.888 0.1000000015
12379  -39.848  -83.222  -23.257 0.2000000030
12386  -27.793  -83.225  -23.888 0.1000000015
12389  -29.913  -83.375  -23.267 0.1000000015
12394  -35.874  -83.630  -24.324 0.1000000015
12402  -27.575  -83.657  -24.224 0.1000000015
12405  -36.020  -84.028  -25.155 0.1000000015
12408  -38.796  -83.348  -24.758 0.1000000015
12410  -40.257  -82.567  -24.360 0.1000000015
12418  -36.546  -84.268  -25.442 0.1000000015
13245  -45.684  -81.963  -11.091 0.3000000119
13275  -45.359  -82.098  -12.166 0.4000000060
13336  -42.049  -82.635  -19.181 0.3000000119
13340  -40.778  -82.418  -20.694 0.3000000119
13345  -33.721  -82.247  -21.715 0.1000000015
13360  -34.309  -82.724  -22.338 0.1000000015
13363  -40.799  -82.403  -23.322 0.2000000030
13364  -41.103  -82.149  -23.886 0.4000000060
13370  -28.796  -82.513  -23.310 0.1000000015
13373  -37.991  -82.606  -23.966 0.1000000015
13374  -38.810  -82.460  -24.409 0.1000000015
13375  -40.684  -82.605  -24.005 0.2000000030
13387  -39.875  -82.479  -24.545 0.1000000015
13399  -29.485  -82.043  -27.420 0.1000000015
13447  -33.103  -81.955  -30.545 0.1000000015
14232  -37.753  -81.648  -9.892 0.1000000015
14270  -40.704  -81.054  -11.845 0.1000000015
14287  -45.472  -81.621  -12.737 0.2000000030
14288  -45.892  -81.152  -12.990 0.4000000060
14327  -43.469  -81.140  -18.394 0.4000000060
14344  -41.584  -81.479  -20.535 0.4000000060
14352  -32.295  -81.627  -21.292 0.1000000015
14355  -35.590  -81.872  -21.707 0.1000000015
14370  -37.094  -81.861  -22.335 0.1000000015
14372  -39.072  -81.423  -23.417 0.1000000015
14373  -39.760  -81.373  -23.951 0.1000000015
14374  -41.367  -81.742  -23.277 0.4000000060
14381  -28.698  -81.889  -23.443 0.1000000015
14387  -41.336  -81.589  -24.020 0.3000000119
14396  -28.953  -81.236  -23.794 0.1000000015
14397  -39.839  -82.158  -24.539 0.1000000015
14398  -40.299  -82.050  -24.470 0.2000000030
14407  -28.703  -81.368  -25.677 0.1000000015
15248  -36.605  -80.405  -4.808 0.3000000119
15282  -29.318  -80.420  -7.942 0.1000000015
15376  -46.222  -80.354  -14.273 0.4000000060
15406  -40.220  -80.750  -17.670 0.1000000015
15419  -43.969  -80.788  -18.493 0.4000000060
15427  -42.743  -80.428  -19.743 0.4000000060
15428  -43.716  -80.606  -19.077 0.3000000119
15436  -31.447  -79.819  -20.745 0.1000000015
15437  -31.840  -80.405  -20.668 0.1000000015
15455  -42.096  -80.538  -22.134 0.4000000060
15471  -42.744  -79.774  -23.288 0.4000000060
15480  -40.389  -81.041  -23.994 0.1000000015
15482  -41.505  -80.905  -23.946 0.2000000030
15487  -29.512  -80.715  -24.398 0.1000000015
15499  -29.953  -80.894  -27.112 0.1000000015
16332  -30.044  -78.893  -4.442 0.1000000015
16375  -32.224  -78.637  -7.206 0.1000000015
16408  -46.692  -78.906  -10.026 0.5000000000
16419  -36.168  -78.806  -10.683 0.1000000015
16421  -37.414  -79.980  -10.817 0.1000000015
16434  -38.335  -79.795  -11.672 0.1000000015
16436  -47.555  -79.093  -11.216 0.5000000000
16437  -47.900  -78.551  -11.576 0.4000000060
16444  -39.383  -79.420  -12.409 0.1000000015
16474  -46.438  -79.925  -14.831 0.4000000060
16499  -43.364  -79.847  -17.323 0.2000000030
16522  -44.551  -79.666  -18.578 0.3000000119
16534  -32.991  -78.999  -19.697 0.1000000015
16550  -34.257  -79.596  -20.044 0.1000000015
16563  -30.762  -80.043  -21.673 0.1000000015
16581  -41.044  -79.767  -23.559 0.2000000030
16582  -42.120  -79.538  -23.577 0.4000000060
16583  -43.283  -79.159  -22.856 0.4000000060
16589  -31.397  -79.497  -23.028 0.1000000015
16590  -32.271  -79.226  -23.477 0.1000000015
16604  -32.615  -79.446  -24.307 0.1000000015
16606  -34.120  -79.037  -25.085 0.1000000015
16617  -34.573  -79.353  -25.768 0.1000000015
16626  -35.041  -79.610  -26.508 0.1000000015
17336  -31.740  -78.660  -1.417 0.1000000015
17437  -31.946  -77.862  -9.056 0.1000000015
17438  -33.528  -77.773  -8.830 0.1000000015
17440  -46.627  -78.324  -9.868 0.4000000060
17470  -48.299  -77.857  -11.605 0.6000000238
17492  -37.800  -77.893  -13.030 0.1000000015
17526  -40.390  -78.289  -15.701 0.1000000015
17527  -41.797  -78.464  -15.642 0.1000000015
17531  -47.208  -78.527  -15.120 0.5000000000
17563  -34.363  -78.256  -19.684 0.1000000015
17583  -38.976  -78.485  -21.370 0.1000000015
17586  -43.600  -78.618  -22.209 0.4000000060
17620  -33.828  -78.635  -24.424 0.1000000015
17621  -34.532  -78.167  -24.689 0.1000000015
17622  -35.276  -78.047  -25.216 0.1000000015
17635  -37.221  -78.166  -26.426 0.1000000015
18385  -34.820  -76.963  -2.294 0.3000000119
18419  -37.263  -77.013  -6.206 0.3000000119
18449  -32.704  -77.710  -8.929 0.1000000015
18470  -47.117  -77.932  -10.144 0.5000000000
18498  -32.427  -77.442  -11.681 0.1000000015
18501  -35.274  -77.536  -11.815 0.1000000015
18502  -36.062  -77.799  -11.990 0.1000000015
18503  -48.329  -77.389  -11.462 0.6000000238
18515  -36.295  -77.517  -12.766 0.1000000015
18517  -48.568  -77.710  -12.246 0.5000000000
18548  -48.474  -76.881  -14.793 0.5000000000
18561  -46.650  -77.596  -15.914 0.3000000119
18565  -45.164  -78.069  -17.486 0.3000000119
18579  -32.963  -77.489  -19.476 0.1000000015
18592  -44.337  -77.463  -21.193 0.4000000060
18597  -31.494  -77.024  -20.897 0.1000000015
18600  -39.846  -77.914  -21.452 0.1000000015
18601  -40.868  -77.805  -21.850 0.1000000015
18602  -41.762  -77.608  -22.224 0.2000000030
18603  -42.674  -77.366  -22.489 0.2000000030
18604  -44.419  -77.443  -22.076 0.4000000060
18659  -37.312  -77.505  -26.224 0.1000000015
19363  -34.847  -76.462  -1.909 0.2000000030
19400  -34.603  -76.331  -2.566 0.2000000030
19419  -35.587  -76.232  -4.775 0.3000000119
19467  -46.152  -77.381  -10.052 0.4000000060
19541  -46.820  -76.133  -16.390 0.5000000000
19542  -48.036  -75.699  -16.188 0.5000000000
19545  -44.877  -77.029  -17.746 0.4000000060
19552  -45.652  -75.698  -19.164 0.4000000060
19566  -45.568  -75.577  -20.015 0.4000000060
19573  -31.716  -76.125  -20.376 0.1000000015
19582  -42.368  -76.389  -21.172 0.3000000119
19585  -45.305  -75.556  -20.639 0.3000000119
19597  -44.260  -76.854  -22.299 0.4000000060
19615  -43.519  -77.119  -22.539 0.3000000119
20433  -35.776  -75.999  -1.338 0.1000000015
20435  -37.570  -75.129  -1.453 0.1000000015
20500  -37.104  -75.597  -6.203 0.3000000119
20565  -47.943  -75.970  -11.783 0.6000000238
20579  -47.571  -75.413  -12.240 0.5000000000
20580  -48.242  -75.703  -12.455 0.6000000238
20618  -48.714  -74.618  -16.074 0.5000000000
20621  -47.131  -74.773  -17.894 0.5000000000
20626  -40.867  -75.599  -19.115 0.1000000015
20629  -46.675  -74.658  -18.704 0.5000000000
20641  -43.186  -75.517  -20.480 0.3000000119
20662  -44.763  -75.833  -21.314 0.4000000060
20692  -33.804  -75.218  -23.770 0.1000000015
20703  -35.815  -75.245  -25.131 0.1000000015
21553  -34.490  -74.689  -2.299 0.3000000119
21680  -48.497  -75.422  -13.258 0.6000000238
21697  -48.755  -75.103  -14.035 0.5000000000
21707  -48.734  -74.394  -15.621 0.5000000000
21728  -47.669  -74.066  -17.518 0.5000000000
21749  -31.897  -74.102  -19.486 0.1000000015
21756  -45.446  -74.466  -19.871 0.4000000060
21757  -45.923  -74.554  -19.692 0.5000000000
21758  -46.287  -74.607  -19.302 0.4000000060
21779  -31.533  -74.648  -21.461 0.1000000015
21818  -35.595  -74.048  -24.782 0.1000000015
21819  -36.136  -74.475  -25.176 0.1000000015
22685  -48.469  -74.477  -14.511 0.6000000238
22698  -48.009  -73.822  -14.881 0.5000000000
22699  -48.581  -74.184  -15.275 0.6000000238
22715  -48.564  -73.982  -15.811 0.5000000000
22727  -47.831  -73.345  -16.538 0.5000000000
22748  -42.906  -73.989  -18.384 0.2000000030
22752  -46.742  -73.592  -18.695 0.5000000000
22753  -47.293  -73.705  -18.091 0.5000000000
22760  -44.615  -74.266  -19.614 0.3000000119
22809  -33.567  -73.693  -23.463 0.1000000015
22822  -35.106  -73.547  -24.376 0.1000000015
22824  -37.335  -73.051  -24.845 0.1000000015
23586  -35.535  -72.659  -4.057 0.3000000119
23589  -37.968  -72.103  -5.161 0.2000000030
23595  -48.919  -72.951  -5.669 0.1000000015
23727  -40.454  -72.563  -12.923 0.2000000030
23775  -47.394  -72.801  -16.729 0.5000000000
23787  -45.712  -72.221  -17.796 0.4000000060
23797  -46.274  -72.962  -18.497 0.4000000060
23827  -31.563  -73.367  -21.096 0.1000000015
23839  -35.420  -71.874  -23.243 0.1000000015
23840  -39.163  -72.043  -23.105 0.1000000015
23852  -34.166  -72.793  -23.522 0.1000000015
23855  -37.800  -72.311  -23.760 0.1000000015
23857  -40.118  -72.312  -23.486 0.1000000015
23859  -42.159  -72.343  -23.827 0.1000000015
24574  -35.497  -71.324  -1.241 0.2000000030
24610  -34.931  -71.593  -2.554 0.2000000030
24776  -45.999  -71.796  -15.551 0.4000000060
24789  -46.395  -71.871  -16.115 0.4000000060
24798  -42.715  -71.241  -16.590 0.1000000015
24799  -43.666  -70.958  -16.615 0.2000000030
24842  -33.604  -70.909  -20.972 0.1000000015
24855  -32.977  -71.488  -21.343 0.1000000015
24856  -34.312  -70.858  -21.314 0.1000000015
24857  -35.591  -71.085  -21.961 0.1000000015
24871  -34.141  -71.648  -22.415 0.1000000015
24874  -37.803  -71.579  -22.609 0.1000000015
24876  -40.136  -71.592  -22.353 0.1000000015
24878  -41.932  -71.472  -22.640 0.1000000015
25577  -35.548  -70.571  -1.653 0.2000000030
25579  -37.444  -70.696  -0.092 0.1000000015
25600  -35.151  -71.094  -2.173 0.2000000030
25612  -35.529  -70.540  -2.416 0.2000000030
25839  -34.289  -69.961  -19.116 0.1000000015
25869  -39.352  -70.221  -20.761 0.1000000015
25883  -39.900  -70.677  -21.317 0.1000000015
26611  -37.522  -69.377  0.213 0.1000000015
26626  -35.993  -70.058  -1.174 0.1000000015
26649  -36.335  -69.395  -1.153 0.1000000015
26673  -37.232  -69.236  -3.087 0.1000000015
26842  -42.610  -69.454  -14.353 0.2000000030
26850  -43.533  -69.890  -15.018 0.4000000060
26872  -35.340  -69.295  -18.556 0.1000000015
26884  -34.955  -69.671  -19.006 0.1000000015
26906  -38.828  -69.703  -20.244 0.1000000015
27890  -36.408  -67.977  -17.665 0.1000000015
27914  -38.664  -68.592  -19.267 0.1000000015
27927  -40.800  -68.597  -20.197 0.1000000015
27928  -41.631  -68.382  -20.464 0.1000000015
28666  -37.537  -67.623  -0.177 0.1000000015
28900  -36.719  -67.431  -17.484 0.1000000015
28901  -37.488  -67.225  -17.901 0.1000000015
29674  -39.263  -66.846  1.166 0.1000000015
29692  -39.051  -65.940  -1.488 0.1000000015
29884  -35.779  -66.065  -15.972 0.1000000015
29914  -39.220  -66.911  -19.070 0.1000000015
30794  -36.273  -65.735  -16.617 0.1000000015
30825  -37.627  -65.285  -18.433 0.1000000015
31747  -36.678  -65.234  -17.286 0.1000000015
31748  -37.153  -65.015  -17.929 0.1000000015
31764  -37.900  -64.806  -19.116 0.1000000015
31771  -38.210  -64.185  -19.653 0.1000000015
32690  -35.168  -63.824  -16.246 0.1000000015
33667  -35.070  -62.275  -16.674 0.1000000015
34662  -35.435  -61.491  -17.117 0.1000000015
35592  -34.710  -60.696  -15.962 0.1000000015
35602  -35.948  -60.754  -17.452 0.1000000015
35612  -36.651  -60.779  -17.944 0.1000000015
36446  -35.597  -59.675  -16.504 0.1000000015
114349  -31.514  -77.456  -20.347 0.1000000015
114757  -31.329  -78.545  -10.072 0.1000000015
115661  -42.112  -80.053  -21.037 0.4000000060
116303  -33.261  -77.207  -13.255 0.1000000015
116488  -31.801  -72.616  -21.040 0.1000000015
117135  -38.375  -81.532  -22.891 0.1000000015
117287  -38.513  -85.424  -16.616 0.1000000015
118159  -32.784  -82.244  -30.927 0.1000000015
118319  -27.042  -85.321  -25.429 0.1000000015
118860  -37.330  -86.176  -20.206 0.2000000030
120845  -36.353  -63.047  -18.115 0.1000000015
121064  -36.419  -81.759  -21.894 0.1000000015
121713  -38.168  -68.170  -18.739 0.1000000015
121790  -42.395  -75.565  -19.911 0.3000000119
121990  -34.850  -81.563  -21.234 0.1000000015
122462  -34.952  -79.884  -20.271 0.1000000015
122481  -35.995  -86.441  -22.472 0.1000000015
123408  -48.827  -77.168  -12.644 0.5000000000
123977  -34.211  -60.722  -15.223 0.1000000015
124369  -36.509  -79.866  -20.714 0.1000000015
124566  -35.185  -83.572  -23.790 0.2000000030
124567  -29.300  -79.645  -6.206 0.1000000015
125038  -30.869  -81.162  -21.574 0.1000000015
125360  -35.436  -76.760  -4.413 0.3000000119
125946  -28.535  -92.073  -22.811 0.1000000015
126087  -46.020  -71.592  -16.433 0.4000000060
126762  -36.152  -65.083  -16.704 0.1000000015
127202  -46.012  -79.390  -17.062 0.3000000119
127393  -41.987  -82.369  -17.716 0.2000000030
127738  -43.337  -79.018  -19.612 0.4000000060
127781  -35.816  -78.018  -1.382 0.1000000015
128004  -37.138  -82.805  -23.704 0.1000000015
128139  -32.635  -75.860  -22.992 0.1000000015
128472  -43.701  -76.533  -22.111 0.3000000119
128759  -34.807  -75.020  -1.742 0.2000000030
129042  -34.366  -73.970  -2.664 0.3000000119
129126  -37.076  -77.656  -5.961 0.3000000119
129190  -48.751  -75.973  -12.741 0.6000000238
129214  -34.555  -72.914  -1.844 0.2000000030
129329  -46.647  -80.558  -11.858 0.4000000060
129453  -47.176  -79.354  -14.084 0.5000000000
130835  -36.917  -62.885  -18.715 0.1000000015
131113  -40.246  -87.494  -8.523 0.1000000015
131192  -41.159  -86.457  -8.922 0.1000000015
131408  -42.152  -68.573  -3.869 0.1000000015
131880  -39.490  -81.822  -11.097 0.1000000015
132086  -35.146  -72.172  -3.545 0.3000000119
132141  -34.903  -72.357  -23.608 0.1000000015
132179  -29.341  -97.260  -23.895 0.1000000015
132555  -36.179  -79.266  -9.977 0.1000000015
132891  -30.263  -85.544  -24.147 0.2000000030
133039  -48.071  -73.725  -16.616 0.5000000000
133143  -35.428  -79.833  -27.145 0.1000000015
133364  -31.984  -76.604  -19.928 0.1000000015
133469  -46.813  -77.500  -10.162 0.4000000060
133570  -45.412  -81.908  -10.041 0.3000000119
133723  -47.435  -73.286  -17.657 0.5000000000
133810  -37.865  -67.301  0.262 0.1000000015
133838  -35.745  -68.853  -18.179 0.1000000015
134390  -37.969  -73.266  -25.061 0.1000000015
135231  -48.603  -77.303  -14.214 0.5000000000
135608  -39.939  -84.862  -16.793 0.1000000015
135935  -34.605  -77.331  -11.674 0.1000000015
136397  -41.015  -83.521  -19.369 0.4000000060
136527  -32.971  -70.859  -19.913 0.1000000015
136664  -27.295  -98.420  -25.351 0.1000000015
137056  -35.965  -90.076  -18.764 0.1000000015
137310  -41.760  -79.930  -12.925 0.1000000015
137316  -35.069  -75.088  -4.281 0.3000000119
137472  -44.853  -80.032  -17.326 0.2000000030
137715  -25.219  -99.123  -26.975 0.1000000015
138215  -35.730  -86.817  -22.930 0.1000000015
138360  -40.436  -73.462  -24.915 0.1000000015
