#!ascii label  , from subject sub-fsm11ni vox2ras=TkReg
663
31407  26.918  -67.194  -25.628 0.6000000238
28504  28.302  -70.070  -18.656 0.6999999881
28521  28.258  -70.221  -19.605 0.6999999881
28553  28.235  -70.681  -22.403 0.8999999762
28565  28.291  -70.546  -23.360 0.8000000119
29596  28.302  -69.751  -23.804 0.8000000119
129223  26.894  -66.820  -25.154 0.6000000238
32340  26.926  -66.579  -25.564 0.6999999881
33286  27.716  -65.281  -25.358 0.6999999881
118162  28.340  -69.870  -17.879 0.6999999881
27439  28.001  -70.870  -16.930 0.6999999881
29553  28.364  -69.387  -19.262 0.6999999881
122633  28.400  -68.668  -19.801 0.6000000238
29562  28.341  -69.529  -20.293 0.6999999881
130976  28.308  -70.029  -21.034 0.6999999881
127854  28.395  -69.323  -21.231 0.8000000119
117110  28.616  -68.110  -22.279 0.8000000119
29584  28.361  -69.845  -22.793 0.8000000119
131700  28.426  -68.837  -23.255 0.8000000119
30520  28.211  -68.154  -24.150 0.6000000238
32334  26.764  -66.081  -24.847 0.6000000238
33288  26.939  -65.085  -24.846 0.6999999881
34277  28.795  -65.111  -25.408 0.6999999881
29523  28.382  -69.263  -17.465 0.5000000000
28490  28.240  -70.031  -17.123 0.6000000238
30474  28.442  -68.514  -17.949 0.4000000060
120888  28.421  -68.571  -18.883 0.6000000238
125578  28.447  -67.904  -19.438 0.5000000000
121135  28.411  -68.672  -20.693 0.6000000238
30501  28.507  -68.627  -21.493 0.6999999881
31385  28.468  -67.234  -22.879 0.6999999881
32324  27.783  -66.582  -23.487 0.6999999881
33278  26.567  -65.359  -24.252 0.5000000000
134020  26.811  -64.539  -24.380 0.6000000238
34270  27.432  -64.593  -24.712 0.6000000238
34269  28.286  -64.626  -24.927 0.6000000238
34268  29.195  -64.682  -24.875 0.5000000000
31320  28.471  -67.743  -16.565 0.5000000000
29512  28.316  -69.295  -16.574 0.6000000238
29504  27.670  -69.622  -15.492 0.6000000238
30460  28.439  -68.523  -17.009 0.5000000000
130853  28.500  -67.382  -19.924 0.5000000000
32302  28.474  -66.478  -20.979 0.6000000238
33249  28.295  -65.678  -21.354 0.6000000238
32313  28.222  -66.408  -22.569 0.6000000238
32314  27.314  -65.814  -23.117 0.5000000000
33270  26.377  -64.736  -23.749 0.5000000000
35258  26.407  -64.098  -23.742 0.6000000238
35266  27.088  -64.019  -24.160 0.6000000238
35265  27.974  -64.051  -24.385 0.5000000000
35264  28.743  -64.229  -24.477 0.5000000000
34261  30.598  -64.378  -23.825 0.5000000000
34262  29.563  -64.284  -24.104 0.5000000000
30442  28.193  -68.436  -15.572 0.5000000000
30443  27.836  -68.794  -15.278 0.5000000000
125561  28.467  -67.741  -17.500 0.5000000000
130877  28.443  -66.884  -18.623 0.4000000060
125483  28.434  -66.241  -18.314 0.3000000119
32282  28.445  -66.378  -19.106 0.4000000060
33226  28.448  -65.759  -19.650 0.3000000119
119257  28.413  -64.872  -19.453 0.3000000119
32294  28.513  -66.614  -19.997 0.5000000000
33239  28.148  -65.082  -20.867 0.5000000000
33250  27.712  -64.926  -21.802 0.5000000000
33261  26.885  -64.984  -22.753 0.5000000000
34254  26.294  -64.359  -22.898 0.5000000000
126671  26.166  -63.627  -23.149 0.6000000238
35257  26.778  -63.496  -23.651 0.6000000238
35256  27.641  -63.412  -23.826 0.5000000000
35255  28.840  -63.570  -23.891 0.5000000000
35254  30.047  -63.624  -23.600 0.5000000000
31314  28.015  -68.001  -15.078 0.5000000000
31313  28.349  -67.657  -15.662 0.5000000000
126165  28.430  -66.244  -16.721 0.5000000000
125084  28.425  -66.241  -17.511 0.4000000060
32261  28.457  -66.962  -17.923 0.5000000000
33200  28.437  -65.386  -17.909 0.4000000060
123262  28.456  -64.859  -18.596 0.3000000119
34232  28.175  -63.983  -19.790 0.3000000119
34243  27.591  -64.330  -21.198 0.4000000060
34249  26.761  -64.137  -22.182 0.5000000000
34250  26.129  -63.751  -22.766 0.4000000060
37152  27.951  -62.023  -22.927 0.5000000000
36197  28.361  -62.734  -23.412 0.5000000000
35253  31.070  -63.595  -23.506 0.5000000000
36195  30.635  -62.851  -23.309 0.4000000060
36196  29.555  -62.792  -23.364 0.5000000000
31301  28.088  -67.130  -14.989 0.5000000000
32234  28.334  -66.667  -15.499 0.5000000000
130870  28.447  -66.217  -16.038 0.5000000000
130167  28.429  -65.636  -17.118 0.4000000060
117566  28.464  -64.871  -17.090 0.4000000060
34207  28.471  -64.286  -17.951 0.3000000119
34221  28.412  -64.161  -18.916 0.3000000119
34233  27.667  -63.778  -20.623 0.4000000060
35235  27.200  -63.076  -20.893 0.4000000060
35236  26.472  -62.648  -21.528 0.4000000060
35242  26.973  -63.506  -21.466 0.4000000060
35243  26.191  -63.212  -22.163 0.4000000060
124676  26.037  -62.375  -22.118 0.5000000000
36188  26.158  -62.629  -22.589 0.5000000000
36199  26.292  -63.144  -23.170 0.6000000238
37151  29.095  -61.977  -23.037 0.4000000060
32222  28.137  -66.189  -14.876 0.4000000060
34190  28.496  -64.535  -16.240 0.4000000060
33169  28.383  -65.796  -15.491 0.4000000060
126990  28.514  -63.926  -16.972 0.4000000060
35207  28.513  -63.192  -17.745 0.4000000060
35217  28.426  -63.576  -18.510 0.4000000060
35226  28.219  -63.384  -19.281 0.4000000060
35227  27.735  -63.186  -20.137 0.4000000060
36171  27.069  -62.292  -20.654 0.4000000060
37144  26.263  -61.892  -22.280 0.6000000238
119384  27.666  -61.403  -22.553 0.5000000000
38127  28.016  -60.740  -22.301 0.4000000060
37142  28.597  -61.306  -22.635 0.4000000060
33160  27.589  -65.720  -14.253 0.4000000060
34176  28.415  -64.370  -15.390 0.4000000060
33159  28.227  -65.166  -14.858 0.4000000060
35182  28.536  -63.535  -15.981 0.4000000060
36163  27.881  -62.561  -19.634 0.4000000060
123959  27.478  -61.692  -19.927 0.4000000060
36172  26.284  -61.808  -21.412 0.4000000060
37132  26.172  -61.624  -21.769 0.5000000000
38129  26.397  -61.041  -21.675 0.4000000060
38128  26.927  -61.031  -22.182 0.6000000238
34164  28.190  -64.318  -14.663 0.4000000060
35169  28.360  -63.607  -14.963 0.4000000060
35193  28.522  -63.113  -16.818 0.4000000060
129883  28.473  -62.352  -17.159 0.4000000060
119518  28.414  -62.220  -18.111 0.4000000060
37107  28.179  -61.424  -18.441 0.5000000000
36153  28.100  -61.989  -19.029 0.4000000060
37115  27.056  -60.868  -20.060 0.3000000119
37123  26.593  -61.335  -20.701 0.4000000060
38113  26.482  -60.261  -21.157 0.4000000060
39200  26.683  -59.540  -21.161 0.4000000060
38112  26.831  -60.256  -21.562 0.5000000000
34165  27.811  -64.704  -14.155 0.4000000060
36128  28.510  -62.513  -16.219 0.4000000060
37097  28.368  -61.535  -17.563 0.3000000119
38085  28.182  -60.791  -17.999 0.3000000119
37108  27.742  -61.199  -19.266 0.3000000119
38094  27.388  -60.433  -19.394 0.3000000119
37116  26.475  -60.643  -20.636 0.3000000119
40225  26.529  -59.032  -20.872 0.4000000060
40224  27.039  -58.875  -21.147 0.4000000060
36103  28.296  -62.950  -14.417 0.3000000119
36115  28.426  -62.744  -15.299 0.3000000119
37071  28.383  -61.833  -15.559 0.3000000119
131607  28.398  -61.513  -16.539 0.3000000119
38077  28.287  -60.888  -17.195 0.3000000119
38086  27.740  -60.011  -18.599 0.4000000060
130400  27.047  -59.725  -19.481 0.3000000119
39176  26.405  -59.524  -20.463 0.3000000119
40210  26.417  -58.971  -20.484 0.4000000060
40209  26.696  -58.451  -20.664 0.4000000060
38078  28.079  -60.141  -17.497 0.4000000060
40189  27.198  -58.508  -18.634 0.4000000060
39169  27.217  -59.101  -19.064 0.4000000060
40199  26.619  -58.327  -19.423 0.3000000119
40200  26.470  -58.202  -20.029 0.4000000060
42014  26.667  -57.220  -19.731 0.4000000060
41134  26.926  -57.621  -20.355 0.4000000060
41111  26.772  -57.799  -18.718 0.4000000060
40190  26.536  -57.507  -19.396 0.4000000060
41133  27.716  -57.216  -20.402 0.3000000119
121065  26.754  -56.426  -19.538 0.3000000119
31402  27.392  -67.515  -24.927 0.6999999881
29574  28.352  -69.980  -21.816 0.8000000119
31395  27.209  -66.734  -24.414 0.6000000238
124232  28.480  -67.926  -23.266 0.6999999881
31394  28.039  -67.352  -23.856 0.6999999881
125560  28.450  -67.678  -18.511 0.4000000060
127346  28.457  -67.146  -19.263 0.4000000060
124205  28.529  -67.962  -21.180 0.6999999881
124003  28.411  -66.251  -21.779 0.6999999881
32325  26.878  -65.979  -23.970 0.6999999881
130997  28.445  -66.985  -17.075 0.5000000000
33260  27.924  -65.632  -22.258 0.5000000000
34242  28.125  -64.544  -20.335 0.4000000060
35247  26.099  -63.099  -22.677 0.6000000238
36198  27.090  -62.735  -23.255 0.5000000000
37143  26.951  -61.964  -22.651 0.6000000238
36152  28.312  -62.828  -18.715 0.3000000119
37124  26.265  -60.965  -21.202 0.4000000060
35170  28.076  -63.767  -14.076 0.4000000060
38095  26.614  -60.042  -20.154 0.3000000119
39175  26.395  -59.112  -19.936 0.3000000119
42013  27.171  -56.823  -19.993 0.3000000119
22162  27.654  -76.458  -23.431 0.6000000238
21106  27.527  -77.375  -23.794 0.6000000238
21145  26.690  -77.941  -26.501 0.6000000238
22212  26.871  -76.546  -26.977 0.6000000238
120203  26.770  -78.638  -22.627 0.5000000000
115683  27.326  -77.265  -22.866 0.6000000238
23220  27.718  -75.042  -22.956 0.6999999881
115043  27.627  -75.812  -22.931 0.6999999881
20043  27.150  -78.165  -23.301 0.6000000238
22161  27.889  -76.002  -24.120 0.6000000238
114959  27.704  -76.676  -24.334 0.6000000238
22181  27.863  -75.951  -24.939 0.6000000238
22199  27.511  -76.261  -25.741 0.6000000238
22211  27.192  -76.562  -26.294 0.6000000238
23269  27.053  -75.026  -27.290 0.6000000238
120482  26.891  -74.938  -28.066 0.6999999881
21087  26.938  -77.961  -21.499 0.6000000238
118390  27.376  -75.037  -21.628 0.6999999881
131382  26.757  -78.432  -21.967 0.5000000000
22129  27.323  -76.649  -21.450 0.6999999881
21086  27.229  -77.264  -21.893 0.6999999881
120950  27.853  -74.324  -23.342 0.6999999881
23219  27.840  -75.594  -23.571 0.6999999881
23241  28.048  -75.115  -25.143 0.5000000000
24285  27.479  -74.862  -26.565 0.6000000238
131403  27.270  -74.404  -27.214 0.6000000238
136690  27.007  -74.394  -27.739 0.6999999881
26477  27.786  -72.444  -28.255 0.6999999881
126346  27.715  -73.707  -28.862 0.6999999881
26476  28.213  -72.271  -28.658 0.6999999881
26490  35.265  -73.436  -29.798 0.4000000060
27582  32.760  -72.211  -28.929 0.5000000000
27571  32.093  -71.915  -28.283 0.6000000238
27584  30.374  -72.149  -28.715 0.6000000238
27573  29.785  -71.659  -28.356 0.6999999881
21046  25.395  -77.693  -18.751 0.5000000000
22117  26.895  -76.860  -19.831 0.5000000000
23181  26.950  -75.888  -19.873 0.6000000238
21057  26.620  -77.723  -19.889 0.5000000000
24225  27.187  -74.314  -20.956 0.6999999881
22116  27.250  -76.343  -20.689 0.5000000000
21056  27.081  -77.297  -20.824 0.6000000238
24236  27.374  -74.240  -21.877 0.6999999881
129396  27.495  -74.822  -22.287 0.6999999881
25291  27.751  -73.433  -23.061 0.6999999881
24269  28.202  -74.460  -24.838 0.6999999881
23242  27.741  -75.418  -25.795 0.6000000238
25333  27.614  -73.141  -26.973 0.6000000238
25340  27.491  -72.806  -27.681 0.6999999881
27575  28.154  -71.874  -28.196 0.6999999881
27574  28.800  -71.808  -28.505 0.6999999881
27572  30.869  -71.676  -28.080 0.6000000238
28618  30.124  -70.992  -27.730 0.6000000238
25242  25.859  -74.045  -18.669 0.5000000000
22089  24.825  -76.416  -18.290 0.4000000060
23164  26.463  -75.423  -19.122 0.5000000000
24188  25.845  -74.973  -18.551 0.5000000000
119206  26.426  -76.418  -19.033 0.5000000000
26374  26.884  -72.932  -19.972 0.6000000238
24206  26.893  -74.860  -20.009 0.6000000238
135693  27.563  -72.228  -21.258 0.6999999881
25254  27.124  -73.308  -20.817 0.6000000238
26386  27.436  -72.819  -21.549 0.6999999881
26396  27.688  -72.701  -22.423 0.6999999881
24258  28.102  -74.426  -24.046 0.6999999881
25317  28.228  -73.696  -25.246 0.6999999881
24270  27.964  -74.444  -25.785 0.6999999881
25318  27.939  -73.474  -26.105 0.6999999881
27556  27.884  -71.364  -27.127 0.6999999881
28609  28.255  -70.786  -27.413 0.8000000119
28619  29.179  -71.123  -27.924 0.6999999881
28616  32.608  -71.065  -27.710 0.5000000000
28617  30.944  -70.843  -27.533 0.6000000238
28607  30.547  -70.151  -27.350 0.6000000238
24175  25.206  -74.491  -18.179 0.4000000060
26364  26.615  -72.836  -19.007 0.6000000238
25241  26.416  -73.546  -19.276 0.6000000238
26363  27.184  -72.293  -19.375 0.6000000238
119312  27.298  -72.276  -20.162 0.6000000238
27482  27.571  -71.945  -20.693 0.6000000238
27492  28.012  -71.458  -22.098 0.6999999881
129248  27.729  -72.148  -21.881 0.6999999881
26409  27.956  -72.535  -23.265 0.6999999881
26408  28.060  -73.135  -23.880 0.6999999881
27517  28.262  -71.095  -23.883 0.8000000119
27536  28.257  -71.585  -24.474 0.8000000119
125947  28.188  -71.360  -25.391 0.6000000238
28597  27.952  -70.611  -26.734 0.6000000238
29628  28.358  -69.864  -27.125 0.8000000119
130066  28.750  -70.481  -27.521 0.6999999881
28615  34.108  -70.385  -28.293 0.5000000000
28605  32.339  -70.252  -27.415 0.6000000238
29625  31.186  -69.263  -27.182 0.6999999881
28604  33.261  -70.292  -27.733 0.6000000238
26348  25.688  -72.992  -17.833 0.5000000000
137634  25.054  -73.352  -17.744 0.4000000060
25217  23.532  -73.253  -17.497 0.4000000060
26346  27.090  -72.308  -18.452 0.5000000000
25231  26.033  -73.298  -18.545 0.5000000000
27473  27.690  -71.644  -19.814 0.6000000238
28533  28.186  -70.461  -20.489 0.6000000238
28545  28.107  -70.800  -21.395 0.6999999881
27503  28.204  -71.290  -22.979 0.8000000119
27535  28.277  -70.907  -24.777 0.6000000238
28590  28.046  -70.206  -26.031 0.6000000238
29620  28.054  -69.328  -26.557 0.6999999881
30549  28.485  -68.908  -26.822 0.6999999881
31421  30.304  -67.964  -26.787 0.6999999881
29624  31.972  -69.552  -27.258 0.6000000238
30547  31.644  -68.403  -27.115 0.6000000238
32344  31.835  -67.006  -26.724 0.6000000238
29623  32.809  -69.264  -27.523 0.6000000238
31420  32.204  -67.691  -27.095 0.6000000238
26311  27.482  -71.658  -17.004 0.5000000000
26325  26.264  -72.585  -17.371 0.5000000000
125385  25.097  -72.850  -17.225 0.5000000000
26326  24.135  -72.729  -17.029 0.5000000000
135381  27.874  -71.320  -18.206 0.5000000000
26324  26.981  -72.267  -17.586 0.5000000000
27472  28.060  -70.966  -18.986 0.6000000238
28580  28.288  -70.402  -24.280 0.6999999881
123981  28.034  -69.119  -25.128 0.6000000238
30538  27.652  -68.558  -26.152 0.6000000238
31413  27.666  -67.441  -26.362 0.6000000238
30542  28.536  -67.939  -26.635 0.6999999881
119437  28.640  -66.946  -26.474 0.6000000238
31412  29.555  -67.529  -26.644 0.6000000238
31410  31.219  -67.736  -26.842 0.6999999881
30555  34.338  -68.473  -28.037 0.5000000000
32354  32.870  -67.044  -26.998 0.4000000060
27427  27.045  -71.642  -16.350 0.5000000000
27429  25.435  -71.851  -15.994 0.5000000000
27430  24.508  -71.518  -16.133 0.5000000000
28481  23.740  -71.049  -16.510 0.5000000000
28492  23.249  -70.574  -17.207 0.5000000000
31414  27.029  -67.236  -26.045 0.6000000238
119702  28.958  -66.110  -26.174 0.4000000060
33297  30.643  -66.183  -26.069 0.5000000000
33296  31.707  -66.354  -26.239 0.4000000060
119300  32.476  -66.584  -26.586 0.4000000060
28480  27.546  -71.040  -16.281 0.6000000238
27419  26.832  -71.192  -15.840 0.5000000000
27420  25.986  -71.271  -15.614 0.5000000000
28474  24.366  -70.630  -16.047 0.5000000000
28491  23.873  -70.065  -16.713 0.5000000000
29524  23.583  -69.619  -17.622 0.5000000000
29541  23.423  -69.340  -18.514 0.4000000060
30485  23.965  -68.482  -19.604 0.5000000000
30491  24.189  -68.146  -20.384 0.4000000060
131799  23.883  -67.794  -21.555 0.4000000060
128044  23.488  -67.745  -22.280 0.4000000060
33298  28.481  -65.639  -25.796 0.6000000238
34276  29.742  -65.176  -25.335 0.4000000060
33283  31.170  -65.870  -25.759 0.4000000060
115633  31.970  -65.961  -25.890 0.4000000060
28472  26.485  -70.591  -15.424 0.5000000000
28473  25.624  -70.570  -15.404 0.4000000060
29507  25.136  -69.888  -15.305 0.4000000060
29513  24.371  -69.707  -16.008 0.5000000000
119076  24.032  -68.412  -17.095 0.4000000060
29540  23.870  -68.831  -18.166 0.5000000000
31348  24.244  -67.624  -18.389 0.4000000060
31356  24.386  -67.520  -19.231 0.5000000000
30475  24.192  -68.210  -18.873 0.5000000000
32283  24.181  -66.859  -19.618 0.3000000119
31367  24.153  -67.188  -20.543 0.3000000119
32303  23.193  -66.643  -21.545 0.3000000119
34267  30.133  -64.869  -24.620 0.4000000060
29496  27.209  -69.129  -14.983 0.5000000000
30434  25.509  -69.274  -14.926 0.5000000000
30444  24.709  -69.146  -15.388 0.4000000060
30432  27.379  -68.349  -14.786 0.4000000060
136650  26.702  -68.666  -14.681 0.4000000060
30433  25.908  -68.600  -14.606 0.4000000060
30435  24.562  -67.840  -14.844 0.4000000060
31302  27.521  -67.518  -14.620 0.4000000060
31303  26.585  -67.905  -14.416 0.4000000060
31304  25.449  -67.760  -14.380 0.4000000060
117219  26.936  -67.060  -14.227 0.4000000060
32226  24.624  -67.056  -14.309 0.4000000060
32235  23.988  -67.269  -15.039 0.4000000060
32236  23.554  -66.661  -15.411 0.4000000060
125397  26.167  -67.261  -14.137 0.4000000060
32223  27.635  -66.657  -14.492 0.3000000119
32215  24.932  -66.327  -13.821 0.4000000060
32227  23.887  -66.639  -14.607 0.4000000060
133390  23.403  -66.210  -14.889 0.4000000060
128700  27.084  -66.381  -14.110 0.4000000060
135698  23.271  -65.818  -16.651 0.4000000060
33183  22.999  -65.118  -16.434 0.4000000060
33146  27.079  -65.098  -13.671 0.3000000119
33147  26.146  -65.350  -13.456 0.4000000060
33148  25.195  -65.554  -13.495 0.4000000060
33149  24.352  -65.780  -13.760 0.4000000060
33162  23.733  -66.024  -14.264 0.4000000060
123697  23.177  -65.558  -14.733 0.4000000060
34166  23.010  -64.737  -14.476 0.3000000119
30529  27.167  -67.938  -25.820 0.6000000238
120088  27.612  -71.753  -18.781 0.5000000000
32339  27.631  -66.331  -26.022 0.6000000238
33277  30.704  -65.411  -25.178 0.4000000060
21144  27.058  -77.673  -25.803 0.6000000238
25348  27.434  -73.182  -28.273 0.6999999881
28620  28.502  -71.316  -27.909 0.6999999881
126343  32.925  -72.881  -29.458 0.5000000000
137090  32.100  -72.653  -29.127 0.5000000000
27570  33.279  -71.397  -28.328 0.4000000060
27562  31.734  -71.062  -27.586 0.6000000238
23165  25.749  -75.949  -18.496 0.5000000000
26425  28.225  -73.019  -24.733 0.6999999881
28606  31.458  -70.189  -27.303 0.6000000238
26373  27.297  -72.570  -20.765 0.6000000238
132492  28.074  -71.770  -26.029 0.6999999881
29629  28.045  -70.267  -26.926 0.8000000119
29626  30.055  -69.352  -27.189 0.6999999881
25232  24.701  -73.959  -17.879 0.4000000060
27549  28.180  -70.747  -25.548 0.6000000238
27550  28.017  -71.080  -26.290 0.6000000238
30548  29.488  -68.542  -26.896 0.6999999881
29627  29.026  -69.529  -27.244 0.6999999881
29634  33.968  -69.307  -27.998 0.5000000000
29633  34.691  -69.653  -28.536 0.5000000000
124939  30.651  -68.544  -27.006 0.6999999881
127993  32.030  -68.926  -27.249 0.6000000238
29612  28.061  -69.580  -25.541 0.6999999881
29613  27.883  -69.397  -26.133 0.6999999881
32345  30.989  -66.755  -26.407 0.6000000238
30546  32.534  -68.375  -27.361 0.6000000238
129142  33.094  -67.762  -27.386 0.6000000238
26312  26.709  -72.156  -16.802 0.5000000000
26313  25.801  -72.421  -16.689 0.5000000000
26315  23.854  -71.979  -16.596 0.4000000060
126229  27.290  -67.884  -26.227 0.6000000238
32346  29.881  -66.627  -26.390 0.6000000238
30502  23.635  -68.166  -21.964 0.3000000119
131669  29.831  -65.995  -26.009 0.5000000000
33276  31.839  -65.588  -25.175 0.4000000060
127553  24.043  -69.081  -17.135 0.5000000000
133632  24.388  -67.700  -20.345 0.4000000060
32315  23.210  -67.052  -22.192 0.4000000060
32224  26.375  -66.609  -13.943 0.4000000060
32214  25.800  -66.117  -13.699 0.4000000060
117944  36.619  -83.015  -29.400 0.3000000119
17014  36.317  -82.568  -29.131 0.3000000119
138234  29.781  -78.871  -31.673 0.4000000060
19098  31.454  -79.344  -30.642 0.4000000060
18072  31.045  -79.959  -30.003 0.4000000060
126040  30.516  -80.400  -29.118 0.4000000060
21228  30.389  -77.575  -31.054 0.4000000060
21229  29.558  -77.598  -31.275 0.4000000060
129431  29.115  -76.889  -31.036 0.4000000060
23320  28.797  -76.205  -30.810 0.5000000000
22273  27.439  -76.559  -31.328 0.5000000000
22259  27.097  -76.188  -30.900 0.5000000000
20134  32.562  -77.746  -30.318 0.4000000060
20149  31.499  -78.602  -30.937 0.5000000000
20152  29.149  -78.281  -31.694 0.5000000000
22261  25.658  -77.000  -30.521 0.5000000000
20135  32.184  -78.393  -30.395 0.5000000000
20136  31.751  -78.804  -30.699 0.5000000000
19090  32.300  -78.672  -29.916 0.5000000000
19091  31.682  -79.380  -30.013 0.4000000060
18059  31.086  -79.919  -29.005 0.4000000060
18060  30.357  -80.666  -28.173 0.4000000060
17000  29.825  -81.514  -27.639 0.4000000060
15917  30.326  -82.400  -26.781 0.3000000119
14941  30.830  -82.966  -26.753 0.4000000060
23303  32.698  -75.520  -30.420 0.4000000060
23304  31.633  -75.582  -30.384 0.4000000060
24329  30.924  -74.927  -30.143 0.4000000060
22258  32.922  -76.625  -30.494 0.4000000060
22269  31.891  -76.926  -30.662 0.4000000060
23318  31.260  -76.443  -30.595 0.4000000060
23319  29.733  -76.332  -30.695 0.4000000060
23306  29.339  -75.559  -30.376 0.5000000000
23321  28.005  -76.129  -30.958 0.5000000000
22257  33.672  -76.560  -30.252 0.4000000060
21226  32.438  -77.507  -30.471 0.4000000060
119396  31.044  -78.156  -31.098 0.4000000060
126085  29.918  -74.810  -30.065 0.5000000000
23308  27.700  -75.785  -30.488 0.5000000000
23309  27.104  -75.830  -30.217 0.5000000000
23293  27.653  -75.347  -29.732 0.6000000238
127124  27.217  -75.425  -29.375 0.6000000238
23294  26.714  -76.080  -29.662 0.6000000238
116397  28.332  -72.650  -28.980 0.6000000238
115881  27.601  -74.653  -29.085 0.6000000238
22236  26.496  -76.600  -28.887 0.5000000000
18045  30.675  -80.088  -27.728 0.4000000060
23270  26.847  -75.768  -27.563 0.5000000000
18046  30.233  -80.941  -27.032 0.4000000060
16961  30.475  -81.593  -26.147 0.4000000060
15900  30.828  -82.372  -26.273 0.4000000060
123681  32.300  -74.094  -29.815 0.4000000060
25358  31.869  -73.629  -29.608 0.5000000000
25370  30.509  -74.114  -29.780 0.5000000000
116874  30.048  -73.347  -29.480 0.5000000000
24332  28.189  -75.182  -29.815 0.5000000000
26487  30.483  -72.753  -29.199 0.5000000000
24316  28.167  -74.311  -29.353 0.6000000238
27585  29.603  -72.207  -28.889 0.6000000238
24314  28.999  -73.102  -29.345 0.6000000238
14981  36.697  -83.748  -29.620 0.3000000119
18058  36.490  -81.519  -28.158 0.3000000119
18024  34.616  -80.735  -26.343 0.3000000119
128962  34.205  -75.206  -30.296 0.4000000060
24326  34.126  -74.484  -30.153 0.4000000060
25368  33.973  -73.883  -29.891 0.4000000060
24328  31.936  -74.756  -30.116 0.4000000060
25357  32.666  -73.581  -29.672 0.4000000060
25359  31.004  -73.511  -29.557 0.5000000000
136700  32.208  -73.221  -29.473 0.4000000060
27583  31.221  -72.401  -28.835 0.5000000000
23282  27.180  -74.940  -28.711 0.6000000238
22224  26.554  -76.627  -27.918 0.5000000000
26492  33.488  -73.449  -29.731 0.4000000060
22270  30.470  -76.834  -30.768 0.4000000060
22248  26.135  -76.749  -29.764 0.5000000000
16958  33.471  -81.690  -26.291 0.3000000119
133572  32.721  -74.624  -30.105 0.4000000060
25369  31.432  -74.141  -29.805 0.5000000000
24331  28.938  -74.798  -29.819 0.5000000000
24315  28.752  -73.864  -29.466 0.6000000238
38104  26.433  -60.144  -20.770 0.3000000119
15916  31.523  -83.230  -26.985 0.4000000060
16940  33.704  -81.087  -25.846 0.3000000119
16981  30.060  -81.827  -26.921 0.3000000119
16997  36.671  -82.064  -28.635 0.3000000119
18073  30.077  -80.383  -29.756 0.4000000060
19104  31.131  -79.188  -31.133 0.5000000000
20031  27.044  -77.955  -22.367 0.6000000238
20044  26.842  -78.943  -23.274 0.6000000238
20126  32.733  -77.970  -30.004 0.5000000000
20148  32.039  -78.247  -30.533 0.4000000060
20151  30.219  -78.372  -31.398 0.4000000060
21164  26.976  -77.183  -26.422 0.6000000238
21225  33.007  -77.159  -30.359 0.4000000060
21227  31.758  -77.897  -30.748 0.4000000060
22103  26.239  -77.325  -19.109 0.5000000000
22104  25.602  -76.889  -18.533 0.5000000000
22145  27.446  -76.413  -22.347 0.6999999881
22260  26.393  -76.395  -30.627 0.5000000000
22271  29.835  -77.050  -30.928 0.4000000060
22272  28.288  -76.699  -31.261 0.5000000000
22274  26.585  -76.658  -31.369 0.5000000000
23180  27.248  -75.391  -20.772 0.5000000000
23193  27.407  -75.898  -21.524 0.6999999881
23207  27.495  -75.511  -22.290 0.6999999881
23232  28.034  -75.234  -24.326 0.6999999881
23283  26.827  -75.730  -28.607 0.6000000238
23300  34.887  -74.848  -30.137 0.4000000060
23302  33.682  -75.826  -30.389 0.4000000060
23305  30.198  -75.576  -30.388 0.4000000060
23307  28.481  -75.627  -30.405 0.5000000000
23317  32.140  -76.263  -30.545 0.4000000060
24187  26.404  -74.418  -19.264 0.5000000000
24247  27.941  -74.937  -23.644 0.6999999881
24248  27.594  -74.218  -22.623 0.6999999881
24297  27.248  -73.670  -27.609 0.6000000238
24304  27.223  -74.047  -28.397 0.6999999881
24327  33.492  -74.959  -30.298 0.4000000060
24330  29.554  -74.008  -29.650 0.5000000000
25216  24.364  -73.347  -17.539 0.4000000060
25255  26.816  -73.862  -20.076 0.6000000238
25272  27.308  -73.599  -21.485 0.6999999881
25281  27.490  -73.475  -22.176 0.6999999881
25290  28.014  -73.813  -23.737 0.6999999881
25302  28.200  -73.754  -24.411 0.6999999881
25360  28.146  -73.242  -29.085 0.6000000238
25361  27.741  -73.028  -28.679 0.6999999881
25367  34.700  -74.047  -30.008 0.4000000060
26314  24.806  -72.308  -16.511 0.4000000060
26347  26.450  -72.724  -18.137 0.5000000000
26426  28.197  -72.348  -24.162 0.8000000119
26459  27.851  -71.839  -26.799 0.6000000238
26466  27.768  -72.100  -27.535 0.6999999881
26486  31.490  -73.061  -29.347 0.5000000000
26488  28.838  -72.376  -29.002 0.6000000238
26489  27.971  -72.667  -28.731 0.6999999881
27421  25.117  -71.094  -15.688 0.5000000000
27428  26.335  -71.853  -16.105 0.5000000000
27455  28.146  -70.643  -17.884 0.5000000000
27481  27.928  -71.259  -20.629 0.6000000238
27493  27.814  -71.664  -21.330 0.6999999881
27504  27.953  -71.992  -22.677 0.8000000119
27518  28.183  -71.792  -23.543 0.6999999881
27563  28.155  -71.439  -27.735 0.6999999881
27564  27.969  -71.749  -27.747 0.6999999881
27581  33.541  -72.085  -29.125 0.5000000000
28471  27.335  -70.457  -15.676 0.5000000000
28479  28.008  -70.125  -16.196 0.6000000238
28589  28.252  -70.263  -25.165 0.6000000238
28608  29.573  -70.254  -27.476 0.6999999881
28610  28.024  -71.050  -27.301 0.8000000119
29497  26.381  -69.277  -14.855 0.5000000000
29503  28.159  -69.161  -15.826 0.5000000000
29505  26.910  -69.873  -15.205 0.5000000000
29506  26.019  -69.957  -15.101 0.4000000060
29539  28.392  -69.282  -18.344 0.6999999881
29605  28.230  -69.702  -24.727 0.6999999881
30449  28.395  -68.503  -16.126 0.5000000000
30461  24.072  -68.307  -17.908 0.5000000000
30476  23.786  -68.756  -18.901 0.5000000000
30484  24.397  -67.965  -19.752 0.4000000060
30528  27.789  -68.431  -25.083 0.6000000238
30537  27.708  -68.837  -25.731 0.6999999881
30543  27.840  -68.329  -26.460 0.6000000238
30545  33.461  -68.478  -27.682 0.6000000238
31355  28.463  -67.975  -20.273 0.5000000000
31365  28.513  -67.263  -20.670 0.6000000238
31366  24.418  -67.447  -19.923 0.4000000060
31376  28.553  -67.110  -21.750 0.6999999881
31377  23.798  -67.313  -21.464 0.3000000119
31411  30.534  -67.287  -26.603 0.6000000238
32225  25.520  -66.884  -13.980 0.4000000060
32245  28.468  -66.927  -16.226 0.5000000000
32343  33.185  -66.476  -26.694 0.4000000060
33161  26.702  -65.888  -13.804 0.4000000060
33170  23.177  -65.858  -15.709 0.4000000060
33182  28.455  -65.473  -16.339 0.4000000060
33216  28.453  -65.585  -18.826 0.3000000119
33238  28.438  -65.818  -20.474 0.5000000000
33262  26.329  -64.701  -23.290 0.5000000000
33269  26.564  -65.256  -23.552 0.5000000000
33279  26.529  -64.884  -24.320 0.6000000238
33282  32.516  -65.798  -25.692 0.4000000060
33284  30.240  -65.672  -25.725 0.5000000000
33285  29.365  -65.565  -25.777 0.4000000060
33287  26.948  -65.785  -25.314 0.6999999881
33295  32.665  -66.169  -26.218 0.4000000060
34255  26.235  -64.213  -23.266 0.5000000000
36187  26.420  -62.500  -22.793 0.6000000238
39184  26.458  -59.526  -20.807 0.4000000060
39212  28.423  -60.128  -22.086 0.4000000060
115691  27.975  -72.545  -26.300 0.6999999881
115935  28.506  -69.119  -22.134 0.8000000119
117053  28.231  -69.004  -24.372 0.8000000119
117596  28.083  -70.927  -19.922 0.6999999881
117633  26.400  -79.004  -21.994 0.5000000000
122047  22.632  -66.579  -22.001 0.3000000119
122441  28.188  -72.210  -25.225 0.6999999881
122849  31.181  -77.357  -30.824 0.4000000060
124387  23.898  -68.182  -21.142 0.3000000119
124416  27.310  -76.988  -25.773 0.6000000238
125173  22.979  -70.176  -18.092 0.5000000000
125866  28.438  -65.061  -15.645 0.4000000060
126395  27.214  -75.786  -26.582 0.6000000238
127079  24.169  -67.704  -20.951 0.4000000060
127246  28.683  -77.427  -31.499 0.4000000060
127915  33.242  -74.123  -29.910 0.4000000060
128468  27.893  -60.780  -18.725 0.4000000060
128963  27.694  -72.476  -27.132 0.6999999881
129366  26.371  -77.025  -28.399 0.5000000000
129414  27.634  -74.007  -26.741 0.6000000238
129963  30.882  -75.732  -30.415 0.4000000060
130697  30.487  -76.193  -30.566 0.4000000060
130726  26.708  -65.435  -24.736 0.6000000238
130897  24.286  -66.390  -14.099 0.4000000060
131388  27.941  -74.886  -29.437 0.6000000238
131600  27.539  -71.815  -17.901 0.5000000000
131978  25.733  -72.724  -17.287 0.5000000000
132322  25.403  -73.675  -18.175 0.5000000000
132573  27.989  -69.942  -26.492 0.6999999881
132735  29.577  -72.707  -29.208 0.6000000238
132839  31.928  -78.909  -30.466 0.4000000060
134084  27.530  -76.156  -30.965 0.5000000000
134731  28.153  -72.970  -25.530 0.6999999881
135219  28.363  -65.223  -20.139 0.4000000060
136184  27.531  -73.411  -28.580 0.6999999881
136246  27.852  -71.301  -17.549 0.5000000000
136380  30.938  -78.750  -31.285 0.5000000000
138525  24.885  -70.395  -15.614 0.5000000000
138978  31.164  -67.182  -26.623 0.6000000238
