#!ascii label  , from subject sub-fsm02cd vox2ras=TkReg
1233
86041  -53.362  29.878  18.519 0.0000000000
96895  -44.569  45.844  8.006 0.0000000000
93546  -48.857  40.594  10.998 0.0000000000
88227  -53.020  31.922  4.201 0.0000000000
95656  -51.460  44.350  4.833 0.0000000000
91718  -48.510  37.820  2.622 0.0000000000
90484  -48.657  35.533  -0.554 0.0000000000
90415  -46.162  35.211  6.844 0.0000000000
84707  -44.894  27.314  19.559 0.0000000000
86651  -49.225  31.088  17.955 0.0000000000
101474  -38.134  53.997  5.377 0.0000000000
100938  -47.310  53.580  8.487 0.0000000000
129826  -47.015  47.777  3.073 0.0000000000
90329  -52.201  36.230  14.983 0.0000000000
92914  -44.131  39.000  7.185 0.0000000000
91049  -51.982  36.323  7.478 0.0000000000
114082  -54.891  30.988  11.690 0.0000000000
125019  -49.222  32.447  12.137 0.0000000000
130416  -43.490  32.286  12.107 0.0000000000
85409  -51.411  28.865  17.586 0.0000000000
124492  -51.998  42.926  -0.194 0.0000000000
93642  -51.023  40.019  -1.407 0.0000000000
92983  -48.612  38.683  -1.554 0.0000000000
90468  -45.221  35.230  0.897 0.0000000000
86038  -46.679  29.134  18.606 0.0000000000
88118  -46.582  32.481  16.470 0.0000000000
100945  -33.180  52.689  6.631 0.0000000000
99823  -48.061  50.812  7.255 0.0000000000
91001  -51.030  37.272  14.070 0.0000000000
92234  -52.238  39.447  12.116 0.0000000000
97498  -41.787  46.722  8.120 0.0000000000
94943  -43.340  42.660  5.741 0.0000000000
90462  -51.777  34.585  2.258 0.0000000000
120706  -50.003  36.351  4.880 0.0000000000
90433  -53.497  34.197  5.648 0.0000000000
88943  -54.178  33.329  9.456 0.0000000000
88209  -54.211  31.695  8.561 0.0000000000
88169  -51.675  31.853  11.857 0.0000000000
88942  -51.010  33.145  9.022 0.0000000000
89655  -44.756  34.020  10.169 0.0000000000
96929  -47.474  45.339  6.104 0.0000000000
94960  -46.006  41.924  3.892 0.0000000000
94284  -49.230  41.403  1.337 0.0000000000
91101  -49.884  36.447  -0.086 0.0000000000
88998  -50.012  32.918  0.976 0.0000000000
125438  -49.853  34.032  5.194 0.0000000000
126504  -47.241  34.472  2.896 0.0000000000
90442  -43.387  34.958  4.419 0.0000000000
83974  -47.060  26.312  19.961 0.0000000000
120420  -49.573  28.537  19.906 0.0000000000
86654  -51.760  31.223  18.854 0.0000000000
99811  -36.441  50.576  7.678 0.0000000000
99284  -38.263  49.898  5.606 0.0000000000
99289  -42.663  49.799  5.695 0.0000000000
128768  -45.530  49.741  7.758 0.0000000000
98667  -49.418  49.063  8.579 0.0000000000
97537  -49.965  46.102  5.113 0.0000000000
97583  -50.219  45.796  0.501 0.0000000000
115550  -48.778  48.049  0.804 0.0000000000
113278  -48.299  34.688  15.589 0.0000000000
124609  -51.327  34.557  16.691 0.0000000000
88121  -52.986  32.643  16.974 0.0000000000
92896  -45.901  39.130  9.932 0.0000000000
91695  -46.020  38.346  4.912 0.0000000000
91673  -47.844  37.331  7.241 0.0000000000
92257  -50.029  38.297  9.803 0.0000000000
114771  -52.458  36.785  11.267 0.0000000000
88896  -53.502  33.087  13.306 0.0000000000
86688  -53.841  30.890  16.140 0.0000000000
111400  -51.668  30.678  15.050 0.0000000000
86703  -49.385  30.769  14.643 0.0000000000
86700  -46.673  30.290  14.340 0.0000000000
89672  -47.613  34.136  9.131 0.0000000000
88165  -46.040  32.399  12.208 0.0000000000
86098  -43.881  29.384  14.035 0.0000000000
85375  -53.237  28.203  20.092 0.0000000000
84729  -53.281  28.162  19.242 0.0000000000
85410  -52.942  28.993  18.285 0.0000000000
95006  -50.454  42.551  -0.721 0.0000000000
94330  -50.782  40.809  -1.463 0.0000000000
93641  -48.230  40.596  -0.780 0.0000000000
92324  -46.542  38.699  -0.356 0.0000000000
93548  -51.399  40.740  11.448 0.0000000000
97487  -42.983  46.370  8.596 0.0000000000
88990  -52.977  32.363  3.209 0.0000000000
90454  -52.587  34.379  3.663 0.0000000000
88983  -53.669  32.114  4.461 0.0000000000
88969  -54.222  32.289  6.129 0.0000000000
88222  -53.773  31.938  6.019 0.0000000000
88207  -52.800  32.400  7.832 0.0000000000
125431  -52.202  32.695  6.161 0.0000000000
96348  -50.198  44.510  5.499 0.0000000000
94962  -48.306  43.292  3.963 0.0000000000
94974  -50.663  42.852  2.545 0.0000000000
92335  -50.000  37.906  -1.810 0.0000000000
92325  -50.249  38.319  -1.221 0.0000000000
91108  -49.457  35.970  -0.369 0.0000000000
90480  -50.206  34.384  0.358 0.0000000000
89773  -49.121  33.886  0.083 0.0000000000
131256  -48.346  33.878  1.810 0.0000000000
89764  -47.518  34.169  0.687 0.0000000000
89753  -43.953  34.727  2.420 0.0000000000
86650  -48.001  30.278  18.134 0.0000000000
85385  -47.997  28.272  19.656 0.0000000000
126508  -49.229  29.636  18.978 0.0000000000
85387  -50.314  29.030  19.842 0.0000000000
87336  -50.086  31.303  18.244 0.0000000000
101470  -34.826  54.310  5.994 0.0000000000
100396  -36.763  52.123  5.952 0.0000000000
114152  -37.939  52.117  5.244 0.0000000000
99830  -40.470  50.303  5.039 0.0000000000
100409  -40.260  51.826  4.666 0.0000000000
101459  -44.874  53.824  6.769 0.0000000000
100403  -44.131  51.966  6.143 0.0000000000
129119  -46.177  51.747  7.864 0.0000000000
99251  -47.820  50.284  9.179 0.0000000000
100374  -48.483  51.947  9.223 0.0000000000
99291  -46.293  49.309  5.338 0.0000000000
98687  -48.381  48.858  6.850 0.0000000000
97535  -48.075  46.560  3.865 0.0000000000
97566  -49.992  45.647  2.446 0.0000000000
97564  -48.290  46.843  2.529 0.0000000000
98148  -49.053  47.472  0.713 0.0000000000
98719  -48.575  47.898  1.399 0.0000000000
91627  -46.814  37.905  12.467 0.0000000000
90997  -45.560  36.544  13.449 0.0000000000
90998  -46.635  36.435  13.202 0.0000000000
90313  -47.554  35.054  15.096 0.0000000000
90336  -48.188  35.874  13.659 0.0000000000
90991  -51.918  36.985  14.780 0.0000000000
90316  -51.234  35.770  15.697 0.0000000000
90317  -51.767  35.752  15.601 0.0000000000
88850  -52.259  33.630  16.999 0.0000000000
89603  -52.279  34.671  15.679 0.0000000000
92905  -42.497  39.479  8.612 0.0000000000
112943  -43.937  39.089  9.807 0.0000000000
92265  -44.693  38.764  8.649 0.0000000000
92950  -47.201  39.300  2.784 0.0000000000
92943  -45.889  39.804  3.660 0.0000000000
92306  -47.036  38.461  3.360 0.0000000000
91057  -51.142  36.268  6.343 0.0000000000
91055  -49.241  36.567  5.743 0.0000000000
91675  -49.889  37.022  7.650 0.0000000000
91663  -49.248  37.465  8.301 0.0000000000
91665  -50.988  37.155  8.660 0.0000000000
91654  -51.711  37.429  9.691 0.0000000000
91042  -52.435  36.276  8.630 0.0000000000
88198  -54.636  31.526  10.380 0.0000000000
88919  -54.148  32.888  11.376 0.0000000000
88170  -54.668  32.051  11.965 0.0000000000
88131  -54.140  31.698  14.623 0.0000000000
87417  -54.796  30.954  13.363 0.0000000000
86687  -53.625  30.740  15.307 0.0000000000
86735  -53.768  30.608  13.524 0.0000000000
88168  -50.392  32.289  12.087 0.0000000000
87414  -50.500  31.495  13.531 0.0000000000
87431  -48.899  31.907  12.872 0.0000000000
87386  -48.078  30.973  14.150 0.0000000000
87411  -47.652  31.464  13.490 0.0000000000
114803  -47.779  34.685  6.002 0.0000000000
89700  -49.177  34.304  7.289 0.0000000000
89698  -47.386  34.640  7.678 0.0000000000
88914  -44.469  33.258  11.248 0.0000000000
88915  -45.388  33.240  11.268 0.0000000000
88164  -45.145  32.282  12.277 0.0000000000
87409  -45.174  31.205  13.345 0.0000000000
130124  -43.592  30.940  13.205 0.0000000000
123194  -43.177  29.637  13.769 0.0000000000
83151  -51.295  25.741  20.141 0.0000000000
85417  -50.592  29.251  16.909 0.0000000000
95690  -52.374  43.106  1.711 0.0000000000
94988  -51.945  42.486  1.449 0.0000000000
94317  -51.652  41.447  -0.867 0.0000000000
92985  -49.957  39.292  -1.868 0.0000000000
91739  -48.663  37.344  -1.536 0.0000000000
90476  -47.058  35.182  -0.025 0.0000000000
91732  -45.865  36.754  -0.055 0.0000000000
85404  -45.951  28.525  18.999 0.0000000000
86052  -45.318  29.786  17.871 0.0000000000
87354  -47.831  31.626  17.172 0.0000000000
102009  -34.220  54.256  4.678 0.0000000000
122074  -48.419  52.984  8.693 0.0000000000
111917  -45.490  49.876  3.910 0.0000000000
99303  -46.652  49.133  2.648 0.0000000000
128177  -49.378  37.355  12.707 0.0000000000
118027  -51.876  39.038  13.017 0.0000000000
91631  -52.351  37.868  13.224 0.0000000000
93584  -43.240  40.418  6.271 0.0000000000
91095  -50.673  36.241  2.407 0.0000000000
91086  -49.235  36.800  3.439 0.0000000000
91089  -51.450  35.760  3.818 0.0000000000
90431  -52.179  35.456  5.172 0.0000000000
90417  -52.966  35.121  6.334 0.0000000000
90385  -52.917  35.667  8.146 0.0000000000
89701  -53.857  33.982  7.416 0.0000000000
88210  -54.454  31.986  8.541 0.0000000000
87448  -54.503  31.370  10.351 0.0000000000
87442  -53.817  30.945  11.558 0.0000000000
88197  -53.137  31.595  10.318 0.0000000000
88201  -51.580  32.665  9.743 0.0000000000
88941  -50.394  33.226  9.976 0.0000000000
89696  -45.634  34.973  8.377 0.0000000000
93524  -46.589  40.780  11.471 0.0000000000
96910  -45.941  45.605  6.779 0.0000000000
95646  -44.941  44.208  5.626 0.0000000000
94954  -47.181  43.404  4.322 0.0000000000
94263  -47.477  41.885  3.114 0.0000000000
128225  -48.279  40.131  1.761 0.0000000000
93632  -50.787  41.015  -0.112 0.0000000000
92958  -49.524  39.199  0.280 0.0000000000
91726  -49.531  37.898  0.995 0.0000000000
90470  -50.766  34.837  1.000 0.0000000000
89010  -51.442  33.096  1.225 0.0000000000
88988  -51.445  32.560  2.635 0.0000000000
88974  -50.942  33.360  4.819 0.0000000000
89730  -49.666  33.694  3.310 0.0000000000
116597  -48.378  34.485  4.508 0.0000000000
89727  -46.821  34.877  4.584 0.0000000000
89755  -45.914  34.548  1.701 0.0000000000
113342  -44.851  34.808  3.520 0.0000000000
113853  -47.059  27.953  19.685 0.0000000000
84695  -48.495  27.272  20.219 0.0000000000
83962  -49.424  26.850  20.380 0.0000000000
132696  -50.778  27.380  20.519 0.0000000000
86012  -52.215  29.257  20.152 0.0000000000
86641  -52.914  30.302  19.345 0.0000000000
98077  -36.871  47.755  7.740 0.0000000000
99819  -37.038  50.532  6.265 0.0000000000
98079  -38.709  47.639  6.975 0.0000000000
98683  -40.119  48.207  6.309 0.0000000000
99274  -41.901  48.462  6.417 0.0000000000
98675  -43.535  48.269  7.359 0.0000000000
101489  -40.348  53.454  4.881 0.0000000000
131191  -42.246  51.874  5.136 0.0000000000
132941  -44.317  50.122  6.615 0.0000000000
98676  -45.156  48.213  8.225 0.0000000000
97491  -46.597  47.280  8.211 0.0000000000
97503  -48.381  46.996  7.808 0.0000000000
96913  -50.288  46.153  6.678 0.0000000000
99264  -49.236  50.541  8.668 0.0000000000
98098  -49.742  47.642  7.510 0.0000000000
96956  -51.542  45.023  4.981 0.0000000000
96969  -51.539  44.632  2.611 0.0000000000
96992  -50.976  45.043  0.479 0.0000000000
115678  -48.963  46.085  0.198 0.0000000000
124084  -48.827  47.289  0.243 0.0000000000
99306  -47.792  49.337  1.915 0.0000000000
88845  -47.736  33.415  16.391 0.0000000000
88120  -49.201  33.138  16.923 0.0000000000
119120  -49.460  35.541  14.954 0.0000000000
89585  -50.118  34.450  16.500 0.0000000000
88827  -50.148  33.365  17.226 0.0000000000
88103  -51.355  32.795  17.848 0.0000000000
88092  -52.276  31.829  18.458 0.0000000000
87360  -53.515  31.322  17.664 0.0000000000
92879  -47.355  39.789  10.531 0.0000000000
94951  -44.629  41.914  4.532 0.0000000000
93591  -44.230  40.461  5.061 0.0000000000
92293  -44.931  38.900  5.875 0.0000000000
91067  -48.002  36.950  4.421 0.0000000000
91685  -46.738  37.557  6.006 0.0000000000
92278  -46.271  38.014  7.401 0.0000000000
119116  -46.917  38.332  8.679 0.0000000000
115303  -48.201  38.491  9.520 0.0000000000
92881  -49.975  39.803  10.655 0.0000000000
92245  -51.353  38.734  10.525 0.0000000000
117824  -52.370  37.696  11.570 0.0000000000
90356  -52.459  36.330  12.073 0.0000000000
90369  -53.161  35.178  9.516 0.0000000000
89637  -52.703  35.140  11.696 0.0000000000
89612  -52.497  35.001  13.578 0.0000000000
88869  -53.412  32.676  15.293 0.0000000000
88122  -53.604  31.774  16.437 0.0000000000
86677  -53.654  30.779  17.147 0.0000000000
86676  -53.379  30.587  16.246 0.0000000000
86062  -51.217  29.998  16.437 0.0000000000
127760  -50.318  29.769  16.275 0.0000000000
87415  -51.845  31.218  13.577 0.0000000000
86704  -50.358  30.760  14.852 0.0000000000
86071  -48.759  29.801  15.419 0.0000000000
86070  -47.859  29.474  15.320 0.0000000000
86069  -46.636  29.449  14.849 0.0000000000
88966  -50.128  33.890  6.975 0.0000000000
88949  -49.266  33.874  8.782 0.0000000000
88932  -48.566  33.437  10.562 0.0000000000
88937  -46.516  33.892  9.866 0.0000000000
88917  -47.140  33.237  11.149 0.0000000000
88185  -47.467  32.791  11.806 0.0000000000
87410  -46.026  31.346  13.391 0.0000000000
86698  -45.098  29.794  14.197 0.0000000000
115403  -53.367  29.005  19.257 0.0000000000
84713  -53.286  27.558  19.667 0.0000000000
85406  -52.899  28.045  18.790 0.0000000000
85407  -53.288  28.989  18.678 0.0000000000
95005  -49.286  42.545  -0.554 0.0000000000
133950  -48.869  41.903  -0.680 0.0000000000
94313  -48.030  41.633  -0.381 0.0000000000
93528  -51.053  41.602  11.581 0.0000000000
93547  -50.487  40.701  11.156 0.0000000000
97488  -43.730  46.464  8.493 0.0000000000
96894  -43.705  45.487  8.219 0.0000000000
96311  -44.124  45.077  7.427 0.0000000000
88235  -52.945  32.117  3.504 0.0000000000
88243  -53.309  32.101  3.866 0.0000000000
88236  -53.474  31.948  4.274 0.0000000000
88237  -53.777  31.992  4.812 0.0000000000
133141  -53.195  32.123  5.732 0.0000000000
88214  -52.988  32.306  6.670 0.0000000000
88221  -52.648  32.251  5.144 0.0000000000
95655  -50.698  44.115  4.931 0.0000000000
95663  -49.815  43.549  4.120 0.0000000000
95676  -51.479  43.342  3.356 0.0000000000
116746  -48.637  36.234  -0.929 0.0000000000
91115  -49.269  36.536  -0.982 0.0000000000
90485  -49.141  35.456  -0.465 0.0000000000
90479  -49.467  34.710  -0.078 0.0000000000
90478  -48.767  34.650  -0.249 0.0000000000
89772  -48.226  34.173  0.120 0.0000000000
90477  -47.986  34.835  -0.235 0.0000000000
83972  -45.351  26.529  19.689 0.0000000000
129186  -48.737  30.529  18.179 0.0000000000
86040  -48.612  29.879  18.574 0.0000000000
86652  -49.514  30.432  18.542 0.0000000000
101472  -36.093  54.434  6.033 0.0000000000
100960  -37.291  52.624  5.539 0.0000000000
100961  -37.977  52.958  5.218 0.0000000000
100408  -39.423  51.662  4.757 0.0000000000
100970  -39.615  52.691  4.748 0.0000000000
115845  -45.337  54.794  7.285 0.0000000000
101458  -44.559  54.551  6.648 0.0000000000
101460  -45.807  54.053  7.586 0.0000000000
100950  -45.291  53.095  7.014 0.0000000000
100384  -46.776  52.663  8.348 0.0000000000
100385  -47.264  51.762  8.675 0.0000000000
100924  -48.071  53.025  8.801 0.0000000000
98699  -46.337  48.520  4.653 0.0000000000
98104  -47.238  47.856  5.260 0.0000000000
98125  -47.458  47.131  3.415 0.0000000000
98704  -47.762  47.735  2.287 0.0000000000
92838  -47.895  39.404  12.603 0.0000000000
91628  -47.768  37.927  12.273 0.0000000000
91011  -47.182  37.140  12.592 0.0000000000
90999  -47.663  36.406  13.049 0.0000000000
90335  -47.205  35.825  13.765 0.0000000000
91003  -52.116  36.907  14.691 0.0000000000
90328  -51.994  36.411  15.179 0.0000000000
90318  -52.079  35.657  15.452 0.0000000000
89602  -51.977  35.075  16.055 0.0000000000
89606  -52.349  35.178  14.783 0.0000000000
93578  -42.917  40.018  6.989 0.0000000000
92913  -43.417  39.383  7.496 0.0000000000
92252  -43.935  38.947  8.908 0.0000000000
92276  -44.786  38.643  7.817 0.0000000000
92311  -47.814  38.522  2.669 0.0000000000
91713  -47.697  37.806  3.317 0.0000000000
91058  -51.840  36.085  6.637 0.0000000000
91047  -50.553  36.593  7.005 0.0000000000
91048  -51.356  36.472  7.241 0.0000000000
91676  -50.780  36.860  7.865 0.0000000000
91677  -51.492  36.697  8.073 0.0000000000
91666  -51.599  36.984  8.878 0.0000000000
91041  -52.027  36.531  8.307 0.0000000000
88190  -54.834  31.439  11.306 0.0000000000
133776  -54.757  32.061  11.335 0.0000000000
88171  -54.919  31.247  12.288 0.0000000000
88147  -54.868  31.143  13.184 0.0000000000
87437  -54.881  30.897  12.691 0.0000000000
86726  -54.355  30.737  13.568 0.0000000000
86736  -54.446  30.670  12.946 0.0000000000
87432  -49.879  31.899  12.799 0.0000000000
87412  -48.502  31.514  13.521 0.0000000000
125331  -48.430  32.249  12.443 0.0000000000
132813  -47.189  34.823  6.330 0.0000000000
89705  -47.651  34.653  6.856 0.0000000000
89704  -46.919  34.882  6.962 0.0000000000
88182  -44.793  32.756  11.756 0.0000000000
88163  -44.311  32.237  12.218 0.0000000000
87427  -44.706  31.692  12.744 0.0000000000
87407  -43.752  31.582  12.667 0.0000000000
86734  -43.057  30.459  13.401 0.0000000000
120098  -42.959  31.176  12.965 0.0000000000
83964  -51.942  26.343  20.392 0.0000000000
122736  -51.277  27.913  18.043 0.0000000000
95691  -52.343  43.180  0.818 0.0000000000
95001  -52.193  42.587  0.244 0.0000000000
95008  -51.801  42.189  -0.507 0.0000000000
93652  -49.391  40.174  -1.469 0.0000000000
93653  -50.480  40.084  -1.640 0.0000000000
92984  -49.124  39.354  -1.587 0.0000000000
92333  -48.962  38.107  -1.917 0.0000000000
92329  -48.130  37.952  -1.391 0.0000000000
91738  -46.928  36.827  -0.585 0.0000000000
92328  -47.153  37.863  -0.781 0.0000000000
116309  -45.235  37.659  0.274 0.0000000000
86671  -47.470  30.754  17.614 0.0000000000
87371  -47.000  31.885  16.776 0.0000000000
101487  -33.428  53.771  4.609 0.0000000000
99834  -45.892  50.697  5.385 0.0000000000
99840  -45.428  50.646  4.437 0.0000000000
112579  -45.197  51.260  4.105 0.0000000000
92859  -52.158  40.240  12.076 0.0000000000
92842  -51.999  39.812  12.486 0.0000000000
91620  -52.051  38.126  13.758 0.0000000000
92224  -52.187  38.779  12.831 0.0000000000
97497  -40.964  46.586  8.104 0.0000000000
94241  -43.037  41.296  6.022 0.0000000000
91088  -50.798  36.174  3.420 0.0000000000
91096  -51.345  35.618  2.832 0.0000000000
89717  -53.241  34.225  4.919 0.0000000000
90445  -52.675  34.762  4.620 0.0000000000
90432  -52.807  34.966  5.476 0.0000000000
90416  -52.291  35.565  6.067 0.0000000000
90418  -53.639  34.293  6.688 0.0000000000
87462  -54.318  31.942  7.525 0.0000000000
88216  -54.402  32.070  7.795 0.0000000000
87458  -54.284  31.835  8.215 0.0000000000
87454  -54.356  31.660  9.083 0.0000000000
88204  -54.298  31.615  9.058 0.0000000000
87452  -53.912  31.391  9.877 0.0000000000
88203  -53.896  31.537  9.076 0.0000000000
88951  -51.526  33.103  8.158 0.0000000000
88202  -52.145  32.614  8.844 0.0000000000
88195  -51.126  32.665  10.575 0.0000000000
96911  -46.960  45.791  6.654 0.0000000000
96334  -46.664  44.767  5.543 0.0000000000
96346  -47.316  44.192  4.895 0.0000000000
94271  -48.731  41.927  2.061 0.0000000000
129407  -47.998  42.614  3.371 0.0000000000
93613  -48.376  40.946  1.869 0.0000000000
93621  -48.873  40.489  1.173 0.0000000000
94301  -51.535  41.376  -0.371 0.0000000000
94286  -51.398  41.909  0.557 0.0000000000
92967  -51.211  40.224  -0.852 0.0000000000
116540  -49.847  37.464  -0.687 0.0000000000
116191  -50.191  38.936  -0.639 0.0000000000
92319  -49.709  38.231  -0.046 0.0000000000
92318  -49.163  38.580  1.032 0.0000000000
91727  -49.791  37.245  0.512 0.0000000000
91728  -50.091  36.774  1.396 0.0000000000
130956  -50.095  36.464  0.740 0.0000000000
89016  -50.382  33.351  0.580 0.0000000000
89767  -50.918  33.633  0.797 0.0000000000
88999  -51.179  32.841  1.292 0.0000000000
112924  -51.563  32.600  2.067 0.0000000000
126822  -50.954  32.629  2.161 0.0000000000
88987  -50.671  33.049  2.995 0.0000000000
89744  -50.150  33.133  2.265 0.0000000000
118484  -47.492  34.205  1.972 0.0000000000
89742  -48.079  34.245  2.756 0.0000000000
89728  -47.627  34.583  3.868 0.0000000000
89714  -47.718  34.725  5.040 0.0000000000
90475  -46.066  35.240  0.419 0.0000000000
90469  -46.465  34.723  0.623 0.0000000000
89763  -45.595  34.752  1.228 0.0000000000
89725  -44.008  34.838  3.709 0.0000000000
89739  -44.342  34.676  2.823 0.0000000000
85384  -46.202  27.969  19.511 0.0000000000
128024  -46.651  28.456  19.222 0.0000000000
85386  -48.845  28.440  19.737 0.0000000000
84711  -48.454  27.882  19.981 0.0000000000
83961  -48.523  26.490  20.212 0.0000000000
85371  -49.253  27.863  20.186 0.0000000000
84696  -50.149  27.559  20.432 0.0000000000
115991  -50.144  28.306  20.230 0.0000000000
86639  -51.216  30.317  19.274 0.0000000000
86011  -51.271  29.188  20.051 0.0000000000
86018  -51.718  29.801  19.716 0.0000000000
129866  -52.434  29.873  19.693 0.0000000000
86640  -52.134  30.472  19.409 0.0000000000
100373  -36.352  51.345  8.063 0.0000000000
99805  -36.495  50.623  8.522 0.0000000000
117030  -36.194  49.845  8.215 0.0000000000
98663  -35.920  48.520  8.422 0.0000000000
99260  -36.443  49.797  7.435 0.0000000000
100931  -31.906  51.993  7.094 0.0000000000
100946  -33.995  53.006  6.875 0.0000000000
99827  -37.666  50.675  5.650 0.0000000000
100390  -37.081  51.225  5.910 0.0000000000
99272  -37.525  49.804  6.107 0.0000000000
98681  -37.422  48.916  6.602 0.0000000000
99273  -38.191  49.171  6.011 0.0000000000
98092  -39.222  48.220  6.373 0.0000000000
98692  -39.577  48.762  5.833 0.0000000000
123918  -41.851  49.880  5.432 0.0000000000
98694  -41.272  48.812  5.876 0.0000000000
99288  -41.908  49.206  5.780 0.0000000000
98685  -42.748  48.347  6.884 0.0000000000
98686  -43.367  48.886  6.702 0.0000000000
100971  -41.199  52.946  4.869 0.0000000000
100963  -42.665  52.427  5.340 0.0000000000
99812  -45.028  50.415  7.141 0.0000000000
99821  -44.402  50.981  6.461 0.0000000000
115660  -44.956  48.885  7.701 0.0000000000
98677  -45.910  49.013  8.289 0.0000000000
98664  -46.184  48.340  8.482 0.0000000000
98666  -48.721  48.838  8.934 0.0000000000
126061  -48.312  48.191  8.697 0.0000000000
98074  -49.254  48.267  8.515 0.0000000000
97504  -49.557  47.106  7.635 0.0000000000
98088  -49.815  47.466  7.589 0.0000000000
100952  -48.614  52.770  8.314 0.0000000000
100386  -49.076  51.907  8.635 0.0000000000
99824  -48.989  51.097  8.239 0.0000000000
98114  -48.918  46.984  5.607 0.0000000000
98097  -49.067  47.996  6.893 0.0000000000
97522  -49.862  46.685  5.898 0.0000000000
97523  -50.505  46.279  6.141 0.0000000000
96942  -50.922  45.530  5.383 0.0000000000
117110  -51.548  44.740  3.842 0.0000000000
96955  -51.003  45.203  3.979 0.0000000000
96982  -50.074  46.066  1.144 0.0000000000
96983  -50.972  45.180  1.376 0.0000000000
96398  -50.442  44.693  -0.117 0.0000000000
96387  -50.384  45.387  0.179 0.0000000000
96991  -49.723  46.148  0.285 0.0000000000
98157  -49.053  47.384  0.403 0.0000000000
132052  -48.761  47.885  0.589 0.0000000000
98156  -48.578  47.831  0.405 0.0000000000
98745  -48.651  48.448  0.676 0.0000000000
121840  -45.875  34.814  15.377 0.0000000000
89599  -47.299  34.516  15.616 0.0000000000
88861  -47.994  34.103  16.084 0.0000000000
126311  -48.353  33.042  16.706 0.0000000000
88846  -48.686  33.707  16.533 0.0000000000
91619  -50.534  37.717  13.271 0.0000000000
91013  -49.872  36.702  13.553 0.0000000000
90989  -50.545  36.518  14.488 0.0000000000
89601  -50.842  35.313  16.091 0.0000000000
89600  -50.127  34.940  16.084 0.0000000000
89586  -50.816  34.821  16.492 0.0000000000
88847  -49.676  33.904  16.757 0.0000000000
88848  -50.705  34.136  16.943 0.0000000000
121729  -50.582  32.877  17.586 0.0000000000
88828  -51.071  33.472  17.412 0.0000000000
88830  -52.499  32.896  17.464 0.0000000000
88105  -53.040  32.210  17.655 0.0000000000
87359  -52.983  31.792  18.246 0.0000000000
92895  -44.979  39.123  9.939 0.0000000000
92878  -46.474  39.665  10.512 0.0000000000
95653  -45.515  43.686  4.906 0.0000000000
95652  -44.958  42.792  4.626 0.0000000000
94952  -45.343  42.168  4.263 0.0000000000
92938  -45.885  39.190  4.031 0.0000000000
93597  -44.870  40.460  4.443 0.0000000000
92931  -45.097  39.254  5.107 0.0000000000
92930  -44.492  39.607  5.499 0.0000000000
92294  -45.543  38.620  5.388 0.0000000000
91077  -49.544  36.546  4.022 0.0000000000
91076  -48.785  36.724  3.989 0.0000000000
91068  -48.927  36.610  4.735 0.0000000000
91687  -48.529  36.892  6.515 0.0000000000
91686  -47.541  37.198  6.242 0.0000000000
91672  -46.920  37.581  6.945 0.0000000000
92286  -46.185  37.930  6.524 0.0000000000
92267  -46.258  38.292  8.226 0.0000000000
91661  -47.129  37.830  7.954 0.0000000000
92270  -49.634  37.788  9.093 0.0000000000
92269  -48.674  37.953  8.917 0.0000000000
121779  -49.105  38.371  9.623 0.0000000000
92256  -48.695  38.874  10.077 0.0000000000
92243  -49.524  38.948  10.247 0.0000000000
92244  -50.567  39.064  10.443 0.0000000000
91655  -52.072  37.353  10.042 0.0000000000
91647  -52.215  38.029  10.968 0.0000000000
91023  -52.441  37.329  12.340 0.0000000000
89673  -53.677  34.292  9.027 0.0000000000
90386  -53.303  35.103  8.585 0.0000000000
89657  -53.517  34.197  9.937 0.0000000000
116759  -53.818  32.953  12.415 0.0000000000
89623  -53.197  33.963  11.985 0.0000000000
88895  -52.958  33.942  12.968 0.0000000000
89622  -52.660  34.770  12.612 0.0000000000
88879  -52.797  33.925  13.974 0.0000000000
88868  -52.722  33.779  15.007 0.0000000000
88880  -53.648  32.646  14.165 0.0000000000
87390  -54.151  31.183  14.791 0.0000000000
88126  -53.839  31.732  15.564 0.0000000000
87377  -53.950  31.158  15.809 0.0000000000
87372  -53.769  31.178  16.740 0.0000000000
86064  -53.289  30.298  17.119 0.0000000000
86705  -53.032  30.629  14.638 0.0000000000
86686  -52.708  30.490  15.621 0.0000000000
86675  -51.730  30.375  15.874 0.0000000000
87441  -52.847  31.234  11.937 0.0000000000
87435  -53.610  30.756  12.558 0.0000000000
87434  -52.315  31.304  12.682 0.0000000000
87388  -49.932  31.215  14.194 0.0000000000
86684  -49.559  30.349  15.254 0.0000000000
86683  -48.881  30.379  14.926 0.0000000000
86724  -47.194  30.958  13.962 0.0000000000
86083  -47.322  29.859  14.825 0.0000000000
85435  -46.051  28.820  14.895 0.0000000000
86082  -45.901  29.669  14.494 0.0000000000
88973  -50.478  33.710  5.930 0.0000000000
89707  -49.460  34.231  6.268 0.0000000000
89690  -48.849  34.250  8.174 0.0000000000
88948  -48.489  34.011  8.985 0.0000000000
88940  -49.192  33.626  9.707 0.0000000000
88939  -48.108  33.751  9.782 0.0000000000
89669  -45.308  34.270  9.661 0.0000000000
89670  -46.043  34.192  9.502 0.0000000000
121013  -45.985  32.921  11.648 0.0000000000
88916  -46.285  33.308  11.116 0.0000000000
88184  -46.654  32.854  11.731 0.0000000000
88166  -46.940  32.358  12.322 0.0000000000
87429  -46.446  31.860  12.821 0.0000000000
86722  -44.769  30.457  13.706 0.0000000000
127718  -44.430  29.829  13.989 0.0000000000
86081  -44.551  29.137  14.323 0.0000000000
84690  -52.758  27.611  20.458 0.0000000000
84712  -53.257  26.881  19.834 0.0000000000
84727  -52.704  26.934  18.990 0.0000000000
121494  -51.070  43.084  -0.579 0.0000000000
95007  -51.360  42.246  -0.778 0.0000000000
94315  -49.945  41.617  -1.132 0.0000000000
94314  -49.032  41.157  -1.081 0.0000000000
92974  -48.046  39.616  -0.939 0.0000000000
114721  -47.535  38.734  -0.909 0.0000000000
92973  -46.919  39.579  -0.389 0.0000000000
133600  -51.863  40.967  11.803 0.0000000000
92883  -51.890  40.306  11.683 0.0000000000
133738  -42.298  46.354  8.574 0.0000000000
96296  -42.938  45.239  8.494 0.0000000000
95636  -43.276  43.490  6.306 0.0000000000
89001  -52.482  32.823  2.491 0.0000000000
89745  -52.377  33.865  2.697 0.0000000000
89746  -53.011  33.176  3.167 0.0000000000
89732  -53.380  32.578  3.867 0.0000000000
89718  -53.758  33.074  4.789 0.0000000000
89708  -54.101  33.093  5.816 0.0000000000
88976  -54.068  32.193  5.178 0.0000000000
88223  -54.123  31.925  6.716 0.0000000000
121281  -53.823  31.839  7.125 0.0000000000
88208  -53.849  31.760  8.145 0.0000000000
88959  -51.885  32.976  7.183 0.0000000000
96930  -48.820  45.392  6.290 0.0000000000
115442  -48.139  43.850  4.551 0.0000000000
127710  -49.325  43.938  4.699 0.0000000000
94973  -49.403  42.683  2.603 0.0000000000
94272  -49.800  42.285  1.741 0.0000000000
92976  -50.500  39.231  -1.659 0.0000000000
92975  -50.783  39.239  -1.207 0.0000000000
113303  -50.078  37.803  -1.386 0.0000000000
91733  -49.681  36.941  -0.760 0.0000000000
91109  -49.828  35.430  0.065 0.0000000000
89774  -49.799  33.769  0.248 0.0000000000
89766  -49.713  33.294  0.558 0.0000000000
89759  -49.839  33.090  1.515 0.0000000000
89758  -49.118  33.398  1.153 0.0000000000
89757  -47.986  33.859  1.145 0.0000000000
89756  -46.961  34.273  1.366 0.0000000000
90467  -44.619  34.929  1.600 0.0000000000
122879  -46.285  26.800  19.907 0.0000000000
86039  -47.731  29.486  18.592 0.0000000000
85405  -47.447  28.721  19.158 0.0000000000
86015  -48.465  29.060  19.172 0.0000000000
111604  -49.415  29.084  19.484 0.0000000000
86016  -50.166  29.836  19.201 0.0000000000
86653  -50.615  30.783  18.741 0.0000000000
100921  -34.616  52.352  8.318 0.0000000000
101455  -34.418  53.621  6.366 0.0000000000
121160  -35.576  53.081  6.665 0.0000000000
101457  -35.733  53.709  6.305 0.0000000000
100397  -37.479  51.645  5.555 0.0000000000
99828  -38.454  50.553  5.324 0.0000000000
99286  -39.888  49.533  5.358 0.0000000000
99829  -39.689  50.335  5.051 0.0000000000
99831  -41.372  50.452  5.132 0.0000000000
101478  -43.220  54.404  5.911 0.0000000000
100964  -43.587  52.752  5.757 0.0000000000
100949  -44.419  52.936  6.365 0.0000000000
99822  -45.305  51.324  7.215 0.0000000000
99813  -46.126  50.804  7.943 0.0000000000
99263  -46.602  49.948  8.491 0.0000000000
99814  -47.159  50.786  8.750 0.0000000000
99806  -47.921  51.187  9.237 0.0000000000
99252  -48.848  50.247  9.301 0.0000000000
99277  -47.324  49.707  6.410 0.0000000000
98695  -47.097  48.662  5.811 0.0000000000
98113  -47.801  47.066  4.750 0.0000000000
97536  -48.849  46.535  4.833 0.0000000000
97551  -49.966  45.590  3.910 0.0000000000
97550  -48.898  46.092  3.767 0.0000000000
97565  -49.147  46.196  2.431 0.0000000000
97573  -49.488  46.669  1.293 0.0000000000
121453  -49.381  46.930  0.639 0.0000000000
98138  -48.996  47.246  1.381 0.0000000000
92837  -46.939  39.185  12.749 0.0000000000
92219  -46.613  38.528  12.632 0.0000000000
91010  -46.198  37.215  12.777 0.0000000000
90312  -46.649  34.989  15.230 0.0000000000
90324  -46.870  35.417  14.566 0.0000000000
90325  -47.827  35.449  14.402 0.0000000000
128028  -48.520  35.205  15.000 0.0000000000
90990  -51.431  36.872  14.738 0.0000000000
90327  -50.943  36.248  15.213 0.0000000000
90982  -51.639  36.382  15.236 0.0000000000
90300  -51.456  35.143  16.198 0.0000000000
88849  -51.562  33.985  17.074 0.0000000000
89587  -51.817  34.467  16.580 0.0000000000
89588  -52.224  34.191  16.348 0.0000000000
121778  -52.619  33.365  16.530 0.0000000000
92894  -43.126  39.141  9.196 0.0000000000
128467  -44.580  38.925  9.316 0.0000000000
92253  -45.329  38.830  9.255 0.0000000000
93605  -46.410  40.841  3.258 0.0000000000
94261  -45.899  41.096  3.603 0.0000000000
92949  -46.607  40.111  3.082 0.0000000000
92944  -46.446  39.194  3.466 0.0000000000
92301  -46.336  38.486  4.156 0.0000000000
91069  -50.946  36.192  5.347 0.0000000000
91056  -50.282  36.443  6.019 0.0000000000
91688  -49.584  36.728  6.757 0.0000000000
91674  -48.872  37.150  7.446 0.0000000000
91662  -48.231  37.607  8.137 0.0000000000
91664  -50.198  37.316  8.482 0.0000000000
91652  -50.495  37.650  9.260 0.0000000000
92259  -51.411  37.977  10.035 0.0000000000
91653  -51.198  37.516  9.421 0.0000000000
91667  -52.033  36.829  9.153 0.0000000000
91035  -52.367  36.589  9.543 0.0000000000
117270  -54.565  32.313  9.891 0.0000000000
88933  -54.144  33.158  10.378 0.0000000000
88934  -54.692  32.163  10.774 0.0000000000
118402  -54.435  31.992  13.011 0.0000000000
88146  -54.458  31.567  13.789 0.0000000000
87391  -54.536  31.138  13.891 0.0000000000
86707  -54.025  30.977  15.038 0.0000000000
86706  -53.921  30.740  14.270 0.0000000000
133375  -53.506  30.663  14.059 0.0000000000
87433  -51.064  31.736  12.771 0.0000000000
87413  -49.424  31.555  13.507 0.0000000000
87387  -48.981  31.167  14.117 0.0000000000
122315  -48.681  30.705  14.524 0.0000000000
89715  -48.690  34.468  5.462 0.0000000000
89706  -48.480  34.504  6.586 0.0000000000
89699  -48.239  34.477  7.499 0.0000000000
89689  -47.944  34.369  8.343 0.0000000000
112740  -44.893  33.599  10.743 0.0000000000
88929  -45.744  33.761  10.345 0.0000000000
88183  -45.474  32.728  11.826 0.0000000000
87428  -45.584  31.794  12.786 0.0000000000
87408  -44.304  31.057  13.240 0.0000000000
86721  -43.889  30.275  13.630 0.0000000000
86720  -42.395  29.875  13.560 0.0000000000
83166  -50.517  25.246  19.697 0.0000000000
95666  -52.086  43.554  3.150 0.0000000000
94975  -51.786  42.871  2.471 0.0000000000
94989  -52.195  42.660  1.192 0.0000000000
94302  -51.788  41.752  -0.354 0.0000000000
94316  -51.559  40.890  -0.945 0.0000000000
94331  -51.263  41.033  -1.337 0.0000000000
93654  -51.009  40.307  -1.499 0.0000000000
116835  -50.613  39.547  -1.679 0.0000000000
119485  -50.270  38.681  -1.921 0.0000000000
91744  -49.450  37.717  -1.868 0.0000000000
91113  -48.057  36.537  -1.026 0.0000000000
90483  -47.953  35.654  -0.571 0.0000000000
91112  -47.279  35.958  -0.480 0.0000000000
91107  -46.429  35.918  -0.091 0.0000000000
91106  -45.563  35.922  0.351 0.0000000000
91737  -46.172  37.744  -0.283 0.0000000000
134254  -45.188  36.671  0.381 0.0000000000
85383  -45.400  27.986  19.374 0.0000000000
85403  -45.100  28.546  18.789 0.0000000000
86037  -45.680  29.155  18.401 0.0000000000
86053  -46.213  29.828  17.976 0.0000000000
124018  -45.786  30.428  17.506 0.0000000000
86649  -47.123  29.991  18.068 0.0000000000
86672  -48.367  30.976  17.725 0.0000000000
100958  -32.726  52.878  5.879 0.0000000000
101488  -34.070  53.924  5.516 0.0000000000
101986  -34.700  54.506  5.365 0.0000000000
101988  -35.938  55.100  5.791 0.0000000000
101449  -47.776  54.142  8.474 0.0000000000
100393  -47.506  51.675  6.910 0.0000000000
99835  -46.790  50.698  6.296 0.0000000000
99302  -45.936  49.119  3.588 0.0000000000
98703  -46.495  48.361  3.365 0.0000000000
99844  -46.079  49.952  2.919 0.0000000000
92223  -51.334  38.647  13.179 0.0000000000
133706  -51.476  37.950  13.790 0.0000000000
91613  -51.818  37.618  14.251 0.0000000000
91002  -52.008  37.446  14.349 0.0000000000
91621  -52.237  37.385  14.025 0.0000000000
93583  -42.627  40.858  6.610 0.0000000000
92921  -43.593  39.628  6.659 0.0000000000
114452  -49.364  37.201  2.605 0.0000000000
91087  -50.056  36.633  3.156 0.0000000000
133289  -50.285  36.371  3.959 0.0000000000
91078  -50.886  36.184  4.362 0.0000000000
90453  -51.972  35.024  3.246 0.0000000000
90444  -52.068  35.296  4.238 0.0000000000
91079  -51.550  35.849  4.787 0.0000000000
91070  -51.653  35.882  5.742 0.0000000000
91059  -52.415  35.794  6.925 0.0000000000
91050  -52.469  36.050  7.772 0.0000000000
90400  -52.971  35.368  7.250 0.0000000000
90401  -53.414  34.862  7.691 0.0000000000
88952  -54.216  33.402  8.589 0.0000000000
121166  -54.320  33.049  6.855 0.0000000000
88960  -54.274  33.314  7.767 0.0000000000
88944  -54.472  32.469  8.995 0.0000000000
88205  -54.497  31.710  9.466 0.0000000000
87444  -54.687  31.255  10.835 0.0000000000
87436  -54.528  30.801  12.072 0.0000000000
87447  -53.909  31.207  10.699 0.0000000000
88189  -52.750  31.543  11.108 0.0000000000
113459  -53.171  32.043  8.684 0.0000000000
111642  -52.863  31.951  9.551 0.0000000000
114777  -51.677  32.193  11.064 0.0000000000
88188  -50.817  32.519  11.332 0.0000000000
112609  -50.325  32.942  10.827 0.0000000000
88187  -49.847  32.787  11.426 0.0000000000
89697  -46.473  34.931  7.834 0.0000000000
89686  -44.996  34.904  8.872 0.0000000000
89668  -44.563  34.525  9.475 0.0000000000
88928  -44.125  33.694  10.670 0.0000000000
88913  -43.616  33.286  11.224 0.0000000000
134078  -43.297  32.788  11.646 0.0000000000
97500  -45.191  46.418  8.085 0.0000000000
96909  -45.007  45.358  7.058 0.0000000000
119921  -45.573  44.919  6.111 0.0000000000
96345  -45.758  44.366  5.397 0.0000000000
94953  -46.050  42.873  4.333 0.0000000000
94961  -47.059  42.520  3.751 0.0000000000
94262  -46.620  41.556  3.399 0.0000000000
93606  -47.048  41.030  2.873 0.0000000000
92951  -48.016  39.389  2.132 0.0000000000
92312  -48.586  38.613  1.959 0.0000000000
94987  -51.015  42.426  1.569 0.0000000000
94285  -50.275  41.721  0.842 0.0000000000
93622  -49.729  40.768  0.526 0.0000000000
92966  -50.253  39.874  -0.330 0.0000000000
124904  -49.364  39.987  0.549 0.0000000000
123530  -48.764  39.499  1.245 0.0000000000
91719  -49.161  37.894  1.819 0.0000000000
124915  -49.737  37.353  1.598 0.0000000000
127503  -50.390  36.530  1.868 0.0000000000
90461  -51.177  35.326  1.838 0.0000000000
91102  -50.252  35.612  0.520 0.0000000000
90471  -51.449  34.075  1.366 0.0000000000
89760  -51.997  33.368  1.839 0.0000000000
89000  -51.815  32.785  1.891 0.0000000000
88982  -52.155  32.326  2.903 0.0000000000
125423  -52.479  32.242  3.612 0.0000000000
88975  -52.043  32.545  4.456 0.0000000000
88981  -51.480  32.746  3.583 0.0000000000
88980  -50.300  33.585  4.084 0.0000000000
89716  -49.257  34.187  4.390 0.0000000000
89743  -49.107  33.686  2.342 0.0000000000
89729  -48.682  34.240  3.562 0.0000000000
120432  -47.056  34.908  5.587 0.0000000000
89713  -46.582  35.046  6.158 0.0000000000
131210  -46.968  34.448  0.645 0.0000000000
111861  -46.540  34.443  0.986 0.0000000000
89741  -46.554  34.468  2.320 0.0000000000
89754  -44.758  34.664  2.026 0.0000000000
89740  -45.471  34.653  2.806 0.0000000000
117852  -46.559  34.684  3.454 0.0000000000
84708  -45.760  27.355  19.697 0.0000000000
130579  -46.463  27.446  19.803 0.0000000000
84709  -47.044  27.169  20.041 0.0000000000
84710  -47.786  27.569  19.990 0.0000000000
83960  -47.766  26.830  20.167 0.0000000000
83149  -49.185  26.123  20.187 0.0000000000
127703  -49.514  25.648  19.935 0.0000000000
83150  -50.066  25.985  20.236 0.0000000000
83963  -50.698  26.694  20.469 0.0000000000
83956  -51.485  27.234  20.568 0.0000000000
85372  -50.838  28.652  20.232 0.0000000000
114704  -51.610  28.639  20.397 0.0000000000
84689  -52.077  27.935  20.608 0.0000000000
85374  -52.821  28.859  20.244 0.0000000000
86019  -52.898  29.491  19.805 0.0000000000
86642  -53.260  29.689  19.283 0.0000000000
100936  -35.878  52.048  7.630 0.0000000000
100947  -34.837  53.062  6.978 0.0000000000
100948  -36.181  52.219  6.682 0.0000000000
99818  -36.627  50.533  6.915 0.0000000000
98680  -36.636  49.032  7.235 0.0000000000
98674  -37.827  48.120  6.900 0.0000000000
97495  -38.668  46.882  7.700 0.0000000000
116818  -39.495  47.033  7.482 0.0000000000
98080  -40.373  47.102  7.458 0.0000000000
98081  -41.227  47.202  7.486 0.0000000000
98693  -40.481  48.797  5.767 0.0000000000
98684  -40.991  48.297  6.359 0.0000000000
98082  -42.030  47.347  7.545 0.0000000000
97499  -42.560  46.896  8.154 0.0000000000
98069  -43.357  47.014  8.288 0.0000000000
98070  -44.182  47.103  8.392 0.0000000000
101475  -39.271  53.996  5.135 0.0000000000
127072  -40.521  52.567  4.709 0.0000000000
100400  -41.781  51.383  4.981 0.0000000000
99832  -42.224  50.573  5.322 0.0000000000
112750  -43.325  51.937  5.611 0.0000000000
100402  -43.548  51.164  5.781 0.0000000000
122094  -43.234  49.463  6.220 0.0000000000
99261  -44.130  48.860  7.160 0.0000000000
117580  -44.330  48.248  7.798 0.0000000000
97489  -44.564  46.616  8.319 0.0000000000
97490  -45.570  47.043  8.282 0.0000000000
97501  -45.996  46.642  7.899 0.0000000000
97502  -47.046  46.827  7.743 0.0000000000
98665  -47.486  48.527  8.759 0.0000000000
98086  -47.573  47.309  8.164 0.0000000000
96912  -48.175  45.881  6.681 0.0000000000
124395  -49.463  46.010  6.764 0.0000000000
96931  -50.147  45.579  6.425 0.0000000000
96349  -51.232  44.720  5.508 0.0000000000
100925  -48.844  52.346  9.102 0.0000000000
99808  -49.191  51.050  9.100 0.0000000000
99265  -49.314  49.651  8.457 0.0000000000
99278  -48.928  49.945  7.748 0.0000000000
98688  -49.511  48.750  7.858 0.0000000000
121294  -49.822  48.143  8.080 0.0000000000
98099  -50.095  47.065  7.117 0.0000000000
96932  -50.826  45.795  6.287 0.0000000000
96350  -51.495  44.825  5.225 0.0000000000
96359  -52.006  44.104  3.410 0.0000000000
96970  -51.968  44.178  2.227 0.0000000000
96389  -52.047  43.606  0.524 0.0000000000
96968  -50.871  45.181  2.536 0.0000000000
96993  -51.574  44.559  1.233 0.0000000000
116032  -51.616  44.269  0.503 0.0000000000
114476  -51.130  43.899  -0.312 0.0000000000
114222  -49.622  43.315  -0.426 0.0000000000
97581  -49.210  46.868  0.255 0.0000000000
98717  -47.290  48.470  2.398 0.0000000000
98718  -48.291  48.672  1.556 0.0000000000
88844  -46.181  33.218  16.162 0.0000000000
89598  -46.483  34.456  15.625 0.0000000000
88860  -46.898  33.885  16.051 0.0000000000
125262  -46.988  33.116  16.314 0.0000000000
88119  -47.581  32.556  16.659 0.0000000000
88101  -48.603  32.400  17.008 0.0000000000
87355  -48.904  31.703  17.490 0.0000000000
91000  -48.728  36.508  13.100 0.0000000000
128441  -48.767  35.630  14.321 0.0000000000
90314  -49.325  35.032  15.570 0.0000000000
90326  -50.197  35.986  14.953 0.0000000000
89584  -49.169  34.421  16.204 0.0000000000
87356  -49.703  31.727  17.783 0.0000000000
87357  -50.570  32.148  17.961 0.0000000000
87337  -50.919  31.554  18.449 0.0000000000
87358  -51.538  32.077  18.322 0.0000000000
88829  -51.870  33.294  17.534 0.0000000000
88104  -52.280  32.516  18.024 0.0000000000
87338  -52.718  31.351  18.729 0.0000000000
87339  -53.323  31.097  18.431 0.0000000000
86656  -53.296  30.431  18.756 0.0000000000
93543  -46.269  40.132  11.026 0.0000000000
93544  -47.030  40.348  11.019 0.0000000000
120837  -48.153  39.938  10.614 0.0000000000
96324  -44.528  44.655  6.482 0.0000000000
94944  -44.035  42.498  5.095 0.0000000000
94256  -45.212  41.315  4.125 0.0000000000
94255  -44.537  41.126  4.570 0.0000000000
94248  -43.429  41.816  5.491 0.0000000000
93590  -43.567  40.886  5.561 0.0000000000
92929  -43.840  39.999  5.855 0.0000000000
92922  -44.286  39.259  6.307 0.0000000000
91714  -48.427  37.156  3.439 0.0000000000
114119  -47.624  37.385  3.893 0.0000000000
91696  -46.615  37.811  4.803 0.0000000000
91698  -48.198  36.832  5.483 0.0000000000
91697  -47.232  37.281  5.247 0.0000000000
131734  -46.661  37.661  5.413 0.0000000000
92285  -45.543  38.369  6.193 0.0000000000
122358  -45.667  38.235  6.921 0.0000000000
92284  -44.948  38.638  6.844 0.0000000000
92277  -45.552  38.368  7.636 0.0000000000
92254  -46.281  38.685  9.145 0.0000000000
92268  -47.706  38.129  8.761 0.0000000000
92255  -47.289  38.647  9.392 0.0000000000
92898  -47.885  39.161  10.146 0.0000000000
92880  -48.923  39.655  10.522 0.0000000000
133751  -49.607  40.465  10.946 0.0000000000
130435  -50.786  40.012  10.898 0.0000000000
92882  -51.378  39.701  10.994 0.0000000000
92884  -52.095  39.719  11.741 0.0000000000
91646  -51.828  38.239  10.561 0.0000000000
92246  -52.090  38.940  11.425 0.0000000000
113787  -52.316  38.556  11.913 0.0000000000
91640  -52.393  38.093  12.444 0.0000000000
91014  -52.436  36.921  13.192 0.0000000000
90339  -52.326  36.313  14.126 0.0000000000
90368  -52.813  35.874  9.056 0.0000000000
90363  -52.649  36.107  10.160 0.0000000000
89638  -53.363  34.072  10.949 0.0000000000
89656  -52.970  35.129  10.517 0.0000000000
116189  -52.614  35.916  11.098 0.0000000000
90349  -52.457  35.776  12.891 0.0000000000
88862  -52.682  33.586  15.905 0.0000000000
88863  -53.227  32.642  16.179 0.0000000000
88106  -53.430  31.781  17.134 0.0000000000
86673  -53.517  30.648  18.041 0.0000000000
86056  -53.202  29.738  17.997 0.0000000000
86055  -52.554  29.502  17.571 0.0000000000
86063  -52.441  30.194  16.595 0.0000000000
86054  -51.657  29.609  17.062 0.0000000000
87416  -52.954  30.871  13.282 0.0000000000
129650  -52.121  30.867  14.311 0.0000000000
87389  -51.056  31.080  14.271 0.0000000000
86685  -50.619  30.319  15.673 0.0000000000
86072  -49.613  29.828  15.849 0.0000000000
86060  -49.035  29.327  15.982 0.0000000000
85426  -48.351  29.008  15.871 0.0000000000
85425  -47.501  28.616  15.656 0.0000000000
86702  -48.142  30.239  14.796 0.0000000000
129050  -47.196  29.234  15.203 0.0000000000
88968  -51.551  33.047  5.540 0.0000000000
88967  -51.142  33.374  6.587 0.0000000000
88958  -50.814  33.498  7.574 0.0000000000
88957  -49.839  33.915  8.047 0.0000000000
116214  -50.036  33.587  8.996 0.0000000000
88194  -49.537  33.248  10.679 0.0000000000
88186  -48.914  33.032  11.360 0.0000000000
89687  -46.280  34.559  8.783 0.0000000000
88930  -46.758  33.588  10.460 0.0000000000
88931  -47.632  33.520  10.503 0.0000000000
88918  -48.006  33.187  11.238 0.0000000000
122059  -48.295  32.683  11.898 0.0000000000
88167  -47.745  32.308  12.382 0.0000000000
127121  -46.836  31.433  13.413 0.0000000000
86723  -46.484  30.949  13.831 0.0000000000
86699  -45.727  30.551  13.913 0.0000000000
84691  -53.100  27.841  20.286 0.0000000000
84698  -53.300  27.583  20.022 0.0000000000
85368  -52.732  28.234  20.433 0.0000000000
85373  -52.317  28.611  20.428 0.0000000000
85388  -53.297  28.228  19.737 0.0000000000
86007  -53.076  28.434  20.256 0.0000000000
86017  -50.929  29.630  19.613 0.0000000000
86020  -53.228  28.871  19.879 0.0000000000
86057  -53.422  30.349  17.740 0.0000000000
86655  -53.061  30.861  18.918 0.0000000000
86701  -47.479  30.471  14.415 0.0000000000
86725  -52.938  30.721  13.913 0.0000000000
86727  -54.420  30.975  13.955 0.0000000000
86737  -54.718  30.838  13.282 0.0000000000
87331  -52.562  30.903  19.096 0.0000000000
87430  -47.281  31.885  12.881 0.0000000000
87443  -54.559  31.054  11.155 0.0000000000
87449  -54.482  31.490  9.979 0.0000000000
87453  -54.389  31.544  9.551 0.0000000000
88102  -49.681  32.481  17.415 0.0000000000
88181  -43.998  32.762  11.689 0.0000000000
88196  -52.192  32.192  10.418 0.0000000000
88215  -54.155  31.797  7.739 0.0000000000
88228  -53.597  31.873  4.993 0.0000000000
88229  -53.934  31.973  5.525 0.0000000000
88950  -50.613  33.488  8.373 0.0000000000
88953  -54.445  32.554  8.168 0.0000000000
88961  -54.376  32.173  7.057 0.0000000000
88989  -52.327  32.502  2.722 0.0000000000
89008  -50.526  32.915  0.869 0.0000000000
89009  -50.948  32.992  0.843 0.0000000000
89691  -53.753  34.213  8.172 0.0000000000
89731  -53.200  33.718  4.116 0.0000000000
89765  -48.642  33.712  0.549 0.0000000000
89771  -47.365  34.530  0.308 0.0000000000
90315  -50.335  35.554  15.545 0.0000000000
90337  -49.046  36.053  13.713 0.0000000000
90338  -49.653  36.015  14.301 0.0000000000
91030  -52.342  37.115  10.536 0.0000000000
91114  -49.035  36.915  -1.415 0.0000000000
91118  -49.586  37.350  -1.541 0.0000000000
91684  -46.166  38.038  5.606 0.0000000000
91705  -47.033  37.819  3.963 0.0000000000
91706  -47.264  37.425  4.449 0.0000000000
91720  -50.105  36.826  2.184 0.0000000000
91740  -49.846  37.317  -1.291 0.0000000000
92214  -51.881  38.270  13.694 0.0000000000
92220  -47.361  38.603  12.456 0.0000000000
92258  -50.856  38.169  9.942 0.0000000000
92266  -45.480  38.562  8.471 0.0000000000
92300  -45.660  38.906  4.650 0.0000000000
92323  -45.653  38.666  0.118 0.0000000000
92330  -50.319  38.533  -1.692 0.0000000000
92334  -49.633  38.592  -1.977 0.0000000000
92858  -52.013  40.982  12.006 0.0000000000
92906  -43.278  39.234  8.346 0.0000000000
92936  -44.743  39.865  4.857 0.0000000000
92937  -45.321  39.681  4.353 0.0000000000
93598  -45.472  40.455  3.890 0.0000000000
93604  -46.027  40.447  3.475 0.0000000000
93612  -47.593  40.320  2.408 0.0000000000
93643  -51.344  40.813  -1.279 0.0000000000
94247  -42.977  42.066  5.939 0.0000000000
94249  -43.987  41.453  4.956 0.0000000000
94270  -47.862  41.401  2.488 0.0000000000
94303  -51.969  42.155  -0.224 0.0000000000
94329  -49.964  40.762  -1.469 0.0000000000
94332  -51.554  41.489  -1.051 0.0000000000
94963  -48.972  43.017  3.327 0.0000000000
94964  -50.285  43.244  3.395 0.0000000000
94972  -48.339  42.303  2.786 0.0000000000
94976  -52.243  42.943  2.172 0.0000000000
94990  -52.315  42.794  0.791 0.0000000000
94999  -51.840  42.030  0.451 0.0000000000
95000  -52.094  42.351  0.344 0.0000000000
95009  -52.154  42.646  -0.029 0.0000000000
95021  -51.039  41.556  -1.186 0.0000000000
95645  -44.513  43.443  5.240 0.0000000000
95654  -46.427  43.683  4.651 0.0000000000
95664  -51.134  43.716  4.236 0.0000000000
95665  -51.818  43.862  3.893 0.0000000000
95677  -52.068  43.313  3.017 0.0000000000
95678  -52.211  43.265  2.575 0.0000000000
95700  -52.206  43.148  0.193 0.0000000000
95701  -52.328  42.971  0.376 0.0000000000
95710  -50.396  43.701  -0.418 0.0000000000
95711  -51.581  42.996  -0.427 0.0000000000
96335  -48.069  44.846  5.616 0.0000000000
96336  -49.581  44.938  5.946 0.0000000000
96337  -50.848  45.111  6.095 0.0000000000
96338  -51.261  45.150  5.685 0.0000000000
96347  -48.750  44.361  5.194 0.0000000000
96368  -52.235  43.588  2.497 0.0000000000
96378  -52.133  43.760  1.374 0.0000000000
96388  -51.086  44.621  0.022 0.0000000000
96399  -51.720  43.686  -0.027 0.0000000000
96886  -43.312  45.889  8.614 0.0000000000
96887  -43.966  46.051  8.448 0.0000000000
96896  -45.494  45.993  7.566 0.0000000000
96897  -46.448  46.221  7.279 0.0000000000
96914  -50.246  46.526  6.711 0.0000000000
96928  -46.468  45.308  6.176 0.0000000000
97505  -50.052  46.994  7.225 0.0000000000
97512  -47.611  46.381  7.186 0.0000000000
97513  -48.910  46.492  7.208 0.0000000000
97514  -49.912  46.582  7.065 0.0000000000
97582  -49.507  46.603  0.447 0.0000000000
98071  -45.178  47.480  8.352 0.0000000000
98072  -46.368  47.755  8.444 0.0000000000
98073  -47.445  47.787  8.502 0.0000000000
98078  -37.723  47.449  7.481 0.0000000000
98083  -42.877  47.632  7.619 0.0000000000
98084  -43.787  47.654  7.983 0.0000000000
98085  -44.508  47.700  8.221 0.0000000000
98087  -48.578  47.605  8.369 0.0000000000
98093  -39.764  47.630  6.881 0.0000000000
98094  -40.669  47.699  6.885 0.0000000000
98095  -41.511  47.804  6.933 0.0000000000
98096  -42.213  47.901  7.054 0.0000000000
98105  -48.430  47.557  5.862 0.0000000000
98106  -49.647  47.217  6.584 0.0000000000
98112  -46.846  47.651  4.138 0.0000000000
98672  -36.425  48.401  7.787 0.0000000000
98673  -37.100  48.266  7.247 0.0000000000
98682  -38.343  48.455  6.442 0.0000000000
98691  -38.844  48.762  6.007 0.0000000000
98696  -47.967  48.169  6.124 0.0000000000
99250  -47.069  49.251  8.762 0.0000000000
99253  -49.327  50.014  8.981 0.0000000000
99262  -44.637  49.556  7.118 0.0000000000
99271  -36.864  49.748  6.718 0.0000000000
99275  -42.635  49.010  6.254 0.0000000000
99276  -43.884  49.493  6.595 0.0000000000
99285  -38.946  49.323  5.615 0.0000000000
99287  -41.040  49.525  5.424 0.0000000000
99290  -45.684  49.909  4.897 0.0000000000
99297  -45.803  49.306  4.503 0.0000000000
99807  -48.652  51.130  9.339 0.0000000000
99815  -49.249  51.345  8.806 0.0000000000
99820  -43.596  50.215  6.069 0.0000000000
99833  -42.963  50.598  5.558 0.0000000000
99838  -39.964  50.992  4.747 0.0000000000
99839  -40.836  51.140  4.788 0.0000000000
100375  -49.046  51.852  9.226 0.0000000000
100376  -49.190  51.836  9.063 0.0000000000
100383  -36.403  51.364  7.177 0.0000000000
100389  -36.707  51.322  6.427 0.0000000000
100391  -44.839  51.768  6.705 0.0000000000
100392  -45.564  52.303  7.378 0.0000000000
100394  -48.591  51.863  7.806 0.0000000000
100398  -38.294  51.337  5.186 0.0000000000
100399  -39.093  50.890  4.964 0.0000000000
100401  -42.682  51.411  5.345 0.0000000000
100407  -38.687  52.183  4.928 0.0000000000
100410  -41.093  52.009  4.738 0.0000000000
100411  -44.997  51.975  4.164 0.0000000000
100922  -35.467  52.297  8.421 0.0000000000
100923  -36.236  51.959  8.584 0.0000000000
100926  -49.065  52.115  9.176 0.0000000000
100932  -32.739  52.249  7.190 0.0000000000
100935  -35.121  52.535  7.678 0.0000000000
100937  -46.253  53.313  7.884 0.0000000000
100939  -49.022  52.315  8.998 0.0000000000
100944  -32.289  52.425  6.470 0.0000000000
100959  -36.514  53.256  5.926 0.0000000000
100962  -41.850  52.312  4.987 0.0000000000
100969  -38.734  53.141  4.975 0.0000000000
101448  -46.904  54.260  8.333 0.0000000000
101454  -33.601  53.291  6.115 0.0000000000
101456  -35.075  53.811  6.459 0.0000000000
101471  -35.435  54.470  6.094 0.0000000000
101473  -37.100  53.923  5.641 0.0000000000
101987  -35.292  54.816  5.602 0.0000000000
112904  -33.116  53.370  5.288 0.0000000000
114579  -50.665  32.755  1.433 0.0000000000
115623  -51.597  44.506  4.522 0.0000000000
116196  -44.009  38.888  8.073 0.0000000000
117022  -48.233  49.445  9.160 0.0000000000
118315  -47.774  37.262  -1.128 0.0000000000
120092  -50.554  36.046  1.391 0.0000000000
120590  -36.132  49.139  7.933 0.0000000000
121235  -39.045  50.067  5.297 0.0000000000
121869  -50.980  28.006  20.502 0.0000000000
121943  -35.516  52.633  7.099 0.0000000000
122458  -46.312  50.028  5.639 0.0000000000
122990  -48.073  31.893  12.925 0.0000000000
123617  -51.787  39.294  11.194 0.0000000000
123814  -49.602  47.658  8.122 0.0000000000
124973  -49.038  49.541  9.108 0.0000000000
125281  -45.577  34.573  9.103 0.0000000000
126467  -49.135  47.323  8.059 0.0000000000
126750  -50.135  46.717  6.604 0.0000000000
126770  -36.188  52.877  6.281 0.0000000000
129353  -44.069  34.776  2.065 0.0000000000
130144  -51.498  41.144  -1.198 0.0000000000
130647  -49.819  38.086  -2.019 0.0000000000
131184  -45.812  34.917  0.783 0.0000000000
131718  -46.292  44.159  5.021 0.0000000000
132220  -51.504  44.642  1.850 0.0000000000
132322  -48.670  39.948  -1.239 0.0000000000
132375  -54.425  32.532  7.502 0.0000000000
133154  -44.832  52.380  6.663 0.0000000000
133647  -38.870  51.496  4.910 0.0000000000
133811  -53.615  30.697  16.660 0.0000000000
134119  -45.122  34.571  9.308 0.0000000000
