#!ascii label  , from subject sub-fsm67lq vox2ras=TkReg
270
50753  31.751  -2.911  5.732 0.0000000000
42748  30.473  -12.512  12.317 0.0000000000
54435  30.436  -0.627  2.070 0.0000000000
61323  25.660  8.094  -2.587 0.0000000000
42738  28.215  -12.677  13.028 0.0000000000
55277  30.894  1.881  4.157 0.0000000000
58646  29.485  5.450  3.793 0.0000000000
49804  29.441  -5.270  6.375 0.0000000000
47253  30.610  -7.455  9.641 0.0000000000
48868  33.159  -5.762  8.430 0.0000000000
51699  34.188  -2.420  2.153 0.0000000000
49819  35.170  -5.000  5.917 0.0000000000
51702  31.151  -2.743  2.324 0.0000000000
53511  32.962  -0.993  2.269 0.0000000000
60342  27.127  7.140  0.130 0.0000000000
60327  29.231  8.400  2.339 0.0000000000
42753  32.469  -11.909  10.681 0.0000000000
57017  29.240  3.713  3.343 0.0000000000
58662  28.640  5.373  3.074 0.0000000000
49824  30.169  -4.538  6.458 0.0000000000
48881  31.332  -5.095  8.191 0.0000000000
49800  32.766  -4.530  7.611 0.0000000000
42737  29.717  -12.957  12.773 0.0000000000
52631  30.539  -2.189  1.494 0.0000000000
52629  32.369  -2.091  1.249 0.0000000000
53513  31.201  -1.147  1.965 0.0000000000
57002  31.716  3.897  4.437 0.0000000000
106610  32.411  1.851  4.492 0.0000000000
60362  25.224  6.928  -3.433 0.0000000000
101061  26.287  5.957  -2.414 0.0000000000
61306  26.433  8.149  -1.160 0.0000000000
62992  29.252  10.733  -1.899 0.0000000000
62169  29.671  10.143  -0.199 0.0000000000
111569  28.714  9.285  1.232 0.0000000000
62157  30.094  9.399  0.903 0.0000000000
61260  30.171  8.471  2.149 0.0000000000
47244  32.251  -8.134  10.292 0.0000000000
46311  31.616  -8.615  10.553 0.0000000000
41840  27.380  -13.745  13.452 0.0000000000
55278  30.284  1.088  3.175 0.0000000000
56149  29.892  1.994  3.386 0.0000000000
57004  29.935  4.572  4.227 0.0000000000
59389  31.056  6.243  3.749 0.0000000000
47270  28.324  -7.445  7.576 0.0000000000
48872  29.977  -6.020  8.258 0.0000000000
48092  31.803  -6.113  9.182 0.0000000000
47250  33.426  -8.046  9.245 0.0000000000
51670  32.979  -2.500  4.841 0.0000000000
49820  33.753  -4.052  6.315 0.0000000000
50749  35.120  -3.472  4.912 0.0000000000
50755  30.102  -3.753  4.766 0.0000000000
50780  29.417  -3.502  3.225 0.0000000000
51684  31.691  -2.506  3.736 0.0000000000
51700  33.131  -2.445  2.212 0.0000000000
52627  33.889  -2.063  1.026 0.0000000000
53529  34.313  -1.764  1.183 0.0000000000
54418  31.694  0.251  3.362 0.0000000000
54410  33.488  0.731  3.905 0.0000000000
59418  27.479  6.589  0.991 0.0000000000
62170  27.167  9.658  -0.304 0.0000000000
61305  27.125  8.863  0.049 0.0000000000
60329  27.743  7.661  1.328 0.0000000000
59417  28.088  7.121  2.031 0.0000000000
59403  29.653  7.191  3.323 0.0000000000
59402  30.712  7.035  3.365 0.0000000000
44442  28.854  -9.880  11.125 0.0000000000
46334  29.107  -8.176  9.149 0.0000000000
48878  34.060  -5.583  7.265 0.0000000000
47268  34.203  -7.325  7.810 0.0000000000
57854  28.305  4.408  2.225 0.0000000000
58663  28.031  5.208  2.087 0.0000000000
50743  30.661  -3.842  6.239 0.0000000000
49823  31.096  -4.087  6.933 0.0000000000
49822  32.055  -3.779  7.149 0.0000000000
40901  25.524  -14.597  13.287 0.0000000000
98758  26.586  -14.123  13.494 0.0000000000
41866  30.344  -13.414  12.521 0.0000000000
53534  30.017  -1.343  1.471 0.0000000000
53533  30.932  -1.713  1.525 0.0000000000
57836  31.930  4.654  4.262 0.0000000000
57001  32.493  3.979  4.267 0.0000000000
60361  26.055  6.966  -2.669 0.0000000000
62158  29.545  9.815  0.478 0.0000000000
61304  30.786  9.100  0.354 0.0000000000
45313  33.475  -9.927  9.250 0.0000000000
45300  33.024  -9.712  10.238 0.0000000000
44430  27.589  -10.619  11.351 0.0000000000
56157  29.543  2.890  3.327 0.0000000000
58645  30.484  5.545  4.201 0.0000000000
61324  24.661  8.125  -3.700 0.0000000000
48116  28.896  -6.289  6.971 0.0000000000
48883  29.504  -5.735  7.263 0.0000000000
48869  32.243  -5.475  8.644 0.0000000000
48870  31.390  -5.671  8.705 0.0000000000
48091  32.744  -6.259  9.043 0.0000000000
48081  33.166  -7.124  9.235 0.0000000000
48090  33.513  -6.665  8.523 0.0000000000
41839  28.036  -13.358  13.304 0.0000000000
51682  33.516  -2.354  3.810 0.0000000000
50750  34.169  -3.130  5.219 0.0000000000
51681  34.507  -2.567  4.136 0.0000000000
109928  29.587  -4.312  4.839 0.0000000000
51724  30.458  -2.796  1.935 0.0000000000
51703  30.256  -3.163  2.821 0.0000000000
51685  30.831  -2.962  3.709 0.0000000000
51701  32.163  -2.484  2.291 0.0000000000
53531  32.639  -1.819  1.301 0.0000000000
52628  33.172  -2.064  1.078 0.0000000000
53530  33.477  -1.823  1.189 0.0000000000
53510  33.886  -1.007  2.201 0.0000000000
94953  31.042  0.767  3.530 0.0000000000
55276  31.867  1.225  4.136 0.0000000000
55261  32.809  1.349  4.299 0.0000000000
54416  34.432  0.101  3.358 0.0000000000
59429  26.776  6.277  -1.061 0.0000000000
59438  26.641  5.352  -1.523 0.0000000000
59428  27.119  5.911  -0.323 0.0000000000
62977  28.526  10.629  -0.706 0.0000000000
62993  28.622  10.935  -1.447 0.0000000000
62160  27.801  9.536  0.373 0.0000000000
61273  28.768  8.843  1.684 0.0000000000
61274  28.105  8.424  1.410 0.0000000000
60328  28.458  8.089  2.031 0.0000000000
60313  28.909  7.627  2.699 0.0000000000
61286  30.991  8.307  1.546 0.0000000000
60311  30.410  7.730  2.834 0.0000000000
60326  30.864  7.944  2.225 0.0000000000
60310  31.218  7.375  2.628 0.0000000000
98928  28.423  -9.646  10.379 0.0000000000
48094  29.554  -6.812  8.493 0.0000000000
47260  28.854  -7.607  8.416 0.0000000000
47254  29.687  -7.469  9.154 0.0000000000
96861  31.850  -10.129  11.212 0.0000000000
45302  31.193  -9.336  10.875 0.0000000000
44441  30.794  -9.978  11.269 0.0000000000
44426  31.382  -10.904  11.470 0.0000000000
107454  34.375  -4.678  6.321 0.0000000000
48892  33.744  -4.782  6.986 0.0000000000
48891  34.656  -5.540  6.592 0.0000000000
57018  28.548  3.632  2.313 0.0000000000
57853  28.921  4.525  3.287 0.0000000000
103504  29.241  6.224  3.492 0.0000000000
49803  29.993  -5.081  7.099 0.0000000000
49802  30.732  -4.696  7.411 0.0000000000
49801  31.703  -4.425  7.665 0.0000000000
101567  32.774  -5.143  8.165 0.0000000000
102383  28.944  -12.591  12.816 0.0000000000
96158  29.210  -14.335  13.052 0.0000000000
40913  29.720  -14.826  12.395 0.0000000000
40926  29.672  -15.462  11.435 0.0000000000
51720  34.992  -2.175  1.321 0.0000000000
94047  35.251  -2.422  2.965 0.0000000000
106147  31.153  -2.417  1.620 0.0000000000
51723  31.854  -2.310  1.518 0.0000000000
52630  31.524  -2.133  1.386 0.0000000000
53532  31.787  -1.813  1.399 0.0000000000
53512  31.964  -0.880  2.415 0.0000000000
56148  31.312  3.045  4.524 0.0000000000
95492  31.961  2.285  4.565 0.0000000000
94451  32.293  3.218  4.491 0.0000000000
60352  26.615  7.130  -1.192 0.0000000000
62976  29.354  10.542  -0.881 0.0000000000
62961  29.055  10.336  -0.024 0.0000000000
62159  28.683  9.716  0.677 0.0000000000
62149  29.335  9.347  1.279 0.0000000000
61272  29.509  8.836  1.841 0.0000000000
62148  29.947  9.018  1.533 0.0000000000
61287  30.506  8.835  1.252 0.0000000000
47252  31.670  -7.504  10.000 0.0000000000
46323  30.985  -8.031  10.221 0.0000000000
46310  32.620  -8.889  10.379 0.0000000000
98380  32.650  -10.332  10.695 0.0000000000
42722  26.431  -12.884  13.378 0.0000000000
42740  26.728  -12.252  12.969 0.0000000000
110221  27.635  -11.527  12.384 0.0000000000
43630  28.380  -11.838  12.553 0.0000000000
43646  28.908  -11.187  12.071 0.0000000000
54420  29.898  0.323  2.312 0.0000000000
108895  30.559  0.301  2.828 0.0000000000
107032  30.345  2.938  4.104 0.0000000000
110635  29.936  3.698  4.052 0.0000000000
57003  30.778  3.936  4.404 0.0000000000
57837  31.002  4.797  4.420 0.0000000000
58644  31.466  5.443  4.065 0.0000000000
60373  24.887  7.210  -3.527 0.0000000000
62179  25.539  9.256  -2.419 0.0000000000
47269  28.881  -7.011  7.896 0.0000000000
111818  30.137  -6.455  8.701 0.0000000000
48882  30.354  -5.354  7.806 0.0000000000
48093  30.784  -6.184  8.879 0.0000000000
48083  31.238  -6.778  9.463 0.0000000000
47251  32.718  -7.636  9.812 0.0000000000
46322  33.069  -8.438  9.919 0.0000000000
46321  33.559  -8.987  9.179 0.0000000000
50752  32.623  -2.841  5.676 0.0000000000
50741  32.341  -3.300  6.425 0.0000000000
50751  33.389  -2.954  5.477 0.0000000000
49839  34.552  -4.051  5.693 0.0000000000
50765  35.632  -2.952  4.070 0.0000000000
49838  35.688  -4.436  5.294 0.0000000000
48904  36.164  -5.371  5.543 0.0000000000
49841  29.371  -4.830  5.430 0.0000000000
49840  30.089  -4.112  5.555 0.0000000000
50754  30.819  -3.366  5.517 0.0000000000
50766  30.104  -3.470  3.877 0.0000000000
96225  30.617  -3.251  4.576 0.0000000000
51672  31.304  -2.818  4.784 0.0000000000
51671  32.147  -2.517  4.879 0.0000000000
51683  32.599  -2.341  3.779 0.0000000000
51722  32.722  -2.224  1.332 0.0000000000
51721  33.570  -2.172  1.185 0.0000000000
112446  34.227  -2.122  1.089 0.0000000000
52626  34.757  -1.996  1.088 0.0000000000
54419  31.124  -0.215  2.789 0.0000000000
54417  32.577  0.216  3.504 0.0000000000
99732  33.438  -0.191  3.215 0.0000000000
102798  27.747  5.973  1.660 0.0000000000
62979  26.486  9.881  -1.217 0.0000000000
62171  26.367  9.116  -1.072 0.0000000000
61290  26.899  7.995  -0.141 0.0000000000
61288  28.049  9.053  0.987 0.0000000000
61289  27.474  8.249  0.727 0.0000000000
59404  28.522  6.441  2.779 0.0000000000
60312  29.682  7.931  2.743 0.0000000000
59390  30.136  6.366  3.751 0.0000000000
59401  31.566  6.677  3.061 0.0000000000
44443  28.016  -10.104  10.823 0.0000000000
43645  29.892  -11.423  11.986 0.0000000000
46324  28.591  -8.686  9.196 0.0000000000
101140  29.965  -8.172  9.829 0.0000000000
46313  29.805  -8.807  10.265 0.0000000000
45304  29.223  -9.300  10.460 0.0000000000
104498  29.759  -9.851  11.200 0.0000000000
44427  30.312  -10.713  11.574 0.0000000000
49821  32.997  -3.894  6.863 0.0000000000
48103  33.929  -6.227  7.747 0.0000000000
48102  34.501  -6.171  7.098 0.0000000000
47259  33.781  -7.683  8.491 0.0000000000
39060  29.849  -17.087  10.160 0.0000000000
41855  29.834  -13.863  12.837 0.0000000000
41856  28.944  -13.422  13.128 0.0000000000
42721  27.316  -12.869  13.272 0.0000000000
43629  29.408  -12.050  12.472 0.0000000000
43632  26.205  -11.721  12.590 0.0000000000
43644  30.946  -11.690  11.810 0.0000000000
43655  32.334  -11.059  11.149 0.0000000000
44428  29.322  -10.540  11.598 0.0000000000
45301  32.209  -9.457  10.778 0.0000000000
45305  27.637  -9.868  9.878 0.0000000000
45314  29.169  -8.719  9.756 0.0000000000
45327  33.833  -9.725  8.204 0.0000000000
46309  33.239  -9.171  9.887 0.0000000000
46312  30.592  -8.685  10.445 0.0000000000
46347  34.318  -8.413  7.705 0.0000000000
47267  34.647  -7.005  7.185 0.0000000000
48082  32.269  -6.834  9.570 0.0000000000
48084  30.294  -6.823  9.113 0.0000000000
48104  29.226  -6.448  7.690 0.0000000000
48871  30.744  -5.634  8.411 0.0000000000
48879  33.423  -5.305  7.740 0.0000000000
48880  32.202  -4.849  8.147 0.0000000000
49855  29.032  -4.658  4.439 0.0000000000
50739  33.790  -3.516  5.799 0.0000000000
50740  33.171  -3.357  6.179 0.0000000000
50742  31.437  -3.470  6.410 0.0000000000
51669  33.683  -2.633  4.778 0.0000000000
99984  26.775  -13.415  13.466 0.0000000000
108193  28.027  -11.065  12.036 0.0000000000
110479  31.381  4.351  4.417 0.0000000000
111132  31.633  -8.048  10.316 0.0000000000
