#!ascii label  , from subject sub-fsm14pu vox2ras=TkReg
2166
12326  -40.996  -76.817  -4.242 0.1000000015
11367  -41.640  -77.449  -4.819 0.1000000015
9651  -40.612  -79.611  -4.200 0.1000000015
10489  -42.034  -78.214  -5.206 0.1000000015
128278  -42.121  -79.003  -5.190 0.1000000015
11387  -42.857  -77.705  -6.193 0.1000000015
9663  -42.746  -80.086  -5.847 0.1000000015
11388  -43.353  -77.733  -6.971 0.1000000015
10505  -43.356  -78.481  -7.530 0.1000000015
126208  -43.105  -79.294  -7.218 0.1000000015
10519  -43.095  -79.133  -8.330 0.1000000015
11419  -43.437  -77.727  -8.680 0.1000000015
10537  -43.063  -78.479  -9.093 0.1000000015
126885  -42.631  -79.856  -8.735 0.1000000015
11436  -43.050  -77.758  -9.608 0.1000000015
12394  -42.609  -76.098  -10.685 0.1000000015
10536  -42.527  -79.290  -9.479 0.1000000015
127580  -42.212  -78.264  -10.159 0.1000000015
10553  -42.199  -78.962  -10.056 0.1000000015
14201  -42.659  -74.370  -4.448 0.1000000015
12327  -41.668  -76.416  -4.668 0.1000000015
13289  -42.296  -75.131  -4.749 0.1000000015
11368  -42.131  -76.858  -5.173 0.1000000015
14202  -43.192  -74.215  -5.124 0.1000000015
14208  -42.891  -75.050  -5.423 0.1000000015
12331  -42.654  -76.850  -5.758 0.1000000015
12332  -43.047  -76.039  -6.017 0.1000000015
12342  -43.232  -76.914  -6.501 0.1000000015
12343  -43.662  -76.143  -6.809 0.1000000015
137353  -43.650  -76.944  -7.328 0.1000000015
12369  -43.477  -76.982  -9.094 0.1000000015
15189  -40.950  -73.484  -9.233 0.1000000015
136702  -41.791  -73.278  -11.263 0.1000000015
136771  -42.439  -73.281  -11.440 0.1000000015
15216  -42.491  -73.530  -11.681 0.1000000015
13343  -42.328  -74.553  -11.939 0.1000000015
13335  -42.862  -74.939  -11.089 0.1000000015
13336  -43.201  -75.755  -10.220 0.1000000015
12382  -43.021  -76.874  -10.036 0.1000000015
11451  -42.465  -76.934  -10.366 0.1000000015
11435  -42.589  -77.680  -10.114 0.1000000015
15075  -43.742  -73.261  -2.048 0.1000000015
16062  -44.812  -72.538  -3.351 0.2000000030
15091  -44.033  -72.910  -2.880 0.2000000030
15111  -42.863  -73.750  -3.595 0.1000000015
122905  -45.088  -72.449  -4.273 0.1000000015
15127  -44.089  -73.253  -4.911 0.1000000015
15112  -43.510  -73.292  -3.505 0.1000000015
16081  -44.730  -72.809  -4.983 0.1000000015
16960  -40.830  -71.016  -1.701 0.1000000015
16985  -41.020  -71.826  -3.134 0.1000000015
140271  -44.576  -73.306  -5.808 0.1000000015
15138  -44.206  -73.933  -6.267 0.1000000015
13295  -43.565  -75.301  -6.322 0.1000000015
16060  -40.319  -72.451  -3.601 0.1000000015
16061  -41.246  -72.237  -4.065 0.1000000015
16097  -42.186  -72.192  -5.686 0.1000000015
17031  -42.931  -71.736  -6.160 0.1000000015
16113  -42.322  -72.270  -6.606 0.1000000015
145396  -44.717  -73.586  -6.495 0.1000000015
14222  -44.473  -74.752  -7.326 0.1000000015
12355  -43.769  -76.977  -8.176 0.1000000015
16080  -41.510  -72.445  -5.033 0.1000000015
16096  -41.450  -72.751  -6.066 0.1000000015
16112  -41.709  -72.764  -7.055 0.1000000015
16130  -42.488  -72.254  -7.654 0.1000000015
16144  -42.682  -72.323  -8.852 0.1000000015
17062  -44.470  -71.456  -8.933 0.1000000015
16159  -44.006  -72.264  -10.198 0.1000000015
13303  -44.426  -75.187  -7.757 0.1000000015
122920  -43.889  -76.228  -8.564 0.1000000015
15166  -41.238  -73.187  -7.465 0.1000000015
16143  -41.875  -72.803  -8.771 0.1000000015
16145  -43.814  -71.883  -9.499 0.1000000015
143734  -44.146  -73.655  -10.113 0.1000000015
126796  -43.555  -74.711  -10.240 0.1000000015
16157  -42.302  -72.692  -9.653 0.1000000015
15202  -42.643  -72.856  -10.743 0.1000000015
16171  -43.391  -72.717  -10.613 0.1000000015
14274  -43.385  -73.861  -10.943 0.1000000015
13327  -43.676  -75.373  -9.612 0.1000000015
16038  -45.562  -72.488  -2.846 0.1000000015
16037  -44.754  -72.709  -2.632 0.2000000030
14177  -45.127  -74.033  -1.006 0.2000000030
15059  -44.162  -73.961  -0.817 0.2000000030
16063  -46.346  -72.094  -3.581 0.1000000015
16082  -46.184  -72.081  -4.649 0.1000000015
17836  -40.046  -69.938  -0.810 0.1000000015
16959  -39.950  -71.052  -1.717 0.1000000015
139776  -45.459  -72.487  -5.080 0.1000000015
15153  -45.378  -73.178  -6.829 0.1000000015
124112  -46.249  -72.497  -6.750 0.1000000015
129817  -41.792  -71.698  -3.753 0.1000000015
17001  -42.131  -71.822  -4.537 0.1000000015
17017  -42.645  -71.700  -5.281 0.1000000015
15152  -44.752  -73.977  -7.096 0.1000000015
17018  -43.578  -71.211  -5.603 0.1000000015
17049  -44.130  -71.311  -7.878 0.1000000015
17050  -45.156  -71.020  -8.453 0.1000000015
16161  -45.437  -71.887  -9.377 0.1000000015
142791  -45.039  -73.759  -8.638 0.1000000015
14236  -44.848  -74.339  -7.837 0.1000000015
14248  -44.119  -74.682  -9.424 0.1000000015
129582  -43.546  -76.148  -9.410 0.1000000015
16023  -48.921  -72.733  -1.924 0.1000000015
15096  -48.378  -73.126  -1.888 0.1000000015
16041  -48.467  -72.472  -2.476 0.1000000015
16040  -47.588  -72.505  -2.719 0.1000000015
15094  -47.017  -73.072  -2.147 0.1000000015
127676  -46.522  -73.653  -1.647 0.2000000030
15093  -46.043  -72.861  -2.097 0.2000000030
14178  -46.098  -74.277  -1.217 0.2000000030
14164  -45.745  -74.922  -0.799 0.2000000030
16988  -47.247  -71.755  -4.348 0.1000000015
16065  -48.320  -71.846  -3.287 0.1000000015
16100  -46.850  -71.965  -5.636 0.1000000015
17851  -40.397  -70.490  -1.175 0.1000000015
17866  -42.370  -70.755  -2.349 0.1000000015
17867  -43.375  -70.371  -2.587 0.1000000015
130396  -46.997  -71.935  -6.528 0.1000000015
18714  -39.639  -69.365  -0.963 0.1000000015
18696  -40.340  -68.779  -0.178 0.1000000015
16971  -41.380  -71.255  -2.372 0.1000000015
16972  -42.003  -71.306  -3.109 0.1000000015
17002  -43.015  -71.306  -4.656 0.1000000015
17896  -43.845  -70.812  -4.764 0.1000000015
17909  -44.979  -70.482  -5.857 0.1000000015
17911  -46.532  -70.117  -6.466 0.1000000015
17937  -46.967  -70.588  -7.933 0.1000000015
17052  -47.212  -71.040  -8.025 0.1000000015
16114  -46.206  -72.567  -7.712 0.1000000015
20475  -39.817  -68.160  -0.767 0.1000000015
17032  -43.825  -71.275  -6.747 0.1000000015
17921  -45.377  -70.534  -7.029 0.1000000015
142414  -45.935  -71.031  -8.764 0.1000000015
142022  -46.486  -71.658  -8.461 0.1000000015
16132  -46.019  -72.489  -8.478 0.1000000015
136074  -40.220  -67.212  -1.130 0.1000000015
21364  -40.952  -66.150  -0.997 0.1000000015
21376  -41.289  -66.163  -1.962 0.1000000015
144028  -41.540  -65.689  -1.327 0.1000000015
16961  -50.254  -71.166  -1.663 0.1000000015
16042  -49.152  -72.081  -2.386 0.1000000015
17855  -50.831  -70.163  -1.265 0.1000000015
16973  -49.685  -71.154  -2.492 0.1000000015
15079  -48.672  -73.304  -1.532 0.1000000015
15078  -47.327  -73.808  -1.622 0.1000000015
14180  -47.466  -74.458  -1.123 0.2000000030
17869  -49.785  -70.110  -2.810 0.1000000015
16066  -49.063  -71.562  -3.017 0.1000000015
14179  -46.860  -74.464  -1.268 0.2000000030
18744  -49.924  -69.423  -2.123 0.1000000015
16991  -49.415  -70.581  -3.372 0.1000000015
20459  -41.263  -67.186  1.174 0.1000000015
19621  -40.669  -68.360  0.260 0.1000000015
18697  -40.953  -69.122  0.035 0.1000000015
18716  -41.552  -69.484  -0.287 0.1000000015
17838  -41.833  -69.933  -0.815 0.1000000015
125399  -42.179  -70.345  -1.517 0.1000000015
17853  -43.070  -70.147  -1.810 0.1000000015
18743  -49.291  -69.295  -2.097 0.1000000015
18785  -49.163  -69.699  -3.692 0.1000000015
16990  -48.998  -71.022  -3.911 0.1000000015
17004  -48.095  -71.349  -5.268 0.1000000015
17837  -40.842  -69.880  -0.601 0.1000000015
17868  -44.226  -70.061  -2.791 0.1000000015
18780  -45.073  -69.773  -3.126 0.1000000015
17883  -45.016  -70.046  -4.026 0.1000000015
18806  -48.273  -69.912  -5.521 0.1000000015
138997  -48.327  -70.203  -5.745 0.1000000015
17019  -47.576  -71.558  -6.038 0.1000000015
21339  -41.529  -66.632  1.438 0.1000000015
17882  -43.745  -70.485  -3.340 0.1000000015
121744  -44.191  -70.478  -4.061 0.1000000015
18781  -45.829  -69.683  -3.899 0.1000000015
18794  -46.813  -69.840  -5.608 0.1000000015
18805  -47.739  -69.893  -6.013 0.1000000015
17035  -47.870  -70.536  -6.650 0.1000000015
17020  -48.127  -71.038  -6.212 0.1000000015
134558  -40.738  -67.180  0.634 0.1000000015
20476  -40.167  -67.523  -0.535 0.1000000015
22287  -41.324  -65.692  0.373 0.1000000015
21352  -40.793  -66.215  -0.123 0.1000000015
22293  -41.396  -65.609  -0.545 0.1000000015
23226  -43.152  -64.697  -1.277 0.1000000015
22295  -42.871  -65.097  -2.038 0.1000000015
15080  -49.354  -72.950  -1.271 0.1000000015
18745  -50.613  -69.307  -1.250 0.1000000015
144996  -51.096  -69.545  -0.873 0.1000000015
16011  -50.966  -71.934  -0.299 0.1000000015
15060  -48.704  -73.720  -1.005 0.1000000015
134881  -49.878  -69.009  -1.224 0.1000000015
18724  -50.587  -68.812  -0.329 0.1000000015
15061  -49.479  -73.489  -0.484 0.1000000015
14167  -48.085  -74.404  -0.837 0.1000000015
128088  -48.925  -69.053  -1.187 0.1000000015
14166  -47.536  -74.955  -0.661 0.2000000030
19611  -41.721  -67.775  1.280 0.1000000015
18717  -42.394  -69.425  -0.366 0.1000000015
18718  -43.399  -69.316  -0.420 0.1000000015
18741  -47.307  -69.402  -2.036 0.1000000015
127060  -48.627  -69.503  -3.641 0.1000000015
13269  -48.037  -75.059  -0.200 0.1000000015
13268  -47.301  -75.668  -0.346 0.2000000030
19623  -42.489  -68.475  0.979 0.1000000015
18759  -43.936  -69.863  -2.044 0.1000000015
142191  -45.417  -69.574  -2.440 0.1000000015
18761  -45.988  -69.514  -3.063 0.1000000015
18762  -46.998  -69.432  -2.968 0.1000000015
18795  -47.658  -69.624  -4.952 0.1000000015
22283  -42.224  -65.518  1.711 0.1000000015
22285  -41.961  -65.241  0.847 0.1000000015
23214  -42.560  -64.732  0.399 0.1000000015
137874  -43.193  -64.444  0.064 0.1000000015
23219  -42.734  -64.685  -0.454 0.1000000015
23220  -43.575  -64.408  -0.601 0.1000000015
138600  -43.907  -64.470  -1.314 0.1000000015
18704  -50.247  -68.772  0.763 0.1000000015
17821  -51.121  -69.010  1.175 0.1000000015
17822  -51.810  -69.234  1.022 0.1000000015
18703  -48.969  -68.920  0.660 0.1000000015
18725  -51.258  -69.101  -0.417 0.1000000015
16949  -52.041  -70.049  0.571 0.1000000015
139378  -50.060  -72.736  -0.632 0.1000000015
18723  -49.556  -68.808  -0.255 0.1000000015
16936  -51.873  -71.210  0.509 0.1000000015
142544  -46.664  -69.262  -1.146 0.1000000015
18722  -48.361  -68.996  -0.242 0.1000000015
15062  -50.572  -72.942  0.170 0.1000000015
20460  -42.064  -67.147  1.895 0.1000000015
19612  -42.596  -67.921  1.925 0.1000000015
19613  -43.353  -68.564  1.830 0.1000000015
122221  -42.883  -69.015  0.214 0.1000000015
124760  -44.052  -69.088  0.115 0.1000000015
18739  -44.522  -69.509  -1.473 0.1000000015
124286  -45.150  -69.266  -0.866 0.1000000015
145297  -45.827  -69.321  -1.202 0.1000000015
122195  -47.787  -69.177  -1.144 0.1000000015
14153  -49.659  -74.053  0.356 0.1000000015
14168  -48.759  -74.267  -0.360 0.1000000015
21333  -42.809  -66.777  2.644 0.1000000015
18738  -43.678  -69.612  -1.269 0.1000000015
18760  -44.734  -69.688  -2.263 0.1000000015
13254  -48.347  -75.405  0.568 0.1000000015
22277  -42.751  -65.917  2.499 0.1000000015
23200  -42.985  -65.121  2.159 0.1000000015
23209  -42.651  -64.862  1.286 0.1000000015
23210  -43.422  -64.624  1.661 0.1000000015
23212  -45.820  -64.197  2.272 0.1000000015
23216  -44.785  -64.002  0.888 0.1000000015
24144  -46.721  -63.622  0.773 0.1000000015
17810  -49.050  -69.849  1.698 0.1000000015
17811  -50.321  -69.359  1.543 0.1000000015
17812  -51.434  -69.588  1.597 0.1000000015
17823  -52.096  -70.001  1.529 0.1000000015
18688  -48.384  -69.432  1.253 0.1000000015
17809  -47.788  -70.108  1.783 0.1000000015
16937  -52.260  -70.635  1.260 0.1000000015
16000  -51.511  -72.101  0.486 0.1000000015
18721  -47.172  -69.144  -0.253 0.1000000015
18687  -47.275  -69.614  1.333 0.1000000015
15990  -52.244  -71.549  1.340 0.1000000015
20451  -43.692  -67.288  3.590 0.1000000015
145553  -43.502  -69.047  0.166 0.1000000015
18720  -45.995  -69.217  -0.278 0.1000000015
18701  -46.681  -69.312  0.640 0.1000000015
15048  -51.583  -72.510  0.939 0.1000000015
127645  -43.556  -66.485  3.194 0.1000000015
19601  -43.093  -67.560  2.673 0.1000000015
137639  -43.369  -68.182  2.551 0.1000000015
18699  -43.569  -68.879  0.810 0.1000000015
18700  -44.373  -69.106  0.745 0.1000000015
123708  -44.952  -69.148  0.126 0.1000000015
14145  -50.110  -74.362  1.310 0.1000000015
21329  -44.406  -66.331  3.854 0.1000000015
22259  -45.587  -64.921  4.093 0.1000000015
22268  -45.084  -65.535  4.036 0.1000000015
23191  -45.649  -64.927  3.799 0.1000000015
23202  -45.103  -64.640  2.729 0.1000000015
23203  -46.184  -64.466  3.271 0.1000000015
23204  -46.794  -63.995  2.758 0.1000000015
23193  -46.647  -64.146  3.579 0.1000000015
17799  -46.174  -71.021  2.188 0.1000000015
16918  -47.145  -70.970  2.001 0.1000000015
16919  -48.193  -70.936  1.819 0.1000000015
15989  -50.713  -71.217  2.235 0.1000000015
144851  -45.518  -71.443  2.325 0.1000000015
16922  -51.886  -70.473  2.083 0.1000000015
132265  -44.957  -69.519  2.022 0.1000000015
18685  -45.580  -69.662  1.907 0.1000000015
17808  -46.809  -70.213  1.940 0.1000000015
16908  -52.314  -71.195  2.290 0.1000000015
127352  -43.961  -66.961  4.066 0.1000000015
20443  -43.641  -67.834  3.871 0.1000000015
19602  -43.938  -68.859  2.753 0.1000000015
125159  -44.981  -69.306  1.167 0.1000000015
135400  -45.720  -69.337  0.804 0.1000000015
15036  -52.287  -72.378  1.822 0.1000000015
140395  -44.139  -66.412  4.303 0.1000000015
15047  -50.960  -73.357  1.053 0.1000000015
21321  -44.552  -66.048  4.098 0.1000000015
22258  -45.026  -65.444  4.189 0.1000000015
23182  -45.060  -64.848  4.476 0.1000000015
24102  -45.016  -63.671  4.620 0.1000000015
23183  -46.032  -64.217  4.258 0.1000000015
146079  -45.054  -62.743  4.468 0.1000000015
26114  -44.636  -61.934  4.370 0.1000000015
24125  -46.960  -63.681  3.362 0.1000000015
15987  -48.482  -72.065  1.561 0.1000000015
16920  -49.486  -71.064  1.788 0.1000000015
15972  -49.688  -72.251  2.135 0.1000000015
15973  -50.826  -71.803  2.670 0.1000000015
20429  -42.552  -68.069  4.486 0.1000000015
18673  -43.980  -69.374  3.250 0.1000000015
18674  -44.463  -70.026  2.987 0.1000000015
17798  -45.474  -70.710  2.435 0.1000000015
22256  -43.604  -66.166  4.659 0.1000000015
21320  -43.623  -66.930  4.432 0.1000000015
21319  -42.751  -67.362  4.647 0.1000000015
19582  -43.454  -68.334  3.936 0.1000000015
19592  -43.633  -68.568  3.523 0.1000000015
18684  -44.271  -69.122  1.696 0.1000000015
122815  -52.483  -71.464  2.100 0.1000000015
22246  -43.556  -65.422  4.840 0.1000000015
23170  -44.039  -64.863  4.826 0.1000000015
24088  -42.365  -63.736  5.231 0.1000000015
141841  -44.346  -64.199  4.804 0.1000000015
130042  -42.905  -63.061  5.063 0.1000000015
24101  -43.886  -63.303  4.842 0.1000000015
25068  -42.500  -62.193  5.234 0.1000000015
26113  -43.856  -61.639  4.709 0.1000000015
16906  -45.672  -72.070  2.211 0.1000000015
15986  -47.415  -71.979  1.665 0.1000000015
15970  -47.687  -72.666  1.905 0.1000000015
15971  -48.691  -72.549  1.874 0.1000000015
15024  -48.082  -73.195  2.468 0.1000000015
16905  -44.890  -71.752  2.520 0.1000000015
18675  -45.108  -69.996  2.607 0.1000000015
22245  -42.386  -65.553  5.031 0.1000000015
21311  -42.667  -66.585  4.813 0.1000000015
23169  -42.888  -64.656  5.085 0.1000000015
134349  -41.375  -62.864  5.578 0.1000000015
26101  -43.052  -61.442  5.132 0.1000000015
27102  -43.079  -59.994  5.130 0.1000000015
16907  -46.546  -71.815  1.893 0.1000000015
15023  -47.073  -73.266  2.584 0.1000000015
16890  -44.027  -71.692  2.853 0.1000000015
131972  -41.629  -67.060  4.895 0.1000000015
20428  -41.801  -67.697  4.721 0.1000000015
19581  -43.088  -68.388  4.246 0.1000000015
18656  -43.092  -69.009  4.045 0.1000000015
17787  -43.896  -70.847  3.017 0.1000000015
23168  -41.591  -64.450  5.353 0.1000000015
24087  -41.484  -63.484  5.472 0.1000000015
25067  -41.655  -62.251  5.552 0.1000000015
26100  -42.021  -61.246  5.541 0.1000000015
27090  -42.378  -60.154  5.509 0.1000000015
28064  -41.895  -59.494  5.784 0.1000000015
15952  -44.308  -72.351  2.918 0.1000000015
17785  -42.469  -70.651  3.765 0.1000000015
16889  -43.310  -71.564  3.286 0.1000000015
15951  -43.604  -72.187  3.353 0.1000000015
132545  -41.429  -66.227  5.100 0.1000000015
21310  -40.535  -66.871  5.435 0.1000000015
19564  -41.453  -68.343  4.720 0.1000000015
19580  -42.100  -68.922  4.336 0.1000000015
18655  -42.262  -69.812  4.010 0.1000000015
22244  -41.042  -65.376  5.374 0.1000000015
26088  -41.077  -61.158  6.113 0.1000000015
27073  -40.790  -60.481  6.529 0.1000000015
28033  -40.379  -59.864  7.128 0.1000000015
28047  -41.194  -59.639  6.413 0.1000000015
17775  -41.818  -70.529  4.295 0.1000000015
20418  -40.942  -67.723  5.080 0.1000000015
134767  -41.181  -69.071  4.743 0.1000000015
18654  -41.470  -69.762  4.507 0.1000000015
127466  -40.508  -64.645  5.743 0.1000000015
24086  -40.922  -63.183  5.703 0.1000000015
25066  -40.842  -62.530  5.892 0.1000000015
26070  -40.165  -60.675  7.032 0.1000000015
28032  -39.705  -59.792  7.957 0.1000000015
22243  -40.177  -65.444  5.842 0.1000000015
23167  -40.760  -63.829  5.708 0.1000000015
24074  -39.706  -63.365  6.708 0.1000000015
25055  -40.070  -62.592  6.488 0.1000000015
26087  -40.340  -61.222  6.683 0.1000000015
27056  -39.738  -60.574  7.650 0.1000000015
28020  -39.268  -59.744  8.809 0.1000000015
27032  -39.154  -60.509  9.418 0.1000000015
134409  -39.476  -64.182  6.897 0.1000000015
25054  -39.555  -62.670  7.205 0.1000000015
26054  -39.397  -61.286  8.097 0.1000000015
133220  -39.340  -61.998  8.523 0.1000000015
10479  -41.486  -78.453  -4.772 0.1000000015
9652  -41.564  -79.501  -4.646 0.1000000015
11375  -42.329  -77.609  -5.475 0.1000000015
10490  -42.569  -78.549  -5.790 0.1000000015
10504  -43.051  -78.526  -6.644 0.1000000015
124821  -42.845  -79.361  -6.312 0.1000000015
125784  -43.410  -73.610  -4.419 0.1000000015
128113  -42.328  -75.968  -5.198 0.1000000015
14209  -43.585  -74.475  -5.882 0.1000000015
14221  -44.137  -74.672  -6.690 0.1000000015
13312  -44.042  -76.096  -7.708 0.1000000015
15190  -41.725  -73.121  -10.063 0.1000000015
15215  -42.006  -73.560  -12.162 0.1000000015
15217  -43.046  -73.371  -11.269 0.1000000015
14287  -42.058  -73.942  -12.479 0.1000000015
15090  -43.220  -73.410  -2.750 0.1000000015
15113  -44.169  -72.897  -4.022 0.1000000015
15092  -44.395  -72.986  -2.202 0.2000000030
15126  -43.780  -73.759  -5.407 0.1000000015
17865  -41.618  -70.811  -1.818 0.1000000015
16986  -42.542  -71.330  -3.872 0.1000000015
17048  -43.153  -71.749  -7.215 0.1000000015
16158  -43.214  -72.405  -10.026 0.1000000015
17063  -45.379  -71.419  -9.111 0.1000000015
15204  -43.748  -72.905  -10.610 0.1000000015
16160  -44.633  -72.369  -9.845 0.1000000015
14249  -44.514  -74.742  -8.516 0.1000000015
15191  -44.919  -73.070  -9.599 0.1000000015
16039  -46.606  -72.463  -2.798 0.1000000015
16022  -45.107  -72.891  -2.093 0.2000000030
15077  -45.542  -73.427  -1.555 0.2000000030
16064  -47.364  -71.994  -3.470 0.1000000015
16099  -46.168  -72.328  -5.745 0.1000000015
15167  -45.499  -73.365  -7.926 0.1000000015
17908  -44.322  -70.720  -5.481 0.1000000015
17033  -44.820  -70.842  -7.471 0.1000000015
17936  -45.995  -70.625  -8.129 0.1000000015
15178  -45.556  -72.836  -8.923 0.1000000015
16989  -48.266  -71.466  -4.203 0.1000000015
17881  -42.903  -70.872  -3.206 0.1000000015
16115  -46.905  -71.797  -7.528 0.1000000015
19635  -40.123  -68.184  -0.237 0.1000000015
17897  -44.805  -70.388  -4.915 0.1000000015
17910  -45.749  -70.199  -5.656 0.1000000015
129289  -45.645  -70.356  -6.439 0.1000000015
17923  -47.166  -70.278  -7.121 0.1000000015
20487  -40.232  -67.305  -1.806 0.1000000015
16962  -50.905  -71.053  -0.898 0.1000000015
16025  -50.165  -72.067  -1.142 0.1000000015
17886  -49.480  -69.987  -3.479 0.1000000015
14165  -46.954  -75.222  -0.787 0.2000000030
17885  -49.132  -70.175  -4.226 0.1000000015
18742  -48.399  -69.302  -2.072 0.1000000015
18784  -48.676  -69.743  -4.532 0.1000000015
17898  -48.637  -70.174  -5.122 0.1000000015
128147  -48.429  -70.682  -5.590 0.1000000015
127495  -46.175  -69.470  -2.063 0.1000000015
18793  -46.583  -69.697  -4.630 0.1000000015
18783  -47.842  -69.449  -3.856 0.1000000015
14152  -48.758  -74.739  0.206 0.1000000015
23211  -44.838  -64.233  1.718 0.1000000015
23217  -45.013  -63.873  0.103 0.1000000015
23201  -43.942  -64.869  2.510 0.1000000015
24143  -45.658  -63.802  0.805 0.1000000015
18686  -46.333  -69.683  1.509 0.1000000015
24103  -46.436  -63.567  4.130 0.1000000015
26123  -44.968  -61.424  3.935 0.1000000015
18664  -43.256  -69.798  3.657 0.1000000015
11205  -43.234  -76.754  11.792 0.5000000000
8748  -41.249  -80.795  6.707 0.5000000000
13158  -42.501  -75.528  12.580 0.5000000000
11221  -42.602  -76.739  10.976 0.5000000000
11234  -42.833  -77.457  10.145 0.5000000000
9573  -40.879  -79.831  6.816 0.5000000000
14032  -42.263  -74.340  13.519 0.5000000000
14036  -42.012  -74.788  12.829 0.5000000000
13165  -42.329  -76.002  11.698 0.5000000000
9558  -41.454  -79.133  7.194 0.5000000000
13157  -41.721  -75.132  12.049 0.5000000000
14031  -41.554  -74.044  12.987 0.5000000000
13164  -41.440  -75.378  11.211 0.5000000000
14035  -41.328  -74.336  12.304 0.4000000060
144395  -40.815  -74.845  10.725 0.4000000060
10413  -39.752  -78.290  5.044 0.5000000000
10418  -39.975  -78.314  4.183 0.5000000000
11274  -40.054  -77.738  4.703 0.5000000000
12218  -40.992  -76.849  3.822 0.5000000000
13231  -42.655  -75.875  3.896 0.5000000000
13230  -41.843  -75.903  4.035 0.5000000000
144049  -43.769  -75.358  4.498 0.4000000060
13207  -45.004  -75.192  5.186 0.4000000060
6208  -44.560  -82.893  6.808 0.1000000015
8749  -42.312  -81.002  6.743 0.5000000000
13159  -43.229  -75.821  13.054 0.5000000000
12161  -42.962  -76.164  12.397 0.5000000000
139524  -43.210  -77.207  11.018 0.5000000000
8730  -41.808  -80.071  7.023 0.5000000000
14025  -42.448  -73.774  14.148 0.5000000000
13149  -42.762  -75.110  13.332 0.5000000000
14896  -42.603  -73.189  14.715 0.5000000000
16763  -42.716  -71.941  15.673 0.5000000000
15814  -42.680  -72.591  15.222 0.5000000000
14895  -41.853  -72.982  14.237 0.5000000000
16762  -42.092  -71.164  15.694 0.4000000060
15829  -42.100  -72.568  14.779 0.3000000119
14903  -41.698  -73.539  13.599 0.5000000000
139941  -41.046  -73.714  12.496 0.4000000060
14040  -40.931  -74.458  11.439 0.4000000060
138194  -41.026  -72.608  13.542 0.3000000119
13171  -40.826  -75.615  9.594 0.6999999881
12184  -41.231  -76.406  9.281 0.5000000000
15813  -42.022  -71.948  15.179 0.3000000119
126818  -41.325  -72.012  14.402 0.3000000119
14910  -40.751  -73.705  11.879 0.4000000060
13167  -40.561  -74.813  9.978 0.5000000000
12183  -40.676  -75.804  8.762 0.6000000238
11251  -40.800  -76.924  7.722 0.6000000238
11257  -41.152  -77.739  7.613 0.6000000238
9572  -40.546  -79.041  6.725 0.5000000000
122045  -39.540  -79.004  5.410 0.3000000119
16780  -40.655  -71.673  13.627 0.3000000119
14906  -40.615  -73.089  12.266 0.3000000119
14928  -40.422  -73.415  10.040 0.4000000060
142609  -40.450  -74.622  8.364 0.5000000000
13186  -40.500  -75.523  7.410 0.6000000238
12199  -40.428  -76.232  6.120 0.6000000238
11261  -40.252  -77.633  6.165 0.5000000000
11265  -40.070  -77.678  5.426 0.5000000000
15839  -40.342  -72.221  12.001 0.4000000060
15843  -40.412  -72.434  11.197 0.4000000060
14060  -40.445  -74.150  8.807 0.5000000000
14073  -40.516  -74.778  7.691 0.5000000000
13195  -40.624  -75.436  6.118 0.5000000000
12206  -40.626  -76.597  4.473 0.5000000000
16785  -40.351  -71.112  12.183 0.4000000060
16817  -40.528  -71.993  10.864 0.4000000060
15876  -40.682  -72.933  9.580 0.5000000000
14960  -41.023  -73.830  7.361 0.5000000000
14086  -41.087  -74.345  6.618 0.4000000060
13206  -41.030  -75.269  5.444 0.5000000000
13218  -41.467  -75.554  4.664 0.5000000000
16818  -40.765  -71.968  10.427 0.4000000060
15877  -41.247  -72.585  9.125 0.5000000000
14971  -41.697  -73.824  6.851 0.5000000000
14087  -41.903  -74.195  6.214 0.4000000060
14116  -42.739  -74.968  4.945 0.4000000060
13219  -42.294  -75.403  4.471 0.5000000000
15887  -43.183  -72.729  8.852 0.5000000000
14088  -43.228  -73.881  6.822 0.4000000060
14103  -43.237  -74.631  5.518 0.4000000060
14104  -44.271  -74.833  5.515 0.4000000060
14950  -43.598  -73.195  8.316 0.3000000119
14963  -44.104  -73.696  7.630 0.4000000060
14089  -44.688  -74.546  6.429 0.3000000119
121757  -45.065  -74.247  7.386 0.3000000119
14090  -45.670  -74.701  6.737 0.3000000119
6190  -44.432  -83.146  7.837 0.1000000015
6996  -45.218  -82.628  8.270 0.1000000015
7014  -45.329  -82.329  7.157 0.1000000015
7032  -45.353  -81.799  6.766 0.4000000060
7918  -44.742  -81.989  6.290 0.4000000060
7917  -43.995  -81.955  6.115 0.4000000060
8750  -43.328  -81.128  6.682 0.5000000000
8751  -44.339  -81.306  6.589 0.4000000060
8732  -43.615  -80.417  7.126 0.5000000000
12162  -43.660  -76.465  12.678 0.5000000000
11206  -44.104  -77.105  12.265 0.5000000000
11235  -43.581  -77.615  10.734 0.4000000060
9559  -42.989  -79.614  7.467 0.5000000000
8731  -42.715  -80.271  7.091 0.5000000000
121616  -43.156  -73.850  14.587 0.5000000000
14026  -43.083  -74.579  14.053 0.5000000000
13150  -43.548  -75.379  13.715 0.5000000000
143431  -43.839  -72.927  15.599 0.5000000000
14882  -43.349  -73.230  15.164 0.5000000000
10389  -42.621  -78.418  8.402 0.6000000238
139900  -42.911  -71.333  16.157 0.4000000060
147073  -42.460  -70.692  16.219 0.2000000030
17634  -42.336  -69.999  16.497 0.2000000030
145854  -41.440  -70.586  15.453 0.3000000119
16771  -40.600  -70.920  14.150 0.3000000119
16779  -40.318  -70.958  13.116 0.4000000060
17633  -41.619  -69.536  16.171 0.3000000119
17652  -40.644  -69.462  14.978 0.3000000119
18541  -41.005  -69.071  15.685 0.3000000119
18550  -40.444  -68.990  14.283 0.4000000060
17674  -40.417  -70.207  12.746 0.4000000060
19473  -40.558  -68.496  13.642 0.3000000119
16798  -40.880  -71.355  10.872 0.4000000060
16819  -41.621  -71.679  10.240 0.4000000060
19482  -40.679  -68.804  13.024 0.3000000119
18579  -41.766  -69.989  11.805 0.3000000119
147150  -42.657  -71.451  10.485 0.3000000119
15886  -42.159  -72.497  8.847 0.4000000060
16800  -43.131  -71.097  10.976 0.3000000119
15861  -43.760  -72.292  9.911 0.3000000119
14951  -44.537  -73.442  8.565 0.4000000060
145023  -44.983  -73.823  8.116 0.3000000119
16801  -44.186  -71.348  11.218 0.2000000030
16821  -44.759  -71.994  10.875 0.2000000030
14930  -44.901  -73.281  9.348 0.3000000119
14964  -45.696  -74.073  8.211 0.3000000119
17708  -45.477  -70.879  11.809 0.1000000015
14915  -45.773  -73.193  10.196 0.2000000030
14952  -46.107  -73.884  8.922 0.4000000060
128970  -48.094  -69.331  12.413 0.1000000015
6997  -46.110  -82.062  7.854 0.1000000015
7015  -46.181  -81.511  7.316 0.2000000030
129409  -45.572  -80.913  6.996 0.5000000000
8733  -45.207  -81.421  6.708 0.4000000060
122971  -44.619  -80.563  7.170 0.4000000060
12163  -44.478  -76.703  13.000 0.5000000000
11222  -43.856  -77.411  11.427 0.4000000060
11236  -44.347  -78.004  10.864 0.4000000060
125712  -43.950  -78.548  9.588 0.4000000060
9536  -44.017  -79.315  8.201 0.5000000000
9560  -43.815  -79.726  7.591 0.5000000000
140353  -43.906  -74.939  14.256 0.5000000000
13151  -44.339  -75.575  13.978 0.5000000000
12145  -44.028  -76.063  13.407 0.4000000060
9535  -43.197  -79.066  8.017 0.4000000060
15798  -43.986  -72.324  16.020 0.4000000060
15816  -44.536  -72.980  15.752 0.4000000060
14897  -43.812  -73.897  14.878 0.5000000000
17636  -44.287  -70.714  16.724 0.4000000060
130845  -43.324  -71.939  15.996 0.5000000000
16749  -43.789  -71.468  16.375 0.4000000060
121913  -43.989  -69.901  17.024 0.3000000119
17635  -43.219  -70.560  16.619 0.3000000119
133267  -42.986  -69.597  16.946 0.3000000119
19439  -42.795  -68.709  17.096 0.2000000030
19437  -41.465  -68.677  16.278 0.2000000030
20270  -43.333  -67.478  17.323 0.1000000015
20285  -41.955  -67.347  16.747 0.3000000119
21192  -42.026  -66.444  16.743 0.1000000015
20284  -41.406  -67.770  16.272 0.3000000119
20301  -40.687  -67.774  15.104 0.3000000119
21191  -41.458  -66.858  16.223 0.2000000030
21207  -41.221  -66.505  15.579 0.2000000030
20312  -41.052  -66.892  14.330 0.2000000030
19483  -41.130  -68.731  12.724 0.2000000030
18568  -42.403  -69.406  12.232 0.2000000030
21225  -42.188  -66.489  13.489 0.2000000030
19485  -42.986  -68.695  12.576 0.2000000030
18580  -42.927  -70.095  11.936 0.2000000030
21234  -42.908  -66.984  13.142 0.2000000030
136063  -43.760  -68.091  12.805 0.1000000015
17707  -44.533  -70.771  11.746 0.2000000030
16802  -45.178  -71.586  11.361 0.2000000030
21236  -44.689  -66.614  12.963 0.1000000015
141888  -44.868  -69.033  12.502 0.1000000015
17688  -45.795  -70.193  12.124 0.1000000015
16803  -46.086  -71.559  11.573 0.1000000015
145288  -45.632  -67.909  12.698 0.1000000015
19487  -46.652  -68.793  12.481 0.1000000015
17689  -46.516  -70.098  12.168 0.1000000015
19488  -47.210  -68.133  12.542 0.1000000015
137926  -47.093  -69.554  12.320 0.1000000015
19490  -48.584  -68.504  12.479 0.1000000015
20341  -49.428  -67.018  12.292 0.1000000015
7900  -46.876  -81.160  7.577 0.3000000119
8715  -46.225  -80.771  7.309 0.3000000119
9523  -48.572  -79.844  9.123 0.3000000119
9522  -47.727  -79.736  8.904 0.3000000119
9538  -46.183  -80.058  7.987 0.3000000119
9561  -45.335  -80.302  7.546 0.3000000119
10362  -47.345  -78.872  10.580 0.3000000119
9508  -46.895  -79.306  9.731 0.3000000119
9520  -45.391  -79.455  8.885 0.5000000000
9537  -44.950  -79.679  8.185 0.5000000000
11190  -46.231  -77.159  13.148 0.4000000060
142954  -45.619  -78.093  11.815 0.5000000000
10360  -45.026  -78.670  10.421 0.4000000060
10391  -44.365  -79.107  8.899 0.5000000000
15817  -45.472  -72.965  15.907 0.4000000060
14027  -44.962  -74.380  14.852 0.4000000060
13133  -44.754  -75.057  14.394 0.5000000000
12146  -45.031  -76.156  13.711 0.5000000000
16751  -46.047  -71.420  16.533 0.4000000060
16750  -45.171  -71.680  16.428 0.4000000060
15799  -44.882  -72.363  16.153 0.4000000060
14012  -45.042  -73.682  15.380 0.5000000000
17637  -45.313  -70.833  16.709 0.4000000060
17638  -46.345  -70.526  16.766 0.4000000060
18522  -46.252  -69.682  17.027 0.3000000119
18521  -44.947  -70.058  16.969 0.3000000119
138163  -45.552  -69.488  17.144 0.3000000119
18513  -44.739  -69.274  17.213 0.3000000119
19426  -45.507  -68.660  17.319 0.3000000119
19425  -44.514  -68.446  17.355 0.2000000030
130528  -44.449  -66.066  17.547 0.1000000015
135583  -43.654  -66.750  17.416 0.1000000015
22124  -42.246  -65.578  16.830 0.1000000015
22138  -41.414  -65.691  15.354 0.2000000030
22103  -42.536  -64.747  17.018 0.1000000015
23044  -41.991  -64.980  16.350 0.1000000015
145298  -41.530  -65.618  14.685 0.2000000030
23057  -41.670  -65.147  15.734 0.2000000030
22147  -41.942  -65.263  14.291 0.2000000030
21226  -43.126  -66.172  13.305 0.1000000015
137444  -43.343  -65.238  13.478 0.1000000015
21227  -44.077  -65.949  13.137 0.1000000015
22156  -44.423  -65.131  13.200 0.1000000015
20336  -45.205  -67.312  12.827 0.1000000015
20338  -46.864  -67.440  12.632 0.1000000015
134646  -46.362  -65.872  12.719 0.1000000015
21238  -46.614  -66.679  12.698 0.1000000015
20340  -48.470  -66.978  12.399 0.1000000015
22167  -48.573  -65.399  12.445 0.1000000015
21240  -48.964  -66.224  12.309 0.1000000015
22169  -50.602  -65.612  12.205 0.1000000015
135219  -51.479  -66.196  12.035 0.1000000015
136518  -52.224  -65.952  11.821 0.1000000015
22181  -53.191  -65.382  11.466 0.1000000015
8703  -48.980  -80.173  9.406 0.3000000119
7860  -48.458  -80.665  9.255 0.2000000030
10363  -48.793  -78.944  10.253 0.3000000119
10331  -47.433  -78.206  11.925 0.4000000060
11209  -47.881  -77.833  12.464 0.3000000119
14884  -46.087  -73.579  15.581 0.3000000119
14013  -45.765  -74.243  15.095 0.3000000119
14028  -45.588  -74.858  14.635 0.4000000060
12128  -46.044  -75.998  13.990 0.4000000060
11191  -47.263  -77.300  13.143 0.3000000119
15801  -46.665  -72.033  16.392 0.3000000119
15818  -46.423  -72.829  16.072 0.3000000119
12129  -46.877  -75.866  14.210 0.4000000060
12148  -46.764  -76.546  13.674 0.4000000060
11192  -48.453  -77.450  13.002 0.3000000119
17639  -47.741  -70.187  16.665 0.3000000119
16752  -46.895  -71.241  16.585 0.3000000119
139702  -47.128  -70.571  16.695 0.3000000119
18524  -47.713  -69.164  16.793 0.3000000119
18523  -46.999  -69.853  16.866 0.3000000119
19428  -47.280  -68.361  16.999 0.3000000119
18514  -46.081  -69.089  17.223 0.3000000119
20273  -46.121  -67.906  17.317 0.3000000119
132904  -45.655  -67.123  17.420 0.2000000030
139798  -45.257  -66.462  17.511 0.1000000015
22106  -45.356  -65.765  17.603 0.1000000015
23029  -45.459  -64.838  17.789 0.1000000015
22105  -43.876  -65.281  17.592 0.1000000015
23007  -44.978  -63.907  18.037 0.1000000015
23027  -43.380  -64.462  17.501 0.1000000015
124665  -43.334  -63.579  17.476 0.1000000015
23045  -42.372  -64.195  16.461 0.1000000015
142024  -42.297  -63.912  14.967 0.2000000030
24956  -42.720  -63.015  15.266 0.2000000030
23992  -42.932  -63.307  14.534 0.2000000030
23077  -43.864  -64.402  13.494 0.1000000015
24974  -43.744  -62.972  14.077 0.1000000015
24001  -44.290  -63.603  13.570 0.1000000015
22157  -45.333  -65.050  12.980 0.1000000015
24002  -45.277  -63.445  13.298 0.1000000015
138816  -45.896  -64.230  12.954 0.1000000015
22165  -46.887  -65.244  12.654 0.1000000015
23088  -46.610  -64.604  12.740 0.1000000015
22166  -47.695  -65.319  12.560 0.1000000015
23090  -48.206  -64.566  12.556 0.1000000015
22168  -49.519  -65.505  12.320 0.1000000015
135218  -51.066  -64.725  12.319 0.1000000015
136406  -50.552  -64.194  12.457 0.1000000015
22170  -51.711  -65.364  12.099 0.1000000015
24016  -51.400  -63.880  12.482 0.1000000015
22171  -52.598  -65.282  11.844 0.1000000015
23093  -52.150  -64.517  12.251 0.1000000015
24032  -53.706  -64.116  11.168 0.1000000015
23105  -52.993  -64.500  11.943 0.1000000015
24044  -53.986  -64.333  10.299 0.1000000015
8675  -47.929  -80.840  11.040 0.2000000030
7848  -47.750  -81.183  10.332 0.2000000030
8662  -48.046  -80.526  11.962 0.2000000030
10364  -49.551  -79.205  10.385 0.3000000119
9463  -49.312  -79.851  13.001 0.2000000030
9493  -49.781  -79.460  10.592 0.3000000119
10349  -49.440  -78.600  10.861 0.3000000119
138147  -46.262  -74.682  14.851 0.3000000119
13135  -46.324  -75.311  14.491 0.3000000119
138096  -48.892  -77.880  12.209 0.3000000119
137273  -47.834  -73.010  16.053 0.3000000119
15819  -47.274  -72.598  16.211 0.3000000119
14885  -47.138  -73.454  15.765 0.3000000119
13136  -47.687  -75.110  14.836 0.3000000119
141843  -47.630  -75.724  14.403 0.3000000119
146654  -47.432  -76.218  14.015 0.3000000119
17640  -48.451  -70.740  16.563 0.3000000119
16753  -48.261  -71.598  16.463 0.3000000119
13137  -48.559  -75.542  14.605 0.3000000119
142475  -48.198  -76.220  14.081 0.3000000119
12150  -48.775  -76.811  13.571 0.2000000030
11210  -49.469  -77.778  12.404 0.2000000030
17641  -49.449  -70.418  16.536 0.2000000030
18525  -48.560  -69.770  16.603 0.2000000030
19429  -48.022  -68.242  16.786 0.3000000119
139416  -47.546  -67.763  16.959 0.3000000119
19427  -46.688  -68.311  17.187 0.3000000119
20274  -46.930  -67.743  17.144 0.2000000030
21173  -45.983  -66.387  17.492 0.1000000015
132491  -47.400  -67.031  17.109 0.2000000030
22108  -47.099  -65.494  17.609 0.1000000015
23030  -46.545  -64.767  17.849 0.1000000015
137790  -46.322  -63.391  18.394 0.1000000015
24924  -47.541  -62.544  18.953 0.1000000015
139099  -48.557  -61.373  19.636 0.1000000015
23938  -45.531  -63.247  18.354 0.1000000015
24923  -46.132  -62.699  18.631 0.1000000015
25930  -46.687  -61.470  19.178 0.1000000015
26926  -47.121  -59.923  19.725 0.1000000015
138496  -48.472  -60.034  20.338 0.1000000015
27913  -49.440  -59.196  21.089 0.1000000015
23937  -44.605  -63.053  18.207 0.1000000015
24921  -44.244  -62.234  18.209 0.1000000015
26924  -45.759  -60.442  19.089 0.1000000015
28883  -47.882  -58.673  20.239 0.1000000015
131061  -48.332  -58.189  20.371 0.1000000015
134176  -43.344  -62.839  17.453 0.1000000015
25950  -43.597  -61.453  17.565 0.1000000015
24936  -42.954  -62.741  16.899 0.1000000015
24957  -43.071  -62.181  15.568 0.2000000030
24966  -43.278  -62.497  14.726 0.1000000015
129612  -44.126  -62.176  14.271 0.1000000015
24975  -44.692  -62.769  13.728 0.1000000015
24976  -45.648  -62.559  13.491 0.1000000015
24003  -46.248  -63.234  13.091 0.1000000015
24011  -46.829  -63.901  12.797 0.1000000015
24012  -47.755  -63.772  12.686 0.1000000015
24013  -48.852  -63.695  12.617 0.1000000015
24014  -49.796  -64.030  12.501 0.1000000015
131547  -51.434  -62.922  12.674 0.1000000015
141986  -52.442  -63.517  12.311 0.1000000015
9438  -50.430  -79.745  15.542 0.2000000030
9465  -50.421  -79.019  12.268 0.2000000030
10350  -50.197  -78.828  11.019 0.3000000119
10332  -48.635  -78.208  11.674 0.3000000119
10296  -51.207  -78.784  14.999 0.2000000030
9452  -50.612  -79.203  14.675 0.2000000030
10335  -50.546  -78.509  12.434 0.2000000030
9477  -50.413  -78.828  11.641 0.3000000119
10333  -49.807  -78.271  11.627 0.3000000119
15820  -48.653  -72.993  16.088 0.3000000119
139815  -48.363  -74.174  15.456 0.3000000119
13118  -48.379  -74.779  15.121 0.3000000119
15803  -48.887  -72.190  16.345 0.3000000119
146934  -49.256  -73.246  15.964 0.3000000119
136842  -49.639  -74.569  15.325 0.3000000119
13119  -49.250  -75.013  15.038 0.3000000119
12130  -49.195  -76.250  14.099 0.3000000119
126592  -51.352  -71.284  16.445 0.2000000030
16755  -50.124  -71.316  16.483 0.3000000119
12151  -49.799  -76.900  13.566 0.2000000030
147097  -50.242  -77.522  13.153 0.2000000030
17642  -50.526  -70.508  16.501 0.2000000030
18526  -49.398  -69.365  16.542 0.2000000030
123988  -50.094  -69.794  16.504 0.2000000030
19440  -48.645  -68.819  16.624 0.3000000119
19441  -49.431  -68.496  16.570 0.3000000119
20286  -48.775  -67.976  16.676 0.3000000119
20276  -48.914  -67.196  16.798 0.2000000030
21175  -48.288  -66.679  17.089 0.2000000030
22109  -48.517  -65.801  17.439 0.2000000030
23010  -48.059  -64.131  18.234 0.1000000015
26933  -44.050  -60.057  17.871 0.1000000015
27919  -45.312  -59.128  18.837 0.1000000015
124798  -45.933  -58.861  19.180 0.1000000015
28888  -46.300  -58.109  19.277 0.1000000015
26932  -43.690  -60.723  17.415 0.1000000015
28896  -44.183  -59.207  17.627 0.1000000015
29890  -45.296  -57.339  18.150 0.1000000015
136267  -43.608  -60.652  16.662 0.1000000015
27921  -43.850  -59.940  17.155 0.1000000015
26945  -44.037  -60.004  16.240 0.1000000015
28911  -44.655  -58.408  16.527 0.1000000015
29915  -44.874  -57.605  16.771 0.1000000015
25973  -43.449  -61.336  15.979 0.1000000015
25974  -44.058  -60.931  15.167 0.1000000015
26954  -45.264  -59.978  15.045 0.1000000015
26964  -45.737  -60.459  14.469 0.1000000015
25985  -44.512  -61.410  14.512 0.1000000015
24967  -45.042  -61.948  13.933 0.1000000015
25986  -45.395  -61.198  14.233 0.1000000015
142057  -46.903  -60.710  13.868 0.1000000015
25994  -45.947  -61.704  13.733 0.1000000015
136645  -46.697  -62.259  13.338 0.1000000015
24004  -47.218  -63.035  12.908 0.1000000015
24005  -48.230  -62.904  12.858 0.1000000015
144618  -49.748  -63.282  12.677 0.1000000015
9407  -50.830  -79.567  17.855 0.3000000119
10297  -52.024  -78.611  16.620 0.3000000119
11169  -51.902  -78.243  15.435 0.3000000119
10308  -51.374  -78.230  14.202 0.2000000030
11178  -51.229  -77.670  13.747 0.2000000030
11194  -50.708  -77.884  13.042 0.2000000030
11180  -52.313  -77.337  15.301 0.3000000119
11179  -51.759  -77.530  14.556 0.3000000119
11211  -50.199  -77.975  12.342 0.2000000030
14875  -50.579  -73.081  16.017 0.3000000119
14018  -51.232  -74.517  15.461 0.3000000119
13140  -52.028  -76.125  14.863 0.3000000119
12132  -51.381  -76.794  14.220 0.3000000119
12152  -50.710  -77.201  13.588 0.2000000030
135564  -52.111  -72.228  16.314 0.2000000030
14876  -51.751  -73.131  16.042 0.3000000119
14877  -52.824  -73.677  16.024 0.3000000119
17643  -52.026  -70.735  16.427 0.2000000030
18527  -51.983  -69.943  16.440 0.2000000030
124540  -50.931  -69.778  16.474 0.2000000030
126439  -50.285  -68.969  16.507 0.2000000030
19442  -50.789  -68.204  16.510 0.3000000119
20288  -50.261  -67.554  16.632 0.2000000030
21176  -49.122  -66.438  17.108 0.2000000030
130840  -46.578  -60.260  14.231 0.1000000015
26973  -47.622  -60.879  13.677 0.1000000015
24977  -47.401  -61.650  13.449 0.1000000015
24978  -47.729  -62.229  13.168 0.1000000015
9406  -49.928  -80.101  18.436 0.1000000015
10258  -49.354  -79.202  18.173 0.2000000030
10259  -50.353  -79.254  18.075 0.3000000119
9421  -51.321  -79.137  17.495 0.3000000119
10241  -51.357  -78.223  17.531 0.3000000119
11162  -52.429  -77.666  17.076 0.3000000119
14019  -52.215  -74.779  15.497 0.3000000119
13123  -53.169  -75.714  16.250 0.3000000119
14878  -53.429  -73.402  16.563 0.3000000119
14006  -53.314  -74.344  16.327 0.3000000119
14021  -53.309  -75.075  16.418 0.3000000119
15807  -53.634  -72.655  16.889 0.2000000030
16756  -53.470  -71.049  16.539 0.2000000030
17644  -52.810  -70.543  16.387 0.1000000015
126596  -51.461  -69.007  16.445 0.2000000030
17646  -54.199  -70.375  16.894 0.1000000015
128269  -52.378  -69.288  16.411 0.2000000030
134322  -51.729  -68.116  16.481 0.2000000030
20290  -52.705  -68.112  16.466 0.2000000030
20289  -51.132  -67.435  16.614 0.3000000119
11126  -51.195  -77.897  17.617 0.3000000119
11127  -51.663  -77.540  17.505 0.3000000119
12098  -52.161  -76.991  17.463 0.3000000119
12100  -52.999  -76.034  17.119 0.3000000119
13990  -53.215  -73.912  17.611 0.3000000119
13996  -53.329  -74.571  17.275 0.3000000119
13098  -53.153  -75.397  17.193 0.3000000119
14867  -53.461  -73.269  17.531 0.2000000030
15794  -53.685  -72.603  17.334 0.2000000030
15782  -52.946  -72.453  18.339 0.1000000015
129948  -53.856  -71.215  17.839 0.1000000015
17628  -54.057  -70.595  17.639 0.1000000015
18530  -54.163  -69.658  16.808 0.1000000015
128745  -53.697  -68.166  16.565 0.1000000015
12097  -50.803  -77.225  17.666 0.3000000119
13097  -50.213  -76.490  17.678 0.2000000030
12078  -51.430  -76.969  17.590 0.3000000119
12079  -52.007  -76.595  17.561 0.3000000119
13080  -51.704  -75.984  17.656 0.3000000119
14866  -52.038  -73.749  18.133 0.2000000030
13989  -52.292  -74.566  17.810 0.3000000119
13081  -52.354  -75.516  17.596 0.3000000119
14850  -51.644  -72.969  18.460 0.2000000030
14865  -51.146  -73.591  18.291 0.2000000030
16736  -49.958  -71.521  19.104 0.1000000015
15780  -51.198  -72.214  18.678 0.1000000015
143480  -49.310  -71.549  19.327 0.1000000015
137724  -50.724  -71.547  18.862 0.1000000015
143935  -52.734  -71.202  18.517 0.1000000015
17623  -53.031  -70.652  18.467 0.1000000015
132906  -51.064  -71.042  18.867 0.1000000015
142093  -51.985  -70.776  18.664 0.1000000015
18507  -53.450  -69.753  18.333 0.1000000015
13078  -49.906  -75.593  17.737 0.2000000030
135985  -50.472  -75.142  17.800 0.2000000030
132821  -51.237  -75.190  17.789 0.2000000030
14864  -50.277  -73.359  18.447 0.2000000030
14848  -50.083  -72.679  18.699 0.1000000015
15778  -49.532  -72.187  18.977 0.1000000015
132907  -50.336  -70.973  19.167 0.1000000015
17622  -50.901  -70.259  18.991 0.1000000015
129974  -51.715  -69.781  18.739 0.1000000015
134126  -52.554  -69.777  18.591 0.1000000015
17620  -49.099  -70.524  19.681 0.1000000015
17621  -49.923  -70.368  19.402 0.1000000015
18505  -50.308  -69.457  19.239 0.1000000015
133620  -51.202  -69.147  18.946 0.1000000015
17619  -48.340  -70.658  19.879 0.1000000015
126765  -48.645  -70.064  19.857 0.1000000015
18504  -49.345  -69.666  19.585 0.1000000015
11245  -41.656  -77.109  8.976 0.4000000060
12179  -42.161  -76.724  10.348 0.5000000000
12178  -41.846  -76.143  10.806 0.5000000000
12185  -41.944  -76.930  9.711 0.4000000060
13168  -41.113  -75.528  10.414 0.5000000000
125181  -41.503  -76.253  10.047 0.6000000238
10375  -43.320  -78.147  9.612 0.4000000060
140341  -40.141  -79.691  6.522 0.5000000000
10374  -42.768  -77.997  9.183 0.4000000060
12188  -41.004  -76.621  8.498 0.5000000000
141629  -42.263  -79.567  7.312 0.5000000000
138984  -42.132  -77.742  8.682 0.6000000238
10403  -40.867  -78.324  7.115 0.5000000000
9571  -39.816  -79.167  6.174 0.3000000119
10405  -42.304  -78.877  7.694 0.5000000000
7914  -40.573  -81.504  6.328 0.5000000000
10404  -41.535  -78.414  7.548 0.5000000000
14043  -40.428  -74.045  10.535 0.4000000060
10408  -39.931  -78.346  5.830 0.4000000060
12207  -41.151  -76.143  4.204 0.5000000000
13220  -43.203  -75.427  4.350 0.4000000060
13232  -43.449  -75.963  3.757 0.4000000060
14117  -43.591  -75.061  4.882 0.4000000060
14105  -45.258  -74.952  5.879 0.3000000119
7031  -44.707  -82.409  6.422 0.2000000030
145868  -42.286  -77.455  9.339 0.4000000060
14039  -40.511  -73.643  11.222 0.3000000119
13170  -40.435  -74.907  9.053 0.4000000060
12187  -40.581  -76.081  7.945 0.6000000238
17664  -40.844  -70.331  14.921 0.3000000119
15836  -40.425  -71.845  12.856 0.4000000060
14909  -40.430  -73.008  11.547 0.4000000060
14047  -40.395  -74.140  9.609 0.5000000000
13177  -40.473  -75.278  8.218 0.6000000238
12194  -40.493  -76.400  7.052 0.6000000238
11252  -41.416  -77.383  8.259 0.6000000238
10388  -41.884  -78.091  8.024 0.6000000238
10409  -40.311  -78.312  6.487 0.5000000000
15858  -40.547  -72.612  10.431 0.4000000060
130120  -40.533  -73.570  9.229 0.4000000060
138117  -40.645  -73.644  8.565 0.5000000000
141789  -40.502  -75.694  6.701 0.6000000238
14085  -40.613  -74.961  6.829 0.5000000000
126673  -40.396  -76.949  6.415 0.5000000000
132747  -40.561  -77.453  6.947 0.5000000000
11266  -40.290  -76.997  5.722 0.5000000000
16797  -40.453  -71.670  11.437 0.4000000060
14947  -40.836  -73.151  8.799 0.5000000000
14074  -40.735  -74.380  7.308 0.5000000000
14100  -40.874  -74.886  6.140 0.4000000060
13217  -40.815  -75.900  4.891 0.5000000000
17703  -40.633  -70.959  11.517 0.4000000060
17686  -40.762  -70.197  11.997 0.3000000119
15878  -41.909  -72.100  9.517 0.5000000000
14948  -41.466  -72.911  8.379 0.5000000000
14961  -41.763  -73.362  7.582 0.5000000000
14102  -42.305  -74.569  5.589 0.4000000060
14115  -41.840  -74.996  5.103 0.5000000000
14972  -42.393  -73.642  7.040 0.4000000060
126065  -42.793  -74.222  6.120 0.4000000060
14929  -44.098  -73.027  9.070 0.4000000060
123755  -42.927  -72.295  9.397 0.4000000060
14962  -42.941  -73.409  7.559 0.4000000060
126775  -43.727  -74.379  6.206 0.4000000060
11223  -44.774  -77.712  11.841 0.5000000000
144251  -44.313  -78.451  10.185 0.4000000060
14883  -44.140  -73.481  15.331 0.5000000000
10390  -43.438  -78.646  8.841 0.5000000000
18519  -42.135  -69.157  16.713 0.2000000030
17653  -41.195  -69.893  15.562 0.3000000119
17663  -40.436  -69.898  14.212 0.4000000060
19457  -40.609  -68.594  15.057 0.3000000119
20302  -41.041  -67.342  15.668 0.3000000119
20321  -40.818  -67.623  13.819 0.3000000119
19474  -40.937  -68.174  13.178 0.3000000119
18567  -41.366  -69.386  12.291 0.3000000119
16799  -41.922  -71.077  10.825 0.3000000119
17704  -41.278  -70.637  11.339 0.3000000119
15860  -42.788  -71.852  9.981 0.3000000119
17705  -42.407  -70.545  11.378 0.3000000119
19484  -41.971  -68.755  12.570 0.2000000030
16820  -43.761  -71.766  10.542 0.3000000119
17706  -43.545  -70.678  11.573 0.2000000030
15862  -44.567  -72.438  10.314 0.3000000119
143070  -45.366  -73.655  8.798 0.4000000060
138536  -45.309  -72.111  11.021 0.2000000030
15863  -45.394  -72.580  10.618 0.3000000119
14931  -45.737  -73.543  9.581 0.2000000030
17687  -44.996  -70.251  12.065 0.2000000030
15844  -45.851  -72.194  11.119 0.2000000030
137216  -48.278  -70.332  12.199 0.1000000015
19489  -47.841  -68.511  12.484 0.1000000015
11207  -45.658  -77.616  12.494 0.4000000060
11189  -45.321  -76.947  13.124 0.4000000060
10346  -45.295  -78.324  11.178 0.5000000000
123570  -44.239  -74.438  14.645 0.5000000000
18520  -43.768  -69.044  17.226 0.3000000119
19424  -43.553  -68.204  17.313 0.2000000030
135104  -42.672  -67.833  17.117 0.2000000030
21193  -42.690  -66.996  17.127 0.1000000015
20271  -44.186  -67.624  17.420 0.1000000015
21206  -40.852  -67.014  15.049 0.2000000030
22123  -41.622  -65.859  16.153 0.2000000030
20322  -41.438  -66.980  13.720 0.2000000030
21224  -41.603  -66.125  14.132 0.2000000030
146910  -42.378  -68.335  12.742 0.2000000030
143554  -41.311  -67.606  13.376 0.2000000030
18569  -43.462  -69.539  12.292 0.2000000030
22155  -42.386  -65.667  13.711 0.2000000030
20334  -42.767  -67.838  12.907 0.1000000015
18581  -43.896  -70.218  12.014 0.2000000030
21235  -43.789  -66.753  13.055 0.1000000015
20335  -44.310  -67.400  12.896 0.1000000015
19486  -44.800  -68.200  12.709 0.1000000015
137572  -44.062  -68.901  12.563 0.2000000030
18570  -44.438  -69.709  12.276 0.2000000030
22163  -44.995  -65.816  12.992 0.1000000015
135640  -45.693  -68.718  12.535 0.1000000015
18571  -45.326  -69.576  12.323 0.1000000015
18572  -46.177  -69.489  12.338 0.1000000015
16804  -46.954  -71.366  11.728 0.1000000015
20337  -46.065  -67.302  12.737 0.1000000015
17710  -47.227  -70.456  12.072 0.1000000015
145999  -47.395  -67.565  12.559 0.1000000015
143507  -47.992  -67.766  12.495 0.1000000015
132885  -48.987  -67.761  12.423 0.1000000015
21241  -49.900  -66.303  12.221 0.1000000015
7887  -47.336  -81.212  8.090 0.3000000119
8716  -46.982  -80.674  7.738 0.3000000119
9510  -49.029  -79.540  9.735 0.3000000119
9541  -48.573  -80.086  9.001 0.3000000119
9509  -48.172  -79.348  9.621 0.3000000119
139828  -48.087  -80.329  8.668 0.3000000119
9539  -47.293  -80.167  8.322 0.3000000119
9521  -46.579  -79.645  8.830 0.3000000119
10361  -46.040  -78.896  10.571 0.3000000119
10347  -46.246  -78.493  11.310 0.3000000119
10348  -48.174  -78.494  11.063 0.3000000119
146395  -47.069  -78.477  11.430 0.3000000119
10376  -45.726  -79.223  9.751 0.3000000119
12147  -45.860  -76.568  13.540 0.4000000060
11208  -46.759  -77.759  12.592 0.4000000060
10330  -46.405  -78.163  11.995 0.4000000060
15800  -45.778  -72.231  16.283 0.4000000060
13134  -45.428  -75.522  14.246 0.4000000060
146214  -45.697  -70.115  16.925 0.3000000119
18515  -46.767  -69.002  17.094 0.3000000119
20272  -45.154  -67.804  17.413 0.2000000030
137876  -44.708  -65.300  17.660 0.1000000015
22104  -42.993  -65.359  17.350 0.1000000015
23069  -41.741  -64.875  14.971 0.2000000030
23026  -42.817  -63.951  17.086 0.1000000015
23978  -42.409  -63.608  15.854 0.2000000030
23075  -42.299  -64.536  14.370 0.1000000015
22148  -42.530  -64.986  13.891 0.1000000015
23078  -44.844  -64.310  13.200 0.1000000015
21237  -45.669  -66.465  12.833 0.1000000015
23087  -46.121  -65.115  12.769 0.1000000015
134567  -47.185  -66.041  12.607 0.1000000015
20339  -47.509  -66.948  12.565 0.1000000015
21239  -48.054  -66.156  12.483 0.1000000015
23091  -49.153  -64.676  12.464 0.1000000015
23092  -50.086  -64.798  12.368 0.1000000015
8691  -48.669  -80.680  10.012 0.2000000030
8692  -49.452  -80.048  10.143 0.2000000030
7859  -47.969  -81.169  9.508 0.2000000030
14015  -47.590  -74.328  15.315 0.3000000119
137797  -47.470  -71.823  16.442 0.3000000119
134238  -47.653  -71.036  16.580 0.3000000119
132903  -46.499  -67.092  17.301 0.1000000015
22107  -46.217  -65.586  17.627 0.1000000015
23008  -45.980  -64.012  18.088 0.1000000015
23028  -44.383  -64.575  17.756 0.1000000015
23953  -43.992  -63.678  17.865 0.1000000015
141017  -43.626  -63.245  17.695 0.1000000015
24946  -42.762  -62.831  16.158 0.1000000015
24000  -43.368  -63.743  13.920 0.1000000015
23089  -47.322  -64.562  12.644 0.1000000015
8676  -49.111  -80.332  10.951 0.2000000030
8652  -48.196  -80.263  12.966 0.2000000030
8653  -49.122  -80.077  12.014 0.2000000030
146904  -49.619  -79.889  10.661 0.3000000119
136931  -50.219  -79.159  11.361 0.2000000030
15802  -48.055  -72.375  16.291 0.3000000119
14886  -48.073  -73.600  15.736 0.3000000119
16754  -49.122  -71.385  16.489 0.3000000119
21174  -46.814  -66.289  17.405 0.1000000015
136263  -47.659  -66.128  17.373 0.1000000015
23009  -47.013  -63.929  18.250 0.1000000015
23939  -46.935  -63.020  18.602 0.1000000015
133322  -46.778  -62.252  18.907 0.1000000015
24909  -48.041  -61.968  19.305 0.1000000015
24908  -47.321  -61.856  19.197 0.1000000015
145108  -47.745  -60.267  19.875 0.1000000015
140146  -47.535  -61.007  19.567 0.1000000015
24922  -45.190  -62.309  18.547 0.1000000015
25929  -45.918  -61.139  19.047 0.1000000015
26925  -46.508  -60.621  19.364 0.1000000015
27911  -48.026  -59.630  20.198 0.1000000015
27916  -47.370  -59.139  19.961 0.1000000015
28884  -48.638  -58.818  20.615 0.1000000015
27912  -48.784  -59.662  20.606 0.1000000015
28885  -49.354  -58.269  20.841 0.1000000015
25938  -43.919  -61.607  18.037 0.1000000015
25940  -45.189  -60.800  18.794 0.1000000015
25939  -44.560  -61.382  18.450 0.1000000015
136341  -46.047  -59.706  19.272 0.1000000015
26929  -44.505  -60.368  18.414 0.1000000015
27915  -46.670  -59.025  19.556 0.1000000015
28889  -47.206  -58.357  19.771 0.1000000015
29870  -49.224  -57.513  20.470 0.1000000015
24937  -43.244  -62.072  17.224 0.1000000015
26928  -43.949  -60.900  18.000 0.1000000015
24947  -43.063  -62.082  16.544 0.1000000015
25984  -43.628  -61.657  14.929 0.1000000015
146119  -51.277  -79.601  16.637 0.2000000030
9464  -50.167  -79.337  13.370 0.2000000030
121755  -51.615  -79.084  16.139 0.3000000119
10307  -50.775  -78.728  13.533 0.2000000030
138407  -49.497  -74.104  15.555 0.3000000119
13138  -49.753  -75.676  14.588 0.3000000119
134825  -49.685  -71.987  16.383 0.3000000119
14887  -49.857  -73.548  15.825 0.3000000119
13120  -50.382  -75.036  15.121 0.3000000119
14017  -50.250  -74.256  15.533 0.3000000119
13139  -50.972  -75.884  14.609 0.3000000119
12131  -50.315  -76.419  14.079 0.3000000119
143089  -51.343  -70.450  16.475 0.2000000030
15804  -50.741  -72.260  16.297 0.3000000119
147009  -50.037  -68.183  16.556 0.3000000119
20275  -48.155  -67.471  16.862 0.2000000030
137571  -47.841  -65.426  17.605 0.1000000015
23032  -48.430  -64.937  17.789 0.2000000030
23031  -47.494  -64.774  17.860 0.1000000015
133480  -44.553  -59.352  18.331 0.1000000015
28887  -45.493  -58.393  18.816 0.1000000015
29883  -47.068  -57.332  19.517 0.1000000015
27932  -44.265  -59.166  16.667 0.1000000015
28891  -44.523  -58.515  18.011 0.1000000015
28910  -44.465  -58.410  17.251 0.1000000015
26952  -43.857  -60.610  15.868 0.1000000015
26953  -44.465  -60.278  15.438 0.1000000015
26963  -44.885  -60.683  14.761 0.1000000015
25987  -46.208  -60.936  13.995 0.1000000015
9440  -51.615  -79.213  16.993 0.3000000119
9420  -51.099  -79.694  17.336 0.3000000119
10279  -51.783  -78.709  17.219 0.3000000119
11170  -52.478  -77.759  16.313 0.3000000119
12133  -52.041  -76.858  14.731 0.3000000119
12134  -52.429  -76.630  15.207 0.3000000119
14888  -50.937  -73.752  15.778 0.3000000119
13121  -51.589  -75.304  15.124 0.3000000119
138503  -52.757  -74.363  15.820 0.3000000119
13122  -52.756  -76.020  15.584 0.3000000119
15806  -53.337  -72.651  16.543 0.3000000119
127530  -53.518  -71.909  16.677 0.2000000030
21195  -50.530  -66.846  16.820 0.2000000030
22110  -49.415  -65.641  17.475 0.2000000030
9392  -49.380  -80.817  18.580 0.1000000015
11147  -49.579  -78.226  17.812 0.2000000030
10260  -51.031  -78.757  17.728 0.3000000119
12108  -52.849  -76.986  16.602 0.3000000119
12099  -52.608  -76.836  17.176 0.3000000119
14872  -53.696  -73.363  17.051 0.3000000119
125926  -53.671  -74.079  16.908 0.3000000119
142052  -53.908  -71.316  16.794 0.2000000030
18528  -52.991  -69.784  16.361 0.1000000015
16757  -53.973  -70.717  16.697 0.1000000015
19444  -53.171  -68.952  16.413 0.2000000030
12096  -49.919  -77.261  17.701 0.3000000119
139401  -52.853  -74.632  17.611 0.3000000119
14851  -52.505  -73.111  18.280 0.2000000030
15791  -53.464  -72.533  17.920 0.2000000030
16741  -53.774  -71.849  17.662 0.1000000015
131267  -53.363  -71.576  18.254 0.1000000015
16737  -52.464  -71.684  18.551 0.1000000015
15781  -52.081  -72.347  18.552 0.1000000015
134149  -53.992  -69.775  17.891 0.1000000015
13079  -50.882  -76.113  17.693 0.3000000119
140657  -51.892  -75.163  17.770 0.3000000119
13988  -51.564  -74.420  17.958 0.2000000030
14849  -50.778  -72.808  18.574 0.1000000015
15779  -50.367  -72.123  18.806 0.1000000015
131851  -49.584  -71.031  19.454 0.1000000015
138168  -49.721  -74.666  17.954 0.2000000030
13987  -50.575  -74.288  18.058 0.2000000030
15790  -48.911  -72.680  18.922 0.1000000015
139754  -39.155  -79.593  4.900 0.3000000119
8766  -38.837  -80.832  4.055 0.3000000119
146084  -39.007  -80.104  4.403 0.3000000119
138435  -37.106  -81.163  1.682 0.2000000030
8776  -35.265  -81.006  2.982 0.2000000030
7936  -38.749  -81.577  4.113 0.4000000060
7963  -38.214  -81.455  2.111 0.3000000119
142719  -39.324  -79.629  4.055 0.4000000060
8777  -38.700  -80.900  2.863 0.3000000119
9584  -39.550  -78.956  4.548 0.4000000060
8767  -39.067  -80.299  3.572 0.4000000060
8789  -37.644  -81.010  1.679 0.3000000119
143112  -37.166  -80.385  1.629 0.2000000030
10421  -39.865  -79.124  3.648 0.4000000060
9589  -39.575  -79.807  3.157 0.4000000060
8790  -38.484  -80.648  1.931 0.4000000060
10422  -40.596  -78.570  3.381 0.4000000060
11283  -40.434  -77.479  4.066 0.4000000060
8791  -39.095  -80.267  2.600 0.4000000060
8799  -37.901  -80.345  1.495 0.3000000119
9610  -36.863  -79.204  1.771 0.3000000119
9600  -39.850  -79.842  2.338 0.4000000060
138118  -39.146  -79.659  1.413 0.3000000119
9611  -37.791  -79.543  1.357 0.4000000060
139570  -41.007  -77.676  3.532 0.4000000060
132489  -40.857  -79.717  1.982 0.4000000060
125225  -38.640  -79.357  1.139 0.3000000119
146942  -41.531  -76.470  3.785 0.4000000060
10428  -41.220  -79.335  2.527 0.4000000060
9613  -39.894  -79.661  1.617 0.4000000060
140025  -41.701  -77.249  3.402 0.4000000060
10448  -40.652  -79.364  1.126 0.3000000119
12219  -42.184  -76.469  3.596 0.4000000060
130433  -42.452  -79.087  2.402 0.4000000060
9601  -41.907  -79.612  2.024 0.4000000060
11284  -42.442  -78.010  2.932 0.4000000060
10429  -43.460  -79.106  2.050 0.4000000060
9602  -42.780  -79.494  1.776 0.4000000060
136289  -41.627  -79.531  1.409 0.4000000060
126913  -40.929  -78.722  0.604 0.3000000119
135382  -43.306  -77.489  2.914 0.4000000060
138036  -43.461  -79.466  1.496 0.4000000060
138747  -42.366  -79.570  1.466 0.4000000060
9623  -41.459  -79.289  0.888 0.3000000119
11318  -40.389  -77.686  0.519 0.2000000030
12220  -42.980  -76.538  3.416 0.3000000119
11296  -43.134  -78.520  2.551 0.4000000060
11297  -43.937  -78.368  2.422 0.4000000060
9616  -43.922  -79.598  1.010 0.4000000060
9624  -43.300  -79.256  0.621 0.4000000060
10449  -41.775  -78.775  0.538 0.2000000030
11320  -42.228  -77.876  0.261 0.2000000030
12268  -40.725  -76.683  0.493 0.3000000119
142748  -44.136  -76.092  3.653 0.3000000119
12221  -43.819  -76.648  3.283 0.3000000119
11285  -44.380  -77.477  2.828 0.3000000119
124548  -44.132  -79.280  0.562 0.3000000119
144532  -42.543  -78.843  0.460 0.2000000030
12269  -41.589  -76.724  0.433 0.2000000030
13249  -40.247  -75.872  0.398 0.2000000030
13221  -44.403  -75.338  4.657 0.3000000119
12222  -44.712  -76.658  3.313 0.3000000119
10430  -44.870  -79.095  1.630 0.4000000060
11322  -43.951  -78.763  0.104 0.1000000015
13222  -45.373  -75.597  4.594 0.3000000119
143795  -45.514  -76.611  3.460 0.3000000119
135674  -45.874  -78.179  2.251 0.2000000030
10451  -45.257  -79.120  0.594 0.2000000030
12270  -42.438  -76.717  0.317 0.1000000015
13261  -40.620  -75.253  0.037 0.2000000030
11287  -46.583  -77.611  2.627 0.2000000030
11299  -46.325  -78.268  1.961 0.2000000030
140364  -45.840  -78.851  0.736 0.1000000015
11331  -43.778  -77.690  -0.111 0.1000000015
13252  -42.673  -75.888  0.306 0.1000000015
13251  -41.919  -75.809  0.370 0.1000000015
13208  -45.789  -75.374  5.319 0.2000000030
12208  -45.913  -76.144  3.950 0.3000000119
12223  -46.337  -76.893  3.342 0.3000000119
131312  -46.055  -74.471  7.596 0.2000000030
13196  -46.208  -75.139  6.112 0.1000000015
13223  -46.333  -75.821  4.662 0.3000000119
12224  -47.240  -76.989  3.292 0.2000000030
11309  -46.734  -78.138  1.560 0.1000000015
11332  -44.573  -77.378  -0.218 0.1000000015
13264  -43.369  -75.478  0.106 0.1000000015
13263  -42.371  -75.109  0.132 0.1000000015
14091  -46.696  -74.864  6.978 0.2000000030
13209  -46.728  -75.564  5.431 0.2000000030
13224  -47.279  -76.025  4.731 0.2000000030
11288  -47.393  -77.345  2.742 0.1000000015
11300  -47.005  -77.794  2.222 0.1000000015
11324  -46.566  -77.836  0.258 0.1000000015
12292  -46.559  -77.101  -0.141 0.1000000015
12290  -44.979  -76.603  -0.289 0.1000000015
123545  -42.896  -74.508  -0.293 0.1000000015
14176  -41.631  -74.277  -1.336 0.1000000015
13210  -47.647  -75.744  5.493 0.1000000015
12225  -47.970  -76.936  3.370 0.2000000030
11289  -48.002  -77.170  2.675 0.1000000015
12251  -47.635  -77.143  1.315 0.1000000015
12293  -47.125  -76.565  -0.062 0.1000000015
13266  -45.406  -75.725  -0.495 0.1000000015
14163  -44.783  -74.751  -0.551 0.1000000015
14186  -41.010  -74.529  -1.976 0.1000000015
11311  -48.114  -76.922  1.995 0.1000000015
127687  -46.278  -75.667  -0.635 0.1000000015
15074  -43.532  -73.662  -1.319 0.1000000015
142297  -42.932  -73.584  -1.907 0.1000000015
141059  -46.457  -74.950  -0.928 0.1000000015
21196  -51.443  -66.687  16.830 0.2000000030
14061  -46.430  -74.241  8.355 0.2000000030
14076  -46.763  -74.533  7.785 0.1000000015
13197  -47.122  -75.335  6.191 0.1000000015
13198  -47.981  -75.495  6.217 0.1000000015
12211  -48.479  -76.481  4.061 0.1000000015
13211  -48.540  -75.837  5.527 0.1000000015
12235  -48.673  -76.532  2.737 0.1000000015
12274  -48.038  -76.275  1.147 0.1000000015
124257  -42.630  -73.986  -1.070 0.1000000015
14162  -43.828  -74.625  -0.315 0.1000000015
13253  -47.668  -75.969  0.261 0.1000000015
146492  -37.291  -80.891  1.596 0.3000000119
9590  -40.353  -79.484  2.766 0.4000000060
9612  -38.527  -79.971  1.486 0.3000000119
10423  -41.586  -78.511  2.979 0.4000000060
11319  -41.249  -77.765  0.416 0.2000000030
11298  -44.975  -78.396  2.256 0.3000000119
9625  -44.692  -79.395  0.799 0.2000000030
13250  -41.080  -75.816  0.398 0.2000000030
13234  -44.871  -75.904  3.892 0.3000000119
11286  -45.527  -77.443  2.855 0.3000000119
10450  -44.716  -79.008  0.247 0.2000000030
137344  -42.956  -77.496  0.114 0.1000000015
10431  -45.625  -78.744  1.749 0.4000000060
10441  -46.054  -78.700  1.368 0.2000000030
11323  -45.473  -78.529  0.074 0.1000000015
13262  -41.468  -75.090  0.083 0.1000000015
11334  -46.035  -77.769  -0.136 0.1000000015
12289  -44.066  -76.550  -0.064 0.1000000015
12209  -46.861  -76.390  3.982 0.3000000119
11325  -47.110  -77.724  0.913 0.1000000015
13265  -44.419  -75.584  -0.196 0.1000000015
14161  -41.973  -74.546  -0.462 0.1000000015
14092  -47.513  -75.132  6.783 0.1000000015
13225  -48.186  -76.183  4.779 0.1000000015
11310  -47.476  -77.570  1.878 0.1000000015
12272  -46.993  -77.292  0.234 0.1000000015
12291  -45.974  -76.742  -0.411 0.1000000015
137749  -42.227  -73.901  -1.854 0.1000000015
12273  -47.445  -76.883  0.596 0.1000000015
14187  -41.685  -74.279  -2.387 0.1000000015
13243  -48.590  -75.959  1.993 0.1000000015
13226  -49.052  -76.154  4.830 0.1000000015
6237  -41.761  -84.116  4.865 0.3000000119
6236  -41.005  -83.951  4.607 0.2000000030
6252  -40.405  -84.617  4.295 0.3000000119
6235  -39.945  -83.706  4.307 0.2000000030
7916  -43.004  -81.867  6.235 0.4000000060
7028  -42.207  -82.954  5.505 0.2000000030
7915  -41.845  -81.922  6.275 0.4000000060
7046  -41.545  -83.474  5.147 0.3000000119
133606  -39.710  -84.387  3.801 0.2000000030
7045  -40.384  -83.079  5.208 0.2000000030
5541  -39.629  -84.933  3.936 0.1000000015
6266  -39.315  -83.832  3.470 0.2000000030
5551  -39.166  -84.396  3.488 0.1000000015
7931  -39.927  -82.102  5.803 0.3000000119
5540  -38.928  -84.964  3.820 0.1000000015
7060  -39.220  -83.014  3.988 0.2000000030
5539  -38.089  -84.842  4.088 0.1000000015
6251  -37.561  -83.975  3.505 0.1000000015
5550  -38.494  -84.267  3.333 0.1000000015
6264  -38.080  -83.540  2.842 0.1000000015
6250  -36.510  -83.787  4.285 0.1000000015
123601  -37.451  -83.294  2.822 0.1000000015
6262  -35.952  -83.080  3.936 0.1000000015
6263  -36.796  -83.327  3.317 0.1000000015
7913  -39.678  -81.072  6.107 0.3000000119
7937  -38.938  -82.071  4.660 0.2000000030
136552  -38.486  -82.535  2.847 0.2000000030
6265  -38.710  -83.744  3.125 0.2000000030
6271  -38.289  -83.066  2.689 0.2000000030
127892  -36.335  -82.790  3.179 0.1000000015
5537  -35.579  -83.623  4.723 0.1000000015
8746  -39.594  -80.107  6.183 0.2000000030
7930  -39.265  -81.606  5.438 0.3000000119
7059  -38.740  -82.325  3.617 0.2000000030
7073  -37.655  -82.798  2.360 0.2000000030
7072  -36.942  -82.890  2.613 0.1000000015
7058  -34.932  -82.874  4.443 0.1000000015
7071  -35.562  -82.295  3.490 0.1000000015
8758  -38.838  -81.117  4.877 0.3000000119
7951  -38.571  -81.666  3.066 0.3000000119
7962  -37.488  -81.909  1.883 0.2000000030
7961  -36.588  -81.662  2.092 0.1000000015
7948  -34.944  -81.451  3.402 0.1000000015
7949  -35.763  -81.629  2.817 0.1000000015
7960  -35.868  -80.985  2.470 0.1000000015
7947  -34.042  -81.286  3.549 0.1000000015
8759  -39.180  -80.612  5.572 0.2000000030
138601  -35.839  -80.300  2.434 0.1000000015
9599  -36.270  -79.797  2.174 0.1000000015
8786  -34.299  -79.918  2.787 0.1000000015
8787  -35.181  -80.372  2.807 0.1000000015
9580  -39.292  -79.777  5.584 0.2000000030
10427  -35.906  -78.817  2.191 0.1000000015
10436  -36.488  -78.197  1.784 0.1000000015
8784  -32.724  -80.305  2.282 0.1000000015
141375  -33.743  -79.339  2.273 0.1000000015
9597  -34.414  -79.160  2.370 0.1000000015
145781  -38.108  -78.822  1.109 0.3000000119
10434  -34.536  -78.109  1.416 0.1000000015
8747  -40.268  -80.476  6.510 0.3000000119
7027  -41.009  -82.527  5.806 0.3000000119
7950  -36.390  -82.325  2.650 0.1000000015
8775  -34.538  -80.735  3.174 0.1000000015
7084  -38.133  -82.286  2.325 0.2000000030
7044  -39.491  -82.609  5.063 0.2000000030
7083  -37.021  -82.401  2.154 0.1000000015
8773  -33.028  -80.734  2.968 0.1000000015
9596  -33.088  -79.586  1.943 0.1000000015
10426  -34.922  -78.629  2.136 0.1000000015
7959  -32.417  -81.081  2.550 0.1000000015
10425  -34.088  -78.734  1.886 0.1000000015
10437  -37.384  -78.531  1.417 0.2000000030
12247  -35.899  -76.917  0.797 0.1000000015
12286  -35.696  -76.805  -0.249 0.1000000015
12264  -36.503  -76.501  0.432 0.2000000030
11340  -35.474  -77.622  -1.359 0.1000000015
11307  -37.044  -77.580  1.396 0.2000000030
12248  -36.711  -76.865  1.046 0.2000000030
12301  -35.959  -76.772  -0.952 0.2000000030
12265  -37.269  -76.408  0.645 0.1000000015
11341  -36.113  -77.167  -1.656 0.1000000015
12288  -37.068  -76.013  -0.016 0.2000000030
141661  -37.744  -76.033  0.331 0.1000000015
11308  -37.970  -77.866  1.091 0.2000000030
12249  -37.547  -76.955  1.063 0.1000000015
12310  -36.639  -76.589  -1.566 0.1000000015
142523  -37.345  -75.816  -0.685 0.1000000015
10438  -38.726  -78.623  0.877 0.2000000030
136311  -38.027  -76.417  0.720 0.1000000015
13259  -38.555  -75.499  -0.416 0.1000000015
12250  -38.235  -77.037  0.926 0.1000000015
13247  -38.506  -75.863  0.303 0.1000000015
10439  -39.512  -79.215  0.988 0.2000000030
11316  -38.783  -77.688  0.783 0.2000000030
11317  -39.555  -77.614  0.620 0.2000000030
146323  -39.113  -75.550  0.005 0.1000000015
12266  -38.904  -76.671  0.638 0.1000000015
10447  -40.069  -78.609  0.682 0.2000000030
13248  -39.401  -75.903  0.388 0.1000000015
13274  -39.308  -75.274  -0.585 0.1000000015
11306  -36.124  -77.398  1.430 0.1000000015
7029  -43.045  -83.221  5.554 0.2000000030
145045  -41.188  -84.473  4.664 0.1000000015
7876  -48.000  -81.017  8.755 0.2000000030
7874  -46.291  -81.924  9.469 0.1000000015
8614  -50.659  -80.187  16.677 0.1000000015
139346  -47.032  -80.651  12.841 0.1000000015
8661  -47.003  -81.006  11.916 0.1000000015
144660  -49.296  -79.618  14.064 0.1000000015
8630  -49.793  -80.728  16.837 0.2000000030
9437  -49.793  -80.231  15.784 0.1000000015
142712  -46.312  -81.401  14.405 0.1000000015
8644  -48.857  -79.855  14.973 0.1000000015
122956  -47.717  -80.240  15.088 0.1000000015
8642  -47.052  -80.417  14.033 0.1000000015
143747  -43.773  -83.072  5.793 0.2000000030
6987  -46.658  -81.770  8.424 0.1000000015
8643  -48.316  -79.856  14.056 0.1000000015
9451  -49.849  -79.588  14.739 0.1000000015
8600  -50.636  -80.221  17.761 0.2000000030
7875  -47.302  -81.509  8.982 0.1000000015
7838  -46.204  -81.430  12.697 0.1000000015
7828  -46.277  -81.297  13.565 0.1000000015
8629  -48.749  -80.639  16.062 0.1000000015
6220  -43.283  -83.522  5.839 0.1000000015
7047  -42.316  -83.692  5.260 0.1000000015
13096  -49.268  -76.224  17.646 0.1000000015
12095  -48.619  -77.158  17.597 0.1000000015
11146  -48.421  -78.247  17.733 0.1000000015
9404  -47.544  -79.738  18.447 0.1000000015
12093  -46.527  -76.679  17.796 0.1000000015
11144  -46.783  -77.391  17.712 0.1000000015
143115  -46.376  -77.882  17.928 0.1000000015
10239  -45.965  -78.756  19.204 0.1000000015
13095  -48.086  -75.991  17.668 0.1000000015
12094  -47.378  -76.751  17.624 0.1000000015
133944  -47.275  -78.377  17.790 0.1000000015
10240  -46.474  -78.705  18.337 0.1000000015
9390  -46.525  -79.782  19.184 0.1000000015
11115  -45.594  -77.907  19.291 0.1000000015
12077  -45.974  -76.263  18.033 0.1000000015
11143  -45.984  -77.119  18.011 0.1000000015
11125  -45.894  -77.882  18.440 0.1000000015
13094  -46.862  -75.879  17.832 0.1000000015
9382  -46.196  -79.809  20.134 0.1000000015
13077  -48.824  -75.112  17.844 0.1000000015
13985  -48.206  -74.284  18.206 0.1000000015
12075  -45.169  -76.359  18.752 0.1000000015
127178  -45.538  -77.110  18.617 0.1000000015
13074  -45.384  -75.858  18.427 0.1000000015
13075  -45.991  -75.432  18.149 0.1000000015
13984  -47.226  -74.335  18.246 0.1000000015
131106  -49.630  -73.828  18.312 0.1000000015
21178  -50.846  -66.157  17.130 0.1000000015
23034  -50.652  -64.892  17.823 0.1000000015
14863  -48.745  -73.490  18.574 0.1000000015
140486  -53.222  -67.539  16.588 0.1000000015
23033  -49.261  -64.929  17.810 0.1000000015
21179  -52.411  -66.407  16.930 0.1000000015
23943  -50.572  -63.672  18.628 0.1000000015
23012  -49.999  -64.386  18.168 0.1000000015
12076  -45.595  -76.530  18.356 0.1000000015
12062  -45.246  -77.043  19.343 0.1000000015
11101  -45.567  -78.033  20.378 0.1000000015
23011  -49.000  -64.267  18.223 0.1000000015
10257  -48.284  -79.113  18.033 0.1000000015
9405  -49.010  -80.099  18.598 0.1000000015
137742  -49.910  -65.084  17.740 0.1000000015
11145  -47.653  -77.561  17.611 0.1000000015
13076  -47.652  -75.078  17.914 0.1000000015
125884  -46.753  -75.046  18.027 0.1000000015
23942  -49.627  -63.624  18.609 0.1000000015
134171  -46.403  -73.777  9.447 0.1000000015
14932  -46.990  -73.838  9.648 0.1000000015
140434  -46.330  -73.556  10.001 0.1000000015
140800  -41.093  -86.100  8.235 0.1000000015
4809  -41.035  -86.186  7.362 0.1000000015
4794  -40.920  -85.839  8.699 0.1000000015
4808  -40.418  -86.484  8.032 0.1000000015
132636  -41.721  -85.446  7.488 0.1000000015
5482  -41.390  -85.006  9.616 0.1000000015
5506  -41.566  -85.590  8.699 0.1000000015
5507  -42.479  -84.739  7.879 0.1000000015
126168  -40.375  -84.496  8.842 0.1000000015
6175  -40.903  -84.428  9.363 0.1000000015
5490  -41.528  -85.228  9.430 0.1000000015
130570  -40.799  -83.217  9.410 0.1000000015
6176  -41.469  -84.281  9.936 0.1000000015
12089  -36.931  -76.040  17.670 0.1000000015
13090  -37.232  -75.194  17.606 0.1000000015
13129  -36.598  -75.446  14.477 0.1000000015
127471  -36.080  -75.707  13.941 0.1000000015
13145  -36.679  -75.494  13.553 0.1000000015
13163  -37.071  -75.905  12.148 0.1000000015
5515  -41.597  -85.180  6.118 0.1000000015
13162  -36.305  -75.963  11.953 0.1000000015
11219  -38.213  -76.866  11.789 0.1000000015
6188  -40.261  -83.450  8.828 0.1000000015
6983  -40.003  -82.322  9.022 0.1000000015
5527  -40.907  -85.098  4.767 0.1000000015
12177  -36.763  -76.639  10.790 0.1000000015
10356  -37.869  -78.066  10.331 0.1000000015
141247  -38.461  -79.547  9.744 0.1000000015
7871  -39.360  -81.408  9.090 0.1000000015
129067  -39.996  -81.575  9.513 0.1000000015
7872  -40.422  -81.362  10.048 0.1000000015
6984  -41.300  -82.928  10.013 0.1000000015
5542  -40.108  -85.430  4.582 0.1000000015
12176  -36.122  -76.593  10.447 0.1000000015
9519  -37.847  -79.280  9.391 0.1000000015
8702  -39.596  -80.817  9.798 0.1000000015
8689  -40.195  -80.622  10.514 0.1000000015
13089  -36.926  -75.511  17.071 0.1000000015
13104  -36.774  -75.498  16.433 0.1000000015
13130  -37.328  -75.186  14.729 0.1000000015
5516  -42.513  -84.401  6.279 0.1000000015
131832  -37.147  -75.311  14.104 0.1000000015
13155  -37.285  -75.654  12.881 0.1000000015
13146  -37.501  -75.475  13.590 0.1000000015
4842  -41.120  -85.345  5.417 0.1000000015
10357  -38.680  -78.528  10.779 0.1000000015
9505  -38.936  -79.403  10.341 0.1000000015
8688  -39.515  -80.073  10.361 0.1000000015
7873  -41.057  -81.971  10.179 0.1000000015
10358  -39.237  -79.075  10.911 0.1000000015
9506  -39.480  -79.561  10.755 0.1000000015
8690  -41.092  -81.245  10.695 0.1000000015
138954  -37.612  -74.883  18.122 0.1000000015
13978  -38.129  -74.600  18.229 0.1000000015
13967  -38.438  -74.591  19.022 0.1000000015
5508  -43.231  -84.017  7.704 0.1000000015
14003  -37.673  -74.770  16.438 0.1000000015
131639  -38.280  -74.736  16.031 0.1000000015
5491  -42.162  -85.195  9.346 0.1000000015
6207  -43.900  -83.438  7.127 0.1000000015
13131  -37.980  -75.082  14.819 0.1000000015
5484  -42.068  -85.044  10.101 0.1000000015
6206  -43.275  -83.830  6.697 0.1000000015
125483  -37.776  -75.291  14.220 0.1000000015
12142  -38.628  -76.126  13.125 0.1000000015
11202  -38.835  -76.788  12.497 0.1000000015
145543  -38.835  -78.069  11.283 0.1000000015
11233  -38.230  -77.594  11.104 0.1000000015
11220  -38.987  -77.628  11.846 0.1000000015
9491  -40.399  -79.618  11.528 0.1000000015
8672  -40.704  -80.347  11.152 0.1000000015
10344  -39.344  -78.528  11.441 0.1000000015
9490  -39.746  -79.283  11.238 0.1000000015
13979  -39.051  -74.549  18.336 0.1000000015
5492  -42.931  -84.414  8.771 0.1000000015
13995  -38.611  -74.582  17.520 0.1000000015
13091  -39.410  -74.750  17.486 0.1000000015
13980  -39.814  -74.787  18.775 0.1000000015
13969  -39.907  -74.788  19.620 0.1000000015
5477  -42.540  -84.728  10.619 0.1000000015
5478  -42.702  -84.785  10.089 0.1000000015
6189  -43.589  -83.811  9.179 0.1000000015
13116  -38.975  -74.809  16.214 0.1000000015
14005  -39.049  -74.677  16.907 0.1000000015
5476  -42.053  -84.761  10.396 0.1000000015
130476  -38.564  -75.436  14.428 0.1000000015
138620  -38.666  -75.062  15.325 0.1000000015
8673  -41.490  -80.791  11.435 0.1000000015
6972  -41.895  -83.830  10.555 0.1000000015
13148  -39.077  -75.959  13.862 0.1000000015
11203  -39.571  -77.385  12.629 0.1000000015
10327  -39.805  -78.124  12.168 0.1000000015
13070  -39.781  -74.854  18.060 0.1000000015
13092  -40.148  -75.234  17.471 0.1000000015
6166  -42.461  -84.447  10.941 0.1000000015
6221  -44.096  -83.120  6.127 0.1000000015
9492  -41.116  -79.999  11.823 0.1000000015
7844  -41.815  -81.624  11.178 0.1000000015
11204  -40.233  -77.820  12.840 0.1000000015
12125  -39.775  -76.434  14.085 0.1000000015
12143  -39.455  -76.693  13.294 0.1000000015
11186  -39.999  -77.281  13.202 0.1000000015
129428  -42.621  -83.621  11.632 0.1000000015
6167  -43.217  -84.610  11.270 0.1000000015
7845  -42.397  -82.600  11.474 0.1000000015
13106  -39.708  -75.132  16.669 0.1000000015
8658  -41.890  -80.446  12.132 0.1000000015
8674  -42.240  -81.419  11.776 0.1000000015
124493  -39.554  -75.389  15.744 0.1000000015
10328  -40.498  -78.518  12.489 0.1000000015
9473  -40.782  -79.258  12.172 0.1000000015
13132  -39.468  -75.782  14.762 0.1000000015
11187  -40.530  -77.526  13.519 0.1000000015
10317  -40.881  -78.146  13.136 0.1000000015
12144  -40.141  -76.961  13.762 0.1000000015
6158  -43.247  -84.360  11.876 0.1000000015
6159  -43.726  -84.325  11.780 0.1000000015
8659  -42.712  -81.143  12.567 0.1000000015
7835  -42.826  -82.436  12.190 0.1000000015
12090  -40.479  -75.706  16.797 0.1000000015
9461  -42.474  -79.624  13.575 0.1000000015
9475  -42.217  -80.039  12.845 0.1000000015
10329  -41.173  -78.863  12.805 0.1000000015
138632  -40.184  -76.481  14.672 0.1000000015
6152  -43.723  -84.362  12.735 0.1000000015
6952  -43.239  -83.714  12.663 0.1000000015
8660  -43.211  -81.386  13.214 0.1000000015
7836  -43.243  -82.430  12.927 0.1000000015
13093  -40.896  -75.877  17.624 0.1000000015
11188  -41.145  -77.840  13.878 0.1000000015
13117  -40.170  -76.033  15.420 0.1000000015
6153  -44.380  -84.246  13.389 0.1000000015
12106  -40.748  -76.291  16.089 0.1000000015
13968  -39.202  -74.551  19.255 0.1000000015
13945  -40.124  -74.841  21.299 0.1000000015
13034  -40.688  -75.249  20.841 0.1000000015
13052  -40.593  -75.281  19.999 0.1000000015
13958  -40.003  -74.809  20.461 0.1000000015
128924  -36.580  -75.543  15.730 0.1000000015
12160  -37.964  -76.169  12.442 0.1000000015
12171  -36.872  -76.254  11.468 0.1000000015
11218  -37.523  -76.796  11.217 0.1000000015
11232  -37.371  -77.260  10.547 0.1000000015
10373  -38.217  -78.899  10.054 0.1000000015
8701  -38.937  -80.089  9.770 0.1000000015
7870  -38.829  -80.671  9.183 0.1000000015
140668  -39.167  -82.047  8.556 0.1000000015
14011  -37.654  -74.920  15.514 0.1000000015
7856  -41.747  -82.461  10.691 0.1000000015
14004  -38.393  -74.638  16.743 0.1000000015
10345  -40.095  -78.894  11.839 0.1000000015
5473  -42.855  -84.661  11.222 0.1000000015
6973  -42.343  -83.580  11.155 0.1000000015
6951  -42.865  -83.661  12.039 0.1000000015
10318  -41.487  -78.513  13.501 0.1000000015
6963  -43.327  -84.226  12.373 0.1000000015
13957  -39.419  -74.646  20.911 0.1000000015
2910  -36.952  -89.121  0.664 0.1000000015
2898  -35.884  -88.995  1.606 0.1000000015
2409  -38.912  -89.262  -3.090 0.1000000015
2400  -38.898  -89.349  -2.253 0.1000000015
2389  -39.350  -88.950  -1.862 0.1000000015
2937  -39.181  -88.619  -1.391 0.1000000015
2362  -37.055  -89.538  0.518 0.1000000015
2963  -39.226  -88.776  -3.701 0.1000000015
3595  -39.956  -87.578  -4.514 0.1000000015
4251  -40.049  -86.853  -5.036 0.1000000015
2909  -36.275  -88.682  0.929 0.1000000015
2908  -35.345  -88.176  1.113 0.1000000015
133990  -34.998  -88.479  1.739 0.1000000015
3534  -36.672  -88.425  0.289 0.1000000015
2923  -38.556  -88.801  -1.082 0.1000000015
2922  -38.025  -88.945  -0.705 0.1000000015
2911  -37.469  -88.940  -0.018 0.1000000015
2346  -35.734  -89.534  2.246 0.1000000015
2952  -39.808  -88.579  -2.287 0.1000000015
2374  -37.631  -89.204  -0.471 0.1000000015
126789  -38.079  -89.364  -1.314 0.1000000015
2965  -40.273  -88.186  -2.777 0.1000000015
4252  -40.703  -86.821  -4.485 0.1000000015
4941  -39.823  -85.962  -5.338 0.1000000015
4152  -30.696  -85.804  3.014 0.1000000015
3513  -31.544  -87.476  2.867 0.1000000015
4872  -30.978  -85.474  2.202 0.1000000015
3532  -34.718  -87.367  0.521 0.1000000015
3525  -34.437  -87.778  1.338 0.1000000015
2897  -34.120  -88.191  1.981 0.1000000015
3515  -33.107  -87.926  2.278 0.1000000015
3514  -32.244  -87.496  2.382 0.1000000015
4154  -31.682  -86.809  2.223 0.1000000015
3543  -35.250  -87.197  -0.241 0.1000000015
129926  -36.107  -87.617  -0.276 0.1000000015
2887  -34.812  -88.940  2.330 0.1000000015
3545  -37.982  -88.389  -0.815 0.1000000015
3544  -37.062  -88.077  -0.419 0.1000000015
3596  -40.588  -87.420  -3.943 0.1000000015
4871  -30.774  -85.093  2.632 0.1000000015
4153  -31.067  -86.185  2.415 0.1000000015
5548  -30.718  -85.064  3.262 0.1000000015
3524  -33.551  -87.487  1.602 0.1000000015
4166  -33.099  -86.765  1.246 0.1000000015
3523  -32.651  -87.170  1.845 0.1000000015
3531  -33.879  -87.090  0.952 0.1000000015
4187  -34.525  -86.663  -0.208 0.1000000015
3551  -38.836  -88.182  -1.135 0.1000000015
3552  -39.572  -87.947  -1.380 0.1000000015
3553  -40.231  -87.626  -1.699 0.1000000015
139363  -40.640  -87.643  -2.553 0.1000000015
4226  -41.147  -86.902  -3.400 0.1000000015
4189  -36.370  -87.209  -0.916 0.1000000015
4142  -30.882  -86.766  3.020 0.1000000015
132756  -31.505  -85.997  1.776 0.1000000015
3550  -37.222  -87.413  -1.054 0.1000000015
3506  -31.002  -87.476  3.428 0.1000000015
131136  -35.080  -86.499  -0.803 0.1000000015
4188  -35.680  -86.988  -0.758 0.1000000015
126117  -30.611  -87.081  4.605 0.1000000015
4912  -36.841  -85.455  -1.937 0.1000000015
5594  -36.266  -84.683  -2.135 0.1000000015
6305  -36.832  -83.982  -2.384 0.1000000015
4164  -32.026  -85.686  1.208 0.1000000015
4177  -33.451  -86.411  0.589 0.1000000015
4186  -33.842  -86.155  -0.122 0.1000000015
4197  -35.032  -85.776  -1.252 0.1000000015
140783  -34.425  -85.348  -1.105 0.1000000015
4902  -35.780  -85.424  -1.718 0.1000000015
5587  -35.421  -84.495  -1.914 0.1000000015
4895  -33.729  -85.297  -0.594 0.1000000015
4176  -32.714  -86.051  0.880 0.1000000015
4887  -33.164  -85.667  0.209 0.1000000015
5575  -34.153  -84.689  -1.213 0.1000000015
125160  -34.412  -85.955  -0.725 0.1000000015
124965  -37.057  -84.757  -2.233 0.1000000015
124925  -34.888  -84.999  -1.510 0.1000000015
2375  -38.273  -89.091  -1.003 0.1000000015
2401  -39.344  -89.056  -2.480 0.1000000015
2885  -32.306  -88.050  2.840 0.1000000015
2899  -36.663  -89.449  1.173 0.1000000015
2938  -39.772  -88.311  -1.718 0.1000000015
2939  -40.342  -87.999  -2.109 0.1000000015
2964  -39.634  -88.745  -3.015 0.1000000015
2980  -40.025  -88.173  -3.609 0.1000000015
3533  -35.727  -87.890  0.412 0.1000000015
3563  -40.713  -87.333  -2.147 0.1000000015
3564  -41.027  -87.097  -2.694 0.1000000015
3578  -40.680  -87.598  -3.196 0.1000000015
4165  -32.268  -86.428  1.512 0.1000000015
4178  -34.073  -86.724  0.357 0.1000000015
4198  -35.814  -86.400  -1.280 0.1000000015
5483  -41.761  -85.014  9.957 0.1000000015
5528  -41.538  -84.706  5.039 0.1000000015
6962  -42.838  -84.286  11.683 0.1000000015
6998  -46.685  -81.511  7.778 0.1000000015
7074  -38.808  -83.171  3.144 0.2000000030
7877  -48.348  -80.434  8.899 0.3000000119
7888  -47.767  -80.720  8.408 0.3000000119
7899  -45.950  -81.292  7.048 0.5000000000
7901  -47.252  -80.920  7.818 0.3000000119
8613  -50.255  -80.664  17.535 0.2000000030
8677  -49.730  -79.737  11.215 0.3000000119
8717  -47.595  -80.538  8.292 0.3000000119
8774  -33.748  -80.621  3.149 0.1000000015
8785  -33.401  -80.046  2.626 0.1000000015
8788  -36.491  -80.764  2.014 0.2000000030
8800  -39.201  -80.057  1.881 0.3000000119
9439  -51.060  -79.509  15.797 0.2000000030
9460  -41.824  -79.230  13.165 0.1000000015
9474  -41.489  -79.622  12.489 0.1000000015
9476  -49.915  -79.520  12.119 0.2000000030
9507  -39.982  -79.933  10.941 0.1000000015
9511  -49.354  -79.719  9.917 0.3000000119
9524  -48.979  -79.888  9.400 0.3000000119
9540  -48.078  -80.134  8.677 0.3000000119
9579  -38.919  -80.280  4.971 0.3000000119
9598  -35.252  -79.519  2.511 0.1000000015
9603  -44.115  -79.316  1.552 0.4000000060
9604  -44.606  -79.406  1.222 0.2000000030
9614  -42.310  -79.413  0.893 0.4000000060
9615  -43.037  -79.580  1.166 0.4000000060
10242  -51.636  -78.073  17.464 0.3000000119
10261  -51.467  -78.565  17.460 0.3000000119
10262  -51.934  -78.201  17.339 0.3000000119
10280  -52.212  -78.258  17.039 0.3000000119
10320  -50.958  -78.253  13.314 0.2000000030
10334  -50.284  -78.530  11.677 0.3000000119
10359  -43.689  -78.068  10.221 0.4000000060
10440  -45.319  -79.173  1.180 0.2000000030
10446  -39.336  -78.409  0.721 0.2000000030
10456  -44.652  -78.256  -0.158 0.1000000015
10520  -43.401  -78.333  -8.285 0.1000000015
10554  -42.571  -78.447  -9.843 0.1000000015
11148  -50.595  -78.193  17.764 0.3000000119
11149  -52.057  -77.601  17.425 0.3000000119
11193  -49.487  -77.428  13.062 0.2000000030
11275  -40.228  -77.101  4.907 0.5000000000
11321  -43.118  -78.387  0.162 0.1000000015
11333  -45.349  -77.629  -0.240 0.1000000015
11402  -43.594  -77.724  -7.808 0.1000000015
12080  -52.590  -76.123  17.363 0.3000000119
12109  -53.092  -76.258  16.771 0.3000000119
12115  -40.706  -76.689  15.217 0.1000000015
12117  -52.790  -76.876  15.838 0.3000000119
12118  -53.038  -76.377  16.196 0.3000000119
12149  -47.779  -76.755  13.599 0.3000000119
12172  -37.535  -76.378  11.795 0.1000000015
12175  -35.494  -76.526  10.532 0.1000000015
12203  -40.461  -76.419  5.272 0.5000000000
12210  -47.752  -76.542  4.026 0.2000000030
12226  -48.572  -76.642  3.406 0.1000000015
12263  -35.882  -76.688  0.231 0.1000000015
12271  -43.221  -76.619  0.153 0.1000000015
12287  -36.275  -76.414  -0.232 0.2000000030
12302  -36.720  -76.166  -0.816 0.1000000015
12321  -41.147  -75.922  -4.091 0.1000000015
13082  -52.893  -75.266  17.419 0.3000000119
13105  -37.213  -75.049  16.835 0.1000000015
13107  -40.170  -75.674  16.130 0.1000000015
13108  -53.315  -75.552  16.827 0.3000000119
13115  -36.905  -75.229  15.266 0.1000000015
13147  -38.280  -75.625  13.696 0.1000000015
13156  -37.961  -75.744  13.109 0.1000000015
13233  -43.956  -75.639  4.122 0.4000000060
13258  -37.842  -75.721  -0.206 0.1000000015
13267  -46.689  -76.183  -0.386 0.1000000015
13288  -41.789  -75.548  -4.450 0.1000000015
13302  -44.127  -75.413  -7.102 0.1000000015
13322  -44.024  -75.476  -8.921 0.1000000015
13323  -44.256  -75.579  -8.262 0.1000000015
13972  -52.731  -73.857  17.893 0.2000000030
13986  -49.005  -74.255  18.163 0.1000000015
13994  -37.739  -74.713  17.383 0.1000000015
14002  -37.084  -75.072  16.050 0.1000000015
14007  -53.507  -74.839  16.859 0.3000000119
14014  -46.633  -74.209  15.269 0.3000000119
14016  -48.975  -74.401  15.371 0.3000000119
14020  -52.984  -75.090  15.809 0.3000000119
14029  -46.935  -74.840  14.892 0.3000000119
14075  -44.162  -74.173  6.888 0.4000000060
14101  -41.437  -74.666  5.822 0.4000000060
14181  -48.066  -73.761  -1.461 0.1000000015
14262  -44.571  -73.994  -9.237 0.1000000015
14273  -42.710  -73.976  -11.666 0.1000000015
14852  -53.136  -73.215  17.992 0.2000000030
14889  -51.984  -74.022  15.740 0.3000000119
14898  -44.424  -73.985  15.018 0.5000000000
14914  -40.397  -73.177  10.828 0.4000000060
14949  -42.495  -72.955  8.202 0.4000000060
14953  -46.748  -74.018  8.984 0.1000000015
14959  -40.607  -74.067  8.006 0.5000000000
15058  -43.376  -74.059  -0.723 0.1000000015
15076  -44.490  -73.392  -1.533 0.1000000015
15095  -47.826  -73.172  -2.059 0.1000000015
15151  -40.983  -73.251  -6.731 0.1000000015
15192  -45.367  -72.347  -9.409 0.1000000015
15203  -43.013  -72.995  -11.200 0.1000000015
15805  -52.858  -72.896  16.236 0.3000000119
15815  -43.306  -72.507  15.623 0.5000000000
15821  -49.651  -72.757  16.147 0.3000000119
15840  -40.614  -72.608  12.726 0.3000000119
15859  -40.980  -72.259  9.843 0.4000000060
15879  -43.729  -72.628  9.409 0.4000000060
15880  -45.125  -73.055  10.027 0.3000000119
15968  -44.997  -72.452  2.635 0.1000000015
15988  -49.338  -72.018  1.690 0.1000000015
16024  -49.565  -72.091  -1.840 0.1000000015
16098  -45.379  -72.752  -5.855 0.1000000015
16129  -41.818  -72.753  -7.984 0.1000000015
16131  -43.441  -71.741  -8.387 0.1000000015
16146  -45.938  -72.044  -9.076 0.1000000015
16742  -54.063  -71.214  17.383 0.1000000015
16745  -53.925  -71.806  17.064 0.2000000030
16746  -54.161  -71.032  16.961 0.1000000015
16873  -41.715  -70.969  4.740 0.1000000015
16888  -42.739  -71.337  3.638 0.1000000015
16921  -50.730  -70.086  1.984 0.1000000015
16923  -52.235  -70.836  1.926 0.1000000015
16948  -51.558  -70.854  -0.182 0.1000000015
16987  -43.366  -70.890  -3.976 0.1000000015
17003  -47.214  -71.744  -5.176 0.1000000015
17005  -48.755  -70.756  -4.820 0.1000000015
17021  -48.184  -70.477  -6.116 0.1000000015
17034  -47.618  -71.172  -7.049 0.1000000015
17051  -46.543  -70.991  -8.488 0.1000000015
17053  -47.443  -70.598  -7.304 0.1000000015
17064  -46.009  -71.474  -8.886 0.1000000015
17070  -44.714  -71.817  -9.647 0.1000000015
17627  -53.704  -70.642  18.089 0.1000000015
17630  -54.245  -70.641  17.189 0.1000000015
17645  -53.562  -70.312  16.495 0.1000000015
17654  -41.836  -70.323  15.965 0.2000000030
17655  -54.016  -70.152  16.657 0.1000000015
17709  -46.327  -70.780  11.927 0.1000000015
17774  -41.318  -70.402  4.913 0.1000000015
17786  -43.186  -70.754  3.375 0.1000000015
17797  -44.666  -70.840  2.695 0.1000000015
17807  -46.102  -70.198  2.161 0.1000000015
17839  -51.483  -69.908  -0.474 0.1000000015
17852  -41.287  -70.456  -1.233 0.1000000015
17854  -50.250  -70.207  -2.013 0.1000000015
17884  -45.803  -69.996  -4.765 0.1000000015
17912  -48.080  -70.097  -6.204 0.1000000015
17922  -46.331  -70.363  -7.266 0.1000000015
17924  -47.662  -70.206  -6.682 0.1000000015
18516  -54.291  -69.853  17.279 0.1000000015
18529  -53.751  -69.643  16.521 0.2000000030
18558  -40.442  -69.427  13.398 0.3000000119
18566  -40.705  -69.424  12.632 0.3000000119
18665  -43.873  -70.072  3.318 0.1000000015
18689  -49.422  -69.154  1.270 0.1000000015
18698  -41.943  -68.977  0.195 0.1000000015
18702  -47.776  -69.182  0.599 0.1000000015
18705  -51.271  -68.854  0.435 0.1000000015
18715  -40.243  -69.346  -0.478 0.1000000015
18719  -44.312  -69.274  -0.645 0.1000000015
18737  -42.776  -69.784  -1.063 0.1000000015
18740  -45.291  -69.479  -1.710 0.1000000015
18763  -48.053  -69.347  -2.956 0.1000000015
18764  -48.893  -69.400  -2.949 0.1000000015
18765  -49.453  -69.614  -2.904 0.1000000015
18782  -46.786  -69.525  -3.886 0.1000000015
18804  -47.274  -69.986  -6.463 0.1000000015
19438  -41.996  -68.259  16.772 0.2000000030
19443  -52.272  -68.705  16.431 0.2000000030
19445  -54.059  -68.914  16.650 0.1000000015
19458  -40.958  -68.196  15.713 0.3000000119
19465  -40.540  -68.138  14.419 0.3000000119
19563  -40.670  -68.642  5.348 0.1000000015
19603  -44.520  -69.514  2.592 0.1000000015
19622  -41.431  -68.395  0.604 0.1000000015
19634  -39.845  -68.722  -0.612 0.1000000015
19645  -39.586  -68.612  -1.215 0.1000000015
20287  -49.507  -67.722  16.643 0.3000000119
20311  -40.726  -67.474  14.557 0.3000000119
20323  -42.001  -67.281  13.222 0.2000000030
20333  -41.741  -68.075  12.940 0.2000000030
20430  -43.462  -67.719  4.218 0.1000000015
20466  -40.441  -67.634  0.201 0.1000000015
20467  -40.983  -67.758  0.754 0.1000000015
20486  -39.823  -67.867  -1.309 0.1000000015
20496  -39.887  -67.827  -2.061 0.1000000015
21177  -49.969  -66.290  17.139 0.2000000030
21194  -49.699  -66.994  16.802 0.2000000030
21216  -41.180  -66.270  14.850 0.2000000030
21340  -42.044  -66.323  1.958 0.1000000015
21345  -40.491  -66.915  0.083 0.1000000015
21346  -40.960  -66.498  0.751 0.1000000015
21351  -40.486  -66.764  -0.657 0.1000000015
21363  -40.608  -66.699  -1.475 0.1000000015
21375  -40.746  -66.827  -2.376 0.1000000015
22111  -50.326  -65.590  17.469 0.1000000015
22125  -42.792  -66.169  17.208 0.1000000015
22164  -45.696  -65.668  12.843 0.1000000015
22257  -44.407  -65.684  4.470 0.1000000015
22278  -43.767  -65.684  2.975 0.1000000015
22279  -44.834  -65.425  3.533 0.1000000015
22282  -41.533  -65.944  1.278 0.1000000015
22288  -41.932  -65.074  -0.087 0.1000000015
22294  -42.195  -65.118  -1.124 0.1000000015
23058  -41.998  -64.423  15.715 0.2000000030
23076  -42.964  -64.433  13.840 0.1000000015
23106  -53.488  -64.693  11.402 0.1000000015
23151  -40.028  -64.014  6.212 0.1000000015
23192  -46.264  -64.460  3.942 0.1000000015
23215  -43.253  -64.457  0.800 0.1000000015
23922  -50.172  -63.035  19.029 0.1000000015
23936  -43.871  -62.876  17.922 0.1000000015
23952  -42.980  -63.298  17.122 0.1000000015
23966  -42.694  -63.439  16.620 0.1000000015
23999  -42.698  -63.944  14.301 0.1000000015
24015  -50.546  -63.479  12.606 0.1000000015
24075  -40.334  -63.248  6.078 0.1000000015
24089  -43.410  -63.970  5.034 0.1000000015
24114  -46.659  -63.973  3.950 0.1000000015
24135  -45.463  -64.001  1.440 0.1000000015
24136  -46.372  -63.832  1.674 0.1000000015
24920  -43.648  -62.168  17.767 0.1000000015
25056  -40.554  -61.863  6.317 0.1000000015
25069  -43.403  -62.350  4.914 0.1000000015
25081  -45.798  -63.239  4.373 0.1000000015
25097  -46.754  -63.330  3.737 0.1000000015
25941  -46.015  -61.906  18.858 0.1000000015
25962  -43.321  -61.358  16.967 0.1000000015
25995  -46.788  -61.363  13.665 0.1000000015
26069  -39.770  -61.277  7.320 0.1000000015
26086  -39.865  -61.922  6.904 0.1000000015
26919  -48.313  -60.512  20.003 0.1000000015
26930  -45.186  -59.942  18.801 0.1000000015
27043  -39.343  -60.537  8.475 0.1000000015
27089  -41.558  -60.360  5.943 0.1000000015
27091  -42.864  -60.672  5.278 0.1000000015
27103  -43.550  -60.659  4.831 0.1000000015
27104  -44.267  -61.013  4.334 0.1000000015
27940  -44.681  -59.558  15.719 0.1000000015
27953  -46.123  -59.726  14.672 0.1000000015
28892  -44.920  -58.652  18.481 0.1000000015
29869  -48.506  -57.564  20.243 0.1000000015
121998  -40.934  -73.415  8.068 0.5000000000
123494  -44.024  -64.280  1.196 0.1000000015
124158  -44.011  -64.160  0.223 0.1000000015
124218  -46.555  -72.608  2.162 0.1000000015
124492  -43.551  -68.088  3.313 0.1000000015
124943  -44.310  -62.591  4.663 0.1000000015
125830  -46.456  -78.386  0.843 0.1000000015
125877  -52.669  -71.444  16.412 0.2000000030
126198  -38.683  -74.553  19.704 0.1000000015
126544  -44.407  -72.800  9.717 0.3000000119
126566  -44.836  -77.249  12.583 0.5000000000
126690  -40.622  -82.170  9.647 0.1000000015
127203  -42.034  -62.918  5.342 0.1000000015
127679  -41.054  -73.299  12.965 0.4000000060
128038  -45.033  -58.024  18.351 0.1000000015
128643  -46.682  -81.087  7.394 0.3000000119
128780  -48.930  -73.710  15.720 0.3000000119
129008  -40.621  -75.821  5.559 0.5000000000
130258  -39.242  -61.298  9.017 0.1000000015
130847  -36.401  -75.617  15.109 0.1000000015
130872  -44.169  -64.467  1.956 0.1000000015
130937  -42.395  -73.914  6.573 0.4000000060
132749  -42.503  -77.097  3.224 0.4000000060
132886  -46.358  -68.043  12.616 0.1000000015
133188  -47.092  -75.373  14.573 0.3000000119
133324  -46.252  -68.587  17.264 0.3000000119
133368  -44.583  -71.327  16.527 0.4000000060
133851  -44.297  -78.933  1.986 0.4000000060
133921  -39.482  -61.980  7.669 0.1000000015
134821  -53.546  -73.855  17.258 0.3000000119
134935  -44.544  -70.788  -6.351 0.1000000015
134985  -51.707  -69.275  0.233 0.1000000015
135345  -43.547  -68.952  3.700 0.1000000015
135775  -40.552  -66.025  5.509 0.1000000015
135803  -52.978  -72.256  16.389 0.3000000119
136227  -44.754  -66.988  17.466 0.1000000015
136409  -51.572  -71.600  18.704 0.1000000015
136502  -52.370  -75.462  15.346 0.3000000119
137189  -43.525  -67.419  12.965 0.1000000015
137463  -49.525  -73.031  18.686 0.1000000015
137611  -52.252  -67.283  16.619 0.1000000015
137980  -44.457  -71.850  16.314 0.4000000060
138016  -42.848  -82.579  5.761 0.2000000030
138912  -40.357  -70.274  13.498 0.4000000060
139193  -41.578  -73.084  -9.175 0.1000000015
139196  -43.597  -83.726  8.126 0.1000000015
139393  -45.366  -61.517  18.755 0.1000000015
140074  -48.809  -58.054  20.563 0.1000000015
140216  -43.610  -82.626  5.793 0.2000000030
140717  -47.372  -68.857  12.459 0.1000000015
140838  -30.688  -87.067  3.796 0.1000000015
141343  -44.521  -79.841  7.724 0.5000000000
141985  -49.896  -69.946  1.852 0.1000000015
142010  -44.748  -78.919  9.654 0.4000000060
142516  -45.416  -62.346  4.177 0.1000000015
142613  -41.332  -71.186  15.010 0.3000000119
143902  -42.131  -72.048  -5.120 0.1000000015
143906  -47.658  -69.912  12.271 0.1000000015
143950  -46.106  -78.348  0.280 0.1000000015
143986  -44.422  -72.918  -10.141 0.1000000015
144330  -48.897  -65.324  17.622 0.1000000015
144667  -41.019  -74.518  -1.328 0.1000000015
144772  -43.520  -65.921  17.448 0.1000000015
144913  -38.413  -89.499  -2.734 0.1000000015
144944  -45.095  -70.532  -6.404 0.1000000015
145069  -35.367  -88.955  1.992 0.1000000015
145167  -43.632  -74.350  14.491 0.5000000000
145437  -39.478  -87.460  -5.046 0.1000000015
145563  -45.544  -72.262  -3.697 0.1000000015
145780  -40.216  -76.758  14.212 0.1000000015
145930  -44.875  -75.605  14.106 0.5000000000
146015  -44.458  -70.262  12.039 0.2000000030
146054  -44.452  -70.179  -3.451 0.1000000015
146070  -42.697  -83.803  5.520 0.1000000015
146487  -47.456  -77.464  2.388 0.1000000015
146541  -41.228  -61.802  5.856 0.1000000015
146630  -41.798  -79.273  2.447 0.4000000060
