#!ascii label  , from subject sub-fsm39ap vox2ras=TkReg
1040
42111  -21.600  -65.180  76.290 0.0000000000
52782  -46.017  -56.198  66.988 0.0000000000
144570  -53.154  -54.346  60.101 0.0000000000
60604  -52.397  -49.256  56.409 0.0000000000
47640  -44.117  -60.810  67.386 0.0000000000
141756  -55.734  -53.381  56.453 0.0000000000
69530  -50.645  -39.548  54.654 0.0000000000
69574  -57.391  -39.986  52.504 0.0000000000
49788  -48.037  -58.259  62.601 0.0000000000
48806  -52.648  -59.098  60.120 0.0000000000
55990  -48.992  -54.204  63.529 0.0000000000
46389  -22.858  -62.165  79.024 0.0000000000
43177  -28.236  -64.417  78.915 0.0000000000
42113  -31.979  -65.522  76.936 0.0000000000
42148  -35.604  -65.702  73.634 0.0000000000
41056  -39.713  -65.993  71.221 0.0000000000
42198  -43.709  -64.959  68.967 0.0000000000
45448  -47.662  -62.424  66.815 0.0000000000
49892  -55.197  -58.186  54.721 0.0000000000
69601  -59.578  -39.833  50.903 0.0000000000
50709  -49.047  -57.814  65.891 0.0000000000
51789  -49.709  -56.248  63.810 0.0000000000
53788  -47.116  -54.523  65.548 0.0000000000
45329  -23.062  -62.299  76.299 0.0000000000
45313  -25.297  -63.277  78.776 0.0000000000
43295  -39.932  -64.547  69.862 0.0000000000
139679  -41.739  -65.436  69.989 0.0000000000
45399  -41.940  -63.156  69.207 0.0000000000
49716  -45.568  -59.142  67.254 0.0000000000
144624  -45.780  -61.045  68.696 0.0000000000
143668  -48.068  -59.703  67.495 0.0000000000
46641  -48.733  -60.924  64.934 0.0000000000
50771  -54.175  -57.045  61.073 0.0000000000
48868  -54.051  -59.229  57.749 0.0000000000
50812  -56.048  -57.148  58.344 0.0000000000
57253  -54.641  -50.789  56.589 0.0000000000
56113  -57.947  -52.061  54.487 0.0000000000
59608  -56.234  -50.029  54.135 0.0000000000
143358  -52.930  -48.827  53.896 0.0000000000
68515  -54.789  -40.655  57.671 0.0000000000
68501  -51.153  -41.178  58.298 0.0000000000
46598  -42.076  -62.080  67.013 0.0000000000
59575  -50.870  -49.635  55.288 0.0000000000
69533  -53.901  -39.703  54.477 0.0000000000
66728  -56.907  -42.449  54.205 0.0000000000
65853  -60.310  -42.786  48.934 0.0000000000
48818  -47.590  -59.094  59.309 0.0000000000
49803  -49.611  -57.959  61.154 0.0000000000
51805  -51.881  -56.275  62.680 0.0000000000
43162  -22.218  -63.527  79.378 0.0000000000
39898  -28.751  -67.104  78.071 0.0000000000
43189  -30.567  -64.912  77.703 0.0000000000
39900  -30.905  -66.793  77.341 0.0000000000
38759  -32.663  -67.537  76.020 0.0000000000
38785  -34.366  -68.417  74.187 0.0000000000
38796  -36.549  -68.376  73.050 0.0000000000
41044  -37.514  -66.482  72.506 0.0000000000
38838  -40.394  -67.816  69.486 0.0000000000
46565  -43.905  -62.022  68.960 0.0000000000
141247  -45.936  -63.986  68.014 0.0000000000
42241  -46.162  -65.187  64.983 0.0000000000
44479  -47.613  -63.817  63.325 0.0000000000
46686  -47.408  -60.952  62.152 0.0000000000
160803  -57.572  -55.093  56.121 0.0000000000
65699  -49.797  -44.102  57.564 0.0000000000
61666  -51.857  -47.096  57.889 0.0000000000
43185  -20.677  -63.714  78.129 0.0000000000
51773  -48.095  -56.847  66.935 0.0000000000
52792  -48.424  -56.125  66.023 0.0000000000
52789  -46.845  -55.340  66.409 0.0000000000
43319  -40.228  -64.269  67.862 0.0000000000
44395  -40.909  -63.803  69.302 0.0000000000
44419  -41.379  -63.058  67.918 0.0000000000
50692  -45.734  -57.362  67.104 0.0000000000
150357  -46.706  -58.775  67.939 0.0000000000
50687  -47.452  -57.866  67.639 0.0000000000
48686  -48.844  -58.994  66.727 0.0000000000
149724  -55.149  -57.304  59.732 0.0000000000
143774  -55.053  -55.567  59.527 0.0000000000
58462  -53.249  -50.062  56.576 0.0000000000
59578  -55.703  -50.283  55.830 0.0000000000
59576  -54.627  -49.945  55.728 0.0000000000
59590  -54.746  -49.527  54.149 0.0000000000
60634  -53.178  -49.295  55.768 0.0000000000
66702  -55.397  -42.093  56.661 0.0000000000
66682  -54.518  -41.578  57.798 0.0000000000
66712  -53.721  -42.734  55.969 0.0000000000
69571  -54.537  -39.980  52.738 0.0000000000
69553  -55.801  -39.934  53.790 0.0000000000
139243  -56.066  -40.291  55.064 0.0000000000
68558  -57.044  -40.684  53.622 0.0000000000
65757  -57.639  -42.932  53.082 0.0000000000
67666  -58.216  -41.511  52.505 0.0000000000
67691  -60.198  -41.471  50.295 0.0000000000
49801  -47.623  -58.555  61.034 0.0000000000
49825  -48.304  -58.460  60.410 0.0000000000
50765  -48.421  -57.704  62.079 0.0000000000
52805  -50.091  -55.145  63.999 0.0000000000
51804  -50.933  -56.315  62.843 0.0000000000
52813  -51.461  -55.100  63.016 0.0000000000
53820  -52.284  -54.777  62.258 0.0000000000
56001  -50.538  -54.109  62.526 0.0000000000
43163  -23.066  -64.295  79.265 0.0000000000
149826  -24.163  -63.681  79.289 0.0000000000
44239  -27.000  -64.120  78.982 0.0000000000
43216  -31.525  -64.535  75.646 0.0000000000
43190  -31.289  -65.235  77.354 0.0000000000
42096  -30.883  -65.630  77.775 0.0000000000
40995  -31.752  -66.343  77.060 0.0000000000
161982  -32.110  -67.146  76.613 0.0000000000
41003  -32.393  -66.461  76.708 0.0000000000
39941  -35.388  -67.268  74.293 0.0000000000
38787  -35.684  -68.171  73.819 0.0000000000
41031  -36.387  -67.038  73.692 0.0000000000
144151  -39.261  -65.246  70.818 0.0000000000
42167  -37.709  -65.768  71.613 0.0000000000
41046  -38.905  -66.213  71.521 0.0000000000
163582  -38.261  -67.249  72.044 0.0000000000
39983  -39.392  -67.396  71.082 0.0000000000
38836  -39.160  -68.402  70.152 0.0000000000
39997  -40.113  -67.461  70.268 0.0000000000
42185  -42.304  -64.960  69.609 0.0000000000
41072  -41.864  -66.224  69.574 0.0000000000
41084  -43.055  -66.241  68.513 0.0000000000
42210  -44.232  -65.385  68.258 0.0000000000
46580  -42.931  -61.752  68.154 0.0000000000
46581  -43.668  -61.586  68.502 0.0000000000
156781  -47.347  -62.004  67.636 0.0000000000
155655  -46.243  -62.416  68.586 0.0000000000
44420  -46.574  -63.565  67.470 0.0000000000
161224  -46.281  -64.730  66.163 0.0000000000
150577  -47.197  -63.845  65.959 0.0000000000
44455  -47.912  -62.930  65.137 0.0000000000
47693  -48.230  -59.947  63.659 0.0000000000
46660  -48.078  -60.750  63.364 0.0000000000
47712  -47.475  -59.932  62.229 0.0000000000
47746  -46.775  -60.235  60.785 0.0000000000
140241  -21.755  -61.570  77.068 0.0000000000
46395  -21.732  -61.465  78.979 0.0000000000
45299  -21.782  -61.982  79.470 0.0000000000
47762  -51.041  -59.735  58.880 0.0000000000
157966  -52.170  -59.947  58.316 0.0000000000
48885  -54.686  -58.940  55.739 0.0000000000
53906  -55.487  -54.461  56.712 0.0000000000
53895  -56.400  -54.862  56.947 0.0000000000
53907  -56.952  -54.082  56.393 0.0000000000
151206  -56.991  -52.898  53.049 0.0000000000
53938  -57.584  -54.440  53.674 0.0000000000
65681  -51.961  -43.023  59.144 0.0000000000
66678  -50.565  -42.693  58.157 0.0000000000
64721  -51.707  -45.185  58.869 0.0000000000
62672  -51.268  -46.472  58.387 0.0000000000
149425  -52.375  -46.197  57.873 0.0000000000
62692  -52.222  -46.953  56.741 0.0000000000
164291  -57.481  -39.393  51.722 0.0000000000
69576  -58.552  -40.032  51.839 0.0000000000
70684  -58.641  -38.385  50.793 0.0000000000
160807  -59.607  -37.905  50.254 0.0000000000
159958  -48.547  -58.455  64.044 0.0000000000
50745  -48.517  -57.554  62.932 0.0000000000
152153  -49.090  -56.787  64.169 0.0000000000
52797  -48.748  -55.735  65.365 0.0000000000
140686  -47.921  -54.284  64.381 0.0000000000
46411  -23.028  -62.094  77.256 0.0000000000
45312  -24.410  -62.942  78.805 0.0000000000
44265  -27.370  -63.320  77.838 0.0000000000
145923  -40.034  -65.026  70.628 0.0000000000
155239  -40.772  -66.183  70.636 0.0000000000
43287  -41.178  -64.568  70.138 0.0000000000
44357  -41.722  -64.050  69.765 0.0000000000
44358  -42.391  -63.935  69.510 0.0000000000
48684  -45.258  -59.956  67.483 0.0000000000
47598  -44.958  -60.860  68.521 0.0000000000
48667  -46.057  -60.049  68.165 0.0000000000
47601  -47.002  -60.013  68.126 0.0000000000
47642  -48.222  -60.906  66.816 0.0000000000
46626  -48.459  -61.558  65.244 0.0000000000
47643  -48.664  -60.566  66.252 0.0000000000
48739  -48.905  -59.331  65.094 0.0000000000
166413  -21.550  -62.023  74.986 0.0000000000
49807  -53.391  -58.035  61.048 0.0000000000
48824  -53.252  -59.330  59.146 0.0000000000
49846  -54.484  -58.448  59.215 0.0000000000
49856  -55.203  -58.298  58.010 0.0000000000
141200  -56.267  -57.685  56.997 0.0000000000
57265  -54.714  -51.616  56.578 0.0000000000
158773  -56.877  -52.694  56.106 0.0000000000
57267  -56.468  -51.120  56.023 0.0000000000
58513  -57.154  -50.723  54.100 0.0000000000
69500  -52.386  -39.701  56.437 0.0000000000
68523  -50.490  -40.198  56.875 0.0000000000
147073  -53.254  -40.392  58.300 0.0000000000
157503  -53.114  -41.971  59.067 0.0000000000
51780  -44.596  -56.514  65.392 0.0000000000
139498  -44.826  -58.128  65.065 0.0000000000
53873  -53.997  -54.941  58.613 0.0000000000
56085  -53.454  -52.715  56.195 0.0000000000
57263  -53.309  -51.667  56.460 0.0000000000
58476  -52.058  -50.475  56.225 0.0000000000
59562  -51.866  -49.597  56.423 0.0000000000
69531  -51.909  -39.449  54.417 0.0000000000
69501  -54.067  -39.798  56.078 0.0000000000
68525  -55.898  -40.907  56.077 0.0000000000
64761  -56.108  -43.611  54.065 0.0000000000
67680  -59.467  -41.292  51.260 0.0000000000
65829  -59.571  -43.188  50.030 0.0000000000
48840  -48.396  -59.438  58.449 0.0000000000
48803  -49.949  -58.916  60.007 0.0000000000
49828  -51.300  -58.703  60.771 0.0000000000
50746  -49.267  -57.170  62.436 0.0000000000
50768  -51.084  -57.565  61.886 0.0000000000
49806  -52.664  -58.135  61.289 0.0000000000
50750  -53.009  -56.657  62.004 0.0000000000
53821  -53.015  -55.011  61.885 0.0000000000
53795  -45.389  -54.520  64.673 0.0000000000
54850  -46.073  -54.279  64.234 0.0000000000
56008  -48.200  -53.740  62.625 0.0000000000
43187  -21.935  -64.994  77.955 0.0000000000
42103  -22.432  -65.645  77.592 0.0000000000
166892  -28.489  -67.476  76.586 0.0000000000
44288  -26.516  -63.306  75.734 0.0000000000
44279  -27.841  -63.561  76.945 0.0000000000
44253  -29.179  -64.313  78.360 0.0000000000
39899  -30.195  -66.935  77.621 0.0000000000
38783  -32.585  -68.399  75.093 0.0000000000
37603  -33.672  -68.968  73.957 0.0000000000
43268  -35.776  -65.305  72.778 0.0000000000
139262  -36.684  -65.725  72.316 0.0000000000
159408  -36.834  -66.206  72.845 0.0000000000
39966  -37.186  -68.026  72.677 0.0000000000
38808  -37.410  -68.427  72.143 0.0000000000
39999  -41.288  -66.856  69.673 0.0000000000
45429  -41.933  -62.403  67.829 0.0000000000
45400  -42.565  -62.822  69.082 0.0000000000
168409  -43.565  -63.645  69.155 0.0000000000
46566  -44.737  -61.867  69.051 0.0000000000
44376  -45.246  -63.008  69.018 0.0000000000
43309  -44.521  -64.580  68.610 0.0000000000
42220  -45.323  -65.298  66.958 0.0000000000
42231  -45.276  -65.534  66.162 0.0000000000
44491  -47.248  -63.665  62.327 0.0000000000
45520  -48.198  -62.375  64.192 0.0000000000
45534  -47.695  -62.208  62.624 0.0000000000
157144  -46.685  -62.689  60.784 0.0000000000
46721  -46.276  -61.373  60.019 0.0000000000
44233  -21.435  -62.901  79.506 0.0000000000
52852  -55.573  -55.419  58.471 0.0000000000
50832  -56.917  -56.286  57.164 0.0000000000
50860  -56.839  -56.806  55.094 0.0000000000
54969  -57.846  -53.857  55.487 0.0000000000
52907  -57.569  -55.419  54.416 0.0000000000
50865  -56.017  -56.977  54.117 0.0000000000
60614  -50.120  -48.311  56.234 0.0000000000
151958  -51.131  -48.154  57.449 0.0000000000
67624  -49.508  -41.127  56.703 0.0000000000
66698  -48.711  -42.795  56.238 0.0000000000
63703  -49.364  -45.884  56.938 0.0000000000
61682  -50.937  -47.697  57.854 0.0000000000
60615  -52.110  -48.517  56.637 0.0000000000
60633  -52.306  -48.559  56.204 0.0000000000
43199  -20.955  -64.500  76.390 0.0000000000
51772  -47.449  -56.648  67.186 0.0000000000
52783  -47.241  -55.944  66.888 0.0000000000
163007  -46.561  -55.868  66.865 0.0000000000
146204  -40.828  -63.730  68.408 0.0000000000
44418  -40.787  -63.659  67.454 0.0000000000
50701  -45.560  -56.748  66.820 0.0000000000
143937  -46.148  -57.705  67.571 0.0000000000
50693  -46.913  -57.362  67.621 0.0000000000
50695  -47.986  -57.653  67.297 0.0000000000
54901  -53.193  -54.468  60.552 0.0000000000
53847  -54.113  -55.026  60.343 0.0000000000
54902  -53.725  -54.629  60.031 0.0000000000
59555  -53.144  -49.836  56.372 0.0000000000
59564  -54.459  -50.234  56.174 0.0000000000
59563  -53.729  -49.998  56.242 0.0000000000
60617  -53.885  -49.824  55.976 0.0000000000
60616  -53.139  -49.304  55.988 0.0000000000
65735  -54.938  -43.404  54.963 0.0000000000
66713  -55.142  -42.551  56.314 0.0000000000
69573  -56.799  -39.945  52.727 0.0000000000
69554  -56.907  -40.234  53.266 0.0000000000
69535  -56.456  -40.328  54.197 0.0000000000
69555  -57.311  -40.319  52.885 0.0000000000
68559  -57.727  -40.750  52.809 0.0000000000
49787  -47.792  -58.357  61.837 0.0000000000
54854  -49.869  -54.534  63.630 0.0000000000
52806  -50.804  -55.192  63.293 0.0000000000
54855  -50.426  -54.506  63.148 0.0000000000
54871  -50.822  -54.371  62.696 0.0000000000
55999  -49.357  -54.001  62.975 0.0000000000
146553  -22.617  -62.373  79.259 0.0000000000
45300  -23.466  -62.714  79.020 0.0000000000
44251  -27.674  -63.953  78.648 0.0000000000
43202  -31.550  -64.850  76.639 0.0000000000
42105  -31.525  -65.864  77.326 0.0000000000
42106  -32.075  -66.034  76.969 0.0000000000
42114  -32.753  -65.837  76.565 0.0000000000
42137  -35.487  -66.346  74.155 0.0000000000
41020  -35.165  -66.845  74.474 0.0000000000
41021  -35.822  -66.898  74.084 0.0000000000
39942  -35.948  -67.559  73.908 0.0000000000
42169  -39.281  -65.620  71.196 0.0000000000
42168  -38.611  -65.691  71.299 0.0000000000
39968  -38.875  -66.981  71.685 0.0000000000
164049  -39.439  -66.642  71.313 0.0000000000
41057  -40.130  -66.614  70.887 0.0000000000
144441  -42.869  -64.917  69.281 0.0000000000
42197  -43.021  -65.578  68.955 0.0000000000
42209  -43.580  -65.760  68.476 0.0000000000
46600  -43.432  -61.232  67.790 0.0000000000
44421  -47.214  -62.914  67.165 0.0000000000
165141  -47.092  -63.563  66.691 0.0000000000
44438  -47.587  -63.075  66.258 0.0000000000
44454  -47.657  -63.449  65.473 0.0000000000
44439  -47.894  -62.821  65.674 0.0000000000
48770  -48.050  -59.061  63.110 0.0000000000
47713  -47.873  -59.892  62.897 0.0000000000
48769  -47.682  -59.054  62.387 0.0000000000
48786  -47.385  -59.170  61.662 0.0000000000
46410  -22.388  -61.791  77.692 0.0000000000
46409  -21.747  -61.464  78.168 0.0000000000
46396  -22.321  -61.763  78.702 0.0000000000
46388  -22.084  -61.844  79.228 0.0000000000
48822  -51.435  -59.494  59.561 0.0000000000
47763  -51.870  -59.735  58.924 0.0000000000
48823  -52.249  -59.463  59.561 0.0000000000
48890  -55.279  -58.372  55.397 0.0000000000
48889  -54.579  -58.917  54.978 0.0000000000
48893  -54.569  -58.533  54.268 0.0000000000
49897  -55.008  -57.865  54.052 0.0000000000
54952  -54.691  -54.100  56.335 0.0000000000
54945  -56.323  -54.201  56.614 0.0000000000
69514  -49.981  -39.800  55.199 0.0000000000
64714  -52.621  -43.887  59.055 0.0000000000
147420  -52.164  -43.827  59.145 0.0000000000
63689  -52.268  -45.241  58.673 0.0000000000
49752  -48.863  -58.414  64.698 0.0000000000
140078  -49.064  -57.467  65.045 0.0000000000
53780  -48.029  -55.173  65.878 0.0000000000
53789  -48.429  -54.882  65.272 0.0000000000
53790  -49.012  -55.076  64.856 0.0000000000
54838  -47.501  -54.343  65.030 0.0000000000
45333  -26.174  -62.961  76.650 0.0000000000
43294  -39.387  -64.832  69.234 0.0000000000
43285  -39.833  -64.864  70.395 0.0000000000
43286  -40.479  -64.601  70.242 0.0000000000
44372  -41.582  -63.636  69.497 0.0000000000
44356  -41.060  -64.076  69.897 0.0000000000
44373  -42.209  -63.503  69.451 0.0000000000
48701  -45.069  -59.742  66.468 0.0000000000
48685  -45.823  -59.539  67.933 0.0000000000
48669  -47.205  -59.286  67.928 0.0000000000
48668  -46.590  -59.661  68.061 0.0000000000
153074  -47.522  -59.665  67.856 0.0000000000
47602  -47.492  -60.371  67.946 0.0000000000
47623  -48.025  -60.438  67.399 0.0000000000
47624  -48.454  -60.134  66.912 0.0000000000
49730  -49.010  -58.414  66.358 0.0000000000
48702  -49.040  -59.092  66.232 0.0000000000
150828  -49.054  -58.606  65.615 0.0000000000
48738  -48.665  -59.056  64.448 0.0000000000
159006  -22.469  -62.193  75.853 0.0000000000
46428  -22.398  -61.933  76.644 0.0000000000
155763  -53.680  -57.436  61.279 0.0000000000
49831  -54.047  -58.561  59.977 0.0000000000
49808  -54.058  -57.904  60.666 0.0000000000
50798  -55.621  -57.245  59.085 0.0000000000
49847  -55.106  -57.893  59.214 0.0000000000
50811  -55.533  -57.807  58.540 0.0000000000
49873  -55.631  -58.154  57.252 0.0000000000
49857  -55.945  -57.759  57.809 0.0000000000
141899  -56.077  -51.556  56.375 0.0000000000
57266  -55.649  -50.849  56.311 0.0000000000
59592  -56.071  -50.076  55.128 0.0000000000
58491  -56.467  -50.545  55.577 0.0000000000
167587  -56.771  -50.351  54.106 0.0000000000
57312  -56.533  -51.267  52.891 0.0000000000
59607  -55.396  -49.772  53.698 0.0000000000
157688  -53.363  -39.791  56.778 0.0000000000
163207  -52.751  -39.831  57.195 0.0000000000
68514  -54.089  -40.398  58.050 0.0000000000
65692  -53.054  -43.218  58.583 0.0000000000
50708  -44.895  -57.503  65.793 0.0000000000
56084  -52.458  -52.307  56.059 0.0000000000
58489  -50.671  -50.366  54.852 0.0000000000
58475  -51.374  -50.034  55.648 0.0000000000
59561  -51.253  -49.304  56.076 0.0000000000
139775  -54.167  -39.819  53.552 0.0000000000
69551  -53.221  -39.724  53.729 0.0000000000
164132  -52.475  -39.583  53.900 0.0000000000
69532  -52.870  -39.602  54.509 0.0000000000
139776  -53.399  -39.651  55.260 0.0000000000
160251  -54.159  -39.723  55.247 0.0000000000
68536  -56.271  -40.771  55.208 0.0000000000
69504  -55.994  -40.577  55.565 0.0000000000
67637  -56.288  -41.290  55.474 0.0000000000
66715  -56.167  -42.056  55.638 0.0000000000
66727  -56.434  -42.572  54.778 0.0000000000
65755  -56.538  -43.416  53.883 0.0000000000
65738  -56.729  -43.060  54.080 0.0000000000
65775  -58.248  -42.817  52.370 0.0000000000
69600  -59.093  -39.900  51.365 0.0000000000
68569  -59.081  -40.656  51.626 0.0000000000
68584  -59.519  -40.516  51.153 0.0000000000
66791  -60.323  -42.459  49.494 0.0000000000
66778  -60.067  -42.274  50.203 0.0000000000
48839  -47.252  -59.497  58.506 0.0000000000
48867  -47.761  -59.771  57.761 0.0000000000
49826  -49.265  -58.345  60.502 0.0000000000
49845  -48.970  -58.725  59.859 0.0000000000
49827  -50.307  -58.528  60.638 0.0000000000
48804  -50.909  -59.121  60.149 0.0000000000
50728  -49.120  -56.888  63.347 0.0000000000
51803  -49.954  -56.517  63.044 0.0000000000
51791  -51.309  -55.687  63.040 0.0000000000
50748  -51.509  -56.923  62.357 0.0000000000
49805  -51.719  -58.177  61.352 0.0000000000
50769  -52.128  -57.557  61.861 0.0000000000
50770  -53.064  -57.384  61.684 0.0000000000
50749  -52.421  -56.846  62.216 0.0000000000
54885  -52.019  -54.393  62.007 0.0000000000
43176  -22.076  -64.391  78.853 0.0000000000
42083  -23.687  -65.186  78.980 0.0000000000
45302  -24.846  -63.353  78.971 0.0000000000
44226  -25.276  -64.024  79.218 0.0000000000
164912  -27.034  -67.870  77.685 0.0000000000
139618  -27.768  -67.546  77.688 0.0000000000
39909  -27.897  -67.625  76.775 0.0000000000
39910  -28.769  -67.377  77.244 0.0000000000
44289  -27.428  -63.604  75.787 0.0000000000
43188  -29.844  -64.584  78.045 0.0000000000
43179  -29.437  -64.908  78.538 0.0000000000
43180  -30.136  -65.303  78.168 0.0000000000
40993  -30.348  -66.501  77.839 0.0000000000
39911  -29.750  -67.300  77.170 0.0000000000
39912  -30.633  -67.208  76.989 0.0000000000
145887  -29.978  -67.506  76.354 0.0000000000
38758  -32.037  -67.659  76.217 0.0000000000
38771  -32.597  -67.973  75.653 0.0000000000
164990  -32.891  -67.862  75.599 0.0000000000
38773  -34.348  -67.766  74.653 0.0000000000
39928  -33.661  -67.511  75.284 0.0000000000
151145  -33.691  -68.064  74.887 0.0000000000
157658  -33.695  -68.549  74.414 0.0000000000
37616  -35.764  -68.736  73.298 0.0000000000
37627  -35.276  -69.232  73.067 0.0000000000
37628  -35.802  -69.216  72.705 0.0000000000
36515  -35.846  -69.471  72.204 0.0000000000
37617  -36.379  -68.871  72.690 0.0000000000
42157  -38.073  -66.079  71.895 0.0000000000
166329  -37.366  -66.041  72.248 0.0000000000
41032  -36.901  -66.821  73.151 0.0000000000
144423  -37.558  -67.220  72.607 0.0000000000
38821  -38.080  -68.312  71.600 0.0000000000
39967  -37.873  -67.817  72.149 0.0000000000
37630  -37.527  -68.786  71.594 0.0000000000
38837  -39.751  -68.104  69.833 0.0000000000
37660  -39.461  -68.511  69.571 0.0000000000
38850  -39.959  -68.300  69.190 0.0000000000
42184  -41.042  -65.580  70.496 0.0000000000
41071  -41.310  -66.203  70.205 0.0000000000
142063  -41.580  -62.595  67.096 0.0000000000
46564  -43.141  -62.175  68.776 0.0000000000
45414  -42.462  -62.277  68.442 0.0000000000
155474  -43.377  -62.727  69.079 0.0000000000
162279  -43.500  -63.203  69.156 0.0000000000
45401  -44.085  -62.583  69.088 0.0000000000
47599  -45.655  -60.731  68.492 0.0000000000
46583  -45.194  -61.209  68.835 0.0000000000
46567  -45.549  -61.519  68.918 0.0000000000
44397  -46.038  -63.144  68.433 0.0000000000
44377  -45.779  -62.517  68.881 0.0000000000
43311  -45.472  -63.651  68.574 0.0000000000
43299  -44.857  -63.818  68.920 0.0000000000
43310  -45.258  -64.298  68.301 0.0000000000
140240  -44.996  -65.052  67.919 0.0000000000
43320  -45.636  -64.634  67.551 0.0000000000
42233  -46.223  -64.973  65.550 0.0000000000
42232  -45.789  -65.157  66.173 0.0000000000
41123  -45.632  -65.455  65.462 0.0000000000
43360  -47.716  -63.797  64.178 0.0000000000
45496  -48.158  -62.276  64.871 0.0000000000
46640  -48.411  -61.640  64.591 0.0000000000
46687  -47.872  -61.461  62.904 0.0000000000
165778  -47.556  -61.640  62.399 0.0000000000
45544  -47.257  -61.921  61.907 0.0000000000
45547  -46.863  -61.931  60.984 0.0000000000
46709  -47.023  -61.041  61.325 0.0000000000
48801  -46.775  -59.525  60.046 0.0000000000
47745  -46.436  -60.439  60.094 0.0000000000
155835  -46.817  -59.519  59.216 0.0000000000
148803  -22.262  -62.714  79.495 0.0000000000
45298  -21.336  -62.160  79.579 0.0000000000
43175  -21.371  -63.703  78.995 0.0000000000
48844  -53.623  -59.488  57.990 0.0000000000
47802  -53.158  -60.019  57.471 0.0000000000
47810  -53.375  -60.168  56.686 0.0000000000
151605  -54.291  -55.126  57.789 0.0000000000
53874  -54.742  -55.025  58.689 0.0000000000
53896  -56.840  -54.887  56.754 0.0000000000
147250  -56.400  -55.328  57.392 0.0000000000
52870  -57.294  -55.696  56.531 0.0000000000
51874  -57.239  -56.424  56.239 0.0000000000
51879  -57.291  -56.325  55.433 0.0000000000
56101  -57.733  -52.267  55.237 0.0000000000
166228  -57.415  -53.208  55.765 0.0000000000
56114  -58.066  -52.888  54.771 0.0000000000
52911  -57.378  -55.144  53.861 0.0000000000
52910  -56.669  -55.532  53.590 0.0000000000
51887  -56.327  -56.293  53.808 0.0000000000
50872  -55.453  -56.770  53.420 0.0000000000
60601  -50.972  -48.639  56.762 0.0000000000
61697  -50.525  -48.016  57.190 0.0000000000
68511  -50.945  -40.537  57.711 0.0000000000
68510  -50.124  -40.803  57.194 0.0000000000
67615  -50.518  -41.327  57.824 0.0000000000
65689  -50.153  -43.354  57.934 0.0000000000
66687  -49.311  -42.384  56.931 0.0000000000
167043  -49.277  -43.699  57.019 0.0000000000
65707  -48.882  -43.698  56.480 0.0000000000
64729  -49.202  -44.353  56.901 0.0000000000
165645  -49.123  -45.054  56.710 0.0000000000
64730  -49.699  -45.088  57.395 0.0000000000
62673  -51.818  -46.521  58.249 0.0000000000
62683  -50.722  -46.991  58.053 0.0000000000
61665  -51.406  -47.134  58.064 0.0000000000
61683  -51.551  -47.802  57.590 0.0000000000
61684  -51.960  -47.693  57.341 0.0000000000
61698  -52.141  -47.694  56.911 0.0000000000
50702  -48.850  -57.639  66.420 0.0000000000
51777  -48.699  -56.965  66.360 0.0000000000
51774  -48.438  -56.682  66.412 0.0000000000
52790  -47.642  -55.567  66.366 0.0000000000
157003  -46.779  -54.794  65.928 0.0000000000
43308  -40.181  -64.281  68.987 0.0000000000
43296  -40.515  -64.218  69.735 0.0000000000
44396  -41.414  -63.309  68.878 0.0000000000
50691  -45.618  -58.142  67.057 0.0000000000
49717  -46.088  -58.618  67.781 0.0000000000
49718  -46.567  -58.087  67.810 0.0000000000
50686  -47.005  -58.088  67.881 0.0000000000
48670  -47.790  -59.021  67.654 0.0000000000
152684  -48.378  -58.924  67.190 0.0000000000
49719  -48.271  -58.211  67.173 0.0000000000
49720  -48.712  -58.269  66.807 0.0000000000
52830  -53.985  -55.642  61.094 0.0000000000
50783  -54.649  -57.239  60.399 0.0000000000
163557  -54.360  -55.907  60.728 0.0000000000
51846  -55.321  -56.052  59.541 0.0000000000
58463  -53.997  -50.484  56.578 0.0000000000
57254  -55.066  -50.675  56.422 0.0000000000
58464  -54.559  -50.490  56.381 0.0000000000
59565  -55.101  -50.199  55.950 0.0000000000
59577  -55.323  -49.977  55.467 0.0000000000
60636  -54.758  -49.689  55.029 0.0000000000
60635  -54.016  -49.611  55.384 0.0000000000
60652  -53.335  -49.085  54.830 0.0000000000
67616  -55.223  -41.344  57.257 0.0000000000
67606  -54.795  -41.174  57.738 0.0000000000
66692  -55.030  -41.738  57.315 0.0000000000
66701  -54.754  -42.200  57.064 0.0000000000
69552  -55.041  -39.883  53.423 0.0000000000
140367  -54.964  -39.800  54.243 0.0000000000
139580  -55.389  -39.932  55.039 0.0000000000
69534  -55.838  -39.994  54.523 0.0000000000
68547  -56.550  -40.624  54.393 0.0000000000
159241  -57.029  -41.802  54.144 0.0000000000
151562  -57.362  -42.340  53.555 0.0000000000
67658  -57.408  -41.451  53.392 0.0000000000
66742  -57.956  -42.261  52.848 0.0000000000
66757  -58.610  -42.218  52.145 0.0000000000
69618  -60.095  -39.799  50.412 0.0000000000
162184  -59.887  -40.369  50.715 0.0000000000
68602  -60.285  -40.569  50.247 0.0000000000
67707  -60.879  -40.963  49.251 0.0000000000
66800  -60.727  -42.503  48.050 0.0000000000
49824  -47.506  -58.821  60.221 0.0000000000
166053  -48.169  -58.743  59.781 0.0000000000
49802  -48.522  -58.050  61.216 0.0000000000
50766  -49.083  -57.595  61.709 0.0000000000
51785  -50.007  -55.593  64.021 0.0000000000
51790  -50.493  -55.882  63.437 0.0000000000
52812  -50.734  -55.289  63.476 0.0000000000
51792  -52.068  -55.580  62.741 0.0000000000
53808  -51.721  -54.823  62.656 0.0000000000
54872  -51.554  -54.550  62.445 0.0000000000
56012  -50.784  -53.915  62.116 0.0000000000
44234  -22.953  -63.433  79.447 0.0000000000
44235  -23.647  -63.849  79.410 0.0000000000
43164  -23.990  -64.588  79.295 0.0000000000
150256  -28.647  -66.274  79.043 0.0000000000
40994  -31.059  -66.276  77.533 0.0000000000
39901  -31.543  -66.723  77.029 0.0000000000
39913  -31.437  -67.179  76.785 0.0000000000
39914  -32.619  -66.999  76.465 0.0000000000
146152  -35.151  -67.788  74.232 0.0000000000
38786  -35.129  -68.403  73.886 0.0000000000
159853  -36.178  -68.139  73.527 0.0000000000
42183  -38.533  -65.245  70.545 0.0000000000
42182  -37.758  -65.458  71.006 0.0000000000
139165  -38.435  -65.486  71.073 0.0000000000
41045  -38.216  -66.695  72.044 0.0000000000
38822  -38.809  -68.220  70.947 0.0000000000
38823  -39.457  -67.959  70.461 0.0000000000
42196  -42.369  -65.515  69.417 0.0000000000
41083  -42.470  -66.244  68.963 0.0000000000
41097  -43.952  -66.110  67.925 0.0000000000
41110  -43.980  -66.329  67.093 0.0000000000
46611  -42.614  -61.643  66.508 0.0000000000
145320  -42.413  -62.003  67.765 0.0000000000
46599  -42.748  -61.576  67.358 0.0000000000
46584  -46.270  -61.215  68.603 0.0000000000
45404  -46.003  -61.924  68.899 0.0000000000
45415  -46.627  -61.870  68.426 0.0000000000
44398  -46.718  -62.673  68.005 0.0000000000
43321  -46.182  -64.267  67.301 0.0000000000
43322  -46.612  -64.209  66.581 0.0000000000
43330  -46.760  -64.486  65.712 0.0000000000
43343  -47.299  -64.195  65.165 0.0000000000
43354  -47.741  -63.677  64.851 0.0000000000
44469  -47.980  -63.057  64.523 0.0000000000
47680  -48.635  -59.951  64.517 0.0000000000
156132  -48.462  -60.866  64.178 0.0000000000
153014  -47.736  -60.603  62.707 0.0000000000
47730  -47.117  -60.076  61.529 0.0000000000
48802  -47.069  -59.328  60.912 0.0000000000
46427  -21.165  -61.372  76.620 0.0000000000
47479  -21.132  -61.171  77.562 0.0000000000
47461  -21.128  -61.043  78.768 0.0000000000
47811  -54.231  -59.390  56.786 0.0000000000
168413  -53.803  -59.791  56.567 0.0000000000
47817  -54.129  -59.551  56.082 0.0000000000
53905  -54.595  -54.907  56.752 0.0000000000
53894  -55.927  -54.875  57.323 0.0000000000
53908  -57.324  -54.526  56.283 0.0000000000
145455  -57.524  -52.798  53.440 0.0000000000
54991  -57.729  -53.613  53.633 0.0000000000
66679  -51.679  -42.316  58.957 0.0000000000
67602  -51.010  -41.965  58.412 0.0000000000
148682  -51.259  -42.827  58.706 0.0000000000
65690  -50.904  -43.472  58.502 0.0000000000
146725  -50.602  -44.163  58.273 0.0000000000
64719  -50.356  -44.912  58.117 0.0000000000
63695  -51.007  -45.655  58.539 0.0000000000
145935  -51.796  -45.897  58.625 0.0000000000
62674  -52.113  -46.545  58.038 0.0000000000
62684  -52.186  -46.899  57.538 0.0000000000
70661  -57.343  -39.722  52.180 0.0000000000
155857  -57.727  -39.917  52.253 0.0000000000
70662  -57.933  -39.508  51.828 0.0000000000
70663  -58.546  -39.390  51.448 0.0000000000
70675  -58.857  -38.735  50.935 0.0000000000
71673  -59.149  -38.035  50.497 0.0000000000
71674  -59.400  -38.489  50.564 0.0000000000
157567  -60.001  -38.258  50.150 0.0000000000
49772  -48.283  -58.253  63.377 0.0000000000
50727  -48.690  -57.602  63.921 0.0000000000
162993  -49.303  -56.192  64.681 0.0000000000
51781  -48.974  -56.890  65.738 0.0000000000
52804  -49.076  -55.956  65.179 0.0000000000
164724  -49.537  -55.564  64.503 0.0000000000
52798  -49.322  -55.382  64.638 0.0000000000
54841  -49.371  -54.708  64.259 0.0000000000
54852  -48.607  -54.367  64.185 0.0000000000
46397  -23.015  -62.048  78.312 0.0000000000
45311  -23.611  -62.479  78.666 0.0000000000
45322  -24.367  -62.581  78.119 0.0000000000
45314  -25.912  -63.115  78.406 0.0000000000
44250  -26.698  -63.508  78.591 0.0000000000
140704  -39.894  -65.404  70.943 0.0000000000
42170  -40.382  -65.771  70.867 0.0000000000
155918  -40.628  -65.097  70.584 0.0000000000
144593  -41.277  -65.023  70.265 0.0000000000
43288  -41.868  -64.623  69.819 0.0000000000
43289  -42.607  -64.403  69.449 0.0000000000
43297  -43.269  -64.269  69.212 0.0000000000
47641  -44.702  -60.397  66.911 0.0000000000
47622  -44.777  -60.529  67.866 0.0000000000
48666  -45.467  -60.318  68.136 0.0000000000
47600  -46.294  -60.548  68.305 0.0000000000
49706  -46.252  -59.303  67.995 0.0000000000
46585  -47.075  -61.177  68.190 0.0000000000
46601  -47.728  -61.106  67.539 0.0000000000
45430  -47.953  -61.725  66.844 0.0000000000
45449  -48.002  -62.308  66.160 0.0000000000
46613  -48.383  -61.456  66.019 0.0000000000
46627  -48.759  -60.872  65.631 0.0000000000
153734  -48.877  -59.748  66.433 0.0000000000
167486  -48.976  -60.262  65.930 0.0000000000
47663  -48.897  -60.210  65.355 0.0000000000
48754  -48.381  -59.107  63.846 0.0000000000
140758  -21.647  -61.802  75.898 0.0000000000
49830  -53.061  -58.610  60.635 0.0000000000
147989  -52.871  -59.328  59.546 0.0000000000
48807  -53.380  -58.952  59.918 0.0000000000
48825  -53.844  -58.911  59.201 0.0000000000
147675  -54.047  -58.983  58.398 0.0000000000
49832  -54.640  -57.982  59.921 0.0000000000
48845  -54.588  -58.592  58.498 0.0000000000
48869  -54.554  -58.834  57.794 0.0000000000
165132  -55.040  -58.535  57.385 0.0000000000
48886  -55.307  -58.457  56.086 0.0000000000
49889  -55.897  -57.944  55.782 0.0000000000
56086  -54.579  -52.878  56.335 0.0000000000
56088  -56.362  -52.481  56.341 0.0000000000
56087  -55.534  -52.158  56.489 0.0000000000
150559  -56.777  -51.980  56.109 0.0000000000
57268  -57.201  -51.707  55.667 0.0000000000
58479  -55.890  -50.576  56.044 0.0000000000
57279  -57.013  -51.068  55.541 0.0000000000
57290  -57.612  -51.354  54.218 0.0000000000
57301  -57.206  -51.297  53.529 0.0000000000
69516  -51.557  -39.621  55.918 0.0000000000
69498  -50.931  -39.816  56.402 0.0000000000
69499  -51.609  -39.770  56.635 0.0000000000
68512  -51.788  -40.161  57.839 0.0000000000
68502  -51.719  -40.763  58.381 0.0000000000
68504  -53.761  -40.881  58.555 0.0000000000
67591  -53.386  -41.426  58.842 0.0000000000
67590  -52.728  -41.480  59.069 0.0000000000
66673  -53.077  -42.606  58.979 0.0000000000
64723  -52.943  -44.029  58.786 0.0000000000
51776  -45.044  -56.690  66.192 0.0000000000
52788  -45.449  -56.083  66.401 0.0000000000
52787  -44.932  -56.033  65.887 0.0000000000
47661  -44.220  -60.909  66.335 0.0000000000
144601  -45.142  -59.240  65.828 0.0000000000
49739  -45.064  -58.476  65.763 0.0000000000
139401  -45.225  -58.064  66.336 0.0000000000
50700  -45.304  -57.401  66.576 0.0000000000
54936  -51.816  -54.322  59.392 0.0000000000
53855  -53.390  -54.682  59.250 0.0000000000
53892  -53.327  -55.246  58.026 0.0000000000
142628  -53.850  -54.817  56.271 0.0000000000
54951  -53.745  -53.793  56.073 0.0000000000
161845  -54.004  -52.003  56.484 0.0000000000
57264  -54.017  -51.132  56.692 0.0000000000
57262  -52.636  -51.165  56.377 0.0000000000
58477  -53.381  -50.726  56.675 0.0000000000
146777  -52.819  -50.378  56.611 0.0000000000
58461  -52.336  -49.913  56.673 0.0000000000
59553  -51.793  -48.924  56.883 0.0000000000
140368  -51.162  -39.462  54.049 0.0000000000
144079  -51.409  -39.500  55.065 0.0000000000
162001  -52.368  -39.558  55.360 0.0000000000
69517  -53.108  -39.663  55.976 0.0000000000
69488  -54.387  -40.071  57.211 0.0000000000
69519  -55.650  -40.224  55.728 0.0000000000
69503  -55.647  -40.554  56.294 0.0000000000
68524  -55.566  -40.836  56.736 0.0000000000
66703  -55.758  -41.966  56.319 0.0000000000
65722  -55.985  -42.824  55.253 0.0000000000
64760  -55.397  -43.773  54.188 0.0000000000
64777  -57.054  -43.659  52.859 0.0000000000
68568  -58.445  -40.749  52.166 0.0000000000
67667  -58.968  -41.546  51.817 0.0000000000
66767  -59.351  -42.345  51.115 0.0000000000
68585  -59.871  -41.047  50.769 0.0000000000
166657  -59.715  -42.313  50.662 0.0000000000
48819  -48.666  -59.073  59.238 0.0000000000
48820  -49.609  -59.211  59.355 0.0000000000
48842  -50.133  -59.670  58.822 0.0000000000
48821  -50.545  -59.405  59.474 0.0000000000
48805  -51.816  -59.189  60.195 0.0000000000
50767  -49.940  -57.426  61.762 0.0000000000
50747  -50.402  -56.899  62.362 0.0000000000
49804  -50.679  -58.071  61.263 0.0000000000
49829  -52.238  -58.702  60.764 0.0000000000
50751  -53.601  -56.711  61.592 0.0000000000
52821  -52.681  -55.411  62.298 0.0000000000
51807  -53.185  -56.074  61.993 0.0000000000
52823  -53.646  -55.926  61.565 0.0000000000
151486  -52.509  -54.109  60.699 0.0000000000
52796  -45.375  -55.395  65.816 0.0000000000
53787  -46.404  -54.559  65.512 0.0000000000
54837  -46.699  -54.324  65.021 0.0000000000
54851  -47.145  -54.227  64.418 0.0000000000
54869  -47.660  -54.189  63.919 0.0000000000
55997  -47.788  -54.032  63.259 0.0000000000
55998  -48.653  -54.015  63.131 0.0000000000
56009  -48.973  -53.691  62.560 0.0000000000
43186  -21.438  -64.709  77.149 0.0000000000
42102  -21.904  -65.292  77.123 0.0000000000
41001  -22.679  -66.366  76.262 0.0000000000
45301  -24.173  -63.241  79.092 0.0000000000
164032  -24.250  -64.199  79.354 0.0000000000
44278  -26.984  -63.260  76.743 0.0000000000
44266  -28.185  -63.711  77.928 0.0000000000
44252  -28.539  -64.146  78.530 0.0000000000
40986  -29.221  -66.228  78.745 0.0000000000
40987  -30.345  -65.975  78.092 0.0000000000
39890  -29.546  -66.664  78.180 0.0000000000
159032  -29.464  -67.089  77.735 0.0000000000
39927  -31.060  -67.691  76.152 0.0000000000
41004  -33.130  -66.602  76.231 0.0000000000
39915  -33.133  -67.256  75.902 0.0000000000
38772  -33.153  -67.750  75.490 0.0000000000
38784  -33.112  -68.209  75.137 0.0000000000
37605  -34.931  -68.902  73.571 0.0000000000
150215  -36.261  -65.802  73.084 0.0000000000
42166  -36.899  -65.548  71.502 0.0000000000
42149  -36.229  -66.397  73.574 0.0000000000
39952  -36.692  -67.588  73.276 0.0000000000
38807  -36.895  -68.555  72.577 0.0000000000
37629  -36.914  -68.858  72.149 0.0000000000
41070  -40.769  -66.797  70.281 0.0000000000
39998  -40.746  -67.317  69.783 0.0000000000
40012  -41.078  -67.485  69.161 0.0000000000
38851  -40.662  -68.067  68.728 0.0000000000
45428  -41.212  -63.170  67.075 0.0000000000
45413  -41.909  -62.744  68.640 0.0000000000
142981  -42.874  -63.352  69.291 0.0000000000
44374  -43.010  -63.753  69.306 0.0000000000
47597  -44.175  -60.979  68.272 0.0000000000
46582  -44.442  -61.400  68.774 0.0000000000
45403  -45.347  -62.199  69.073 0.0000000000
45402  -44.723  -62.534  69.123 0.0000000000
44375  -44.272  -63.220  69.120 0.0000000000
43298  -44.059  -64.074  69.073 0.0000000000
42219  -44.542  -65.702  67.451 0.0000000000
41111  -44.729  -65.867  66.591 0.0000000000
42221  -46.039  -64.793  66.823 0.0000000000
45471  -48.128  -62.210  65.482 0.0000000000
44480  -48.010  -63.125  63.760 0.0000000000
148626  -48.242  -61.614  63.792 0.0000000000
45535  -48.051  -62.337  63.368 0.0000000000
44489  -47.815  -63.030  62.910 0.0000000000
46730  -45.897  -61.434  59.240 0.0000000000
152683  -21.359  -64.284  78.076 0.0000000000
47764  -52.630  -59.659  58.867 0.0000000000
53856  -54.455  -55.007  59.627 0.0000000000
53857  -55.114  -55.318  59.105 0.0000000000
52846  -55.471  -55.633  58.940 0.0000000000
53875  -55.967  -55.257  57.799 0.0000000000
52853  -56.012  -55.652  58.177 0.0000000000
51855  -56.365  -56.359  57.984 0.0000000000
50846  -56.827  -57.109  56.666 0.0000000000
50845  -56.452  -57.614  56.171 0.0000000000
49893  -55.844  -57.776  55.095 0.0000000000
54954  -57.149  -53.256  56.025 0.0000000000
54955  -57.490  -53.758  55.920 0.0000000000
53909  -57.718  -54.425  55.784 0.0000000000
52908  -57.914  -54.969  54.748 0.0000000000
52901  -57.624  -55.637  55.056 0.0000000000
51883  -57.206  -56.096  54.752 0.0000000000
50859  -56.309  -57.215  54.772 0.0000000000
49898  -55.676  -57.566  54.439 0.0000000000
60632  -50.506  -48.985  55.559 0.0000000000
163664  -51.589  -49.001  56.750 0.0000000000
60602  -51.574  -48.484  57.111 0.0000000000
69497  -50.200  -39.972  56.050 0.0000000000
68521  -49.120  -40.727  56.056 0.0000000000
67636  -48.522  -41.131  55.582 0.0000000000
67614  -49.836  -41.677  57.289 0.0000000000
67623  -48.935  -41.673  56.326 0.0000000000
66710  -48.348  -42.086  55.654 0.0000000000
63710  -48.794  -45.462  56.148 0.0000000000
62690  -49.509  -46.836  56.826 0.0000000000
63704  -49.917  -45.850  57.621 0.0000000000
62682  -49.970  -46.552  57.581 0.0000000000
61681  -50.213  -47.345  57.466 0.0000000000
60603  -51.947  -48.543  56.868 0.0000000000
146281  -52.625  -48.739  55.429 0.0000000000
152873  -52.154  -47.672  56.283 0.0000000000
150039  -52.118  -48.011  55.414 0.0000000000
60651  -52.507  -48.524  54.656 0.0000000000
39889  -28.732  -66.655  78.651 0.0000000000
39902  -32.077  -66.748  76.790 0.0000000000
41096  -43.449  -66.290  68.151 0.0000000000
41109  -43.438  -66.599  67.740 0.0000000000
42112  -22.230  -65.789  76.689 0.0000000000
44237  -25.502  -63.704  79.017 0.0000000000
45546  -46.436  -62.158  60.380 0.0000000000
46722  -46.639  -61.103  60.629 0.0000000000
46759  -53.557  -60.149  56.072 0.0000000000
47761  -46.155  -60.636  59.412 0.0000000000
47782  -51.502  -60.021  58.233 0.0000000000
47783  -52.628  -59.995  57.985 0.0000000000
47784  -53.155  -59.659  58.374 0.0000000000
47803  -53.786  -59.638  57.229 0.0000000000
47804  -54.258  -59.220  57.329 0.0000000000
47822  -54.209  -59.422  55.454 0.0000000000
48719  -49.051  -59.580  65.803 0.0000000000
48843  -53.564  -59.278  58.649 0.0000000000
48880  -54.644  -58.910  57.087 0.0000000000
48881  -55.198  -58.502  56.772 0.0000000000
49707  -47.360  -58.554  67.781 0.0000000000
49708  -47.811  -58.335  67.523 0.0000000000
49729  -45.314  -58.829  66.451 0.0000000000
49883  -55.839  -58.061  56.502 0.0000000000
49896  -54.391  -58.212  53.623 0.0000000000
50694  -47.591  -57.275  67.399 0.0000000000
50831  -56.513  -57.107  57.550 0.0000000000
50854  -56.449  -57.437  55.451 0.0000000000
50855  -56.940  -57.042  55.815 0.0000000000
50864  -55.428  -57.355  53.850 0.0000000000
50866  -56.660  -56.555  54.449 0.0000000000
51770  -46.165  -56.936  67.302 0.0000000000
51771  -46.729  -56.461  67.210 0.0000000000
51806  -52.584  -56.156  62.383 0.0000000000
51818  -54.100  -56.285  61.176 0.0000000000
51819  -54.550  -56.460  60.641 0.0000000000
51832  -55.049  -56.579  60.048 0.0000000000
51847  -55.793  -56.360  58.830 0.0000000000
51888  -57.007  -55.825  54.159 0.0000000000
52784  -47.859  -56.156  66.732 0.0000000000
52785  -48.202  -56.351  66.453 0.0000000000
52791  -48.109  -55.839  66.186 0.0000000000
52814  -52.099  -55.063  62.650 0.0000000000
52822  -53.243  -55.533  61.843 0.0000000000
52840  -54.776  -55.845  60.169 0.0000000000
52869  -56.862  -55.482  57.041 0.0000000000
52886  -57.549  -55.741  55.798 0.0000000000
52887  -57.801  -55.060  55.455 0.0000000000
52912  -57.825  -54.778  54.119 0.0000000000
53779  -47.408  -54.933  65.989 0.0000000000
53781  -48.423  -55.488  65.588 0.0000000000
53796  -49.704  -54.899  64.188 0.0000000000
53797  -50.333  -54.784  63.549 0.0000000000
53807  -51.023  -54.724  62.963 0.0000000000
53822  -53.501  -55.352  61.452 0.0000000000
53848  -54.634  -55.366  59.907 0.0000000000
53921  -57.997  -54.369  55.177 0.0000000000
53952  -57.171  -54.035  53.253 0.0000000000
54832  -47.812  -54.647  65.499 0.0000000000
54836  -46.016  -54.397  65.004 0.0000000000
54839  -48.209  -54.479  64.884 0.0000000000
54840  -48.855  -54.638  64.603 0.0000000000
54853  -49.248  -54.434  63.929 0.0000000000
54870  -50.033  -54.070  62.884 0.0000000000
54884  -51.263  -54.187  62.188 0.0000000000
54920  -52.594  -54.281  59.722 0.0000000000
54953  -56.651  -53.313  56.302 0.0000000000
54979  -58.100  -53.661  54.977 0.0000000000
55989  -48.306  -54.197  63.741 0.0000000000
55991  -49.635  -54.242  63.280 0.0000000000
56000  -49.977  -54.022  62.799 0.0000000000
56010  -49.677  -53.762  62.478 0.0000000000
56011  -50.263  -53.836  62.306 0.0000000000
56089  -57.297  -52.596  55.776 0.0000000000
56090  -57.752  -53.162  55.449 0.0000000000
56127  -57.700  -52.029  53.714 0.0000000000
56128  -57.984  -52.801  53.974 0.0000000000
56146  -56.485  -52.669  52.637 0.0000000000
56147  -57.033  -52.122  53.075 0.0000000000
57280  -57.551  -51.398  55.034 0.0000000000
57300  -56.595  -50.552  53.513 0.0000000000
58478  -55.195  -50.477  56.191 0.0000000000
58492  -57.096  -50.811  55.141 0.0000000000
58503  -56.806  -50.404  54.705 0.0000000000
58504  -57.317  -50.897  54.642 0.0000000000
59554  -52.526  -49.445  56.471 0.0000000000
59556  -53.892  -50.240  56.406 0.0000000000
59591  -55.458  -49.781  54.613 0.0000000000
60653  -54.160  -49.441  54.633 0.0000000000
62671  -50.504  -46.204  58.098 0.0000000000
63694  -50.254  -45.551  58.016 0.0000000000
63696  -52.240  -45.856  58.320 0.0000000000
64720  -51.028  -44.873  58.619 0.0000000000
64722  -52.651  -44.608  58.706 0.0000000000
64776  -56.580  -43.670  53.403 0.0000000000
65682  -52.681  -43.248  59.125 0.0000000000
65683  -52.976  -43.363  58.859 0.0000000000
65691  -51.482  -44.283  58.893 0.0000000000
65698  -49.121  -43.154  56.803 0.0000000000
65720  -54.601  -42.926  55.796 0.0000000000
65721  -55.412  -42.957  55.538 0.0000000000
65736  -55.694  -43.365  54.769 0.0000000000
65737  -56.243  -43.198  54.493 0.0000000000
65756  -57.073  -43.339  53.364 0.0000000000
65793  -58.422  -43.115  51.836 0.0000000000
65811  -59.612  -42.714  50.512 0.0000000000
66672  -52.469  -42.320  59.148 0.0000000000
66674  -53.412  -41.930  58.722 0.0000000000
66680  -53.176  -42.522  58.609 0.0000000000
66688  -49.930  -42.549  57.577 0.0000000000
66689  -50.335  -42.029  57.858 0.0000000000
66714  -55.679  -42.418  55.985 0.0000000000
66716  -56.642  -41.825  54.870 0.0000000000
66758  -59.059  -42.176  51.608 0.0000000000
66768  -59.764  -41.860  50.840 0.0000000000
67603  -51.831  -41.515  58.878 0.0000000000
67604  -52.348  -40.961  58.858 0.0000000000
67605  -54.027  -41.396  58.321 0.0000000000
67617  -55.511  -41.634  56.795 0.0000000000
67625  -55.878  -41.494  56.234 0.0000000000
67638  -56.761  -41.098  54.533 0.0000000000
67692  -60.537  -41.030  49.855 0.0000000000
67706  -60.547  -41.764  49.569 0.0000000000
68492  -53.024  -40.876  58.858 0.0000000000
68503  -52.446  -40.487  58.388 0.0000000000
68505  -54.364  -40.891  58.149 0.0000000000
68513  -52.597  -39.991  57.837 0.0000000000
68516  -55.279  -40.945  57.258 0.0000000000
68517  -55.597  -41.166  56.800 0.0000000000
68522  -49.787  -40.448  56.444 0.0000000000
68546  -56.267  -40.555  54.931 0.0000000000
69485  -51.251  -39.990  57.160 0.0000000000
69486  -52.036  -39.853  57.208 0.0000000000
69487  -53.436  -39.979  57.639 0.0000000000
69489  -55.245  -40.528  57.019 0.0000000000
69502  -55.097  -40.128  56.407 0.0000000000
69515  -50.759  -39.665  55.560 0.0000000000
69518  -54.858  -39.900  55.583 0.0000000000
69536  -56.792  -40.456  53.661 0.0000000000
69556  -57.967  -40.155  52.340 0.0000000000
69575  -58.096  -39.724  51.933 0.0000000000
70676  -59.168  -39.211  51.005 0.0000000000
70677  -59.755  -39.095  50.531 0.0000000000
139200  -54.265  -42.538  56.569 0.0000000000
141970  -46.790  -60.648  68.243 0.0000000000
142000  -59.356  -41.888  51.318 0.0000000000
143083  -48.721  -56.364  65.923 0.0000000000
143798  -46.035  -55.592  66.478 0.0000000000
143964  -57.166  -42.909  53.664 0.0000000000
145818  -53.613  -58.477  60.476 0.0000000000
146173  -55.322  -51.155  56.533 0.0000000000
148558  -56.418  -40.032  53.409 0.0000000000
151075  -48.506  -57.448  66.775 0.0000000000
151270  -56.542  -55.774  57.605 0.0000000000
151469  -58.407  -39.016  51.242 0.0000000000
151539  -54.983  -58.241  58.698 0.0000000000
152042  -54.090  -54.846  59.311 0.0000000000
153738  -49.599  -43.205  57.275 0.0000000000
157130  -54.678  -58.951  56.422 0.0000000000
160083  -54.937  -41.453  57.536 0.0000000000
161430  -46.551  -61.647  60.517 0.0000000000
161991  -55.452  -56.696  59.488 0.0000000000
162388  -54.638  -39.775  54.905 0.0000000000
164967  -48.587  -59.493  66.973 0.0000000000
165031  -57.066  -39.373  51.605 0.0000000000
166073  -34.742  -68.095  74.243 0.0000000000
166156  -57.206  -55.107  56.588 0.0000000000
166246  -49.377  -41.700  56.822 0.0000000000
166602  -51.274  -39.456  54.535 0.0000000000
166716  -51.538  -43.503  58.965 0.0000000000
166893  -47.144  -64.537  64.779 0.0000000000
167735  -48.043  -58.639  67.415 0.0000000000
167910  -54.230  -58.713  58.839 0.0000000000
