#!ascii label  , from subject sub-fsm11ni vox2ras=TkReg
1933
8753  -30.869  -87.016  -28.625 0.1000000015
110062  -29.944  -87.337  -28.583 0.1000000015
6674  -29.239  -89.242  -28.864 0.1000000015
7996  -28.350  -87.980  -29.401 0.1000000015
7343  -28.133  -88.483  -29.766 0.1000000015
8767  -27.716  -86.668  -29.580 0.1000000015
7358  -27.795  -88.315  -30.983 0.1000000015
9592  -27.786  -86.260  -30.874 0.1000000015
9593  -28.094  -85.624  -31.099 0.1000000015
8795  -28.977  -86.780  -31.926 0.1000000015
8796  -29.418  -86.189  -31.981 0.1000000015
9594  -29.186  -85.620  -31.654 0.1000000015
9603  -29.918  -85.681  -32.215 0.1000000015
8810  -29.703  -86.586  -32.590 0.1000000015
116879  -29.821  -85.018  -31.747 0.1000000015
11336  -31.341  -83.861  -33.099 0.1000000015
10419  -30.467  -84.772  -33.163 0.1000000015
113089  -30.179  -85.329  -32.692 0.1000000015
9565  -30.580  -85.639  -28.480 0.1000000015
116567  -29.947  -86.428  -28.578 0.1000000015
8752  -29.167  -86.932  -28.784 0.1000000015
9563  -28.265  -85.387  -28.508 0.1000000015
113397  -28.681  -86.237  -28.700 0.1000000015
8768  -28.281  -86.964  -29.212 0.1000000015
9562  -27.597  -85.018  -28.789 0.1000000015
8779  -27.572  -86.818  -30.323 0.1000000015
10398  -27.208  -84.747  -30.009 0.1000000015
9584  -27.677  -85.074  -30.691 0.1000000015
106390  -35.477  -80.691  -33.254 0.1000000015
13357  -33.946  -81.510  -34.124 0.1000000015
13356  -33.233  -81.837  -34.171 0.1000000015
125939  -33.012  -81.661  -33.502 0.1000000015
12297  -31.922  -82.536  -33.147 0.1000000015
11323  -31.586  -83.276  -32.914 0.1000000015
11322  -30.984  -83.517  -32.282 0.1000000015
10408  -30.495  -84.206  -31.912 0.1000000015
10414  -30.797  -84.264  -32.559 0.1000000015
10413  -30.336  -84.859  -32.209 0.1000000015
124027  -32.455  -84.447  -28.522 0.1000000015
11279  -30.303  -83.315  -27.293 0.2000000030
10373  -30.723  -84.143  -27.984 0.2000000030
10383  -31.176  -84.940  -28.390 0.1000000015
11278  -29.195  -83.325  -27.398 0.1000000015
10372  -29.684  -84.059  -27.832 0.1000000015
11277  -28.253  -83.197  -27.608 0.1000000015
10381  -29.031  -84.737  -28.188 0.1000000015
21285  -37.346  -73.978  -29.302 0.1000000015
19325  -37.278  -75.646  -29.716 0.1000000015
11290  -27.577  -83.344  -28.230 0.1000000015
10379  -27.559  -84.146  -28.577 0.1000000015
10392  -27.283  -84.467  -29.221 0.1000000015
19342  -38.233  -75.913  -30.200 0.1000000015
18289  -37.607  -76.483  -29.921 0.1000000015
17334  -37.477  -77.339  -29.862 0.1000000015
16390  -36.778  -78.573  -29.540 0.1000000015
15387  -36.044  -79.938  -30.142 0.1000000015
14371  -35.593  -80.346  -30.842 0.1000000015
128107  -27.181  -83.267  -29.582 0.1000000015
11308  -27.710  -83.584  -30.578 0.1000000015
109392  -28.677  -84.845  -31.260 0.1000000015
17346  -37.359  -78.240  -29.934 0.1000000015
16402  -37.157  -79.051  -30.073 0.1000000015
15388  -36.702  -79.582  -30.360 0.1000000015
14379  -35.178  -80.634  -31.688 0.1000000015
14378  -34.119  -80.758  -31.753 0.1000000015
116336  -32.314  -80.688  -31.976 0.1000000015
14392  -31.795  -81.029  -32.362 0.1000000015
10406  -28.541  -83.916  -31.124 0.1000000015
10407  -29.678  -84.219  -31.514 0.1000000015
15396  -36.478  -80.014  -31.147 0.1000000015
14394  -34.918  -80.922  -32.752 0.1000000015
14393  -34.067  -81.049  -32.761 0.1000000015
106463  -33.256  -80.903  -32.356 0.1000000015
13339  -31.440  -81.644  -32.526 0.1000000015
12296  -31.204  -82.579  -32.472 0.1000000015
14407  -33.537  -81.373  -33.340 0.1000000015
13341  -32.631  -81.297  -32.858 0.1000000015
12290  -30.409  -82.569  -31.919 0.1000000015
124273  -30.195  -84.618  -31.815 0.1000000015
11267  -31.148  -83.075  -26.909 0.1000000015
11280  -31.354  -83.681  -27.580 0.2000000030
10375  -33.187  -84.189  -28.569 0.1000000015
11282  -33.669  -83.660  -28.057 0.2000000030
11283  -34.640  -83.598  -28.454 0.2000000030
12261  -29.541  -82.601  -26.887 0.1000000015
115498  -28.811  -82.711  -27.204 0.1000000015
22270  -38.273  -73.248  -28.106 0.1000000015
21272  -37.763  -73.492  -28.788 0.1000000015
11276  -27.712  -82.575  -27.877 0.1000000015
12271  -27.339  -82.664  -28.635 0.1000000015
13314  -27.412  -81.951  -29.175 0.1000000015
17333  -36.764  -77.766  -29.363 0.1000000015
16389  -36.187  -78.469  -28.976 0.1000000015
11307  -27.352  -83.000  -30.081 0.1000000015
15377  -35.645  -79.578  -29.394 0.1000000015
15386  -35.205  -80.187  -29.960 0.1000000015
14369  -33.700  -80.549  -30.620 0.1000000015
112062  -32.067  -80.435  -31.074 0.1000000015
14375  -30.553  -80.740  -31.355 0.1000000015
117918  -29.830  -81.849  -31.627 0.1000000015
12281  -27.933  -82.707  -30.675 0.1000000015
11316  -30.122  -83.396  -31.699 0.1000000015
13274  -32.504  -81.468  -25.270 0.1000000015
12235  -32.963  -82.104  -25.751 0.1000000015
12233  -31.153  -81.883  -25.888 0.1000000015
12234  -32.027  -82.041  -25.750 0.1000000015
12250  -32.512  -82.646  -26.361 0.1000000015
12251  -33.471  -82.612  -26.488 0.2000000030
11268  -32.097  -83.322  -27.065 0.2000000030
11270  -34.039  -83.107  -27.423 0.2000000030
12262  -35.012  -83.057  -27.787 0.2000000030
106666  -29.731  -81.753  -26.455 0.1000000015
12247  -28.935  -82.111  -26.926 0.1000000015
109966  -28.084  -81.480  -27.948 0.1000000015
22269  -37.354  -73.060  -28.096 0.1000000015
20317  -36.100  -74.648  -29.009 0.1000000015
19323  -35.627  -75.362  -28.781 0.1000000015
119493  -35.238  -76.028  -28.446 0.1000000015
12260  -28.304  -82.385  -27.389 0.1000000015
13310  -27.887  -81.360  -28.778 0.1000000015
22253  -38.824  -73.017  -27.436 0.1000000015
23234  -38.468  -72.584  -26.725 0.1000000015
20318  -36.900  -74.709  -29.459 0.1000000015
19324  -36.394  -75.517  -29.239 0.1000000015
16380  -35.646  -78.066  -28.504 0.1000000015
16388  -35.364  -78.939  -28.662 0.1000000015
15375  -33.993  -80.021  -29.032 0.1000000015
14360  -32.356  -80.371  -29.198 0.1000000015
14359  -30.936  -80.332  -29.756 0.1000000015
14365  -29.477  -80.599  -30.205 0.1000000015
13319  -28.368  -81.452  -30.515 0.1000000015
23235  -39.603  -72.785  -26.796 0.1000000015
15385  -34.302  -80.333  -29.844 0.1000000015
14368  -32.786  -80.530  -30.382 0.1000000015
14367  -31.182  -80.400  -30.749 0.1000000015
14374  -29.810  -80.753  -30.880 0.1000000015
13325  -29.013  -81.715  -31.193 0.1000000015
23217  -40.163  -72.376  -25.969 0.1000000015
23201  -40.726  -71.853  -25.297 0.1000000015
23218  -41.371  -72.281  -26.108 0.1000000015
23202  -41.857  -71.616  -25.444 0.1000000015
14296  -31.762  -80.067  -24.756 0.1000000015
13273  -31.641  -81.351  -25.397 0.1000000015
116434  -31.247  -79.963  -25.197 0.1000000015
14311  -30.768  -80.554  -25.703 0.1000000015
13261  -32.974  -80.925  -24.799 0.1000000015
12236  -33.910  -82.098  -25.861 0.2000000030
120017  -31.018  -79.931  -25.720 0.1000000015
14327  -30.239  -80.677  -26.197 0.1000000015
13272  -30.895  -81.212  -25.656 0.1000000015
12237  -34.843  -82.033  -26.078 0.2000000030
15343  -31.269  -79.564  -26.289 0.1000000015
15342  -30.604  -80.139  -26.244 0.1000000015
120316  -38.223  -71.437  -24.549 0.1000000015
23215  -37.925  -72.138  -25.964 0.1000000015
23233  -37.544  -72.452  -26.817 0.1000000015
120302  -36.853  -72.385  -26.979 0.1000000015
22251  -37.102  -72.663  -27.457 0.1000000015
22268  -36.497  -72.834  -27.928 0.1000000015
21270  -35.906  -73.870  -28.675 0.1000000015
15344  -32.019  -79.252  -26.701 0.1000000015
15354  -31.689  -79.657  -27.233 0.1000000015
14337  -29.385  -80.720  -27.207 0.1000000015
14336  -28.720  -81.097  -27.600 0.1000000015
22252  -37.917  -72.836  -27.438 0.1000000015
18274  -34.932  -76.707  -28.180 0.1000000015
17319  -34.705  -77.413  -27.944 0.1000000015
122780  -34.712  -78.715  -28.147 0.1000000015
107608  -30.592  -80.260  -28.791 0.1000000015
111183  -29.788  -80.368  -28.701 0.1000000015
14346  -28.501  -80.921  -28.462 0.1000000015
24157  -39.183  -71.495  -24.506 0.1000000015
18275  -35.486  -76.750  -28.508 0.1000000015
17320  -35.318  -77.395  -28.334 0.1000000015
16367  -34.070  -78.920  -27.760 0.1000000015
15374  -33.092  -80.216  -28.904 0.1000000015
14349  -31.628  -80.281  -28.911 0.1000000015
14358  -30.025  -80.371  -29.545 0.1000000015
14357  -29.114  -80.563  -29.212 0.1000000015
23199  -38.628  -71.883  -25.212 0.1000000015
23200  -39.637  -71.918  -25.233 0.1000000015
24166  -43.009  -71.249  -25.789 0.1000000015
106152  -31.434  -79.284  -25.403 0.1000000015
16323  -31.814  -78.317  -24.811 0.1000000015
15318  -32.287  -79.459  -24.438 0.1000000015
13275  -33.430  -81.522  -25.274 0.1000000015
16354  -31.708  -78.890  -26.035 0.1000000015
17279  -31.814  -77.571  -25.763 0.1000000015
14298  -33.480  -80.336  -24.499 0.1000000015
13276  -34.352  -81.504  -25.382 0.1000000015
17304  -32.876  -77.930  -26.786 0.1000000015
17292  -32.266  -77.711  -26.321 0.1000000015
13277  -35.263  -81.451  -25.574 0.2000000030
124395  -37.822  -71.729  -25.197 0.1000000015
124658  -36.477  -72.493  -27.377 0.1000000015
22267  -35.652  -73.076  -28.165 0.1000000015
17305  -33.396  -77.621  -27.184 0.1000000015
119807  -32.625  -79.346  -27.353 0.1000000015
14313  -35.674  -80.850  -25.186 0.1000000015
14314  -36.576  -80.799  -25.525 0.2000000030
23214  -36.984  -72.104  -26.395 0.1000000015
20308  -35.365  -74.548  -28.579 0.1000000015
19315  -34.577  -75.946  -28.048 0.1000000015
16368  -34.460  -78.160  -27.784 0.1000000015
118650  -33.883  -78.170  -27.481 0.1000000015
15364  -32.909  -79.778  -28.137 0.1000000015
24145  -39.748  -71.016  -23.808 0.1000000015
24158  -40.219  -71.432  -24.543 0.1000000015
24146  -40.811  -70.804  -23.934 0.1000000015
25143  -41.336  -69.965  -23.533 0.1000000015
24159  -41.322  -71.226  -24.682 0.1000000015
24147  -41.938  -70.452  -24.202 0.1000000015
24160  -42.494  -70.881  -24.970 0.1000000015
18236  -31.543  -76.803  -25.576 0.1000000015
17263  -31.699  -77.567  -25.117 0.1000000015
17264  -31.960  -77.534  -24.623 0.1000000015
118381  -31.470  -76.039  -26.063 0.1000000015
16339  -31.669  -78.392  -25.378 0.1000000015
118020  -32.175  -78.041  -24.452 0.1000000015
14297  -32.572  -80.233  -24.524 0.1000000015
18248  -31.780  -76.819  -26.242 0.1000000015
15309  -32.806  -78.875  -24.185 0.1000000015
14299  -34.338  -80.377  -24.585 0.1000000015
18262  -33.467  -76.619  -27.388 0.1000000015
18249  -32.003  -76.039  -26.668 0.1000000015
107055  -34.042  -79.701  -24.304 0.1000000015
24156  -37.343  -71.304  -24.766 0.1000000015
23198  -37.003  -71.649  -25.607 0.1000000015
124175  -36.357  -71.799  -26.189 0.1000000015
23232  -36.178  -72.140  -26.860 0.1000000015
22249  -34.942  -72.495  -27.620 0.1000000015
21269  -34.601  -74.447  -28.231 0.1000000015
20306  -34.029  -75.153  -27.967 0.1000000015
19305  -33.947  -75.983  -27.722 0.1000000015
110595  -32.610  -76.972  -26.817 0.1000000015
127314  -34.621  -79.955  -24.445 0.1000000015
13263  -34.791  -80.931  -24.955 0.1000000015
112694  -35.097  -73.782  -28.310 0.1000000015
20307  -34.896  -75.238  -28.370 0.1000000015
15321  -36.647  -79.632  -24.976 0.1000000015
24144  -38.731  -71.034  -23.817 0.1000000015
25141  -39.270  -70.454  -23.212 0.1000000015
25142  -40.280  -70.265  -23.309 0.1000000015
107129  -40.459  -68.218  -22.582 0.1000000015
26094  -41.678  -69.169  -23.379 0.1000000015
27046  -41.966  -67.537  -23.404 0.1000000015
19271  -31.500  -76.051  -25.234 0.1000000015
113980  -32.072  -76.976  -24.412 0.1000000015
19282  -31.472  -75.237  -25.681 0.1000000015
17256  -32.377  -77.515  -24.270 0.1000000015
19290  -31.759  -75.207  -26.438 0.1000000015
20279  -31.625  -74.434  -26.084 0.1000000015
17257  -32.964  -77.517  -23.971 0.1000000015
15310  -33.573  -78.988  -24.116 0.1000000015
20295  -33.197  -74.716  -27.601 0.1000000015
20280  -32.089  -74.382  -26.760 0.1000000015
16317  -33.270  -78.259  -24.018 0.1000000015
24143  -37.681  -70.809  -23.961 0.1000000015
22250  -35.810  -72.456  -27.568 0.1000000015
21259  -33.877  -73.418  -27.708 0.1000000015
20294  -32.622  -74.347  -27.267 0.1000000015
16318  -34.019  -78.342  -24.015 0.1000000015
14300  -35.195  -80.235  -24.638 0.1000000015
25140  -38.321  -70.438  -23.217 0.1000000015
112308  -36.864  -70.818  -24.376 0.1000000015
24155  -36.481  -71.109  -24.995 0.1000000015
23213  -35.584  -71.678  -26.375 0.1000000015
23231  -35.232  -72.013  -27.075 0.1000000015
22266  -34.667  -73.145  -27.936 0.1000000015
16326  -35.635  -78.626  -24.418 0.1000000015
25127  -38.814  -69.833  -22.700 0.1000000015
26073  -38.887  -68.327  -22.434 0.1000000015
27034  -39.511  -67.754  -22.471 0.1000000015
26074  -39.980  -68.971  -22.603 0.1000000015
27045  -41.154  -67.456  -23.007 0.1000000015
27044  -40.184  -67.187  -22.751 0.1000000015
22237  -32.236  -72.618  -26.173 0.1000000015
21240  -31.731  -73.171  -25.602 0.1000000015
21239  -31.539  -73.757  -25.013 0.1000000015
18219  -31.968  -76.161  -24.423 0.1000000015
23194  -32.472  -71.865  -25.742 0.1000000015
19251  -32.834  -75.912  -23.877 0.1000000015
23212  -34.669  -71.574  -26.511 0.1000000015
120862  -33.902  -71.635  -26.566 0.1000000015
23211  -33.436  -72.147  -26.882 0.1000000015
21249  -31.974  -73.570  -26.349 0.1000000015
18203  -33.443  -76.676  -23.929 0.1000000015
24126  -37.532  -70.232  -23.283 0.1000000015
25125  -37.003  -69.629  -23.065 0.1000000015
23197  -36.017  -71.373  -25.695 0.1000000015
23230  -34.348  -72.000  -27.115 0.1000000015
22248  -34.052  -72.632  -27.482 0.1000000015
117541  -34.217  -76.911  -24.055 0.1000000015
25126  -37.908  -69.743  -22.824 0.1000000015
16325  -34.798  -78.468  -24.186 0.1000000015
15320  -35.839  -79.522  -24.616 0.1000000015
26072  -37.993  -68.176  -22.527 0.1000000015
27033  -38.478  -67.410  -22.432 0.1000000015
27969  -38.261  -66.396  -22.461 0.1000000015
122542  -38.964  -66.076  -22.816 0.1000000015
28897  -38.391  -65.488  -22.729 0.1000000015
30825  -37.926  -63.866  -23.032 0.1000000015
112890  -39.809  -66.182  -23.107 0.1000000015
20272  -31.553  -74.485  -25.268 0.1000000015
111419  -31.676  -75.261  -24.831 0.1000000015
19272  -32.137  -75.218  -24.080 0.1000000015
105658  -32.768  -75.120  -23.506 0.1000000015
25111  -36.356  -68.910  -22.830 0.1000000015
24154  -35.549  -70.880  -25.098 0.1000000015
24153  -34.545  -70.769  -25.119 0.1000000015
113870  -33.205  -71.601  -26.169 0.1000000015
27032  -37.581  -67.464  -22.299 0.1000000015
110402  -37.252  -68.016  -22.482 0.1000000015
24125  -36.717  -70.228  -23.734 0.1000000015
24142  -36.072  -70.551  -24.428 0.1000000015
23196  -35.056  -71.199  -25.805 0.1000000015
17258  -33.724  -77.573  -23.958 0.1000000015
106119  -37.782  -66.892  -22.208 0.1000000015
27968  -37.446  -66.288  -22.004 0.1000000015
29850  -36.834  -65.019  -21.605 0.1000000015
28896  -37.687  -65.604  -22.270 0.1000000015
30819  -36.823  -64.162  -21.837 0.1000000015
118135  -37.404  -64.276  -22.397 0.1000000015
30823  -36.822  -63.302  -22.113 0.1000000015
30824  -37.303  -63.534  -22.477 0.1000000015
31746  -37.245  -62.679  -22.374 0.1000000015
23186  -32.155  -71.716  -24.884 0.1000000015
22231  -31.587  -73.038  -24.843 0.1000000015
21233  -31.604  -73.601  -24.402 0.1000000015
110802  -31.736  -74.370  -24.376 0.1000000015
21219  -31.975  -73.477  -22.962 0.1000000015
23187  -32.935  -71.208  -25.270 0.1000000015
23195  -33.964  -71.157  -25.846 0.1000000015
27955  -36.817  -66.256  -21.485 0.1000000015
27031  -36.794  -67.517  -22.082 0.1000000015
28885  -37.105  -65.625  -21.753 0.1000000015
117727  -36.240  -63.920  -21.178 0.1000000015
31740  -36.641  -62.666  -21.867 0.1000000015
32642  -36.848  -61.286  -21.239 0.1000000015
22232  -31.896  -72.405  -25.318 0.1000000015
22213  -31.720  -72.722  -23.572 0.1000000015
24152  -33.681  -70.817  -25.029 0.1000000015
26071  -36.562  -68.217  -22.413 0.1000000015
25124  -36.077  -69.526  -23.284 0.1000000015
24124  -35.654  -69.982  -23.841 0.1000000015
24140  -33.988  -70.375  -24.352 0.1000000015
28884  -36.612  -65.542  -21.222 0.1000000015
29836  -36.445  -64.756  -21.171 0.1000000015
30806  -36.047  -62.955  -21.225 0.1000000015
32638  -36.203  -61.442  -20.819 0.1000000015
112884  -36.544  -60.849  -20.749 0.1000000015
33445  -36.495  -60.252  -20.441 0.1000000015
24122  -32.568  -70.927  -23.628 0.1000000015
122958  -34.285  -69.684  -23.168 0.1000000015
119051  -33.768  -70.043  -23.528 0.1000000015
122632  -33.256  -70.452  -23.830 0.1000000015
27018  -36.330  -66.957  -21.391 0.1000000015
26062  -35.997  -67.743  -21.809 0.1000000015
26070  -35.708  -68.415  -22.265 0.1000000015
25110  -35.390  -69.001  -22.760 0.1000000015
25123  -35.084  -69.506  -23.256 0.1000000015
117939  -36.138  -65.315  -20.682 0.1000000015
32637  -35.598  -61.516  -20.321 0.1000000015
33444  -35.988  -60.785  -20.388 0.1000000015
34258  -35.396  -59.363  -19.493 0.1000000015
113421  -35.988  -59.240  -19.782 0.1000000015
25109  -34.339  -69.312  -22.507 0.1000000015
26061  -35.215  -68.082  -21.553 0.1000000015
25098  -34.837  -68.690  -22.000 0.1000000015
29821  -35.378  -64.205  -20.035 0.1000000015
30805  -35.552  -62.859  -20.590 0.1000000015
31732  -35.810  -62.172  -20.799 0.1000000015
107178  -35.055  -60.062  -19.490 0.1000000015
34257  -34.787  -59.384  -19.023 0.1000000015
118459  -35.593  -65.075  -20.132 0.1000000015
29835  -35.929  -64.497  -20.630 0.1000000015
31717  -34.703  -62.449  -19.564 0.1000000015
32627  -34.996  -61.609  -19.745 0.1000000015
33438  -35.353  -60.784  -19.899 0.1000000015
128024  -34.168  -58.907  -18.121 0.1000000015
34247  -34.267  -59.393  -18.428 0.1000000015
30789  -35.102  -63.240  -20.004 0.1000000015
32626  -34.401  -61.722  -19.091 0.1000000015
33437  -34.725  -60.872  -19.285 0.1000000015
34246  -33.901  -60.082  -18.205 0.1000000015
7345  -29.048  -88.449  -28.918 0.1000000015
7344  -28.563  -88.860  -29.389 0.1000000015
111023  -27.793  -87.378  -29.764 0.1000000015
8002  -27.686  -87.759  -30.407 0.1000000015
8751  -27.774  -85.979  -29.076 0.1000000015
8012  -28.529  -87.477  -31.803 0.1000000015
9583  -27.418  -85.740  -30.238 0.1000000015
9564  -29.421  -85.551  -28.421 0.1000000015
10382  -30.119  -84.842  -28.218 0.1000000015
9575  -27.383  -85.354  -29.436 0.1000000015
110118  -27.215  -83.827  -29.794 0.1000000015
10399  -27.754  -84.384  -30.698 0.1000000015
14408  -34.383  -81.202  -33.570 0.1000000015
12328  -32.526  -82.319  -34.397 0.1000000015
13340  -32.061  -81.657  -32.931 0.1000000015
12316  -32.210  -82.701  -33.918 0.1000000015
10374  -31.679  -84.319  -28.226 0.1000000015
120106  -32.259  -83.950  -27.977 0.2000000030
11291  -27.953  -83.878  -28.038 0.1000000015
21271  -36.715  -73.415  -28.640 0.1000000015
18288  -36.761  -76.629  -29.365 0.1000000015
14370  -34.682  -80.540  -30.741 0.1000000015
14380  -35.890  -80.352  -31.664 0.1000000015
14377  -32.998  -80.595  -31.375 0.1000000015
14376  -31.462  -80.634  -31.620 0.1000000015
14391  -31.124  -81.012  -32.020 0.1000000015
11315  -29.150  -83.274  -31.360 0.1000000015
13327  -30.585  -81.580  -31.970 0.1000000015
12289  -29.512  -82.513  -31.545 0.1000000015
12249  -31.553  -82.575  -26.349 0.1000000015
11269  -33.090  -83.189  -27.126 0.2000000030
12248  -30.520  -82.429  -26.467 0.1000000015
13309  -27.580  -81.952  -28.277 0.1000000015
117363  -28.234  -82.036  -30.821 0.1000000015
17332  -36.033  -77.341  -28.786 0.1000000015
15376  -34.849  -79.785  -29.186 0.1000000015
14361  -33.427  -80.439  -29.707 0.1000000015
107484  -31.943  -80.457  -29.951 0.1000000015
13326  -29.790  -81.210  -31.325 0.1000000015
12288  -28.660  -82.527  -31.163 0.1000000015
14326  -29.697  -81.004  -26.481 0.1000000015
123195  -35.905  -76.274  -28.862 0.1000000015
14364  -28.677  -80.872  -30.010 0.1000000015
23216  -39.054  -72.321  -25.952 0.1000000015
15366  -34.496  -79.362  -28.447 0.1000000015
15365  -33.705  -79.642  -28.273 0.1000000015
127401  -32.716  -80.477  -29.615 0.1000000015
13320  -29.129  -81.003  -30.781 0.1000000015
23236  -40.778  -72.746  -26.699 0.1000000015
15317  -31.659  -79.220  -24.815 0.1000000015
13260  -32.085  -80.807  -24.908 0.1000000015
14312  -31.361  -80.656  -25.231 0.1000000015
15353  -30.756  -79.926  -27.059 0.1000000015
13278  -36.185  -81.383  -25.871 0.2000000030
14348  -30.074  -80.233  -27.804 0.1000000015
16355  -32.435  -78.624  -26.643 0.1000000015
15363  -32.066  -79.887  -28.043 0.1000000015
15362  -31.097  -79.967  -27.992 0.1000000015
14347  -29.218  -80.586  -28.143 0.1000000015
18263  -34.293  -76.684  -27.786 0.1000000015
15355  -33.383  -79.282  -27.705 0.1000000015
16366  -33.283  -78.588  -27.264 0.1000000015
25129  -40.749  -69.271  -22.946 0.1000000015
25144  -42.461  -69.437  -23.972 0.1000000015
18261  -32.698  -76.072  -27.147 0.1000000015
25128  -39.732  -69.698  -22.808 0.1000000015
26086  -41.576  -68.341  -23.121 0.1000000015
22247  -33.143  -72.995  -27.237 0.1000000015
22246  -32.491  -73.047  -26.748 0.1000000015
28902  -39.127  -65.379  -23.201 0.1000000015
31747  -37.868  -62.876  -22.915 0.1000000015
24141  -35.082  -70.369  -24.464 0.1000000015
18142  -43.677  -77.284  -14.508 0.5000000000
16289  -46.518  -78.653  -19.282 0.5000000000
16274  -46.877  -78.840  -18.728 0.5000000000
18134  -43.190  -77.449  -13.714 0.5000000000
18152  -44.497  -76.890  -15.165 0.5000000000
18143  -45.451  -77.254  -14.601 0.5000000000
16290  -47.254  -78.037  -18.703 0.5000000000
106822  -41.660  -76.783  -14.128 0.5000000000
18141  -42.455  -77.066  -14.599 0.5000000000
17237  -47.768  -77.416  -18.221 0.5000000000
18140  -41.519  -76.479  -14.943 0.5000000000
18151  -43.210  -76.786  -15.398 0.5000000000
18150  -42.171  -76.523  -15.611 0.4000000060
18164  -43.870  -76.402  -16.062 0.4000000060
18191  -46.759  -75.502  -20.998 0.5000000000
18196  -45.661  -75.926  -22.407 0.5000000000
19232  -46.586  -75.173  -22.109 0.5000000000
19243  -46.647  -74.671  -22.934 0.5000000000
21221  -45.620  -73.644  -23.684 0.5000000000
21222  -46.469  -73.721  -23.288 0.5000000000
21205  -44.958  -72.989  -23.111 0.4000000060
21198  -43.407  -72.552  -22.043 0.4000000060
13208  -44.482  -81.639  -17.226 0.1000000015
116716  -46.380  -79.767  -18.571 0.5000000000
109462  -42.235  -77.201  -13.544 0.5000000000
110997  -44.618  -77.373  -14.347 0.5000000000
18144  -46.415  -77.170  -14.850 0.4000000060
16275  -47.330  -78.522  -18.222 0.5000000000
18132  -41.320  -76.657  -13.244 0.5000000000
19180  -40.587  -75.753  -13.437 0.5000000000
20144  -39.822  -74.811  -12.891 0.5000000000
19186  -41.041  -76.152  -14.187 0.5000000000
20156  -39.773  -74.267  -13.049 0.4000000060
20157  -40.135  -74.764  -13.543 0.3000000119
18163  -42.826  -76.271  -16.244 0.4000000060
19185  -40.551  -75.237  -14.243 0.3000000119
19217  -45.184  -75.339  -16.883 0.6999999881
19204  -46.220  -75.366  -16.602 0.5000000000
20162  -40.968  -75.608  -14.964 0.3000000119
127119  -42.049  -76.031  -16.278 0.4000000060
19203  -44.484  -75.905  -16.557 0.5000000000
123088  -45.865  -74.841  -17.111 0.6000000238
115530  -47.654  -75.148  -17.413 0.6000000238
19220  -48.153  -76.075  -17.597 0.6000000238
17241  -47.606  -76.902  -18.768 0.5000000000
18185  -46.046  -76.543  -20.689 0.3000000119
19191  -41.482  -75.898  -15.723 0.3000000119
19201  -42.570  -75.502  -16.817 0.4000000060
20188  -44.967  -74.607  -17.512 0.5000000000
20190  -47.304  -74.412  -17.948 0.6000000238
21164  -47.663  -74.058  -19.034 0.6000000238
18187  -47.763  -75.473  -19.717 0.5000000000
19227  -47.498  -75.085  -20.510 0.5000000000
20167  -40.998  -74.831  -15.680 0.4000000060
114406  -42.147  -74.633  -16.957 0.4000000060
112882  -43.954  -74.756  -17.546 0.5000000000
20197  -45.487  -73.683  -18.057 0.5000000000
21172  -47.381  -73.410  -19.760 0.5000000000
20211  -47.673  -74.315  -20.481 0.5000000000
124750  -47.419  -74.253  -21.508 0.5000000000
20186  -42.643  -74.160  -17.467 0.5000000000
21161  -44.885  -72.904  -18.366 0.5000000000
22158  -45.954  -72.269  -19.461 0.4000000060
21186  -47.417  -73.267  -20.475 0.5000000000
21199  -47.400  -73.251  -21.395 0.5000000000
20185  -41.873  -73.598  -17.202 0.4000000060
21150  -43.299  -73.618  -17.788 0.5000000000
22157  -45.124  -72.093  -18.886 0.5000000000
23138  -45.456  -71.663  -19.788 0.4000000060
22191  -46.762  -72.479  -21.524 0.4000000060
119425  -46.972  -73.102  -22.466 0.5000000000
22156  -43.677  -71.593  -18.071 0.5000000000
23137  -44.574  -71.112  -19.329 0.4000000060
23152  -45.237  -71.561  -21.034 0.4000000060
22197  -44.384  -72.565  -22.465 0.4000000060
24076  -44.099  -70.786  -18.838 0.3000000119
23136  -44.242  -70.821  -19.838 0.4000000060
115950  -43.553  -70.986  -20.427 0.3000000119
22177  -42.749  -71.429  -20.758 0.3000000119
22187  -42.591  -72.230  -21.351 0.3000000119
13190  -42.806  -81.980  -16.461 0.1000000015
14219  -43.373  -81.455  -17.050 0.1000000015
12162  -44.149  -82.576  -15.903 0.1000000015
13191  -43.868  -82.239  -16.551 0.1000000015
13193  -45.547  -81.541  -16.324 0.4000000060
14220  -46.142  -80.975  -16.534 0.4000000060
14234  -45.827  -81.197  -17.127 0.4000000060
14244  -46.513  -80.161  -18.026 0.5000000000
14235  -46.493  -80.528  -17.156 0.4000000060
15235  -46.987  -79.917  -16.669 0.5000000000
15258  -46.867  -79.354  -18.234 0.5000000000
18133  -42.874  -77.564  -12.887 0.5000000000
17160  -43.761  -77.789  -13.057 0.5000000000
17178  -44.199  -77.618  -13.754 0.5000000000
17179  -45.134  -77.706  -13.914 0.4000000060
15221  -47.480  -79.049  -15.618 0.5000000000
15249  -47.444  -78.817  -17.469 0.5000000000
18123  -40.542  -76.249  -12.430 0.5000000000
18124  -41.999  -77.305  -12.699 0.5000000000
19167  -39.785  -75.399  -12.396 0.5000000000
19168  -40.178  -75.387  -12.941 0.5000000000
109623  -47.914  -77.877  -15.755 0.6000000238
20143  -39.371  -74.499  -12.407 0.4000000060
21098  -39.662  -73.695  -12.679 0.2000000030
22078  -40.013  -73.140  -12.344 0.2000000030
109513  -40.359  -74.205  -14.351 0.3000000119
20161  -40.595  -74.795  -14.898 0.4000000060
21115  -40.127  -73.878  -13.560 0.3000000119
21099  -40.598  -73.131  -13.375 0.3000000119
21116  -40.616  -73.399  -14.056 0.4000000060
20166  -40.489  -74.068  -15.219 0.4000000060
21120  -40.459  -73.269  -14.665 0.3000000119
21129  -40.444  -73.250  -15.575 0.3000000119
22126  -41.339  -72.451  -17.233 0.3000000119
21159  -43.136  -72.554  -17.771 0.4000000060
22139  -41.062  -71.201  -17.191 0.3000000119
23112  -42.648  -70.408  -17.611 0.3000000119
24083  -43.813  -70.452  -19.077 0.4000000060
24089  -43.555  -70.506  -19.688 0.3000000119
23111  -41.861  -70.112  -17.363 0.2000000030
24074  -42.716  -69.729  -18.311 0.3000000119
23144  -42.891  -70.624  -20.084 0.3000000119
23093  -40.237  -69.943  -16.666 0.1000000015
24062  -41.495  -69.595  -17.605 0.2000000030
23135  -42.336  -70.320  -19.689 0.4000000060
119330  -38.906  -69.658  -14.151 0.1000000015
12149  -44.619  -82.390  -15.500 0.1000000015
13192  -44.759  -82.096  -16.355 0.1000000015
13173  -45.046  -81.961  -15.104 0.2000000030
13156  -45.932  -80.931  -15.026 0.5000000000
13175  -46.086  -80.981  -15.806 0.4000000060
118063  -47.151  -79.630  -16.071 0.4000000060
118278  -42.587  -77.829  -12.155 0.5000000000
16188  -44.123  -78.217  -12.604 0.4000000060
16198  -45.086  -78.304  -13.056 0.4000000060
16199  -45.845  -78.510  -13.479 0.4000000060
124853  -47.321  -78.585  -14.728 0.5000000000
15204  -47.327  -79.044  -14.958 0.5000000000
119549  -41.287  -76.998  -12.430 0.5000000000
119543  -47.658  -78.406  -15.183 0.4000000060
20134  -38.892  -74.558  -11.734 0.4000000060
19158  -39.239  -75.262  -11.764 0.4000000060
21086  -38.763  -73.645  -11.298 0.4000000060
20142  -38.932  -73.934  -11.971 0.4000000060
21087  -39.248  -73.512  -11.977 0.3000000119
22058  -40.106  -73.002  -11.444 0.2000000030
22035  -40.315  -72.867  -10.426 0.1000000015
113408  -40.867  -72.873  -12.510 0.3000000119
22059  -41.078  -72.919  -11.527 0.1000000015
22079  -41.388  -72.498  -13.490 0.3000000119
22095  -40.877  -72.429  -14.433 0.2000000030
22104  -40.133  -72.627  -15.163 0.2000000030
123543  -41.534  -72.220  -14.043 0.2000000030
22114  -40.075  -72.459  -16.010 0.2000000030
23053  -41.268  -71.761  -14.149 0.2000000030
23063  -40.061  -71.833  -14.875 0.1000000015
109943  -39.890  -71.335  -16.349 0.2000000030
23110  -41.053  -69.900  -17.023 0.2000000030
23999  -40.954  -71.185  -13.547 0.1000000015
23076  -39.618  -71.652  -15.655 0.1000000015
23075  -39.540  -70.191  -16.111 0.1000000015
24048  -39.873  -69.432  -16.730 0.1000000015
23986  -39.976  -70.553  -13.378 0.1000000015
110784  -39.396  -70.223  -14.227 0.1000000015
25046  -38.959  -69.749  -14.870 0.1000000015
25009  -38.788  -69.356  -12.803 0.1000000015
24987  -39.135  -69.018  -12.179 0.1000000015
12136  -44.546  -82.493  -14.735 0.3000000119
112032  -45.453  -81.461  -14.846 0.3000000119
13130  -43.924  -81.769  -12.758 0.3000000119
13131  -44.674  -81.343  -12.951 0.3000000119
13155  -45.697  -81.023  -14.329 0.3000000119
14173  -46.261  -80.283  -14.505 0.3000000119
14204  -46.494  -80.312  -15.268 0.4000000060
115969  -43.728  -80.714  -12.343 0.3000000119
14164  -44.555  -80.345  -12.540 0.3000000119
14172  -45.907  -80.237  -13.683 0.5000000000
15203  -46.776  -79.602  -14.773 0.5000000000
16186  -41.932  -78.169  -11.639 0.4000000060
107355  -43.639  -78.712  -12.051 0.5000000000
116389  -44.311  -78.848  -12.326 0.4000000060
16190  -45.458  -78.891  -12.921 0.4000000060
16200  -46.442  -78.766  -13.977 0.5000000000
19157  -38.608  -75.112  -11.242 0.4000000060
18109  -39.779  -76.058  -11.713 0.4000000060
17151  -40.903  -77.132  -11.819 0.5000000000
17152  -41.645  -77.580  -12.021 0.5000000000
21076  -37.819  -73.416  -9.893 0.4000000060
20132  -38.174  -73.795  -10.597 0.4000000060
22016  -38.219  -72.906  -9.547 0.3000000119
22033  -38.636  -73.273  -10.421 0.3000000119
106070  -38.932  -72.759  -9.709 0.3000000119
22034  -39.472  -72.979  -10.467 0.3000000119
22017  -39.765  -72.633  -9.628 0.3000000119
22019  -41.468  -72.781  -9.719 0.1000000015
117258  -41.044  -72.854  -10.352 0.1000000015
119171  -41.920  -72.842  -12.120 0.1000000015
22080  -41.773  -72.415  -12.924 0.2000000030
22060  -42.597  -72.905  -11.986 0.1000000015
23023  -42.421  -72.414  -12.937 0.2000000030
23039  -41.805  -71.937  -13.706 0.2000000030
23054  -41.690  -71.599  -13.566 0.1000000015
23040  -42.165  -71.568  -13.556 0.1000000015
23987  -41.428  -70.877  -13.007 0.1000000015
122315  -40.500  -70.599  -12.865 0.1000000015
25011  -40.703  -70.012  -12.406 0.1000000015
25010  -39.727  -69.856  -12.633 0.1000000015
24988  -40.049  -69.248  -11.927 0.1000000015
25953  -40.466  -68.449  -11.469 0.1000000015
25952  -39.455  -68.448  -11.621 0.1000000015
26911  -39.750  -67.751  -11.157 0.1000000015
26886  -39.998  -67.160  -10.586 0.1000000015
27826  -40.215  -66.574  -10.231 0.1000000015
28750  -41.240  -65.139  -10.243 0.1000000015
12114  -42.947  -83.229  -12.886 0.3000000119
12122  -43.341  -83.521  -13.469 0.2000000030
14162  -42.384  -81.456  -12.077 0.3000000119
15166  -42.140  -79.691  -11.574 0.4000000060
115856  -41.346  -80.068  -11.433 0.3000000119
19151  -38.337  -75.602  -10.763 0.3000000119
18108  -38.947  -76.015  -11.097 0.3000000119
114453  -39.628  -76.775  -11.136 0.4000000060
17137  -41.161  -77.859  -11.474 0.4000000060
15165  -41.384  -79.318  -11.323 0.3000000119
20111  -37.480  -74.081  -10.066 0.3000000119
16172  -39.876  -78.237  -10.812 0.4000000060
16173  -40.666  -78.335  -11.086 0.4000000060
15163  -40.080  -79.116  -10.990 0.3000000119
22015  -37.483  -72.959  -9.216 0.3000000119
22005  -38.105  -72.424  -8.844 0.3000000119
22992  -39.101  -72.350  -8.982 0.3000000119
22993  -40.084  -72.295  -8.950 0.3000000119
22018  -40.622  -72.639  -9.571 0.1000000015
22006  -42.105  -72.561  -9.158 0.1000000015
22020  -42.913  -72.899  -9.906 0.1000000015
22036  -41.849  -72.989  -10.898 0.1000000015
22037  -42.796  -73.030  -10.910 0.1000000015
23024  -43.161  -72.463  -12.798 0.2000000030
23041  -42.823  -71.629  -13.343 0.2000000030
23988  -42.275  -70.787  -13.163 0.1000000015
23042  -43.473  -71.580  -13.030 0.1000000015
25012  -41.657  -70.093  -12.458 0.1000000015
25013  -42.581  -70.188  -12.610 0.1000000015
24989  -41.014  -69.361  -11.835 0.1000000015
24990  -42.023  -69.335  -11.924 0.1000000015
25954  -41.412  -68.666  -11.536 0.1000000015
26912  -40.592  -67.623  -11.005 0.1000000015
119280  -40.793  -66.965  -10.515 0.1000000015
26887  -41.433  -67.438  -10.932 0.1000000015
27827  -41.638  -66.648  -10.577 0.1000000015
118740  -40.865  -66.069  -10.172 0.1000000015
28751  -41.795  -65.786  -10.423 0.1000000015
29719  -41.649  -64.399  -10.448 0.1000000015
118428  -41.971  -65.053  -10.425 0.1000000015
11135  -41.956  -84.588  -12.994 0.2000000030
10265  -42.390  -84.607  -13.811 0.2000000030
12112  -41.248  -83.642  -12.227 0.2000000030
13128  -41.835  -81.964  -12.046 0.3000000119
12103  -40.470  -82.838  -11.769 0.2000000030
12104  -41.199  -82.521  -11.964 0.3000000119
13122  -41.061  -81.547  -11.726 0.3000000119
17135  -38.870  -76.897  -10.675 0.3000000119
17126  -39.436  -77.523  -10.760 0.3000000119
15164  -40.643  -79.823  -11.228 0.3000000119
20126  -37.180  -74.729  -9.875 0.3000000119
20127  -37.610  -74.830  -10.277 0.3000000119
19150  -37.833  -75.568  -10.355 0.3000000119
22014  -36.735  -73.101  -8.863 0.3000000119
21065  -36.436  -73.793  -9.025 0.3000000119
17125  -38.668  -77.648  -10.452 0.3000000119
119548  -39.394  -78.859  -10.735 0.3000000119
119042  -39.859  -79.957  -11.057 0.2000000030
22975  -37.605  -71.805  -8.143 0.2000000030
22004  -37.155  -72.471  -8.546 0.2000000030
22976  -38.576  -71.761  -8.325 0.3000000119
22977  -39.527  -71.736  -8.423 0.3000000119
22978  -40.310  -71.771  -8.495 0.2000000030
22994  -41.028  -72.282  -8.860 0.1000000015
113247  -40.878  -71.349  -8.283 0.2000000030
22979  -41.717  -71.681  -8.443 0.1000000015
114343  -42.459  -71.933  -8.558 0.1000000015
22008  -43.757  -72.185  -9.020 0.1000000015
119438  -43.902  -71.438  -8.368 0.1000000015
22983  -46.029  -71.980  -8.436 0.1000000015
22021  -43.677  -72.684  -9.819 0.1000000015
115291  -44.406  -72.526  -9.705 0.1000000015
22009  -45.183  -72.596  -9.557 0.1000000015
22010  -45.949  -72.897  -9.217 0.1000000015
22984  -47.014  -72.253  -8.493 0.1000000015
21998  -48.837  -72.745  -8.389 0.1000000015
113835  -43.762  -72.947  -10.875 0.1000000015
111320  -44.319  -72.756  -10.423 0.1000000015
22022  -45.029  -72.751  -10.370 0.1000000015
22024  -46.835  -73.320  -9.640 0.1000000015
22025  -47.916  -73.465  -9.437 0.1000000015
125018  -48.665  -73.388  -9.251 0.1000000015
22061  -43.464  -72.915  -11.913 0.1000000015
22062  -44.331  -72.801  -11.815 0.1000000015
23025  -43.937  -72.366  -12.529 0.2000000030
23043  -44.168  -71.429  -12.698 0.1000000015
24991  -43.088  -69.552  -12.150 0.1000000015
25955  -42.560  -68.718  -11.649 0.1000000015
26913  -41.976  -68.078  -11.357 0.1000000015
26888  -42.413  -67.199  -10.982 0.1000000015
27828  -42.455  -66.303  -10.673 0.1000000015
28752  -42.563  -65.462  -10.584 0.1000000015
12088  -37.723  -82.107  -10.213 0.2000000030
112472  -39.907  -82.115  -11.394 0.2000000030
14155  -40.850  -80.699  -11.468 0.3000000119
13095  -37.304  -81.510  -9.939 0.2000000030
118675  -38.282  -81.891  -10.618 0.2000000030
111458  -39.537  -81.335  -11.116 0.2000000030
13121  -40.311  -81.376  -11.444 0.3000000119
14154  -40.074  -80.619  -11.225 0.3000000119
19140  -36.722  -75.083  -9.538 0.3000000119
18101  -37.489  -76.213  -9.963 0.3000000119
113786  -37.748  -76.995  -9.999 0.3000000119
17124  -37.997  -77.719  -10.104 0.3000000119
20109  -36.150  -74.625  -9.024 0.3000000119
18097  -37.075  -76.899  -9.611 0.3000000119
17117  -37.329  -77.697  -9.744 0.3000000119
16159  -38.317  -78.410  -10.301 0.3000000119
22963  -36.125  -71.328  -7.469 0.2000000030
22003  -36.343  -72.613  -8.264 0.3000000119
15150  -39.185  -79.650  -10.798 0.2000000030
14146  -39.305  -80.534  -10.950 0.2000000030
22964  -37.025  -71.015  -7.578 0.2000000030
22965  -38.057  -71.129  -7.724 0.2000000030
108345  -37.646  -70.494  -7.318 0.2000000030
23947  -39.009  -71.106  -7.820 0.3000000119
23938  -38.446  -70.453  -7.355 0.3000000119
23948  -40.009  -70.978  -7.997 0.3000000119
117876  -40.224  -69.982  -7.549 0.2000000030
115266  -40.740  -70.591  -7.908 0.2000000030
23949  -41.471  -70.747  -8.028 0.2000000030
23950  -42.404  -70.972  -8.104 0.1000000015
22039  -45.521  -72.792  -10.952 0.1000000015
22040  -46.391  -73.063  -10.495 0.1000000015
22041  -47.404  -73.293  -10.176 0.1000000015
22063  -45.403  -72.488  -11.442 0.1000000015
22064  -45.939  -72.399  -11.257 0.1000000015
23964  -47.291  -71.760  -10.816 0.1000000015
23026  -44.749  -72.198  -12.095 0.1000000015
119751  -45.498  -71.663  -11.683 0.1000000015
113710  -46.779  -70.653  -11.036 0.1000000015
23975  -44.819  -71.131  -12.260 0.1000000015
23976  -45.340  -70.639  -11.849 0.1000000015
24993  -44.767  -69.879  -11.962 0.1000000015
24992  -44.172  -70.402  -12.459 0.1000000015
121339  -43.912  -69.521  -12.037 0.1000000015
25957  -44.381  -68.716  -11.630 0.1000000015
25956  -43.431  -68.722  -11.680 0.1000000015
12064  -36.304  -81.636  -8.618 0.3000000119
14125  -36.753  -80.094  -9.439 0.3000000119
110788  -36.970  -80.849  -9.705 0.3000000119
117997  -37.551  -80.823  -10.169 0.2000000030
116102  -38.080  -80.808  -10.520 0.2000000030
14126  -37.339  -80.098  -9.961 0.3000000119
14144  -37.937  -80.187  -10.382 0.3000000119
18095  -36.015  -76.113  -8.927 0.3000000119
16148  -36.904  -78.453  -9.505 0.3000000119
15148  -37.897  -79.315  -10.213 0.3000000119
14145  -38.568  -80.363  -10.693 0.2000000030
22962  -35.355  -71.718  -7.117 0.2000000030
20097  -35.426  -74.541  -8.362 0.3000000119
19121  -34.979  -75.261  -7.997 0.3000000119
23937  -36.359  -70.681  -7.123 0.2000000030
23931  -36.950  -70.128  -6.924 0.2000000030
24942  -37.857  -69.856  -6.948 0.2000000030
119188  -39.561  -69.540  -7.162 0.3000000119
23939  -41.113  -69.922  -7.716 0.2000000030
113103  -45.119  -69.095  -11.584 0.1000000015
26915  -43.783  -67.895  -11.445 0.1000000015
26914  -42.918  -67.959  -11.394 0.1000000015
12057  -36.094  -81.988  -7.737 0.1000000015
13078  -36.045  -81.142  -7.847 0.2000000030
116208  -36.210  -80.834  -8.508 0.3000000119
15121  -35.991  -79.557  -8.347 0.3000000119
118538  -35.843  -76.847  -8.605 0.3000000119
17112  -35.684  -77.500  -8.309 0.3000000119
21059  -34.606  -73.673  -7.263 0.3000000119
20096  -34.769  -74.434  -7.651 0.3000000119
117894  -35.401  -76.942  -8.117 0.3000000119
22956  -35.160  -71.357  -6.331 0.2000000030
23930  -36.133  -70.288  -6.496 0.2000000030
24935  -37.354  -69.380  -6.401 0.1000000015
24943  -38.735  -69.724  -7.012 0.2000000030
25896  -37.725  -68.679  -5.984 0.1000000015
24937  -39.021  -68.954  -6.752 0.2000000030
24944  -39.917  -68.794  -7.001 0.3000000119
106048  -35.782  -79.717  -7.498 0.3000000119
114118  -35.641  -78.867  -7.903 0.3000000119
16136  -35.291  -78.258  -7.185 0.3000000119
17100  -35.272  -77.471  -7.720 0.3000000119
21050  -34.341  -73.266  -5.946 0.3000000119
19106  -34.434  -75.165  -7.186 0.3000000119
18089  -34.720  -75.942  -7.481 0.3000000119
21979  -34.601  -72.558  -5.530 0.2000000030
22944  -35.136  -71.310  -5.481 0.2000000030
23905  -36.161  -70.165  -4.724 0.1000000015
25887  -37.484  -68.464  -5.212 0.1000000015
25888  -38.127  -68.025  -5.535 0.1000000015
25897  -38.496  -68.377  -6.248 0.1000000015
25898  -39.343  -68.196  -6.528 0.1000000015
16135  -35.085  -77.839  -6.358 0.3000000119
16100  -35.442  -77.991  -5.784 0.2000000030
17085  -34.607  -77.048  -6.270 0.3000000119
18073  -34.560  -76.523  -6.903 0.3000000119
18052  -34.308  -76.216  -6.192 0.3000000119
21962  -34.792  -72.658  -4.976 0.2000000030
113844  -34.478  -73.900  -5.277 0.3000000119
116724  -34.363  -75.804  -6.791 0.3000000119
22927  -36.130  -70.994  -4.361 0.2000000030
21963  -35.389  -72.406  -4.611 0.2000000030
109583  -37.820  -69.881  -3.546 0.1000000015
24888  -37.138  -69.779  -3.798 0.1000000015
113791  -38.609  -69.880  -3.313 0.1000000015
127732  -37.611  -69.364  -3.670 0.1000000015
25870  -37.507  -68.529  -4.349 0.1000000015
25871  -38.054  -68.119  -3.819 0.1000000015
26818  -37.916  -67.902  -4.677 0.1000000015
26828  -38.413  -67.306  -5.042 0.1000000015
27764  -38.999  -66.913  -5.366 0.1000000015
18014  -35.230  -76.653  -5.017 0.2000000030
19057  -34.938  -75.377  -4.796 0.2000000030
118579  -34.344  -75.905  -5.594 0.2000000030
21022  -35.823  -73.191  -4.449 0.2000000030
20054  -34.641  -74.668  -5.013 0.2000000030
22928  -36.779  -71.677  -4.127 0.1000000015
122275  -35.972  -71.802  -4.396 0.2000000030
23892  -38.181  -70.632  -3.631 0.1000000015
24889  -38.217  -69.261  -3.359 0.1000000015
26805  -38.507  -67.671  -3.175 0.1000000015
26819  -38.352  -67.386  -4.037 0.1000000015
110320  -38.815  -66.639  -4.399 0.1000000015
24871  -39.012  -69.115  -2.838 0.1000000015
26790  -38.909  -68.110  -2.703 0.1000000015
27730  -38.978  -67.240  -2.709 0.1000000015
27755  -39.082  -66.134  -3.578 0.1000000015
25839  -39.492  -68.448  -2.681 0.1000000015
26791  -39.568  -67.735  -2.571 0.1000000015
27731  -39.703  -66.937  -2.554 0.1000000015
18166  -46.515  -76.063  -16.009 0.4000000060
18153  -45.740  -76.612  -15.429 0.4000000060
120365  -44.808  -76.383  -15.925 0.5000000000
18165  -45.490  -75.960  -16.250 0.6000000238
18154  -47.247  -77.159  -15.226 0.5000000000
17180  -45.988  -77.729  -14.238 0.4000000060
17240  -46.859  -77.401  -19.356 0.5000000000
17181  -46.942  -77.759  -14.563 0.4000000060
19205  -47.207  -75.584  -16.620 0.5000000000
17225  -47.830  -77.894  -17.685 0.5000000000
18167  -47.435  -76.451  -15.989 0.6000000238
18180  -48.064  -76.484  -18.186 0.5000000000
118503  -46.213  -77.229  -20.009 0.3000000119
18190  -45.287  -76.802  -21.440 0.5000000000
17210  -48.053  -77.296  -16.403 0.5000000000
15270  -46.009  -79.148  -19.448 0.5000000000
18177  -48.166  -76.685  -17.499 0.5000000000
19202  -43.516  -75.826  -16.767 0.4000000060
18186  -46.976  -76.163  -20.012 0.4000000060
20239  -46.982  -73.986  -22.791 0.5000000000
21206  -46.045  -72.933  -23.004 0.4000000060
22189  -45.426  -71.986  -21.741 0.4000000060
22178  -43.486  -71.668  -21.253 0.3000000119
22188  -44.495  -71.919  -21.725 0.4000000060
17161  -44.680  -77.956  -13.276 0.5000000000
117816  -46.752  -76.649  -15.429 0.4000000060
19216  -44.196  -75.315  -17.158 0.4000000060
19218  -46.815  -74.883  -17.181 0.6000000238
19200  -41.739  -75.238  -16.361 0.4000000060
19215  -43.350  -75.182  -17.255 0.5000000000
20189  -46.195  -74.295  -17.649 0.6000000238
20191  -47.993  -74.839  -18.235 0.6000000238
19219  -48.062  -75.467  -17.704 0.6000000238
19206  -47.939  -75.935  -16.874 0.6000000238
18168  -47.959  -76.689  -16.352 0.6000000238
19221  -48.113  -75.501  -18.468 0.5000000000
121601  -47.514  -76.315  -19.334 0.5000000000
121779  -42.772  -74.848  -17.274 0.4000000060
20187  -43.336  -74.484  -17.563 0.4000000060
20196  -44.237  -73.903  -17.919 0.5000000000
20198  -46.656  -73.667  -18.397 0.5000000000
19228  -47.788  -74.818  -20.125 0.5000000000
20199  -48.095  -74.812  -19.010 0.5000000000
19233  -47.540  -74.483  -20.856 0.5000000000
19223  -48.033  -75.145  -19.397 0.5000000000
21162  -45.889  -72.907  -18.746 0.5000000000
22169  -46.857  -72.727  -19.964 0.4000000060
21163  -46.803  -73.129  -19.225 0.5000000000
20225  -47.582  -74.010  -21.200 0.5000000000
20176  -41.395  -74.273  -16.495 0.4000000060
21130  -40.794  -73.818  -15.956 0.3000000119
21149  -42.623  -73.333  -17.586 0.5000000000
21160  -43.948  -72.801  -18.105 0.5000000000
111672  -44.404  -72.084  -18.469 0.5000000000
22168  -46.272  -72.115  -20.201 0.4000000060
22180  -46.944  -72.575  -20.736 0.5000000000
23129  -45.057  -71.651  -19.268 0.4000000060
23146  -45.776  -71.728  -20.501 0.4000000060
23113  -43.238  -70.729  -17.843 0.4000000060
22141  -42.885  -71.457  -17.658 0.4000000060
122881  -44.275  -71.242  -18.676 0.4000000060
23145  -45.033  -71.261  -20.132 0.4000000060
110529  -43.312  -78.154  -12.183 0.5000000000
17162  -45.531  -78.074  -13.640 0.4000000060
16247  -47.943  -78.111  -16.658 0.5000000000
17194  -47.617  -77.759  -15.123 0.5000000000
124334  -40.748  -72.849  -12.951 0.3000000119
113225  -41.077  -72.748  -14.042 0.3000000119
21140  -41.015  -73.304  -16.653 0.3000000119
21148  -42.284  -72.490  -17.540 0.3000000119
120498  -40.523  -73.068  -16.193 0.3000000119
21139  -40.476  -72.217  -16.695 0.3000000119
22140  -41.993  -71.324  -17.454 0.3000000119
24063  -42.355  -69.757  -17.754 0.3000000119
24064  -43.155  -70.107  -17.955 0.4000000060
24082  -43.065  -69.993  -19.181 0.4000000060
24073  -41.946  -69.466  -18.112 0.2000000030
24049  -40.543  -69.471  -17.291 0.2000000030
25062  -38.589  -69.562  -15.348 0.1000000015
25026  -39.215  -69.844  -13.407 0.1000000015
15183  -46.073  -79.234  -13.442 0.4000000060
109518  -46.924  -78.391  -14.411 0.5000000000
18110  -40.285  -76.713  -11.607 0.5000000000
20133  -38.456  -74.265  -11.181 0.4000000060
22057  -39.323  -73.277  -11.358 0.3000000119
24011  -40.221  -71.092  -14.252 0.1000000015
23062  -39.216  -70.763  -15.095 0.1000000015
25063  -39.070  -69.763  -15.684 0.1000000015
12124  -44.485  -82.509  -14.044 0.3000000119
13154  -45.066  -81.828  -14.343 0.3000000119
13129  -42.648  -82.344  -12.470 0.3000000119
12115  -43.539  -82.626  -12.949 0.3000000119
110367  -43.137  -81.586  -12.390 0.3000000119
13137  -44.283  -82.270  -13.363 0.3000000119
13139  -45.349  -81.223  -13.624 0.3000000119
14165  -45.280  -80.449  -12.957 0.3000000119
15174  -44.028  -79.598  -12.221 0.3000000119
14163  -42.692  -80.644  -11.951 0.3000000119
15173  -43.150  -79.635  -11.906 0.3000000119
15175  -44.901  -79.468  -12.561 0.3000000119
16174  -41.343  -78.551  -11.317 0.4000000060
16175  -41.925  -78.830  -11.454 0.4000000060
16187  -42.707  -78.627  -11.767 0.4000000060
20128  -38.105  -74.929  -10.738 0.4000000060
126724  -37.963  -74.336  -10.565 0.4000000060
125258  -41.163  -68.037  -11.269 0.1000000015
11136  -42.737  -83.995  -13.237 0.2000000030
12113  -42.096  -83.207  -12.529 0.2000000030
11145  -43.054  -84.063  -13.772 0.2000000030
111676  -41.737  -80.850  -11.729 0.3000000119
18102  -38.224  -76.345  -10.431 0.3000000119
17136  -40.336  -77.474  -11.170 0.4000000060
21066  -37.095  -73.575  -9.465 0.3000000119
113679  -42.216  -72.992  -10.022 0.1000000015
22007  -42.993  -72.446  -9.078 0.1000000015
122408  -42.977  -70.863  -13.208 0.1000000015
23989  -43.478  -70.527  -12.770 0.1000000015
122928  -41.978  -68.687  -11.596 0.1000000015
11120  -40.486  -83.900  -11.860 0.2000000030
123230  -40.563  -82.044  -11.684 0.2000000030
20110  -36.826  -74.286  -9.526 0.3000000119
19149  -37.274  -75.417  -9.916 0.3000000119
117024  -38.309  -77.113  -10.303 0.3000000119
22974  -36.689  -71.900  -7.946 0.3000000119
22980  -43.131  -71.642  -8.452 0.1000000015
22982  -45.231  -72.059  -8.743 0.1000000015
22981  -44.504  -72.025  -8.948 0.1000000015
117955  -46.643  -72.882  -8.917 0.1000000015
22023  -45.865  -73.095  -10.099 0.1000000015
22011  -47.483  -73.201  -8.911 0.1000000015
22012  -48.405  -73.350  -8.791 0.1000000015
21997  -47.922  -72.644  -8.412 0.1000000015
22038  -44.701  -72.811  -11.115 0.1000000015
22042  -48.388  -73.277  -9.834 0.1000000015
118654  -49.629  -72.845  -9.117 0.1000000015
116861  -44.952  -72.588  -11.520 0.1000000015
125847  -43.671  -69.978  -12.392 0.1000000015
12074  -37.116  -82.252  -9.694 0.2000000030
13109  -37.892  -81.396  -10.405 0.2000000030
12101  -39.033  -82.161  -10.940 0.2000000030
13110  -38.639  -81.215  -10.785 0.2000000030
18096  -36.746  -76.008  -9.487 0.3000000119
16158  -37.591  -78.483  -9.926 0.3000000119
21064  -35.855  -73.969  -8.615 0.3000000119
19139  -36.245  -75.438  -9.164 0.3000000119
17116  -36.706  -77.627  -9.320 0.3000000119
115200  -36.425  -76.839  -9.142 0.3000000119
15149  -38.436  -79.710  -10.534 0.3000000119
21996  -35.870  -72.093  -7.750 0.3000000119
22002  -35.612  -72.818  -7.931 0.3000000119
116885  -39.342  -70.321  -7.451 0.3000000119
123735  -45.954  -72.749  -11.049 0.1000000015
23006  -46.709  -72.644  -10.768 0.1000000015
23008  -48.898  -72.704  -10.085 0.1000000015
117208  -46.367  -71.708  -11.233 0.1000000015
13085  -36.498  -80.872  -9.126 0.3000000119
13094  -36.742  -81.592  -9.398 0.3000000119
14115  -36.287  -80.168  -8.795 0.3000000119
15122  -36.457  -79.254  -9.122 0.3000000119
15131  -37.129  -79.288  -9.726 0.3000000119
16147  -36.360  -78.320  -9.007 0.3000000119
19122  -35.669  -75.353  -8.654 0.3000000119
18090  -35.341  -76.169  -8.230 0.3000000119
17115  -36.163  -77.546  -8.826 0.3000000119
21995  -35.300  -72.371  -7.478 0.3000000119
21994  -34.847  -72.373  -7.012 0.3000000119
23929  -35.726  -70.946  -6.812 0.2000000030
21060  -35.286  -73.654  -8.010 0.3000000119
125762  -40.098  -69.372  -7.271 0.2000000030
12065  -36.287  -82.627  -8.330 0.1000000015
14104  -35.929  -80.563  -7.066 0.2000000030
14114  -35.986  -80.341  -8.027 0.3000000119
15130  -36.048  -78.854  -8.602 0.3000000119
16144  -35.530  -78.057  -7.957 0.3000000119
21990  -34.576  -72.478  -6.299 0.3000000119
119532  -34.338  -73.704  -6.576 0.3000000119
23919  -35.505  -70.684  -5.995 0.2000000030
24934  -36.574  -69.636  -6.136 0.2000000030
24936  -38.158  -69.126  -6.577 0.1000000015
24923  -37.053  -69.064  -5.664 0.1000000015
16120  -35.531  -78.788  -6.273 0.3000000119
15109  -35.532  -79.121  -7.077 0.3000000119
20085  -34.190  -74.180  -6.024 0.3000000119
22926  -34.897  -72.007  -5.119 0.2000000030
23904  -35.594  -70.713  -5.100 0.2000000030
23920  -35.956  -70.068  -5.618 0.2000000030
24922  -36.470  -69.516  -5.204 0.1000000015
25869  -36.972  -68.991  -4.780 0.1000000015
24887  -36.710  -69.640  -4.358 0.1000000015
23890  -36.653  -70.311  -4.069 0.1000000015
26838  -38.904  -67.582  -5.915 0.1000000015
17068  -34.940  -77.406  -5.808 0.3000000119
20067  -34.327  -74.649  -5.544 0.3000000119
21021  -34.963  -73.322  -4.715 0.2000000030
22913  -36.832  -70.914  -3.954 0.1000000015
23891  -37.303  -70.437  -3.730 0.1000000015
25855  -38.393  -68.511  -3.192 0.1000000015
20056  -36.099  -74.515  -4.614 0.2000000030
116416  -35.524  -73.937  -4.548 0.2000000030
21948  -37.738  -71.862  -4.163 0.1000000015
27745  -38.690  -66.854  -3.280 0.1000000015
17246  -44.833  -77.971  -21.402 0.3000000119
15300  -43.645  -79.270  -22.494 0.3000000119
16310  -44.366  -78.346  -22.024 0.3000000119
9519  -38.836  -85.073  -22.050 0.2000000030
8681  -37.560  -86.712  -21.899 0.2000000030
15299  -43.019  -79.905  -22.725 0.4000000060
12222  -41.315  -82.283  -22.865 0.3000000119
17250  -43.996  -77.783  -22.963 0.4000000060
14275  -42.517  -80.702  -22.892 0.3000000119
12219  -40.716  -82.975  -22.557 0.3000000119
17251  -44.634  -76.907  -22.615 0.4000000060
15312  -42.794  -80.072  -23.366 0.4000000060
11248  -40.283  -83.463  -22.649 0.3000000119
9531  -39.036  -84.855  -22.574 0.2000000030
16319  -43.602  -78.442  -23.499 0.4000000060
12225  -41.225  -82.232  -23.769 0.4000000060
19242  -46.189  -75.254  -23.056 0.4000000060
14286  -41.929  -80.895  -24.294 0.4000000060
11254  -40.293  -83.349  -23.333 0.3000000119
126374  -39.091  -84.602  -23.211 0.3000000119
17259  -44.002  -77.389  -24.126 0.4000000060
15323  -42.710  -79.466  -24.530 0.4000000060
118530  -40.635  -82.673  -24.105 0.3000000119
111322  -39.750  -83.702  -23.564 0.4000000060
18213  -45.534  -75.758  -23.709 0.4000000060
14303  -42.157  -80.008  -25.087 0.4000000060
11257  -39.918  -83.016  -24.564 0.3000000119
19264  -46.148  -74.948  -23.693 0.4000000060
112721  -43.734  -77.679  -24.901 0.4000000060
16331  -43.206  -78.525  -24.632 0.4000000060
14302  -41.726  -80.540  -25.863 0.4000000060
19263  -45.562  -75.200  -24.515 0.4000000060
112944  -42.573  -79.207  -26.024 0.4000000060
13280  -40.706  -81.790  -26.135 0.3000000119
20256  -46.014  -74.400  -23.953 0.4000000060
123973  -44.016  -77.314  -25.816 0.4000000060
16330  -43.041  -78.578  -25.820 0.4000000060
13281  -41.192  -81.295  -26.053 0.4000000060
18229  -44.524  -76.311  -25.508 0.4000000060
17285  -43.663  -77.438  -26.288 0.4000000060
124344  -43.015  -78.670  -26.787 0.4000000060
14318  -42.199  -79.723  -26.403 0.4000000060
12238  -40.367  -82.128  -26.872 0.3000000119
19276  -45.022  -75.768  -25.164 0.4000000060
17293  -42.991  -78.430  -27.158 0.4000000060
14317  -41.979  -79.916  -27.168 0.4000000060
13296  -41.455  -80.652  -27.128 0.3000000119
105749  -39.179  -82.974  -26.845 0.2000000030
20255  -45.212  -74.397  -24.329 0.3000000119
18228  -43.871  -76.266  -25.729 0.4000000060
19275  -44.328  -75.652  -25.356 0.4000000060
18238  -43.484  -76.907  -26.237 0.4000000060
16357  -42.384  -78.724  -27.330 0.4000000060
14331  -41.567  -80.108  -27.544 0.4000000060
12256  -39.737  -82.497  -27.440 0.2000000030
12257  -40.276  -81.915  -27.767 0.2000000030
11271  -38.341  -83.645  -27.788 0.3000000119
21220  -44.545  -73.705  -23.672 0.3000000119
20254  -44.119  -74.403  -24.181 0.3000000119
19274  -43.272  -75.660  -25.033 0.3000000119
15347  -41.188  -79.822  -27.682 0.3000000119
12266  -39.394  -82.397  -27.988 0.2000000030
13295  -40.577  -81.287  -27.768 0.2000000030
11287  -38.862  -82.991  -28.276 0.2000000030
9549  -36.546  -85.328  -27.938 0.2000000030
21204  -43.920  -73.196  -22.850 0.3000000119
19262  -43.694  -75.044  -24.632 0.3000000119
16344  -42.640  -78.125  -27.248 0.4000000060
14341  -40.488  -81.027  -27.866 0.1000000015
21203  -42.928  -73.489  -22.484 0.3000000119
19261  -42.623  -75.204  -24.109 0.3000000119
118129  -41.737  -76.628  -25.286 0.2000000030
16342  -40.528  -79.028  -27.058 0.2000000030
12265  -38.391  -83.110  -28.463 0.1000000015
10376  -37.054  -84.624  -28.952 0.2000000030
18226  -40.800  -76.651  -24.858 0.2000000030
17272  -41.426  -77.125  -25.738 0.2000000030
14339  -39.535  -81.507  -27.891 0.1000000015
11296  -37.952  -83.433  -28.709 0.1000000015
10389  -37.659  -83.861  -28.903 0.1000000015
20237  -42.499  -74.217  -22.826 0.3000000119
19260  -41.676  -75.433  -23.724 0.3000000119
107356  -42.098  -71.941  -20.858 0.2000000030
21197  -42.350  -73.127  -21.793 0.1000000015
19259  -40.755  -75.675  -23.451 0.2000000030
111122  -39.771  -78.399  -26.122 0.1000000015
13294  -38.792  -81.731  -27.766 0.1000000015
12272  -37.859  -83.131  -28.697 0.1000000015
10388  -37.010  -84.123  -29.269 0.1000000015
22186  -41.641  -72.748  -21.157 0.2000000030
20236  -41.548  -74.417  -22.349 0.2000000030
19241  -41.169  -75.154  -22.839 0.2000000030
18210  -40.298  -76.237  -24.022 0.1000000015
17271  -40.378  -77.162  -25.339 0.1000000015
15333  -39.471  -79.168  -26.394 0.1000000015
14316  -38.339  -80.149  -26.098 0.1000000015
12255  -37.439  -82.518  -27.959 0.1000000015
11285  -36.678  -83.664  -29.103 0.1000000015
10393  -35.273  -85.097  -29.581 0.1000000015
20235  -40.639  -74.746  -22.133 0.1000000015
18225  -39.783  -76.691  -24.610 0.1000000015
16341  -38.770  -78.549  -25.636 0.1000000015
14315  -37.633  -80.667  -25.979 0.1000000015
12263  -36.026  -83.025  -28.250 0.1000000015
10386  -34.866  -84.635  -29.455 0.1000000015
9568  -33.982  -85.851  -29.468 0.1000000015
17280  -39.053  -77.761  -25.401 0.1000000015
13279  -37.151  -81.313  -26.301 0.1000000015
11292  -34.254  -84.130  -28.965 0.1000000015
117829  -33.012  -84.803  -29.023 0.1000000015
13291  -35.781  -81.943  -26.412 0.1000000015
25904  -40.557  -68.420  -7.087 0.2000000030
23143  -42.021  -71.152  -20.350 0.2000000030
22176  -41.559  -72.002  -20.630 0.1000000015
21196  -41.536  -73.694  -21.695 0.1000000015
20223  -40.921  -74.192  -21.730 0.1000000015
19258  -39.797  -75.827  -23.279 0.1000000015
18224  -38.840  -76.699  -24.468 0.1000000015
16340  -37.848  -78.819  -25.313 0.1000000015
11284  -35.659  -83.606  -28.840 0.1000000015
12254  -36.394  -82.462  -27.540 0.1000000015
15330  -36.865  -80.240  -25.323 0.1000000015
16309  -43.994  -78.724  -22.479 0.4000000060
117268  -41.723  -81.642  -23.509 0.3000000119
125661  -42.177  -81.126  -23.349 0.3000000119
11253  -39.730  -84.018  -22.822 0.3000000119
18212  -44.900  -76.391  -24.178 0.4000000060
13265  -41.454  -81.451  -24.685 0.4000000060
13264  -40.935  -81.980  -24.994 0.3000000119
18230  -44.926  -76.355  -25.070 0.4000000060
17284  -43.134  -77.663  -26.853 0.4000000060
117241  -40.936  -81.418  -27.128 0.2000000030
11272  -38.870  -83.256  -27.821 0.2000000030
18237  -42.519  -76.994  -26.193 0.3000000119
16356  -41.602  -78.913  -27.494 0.2000000030
10377  -37.856  -84.070  -28.386 0.2000000030
20238  -43.456  -73.920  -23.291 0.3000000119
18227  -42.685  -76.307  -25.389 0.3000000119
14330  -40.531  -80.517  -27.720 0.2000000030
13304  -39.258  -82.175  -28.053 0.1000000015
17283  -42.174  -77.592  -26.729 0.4000000060
17282  -41.106  -77.670  -26.245 0.2000000030
108088  -39.779  -80.392  -27.431 0.1000000015
116576  -36.426  -84.600  -29.362 0.1000000015
15345  -39.193  -79.954  -26.640 0.1000000015
13303  -38.460  -82.590  -28.229 0.1000000015
20252  -42.045  -74.834  -23.232 0.3000000119
14328  -38.077  -81.286  -26.872 0.1000000015
12264  -37.055  -83.095  -28.598 0.1000000015
10387  -35.738  -84.637  -29.527 0.1000000015
19240  -40.259  -75.329  -22.660 0.1000000015
17270  -39.381  -77.151  -25.079 0.1000000015
15332  -38.506  -79.419  -25.837 0.1000000015
9576  -34.448  -85.162  -29.523 0.1000000015
15331  -37.538  -79.744  -25.451 0.1000000015
9567  -32.865  -85.579  -29.208 0.1000000015
16329  -38.036  -77.899  -25.086 0.1000000015
15255  -43.860  -79.519  -19.125 0.3000000119
124453  -43.702  -79.273  -19.922 0.2000000030
119212  -42.967  -79.245  -20.351 0.3000000119
14243  -45.998  -80.765  -17.879 0.4000000060
15256  -44.974  -79.802  -19.101 0.2000000030
15257  -46.044  -80.195  -18.513 0.4000000060
15268  -44.561  -79.314  -19.825 0.3000000119
15279  -41.973  -79.327  -20.754 0.2000000030
15271  -46.472  -79.284  -18.925 0.4000000060
15281  -44.021  -79.239  -20.709 0.2000000030
112838  -42.486  -79.724  -21.574 0.2000000030
15288  -40.496  -79.714  -21.362 0.1000000015
15289  -41.517  -79.717  -21.384 0.2000000030
14263  -40.169  -80.620  -21.606 0.1000000015
15282  -44.850  -79.020  -20.312 0.3000000119
14262  -39.141  -80.621  -21.461 0.1000000015
14265  -42.034  -80.400  -21.958 0.2000000030
13241  -39.832  -81.719  -21.604 0.1000000015
12213  -39.092  -82.392  -21.351 0.1000000015
12214  -40.000  -82.902  -21.683 0.1000000015
11224  -37.523  -84.016  -20.543 0.1000000015
11225  -38.245  -83.752  -20.796 0.1000000015
11240  -39.165  -83.535  -21.344 0.1000000015
109108  -37.726  -84.788  -20.764 0.1000000015
122525  -38.167  -84.445  -20.831 0.1000000015
15283  -45.423  -78.909  -19.935 0.3000000119
15290  -43.179  -79.640  -21.841 0.2000000030
13243  -41.642  -81.138  -22.151 0.2000000030
13242  -40.959  -81.611  -21.920 0.2000000030
117797  -40.580  -82.434  -21.901 0.2000000030
10324  -37.925  -85.413  -21.073 0.1000000015
10339  -37.139  -85.272  -20.855 0.1000000015
16305  -45.028  -78.483  -20.782 0.2000000030
16298  -44.916  -78.749  -20.572 0.3000000119
14266  -42.676  -80.116  -22.286 0.2000000030
12215  -40.536  -82.912  -22.096 0.2000000030
9488  -38.707  -84.805  -21.533 0.1000000015
9502  -36.948  -86.140  -21.280 0.1000000015
9503  -37.562  -85.819  -21.242 0.1000000015
16303  -44.187  -78.960  -21.807 0.3000000119
14274  -42.068  -80.981  -22.486 0.3000000119
11242  -40.222  -83.426  -22.333 0.2000000030
10341  -39.095  -84.670  -21.903 0.1000000015
8680  -37.259  -86.914  -21.709 0.1000000015
8672  -37.763  -85.754  -21.502 0.1000000015
9518  -38.238  -85.657  -21.959 0.1000000015
8698  -36.914  -87.575  -21.749 0.1000000015
16304  -44.603  -78.674  -21.252 0.2000000030
7914  -37.583  -87.257  -22.143 0.1000000015
9530  -38.392  -85.670  -22.326 0.1000000015
107946  -37.101  -88.539  -21.896 0.1000000015
7906  -37.376  -87.569  -21.926 0.1000000015
17243  -45.503  -77.763  -20.580 0.2000000030
9529  -38.114  -85.951  -23.048 0.1000000015
8717  -37.936  -86.703  -22.431 0.1000000015
6586  -35.727  -90.453  -22.691 0.1000000015
7275  -37.145  -89.490  -22.329 0.1000000015
121856  -37.439  -88.036  -22.119 0.1000000015
7931  -37.646  -87.684  -22.653 0.1000000015
10359  -38.961  -84.159  -24.120 0.3000000119
7289  -37.374  -89.355  -23.127 0.1000000015
16300  -46.088  -78.218  -19.871 0.3000000119
15269  -45.412  -79.343  -19.507 0.3000000119
107250  -43.298  -79.641  -22.208 0.3000000119
122300  -38.081  -85.519  -21.652 0.1000000015
13252  -41.494  -81.722  -22.467 0.2000000030
15291  -43.791  -79.316  -21.662 0.3000000119
11241  -39.914  -83.625  -21.930 0.1000000015
7274  -35.748  -89.610  -22.537 0.1000000015
7265  -36.549  -89.306  -22.129 0.1000000015
6585  -34.855  -89.774  -23.114 0.1000000015
6587  -37.180  -90.078  -22.721 0.1000000015
9540  -38.553  -85.050  -23.339 0.2000000030
7960  -36.669  -87.493  -24.720 0.1000000015
7300  -36.110  -89.150  -25.912 0.1000000015
125440  -36.270  -88.076  -25.632 0.2000000030
5914  -35.617  -90.661  -26.028 0.1000000015
8727  -37.067  -86.147  -24.364 0.2000000030
8737  -36.541  -86.340  -25.193 0.2000000030
112063  -36.161  -86.873  -25.919 0.1000000015
6622  -35.036  -90.234  -27.027 0.1000000015
7970  -35.681  -88.183  -26.875 0.2000000030
8742  -35.791  -87.075  -27.122 0.1000000015
10358  -38.186  -84.606  -24.464 0.2000000030
9538  -36.946  -85.393  -25.233 0.1000000015
7310  -35.527  -88.922  -26.952 0.1000000015
11256  -39.409  -83.544  -24.444 0.2000000030
10360  -37.562  -84.612  -25.371 0.2000000030
105685  -36.530  -85.464  -26.427 0.1000000015
8743  -36.104  -86.134  -26.943 0.1000000015
122732  -39.376  -83.051  -25.487 0.2000000030
10361  -38.252  -83.908  -25.508 0.2000000030
109647  -38.535  -83.441  -26.832 0.2000000030
9546  -37.092  -84.749  -26.265 0.1000000015
11260  -39.752  -82.599  -26.130 0.2000000030
10366  -37.142  -84.671  -27.601 0.1000000015
8745  -35.558  -86.527  -28.352 0.1000000015
9539  -37.658  -85.445  -24.134 0.1000000015
14242  -45.372  -80.476  -18.396 0.2000000030
15267  -42.866  -79.193  -19.511 0.1000000015
12123  -43.930  -83.037  -13.712 0.2000000030
11167  -43.295  -83.405  -15.207 0.1000000015
11102  -37.614  -83.021  -10.003 0.1000000015
9412  -40.730  -86.113  -12.957 0.1000000015
10251  -41.302  -85.447  -13.158 0.1000000015
12102  -39.653  -83.070  -11.383 0.1000000015
110725  -37.858  -83.968  -10.017 0.2000000030
9427  -40.046  -86.877  -12.809 0.1000000015
115989  -36.956  -82.927  -9.444 0.2000000030
12089  -38.299  -82.615  -10.574 0.1000000015
11103  -38.469  -83.631  -10.580 0.1000000015
10239  -39.856  -85.150  -11.653 0.1000000015
10240  -40.514  -85.119  -12.142 0.1000000015
9411  -40.160  -86.069  -12.221 0.1000000015
14233  -45.320  -81.180  -17.616 0.2000000030
12148  -43.993  -83.012  -15.181 0.1000000015
127943  -40.972  -85.425  -12.693 0.1000000015
115222  -39.802  -84.196  -11.514 0.1000000015
111453  -38.921  -82.995  -10.901 0.1000000015
12073  -36.606  -82.378  -9.091 0.2000000030
11156  -43.480  -83.563  -14.618 0.1000000015
10263  -40.983  -85.862  -13.788 0.1000000015
9428  -40.274  -86.674  -13.496 0.1000000015
11119  -39.204  -83.663  -11.069 0.1000000015
10226  -38.410  -84.792  -10.410 0.1000000015
14232  -44.544  -80.784  -17.944 0.1000000015
14241  -44.491  -80.162  -18.593 0.1000000015
17056  -35.799  -77.239  -5.074 0.1000000015
16101  -35.924  -78.716  -5.675 0.1000000015
15074  -36.046  -79.555  -5.889 0.1000000015
14088  -36.136  -80.376  -6.173 0.1000000015
12043  -36.046  -82.216  -6.995 0.1000000015
15093  -35.815  -79.704  -6.612 0.1000000015
113182  -36.856  -78.377  -5.238 0.1000000015
15060  -36.830  -79.823  -5.249 0.1000000015
14074  -36.547  -80.228  -5.575 0.1000000015
12034  -36.541  -82.973  -5.725 0.1000000015
110105  -36.327  -77.811  -5.234 0.1000000015
16082  -36.392  -78.542  -5.402 0.1000000015
14089  -36.441  -81.081  -5.841 0.1000000015
13062  -36.271  -81.934  -6.244 0.1000000015
11070  -36.114  -83.649  -7.015 0.1000000015
18015  -35.911  -76.522  -4.816 0.1000000015
114019  -37.262  -81.252  -5.106 0.1000000015
108717  -36.865  -79.160  -5.248 0.1000000015
14056  -37.032  -80.471  -5.155 0.1000000015
13040  -36.817  -80.978  -5.427 0.1000000015
18016  -36.750  -76.823  -5.061 0.1000000015
116080  -36.767  -75.058  -4.971 0.1000000015
20057  -37.057  -74.107  -4.843 0.1000000015
110134  -38.094  -79.409  -5.198 0.1000000015
15061  -37.366  -79.816  -5.059 0.1000000015
17070  -37.704  -77.152  -5.393 0.1000000015
18033  -37.492  -76.245  -5.341 0.1000000015
116998  -36.243  -73.797  -4.527 0.1000000015
24945  -40.683  -69.132  -7.360 0.1000000015
24946  -41.598  -69.159  -7.552 0.1000000015
24948  -43.129  -69.394  -7.700 0.1000000015
19059  -37.743  -74.842  -5.275 0.1000000015
21023  -36.721  -73.235  -4.488 0.1000000015
21964  -36.292  -72.464  -4.356 0.1000000015
25899  -40.095  -68.018  -6.763 0.1000000015
24956  -41.970  -69.989  -7.850 0.1000000015
25905  -41.235  -68.418  -7.256 0.1000000015
24959  -44.437  -69.749  -7.710 0.1000000015
24957  -42.810  -70.043  -7.826 0.1000000015
24958  -43.599  -69.937  -7.751 0.1000000015
16083  -37.449  -78.941  -5.221 0.1000000015
113590  -38.079  -80.090  -4.981 0.1000000015
14057  -37.675  -80.655  -4.949 0.1000000015
13061  -36.009  -81.490  -7.039 0.1000000015
12058  -36.113  -82.829  -7.463 0.1000000015
115779  -35.274  -76.028  -4.781 0.1000000015
24947  -42.447  -69.268  -7.669 0.1000000015
112945  -36.139  -81.088  -6.434 0.1000000015
12044  -36.170  -82.848  -6.566 0.1000000015
19058  -36.639  -75.941  -5.023 0.1000000015
125570  -37.372  -75.527  -5.262 0.1000000015
23134  -41.496  -70.476  -19.625 0.1000000015
23133  -40.787  -70.128  -19.065 0.1000000015
125978  -41.522  -69.640  -18.716 0.1000000015
15245  -40.472  -79.321  -17.512 0.1000000015
15252  -40.826  -79.046  -18.326 0.1000000015
16273  -41.192  -78.929  -19.257 0.1000000015
15244  -39.638  -79.082  -17.269 0.1000000015
16259  -40.000  -78.781  -18.053 0.1000000015
16271  -39.358  -78.358  -18.691 0.1000000015
15253  -41.739  -79.226  -18.495 0.1000000015
15234  -40.934  -79.907  -17.038 0.1000000015
15246  -41.345  -79.534  -17.729 0.1000000015
16246  -38.693  -78.733  -17.045 0.1000000015
15233  -40.076  -79.678  -16.844 0.1000000015
16245  -37.706  -78.675  -16.432 0.1000000015
15232  -39.230  -79.478  -16.613 0.1000000015
13106  -28.604  -81.516  -10.168 0.1000000015
14140  -28.789  -80.752  -10.483 0.1000000015
125598  -30.002  -80.764  -12.910 0.1000000015
13134  -30.542  -80.792  -13.643 0.1000000015
15179  -30.467  -79.474  -13.793 0.1000000015
16214  -30.854  -78.779  -14.840 0.1000000015
15254  -42.715  -79.399  -18.712 0.1000000015
14199  -30.736  -80.106  -15.056 0.1000000015
16215  -31.320  -78.278  -14.285 0.1000000015
16256  -37.885  -78.112  -17.288 0.1000000015
17209  -37.164  -77.994  -16.869 0.1000000015
15266  -41.987  -79.075  -19.888 0.1000000015
16228  -30.846  -78.690  -15.695 0.1000000015
17203  -31.749  -77.677  -16.617 0.1000000015
17205  -33.504  -77.326  -16.323 0.1000000015
17207  -35.916  -77.630  -16.603 0.1000000015
17193  -36.194  -77.940  -15.995 0.1000000015
16244  -36.882  -78.323  -16.212 0.1000000015
15231  -38.398  -79.360  -16.259 0.1000000015
15278  -40.819  -79.232  -20.827 0.1000000015
15230  -30.577  -79.411  -16.295 0.1000000015
17218  -31.802  -77.632  -17.357 0.1000000015
113117  -35.287  -77.630  -15.824 0.1000000015
16231  -36.525  -78.529  -15.575 0.1000000015
14149  -28.883  -80.773  -11.150 0.1000000015
14150  -29.306  -80.359  -11.525 0.1000000015
119956  -29.853  -79.890  -12.649 0.1000000015
14230  -41.847  -80.189  -17.243 0.1000000015
14231  -42.848  -80.536  -17.453 0.1000000015
15247  -42.329  -79.745  -17.934 0.1000000015
14158  -30.093  -80.105  -13.333 0.1000000015
108885  -30.820  -78.842  -14.045 0.1000000015
16193  -30.659  -78.904  -13.396 0.1000000015
126491  -42.075  -79.091  -19.162 0.1000000015
111480  -32.866  -77.302  -15.899 0.1000000015
17191  -33.639  -77.266  -15.384 0.1000000015
17192  -34.360  -77.429  -16.049 0.1000000015
15218  -37.638  -79.429  -15.685 0.1000000015
124052  -34.519  -77.468  -15.356 0.1000000015
16230  -35.818  -78.114  -15.278 0.1000000015
15217  -36.857  -79.202  -15.288 0.1000000015
109024  -29.209  -79.816  -9.202 0.1000000015
14122  -29.118  -80.024  -10.040 0.1000000015
15117  -29.907  -79.257  -8.866 0.1000000015
106736  -29.848  -79.317  -8.065 0.1000000015
14218  -42.326  -81.033  -16.833 0.1000000015
15157  -29.651  -79.730  -11.132 0.1000000015
15158  -30.282  -79.298  -11.458 0.1000000015
14216  -40.464  -80.392  -16.515 0.1000000015
14215  -39.636  -80.156  -16.313 0.1000000015
124378  -43.782  -80.907  -17.571 0.1000000015
15170  -30.249  -79.292  -12.275 0.1000000015
16194  -31.268  -78.372  -13.358 0.1000000015
17174  -31.903  -77.851  -13.771 0.1000000015
17190  -32.569  -77.330  -15.090 0.1000000015
110721  -31.861  -77.726  -14.609 0.1000000015
17175  -32.574  -77.556  -14.143 0.1000000015
16217  -35.460  -78.392  -14.567 0.1000000015
16218  -36.185  -78.826  -14.917 0.1000000015
17176  -33.387  -77.390  -14.468 0.1000000015
16216  -34.699  -77.965  -14.240 0.1000000015
15118  -30.686  -79.078  -8.198 0.1000000015
14217  -41.356  -80.683  -16.674 0.1000000015
15126  -29.712  -79.485  -9.761 0.1000000015
113360  -30.708  -79.060  -8.921 0.1000000015
15108  -31.988  -79.393  -7.868 0.1000000015
15092  -32.006  -79.355  -6.995 0.1000000015
14203  -39.952  -80.943  -16.082 0.1000000015
13188  -40.827  -81.229  -16.213 0.1000000015
13189  -41.774  -81.588  -16.341 0.1000000015
15145  -30.237  -79.291  -10.502 0.1000000015
15127  -30.459  -79.167  -9.581 0.1000000015
15219  -38.862  -79.993  -16.072 0.1000000015
14240  -43.520  -80.103  -18.191 0.1000000015
16169  -30.883  -78.830  -11.919 0.1000000015
16157  -30.978  -78.984  -11.100 0.1000000015
15201  -36.505  -79.599  -14.646 0.1000000015
122406  -38.245  -79.889  -15.788 0.1000000015
16183  -31.451  -78.423  -12.464 0.1000000015
16197  -35.096  -78.733  -13.836 0.1000000015
17149  -31.958  -77.911  -12.967 0.1000000015
17157  -32.470  -77.737  -13.438 0.1000000015
17158  -33.261  -77.715  -13.570 0.1000000015
15119  -31.462  -79.194  -8.621 0.1000000015
15128  -31.160  -79.095  -9.331 0.1000000015
14201  -38.483  -80.473  -15.608 0.1000000015
15200  -35.797  -79.218  -14.263 0.1000000015
14187  -37.448  -80.662  -14.836 0.1000000015
16195  -33.437  -78.255  -12.841 0.1000000015
16170  -31.585  -78.667  -11.728 0.1000000015
17150  -32.669  -77.913  -12.836 0.1000000015
13168  -38.693  -81.193  -15.445 0.1000000015
13170  -40.289  -81.775  -15.752 0.1000000015
106638  -31.232  -79.108  -10.152 0.1000000015
15182  -36.154  -80.027  -13.967 0.1000000015
14186  -36.811  -80.368  -14.435 0.1000000015
14171  -37.106  -81.019  -14.336 0.1000000015
15159  -31.795  -79.025  -10.974 0.1000000015
16196  -34.198  -78.280  -13.480 0.1000000015
15171  -33.522  -78.905  -12.359 0.1000000015
106239  -34.033  -78.793  -12.815 0.1000000015
16185  -32.867  -78.457  -12.293 0.1000000015
13153  -38.828  -82.069  -15.245 0.1000000015
12144  -39.729  -82.356  -15.426 0.1000000015
14170  -36.486  -80.919  -13.758 0.1000000015
13151  -37.685  -81.460  -14.667 0.1000000015
15129  -31.975  -79.437  -9.369 0.1000000015
14159  -34.945  -80.099  -12.914 0.1000000015
14169  -35.712  -80.486  -13.310 0.1000000015
15180  -34.675  -79.183  -13.170 0.1000000015
16171  -32.391  -78.833  -11.657 0.1000000015
11152  -39.385  -83.808  -15.012 0.1000000015
12131  -37.722  -82.295  -14.310 0.1000000015
13127  -36.456  -81.748  -13.288 0.1000000015
13136  -37.099  -81.653  -13.967 0.1000000015
14123  -32.622  -80.159  -8.885 0.1000000015
15172  -34.165  -79.588  -12.472 0.1000000015
15160  -32.433  -79.382  -11.013 0.1000000015
11151  -38.649  -84.014  -14.487 0.1000000015
15146  -32.226  -79.446  -10.288 0.1000000015
15107  -31.304  -79.113  -7.441 0.1000000015
14072  -32.698  -80.427  -5.794 0.1000000015
14087  -32.848  -80.778  -6.650 0.1000000015
14102  -32.461  -80.023  -7.266 0.1000000015
14086  -32.371  -79.875  -6.422 0.1000000015
14157  -29.599  -80.529  -12.289 0.1000000015
109023  -31.281  -78.174  -15.125 0.1000000015
16229  -31.295  -78.002  -16.029 0.1000000015
17189  -31.775  -77.682  -15.348 0.1000000015
17204  -32.592  -77.345  -16.815 0.1000000015
108051  -34.170  -77.402  -16.833 0.1000000015
17206  -35.046  -77.497  -16.678 0.1000000015
17222  -35.715  -77.599  -17.431 0.1000000015
15169  -29.737  -79.809  -11.916 0.1000000015
15202  -37.195  -79.913  -15.027 0.1000000015
13169  -39.432  -81.486  -15.633 0.1000000015
14200  -37.831  -80.229  -15.367 0.1000000015
113151  -38.185  -82.053  -14.831 0.1000000015
12133  -39.265  -82.893  -15.180 0.1000000015
15073  -32.222  -79.662  -5.607 0.1000000015
1974  -26.048  -97.703  -31.835 0.1000000015
1568  -26.253  -98.411  -30.957 0.1000000015
4041  -25.302  -92.981  -33.948 0.1000000015
3448  -25.065  -93.792  -33.690 0.1000000015
109530  -25.658  -94.201  -33.308 0.1000000015
3437  -25.752  -94.960  -33.075 0.1000000015
117861  -25.702  -96.976  -32.519 0.1000000015
4677  -24.943  -92.510  -34.582 0.1000000015
5324  -25.779  -91.182  -35.953 0.1000000015
6026  -26.321  -90.523  -36.815 0.1000000015
1965  -27.135  -98.140  -30.519 0.1000000015
106595  -27.373  -98.366  -29.576 0.1000000015
1946  -26.645  -98.529  -29.247 0.1000000015
1964  -26.790  -97.436  -31.454 0.1000000015
111052  -25.878  -95.896  -32.705 0.1000000015
2443  -26.404  -96.695  -32.183 0.1000000015
1551  -25.857  -98.742  -29.925 0.1000000015
4031  -26.034  -93.417  -33.473 0.1000000015
2924  -25.169  -95.615  -33.265 0.1000000015
126981  -25.926  -92.807  -33.799 0.1000000015
5314  -26.180  -91.541  -35.004 0.1000000015
5325  -26.829  -90.901  -35.755 0.1000000015
6027  -27.049  -90.254  -36.563 0.1000000015
5213  -29.701  -91.506  -25.432 0.1000000015
3973  -28.443  -93.521  -26.979 0.1000000015
4563  -30.084  -92.437  -25.419 0.1000000015
114618  -27.607  -98.195  -28.902 0.1000000015
2404  -27.192  -96.811  -28.591 0.1000000015
2860  -28.012  -95.534  -27.859 0.1000000015
3380  -27.944  -94.495  -27.726 0.1000000015
114833  -28.463  -94.203  -27.220 0.1000000015
1955  -27.962  -97.736  -30.161 0.1000000015
108760  -27.357  -95.703  -28.442 0.1000000015
2432  -27.595  -97.141  -31.104 0.1000000015
1936  -27.085  -97.899  -28.720 0.1000000015
2913  -26.800  -95.786  -32.429 0.1000000015
2444  -27.202  -96.451  -31.874 0.1000000015
4663  -25.791  -92.257  -34.295 0.1000000015
110346  -31.188  -91.066  -24.745 0.1000000015
4578  -29.340  -92.386  -25.815 0.1000000015
5900  -30.363  -90.879  -25.015 0.1000000015
2405  -27.852  -96.491  -28.157 0.1000000015
2861  -28.726  -95.892  -27.464 0.1000000015
3381  -28.560  -95.063  -27.356 0.1000000015
1928  -28.378  -96.956  -28.058 0.1000000015
1938  -28.506  -97.389  -28.404 0.1000000015
3428  -27.280  -94.993  -32.725 0.1000000015
3438  -26.598  -94.335  -33.114 0.1000000015
4032  -27.251  -93.485  -33.486 0.1000000015
4664  -26.708  -92.685  -33.906 0.1000000015
2902  -27.973  -96.155  -31.603 0.1000000015
106500  -28.991  -93.227  -26.376 0.1000000015
4594  -28.082  -92.739  -27.013 0.1000000015
1956  -28.899  -97.310  -29.298 0.1000000015
2423  -28.710  -97.152  -29.966 0.1000000015
5224  -28.854  -91.548  -25.852 0.1000000015
2894  -29.705  -95.509  -30.349 0.1000000015
2880  -29.987  -95.820  -29.552 0.1000000015
3400  -30.710  -94.258  -29.461 0.1000000015
3959  -29.682  -94.400  -26.257 0.1000000015
2395  -28.909  -96.626  -27.697 0.1000000015
124703  -29.133  -96.927  -27.960 0.1000000015
2424  -29.405  -96.533  -29.668 0.1000000015
2397  -30.060  -96.271  -27.575 0.1000000015
2388  -30.022  -96.038  -27.039 0.1000000015
2852  -29.772  -95.434  -26.652 0.1000000015
2863  -30.553  -95.766  -27.032 0.1000000015
1949  -29.266  -97.027  -28.856 0.1000000015
3410  -29.906  -94.613  -30.864 0.1000000015
2407  -30.134  -96.308  -28.200 0.1000000015
1929  -29.007  -97.205  -28.368 0.1000000015
1937  -27.864  -97.510  -28.404 0.1000000015
1947  -28.247  -97.924  -29.256 0.1000000015
1948  -28.702  -97.513  -28.818 0.1000000015
1954  -26.532  -98.676  -30.027 0.1000000015
2396  -29.503  -96.430  -27.627 0.1000000015
2406  -29.577  -96.735  -28.160 0.1000000015
2415  -29.845  -96.420  -28.883 0.1000000015
2452  -25.293  -96.423  -32.990 0.1000000015
2862  -29.365  -96.079  -27.215 0.1000000015
2881  -30.396  -95.644  -28.816 0.1000000015
2914  -27.659  -95.601  -32.234 0.1000000015
3371  -29.055  -94.800  -26.811 0.1000000015
3382  -29.089  -95.511  -27.022 0.1000000015
3427  -26.445  -95.182  -32.799 0.1000000015
3958  -28.913  -94.007  -26.721 0.1000000015
4577  -28.557  -92.197  -26.334 0.1000000015
6595  -37.079  -90.091  -23.555 0.1000000015
7352  -27.885  -88.453  -30.296 0.1000000015
7913  -36.383  -87.912  -21.987 0.1000000015
7930  -37.482  -88.702  -22.387 0.1000000015
7995  -27.876  -88.018  -29.888 0.1000000015
7997  -29.075  -87.650  -28.894 0.1000000015
8011  -27.762  -87.592  -31.103 0.1000000015
8682  -37.854  -86.035  -21.863 0.2000000030
8699  -37.917  -86.407  -22.058 0.1000000015
8728  -37.574  -86.554  -23.397 0.1000000015
8746  -36.032  -85.954  -28.140 0.1000000015
8769  -34.827  -85.592  -29.486 0.1000000015
8794  -28.004  -86.867  -31.291 0.1000000015
9487  -38.225  -85.225  -21.409 0.1000000015
9504  -38.531  -85.117  -21.730 0.1000000015
9556  -36.420  -85.004  -29.228 0.1000000015
10340  -39.281  -84.285  -21.710 0.1000000015
10347  -39.334  -84.478  -22.328 0.2000000030
10353  -39.450  -84.285  -23.094 0.4000000060
10371  -28.686  -83.974  -27.874 0.1000000015
10380  -28.063  -84.563  -28.265 0.1000000015
10384  -32.150  -84.957  -28.735 0.1000000015
10385  -33.901  -84.658  -29.250 0.1000000015
11134  -41.144  -84.750  -12.504 0.1000000015
11146  -43.553  -83.666  -14.031 0.1000000015
11166  -42.814  -83.908  -14.879 0.1000000015
11247  -39.680  -84.000  -22.211 0.2000000030
11259  -38.915  -83.419  -25.533 0.2000000030
11273  -39.238  -82.862  -27.867 0.2000000030
11281  -32.849  -83.694  -27.746 0.2000000030
11286  -38.297  -83.431  -28.471 0.1000000015
11293  -35.267  -84.144  -29.264 0.1000000015
11294  -36.212  -84.175  -29.428 0.1000000015
11295  -37.475  -83.616  -28.980 0.1000000015
11300  -27.199  -83.511  -29.016 0.1000000015
11314  -28.366  -83.187  -31.038 0.1000000015
12135  -44.030  -83.096  -14.359 0.3000000119
12221  -40.848  -82.926  -23.084 0.3000000119
12224  -40.347  -82.332  -25.447 0.3000000119
12232  -30.482  -81.665  -26.074 0.1000000015
12252  -34.421  -82.547  -26.733 0.2000000030
12253  -35.378  -82.477  -27.084 0.1000000015
12267  -40.012  -81.604  -27.995 0.1000000015
12276  -27.229  -82.730  -29.450 0.1000000015
12317  -32.509  -82.010  -33.614 0.1000000015
13138  -44.818  -81.898  -13.689 0.3000000119
13152  -38.266  -81.553  -15.102 0.1000000015
13174  -45.527  -81.494  -15.484 0.4000000060
13251  -40.993  -82.438  -22.330 0.2000000030
13262  -33.894  -80.956  -24.860 0.1000000015
13289  -29.093  -81.418  -26.897 0.1000000015
13290  -30.262  -81.147  -26.051 0.1000000015
13292  -36.764  -81.882  -26.843 0.1000000015
13293  -37.799  -81.861  -27.395 0.1000000015
13301  -27.907  -81.995  -27.668 0.1000000015
13302  -28.455  -81.767  -27.327 0.1000000015
13315  -27.961  -81.368  -29.686 0.1000000015
13318  -27.627  -82.110  -30.142 0.1000000015
14141  -29.160  -80.196  -10.826 0.1000000015
14188  -38.049  -80.941  -15.193 0.1000000015
14202  -39.180  -80.683  -15.853 0.1000000015
14221  -46.680  -80.344  -16.144 0.4000000060
14264  -41.205  -80.541  -21.770 0.2000000030
14287  -42.413  -80.451  -23.819 0.4000000060
14301  -36.128  -80.256  -24.957 0.1000000015
14329  -38.941  -80.817  -27.147 0.1000000015
14338  -30.038  -80.376  -26.773 0.1000000015
14340  -39.889  -80.978  -27.872 0.1000000015
14350  -32.415  -80.148  -28.634 0.1000000015
14356  -28.363  -80.923  -29.245 0.1000000015
14366  -30.308  -80.469  -30.449 0.1000000015
15075  -36.455  -79.355  -5.511 0.1000000015
15144  -29.543  -79.697  -10.448 0.1000000015
15176  -45.612  -79.656  -13.028 0.3000000119
15181  -35.403  -79.639  -13.584 0.1000000015
15184  -46.470  -79.514  -14.107 0.5000000000
15216  -30.660  -79.398  -15.357 0.1000000015
15220  -47.003  -79.635  -15.463 0.5000000000
15236  -47.439  -79.128  -16.514 0.5000000000
15248  -46.988  -79.717  -17.379 0.5000000000
15280  -43.134  -79.415  -21.167 0.2000000030
15292  -44.412  -78.957  -21.096 0.3000000119
15311  -34.269  -79.007  -24.161 0.1000000015
15313  -43.222  -79.407  -23.471 0.4000000060
15319  -33.100  -79.623  -24.265 0.1000000015
15334  -42.564  -79.143  -27.131 0.4000000060
15346  -40.131  -79.781  -27.265 0.1000000015
15348  -41.955  -79.457  -27.485 0.4000000060
16081  -35.861  -77.917  -5.401 0.1000000015
16084  -38.182  -78.639  -5.390 0.1000000015
16146  -35.897  -78.186  -8.468 0.3000000119
16160  -39.068  -78.280  -10.598 0.3000000119
16182  -30.753  -78.782  -12.711 0.1000000015
16184  -32.137  -78.249  -12.283 0.1000000015
16189  -44.777  -78.666  -12.644 0.4000000060
16219  -46.943  -78.971  -14.460 0.5000000000
16232  -37.151  -78.810  -15.805 0.1000000015
16233  -47.761  -78.490  -15.871 0.4000000060
16272  -40.277  -78.681  -18.937 0.1000000015
16288  -45.904  -78.771  -19.745 0.3000000119
16299  -45.442  -78.565  -20.205 0.2000000030
16316  -32.613  -78.159  -24.191 0.1000000015
16324  -32.160  -78.680  -24.435 0.1000000015
16343  -41.878  -78.193  -27.161 0.4000000060
16345  -43.326  -78.090  -26.640 0.4000000060
16346  -43.597  -77.875  -25.843 0.4000000060
16379  -35.074  -78.118  -28.170 0.1000000015
16401  -36.387  -79.251  -29.581 0.1000000015
17057  -36.856  -77.610  -5.163 0.1000000015
17058  -37.528  -78.114  -5.306 0.1000000015
17069  -35.303  -77.309  -5.397 0.2000000030
17099  -34.878  -77.339  -7.019 0.3000000119
17153  -43.350  -77.902  -12.530 0.5000000000
17159  -33.977  -77.666  -14.064 0.1000000015
17163  -46.262  -78.215  -14.070 0.5000000000
17177  -35.044  -77.720  -14.956 0.1000000015
17182  -47.399  -78.169  -14.743 0.5000000000
17226  -48.172  -77.269  -17.131 0.5000000000
17238  -48.056  -77.119  -17.732 0.5000000000
17260  -44.569  -76.779  -24.590 0.4000000060
17265  -34.530  -77.631  -24.089 0.1000000015
17269  -38.483  -77.189  -24.860 0.1000000015
17273  -44.394  -76.935  -25.286 0.4000000060
17281  -40.065  -77.746  -25.742 0.1000000015
17306  -34.051  -77.442  -27.570 0.1000000015
18013  -34.712  -76.023  -5.055 0.2000000030
18032  -34.677  -76.687  -5.536 0.3000000119
18074  -34.969  -76.738  -7.603 0.3000000119
18155  -47.788  -77.203  -15.758 0.6000000238
18169  -48.168  -76.634  -16.939 0.6000000238
18182  -47.973  -75.902  -19.000 0.5000000000
18202  -32.559  -76.807  -24.089 0.1000000015
18211  -41.428  -76.098  -24.410 0.2000000030
18218  -31.729  -76.842  -24.855 0.1000000015
18239  -44.131  -76.846  -25.967 0.4000000060
19069  -34.419  -75.305  -5.307 0.2000000030
19085  -34.161  -75.199  -6.159 0.3000000119
19265  -46.511  -74.357  -23.375 0.4000000060
19273  -42.295  -75.723  -24.509 0.2000000030
19291  -32.420  -75.177  -27.149 0.1000000015
19304  -33.270  -75.598  -27.530 0.1000000015
20055  -35.273  -74.681  -4.666 0.2000000030
20093  -34.317  -74.385  -6.809 0.3000000119
20202  -47.884  -74.551  -19.721 0.5000000000
20224  -47.389  -73.810  -21.992 0.5000000000
20249  -31.787  -73.708  -23.714 0.1000000015
20250  -32.144  -74.532  -23.589 0.1000000015
20253  -43.021  -74.590  -23.697 0.3000000119
20264  -44.792  -75.051  -24.925 0.4000000060
21036  -34.565  -73.132  -5.238 0.2000000030
21054  -34.495  -73.039  -6.815 0.3000000119
21055  -34.938  -72.949  -7.483 0.3000000119
21061  -36.025  -73.305  -8.492 0.3000000119
21173  -47.728  -73.926  -20.074 0.5000000000
21187  -47.619  -73.802  -20.769 0.5000000000
21202  -42.145  -73.828  -22.184 0.3000000119
21248  -31.618  -73.865  -25.691 0.1000000015
21257  -32.515  -73.672  -27.045 0.1000000015
21258  -33.176  -73.877  -27.500 0.1000000015
21268  -33.862  -74.223  -27.891 0.1000000015
21284  -36.573  -74.052  -29.075 0.1000000015
22026  -49.153  -73.196  -8.898 0.1000000015
22179  -46.413  -72.096  -20.836 0.4000000060
22190  -46.004  -71.939  -21.308 0.4000000060
22198  -45.248  -72.401  -22.411 0.4000000060
22199  -46.143  -72.371  -22.153 0.4000000060
22223  -31.599  -73.086  -24.188 0.1000000015
22224  -31.736  -72.389  -24.467 0.1000000015
22238  -32.786  -72.540  -26.728 0.1000000015
22914  -37.471  -71.142  -3.867 0.1000000015
22955  -34.743  -71.879  -5.845 0.2000000030
22961  -34.880  -71.926  -6.548 0.2000000030
23128  -43.604  -70.767  -18.151 0.4000000060
23151  -44.359  -71.293  -20.750 0.3000000119
23210  -32.794  -72.105  -26.376 0.1000000015
24075  -43.674  -70.552  -18.483 0.4000000060
24081  -42.238  -69.710  -18.940 0.4000000060
24138  -32.499  -71.231  -24.431 0.1000000015
24139  -33.110  -70.784  -24.442 0.1000000015
24905  -37.202  -69.151  -4.019 0.1000000015
25112  -37.351  -68.828  -22.699 0.1000000015
25854  -37.799  -68.809  -3.698 0.1000000015
26085  -38.366  -69.029  -22.552 0.1000000015
27019  -37.117  -66.879  -21.914 0.1000000015
27942  -36.225  -66.163  -20.805 0.1000000015
27970  -39.217  -66.854  -22.645 0.1000000015
29851  -37.263  -64.928  -22.068 0.1000000015
29857  -37.838  -64.810  -22.613 0.1000000015
29858  -38.523  -64.645  -23.188 0.1000000015
31718  -35.262  -62.304  -20.198 0.1000000015
31741  -37.194  -61.853  -21.922 0.1000000015
34267  -35.792  -59.973  -20.001 0.1000000015
34268  -36.519  -59.540  -20.135 0.1000000015
35261  -34.150  -58.392  -17.676 0.1000000015
35274  -34.612  -58.657  -18.528 0.1000000015
105844  -34.918  -79.393  -24.350 0.1000000015
106300  -30.262  -79.380  -13.043 0.1000000015
106642  -35.435  -71.506  -4.769 0.2000000030
106923  -32.098  -77.499  -15.955 0.1000000015
108196  -37.475  -86.279  -21.597 0.1000000015
108596  -45.108  -81.948  -15.765 0.2000000030
109537  -34.651  -69.930  -23.790 0.1000000015
109929  -28.564  -86.224  -31.493 0.1000000015
110117  -35.696  -63.620  -20.610 0.1000000015
110163  -39.254  -69.102  -22.491 0.1000000015
110390  -38.335  -84.901  -21.096 0.1000000015
112327  -28.221  -97.842  -28.739 0.1000000015
112788  -40.423  -70.938  -16.808 0.2000000030
113250  -38.728  -84.418  -21.205 0.1000000015
113556  -27.550  -86.116  -29.673 0.1000000015
113733  -38.870  -82.767  -28.218 0.1000000015
113860  -40.841  -78.302  -26.703 0.2000000030
114024  -31.949  -78.260  -26.023 0.1000000015
114066  -35.592  -89.691  -26.579 0.1000000015
114162  -34.235  -77.468  -14.713 0.1000000015
114723  -28.376  -96.312  -27.830 0.1000000015
116059  -34.472  -60.128  -18.828 0.1000000015
116796  -33.636  -85.186  -29.369 0.1000000015
118584  -47.123  -74.414  -22.158 0.5000000000
118704  -46.017  -75.943  -21.488 0.5000000000
118924  -44.338  -77.010  -23.673 0.4000000060
119175  -38.713  -79.035  -10.519 0.2000000030
119407  -41.912  -81.474  -22.859 0.3000000119
119589  -47.248  -74.710  -21.371 0.5000000000
120654  -39.444  -83.925  -23.726 0.3000000119
120856  -33.070  -81.130  -5.932 0.1000000015
120939  -28.784  -97.093  -28.072 0.1000000015
121128  -40.851  -79.014  -11.145 0.3000000119
121376  -46.031  -79.630  -19.001 0.3000000119
121824  -43.313  -70.064  -18.526 0.4000000060
122482  -36.476  -63.415  -21.669 0.1000000015
122686  -30.299  -94.801  -29.865 0.1000000015
123340  -41.032  -80.698  -27.681 0.2000000030
123440  -45.636  -79.875  -18.886 0.4000000060
123444  -32.388  -77.381  -17.692 0.1000000015
123728  -34.412  -73.783  -28.051 0.1000000015
123903  -36.408  -62.025  -21.393 0.1000000015
124171  -27.397  -84.143  -30.246 0.1000000015
124186  -45.314  -75.917  -24.690 0.4000000060
124221  -26.633  -91.979  -34.413 0.1000000015
124309  -35.804  -75.466  -4.685 0.2000000030
124338  -34.894  -74.098  -4.774 0.2000000030
125125  -36.266  -86.201  -26.088 0.1000000015
125137  -29.522  -88.689  -28.694 0.1000000015
125147  -47.578  -77.998  -18.236 0.5000000000
125210  -35.930  -79.108  -29.086 0.1000000015
126198  -41.528  -72.632  -26.739 0.1000000015
126605  -36.278  -77.221  -5.022 0.1000000015
127072  -37.569  -86.184  -21.757 0.1000000015
127109  -39.641  -68.475  -22.445 0.1000000015
127186  -31.395  -79.153  -8.037 0.1000000015
127404  -31.551  -78.797  -25.014 0.1000000015
127602  -38.582  -72.604  -9.249 0.3000000119
127622  -36.556  -77.876  -16.587 0.1000000015
127773  -29.834  -80.308  -12.798 0.1000000015
