#!ascii label  , from subject sub-fsm90ao vox2ras=TkReg
1403
53157  -30.628  2.274  78.433 0.0000000000
59448  -50.506  9.435  56.643 0.0000000000
51578  -40.674  0.445  65.549 0.0000000000
41134  -8.414  -13.104  78.806 0.0000000000
42852  -24.362  -8.736  80.213 0.0000000000
48173  -7.702  -5.020  76.921 0.0000000000
48080  -8.363  -4.810  84.288 0.0000000000
57273  -44.795  6.907  61.856 0.0000000000
49107  -7.423  -4.238  70.251 0.0000000000
104061  -7.972  -14.802  86.426 0.0000000000
52365  -29.952  1.162  71.828 0.0000000000
49038  -29.491  -3.842  77.680 0.0000000000
46379  -29.214  -5.263  80.276 0.0000000000
61607  -52.967  12.270  54.377 0.0000000000
54142  -42.190  2.331  63.662 0.0000000000
43892  -18.541  -8.774  77.207 0.0000000000
52356  -8.967  1.085  72.857 0.0000000000
44811  -10.633  -8.383  78.959 0.0000000000
44839  -10.600  -7.990  74.620 0.0000000000
41164  -10.021  -12.689  75.596 0.0000000000
42794  -13.922  -10.250  87.575 0.0000000000
42782  -9.865  -10.635  88.967 0.0000000000
91453  -37.409  2.678  68.373 0.0000000000
47239  -28.137  -5.550  82.585 0.0000000000
91192  -26.225  -8.497  77.102 0.0000000000
102508  -7.802  -4.933  80.806 0.0000000000
44789  -9.741  -8.597  82.071 0.0000000000
58075  -47.878  7.171  59.188 0.0000000000
42805  -15.088  -9.786  84.571 0.0000000000
106216  -17.141  -8.710  80.437 0.0000000000
49061  -7.979  -4.494  73.383 0.0000000000
44867  -8.906  -8.529  70.463 0.0000000000
48055  -9.986  -4.556  88.694 0.0000000000
94827  -8.093  -9.972  85.915 0.0000000000
40249  -6.926  -13.230  82.460 0.0000000000
54813  -32.427  3.861  77.272 0.0000000000
52336  -29.378  0.445  76.961 0.0000000000
53196  -30.485  2.237  74.956 0.0000000000
51492  -29.788  -0.424  78.519 0.0000000000
49861  -29.092  -2.511  76.624 0.0000000000
51486  -29.701  -1.124  79.703 0.0000000000
60140  -51.453  10.574  55.906 0.0000000000
104921  -47.044  8.397  55.723 0.0000000000
59460  -48.630  9.894  55.065 0.0000000000
100006  -49.401  11.032  53.759 0.0000000000
52422  -41.967  1.047  64.389 0.0000000000
52408  -37.065  1.018  64.963 0.0000000000
51615  -37.972  -0.559  63.086 0.0000000000
51634  -40.005  0.416  62.417 0.0000000000
89569  -10.362  -10.501  78.902 0.0000000000
42876  -11.331  -10.081  76.984 0.0000000000
41156  -9.244  -13.006  76.881 0.0000000000
39433  -9.091  -14.948  75.319 0.0000000000
39383  -8.446  -14.966  77.152 0.0000000000
41085  -12.652  -12.272  85.758 0.0000000000
103362  -12.119  -12.649  86.963 0.0000000000
54874  -36.958  3.660  70.331 0.0000000000
54056  -32.181  2.795  71.709 0.0000000000
52375  -30.777  1.430  70.003 0.0000000000
54079  -33.059  3.109  69.967 0.0000000000
54107  -34.704  2.877  67.939 0.0000000000
50635  -27.913  -1.215  83.322 0.0000000000
43899  -28.624  -7.462  77.553 0.0000000000
42871  -27.711  -7.645  78.813 0.0000000000
61629  -52.182  12.203  50.716 0.0000000000
61637  -53.070  12.136  48.672 0.0000000000
47242  -8.172  -5.143  82.564 0.0000000000
46373  -8.489  -6.027  81.381 0.0000000000
95078  -8.897  -6.716  83.510 0.0000000000
58056  -45.953  7.214  60.503 0.0000000000
55698  -40.836  4.747  61.305 0.0000000000
56505  -42.042  6.109  59.430 0.0000000000
89170  -44.566  6.429  57.875 0.0000000000
43771  -16.140  -8.775  86.434 0.0000000000
43776  -17.338  -8.633  85.299 0.0000000000
50673  -8.538  -1.609  77.279 0.0000000000
50695  -9.237  -2.197  75.612 0.0000000000
97963  -7.986  -4.601  75.588 0.0000000000
90673  -11.773  -9.619  73.070 0.0000000000
44850  -9.555  -7.852  72.368 0.0000000000
42954  -11.129  -10.458  71.070 0.0000000000
48053  -11.626  -4.933  88.670 0.0000000000
41072  -8.853  -12.788  88.229 0.0000000000
43760  -8.630  -10.018  88.241 0.0000000000
94399  -7.579  -12.164  87.239 0.0000000000
41874  -7.336  -11.208  84.595 0.0000000000
39324  -6.847  -14.159  84.226 0.0000000000
53209  -31.434  2.685  73.954 0.0000000000
50640  -29.030  -1.616  82.334 0.0000000000
50649  -29.427  -1.284  81.421 0.0000000000
48146  -29.600  -4.388  79.552 0.0000000000
61615  -53.216  12.806  53.029 0.0000000000
60917  -51.218  12.129  52.039 0.0000000000
56489  -43.154  5.414  63.000 0.0000000000
54145  -40.383  2.807  61.900 0.0000000000
89021  -22.548  -8.398  76.674 0.0000000000
43880  -21.353  -8.503  78.198 0.0000000000
91309  -8.425  -1.544  71.630 0.0000000000
45576  -8.663  -6.574  77.511 0.0000000000
46403  -8.360  -6.310  76.073 0.0000000000
44825  -10.550  -7.934  76.382 0.0000000000
42899  -11.668  -10.235  75.288 0.0000000000
41179  -10.544  -12.926  73.865 0.0000000000
44738  -13.627  -8.315  89.196 0.0000000000
45514  -11.936  -7.778  89.590 0.0000000000
42789  -12.440  -10.887  88.685 0.0000000000
40213  -10.600  -13.113  88.078 0.0000000000
52397  -38.564  1.207  66.539 0.0000000000
104625  -36.047  2.035  66.084 0.0000000000
43834  -26.311  -7.986  81.367 0.0000000000
46372  -28.674  -5.567  81.111 0.0000000000
42840  -26.889  -7.885  80.167 0.0000000000
43897  -24.852  -8.516  77.962 0.0000000000
98751  -7.819  -2.060  78.489 0.0000000000
49825  -7.471  -2.436  80.530 0.0000000000
48152  -7.713  -4.848  78.835 0.0000000000
46385  -8.307  -5.925  79.751 0.0000000000
44797  -10.166  -8.497  80.568 0.0000000000
41904  -8.906  -11.399  80.110 0.0000000000
58108  -49.379  7.746  57.877 0.0000000000
94927  -45.583  6.738  57.033 0.0000000000
44746  -15.598  -8.447  87.797 0.0000000000
42800  -14.298  -10.343  86.000 0.0000000000
41879  -13.244  -11.562  83.955 0.0000000000
89761  -19.972  -8.587  79.797 0.0000000000
43828  -19.256  -8.786  81.165 0.0000000000
43798  -18.148  -8.946  83.617 0.0000000000
43824  -15.997  -9.135  82.300 0.0000000000
100254  -14.175  -10.809  81.667 0.0000000000
52342  -8.595  1.082  75.006 0.0000000000
50722  -9.215  -1.576  73.330 0.0000000000
49081  -7.581  -4.642  71.769 0.0000000000
46415  -8.347  -6.372  74.397 0.0000000000
46429  -7.768  -6.201  72.529 0.0000000000
46452  -7.514  -6.189  70.790 0.0000000000
48067  -8.683  -4.450  86.563 0.0000000000
45511  -9.846  -7.686  89.163 0.0000000000
45523  -8.727  -7.642  88.012 0.0000000000
45532  -8.711  -7.467  85.200 0.0000000000
89613  -8.995  -9.014  84.163 0.0000000000
41886  -7.791  -11.650  82.293 0.0000000000
41115  -7.640  -12.928  80.757 0.0000000000
90570  -7.476  -16.151  84.953 0.0000000000
96749  -7.189  -16.454  82.580 0.0000000000
101804  -7.733  -15.061  79.007 0.0000000000
54807  -32.015  3.581  77.861 0.0000000000
102298  -31.992  3.798  78.421 0.0000000000
91929  -30.212  1.477  77.606 0.0000000000
53173  -30.722  2.258  76.807 0.0000000000
53163  -30.269  1.462  78.273 0.0000000000
94232  -29.789  -0.104  77.941 0.0000000000
54007  -31.013  2.938  78.693 0.0000000000
104752  -29.861  0.439  79.192 0.0000000000
59454  -50.726  10.064  56.118 0.0000000000
102154  -48.650  8.879  56.187 0.0000000000
99565  -47.543  8.933  55.479 0.0000000000
58797  -49.072  9.481  55.787 0.0000000000
60139  -50.488  10.506  55.349 0.0000000000
103224  -40.668  0.374  64.758 0.0000000000
52412  -42.686  1.155  65.555 0.0000000000
97803  -41.363  0.548  65.854 0.0000000000
51598  -37.541  0.037  63.897 0.0000000000
100023  -39.078  0.071  64.341 0.0000000000
51601  -40.236  0.172  63.620 0.0000000000
95492  -9.020  -12.036  78.672 0.0000000000
41918  -9.373  -11.878  77.951 0.0000000000
41145  -9.016  -12.754  77.619 0.0000000000
105437  -8.648  -13.898  77.056 0.0000000000
101150  -8.494  -13.836  77.678 0.0000000000
41087  -12.753  -12.302  84.277 0.0000000000
40224  -12.371  -13.001  85.433 0.0000000000
93943  -34.136  4.185  71.926 0.0000000000
103450  -33.106  3.312  70.668 0.0000000000
106909  -34.445  3.954  70.625 0.0000000000
54872  -34.814  3.778  70.009 0.0000000000
61627  -53.244  12.777  50.946 0.0000000000
60926  -52.466  12.061  49.845 0.0000000000
62336  -53.999  13.080  49.535 0.0000000000
48092  -8.142  -4.611  83.397 0.0000000000
47243  -8.485  -5.787  82.629 0.0000000000
46367  -8.665  -6.093  83.445 0.0000000000
102815  -45.311  7.116  61.130 0.0000000000
58043  -46.770  7.596  61.988 0.0000000000
57271  -42.726  6.315  61.045 0.0000000000
105849  -41.509  5.753  60.079 0.0000000000
57288  -43.580  6.625  60.782 0.0000000000
92015  -44.097  6.647  59.716 0.0000000000
44760  -17.976  -8.177  85.971 0.0000000000
44761  -18.997  -8.024  85.828 0.0000000000
42824  -25.013  -8.761  81.186 0.0000000000
43850  -23.622  -8.955  80.739 0.0000000000
49930  -7.491  -2.775  69.826 0.0000000000
49019  -8.132  -3.677  77.037 0.0000000000
49030  -8.268  -3.784  76.175 0.0000000000
99509  -7.772  -5.064  76.130 0.0000000000
104852  -11.509  -11.277  72.459 0.0000000000
42955  -11.450  -10.181  71.824 0.0000000000
99690  -11.241  -11.486  70.950 0.0000000000
48946  -12.393  -4.231  88.017 0.0000000000
47193  -12.724  -5.626  88.774 0.0000000000
39298  -8.294  -13.520  87.509 0.0000000000
41071  -8.133  -12.214  87.938 0.0000000000
40220  -7.680  -13.517  86.851 0.0000000000
41084  -6.915  -12.621  85.178 0.0000000000
39315  -7.088  -14.164  85.311 0.0000000000
54030  -31.694  3.065  75.546 0.0000000000
53197  -31.257  2.663  74.825 0.0000000000
54037  -32.502  3.560  74.760 0.0000000000
54047  -32.758  3.732  74.111 0.0000000000
49840  -29.598  -2.621  79.164 0.0000000000
95581  -29.656  -3.249  79.582 0.0000000000
48170  -29.564  -4.343  78.147 0.0000000000
46398  -29.370  -5.979  78.131 0.0000000000
61614  -52.708  12.449  53.480 0.0000000000
101765  -50.920  11.520  53.952 0.0000000000
60906  -50.632  11.818  52.597 0.0000000000
60908  -51.968  12.301  52.991 0.0000000000
96040  -52.599  12.564  52.732 0.0000000000
100973  -42.867  3.778  63.705 0.0000000000
56474  -44.256  5.234  64.161 0.0000000000
54926  -43.436  3.661  64.323 0.0000000000
51619  -41.376  1.340  63.379 0.0000000000
52461  -40.194  1.104  62.265 0.0000000000
54141  -41.643  2.648  63.065 0.0000000000
54928  -41.638  3.589  62.733 0.0000000000
91872  -8.452  1.477  71.902 0.0000000000
51550  -8.213  -0.543  70.875 0.0000000000
51539  -8.751  -0.656  71.879 0.0000000000
95997  -9.106  -7.033  78.008 0.0000000000
45577  -9.172  -7.003  77.076 0.0000000000
44818  -10.544  -7.961  77.242 0.0000000000
41937  -10.489  -11.757  75.930 0.0000000000
90628  -11.564  -10.157  76.161 0.0000000000
102520  -10.919  -11.497  75.440 0.0000000000
91388  -11.479  -11.291  73.964 0.0000000000
41172  -10.257  -12.861  74.752 0.0000000000
40359  -9.571  -14.102  74.632 0.0000000000
43762  -14.084  -9.469  88.415 0.0000000000
43757  -12.964  -9.613  89.057 0.0000000000
42790  -13.069  -10.573  88.474 0.0000000000
39303  -11.307  -13.807  86.970 0.0000000000
40214  -11.326  -12.797  87.775 0.0000000000
40218  -10.936  -13.594  87.569 0.0000000000
39297  -9.576  -13.820  87.978 0.0000000000
53260  -38.113  2.087  67.779 0.0000000000
54109  -36.584  2.801  68.052 0.0000000000
54116  -35.650  2.659  67.338 0.0000000000
54117  -36.557  2.495  67.367 0.0000000000
53270  -37.244  1.775  66.408 0.0000000000
99504  -27.547  -5.694  83.186 0.0000000000
44780  -26.863  -7.547  82.396 0.0000000000
44781  -27.476  -7.346  82.010 0.0000000000
48983  -29.542  -3.198  81.535 0.0000000000
99365  -29.205  -3.631  82.077 0.0000000000
48122  -29.229  -4.723  80.921 0.0000000000
89766  -27.246  -8.293  77.992 0.0000000000
43868  -27.680  -7.503  79.903 0.0000000000
42869  -27.094  -8.151  78.895 0.0000000000
42868  -26.509  -8.309  79.153 0.0000000000
42880  -25.463  -8.486  77.491 0.0000000000
43911  -24.604  -8.463  77.098 0.0000000000
48990  -7.627  -3.892  81.217 0.0000000000
91172  -7.514  -3.267  80.457 0.0000000000
105209  -7.533  -3.531  79.812 0.0000000000
48124  -7.907  -5.119  80.161 0.0000000000
46384  -8.110  -5.638  79.361 0.0000000000
46376  -8.218  -5.577  80.088 0.0000000000
45550  -9.408  -7.404  81.878 0.0000000000
45558  -9.271  -7.093  80.837 0.0000000000
43840  -10.043  -9.030  81.355 0.0000000000
43841  -10.236  -9.454  80.573 0.0000000000
103952  -9.707  -10.007  81.247 0.0000000000
57312  -48.393  7.275  58.460 0.0000000000
58078  -50.388  8.033  59.324 0.0000000000
58077  -49.581  7.730  59.368 0.0000000000
88714  -45.986  6.562  58.595 0.0000000000
57323  -45.158  6.556  57.397 0.0000000000
57310  -46.488  6.596  58.127 0.0000000000
58106  -47.841  7.337  57.241 0.0000000000
44743  -16.116  -7.790  87.978 0.0000000000
43783  -15.775  -9.357  85.055 0.0000000000
43774  -15.601  -9.340  86.009 0.0000000000
42801  -15.003  -9.817  85.508 0.0000000000
41876  -13.730  -10.895  84.538 0.0000000000
42808  -14.418  -10.254  84.079 0.0000000000
43879  -20.049  -8.534  77.803 0.0000000000
43863  -20.349  -8.534  79.165 0.0000000000
43862  -19.499  -8.523  78.991 0.0000000000
90127  -17.390  -8.685  79.785 0.0000000000
43845  -18.760  -8.652  80.452 0.0000000000
43827  -18.370  -8.753  81.213 0.0000000000
94339  -18.902  -8.928  81.992 0.0000000000
94340  -17.983  -8.888  82.073 0.0000000000
89765  -17.612  -8.963  82.896 0.0000000000
43825  -16.523  -8.897  81.545 0.0000000000
42834  -14.560  -10.637  80.797 0.0000000000
52338  -8.338  0.898  76.062 0.0000000000
98704  -8.352  -3.811  74.434 0.0000000000
50696  -9.254  -2.220  74.677 0.0000000000
49062  -8.248  -3.823  73.637 0.0000000000
49903  -8.140  -3.176  72.248 0.0000000000
49073  -7.772  -4.583  72.608 0.0000000000
45589  -9.282  -7.002  75.351 0.0000000000
46409  -8.315  -6.379  75.217 0.0000000000
45597  -9.273  -7.035  74.515 0.0000000000
44855  -9.371  -8.239  71.377 0.0000000000
45608  -8.454  -6.946  72.516 0.0000000000
45618  -8.247  -7.064  71.657 0.0000000000
46442  -7.655  -6.185  71.671 0.0000000000
45633  -7.953  -7.250  70.767 0.0000000000
45643  -7.604  -6.844  69.598 0.0000000000
101676  -9.350  -4.301  87.936 0.0000000000
94341  -10.799  -9.156  89.512 0.0000000000
44734  -10.637  -8.329  89.486 0.0000000000
96394  -10.154  -9.008  89.411 0.0000000000
43759  -8.221  -10.231  87.536 0.0000000000
95431  -8.709  -9.180  88.192 0.0000000000
44751  -8.386  -8.794  87.037 0.0000000000
91456  -8.577  -7.265  87.141 0.0000000000
45528  -8.546  -8.021  86.353 0.0000000000
93526  -8.857  -8.069  84.697 0.0000000000
43773  -8.424  -9.368  85.272 0.0000000000
41092  -6.907  -12.240  83.551 0.0000000000
41878  -7.834  -11.347  83.222 0.0000000000
95982  -7.307  -12.224  82.122 0.0000000000
41902  -7.827  -12.361  81.054 0.0000000000
95526  -7.337  -13.119  81.248 0.0000000000
36820  -7.225  -17.862  83.919 0.0000000000
37651  -7.247  -16.200  83.536 0.0000000000
54820  -32.630  3.801  76.068 0.0000000000
92561  -28.761  0.200  76.292 0.0000000000
52341  -28.732  0.970  75.382 0.0000000000
53185  -30.118  2.023  75.979 0.0000000000
54022  -31.480  2.939  76.360 0.0000000000
49863  -29.494  -2.986  77.782 0.0000000000
50691  -29.406  -2.094  77.289 0.0000000000
50690  -29.093  -1.633  76.828 0.0000000000
51493  -29.691  -1.234  79.042 0.0000000000
60893  -52.490  11.737  54.822 0.0000000000
59458  -46.961  9.533  54.422 0.0000000000
59467  -47.640  10.091  54.115 0.0000000000
60158  -48.253  10.990  52.858 0.0000000000
60143  -49.106  10.527  54.418 0.0000000000
60145  -50.703  11.129  54.563 0.0000000000
94282  -42.078  1.702  63.901 0.0000000000
54137  -43.067  2.316  64.599 0.0000000000
53304  -43.180  1.969  64.974 0.0000000000
94551  -44.040  2.176  66.280 0.0000000000
52421  -36.193  1.252  64.658 0.0000000000
52433  -36.153  0.568  63.589 0.0000000000
92539  -36.572  -0.537  62.525 0.0000000000
92133  -37.293  -0.733  62.509 0.0000000000
50816  -38.011  -0.910  61.803 0.0000000000
51617  -39.581  -0.184  63.040 0.0000000000
101257  -41.046  0.804  63.480 0.0000000000
43875  -10.865  -9.451  78.931 0.0000000000
42864  -11.179  -9.417  78.080 0.0000000000
42863  -10.867  -10.196  78.214 0.0000000000
96419  -10.135  -11.803  76.665 0.0000000000
41163  -9.414  -13.260  76.104 0.0000000000
41171  -9.597  -13.564  75.212 0.0000000000
40353  -9.077  -13.947  75.922 0.0000000000
39399  -8.630  -14.779  76.503 0.0000000000
41869  -13.083  -11.439  86.967 0.0000000000
41866  -12.988  -11.291  87.538 0.0000000000
41083  -12.611  -12.101  86.600 0.0000000000
54885  -37.446  3.301  69.873 0.0000000000
53225  -31.534  2.400  72.002 0.0000000000
52370  -30.655  1.450  70.764 0.0000000000
53239  -31.701  2.241  71.032 0.0000000000
54078  -32.379  2.535  69.774 0.0000000000
53250  -32.358  2.418  69.152 0.0000000000
54080  -34.065  3.394  69.391 0.0000000000
54884  -35.389  3.532  69.340 0.0000000000
48971  -28.326  -3.397  83.081 0.0000000000
45566  -28.976  -6.021  79.046 0.0000000000
44806  -28.460  -6.574  79.878 0.0000000000
42872  -27.909  -7.810  78.173 0.0000000000
42893  -27.556  -8.694  76.649 0.0000000000
88930  -51.374  11.379  48.932 0.0000000000
89791  -52.069  11.479  48.576 0.0000000000
104772  -52.492  11.580  47.731 0.0000000000
60933  -52.653  11.665  47.369 0.0000000000
48102  -7.891  -4.804  81.740 0.0000000000
104702  -8.237  -5.641  80.841 0.0000000000
47251  -8.263  -5.585  81.723 0.0000000000
102718  -8.630  -6.124  82.198 0.0000000000
45546  -9.263  -7.339  82.751 0.0000000000
91045  -47.402  7.405  60.000 0.0000000000
58058  -47.952  7.685  60.877 0.0000000000
55709  -41.108  5.469  58.738 0.0000000000
101353  -42.450  6.060  58.084 0.0000000000
56513  -43.066  6.252  57.859 0.0000000000
57298  -43.539  6.475  58.894 0.0000000000
57299  -44.879  6.612  59.260 0.0000000000
44748  -17.359  -7.627  87.324 0.0000000000
44753  -17.619  -7.871  86.685 0.0000000000
43772  -17.029  -8.411  86.163 0.0000000000
43784  -16.677  -9.009  84.551 0.0000000000
43876  -16.717  -9.331  78.173 0.0000000000
43842  -15.724  -9.410  80.412 0.0000000000
51503  -8.756  -0.902  76.720 0.0000000000
51512  -8.881  -0.364  76.067 0.0000000000
50685  -9.026  -2.034  76.462 0.0000000000
49044  -8.351  -3.834  75.277 0.0000000000
94458  -8.090  -4.499  74.700 0.0000000000
44846  -11.367  -8.559  74.191 0.0000000000
44844  -9.656  -7.711  73.282 0.0000000000
43952  -10.956  -8.763  72.310 0.0000000000
44856  -10.264  -8.483  71.873 0.0000000000
43974  -9.573  -8.947  70.645 0.0000000000
48950  -12.101  -3.732  87.703 0.0000000000
48945  -11.722  -4.023  88.125 0.0000000000
48052  -10.945  -4.950  88.820 0.0000000000
41856  -9.590  -11.440  88.713 0.0000000000
42781  -9.308  -10.739  88.774 0.0000000000
41860  -8.488  -11.603  88.281 0.0000000000
41865  -8.076  -11.495  87.901 0.0000000000
88939  -7.484  -10.892  86.291 0.0000000000
42799  -7.797  -10.509  85.563 0.0000000000
88867  -7.024  -11.722  85.457 0.0000000000
104500  -6.808  -12.652  84.256 0.0000000000
91164  -6.784  -13.145  83.541 0.0000000000
52355  -29.834  1.353  72.628 0.0000000000
52348  -29.106  1.342  74.208 0.0000000000
53208  -30.358  1.877  73.114 0.0000000000
53224  -30.859  2.022  72.339 0.0000000000
94523  -32.076  2.915  72.739 0.0000000000
54836  -33.163  3.955  73.310 0.0000000000
48989  -29.738  -3.211  80.993 0.0000000000
51475  -29.485  -0.736  80.897 0.0000000000
95123  -29.739  -3.175  80.317 0.0000000000
95337  -29.453  -4.983  79.843 0.0000000000
45573  -29.116  -6.071  78.723 0.0000000000
60915  -49.624  11.636  51.510 0.0000000000
61625  -51.859  12.285  51.597 0.0000000000
61618  -53.014  12.787  52.021 0.0000000000
57255  -43.584  6.170  62.484 0.0000000000
57257  -45.172  6.672  63.240 0.0000000000
57237  -44.656  6.062  63.695 0.0000000000
51649  -39.028  0.008  61.427 0.0000000000
54931  -40.498  3.811  61.609 0.0000000000
55696  -41.569  4.747  62.120 0.0000000000
43881  -22.926  -8.535  78.400 0.0000000000
43865  -22.834  -8.644  79.332 0.0000000000
89023  -22.157  -8.474  77.897 0.0000000000
89024  -20.702  -8.507  77.618 0.0000000000
98689  -7.704  -1.372  70.213 0.0000000000
49916  -7.611  -3.097  70.733 0.0000000000
46396  -8.008  -5.885  77.411 0.0000000000
46402  -7.991  -5.999  76.459 0.0000000000
98448  -8.315  -6.244  77.004 0.0000000000
45582  -9.269  -6.963  76.198 0.0000000000
44832  -10.580  -7.953  75.515 0.0000000000
43903  -11.498  -9.262  76.529 0.0000000000
44833  -11.252  -8.486  76.030 0.0000000000
44840  -11.303  -8.515  75.136 0.0000000000
43942  -11.818  -9.409  73.838 0.0000000000
96007  -12.631  -7.108  89.441 0.0000000000
45515  -12.691  -8.021  89.471 0.0000000000
43756  -12.151  -9.612  89.321 0.0000000000
42784  -11.248  -10.796  88.978 0.0000000000
41076  -11.884  -12.026  87.986 0.0000000000
41863  -11.432  -11.757  88.476 0.0000000000
41857  -10.214  -11.492  88.750 0.0000000000
41073  -9.478  -12.749  88.412 0.0000000000
40216  -9.042  -13.803  87.886 0.0000000000
39299  -8.693  -14.165  87.476 0.0000000000
52398  -39.355  0.865  66.532 0.0000000000
102097  -40.944  0.731  66.968 0.0000000000
94126  -39.982  1.121  67.547 0.0000000000
51553  -29.854  0.641  69.832 0.0000000000
53293  -34.743  1.997  65.388 0.0000000000
90264  -38.172  0.962  65.735 0.0000000000
94766  -26.093  -8.089  81.941 0.0000000000
42837  -25.185  -8.635  80.491 0.0000000000
50636  -28.637  -1.419  82.788 0.0000000000
48976  -28.982  -3.365  82.413 0.0000000000
46369  -28.460  -5.625  81.841 0.0000000000
44799  -28.253  -6.983  80.268 0.0000000000
44791  -28.260  -6.879  80.766 0.0000000000
44790  -27.922  -7.202  81.122 0.0000000000
42827  -26.854  -7.807  80.637 0.0000000000
91405  -25.661  -8.503  80.018 0.0000000000
43867  -24.719  -8.553  78.852 0.0000000000
43896  -23.909  -8.491  77.943 0.0000000000
61644  -53.592  12.489  46.716 0.0000000000
61647  -53.580  12.542  45.933 0.0000000000
61648  -54.193  13.123  45.408 0.0000000000
49845  -8.224  -2.665  77.707 0.0000000000
94735  -7.833  -3.757  77.806 0.0000000000
95189  -7.569  -1.778  79.235 0.0000000000
49007  -7.668  -4.009  78.589 0.0000000000
48163  -7.726  -4.729  77.915 0.0000000000
46390  -8.007  -5.726  78.465 0.0000000000
45571  -8.572  -6.513  78.475 0.0000000000
45572  -9.136  -7.032  78.991 0.0000000000
46377  -8.405  -5.958  80.541 0.0000000000
45565  -9.109  -7.091  79.934 0.0000000000
44804  -10.022  -7.810  79.663 0.0000000000
42848  -10.434  -9.950  79.767 0.0000000000
42847  -9.669  -10.897  79.523 0.0000000000
41910  -8.974  -11.759  79.319 0.0000000000
104968  -49.811  8.428  57.213 0.0000000000
57327  -43.757  6.400  57.049 0.0000000000
57328  -44.357  6.618  56.686 0.0000000000
57336  -44.923  7.065  56.269 0.0000000000
58111  -47.101  7.394  56.742 0.0000000000
58120  -47.860  7.812  56.678 0.0000000000
44741  -14.386  -8.751  88.732 0.0000000000
43765  -14.377  -9.607  87.864 0.0000000000
43767  -15.862  -8.608  87.155 0.0000000000
42795  -14.638  -9.732  87.199 0.0000000000
42797  -14.161  -10.329  86.857 0.0000000000
41875  -13.010  -11.628  85.029 0.0000000000
43864  -21.957  -8.693  79.679 0.0000000000
43848  -21.893  -8.943  80.669 0.0000000000
43847  -20.912  -8.876  80.919 0.0000000000
89762  -19.112  -8.581  79.744 0.0000000000
43846  -19.589  -8.665  80.438 0.0000000000
43829  -20.636  -9.088  81.810 0.0000000000
100782  -19.892  -9.052  83.259 0.0000000000
43799  -19.155  -8.995  83.594 0.0000000000
105091  -19.019  -8.463  85.048 0.0000000000
43785  -17.715  -8.809  84.436 0.0000000000
43796  -16.467  -9.130  83.717 0.0000000000
43809  -15.876  -9.308  83.258 0.0000000000
104444  -15.068  -9.797  81.061 0.0000000000
100250  -15.144  -9.628  81.888 0.0000000000
42814  -14.475  -10.195  83.141 0.0000000000
41888  -13.950  -10.832  82.573 0.0000000000
52349  -8.810  1.143  73.990 0.0000000000
51523  -9.114  -0.040  75.212 0.0000000000
52343  -9.236  0.171  74.237 0.0000000000
51532  -9.380  -0.612  73.384 0.0000000000
97627  -8.443  -2.301  72.234 0.0000000000
49902  -7.768  -3.385  71.494 0.0000000000
49089  -7.512  -3.971  71.064 0.0000000000
46408  -7.962  -6.069  75.574 0.0000000000
46414  -7.948  -6.096  74.764 0.0000000000
48201  -7.797  -5.534  73.707 0.0000000000
45603  -9.178  -7.130  73.711 0.0000000000
99906  -7.875  -6.234  73.217 0.0000000000
99904  -7.688  -5.776  73.018 0.0000000000
47302  -7.615  -5.750  72.064 0.0000000000
47308  -7.496  -5.730  71.191 0.0000000000
48219  -7.390  -4.921  70.253 0.0000000000
46466  -7.524  -6.425  69.282 0.0000000000
46338  -11.542  -6.219  89.250 0.0000000000
90157  -10.444  -6.563  89.254 0.0000000000
47189  -10.032  -5.937  89.070 0.0000000000
44732  -9.289  -9.076  88.840 0.0000000000
45518  -9.081  -7.692  88.506 0.0000000000
47195  -9.131  -5.820  88.225 0.0000000000
99607  -8.788  -5.810  87.563 0.0000000000
47216  -8.617  -5.979  85.901 0.0000000000
96099  -8.655  -6.057  84.977 0.0000000000
46361  -8.761  -6.599  84.385 0.0000000000
44776  -9.119  -8.161  84.093 0.0000000000
43794  -9.281  -9.026  83.538 0.0000000000
42803  -8.286  -10.394  84.347 0.0000000000
42807  -8.348  -10.661  83.636 0.0000000000
42813  -9.048  -10.270  82.497 0.0000000000
42832  -8.854  -10.996  81.076 0.0000000000
103539  -8.275  -11.908  80.612 0.0000000000
41125  -8.204  -12.891  79.588 0.0000000000
105864  -8.298  -16.134  86.069 0.0000000000
37635  -8.058  -17.104  85.638 0.0000000000
38480  -7.480  -15.559  85.372 0.0000000000
91330  -7.125  -15.349  84.466 0.0000000000
94961  -6.952  -14.741  83.719 0.0000000000
91831  -7.100  -14.775  82.610 0.0000000000
97177  -7.171  -16.231  81.434 0.0000000000
39342  -7.212  -14.490  81.333 0.0000000000
100050  -7.352  -14.058  80.636 0.0000000000
40298  -7.755  -13.824  79.688 0.0000000000
40314  -8.002  -14.048  78.900 0.0000000000
39369  -8.263  -14.912  77.872 0.0000000000
37739  -8.381  -16.211  76.920 0.0000000000
54008  -31.361  3.005  77.941 0.0000000000
103556  -31.585  3.393  78.390 0.0000000000
53164  -30.763  2.273  77.717 0.0000000000
59455  -51.319  9.945  56.660 0.0000000000
94696  -49.531  8.860  56.625 0.0000000000
59453  -49.969  9.742  55.943 0.0000000000
51579  -41.431  0.542  65.179 0.0000000000
88871  -39.702  0.337  65.132 0.0000000000
51577  -38.620  0.450  65.089 0.0000000000
51588  -39.982  0.129  64.257 0.0000000000
41135  -8.778  -12.594  78.344 0.0000000000
41144  -8.593  -13.254  78.039 0.0000000000
40315  -8.304  -13.698  78.462 0.0000000000
40238  -12.256  -13.676  84.128 0.0000000000
99257  -33.718  3.802  71.172 0.0000000000
47232  -8.400  -5.395  83.379 0.0000000000
88960  -45.511  7.160  61.998 0.0000000000
57272  -43.317  6.409  61.638 0.0000000000
100875  -44.473  6.846  60.891 0.0000000000
44755  -19.405  -7.478  86.573 0.0000000000
42836  -24.477  -8.858  80.821 0.0000000000
43866  -23.586  -8.731  79.850 0.0000000000
100935  -7.481  -3.566  70.238 0.0000000000
49124  -7.478  -3.643  69.472 0.0000000000
94041  -7.794  -4.351  77.214 0.0000000000
49029  -7.889  -4.442  76.488 0.0000000000
41980  -11.460  -11.178  71.819 0.0000000000
39304  -8.118  -14.221  86.967 0.0000000000
98752  -7.561  -14.212  86.242 0.0000000000
54031  -32.311  3.485  75.451 0.0000000000
54826  -32.865  3.905  75.401 0.0000000000
54038  -33.000  3.954  74.808 0.0000000000
97212  -29.531  -3.343  78.077 0.0000000000
49025  -29.569  -3.822  78.460 0.0000000000
60902  -52.170  12.039  53.923 0.0000000000
60901  -51.436  11.863  53.539 0.0000000000
54929  -42.269  3.137  63.409 0.0000000000
54136  -42.862  2.842  64.085 0.0000000000
53314  -41.566  1.915  63.258 0.0000000000
53198  -8.363  1.975  73.633 0.0000000000
89204  -8.759  0.356  71.806 0.0000000000
44810  -9.935  -7.554  78.567 0.0000000000
44817  -9.812  -7.473  77.601 0.0000000000
91871  -10.586  -8.086  78.106 0.0000000000
41944  -10.637  -12.061  75.167 0.0000000000
40360  -9.995  -13.574  74.309 0.0000000000
42791  -13.684  -10.133  88.174 0.0000000000
42793  -13.233  -10.829  87.949 0.0000000000
103076  -37.780  2.388  68.064 0.0000000000
53261  -38.852  1.902  68.235 0.0000000000
54110  -38.201  2.415  68.605 0.0000000000
52368  -29.591  0.656  71.375 0.0000000000
54118  -37.358  2.359  67.621 0.0000000000
47231  -28.079  -4.962  83.091 0.0000000000
46366  -27.679  -6.203  82.689 0.0000000000
45541  -27.424  -6.774  82.776 0.0000000000
45544  -27.738  -6.955  82.196 0.0000000000
48123  -29.349  -4.497  80.892 0.0000000000
48112  -29.306  -4.346  81.206 0.0000000000
46375  -29.117  -5.136  80.706 0.0000000000
42881  -26.902  -8.490  77.386 0.0000000000
91064  -26.653  -8.408  78.168 0.0000000000
101483  -26.039  -8.483  77.956 0.0000000000
42891  -25.353  -8.483  76.465 0.0000000000
98266  -7.639  -4.304  80.212 0.0000000000
47260  -8.054  -5.394  79.786 0.0000000000
47255  -8.078  -5.378  80.421 0.0000000000
43823  -9.595  -9.614  81.982 0.0000000000
94136  -49.119  7.540  58.767 0.0000000000
58076  -48.756  7.481  59.308 0.0000000000
57301  -46.836  6.815  59.077 0.0000000000
57311  -47.436  6.878  58.347 0.0000000000
57325  -47.867  7.122  57.825 0.0000000000
89025  -19.384  -8.589  77.553 0.0000000000
103143  -19.698  -8.535  78.281 0.0000000000
43878  -18.821  -8.598  78.164 0.0000000000
43844  -17.904  -8.664  80.469 0.0000000000
43826  -17.356  -8.741  81.230 0.0000000000
43843  -16.476  -8.881  80.810 0.0000000000
106918  -8.122  -4.362  74.019 0.0000000000
49880  -8.652  -3.081  74.085 0.0000000000
49074  -8.044  -3.893  72.841 0.0000000000
45598  -9.810  -7.509  75.009 0.0000000000
44838  -9.790  -7.567  74.148 0.0000000000
44854  -8.557  -7.746  71.097 0.0000000000
45619  -8.873  -7.435  71.993 0.0000000000
44866  -8.291  -7.946  70.188 0.0000000000
48943  -10.345  -3.981  88.417 0.0000000000
48054  -9.478  -4.828  88.322 0.0000000000
43754  -10.309  -9.902  89.295 0.0000000000
43769  -8.205  -9.639  86.824 0.0000000000
43764  -8.441  -9.418  87.643 0.0000000000
92226  -8.287  -9.038  86.114 0.0000000000
41100  -6.947  -12.528  82.699 0.0000000000
41885  -7.236  -11.880  82.887 0.0000000000
97342  -7.153  -12.801  81.927 0.0000000000
105583  -7.117  -13.299  81.737 0.0000000000
35982  -7.203  -18.635  84.102 0.0000000000
54023  -32.309  3.650  76.694 0.0000000000
53184  -29.296  1.265  76.167 0.0000000000
52337  -29.881  1.427  76.901 0.0000000000
54014  -31.396  2.869  77.152 0.0000000000
106934  -31.850  3.282  76.724 0.0000000000
102691  -32.075  3.388  76.140 0.0000000000
50681  -29.611  -2.095  78.244 0.0000000000
49851  -29.529  -2.437  77.789 0.0000000000
50680  -29.584  -1.738  77.847 0.0000000000
52331  -29.804  0.585  77.540 0.0000000000
51500  -29.536  -0.338  77.492 0.0000000000
51508  -29.144  -0.639  76.938 0.0000000000
51518  -28.558  -0.935  76.277 0.0000000000
52324  -29.944  0.523  78.709 0.0000000000
51485  -29.786  -0.363  79.162 0.0000000000
50670  -29.623  -2.016  78.804 0.0000000000
60888  -52.009  11.209  55.360 0.0000000000
60889  -52.822  11.524  55.720 0.0000000000
58118  -46.340  7.739  56.120 0.0000000000
58124  -45.798  8.114  55.533 0.0000000000
58795  -46.340  8.464  55.350 0.0000000000
59459  -47.722  9.566  54.880 0.0000000000
59468  -48.289  10.174  54.441 0.0000000000
60153  -48.476  10.648  53.724 0.0000000000
60144  -49.924  10.761  54.597 0.0000000000
60146  -51.240  10.998  55.121 0.0000000000
60892  -51.568  11.509  54.450 0.0000000000
52435  -41.724  1.229  63.908 0.0000000000
53303  -42.674  1.759  64.559 0.0000000000
52423  -42.541  1.323  64.859 0.0000000000
52401  -43.206  1.355  66.326 0.0000000000
52413  -43.165  1.546  65.613 0.0000000000
53287  -43.581  1.765  66.068 0.0000000000
101566  -36.811  0.717  64.300 0.0000000000
96891  -37.890  -0.261  63.625 0.0000000000
88607  -37.252  -0.365  63.231 0.0000000000
50803  -38.049  -0.770  62.439 0.0000000000
51616  -38.751  -0.472  63.017 0.0000000000
51602  -40.925  0.528  63.836 0.0000000000
106997  -40.632  0.463  63.480 0.0000000000
106079  -41.454  0.853  63.982 0.0000000000
41919  -10.166  -10.972  78.083 0.0000000000
41927  -9.563  -12.222  77.124 0.0000000000
41928  -10.134  -11.401  77.321 0.0000000000
41157  -9.779  -12.462  76.376 0.0000000000
40343  -8.952  -13.653  76.634 0.0000000000
39384  -8.532  -14.325  77.149 0.0000000000
40352  -8.740  -14.199  76.513 0.0000000000
38569  -8.540  -15.443  76.443 0.0000000000
41872  -13.098  -11.515  86.098 0.0000000000
96679  -36.609  3.398  69.433 0.0000000000
54067  -32.410  2.740  70.662 0.0000000000
92153  -33.026  2.860  69.231 0.0000000000
54873  -35.919  3.789  70.076 0.0000000000
48970  -27.529  -3.302  83.420 0.0000000000
49805  -27.978  -2.651  83.328 0.0000000000
43885  -28.396  -7.151  78.506 0.0000000000
43898  -28.272  -7.640  77.960 0.0000000000
106343  -51.890  11.905  50.175 0.0000000000
60925  -51.268  11.683  49.912 0.0000000000
61633  -53.053  12.273  49.480 0.0000000000
96132  -52.593  11.862  49.011 0.0000000000
60930  -52.571  11.711  48.282 0.0000000000
60934  -52.988  12.002  47.861 0.0000000000
106007  -8.745  -6.257  82.866 0.0000000000
46370  -8.969  -6.673  82.796 0.0000000000
58074  -46.576  7.200  59.969 0.0000000000
58057  -46.891  7.570  60.927 0.0000000000
55701  -40.288  4.570  60.513 0.0000000000
56499  -41.352  5.649  59.407 0.0000000000
89515  -41.929  5.920  58.627 0.0000000000
57297  -42.785  6.291  58.603 0.0000000000
57289  -45.096  6.844  60.124 0.0000000000
57300  -45.806  6.742  59.434 0.0000000000
44749  -18.135  -7.506  87.079 0.0000000000
43775  -16.438  -8.929  85.582 0.0000000000
43859  -16.745  -8.951  79.052 0.0000000000
42851  -16.049  -9.687  78.660 0.0000000000
49857  -8.787  -3.021  75.908 0.0000000000
48192  -7.872  -5.134  74.899 0.0000000000
43953  -11.358  -8.737  73.154 0.0000000000
43966  -11.483  -9.458  72.365 0.0000000000
43965  -10.889  -9.360  71.529 0.0000000000
43964  -10.101  -8.919  71.147 0.0000000000
90898  -10.256  -9.758  70.445 0.0000000000
48058  -11.994  -4.478  88.354 0.0000000000
48057  -11.313  -4.408  88.474 0.0000000000
41862  -9.185  -12.176  88.492 0.0000000000
41861  -8.968  -11.556  88.558 0.0000000000
91603  -8.684  -12.199  88.294 0.0000000000
41868  -7.640  -11.466  87.252 0.0000000000
42796  -7.652  -10.812  86.806 0.0000000000
41871  -7.298  -11.575  86.421 0.0000000000
40228  -6.860  -13.361  84.713 0.0000000000
52364  -29.249  0.754  72.251 0.0000000000
52354  -29.184  1.105  73.149 0.0000000000
53195  -29.595  1.725  75.130 0.0000000000
91647  -30.742  2.340  74.015 0.0000000000
101606  -30.963  2.315  73.274 0.0000000000
53210  -31.493  2.564  73.021 0.0000000000
49875  -29.076  -3.282  76.322 0.0000000000
51469  -29.280  -0.936  81.722 0.0000000000
49819  -29.593  -2.772  81.466 0.0000000000
98316  -29.510  -2.107  81.495 0.0000000000
52313  -29.629  0.003  80.246 0.0000000000
51480  -29.628  -0.964  80.358 0.0000000000
49013  -29.621  -3.862  79.222 0.0000000000
49003  -29.699  -3.920  79.988 0.0000000000
48134  -29.557  -4.602  79.798 0.0000000000
47261  -29.513  -4.900  79.506 0.0000000000
45567  -29.091  -5.743  79.406 0.0000000000
102126  -29.256  -5.669  78.922 0.0000000000
95516  -29.091  -6.795  77.455 0.0000000000
62321  -53.707  13.209  52.539 0.0000000000
60159  -49.124  11.246  53.062 0.0000000000
60905  -49.816  11.594  52.406 0.0000000000
60916  -50.513  11.850  51.699 0.0000000000
60922  -51.338  12.007  50.981 0.0000000000
61617  -52.228  12.470  52.158 0.0000000000
56490  -43.913  5.725  63.376 0.0000000000
56458  -44.595  4.864  64.865 0.0000000000
56475  -44.874  5.682  64.479 0.0000000000
54129  -43.576  2.484  65.173 0.0000000000
54923  -44.114  3.221  65.396 0.0000000000
51633  -39.377  -0.144  61.956 0.0000000000
51632  -38.614  -0.517  61.595 0.0000000000
53321  -40.339  1.885  62.074 0.0000000000
54154  -39.737  2.458  61.369 0.0000000000
55697  -42.255  4.138  63.017 0.0000000000
56488  -42.408  5.125  62.589 0.0000000000
56497  -42.809  5.950  62.109 0.0000000000
106457  -22.173  -8.437  77.188 0.0000000000
89022  -20.836  -8.488  76.770 0.0000000000
52366  -8.242  0.862  70.942 0.0000000000
101111  -8.048  -1.667  70.886 0.0000000000
50751  -7.710  -2.236  70.457 0.0000000000
49917  -8.023  -2.525  71.380 0.0000000000
46397  -8.256  -6.141  77.996 0.0000000000
45583  -9.803  -7.431  76.710 0.0000000000
45590  -9.824  -7.441  75.856 0.0000000000
102780  -11.209  -9.968  77.655 0.0000000000
43889  -11.323  -9.320  77.331 0.0000000000
43918  -11.665  -9.283  75.667 0.0000000000
43930  -11.741  -9.339  74.762 0.0000000000
42912  -11.750  -10.338  74.396 0.0000000000
41180  -11.132  -12.168  73.449 0.0000000000
39419  -9.235  -14.300  75.291 0.0000000000
103742  -13.244  -7.576  89.361 0.0000000000
42786  -12.701  -10.246  88.917 0.0000000000
42785  -11.935  -10.516  89.063 0.0000000000
43755  -11.175  -10.022  89.340 0.0000000000
41077  -12.614  -11.417  87.971 0.0000000000
103632  -11.876  -12.491  87.504 0.0000000000
41075  -11.028  -12.424  88.278 0.0000000000
41070  -10.597  -11.997  88.569 0.0000000000
41074  -10.207  -12.651  88.443 0.0000000000
41069  -9.837  -12.118  88.609 0.0000000000
39300  -9.280  -14.350  87.625 0.0000000000
89226  -40.128  0.794  66.918 0.0000000000
52387  -39.337  1.163  67.146 0.0000000000
52374  -30.243  1.071  70.279 0.0000000000
54123  -35.399  2.440  66.663 0.0000000000
53284  -35.109  2.259  66.077 0.0000000000
53271  -37.826  1.768  66.966 0.0000000000
53286  -37.833  1.395  66.236 0.0000000000
43806  -26.498  -7.793  82.176 0.0000000000
43833  -25.665  -8.423  81.513 0.0000000000
42825  -25.644  -8.499  80.907 0.0000000000
48101  -29.183  -4.372  81.555 0.0000000000
47241  -28.805  -4.964  82.016 0.0000000000
46371  -28.411  -5.858  81.460 0.0000000000
104900  -28.043  -7.089  80.021 0.0000000000
43869  -28.064  -7.108  80.043 0.0000000000
42841  -27.504  -7.681  79.750 0.0000000000
43853  -27.909  -7.232  80.449 0.0000000000
43852  -27.674  -7.434  80.262 0.0000000000
43836  -27.828  -7.216  80.962 0.0000000000
100245  -27.630  -7.375  80.660 0.0000000000
43818  -27.472  -7.439  81.149 0.0000000000
43851  -27.431  -7.522  80.442 0.0000000000
91438  -25.722  -8.488  79.285 0.0000000000
42854  -26.255  -8.320  79.888 0.0000000000
43924  -23.654  -8.383  75.391 0.0000000000
43909  -23.195  -8.345  76.120 0.0000000000
61641  -53.557  12.488  47.486 0.0000000000
60938  -53.080  11.995  47.126 0.0000000000
49836  -7.798  -3.043  78.473 0.0000000000
49831  -7.502  -2.634  79.773 0.0000000000
48997  -7.613  -4.172  79.386 0.0000000000
96004  -7.605  -3.316  79.191 0.0000000000
107286  -7.826  -5.319  78.420 0.0000000000
47266  -7.917  -5.404  79.116 0.0000000000
46391  -8.196  -6.043  78.943 0.0000000000
45564  -8.537  -6.452  79.390 0.0000000000
45549  -8.842  -6.493  81.143 0.0000000000
91790  -9.691  -7.693  80.482 0.0000000000
43857  -10.602  -8.901  79.825 0.0000000000
42833  -9.710  -10.473  80.410 0.0000000000
58113  -49.239  8.026  57.268 0.0000000000
58770  -50.056  8.195  57.797 0.0000000000
52389  -41.430  0.893  67.383 0.0000000000
57321  -43.772  6.396  57.569 0.0000000000
56519  -43.143  6.271  57.379 0.0000000000
57322  -44.437  6.500  57.253 0.0000000000
88813  -45.006  6.702  56.888 0.0000000000
57329  -45.595  7.121  56.516 0.0000000000
57330  -46.260  7.031  56.853 0.0000000000
58107  -48.625  7.474  57.685 0.0000000000
58112  -48.462  7.714  57.090 0.0000000000
44742  -15.249  -8.141  88.529 0.0000000000
43763  -14.837  -8.957  88.166 0.0000000000
43766  -15.103  -9.100  87.511 0.0000000000
44752  -16.706  -8.155  86.875 0.0000000000
44747  -16.405  -8.013  87.470 0.0000000000
42798  -14.843  -9.799  86.414 0.0000000000
43770  -15.354  -9.237  86.796 0.0000000000
41870  -13.650  -10.900  86.492 0.0000000000
41093  -12.941  -12.252  83.402 0.0000000000
89026  -22.075  -8.546  78.772 0.0000000000
102656  -21.198  -8.545  79.046 0.0000000000
89760  -20.948  -8.671  79.961 0.0000000000
43861  -18.569  -8.564  79.014 0.0000000000
102145  -20.085  -8.847  81.094 0.0000000000
94338  -19.766  -9.002  81.907 0.0000000000
43811  -20.262  -9.105  82.628 0.0000000000
89764  -18.541  -9.010  82.807 0.0000000000
43787  -19.450  -8.693  84.475 0.0000000000
43786  -18.629  -8.768  84.364 0.0000000000
91470  -16.701  -9.035  83.009 0.0000000000
107105  -15.353  -9.987  79.866 0.0000000000
42835  -15.068  -10.096  80.388 0.0000000000
105510  -14.655  -10.190  81.538 0.0000000000
42822  -14.545  -10.171  82.259 0.0000000000
53175  -7.915  2.016  75.673 0.0000000000
53187  -8.219  2.013  74.633 0.0000000000
96458  -9.175  -1.354  76.082 0.0000000000
51513  -9.371  -1.217  75.357 0.0000000000
50707  -9.016  -2.286  73.706 0.0000000000
99604  -9.457  -1.123  74.275 0.0000000000
50739  -8.968  -1.330  72.546 0.0000000000
50738  -8.723  -2.250  72.928 0.0000000000
49082  -7.729  -3.973  72.023 0.0000000000
47274  -7.817  -5.624  75.997 0.0000000000
47282  -7.838  -5.624  74.397 0.0000000000
46419  -7.903  -6.051  73.882 0.0000000000
45609  -8.972  -7.338  72.897 0.0000000000
46430  -8.099  -6.550  72.914 0.0000000000
48204  -7.639  -5.216  72.377 0.0000000000
98374  -7.440  -5.272  70.826 0.0000000000
47312  -7.413  -5.610  70.296 0.0000000000
46459  -7.472  -6.236  69.969 0.0000000000
46339  -12.286  -6.265  89.174 0.0000000000
94521  -11.776  -6.948  89.498 0.0000000000
45512  -10.464  -7.491  89.377 0.0000000000
105812  -10.141  -7.137  89.235 0.0000000000
94545  -9.885  -6.820  89.048 0.0000000000
43752  -9.087  -9.997  88.733 0.0000000000
97590  -8.937  -9.365  88.532 0.0000000000
44740  -8.931  -8.518  88.453 0.0000000000
46343  -9.071  -6.894  88.367 0.0000000000
46350  -8.749  -6.614  87.799 0.0000000000
96247  -8.592  -6.957  86.153 0.0000000000
46354  -8.633  -6.338  86.923 0.0000000000
46357  -8.655  -6.624  85.323 0.0000000000
44768  -8.790  -8.806  84.694 0.0000000000
103105  -9.202  -8.544  83.834 0.0000000000
42802  -7.847  -10.706  84.789 0.0000000000
42806  -7.880  -11.027  84.029 0.0000000000
42812  -8.394  -10.889  82.839 0.0000000000
43807  -8.935  -10.069  83.280 0.0000000000
41895  -8.520  -11.014  81.983 0.0000000000
41116  -8.003  -12.623  80.315 0.0000000000
41124  -7.839  -13.237  80.038 0.0000000000
36812  -7.445  -17.441  84.667 0.0000000000
36807  -7.771  -17.773  85.393 0.0000000000
37634  -7.719  -16.952  85.220 0.0000000000
37627  -7.944  -16.343  85.680 0.0000000000
95328  -7.130  -15.441  83.569 0.0000000000
37660  -7.196  -15.673  82.829 0.0000000000
38529  -7.234  -15.332  80.882 0.0000000000
94460  -7.350  -14.645  80.359 0.0000000000
38541  -7.488  -14.823  79.661 0.0000000000
39358  -7.727  -14.400  79.334 0.0000000000
95104  -8.020  -14.633  78.591 0.0000000000
54015  -31.915  3.409  77.277 0.0000000000
55553  -32.443  4.301  78.443 0.0000000000
51501  -29.645  -0.895  77.938 0.0000000000
92620  -29.995  0.588  78.135 0.0000000000
53151  -30.363  2.144  79.082 0.0000000000
52325  -30.120  1.347  78.872 0.0000000000
54806  -31.370  3.486  79.015 0.0000000000
60141  -52.366  10.952  56.192 0.0000000000
60135  -51.977  10.430  56.633 0.0000000000
58796  -47.868  8.489  56.099 0.0000000000
59452  -48.232  9.216  55.592 0.0000000000
59461  -49.503  10.195  55.219 0.0000000000
51589  -41.363  0.637  64.435 0.0000000000
51580  -42.120  0.830  64.956 0.0000000000
52411  -42.044  0.711  65.706 0.0000000000
52400  -42.519  0.965  66.340 0.0000000000
90608  -37.405  0.483  64.419 0.0000000000
51587  -38.128  0.139  64.320 0.0000000000
51599  -38.550  -0.263  63.665 0.0000000000
51600  -39.396  -0.146  63.634 0.0000000000
103312  -40.657  0.351  64.153 0.0000000000
42862  -9.574  -11.335  78.722 0.0000000000
41155  -8.801  -13.430  77.332 0.0000000000
95653  -12.615  -12.454  85.018 0.0000000000
40230  -12.449  -13.036  84.605 0.0000000000
54845  -33.378  3.843  72.201 0.0000000000
54068  -32.836  3.320  71.455 0.0000000000
54859  -33.817  3.585  70.264 0.0000000000
101048  -35.333  4.111  70.682 0.0000000000
51454  -27.189  -0.628  83.521 0.0000000000
42895  -28.252  -8.478  76.514 0.0000000000
61626  -52.554  12.494  51.301 0.0000000000
61630  -52.863  12.406  50.375 0.0000000000
61631  -53.470  12.687  49.980 0.0000000000
62337  -54.531  13.650  49.997 0.0000000000
91283  -46.081  7.408  61.460 0.0000000000
56495  -41.383  5.490  60.992 0.0000000000
55702  -40.951  5.284  60.310 0.0000000000
56500  -42.027  6.086  60.467 0.0000000000
57287  -42.935  6.495  59.766 0.0000000000
44754  -18.523  -7.695  86.587 0.0000000000
43777  -18.290  -8.497  85.178 0.0000000000
43816  -25.337  -8.464  82.342 0.0000000000
50754  -7.509  -1.959  69.804 0.0000000000
96265  -7.423  -2.057  69.241 0.0000000000
49933  -7.483  -2.728  69.163 0.0000000000
49846  -8.646  -2.854  76.815 0.0000000000
42940  -11.656  -10.495  72.558 0.0000000000
47197  -12.346  -4.988  88.543 0.0000000000
47192  -11.954  -5.573  88.876 0.0000000000
41079  -8.427  -12.910  87.916 0.0000000000
105311  -8.541  -12.564  88.108 0.0000000000
41078  -7.899  -12.851  87.449 0.0000000000
41081  -7.270  -12.580  86.433 0.0000000000
40222  -7.166  -13.432  85.817 0.0000000000
54036  -31.902  3.130  74.741 0.0000000000
54046  -32.104  3.137  73.838 0.0000000000
49874  -28.741  -2.945  75.838 0.0000000000
50663  -29.672  -1.914  79.512 0.0000000000
49834  -29.717  -2.571  79.944 0.0000000000
47267  -29.555  -4.892  78.782 0.0000000000
91379  -29.439  -5.416  78.502 0.0000000000
60899  -49.983  11.477  53.195 0.0000000000
60900  -50.754  11.683  53.320 0.0000000000
60907  -51.279  12.044  52.803 0.0000000000
61616  -51.675  12.268  52.330 0.0000000000
100913  -42.817  4.631  63.287 0.0000000000
56473  -43.490  4.682  63.828 0.0000000000
55690  -44.009  4.346  64.564 0.0000000000
53313  -40.916  1.521  62.770 0.0000000000
53322  -41.009  2.255  62.592 0.0000000000
54932  -41.024  3.137  62.399 0.0000000000
89020  -22.218  -8.325  75.912 0.0000000000
42888  -10.815  -10.975  76.611 0.0000000000
41938  -11.171  -10.962  75.716 0.0000000000
41945  -11.298  -11.226  74.914 0.0000000000
41173  -10.908  -12.144  74.364 0.0000000000
43758  -13.609  -9.219  88.928 0.0000000000
43761  -13.400  -9.931  88.671 0.0000000000
40219  -11.568  -13.131  87.255 0.0000000000
40212  -9.861  -13.277  88.270 0.0000000000
40217  -10.251  -13.758  87.921 0.0000000000
39301  -9.954  -14.326  87.651 0.0000000000
53272  -38.656  1.580  67.412 0.0000000000
53273  -39.460  1.452  67.865 0.0000000000
93134  -31.324  1.752  69.758 0.0000000000
54108  -35.672  2.939  68.038 0.0000000000
101009  -36.124  2.728  67.683 0.0000000000
54124  -36.433  2.224  66.665 0.0000000000
53285  -36.770  1.782  66.075 0.0000000000
101779  -37.109  2.140  66.966 0.0000000000
45543  -27.204  -7.202  82.658 0.0000000000
43817  -26.814  -7.725  81.484 0.0000000000
98900  -29.342  -1.988  81.955 0.0000000000
93256  -29.183  -2.172  82.182 0.0000000000
48982  -29.436  -3.093  81.803 0.0000000000
98761  -29.155  -4.732  81.084 0.0000000000
47254  -28.988  -5.137  80.938 0.0000000000
42870  -27.530  -7.947  78.631 0.0000000000
42857  -27.613  -7.596  79.496 0.0000000000
42856  -27.046  -8.050  79.271 0.0000000000
42855  -26.855  -8.062  79.728 0.0000000000
103255  -26.128  -8.436  78.609 0.0000000000
42867  -25.519  -8.504  78.382 0.0000000000
43925  -24.365  -8.425  75.891 0.0000000000
60186  -50.795  10.912  47.618 0.0000000000
48138  -7.800  -4.982  79.588 0.0000000000
98366  -8.954  -6.603  82.023 0.0000000000
44796  -9.789  -8.034  81.250 0.0000000000
98325  -49.070  7.530  58.237 0.0000000000
58092  -49.784  7.813  58.553 0.0000000000
57309  -45.542  6.466  57.935 0.0000000000
57324  -45.984  6.641  57.450 0.0000000000
57331  -47.019  6.893  57.496 0.0000000000
42804  -14.388  -10.323  85.034 0.0000000000
41880  -13.823  -10.835  83.534 0.0000000000
89027  -20.475  -8.516  78.411 0.0000000000
105709  -19.997  -8.516  78.717 0.0000000000
43860  -17.706  -8.654  79.060 0.0000000000
89763  -18.260  -8.603  79.756 0.0000000000
95454  -17.030  -8.867  82.199 0.0000000000
41897  -14.006  -11.495  80.984 0.0000000000
41896  -13.591  -11.660  81.925 0.0000000000
49869  -8.795  -3.072  74.993 0.0000000000
49892  -8.434  -3.069  73.148 0.0000000000
107465  -8.421  -2.741  72.642 0.0000000000
45581  -8.802  -6.642  75.705 0.0000000000
45588  -8.796  -6.689  74.868 0.0000000000
45596  -8.827  -6.660  74.058 0.0000000000
45607  -7.997  -6.557  72.111 0.0000000000
45617  -7.754  -6.661  71.254 0.0000000000
45632  -7.638  -6.727  70.383 0.0000000000
45644  -7.845  -7.347  69.911 0.0000000000
44735  -11.340  -8.430  89.573 0.0000000000
45513  -11.192  -7.623  89.527 0.0000000000
101687  -10.126  -8.241  89.372 0.0000000000
44733  -9.723  -8.654  89.175 0.0000000000
44745  -8.617  -8.580  87.847 0.0000000000
90456  -8.554  -8.055  87.349 0.0000000000
44759  -8.599  -8.480  85.383 0.0000000000
43782  -8.570  -9.620  84.590 0.0000000000
41877  -7.305  -11.564  83.734 0.0000000000
41894  -7.637  -12.126  81.670 0.0000000000
41107  -7.473  -12.581  81.459 0.0000000000
35975  -7.380  -18.235  84.846 0.0000000000
37641  -7.407  -16.631  84.432 0.0000000000
102597  -7.273  -17.013  83.667 0.0000000000
38535  -7.291  -15.358  80.021 0.0000000000
51517  -28.223  -0.090  75.497 0.0000000000
53186  -30.997  2.553  75.750 0.0000000000
49862  -29.359  -2.916  77.171 0.0000000000
50679  -29.429  -1.268  77.412 0.0000000000
52319  -29.742  -0.212  79.717 0.0000000000
97127  -29.836  0.958  79.529 0.0000000000
49852  -29.555  -2.698  78.368 0.0000000000
60894  -53.249  12.076  55.268 0.0000000000
58803  -46.961  8.978  55.075 0.0000000000
58802  -46.292  9.026  54.679 0.0000000000
59466  -46.290  9.521  54.039 0.0000000000
60152  -47.594  10.469  53.388 0.0000000000
107023  -49.635  10.912  54.174 0.0000000000
60154  -50.173  11.261  53.939 0.0000000000
53309  -42.576  2.143  64.163 0.0000000000
101045  -42.866  1.426  65.256 0.0000000000
53296  -43.519  2.001  65.558 0.0000000000
52434  -36.982  0.207  63.777 0.0000000000
51597  -36.552  -0.130  63.141 0.0000000000
51614  -36.628  -0.916  61.921 0.0000000000
50802  -37.352  -1.012  61.904 0.0000000000
50804  -38.864  -0.490  62.357 0.0000000000
51618  -40.323  0.302  63.042 0.0000000000
44812  -11.012  -8.768  78.404 0.0000000000
42875  -10.808  -10.584  77.487 0.0000000000
39418  -8.883  -14.563  75.895 0.0000000000
38576  -8.717  -15.194  75.916 0.0000000000
41867  -13.522  -10.864  87.269 0.0000000000
41082  -12.292  -12.848  86.222 0.0000000000
40221  -11.825  -13.349  86.611 0.0000000000
54096  -37.603  2.969  69.185 0.0000000000
54097  -38.536  2.667  69.544 0.0000000000
54081  -38.071  3.066  69.901 0.0000000000
53237  -30.492  1.518  71.571 0.0000000000
53238  -31.077  1.863  71.335 0.0000000000
53244  -31.224  1.781  70.486 0.0000000000
53245  -31.797  2.158  70.179 0.0000000000
53249  -31.840  2.097  69.456 0.0000000000
53258  -31.952  2.098  68.695 0.0000000000
53259  -32.852  2.585  68.563 0.0000000000
89427  -33.827  2.983  68.590 0.0000000000
54093  -34.926  3.239  68.635 0.0000000000
54094  -36.017  3.224  68.682 0.0000000000
48090  -27.751  -4.174  83.353 0.0000000000
46386  -28.801  -6.082  79.920 0.0000000000
46378  -28.878  -5.720  80.415 0.0000000000
98984  -28.547  -6.469  79.622 0.0000000000
43870  -28.208  -6.872  79.504 0.0000000000
43884  -27.926  -7.322  78.947 0.0000000000
42884  -28.127  -8.061  77.465 0.0000000000
42883  -27.809  -8.010  77.960 0.0000000000
102334  -27.283  -8.503  77.219 0.0000000000
42892  -26.044  -8.636  75.880 0.0000000000
103570  -52.001  11.694  49.366 0.0000000000
60929  -51.467  11.169  48.121 0.0000000000
88923  -52.081  11.333  47.884 0.0000000000
60932  -52.126  11.301  47.233 0.0000000000
61634  -53.540  12.600  49.106 0.0000000000
47250  -8.049  -5.363  81.071 0.0000000000
44783  -9.506  -8.259  82.793 0.0000000000
94472  -48.344  7.557  60.037 0.0000000000
58044  -47.627  7.762  61.727 0.0000000000
101754  -40.746  5.208  59.627 0.0000000000
57308  -43.665  6.381  58.167 0.0000000000
90137  -44.301  6.491  58.661 0.0000000000
88891  -45.165  6.501  58.572 0.0000000000
43795  -15.832  -9.361  84.128 0.0000000000
43891  -18.052  -8.799  77.691 0.0000000000
90641  -17.391  -9.045  77.813 0.0000000000
104132  -17.288  -8.869  78.462 0.0000000000
95041  -16.543  -8.961  79.992 0.0000000000
43858  -15.942  -9.465  79.512 0.0000000000
97202  -8.274  0.216  76.764 0.0000000000
100496  -7.894  -4.987  74.035 0.0000000000
44845  -10.578  -8.072  73.692 0.0000000000
44851  -10.411  -8.226  72.770 0.0000000000
48949  -11.507  -3.538  87.797 0.0000000000
48944  -11.038  -3.868  88.233 0.0000000000
48056  -10.628  -4.438  88.617 0.0000000000
48051  -10.290  -5.092  88.910 0.0000000000
42788  -8.769  -10.862  88.520 0.0000000000
42787  -8.318  -10.910  88.085 0.0000000000
42792  -7.918  -10.923  87.459 0.0000000000
43768  -7.948  -10.364  86.766 0.0000000000
91813  -7.764  -10.500  86.211 0.0000000000
89704  -7.382  -10.964  85.486 0.0000000000
41086  -6.925  -11.961  84.427 0.0000000000
52347  -28.359  0.611  74.676 0.0000000000
53207  -30.018  1.904  74.107 0.0000000000
106905  -29.742  1.551  73.402 0.0000000000
53223  -30.310  1.575  72.267 0.0000000000
100135  -32.517  3.417  73.332 0.0000000000
54057  -32.639  3.377  72.466 0.0000000000
51464  -29.138  -1.081  82.094 0.0000000000
103889  -29.570  -3.992  80.749 0.0000000000
50650  -29.565  -1.568  80.989 0.0000000000
50657  -29.678  -1.864  80.339 0.0000000000
49830  -29.720  -2.604  80.645 0.0000000000
92207  -29.642  -2.183  80.987 0.0000000000
105970  -29.765  -3.063  80.842 0.0000000000
97317  -29.542  -4.278  80.490 0.0000000000
47256  -29.372  -4.868  80.395 0.0000000000
46387  -29.197  -5.478  79.891 0.0000000000
44820  -28.805  -7.014  77.979 0.0000000000
101189  -29.218  -6.399  77.931 0.0000000000
60904  -48.922  11.411  52.209 0.0000000000
60914  -48.739  11.475  51.279 0.0000000000
62329  -53.723  13.221  51.515 0.0000000000
99356  -43.999  6.673  61.742 0.0000000000
57274  -45.107  6.868  62.530 0.0000000000
57256  -44.433  6.502  62.741 0.0000000000
95650  -43.493  2.987  64.737 0.0000000000
55691  -44.388  4.056  65.183 0.0000000000
104244  -41.062  4.016  62.079 0.0000000000
56496  -42.072  5.695  61.592 0.0000000000
43882  -23.700  -8.592  79.002 0.0000000000
43894  -21.493  -8.466  77.385 0.0000000000
43893  -20.023  -8.547  77.105 0.0000000000
43906  -19.206  -8.713  76.695 0.0000000000
43905  -18.321  -9.187  76.235 0.0000000000
47270  -7.832  -5.452  77.642 0.0000000000
92179  -7.829  -5.608  76.800 0.0000000000
100068  -8.756  -6.611  76.574 0.0000000000
44819  -11.088  -8.624  77.716 0.0000000000
44826  -11.128  -8.529  76.889 0.0000000000
42926  -11.770  -10.414  73.490 0.0000000000
41962  -11.531  -11.305  73.057 0.0000000000
44736  -12.061  -8.630  89.563 0.0000000000
44737  -12.840  -8.886  89.290 0.0000000000
103284  -11.475  -9.187  89.529 0.0000000000
42783  -10.505  -10.770  88.982 0.0000000000
89273  -12.736  -11.044  88.318 0.0000000000
41864  -12.183  -11.392  88.383 0.0000000000
41859  -11.738  -11.168  88.751 0.0000000000
41858  -10.950  -11.354  88.740 0.0000000000
104975  -10.006  -11.105  88.856 0.0000000000
40211  -9.203  -13.319  88.168 0.0000000000
40215  -8.739  -13.404  87.898 0.0000000000
39305  -8.457  -14.931  86.787 0.0000000000
52410  -39.928  0.552  66.076 0.0000000000
51571  -40.802  0.575  66.332 0.0000000000
52388  -40.649  0.971  67.527 0.0000000000
52369  -30.133  1.073  71.054 0.0000000000
52373  -29.754  0.628  70.598 0.0000000000
52377  -30.357  1.063  69.549 0.0000000000
53302  -35.289  1.611  64.788 0.0000000000
52409  -37.370  1.315  65.706 0.0000000000
88794  -39.008  0.674  65.864 0.0000000000
44775  -26.574  -7.403  83.096 0.0000000000
44779  -26.159  -7.753  82.806 0.0000000000
43805  -25.737  -8.063  82.616 0.0000000000
94708  -28.341  -1.985  83.058 0.0000000000
49811  -29.123  -2.618  82.282 0.0000000000
97813  -28.672  -2.664  82.769 0.0000000000
48091  -28.538  -4.185  82.775 0.0000000000
47240  -28.598  -4.906  82.431 0.0000000000
46368  -28.131  -5.978  82.102 0.0000000000
45552  -28.523  -6.168  80.699 0.0000000000
102345  -27.939  -7.558  80.029 0.0000000000
44798  -28.117  -7.104  80.626 0.0000000000
45551  -28.288  -6.519  81.028 0.0000000000
45547  -28.277  -6.464  81.197 0.0000000000
45545  -28.072  -6.391  81.915 0.0000000000
44786  -28.173  -6.844  81.651 0.0000000000
44785  -27.622  -7.365  81.497 0.0000000000
43835  -26.850  -7.704  81.002 0.0000000000
92497  -26.714  -7.804  81.047 0.0000000000
42839  -26.577  -8.055  80.334 0.0000000000
42826  -26.261  -8.117  80.885 0.0000000000
42838  -25.964  -8.388  80.444 0.0000000000
42853  -25.004  -8.572  79.758 0.0000000000
101228  -24.275  -8.626  79.547 0.0000000000
43895  -22.915  -8.461  77.388 0.0000000000
43910  -23.660  -8.442  76.868 0.0000000000
105453  -23.067  -8.416  76.768 0.0000000000
60937  -52.566  11.588  46.824 0.0000000000
60946  -52.949  12.020  45.583 0.0000000000
61650  -54.225  13.192  44.569 0.0000000000
50672  -8.079  -1.404  77.952 0.0000000000
102660  -7.631  -2.551  79.023 0.0000000000
45557  -8.652  -6.443  80.250 0.0000000000
41909  -8.587  -12.463  79.087 0.0000000000
58793  -50.336  8.802  57.243 0.0000000000
59449  -51.146  9.338  57.321 0.0000000000
58033  -45.699  7.099  62.761 0.0000000000
52399  -41.655  0.715  66.536 0.0000000000
52390  -42.233  0.954  67.127 0.0000000000
57334  -43.648  6.522  56.397 0.0000000000
57335  -44.295  6.914  55.966 0.0000000000
58116  -44.757  7.522  55.593 0.0000000000
58117  -45.448  7.617  55.892 0.0000000000
58119  -47.236  7.940  56.278 0.0000000000
58792  -48.611  8.265  56.662 0.0000000000
44744  -16.846  -7.593  87.739 0.0000000000
41873  -13.699  -10.916  85.546 0.0000000000
40239  -12.569  -12.967  83.742 0.0000000000
43849  -22.772  -8.829  80.208 0.0000000000
43831  -22.758  -9.067  80.931 0.0000000000
43830  -21.540  -9.123  81.628 0.0000000000
103813  -20.311  -8.703  80.435 0.0000000000
43812  -21.274  -9.145  82.685 0.0000000000
90535  -20.636  -9.040  83.449 0.0000000000
43810  -19.418  -9.053  82.694 0.0000000000
94105  -20.163  -8.499  84.712 0.0000000000
43797  -17.220  -8.973  83.693 0.0000000000
42809  -15.125  -9.702  83.657 0.0000000000
91358  -15.749  -9.232  81.354 0.0000000000
42815  -15.160  -9.615  82.757 0.0000000000
41887  -13.447  -11.570  82.982 0.0000000000
52350  -9.244  0.348  73.411 0.0000000000
52357  -9.215  -0.119  72.616 0.0000000000
106747  -7.767  -5.356  76.429 0.0000000000
48181  -7.814  -5.243  75.540 0.0000000000
47278  -7.798  -5.701  75.187 0.0000000000
45602  -8.618  -6.846  73.308 0.0000000000
46420  -8.300  -6.442  73.634 0.0000000000
100670  -7.772  -5.128  73.194 0.0000000000
48210  -7.520  -5.248  71.531 0.0000000000
96340  -7.448  -4.735  70.941 0.0000000000
99183  -7.398  -5.076  69.665 0.0000000000
47318  -7.438  -5.743  69.534 0.0000000000
106692  -8.444  -4.635  84.981 0.0000000000
93508  -11.058  -6.821  89.423 0.0000000000
47191  -11.270  -5.531  89.019 0.0000000000
47190  -10.643  -5.652  89.110 0.0000000000
47196  -9.701  -5.391  88.735 0.0000000000
43753  -9.654  -9.727  89.087 0.0000000000
45510  -9.375  -8.157  88.843 0.0000000000
46336  -9.454  -7.270  88.759 0.0000000000
46344  -9.519  -6.344  88.712 0.0000000000
48062  -8.953  -4.932  87.613 0.0000000000
47210  -8.646  -5.417  86.812 0.0000000000
100787  -8.571  -5.129  86.003 0.0000000000
47221  -8.552  -5.271  85.122 0.0000000000
89318  -8.570  -5.732  84.226 0.0000000000
45536  -8.953  -7.386  84.216 0.0000000000
45542  -9.141  -7.354  83.471 0.0000000000
44782  -9.321  -8.073  83.438 0.0000000000
43808  -9.452  -9.327  82.763 0.0000000000
43781  -8.194  -10.126  85.054 0.0000000000
43793  -8.746  -9.833  83.968 0.0000000000
42821  -9.175  -10.405  81.781 0.0000000000
41903  -8.098  -11.720  81.449 0.0000000000
92609  -8.404  -12.197  79.821 0.0000000000
38476  -8.038  -15.544  86.133 0.0000000000
39308  -7.504  -14.893  85.770 0.0000000000
104408  -7.057  -14.847  84.928 0.0000000000
105931  -6.932  -14.781  84.343 0.0000000000
38490  -7.258  -15.946  84.209 0.0000000000
39332  -6.886  -13.955  83.067 0.0000000000
95321  -7.055  -13.844  82.028 0.0000000000
38516  -7.186  -15.490  81.928 0.0000000000
90260  -7.239  -13.676  81.209 0.0000000000
40280  -7.523  -13.560  80.495 0.0000000000
39350  -7.515  -14.186  80.006 0.0000000000
41133  -8.093  -13.504  79.284 0.0000000000
40329  -8.301  -14.311  77.975 0.0000000000
38568  -8.435  -15.650  76.829 0.0000000000
42882  -27.603  -8.291  77.587 0.0000000000
42894  -27.911  -8.443  77.025 0.0000000000
42896  -28.470  -7.952  77.048 0.0000000000
43832  -24.811  -8.804  81.929 0.0000000000
43883  -27.705  -7.457  79.505 0.0000000000
44784  -27.155  -7.570  81.766 0.0000000000
44792  -28.358  -6.590  80.699 0.0000000000
44805  -28.046  -7.056  80.295 0.0000000000
44813  -28.606  -6.569  78.950 0.0000000000
44821  -28.956  -6.527  78.400 0.0000000000
44827  -28.953  -7.260  77.019 0.0000000000
45548  -28.577  -5.814  81.080 0.0000000000
45559  -28.517  -6.353  80.420 0.0000000000
46337  -10.983  -6.142  89.280 0.0000000000
46374  -28.728  -5.629  80.891 0.0000000000
46392  -29.365  -5.320  79.331 0.0000000000
47249  -28.912  -5.066  81.321 0.0000000000
48100  -29.003  -4.221  82.153 0.0000000000
48113  -29.493  -3.828  81.242 0.0000000000
48159  -29.595  -4.388  78.963 0.0000000000
48996  -29.674  -3.600  80.656 0.0000000000
49806  -28.775  -1.905  82.618 0.0000000000
49812  -29.249  -2.548  82.265 0.0000000000
49824  -29.796  -2.709  80.878 0.0000000000
50669  -29.657  -1.432  78.424 0.0000000000
52424  -42.995  1.639  65.116 0.0000000000
52436  -42.230  1.419  64.325 0.0000000000
54922  -43.875  3.628  64.868 0.0000000000
89953  -29.557  -3.269  78.787 0.0000000000
95474  -29.413  -3.716  81.556 0.0000000000
95853  -28.515  -5.426  82.103 0.0000000000
101035  -28.192  -6.849  81.085 0.0000000000
101174  -29.438  -3.437  77.432 0.0000000000
103222  -29.304  -3.013  82.056 0.0000000000
104914  -29.377  -5.223  79.711 0.0000000000
107451  -27.827  -6.541  82.276 0.0000000000
