#!ascii label  , from subject sub-fsm99tc vox2ras=TkReg
254
84397  27.120  -11.285  -7.029 0.0000000000
75356  27.324  -21.395  -6.671 0.0000000000
90193  24.433  -5.548  -7.200 0.0000000000
98571  21.733  4.472  -8.039 0.0000000000
73611  25.941  -23.217  -6.482 0.0000000000
91797  26.369  -3.738  -4.976 0.0000000000
94250  25.090  -0.805  -4.901 0.0000000000
82555  25.764  -13.618  -9.201 0.0000000000
79837  27.279  -16.436  -7.861 0.0000000000
82535  27.913  -13.951  -6.952 0.0000000000
87354  28.412  -8.592  -5.870 0.0000000000
84367  29.632  -11.322  -5.473 0.0000000000
87381  25.561  -8.614  -7.396 0.0000000000
137198  27.617  -6.466  -5.705 0.0000000000
96028  23.370  1.802  -6.763 0.0000000000
96827  25.456  2.488  -5.102 0.0000000000
77967  28.249  -18.890  -7.099 0.0000000000
92620  24.561  -2.574  -5.744 0.0000000000
141281  24.310  -1.074  -5.561 0.0000000000
83441  26.219  -11.891  -7.849 0.0000000000
82544  26.872  -13.343  -7.722 0.0000000000
83439  27.394  -12.125  -7.034 0.0000000000
74476  26.309  -22.529  -6.737 0.0000000000
89249  25.081  -6.792  -7.175 0.0000000000
137373  26.599  -7.462  -6.580 0.0000000000
90182  26.142  -5.943  -6.221 0.0000000000
92604  27.752  -2.472  -4.462 0.0000000000
91784  27.940  -3.402  -4.526 0.0000000000
141944  21.018  4.345  -8.214 0.0000000000
96034  21.875  1.566  -7.490 0.0000000000
96839  22.912  3.013  -7.291 0.0000000000
100084  26.036  6.186  -6.796 0.0000000000
98557  26.590  4.772  -6.180 0.0000000000
97643  25.444  3.443  -5.377 0.0000000000
97641  26.953  3.376  -5.312 0.0000000000
96819  26.666  2.104  -4.729 0.0000000000
79827  28.766  -16.560  -6.954 0.0000000000
139566  27.816  -17.672  -7.458 0.0000000000
73596  24.679  -24.087  -6.315 0.0000000000
90981  25.429  -4.764  -6.074 0.0000000000
91799  25.061  -3.310  -5.633 0.0000000000
92619  25.430  -2.538  -5.023 0.0000000000
94237  27.331  -0.743  -4.356 0.0000000000
79847  25.728  -16.435  -9.007 0.0000000000
80776  26.475  -15.113  -8.707 0.0000000000
81647  27.510  -14.585  -7.489 0.0000000000
142429  28.885  -15.269  -6.625 0.0000000000
134950  27.930  -9.959  -6.339 0.0000000000
85341  28.263  -10.802  -6.286 0.0000000000
134550  28.706  -10.063  -5.891 0.0000000000
141629  25.671  -10.826  -7.960 0.0000000000
86428  25.088  -9.241  -7.875 0.0000000000
86425  26.719  -9.526  -6.949 0.0000000000
87368  27.437  -8.490  -6.450 0.0000000000
88283  27.787  -7.296  -5.928 0.0000000000
90169  29.187  -6.124  -4.693 0.0000000000
90979  27.100  -5.032  -5.288 0.0000000000
90967  28.624  -4.912  -4.632 0.0000000000
95158  23.121  0.875  -6.835 0.0000000000
98560  23.551  4.693  -6.901 0.0000000000
97644  24.511  3.538  -6.005 0.0000000000
96027  24.223  1.945  -5.990 0.0000000000
95149  24.386  0.394  -5.641 0.0000000000
95141  25.735  0.668  -4.619 0.0000000000
95140  26.635  0.743  -4.455 0.0000000000
76246  26.217  -20.381  -7.802 0.0000000000
78901  26.356  -17.635  -8.320 0.0000000000
83423  29.124  -12.940  -5.988 0.0000000000
81628  29.709  -14.413  -5.994 0.0000000000
93427  23.668  -1.186  -6.267 0.0000000000
83440  26.747  -11.952  -7.453 0.0000000000
152371  24.155  -25.543  -5.570 0.0000000000
72690  24.227  -24.828  -5.882 0.0000000000
75357  26.471  -21.789  -7.137 0.0000000000
89250  24.263  -6.350  -7.559 0.0000000000
89237  25.632  -6.372  -6.704 0.0000000000
89238  24.959  -6.128  -7.024 0.0000000000
93410  28.410  -1.745  -4.507 0.0000000000
97660  21.392  3.661  -7.956 0.0000000000
96840  21.926  2.939  -7.665 0.0000000000
97659  22.254  3.624  -7.706 0.0000000000
98550  26.809  4.096  -5.716 0.0000000000
97649  27.609  3.623  -5.943 0.0000000000
79826  29.531  -16.685  -6.634 0.0000000000
78876  29.033  -17.366  -6.906 0.0000000000
75372  25.191  -21.324  -7.810 0.0000000000
91807  24.821  -4.043  -6.207 0.0000000000
91808  24.342  -3.283  -6.362 0.0000000000
93425  24.815  -1.753  -5.245 0.0000000000
93413  25.655  -1.577  -4.679 0.0000000000
93412  26.611  -1.386  -4.398 0.0000000000
94239  25.974  -0.752  -4.491 0.0000000000
98572  20.965  5.306  -8.389 0.0000000000
142588  25.856  -14.927  -9.241 0.0000000000
81657  26.203  -14.284  -8.942 0.0000000000
138198  27.351  -13.844  -7.474 0.0000000000
81646  28.248  -14.839  -6.883 0.0000000000
81637  29.014  -14.597  -6.433 0.0000000000
142368  25.078  -23.413  -6.753 0.0000000000
73595  25.553  -23.904  -6.172 0.0000000000
86413  28.232  -9.284  -6.113 0.0000000000
86399  28.884  -9.224  -5.712 0.0000000000
84408  25.356  -11.482  -8.466 0.0000000000
87382  24.706  -8.481  -7.809 0.0000000000
86427  25.917  -9.381  -7.472 0.0000000000
86426  26.333  -8.787  -6.990 0.0000000000
86415  26.971  -8.858  -6.688 0.0000000000
89235  27.140  -6.944  -6.242 0.0000000000
88292  27.318  -7.749  -6.381 0.0000000000
89228  28.218  -6.810  -5.502 0.0000000000
89227  28.792  -6.780  -5.151 0.0000000000
90170  28.331  -5.897  -5.095 0.0000000000
91798  25.611  -3.989  -5.554 0.0000000000
90173  25.964  -5.318  -5.984 0.0000000000
90980  26.346  -4.677  -5.477 0.0000000000
91795  28.232  -4.213  -4.604 0.0000000000
90155  29.047  -5.393  -4.607 0.0000000000
144188  21.469  1.013  -7.464 0.0000000000
96029  22.610  1.417  -7.162 0.0000000000
95159  22.197  0.656  -7.238 0.0000000000
99365  25.564  5.557  -6.369 0.0000000000
98559  24.435  4.381  -6.313 0.0000000000
96828  24.693  2.710  -5.652 0.0000000000
153222  24.889  2.012  -5.413 0.0000000000
96022  23.910  1.093  -6.202 0.0000000000
96021  24.643  1.309  -5.529 0.0000000000
95148  25.063  0.812  -5.131 0.0000000000
96020  25.437  1.571  -4.960 0.0000000000
96818  27.358  1.955  -4.869 0.0000000000
96013  26.999  1.420  -4.583 0.0000000000
96012  27.550  1.349  -4.815 0.0000000000
95139  27.370  0.753  -4.620 0.0000000000
77104  25.683  -19.893  -8.120 0.0000000000
136698  26.308  -15.929  -8.771 0.0000000000
138249  25.823  -17.111  -8.720 0.0000000000
79846  26.500  -16.647  -8.449 0.0000000000
77978  28.449  -18.021  -7.182 0.0000000000
77979  27.586  -18.353  -7.482 0.0000000000
152975  27.293  -19.206  -7.490 0.0000000000
84368  28.951  -11.056  -5.859 0.0000000000
84381  28.505  -11.684  -6.257 0.0000000000
83411  29.191  -12.023  -5.817 0.0000000000
92627  23.890  -2.567  -6.501 0.0000000000
93426  24.077  -1.858  -5.963 0.0000000000
138107  25.902  -12.901  -8.779 0.0000000000
82554  26.347  -13.505  -8.497 0.0000000000
83452  26.373  -12.646  -7.972 0.0000000000
82543  27.559  -13.071  -7.077 0.0000000000
134866  26.748  -22.972  -5.969 0.0000000000
74463  27.514  -22.565  -5.586 0.0000000000
87353  29.110  -8.468  -5.468 0.0000000000
86398  29.587  -9.168  -5.309 0.0000000000
88309  24.241  -7.734  -7.933 0.0000000000
88308  25.140  -7.709  -7.347 0.0000000000
88307  26.029  -8.023  -6.908 0.0000000000
88293  25.820  -7.168  -6.838 0.0000000000
89236  26.391  -6.664  -6.443 0.0000000000
89229  26.900  -6.183  -5.991 0.0000000000
92617  27.056  -3.203  -4.583 0.0000000000
91796  27.252  -4.213  -4.813 0.0000000000
96835  22.511  2.193  -7.375 0.0000000000
152350  23.169  2.422  -7.005 0.0000000000
99364  26.384  5.470  -6.556 0.0000000000
149227  25.965  5.025  -6.120 0.0000000000
98552  25.116  4.147  -5.779 0.0000000000
97642  26.275  3.668  -5.329 0.0000000000
96826  26.269  2.906  -4.918 0.0000000000
96820  26.014  2.142  -4.743 0.0000000000
137209  27.091  2.663  -5.003 0.0000000000
141040  27.541  3.010  -5.474 0.0000000000
79836  28.003  -16.431  -7.347 0.0000000000
78888  27.592  -17.092  -7.613 0.0000000000
78887  28.294  -17.188  -7.254 0.0000000000
72699  23.868  -24.081  -6.196 0.0000000000
73612  24.232  -23.477  -6.679 0.0000000000
74477  25.496  -22.633  -7.135 0.0000000000
150243  26.013  -22.242  -7.198 0.0000000000
75358  25.673  -21.896  -7.502 0.0000000000
75371  25.983  -21.180  -7.716 0.0000000000
90183  25.309  -5.569  -6.554 0.0000000000
90991  24.609  -4.814  -6.726 0.0000000000
92618  26.254  -2.897  -4.707 0.0000000000
92605  26.895  -2.293  -4.471 0.0000000000
93411  27.544  -1.586  -4.407 0.0000000000
141090  28.134  -0.914  -4.602 0.0000000000
136233  20.616  4.647  -7.857 0.0000000000
141573  21.732  5.368  -8.101 0.0000000000
80777  25.780  -15.647  -9.224 0.0000000000
80775  26.897  -15.786  -8.234 0.0000000000
81648  26.839  -14.251  -8.127 0.0000000000
80766  27.089  -15.051  -8.042 0.0000000000
80765  27.644  -15.556  -7.536 0.0000000000
80759  28.451  -15.768  -6.967 0.0000000000
80758  29.203  -15.910  -6.643 0.0000000000
85353  26.863  -10.428  -7.026 0.0000000000
84382  27.827  -11.476  -6.641 0.0000000000
85326  29.469  -10.487  -5.513 0.0000000000
152747  29.331  -9.766  -5.523 0.0000000000
86397  30.054  -9.943  -5.107 0.0000000000
85312  30.136  -10.827  -5.145 0.0000000000
83453  25.780  -12.174  -8.408 0.0000000000
84399  25.858  -11.508  -8.002 0.0000000000
84398  26.363  -11.151  -7.511 0.0000000000
134073  25.433  -10.007  -8.007 0.0000000000
85354  26.174  -10.188  -7.499 0.0000000000
86414  27.521  -9.230  -6.496 0.0000000000
87367  27.916  -8.739  -6.238 0.0000000000
87369  26.795  -8.237  -6.654 0.0000000000
141991  27.916  -8.099  -6.113 0.0000000000
154320  28.577  -7.635  -5.566 0.0000000000
89212  29.437  -6.982  -4.738 0.0000000000
90172  26.649  -5.482  -5.743 0.0000000000
90171  27.406  -5.676  -5.482 0.0000000000
90978  27.820  -5.015  -4.928 0.0000000000
145116  22.878  0.017  -7.009 0.0000000000
98570  22.593  4.984  -7.570 0.0000000000
99367  23.345  5.578  -7.083 0.0000000000
97651  22.798  4.152  -7.501 0.0000000000
153026  22.917  3.605  -7.396 0.0000000000
97650  23.584  3.726  -6.818 0.0000000000
96834  23.803  2.731  -6.497 0.0000000000
95150  23.593  0.239  -6.381 0.0000000000
94265  23.322  -0.546  -6.637 0.0000000000
94252  23.928  -0.425  -5.936 0.0000000000
143922  25.061  0.091  -5.007 0.0000000000
144184  25.621  -0.160  -4.644 0.0000000000
96014  26.253  1.463  -4.582 0.0000000000
143638  26.284  -0.000  -4.431 0.0000000000
141594  27.050  0.046  -4.396 0.0000000000
94236  27.897  -0.007  -4.771 0.0000000000
76237  26.785  -20.913  -7.338 0.0000000000
77993  25.886  -18.368  -8.409 0.0000000000
78889  27.129  -17.741  -7.755 0.0000000000
77980  26.603  -18.578  -7.925 0.0000000000
77103  26.413  -19.552  -7.863 0.0000000000
76245  27.049  -20.079  -7.466 0.0000000000
83425  28.072  -12.336  -6.628 0.0000000000
140363  28.421  -13.229  -6.509 0.0000000000
146535  29.638  -12.663  -5.609 0.0000000000
82533  29.117  -13.784  -6.211 0.0000000000
78900  26.977  -17.115  -7.994 0.0000000000
81658  25.499  -14.393  -9.515 0.0000000000
82534  28.547  -14.075  -6.592 0.0000000000
83424  28.665  -12.441  -6.241 0.0000000000
83454  25.149  -12.197  -8.909 0.0000000000
85342  27.548  -10.626  -6.644 0.0000000000
92606  26.167  -2.151  -4.600 0.0000000000
94238  26.661  -0.567  -4.352 0.0000000000
94251  24.544  -0.366  -5.393 0.0000000000
96825  27.768  2.381  -5.364 0.0000000000
134876  27.307  -9.925  -6.659 0.0000000000
140162  25.732  -3.310  -5.131 0.0000000000
141812  26.982  -12.632  -7.429 0.0000000000
151301  29.032  -7.284  -5.181 0.0000000000
