#!ascii label  , from subject sub-fsm23qf vox2ras=TkReg
851
45670  -37.342  -25.201  68.321 0.0000000000
43899  -20.155  -27.837  67.972 0.0000000000
43011  -29.179  -28.093  67.126 0.0000000000
59077  -42.615  -10.710  48.847 0.0000000000
110064  -47.261  -7.922  44.418 0.0000000000
42062  -14.198  -29.203  72.420 0.0000000000
57401  -40.114  -12.135  51.257 0.0000000000
49304  -38.279  -21.769  66.338 0.0000000000
43906  -33.791  -27.644  67.813 0.0000000000
42972  -16.945  -28.730  70.040 0.0000000000
106090  -18.023  -32.413  74.034 0.0000000000
46553  -34.289  -25.013  66.395 0.0000000000
48404  -34.301  -22.794  66.012 0.0000000000
44828  -24.306  -26.278  67.871 0.0000000000
45681  -30.803  -25.585  67.186 0.0000000000
51975  -36.297  -18.829  54.136 0.0000000000
53846  -39.930  -15.976  51.574 0.0000000000
55783  -43.807  -14.720  49.896 0.0000000000
37271  -10.070  -34.771  75.237 0.0000000000
36429  -6.485  -36.120  77.326 0.0000000000
49325  -32.286  -21.545  64.172 0.0000000000
50199  -32.223  -20.632  60.511 0.0000000000
50260  -33.551  -20.351  56.636 0.0000000000
109992  -13.948  -34.379  74.758 0.0000000000
42986  -20.476  -29.275  70.107 0.0000000000
43874  -22.277  -27.575  70.408 0.0000000000
44831  -35.628  -26.565  67.891 0.0000000000
45646  -18.674  -24.965  69.067 0.0000000000
42984  -18.017  -28.328  69.078 0.0000000000
41142  -18.841  -30.604  70.592 0.0000000000
45652  -33.319  -23.998  68.971 0.0000000000
45684  -33.144  -25.317  67.148 0.0000000000
53835  -35.838  -15.924  53.294 0.0000000000
52856  -38.024  -17.490  53.094 0.0000000000
54844  -37.507  -15.111  51.993 0.0000000000
55780  -40.779  -13.821  49.793 0.0000000000
56596  -42.490  -13.117  48.578 0.0000000000
56599  -45.507  -13.640  48.552 0.0000000000
57439  -44.528  -12.298  47.414 0.0000000000
58259  -45.627  -11.311  46.463 0.0000000000
106789  -32.641  -20.616  67.482 0.0000000000
103914  -33.503  -22.032  65.381 0.0000000000
50140  -31.355  -20.627  65.586 0.0000000000
51008  -29.532  -19.712  61.366 0.0000000000
51037  -30.032  -19.445  59.297 0.0000000000
50229  -33.032  -20.783  58.322 0.0000000000
51926  -31.102  -18.456  57.601 0.0000000000
51959  -32.764  -18.149  55.862 0.0000000000
43927  -26.708  -27.099  66.939 0.0000000000
40094  -11.664  -31.771  73.427 0.0000000000
39070  -14.081  -32.369  72.430 0.0000000000
33870  -7.400  -39.135  78.997 0.0000000000
33018  -5.982  -39.704  79.488 0.0000000000
56555  -38.212  -13.468  53.186 0.0000000000
50144  -37.436  -20.641  65.370 0.0000000000
43005  -31.272  -28.280  68.147 0.0000000000
42068  -15.326  -29.312  71.284 0.0000000000
40105  -15.380  -31.944  71.626 0.0000000000
40118  -17.924  -31.597  71.396 0.0000000000
109586  -48.658  -6.910  43.326 0.0000000000
44845  -35.971  -25.738  66.944 0.0000000000
46566  -36.248  -24.378  66.185 0.0000000000
47483  -34.884  -23.811  65.948 0.0000000000
100376  -20.419  -24.728  67.258 0.0000000000
44839  -22.395  -26.287  67.307 0.0000000000
47491  -22.009  -23.959  66.263 0.0000000000
46571  -25.002  -24.112  65.573 0.0000000000
45697  -27.325  -25.791  65.836 0.0000000000
46552  -28.481  -24.769  67.498 0.0000000000
43944  -29.905  -26.945  66.053 0.0000000000
44852  -32.142  -26.757  66.344 0.0000000000
43935  -34.310  -26.674  66.342 0.0000000000
51096  -37.831  -19.755  56.314 0.0000000000
55757  -39.131  -14.710  50.954 0.0000000000
54867  -41.516  -15.225  50.490 0.0000000000
59108  -47.531  -10.577  45.371 0.0000000000
35545  -8.614  -36.057  76.226 0.0000000000
34674  -9.251  -37.794  78.220 0.0000000000
48418  -36.271  -22.673  65.113 0.0000000000
49314  -35.498  -21.413  64.463 0.0000000000
50967  -34.575  -20.701  63.828 0.0000000000
50150  -29.892  -19.867  64.061 0.0000000000
50164  -31.550  -21.033  62.946 0.0000000000
104817  -34.390  -20.530  62.354 0.0000000000
50200  -35.256  -20.837  60.644 0.0000000000
94530  -35.788  -20.900  58.886 0.0000000000
50263  -36.501  -20.450  56.781 0.0000000000
51116  -34.809  -19.484  55.036 0.0000000000
106644  -34.220  -16.603  54.691 0.0000000000
95209  -24.128  -26.957  70.130 0.0000000000
39040  -9.767  -32.659  74.543 0.0000000000
37273  -12.166  -34.709  75.044 0.0000000000
38137  -15.955  -33.770  74.079 0.0000000000
97093  -4.177  -40.466  80.009 0.0000000000
43001  -20.037  -28.572  68.582 0.0000000000
42974  -21.163  -28.662  70.609 0.0000000000
43886  -20.929  -28.091  68.621 0.0000000000
44832  -36.230  -26.249  68.354 0.0000000000
105639  -19.112  -26.198  68.161 0.0000000000
44813  -18.179  -26.582  68.971 0.0000000000
108048  -19.424  -28.148  68.287 0.0000000000
102496  -19.864  -29.209  69.218 0.0000000000
54835  -36.151  -15.215  53.540 0.0000000000
54843  -36.338  -15.559  52.940 0.0000000000
55737  -37.163  -14.266  53.299 0.0000000000
58234  -42.047  -11.119  49.322 0.0000000000
58240  -41.692  -11.940  48.910 0.0000000000
57437  -42.958  -11.931  48.018 0.0000000000
57428  -44.010  -12.883  47.999 0.0000000000
58248  -43.426  -11.505  47.645 0.0000000000
58249  -44.172  -11.367  47.099 0.0000000000
50130  -32.205  -20.684  66.696 0.0000000000
52765  -30.069  -17.709  60.719 0.0000000000
51912  -30.603  -18.940  58.019 0.0000000000
52785  -31.112  -17.283  58.662 0.0000000000
52797  -31.980  -17.226  57.465 0.0000000000
43928  -27.570  -27.311  66.541 0.0000000000
43903  -27.259  -27.722  68.536 0.0000000000
42989  -28.527  -28.290  68.949 0.0000000000
40096  -12.904  -31.056  72.717 0.0000000000
41116  -13.542  -30.684  72.358 0.0000000000
60876  -47.461  -8.607  44.387 0.0000000000
33019  -6.855  -39.579  79.587 0.0000000000
98835  -38.615  -22.304  66.933 0.0000000000
43905  -32.860  -27.867  67.738 0.0000000000
43007  -32.891  -27.996  68.831 0.0000000000
100887  -16.610  -26.894  70.737 0.0000000000
43859  -16.018  -27.013  71.451 0.0000000000
43845  -15.583  -27.084  72.085 0.0000000000
42971  -16.311  -28.767  70.643 0.0000000000
98717  -16.432  -30.770  70.730 0.0000000000
41129  -16.875  -30.293  70.430 0.0000000000
42064  -19.940  -30.234  72.255 0.0000000000
112371  -19.213  -31.023  72.356 0.0000000000
45705  -34.947  -25.263  66.177 0.0000000000
46565  -35.487  -24.456  66.054 0.0000000000
46554  -34.645  -24.355  66.336 0.0000000000
47477  -20.793  -23.689  67.522 0.0000000000
46548  -21.024  -24.473  66.831 0.0000000000
47465  -21.799  -22.558  67.576 0.0000000000
47480  -24.963  -22.521  66.610 0.0000000000
47496  -26.265  -23.588  66.463 0.0000000000
46573  -26.047  -24.859  65.697 0.0000000000
46550  -27.018  -24.074  66.726 0.0000000000
110184  -30.530  -25.035  68.215 0.0000000000
95370  -29.894  -25.250  67.594 0.0000000000
112069  -29.401  -26.094  66.323 0.0000000000
45700  -30.655  -26.354  66.452 0.0000000000
98946  -31.151  -26.806  66.277 0.0000000000
45701  -31.529  -26.224  66.603 0.0000000000
45685  -33.804  -25.341  66.501 0.0000000000
45703  -33.497  -25.872  66.346 0.0000000000
45704  -34.206  -25.677  66.237 0.0000000000
44856  -35.297  -25.832  66.456 0.0000000000
51962  -37.174  -19.115  54.767 0.0000000000
51963  -37.934  -19.021  55.158 0.0000000000
51976  -37.899  -18.695  54.501 0.0000000000
52871  -39.101  -16.959  52.683 0.0000000000
52857  -39.405  -17.390  53.356 0.0000000000
56566  -39.020  -12.750  52.344 0.0000000000
56569  -38.347  -13.981  51.580 0.0000000000
57411  -39.480  -13.471  50.706 0.0000000000
55782  -42.350  -14.197  49.407 0.0000000000
55770  -41.116  -14.564  50.021 0.0000000000
98738  -42.875  -14.768  49.942 0.0000000000
54859  -43.097  -15.561  51.400 0.0000000000
59101  -47.020  -11.046  45.880 0.0000000000
59106  -45.872  -10.079  45.719 0.0000000000
59987  -46.462  -9.604  45.290 0.0000000000
38126  -8.861  -33.594  75.188 0.0000000000
37260  -8.090  -34.324  75.845 0.0000000000
110434  -8.897  -35.474  75.857 0.0000000000
106764  -9.935  -37.205  77.931 0.0000000000
34657  -8.986  -38.231  79.902 0.0000000000
48405  -34.898  -23.336  65.738 0.0000000000
47507  -36.541  -23.218  65.521 0.0000000000
48417  -35.316  -22.809  65.102 0.0000000000
49312  -32.673  -21.805  64.971 0.0000000000
49313  -34.308  -22.181  64.822 0.0000000000
103624  -33.767  -21.789  64.367 0.0000000000
50154  -35.127  -20.772  64.181 0.0000000000
50153  -33.830  -21.165  63.786 0.0000000000
51847  -29.786  -19.056  64.069 0.0000000000
97395  -30.855  -20.609  60.814 0.0000000000
102046  -30.222  -20.726  62.290 0.0000000000
95674  -31.834  -20.644  61.177 0.0000000000
95057  -32.921  -20.651  62.354 0.0000000000
50186  -33.237  -20.612  61.751 0.0000000000
50188  -34.929  -20.640  61.658 0.0000000000
95671  -33.503  -20.719  60.981 0.0000000000
50245  -33.245  -20.627  57.426 0.0000000000
94531  -34.535  -20.869  58.466 0.0000000000
95319  -34.571  -20.863  57.897 0.0000000000
95318  -35.867  -20.841  58.029 0.0000000000
50261  -34.491  -20.476  56.580 0.0000000000
51094  -35.909  -20.111  55.950 0.0000000000
51092  -33.901  -20.008  55.918 0.0000000000
53776  -33.399  -16.342  56.555 0.0000000000
53806  -33.795  -17.105  54.941 0.0000000000
103409  -34.024  -16.315  55.333 0.0000000000
44840  -23.091  -26.156  67.534 0.0000000000
44826  -22.967  -26.563  68.224 0.0000000000
94217  -24.091  -26.593  68.760 0.0000000000
38143  -12.756  -33.388  73.590 0.0000000000
37280  -12.267  -33.923  74.196 0.0000000000
37281  -13.058  -34.510  74.788 0.0000000000
39073  -16.934  -32.633  72.485 0.0000000000
39057  -15.555  -33.059  72.784 0.0000000000
39043  -17.376  -33.057  74.603 0.0000000000
42065  -20.437  -29.587  72.632 0.0000000000
42960  -21.311  -28.559  71.595 0.0000000000
43847  -21.852  -27.940  72.025 0.0000000000
98410  -22.923  -27.186  70.879 0.0000000000
102182  -34.563  -27.260  67.568 0.0000000000
43893  -34.514  -27.656  69.585 0.0000000000
109506  -17.719  -24.989  70.205 0.0000000000
44801  -17.700  -26.347  69.644 0.0000000000
42083  -17.565  -28.766  69.519 0.0000000000
42075  -17.580  -29.497  69.776 0.0000000000
42084  -18.259  -29.245  69.298 0.0000000000
42078  -20.124  -29.798  70.681 0.0000000000
45668  -33.773  -24.258  67.987 0.0000000000
46543  -34.072  -23.824  67.576 0.0000000000
45665  -31.132  -25.141  68.157 0.0000000000
45682  -31.712  -25.540  67.332 0.0000000000
45667  -33.274  -24.715  68.222 0.0000000000
52853  -35.501  -17.358  53.500 0.0000000000
52855  -37.114  -17.513  53.099 0.0000000000
52868  -36.708  -16.839  52.820 0.0000000000
99398  -37.883  -16.365  52.210 0.0000000000
53844  -38.280  -15.827  51.741 0.0000000000
57412  -39.967  -12.873  50.411 0.0000000000
57419  -41.118  -12.481  49.392 0.0000000000
56587  -41.962  -13.533  49.044 0.0000000000
110380  -42.665  -13.713  48.961 0.0000000000
56590  -45.082  -14.127  49.178 0.0000000000
56598  -44.510  -13.615  48.504 0.0000000000
57429  -45.003  -13.015  47.962 0.0000000000
57441  -46.483  -12.596  47.464 0.0000000000
58250  -45.113  -11.775  46.950 0.0000000000
59098  -44.630  -10.737  46.708 0.0000000000
36447  -11.119  -35.559  76.152 0.0000000000
36439  -10.508  -35.964  76.534 0.0000000000
36432  -11.707  -36.090  77.966 0.0000000000
49292  -33.416  -21.759  67.282 0.0000000000
48403  -34.035  -22.339  65.725 0.0000000000
49301  -33.446  -21.921  66.379 0.0000000000
50141  -32.046  -21.210  65.752 0.0000000000
49311  -31.733  -21.325  64.934 0.0000000000
51879  -29.584  -18.453  62.427 0.0000000000
51888  -29.761  -18.157  61.465 0.0000000000
51896  -29.675  -19.139  60.029 0.0000000000
50210  -30.324  -20.162  59.664 0.0000000000
50212  -32.087  -20.675  59.724 0.0000000000
50227  -30.907  -20.148  58.490 0.0000000000
50243  -31.370  -20.052  57.799 0.0000000000
51091  -32.312  -19.357  56.443 0.0000000000
51114  -32.830  -18.958  55.857 0.0000000000
52816  -32.164  -17.802  56.621 0.0000000000
44841  -25.280  -26.346  67.003 0.0000000000
99306  -25.072  -26.492  67.891 0.0000000000
43914  -26.561  -27.302  68.023 0.0000000000
107042  -13.140  -32.947  73.200 0.0000000000
38144  -13.601  -33.498  73.503 0.0000000000
111262  -6.970  -37.563  77.406 0.0000000000
35532  -6.068  -36.773  77.990 0.0000000000
33876  -6.063  -38.369  78.441 0.0000000000
33868  -5.423  -38.951  79.095 0.0000000000
33016  -4.498  -39.023  79.532 0.0000000000
101151  -37.303  -19.960  65.149 0.0000000000
43012  -30.009  -28.139  67.105 0.0000000000
43004  -29.858  -28.485  68.715 0.0000000000
42942  -14.813  -27.907  72.730 0.0000000000
42063  -14.717  -28.757  72.082 0.0000000000
41117  -14.143  -30.299  71.928 0.0000000000
41128  -15.537  -30.352  71.020 0.0000000000
40106  -16.397  -32.132  71.653 0.0000000000
100691  -17.842  -32.349  72.962 0.0000000000
41131  -18.374  -31.063  70.972 0.0000000000
40108  -18.347  -31.825  72.378 0.0000000000
40086  -18.647  -31.847  74.568 0.0000000000
61703  -48.080  -7.052  43.728 0.0000000000
45686  -36.584  -25.615  67.757 0.0000000000
45687  -37.106  -24.856  67.390 0.0000000000
46555  -36.537  -24.790  66.701 0.0000000000
47497  -35.874  -23.799  65.638 0.0000000000
97866  -34.157  -22.937  66.772 0.0000000000
47470  -34.153  -23.458  67.176 0.0000000000
48389  -33.833  -22.607  67.715 0.0000000000
49293  -33.745  -22.335  67.363 0.0000000000
50122  -33.396  -21.453  68.217 0.0000000000
44836  -20.043  -26.600  67.435 0.0000000000
43913  -21.247  -26.974  67.577 0.0000000000
45676  -20.997  -25.949  66.824 0.0000000000
45693  -22.355  -25.283  66.426 0.0000000000
45694  -23.190  -25.314  66.362 0.0000000000
47479  -22.982  -22.626  66.505 0.0000000000
47493  -23.558  -23.381  65.866 0.0000000000
45695  -24.122  -25.186  66.049 0.0000000000
44850  -25.979  -25.924  65.985 0.0000000000
107226  -26.928  -26.609  66.142 0.0000000000
43929  -28.364  -27.403  66.278 0.0000000000
46551  -27.736  -24.504  67.014 0.0000000000
45698  -28.177  -25.240  66.549 0.0000000000
44862  -28.601  -26.668  65.867 0.0000000000
43022  -29.556  -27.740  66.546 0.0000000000
43023  -30.355  -27.644  66.514 0.0000000000
43014  -31.687  -27.531  66.678 0.0000000000
43918  -33.307  -27.418  66.844 0.0000000000
45702  -32.540  -25.974  66.631 0.0000000000
43934  -33.621  -26.886  66.292 0.0000000000
43919  -34.081  -27.216  66.836 0.0000000000
43920  -35.099  -26.811  67.312 0.0000000000
111833  -36.018  -26.126  67.559 0.0000000000
46529  -19.325  -24.495  68.612 0.0000000000
95258  -38.715  -17.786  53.629 0.0000000000
56564  -37.890  -14.009  52.208 0.0000000000
55756  -38.481  -14.637  51.349 0.0000000000
54856  -39.454  -15.391  51.084 0.0000000000
55769  -40.333  -14.346  50.244 0.0000000000
54866  -40.681  -15.052  50.483 0.0000000000
54845  -40.917  -15.958  51.632 0.0000000000
54847  -42.498  -15.870  51.981 0.0000000000
59989  -48.042  -10.071  44.888 0.0000000000
59995  -46.970  -9.128  44.812 0.0000000000
60871  -46.838  -8.327  44.834 0.0000000000
37252  -7.511  -33.844  76.651 0.0000000000
36430  -6.977  -35.519  76.793 0.0000000000
35546  -9.232  -36.656  76.671 0.0000000000
35539  -9.180  -37.314  77.287 0.0000000000
34678  -7.429  -37.318  77.148 0.0000000000
34666  -8.784  -38.305  78.896 0.0000000000
46567  -37.042  -24.277  66.649 0.0000000000
47508  -37.223  -23.178  65.858 0.0000000000
48419  -37.102  -22.458  65.408 0.0000000000
48416  -34.644  -22.552  65.161 0.0000000000
101623  -35.902  -22.111  64.690 0.0000000000
49316  -37.025  -21.470  65.176 0.0000000000
112065  -36.876  -20.853  65.040 0.0000000000
50956  -35.860  -20.339  64.197 0.0000000000
50978  -35.654  -20.215  63.851 0.0000000000
50139  -30.672  -20.085  65.165 0.0000000000
49324  -31.440  -21.258  64.177 0.0000000000
50170  -29.644  -20.273  62.665 0.0000000000
50163  -30.607  -20.919  63.116 0.0000000000
49335  -32.006  -21.288  63.501 0.0000000000
50173  -33.442  -20.674  62.971 0.0000000000
50174  -34.357  -20.489  63.053 0.0000000000
94532  -33.747  -20.811  60.075 0.0000000000
95670  -35.552  -20.896  59.746 0.0000000000
50264  -37.307  -20.165  56.701 0.0000000000
105293  -36.209  -19.751  55.278 0.0000000000
51133  -35.606  -19.314  54.678 0.0000000000
51960  -33.358  -18.481  55.358 0.0000000000
51973  -34.481  -18.243  54.330 0.0000000000
52841  -34.983  -17.763  53.823 0.0000000000
53815  -34.683  -16.470  54.227 0.0000000000
54825  -35.578  -15.514  54.014 0.0000000000
43901  -22.367  -27.022  68.618 0.0000000000
44802  -23.026  -27.114  70.128 0.0000000000
44805  -24.801  -27.057  70.271 0.0000000000
38132  -9.549  -33.552  74.785 0.0000000000
39041  -10.568  -32.542  74.040 0.0000000000
38133  -10.406  -33.575  74.392 0.0000000000
37272  -11.333  -34.716  75.077 0.0000000000
37262  -12.501  -35.152  75.939 0.0000000000
39071  -14.980  -32.510  72.194 0.0000000000
38146  -15.296  -33.514  73.358 0.0000000000
97397  -15.507  -34.047  74.647 0.0000000000
32160  -5.697  -40.639  81.769 0.0000000000
103707  -4.702  -40.247  80.076 0.0000000000
33857  -3.931  -38.848  79.615 0.0000000000
46544  -37.758  -24.615  68.033 0.0000000000
44824  -19.457  -26.744  67.823 0.0000000000
43898  -19.363  -27.449  68.025 0.0000000000
55729  -36.685  -14.606  53.856 0.0000000000
110916  -37.329  -14.200  54.133 0.0000000000
58241  -42.367  -11.546  48.493 0.0000000000
58242  -42.921  -11.160  48.078 0.0000000000
59092  -43.436  -10.633  47.664 0.0000000000
43916  -28.309  -27.815  67.104 0.0000000000
43904  -28.020  -27.956  68.158 0.0000000000
43002  -28.791  -28.190  67.946 0.0000000000
41105  -13.601  -29.605  72.723 0.0000000000
60877  -48.184  -8.805  44.107 0.0000000000
60883  -47.912  -7.944  43.915 0.0000000000
49303  -37.715  -21.653  65.714 0.0000000000
110958  -33.322  -27.847  68.361 0.0000000000
42958  -16.442  -27.820  70.670 0.0000000000
41139  -16.902  -29.579  70.252 0.0000000000
47464  -21.182  -22.604  68.148 0.0000000000
47481  -25.831  -22.801  67.031 0.0000000000
46563  -26.525  -24.464  65.985 0.0000000000
45699  -29.977  -25.887  66.729 0.0000000000
98767  -37.177  -18.659  54.071 0.0000000000
53838  -39.509  -16.509  52.120 0.0000000000
53826  -39.904  -16.903  52.874 0.0000000000
53839  -40.384  -16.471  52.262 0.0000000000
57389  -39.539  -12.507  51.860 0.0000000000
56570  -38.931  -13.217  51.434 0.0000000000
57400  -39.516  -12.785  51.030 0.0000000000
56588  -43.197  -14.208  49.301 0.0000000000
55758  -43.464  -15.148  50.667 0.0000000000
37270  -9.322  -34.356  75.172 0.0000000000
37269  -8.690  -34.203  75.425 0.0000000000
36445  -9.444  -35.143  75.583 0.0000000000
47506  -35.848  -23.231  65.295 0.0000000000
49326  -33.080  -21.631  64.096 0.0000000000
50185  -32.563  -20.632  61.727 0.0000000000
94676  -32.727  -20.619  61.093 0.0000000000
94675  -32.891  -20.693  60.300 0.0000000000
50259  -32.649  -20.130  56.800 0.0000000000
50246  -34.139  -20.725  57.307 0.0000000000
50247  -35.090  -20.793  57.416 0.0000000000
45678  -23.601  -25.906  67.107 0.0000000000
44827  -23.656  -26.345  68.075 0.0000000000
38135  -13.298  -33.949  74.130 0.0000000000
37274  -13.691  -34.788  75.483 0.0000000000
37275  -14.580  -34.638  75.485 0.0000000000
39059  -17.260  -32.857  73.484 0.0000000000
36423  -6.460  -35.047  77.594 0.0000000000
36422  -6.073  -35.653  78.182 0.0000000000
47500  -38.294  -23.199  67.038 0.0000000000
42973  -20.765  -29.215  71.136 0.0000000000
42959  -20.848  -29.063  72.112 0.0000000000
43873  -21.548  -28.152  70.219 0.0000000000
43860  -21.784  -28.043  71.080 0.0000000000
43861  -22.485  -27.460  71.515 0.0000000000
43907  -35.113  -27.053  68.244 0.0000000000
43894  -35.138  -27.288  69.191 0.0000000000
45633  -18.266  -24.531  69.810 0.0000000000
43000  -18.575  -27.675  68.539 0.0000000000
43885  -17.778  -27.233  69.341 0.0000000000
42086  -19.786  -29.678  69.836 0.0000000000
42071  -20.359  -29.754  71.680 0.0000000000
46533  -33.720  -23.512  68.727 0.0000000000
94679  -31.827  -25.063  68.453 0.0000000000
53824  -35.749  -16.706  53.292 0.0000000000
111167  -36.230  -16.784  53.008 0.0000000000
94775  -36.954  -15.477  52.474 0.0000000000
98617  -37.125  -16.252  52.445 0.0000000000
53836  -37.607  -15.680  52.066 0.0000000000
57413  -40.547  -12.216  50.178 0.0000000000
57426  -42.354  -12.340  48.439 0.0000000000
56595  -41.752  -12.777  48.868 0.0000000000
56597  -43.411  -13.521  48.586 0.0000000000
57440  -45.521  -12.500  47.402 0.0000000000
58251  -46.035  -11.985  46.908 0.0000000000
59093  -44.059  -10.300  47.100 0.0000000000
50131  -32.958  -21.266  66.983 0.0000000000
108826  -31.791  -20.682  66.087 0.0000000000
51903  -29.976  -18.517  59.500 0.0000000000
51897  -29.819  -18.364  60.276 0.0000000000
51025  -29.909  -19.786  59.981 0.0000000000
50226  -30.428  -20.065  59.005 0.0000000000
51053  -30.424  -19.519  58.529 0.0000000000
51071  -31.113  -19.255  57.497 0.0000000000
51072  -31.811  -19.722  57.092 0.0000000000
107681  -31.688  -18.752  56.913 0.0000000000
108745  -32.301  -18.620  56.311 0.0000000000
51927  -31.591  -17.961  57.269 0.0000000000
52798  -32.683  -16.781  56.976 0.0000000000
94305  -26.048  -26.500  66.553 0.0000000000
44842  -25.891  -26.796  67.475 0.0000000000
43891  -27.811  -28.013  68.960 0.0000000000
43890  -27.258  -27.864  69.457 0.0000000000
39055  -13.138  -32.194  72.770 0.0000000000
102420  -13.839  -32.975  72.962 0.0000000000
33877  -6.932  -38.607  78.234 0.0000000000
105928  -6.523  -37.758  77.797 0.0000000000
33869  -6.439  -39.132  78.863 0.0000000000
33017  -5.062  -39.714  79.674 0.0000000000
50133  -38.246  -20.800  66.159 0.0000000000
50132  -38.075  -20.187  65.805 0.0000000000
43013  -30.981  -28.042  67.077 0.0000000000
102767  -30.398  -28.372  67.953 0.0000000000
42956  -15.249  -28.311  71.804 0.0000000000
42943  -15.241  -27.488  72.378 0.0000000000
41118  -14.746  -29.820  71.554 0.0000000000
40117  -16.889  -31.589  71.114 0.0000000000
40107  -17.426  -32.126  71.944 0.0000000000
42076  -18.362  -30.064  69.854 0.0000000000
41141  -18.102  -30.634  70.377 0.0000000000
41132  -19.047  -30.855  71.324 0.0000000000
96514  -19.267  -31.046  73.539 0.0000000000
41106  -19.030  -31.327  72.734 0.0000000000
40097  -18.665  -31.790  73.484 0.0000000000
105520  -36.431  -25.249  66.995 0.0000000000
45706  -35.830  -25.104  66.438 0.0000000000
48390  -34.135  -23.068  67.060 0.0000000000
47469  -33.858  -23.099  68.469 0.0000000000
99502  -33.828  -22.729  68.276 0.0000000000
49285  -33.638  -21.841  68.638 0.0000000000
45675  -20.325  -25.759  67.192 0.0000000000
46549  -21.449  -23.843  66.750 0.0000000000
46558  -21.683  -24.749  66.434 0.0000000000
46559  -22.524  -24.619  66.123 0.0000000000
47494  -24.505  -23.253  65.890 0.0000000000
46561  -24.168  -24.305  65.668 0.0000000000
45712  -24.864  -24.924  65.674 0.0000000000
45696  -25.105  -25.522  66.059 0.0000000000
45713  -25.565  -25.285  65.787 0.0000000000
46574  -26.640  -25.264  65.793 0.0000000000
95813  -26.725  -25.936  65.819 0.0000000000
44861  -27.489  -26.425  65.880 0.0000000000
43941  -27.814  -26.983  65.947 0.0000000000
96740  -28.070  -26.746  65.821 0.0000000000
45680  -29.207  -24.831  68.001 0.0000000000
45663  -29.410  -24.206  68.763 0.0000000000
46541  -28.736  -24.276  68.389 0.0000000000
46540  -27.985  -24.184  68.003 0.0000000000
44863  -29.285  -26.590  66.030 0.0000000000
43943  -29.191  -27.006  65.959 0.0000000000
43931  -29.804  -27.259  66.188 0.0000000000
97423  -30.622  -27.137  66.207 0.0000000000
43932  -31.473  -27.132  66.310 0.0000000000
107224  -32.137  -27.172  66.427 0.0000000000
43917  -32.479  -27.511  66.799 0.0000000000
43933  -32.835  -27.043  66.353 0.0000000000
45683  -32.388  -25.398  67.569 0.0000000000
44854  -33.905  -26.294  66.165 0.0000000000
44853  -33.144  -26.512  66.302 0.0000000000
108497  -34.635  -26.949  66.828 0.0000000000
44844  -35.523  -26.290  67.040 0.0000000000
46539  -20.021  -24.086  68.111 0.0000000000
46530  -19.622  -23.503  68.950 0.0000000000
45662  -19.754  -25.086  67.805 0.0000000000
45674  -19.592  -25.997  67.701 0.0000000000
99844  -38.565  -18.692  55.082 0.0000000000
51944  -39.085  -18.673  55.585 0.0000000000
52842  -37.763  -18.106  53.749 0.0000000000
56554  -37.667  -13.915  52.885 0.0000000000
112976  -38.026  -13.663  52.638 0.0000000000
55767  -38.918  -14.044  50.971 0.0000000000
54855  -38.687  -15.274  51.313 0.0000000000
56585  -40.555  -13.057  49.778 0.0000000000
56578  -40.121  -13.634  50.232 0.0000000000
102729  -41.048  -15.574  50.910 0.0000000000
54858  -41.816  -15.739  51.243 0.0000000000
58260  -46.516  -11.522  46.369 0.0000000000
59102  -47.966  -11.163  45.998 0.0000000000
59988  -47.180  -9.863  44.990 0.0000000000
36437  -8.240  -35.301  75.964 0.0000000000
37259  -7.479  -34.928  76.279 0.0000000000
35544  -7.740  -35.922  76.341 0.0000000000
110758  -10.707  -36.337  77.189 0.0000000000
35547  -10.048  -36.444  76.884 0.0000000000
35540  -10.408  -36.740  77.584 0.0000000000
34679  -8.346  -37.697  77.427 0.0000000000
34673  -8.408  -38.190  78.092 0.0000000000
34644  -9.077  -38.078  80.875 0.0000000000
47498  -36.760  -23.769  66.019 0.0000000000
49327  -34.678  -21.575  64.384 0.0000000000
48427  -35.100  -22.169  64.645 0.0000000000
105856  -36.550  -21.996  65.013 0.0000000000
49315  -36.349  -21.187  64.780 0.0000000000
112541  -35.204  -20.430  63.962 0.0000000000
50966  -30.178  -19.526  64.701 0.0000000000
50151  -30.327  -20.353  64.403 0.0000000000
50152  -30.978  -20.818  64.747 0.0000000000
49323  -30.678  -20.913  63.978 0.0000000000
51878  -29.429  -19.063  61.796 0.0000000000
50993  -29.434  -19.354  62.622 0.0000000000
104558  -29.460  -19.782  62.055 0.0000000000
50171  -31.022  -20.924  62.445 0.0000000000
112209  -30.017  -20.703  62.911 0.0000000000
49334  -31.240  -21.117  63.563 0.0000000000
49336  -33.038  -21.172  63.476 0.0000000000
94225  -32.508  -20.896  62.883 0.0000000000
95074  -33.707  -20.597  62.431 0.0000000000
110415  -35.126  -20.322  63.369 0.0000000000
50228  -31.908  -20.578  58.619 0.0000000000
96387  -32.949  -20.786  59.343 0.0000000000
50214  -34.967  -20.885  59.061 0.0000000000
50248  -36.606  -20.733  57.701 0.0000000000
50233  -37.365  -20.713  58.213 0.0000000000
50249  -37.308  -20.482  57.380 0.0000000000
51117  -35.483  -19.811  55.303 0.0000000000
51132  -34.789  -18.942  54.523 0.0000000000
51115  -33.517  -19.296  55.531 0.0000000000
51972  -33.841  -17.945  54.807 0.0000000000
53814  -34.375  -17.314  54.298 0.0000000000
52852  -35.021  -16.993  53.724 0.0000000000
112406  -35.075  -15.827  54.385 0.0000000000
44838  -21.516  -26.393  67.167 0.0000000000
108776  -21.691  -27.186  68.136 0.0000000000
44825  -22.065  -26.769  67.819 0.0000000000
44815  -23.879  -26.807  69.403 0.0000000000
44814  -23.181  -26.894  69.244 0.0000000000
112303  -23.627  -26.970  69.936 0.0000000000
44803  -23.639  -27.045  70.750 0.0000000000
44830  -25.610  -26.943  68.681 0.0000000000
44817  -24.995  -26.911  69.443 0.0000000000
44806  -25.678  -27.223  69.898 0.0000000000
42990  -29.286  -28.503  69.333 0.0000000000
40083  -10.913  -31.472  74.002 0.0000000000
39053  -11.417  -32.493  73.617 0.0000000000
38134  -11.311  -33.345  73.988 0.0000000000
37279  -11.340  -34.163  74.510 0.0000000000
37278  -10.657  -34.427  74.866 0.0000000000
37261  -11.666  -35.143  75.681 0.0000000000
40104  -14.344  -31.544  71.936 0.0000000000
105697  -16.012  -33.396  73.383 0.0000000000
38136  -15.044  -33.891  74.017 0.0000000000
32171  -4.731  -40.826  80.607 0.0000000000
33004  -4.250  -39.688  79.808 0.0000000000
42987  -20.830  -28.621  69.480 0.0000000000
43887  -21.609  -27.870  69.474 0.0000000000
45660  -18.616  -25.914  68.731 0.0000000000
44823  -18.833  -26.780  68.313 0.0000000000
42985  -19.001  -28.825  68.715 0.0000000000
53825  -36.389  -16.233  52.841 0.0000000000
55736  -36.654  -14.887  52.991 0.0000000000
55746  -37.320  -14.593  52.433 0.0000000000
57427  -43.114  -12.659  48.159 0.0000000000
57438  -43.669  -12.120  47.658 0.0000000000
50120  -32.182  -19.863  67.572 0.0000000000
50949  -31.798  -19.832  66.906 0.0000000000
50129  -31.575  -20.133  66.306 0.0000000000
51904  -30.439  -17.831  59.046 0.0000000000
100328  -30.255  -18.729  58.715 0.0000000000
51913  -30.714  -18.127  58.270 0.0000000000
52796  -31.328  -17.626  57.902 0.0000000000
52786  -31.857  -16.869  58.285 0.0000000000
43915  -27.398  -27.578  67.514 0.0000000000
40103  -13.593  -31.610  72.387 0.0000000000
59996  -47.678  -9.361  44.517 0.0000000000
33858  -7.705  -39.274  79.973 0.0000000000
33007  -7.079  -39.728  80.495 0.0000000000
33006  -6.284  -40.001  80.211 0.0000000000
43015  -31.924  -27.968  67.411 0.0000000000
43006  -32.120  -28.129  68.463 0.0000000000
42994  -33.031  -28.001  69.825 0.0000000000
44787  -16.810  -25.975  70.862 0.0000000000
44774  -16.264  -26.279  71.543 0.0000000000
43846  -15.756  -26.503  72.196 0.0000000000
42957  -15.767  -27.858  71.424 0.0000000000
110514  -15.743  -28.787  71.120 0.0000000000
42069  -16.122  -29.720  70.687 0.0000000000
41130  -17.447  -30.955  70.664 0.0000000000
42070  -19.649  -30.372  71.237 0.0000000000
41119  -19.407  -30.775  71.982 0.0000000000
41107  -19.534  -30.722  72.802 0.0000000000
101314  -21.430  -23.149  67.332 0.0000000000
47478  -22.061  -23.069  66.753 0.0000000000
48387  -24.501  -21.949  67.313 0.0000000000
47495  -25.422  -23.313  66.128 0.0000000000
46562  -25.814  -24.131  65.783 0.0000000000
46572  -25.499  -24.755  65.640 0.0000000000
46564  -27.334  -24.972  66.122 0.0000000000
45664  -29.889  -24.701  68.501 0.0000000000
94593  -29.097  -25.440  66.920 0.0000000000
44851  -29.947  -26.523  66.250 0.0000000000
111038  -30.457  -26.830  66.195 0.0000000000
44855  -34.596  -26.057  66.228 0.0000000000
44843  -34.924  -26.464  66.571 0.0000000000
51119  -37.545  -19.457  55.535 0.0000000000
52870  -38.317  -16.944  52.620 0.0000000000
100170  -38.731  -17.348  53.071 0.0000000000
56565  -38.398  -13.339  52.344 0.0000000000
55768  -39.599  -14.161  50.577 0.0000000000
55781  -41.546  -14.043  49.535 0.0000000000
55771  -41.970  -14.737  49.951 0.0000000000
54868  -42.466  -15.314  50.675 0.0000000000
111013  -42.483  -15.663  51.303 0.0000000000
59100  -46.118  -10.828  45.957 0.0000000000
59107  -46.631  -10.345  45.445 0.0000000000
60869  -45.820  -9.234  45.739 0.0000000000
36444  -8.767  -34.844  75.574 0.0000000000
34667  -9.562  -37.823  79.335 0.0000000000
104648  -34.373  -21.121  64.056 0.0000000000
50196  -29.817  -20.171  61.112 0.0000000000
50182  -29.741  -20.281  61.802 0.0000000000
50183  -30.229  -20.517  61.363 0.0000000000
50184  -30.965  -20.776  61.701 0.0000000000
50172  -31.930  -20.777  62.175 0.0000000000
50187  -34.014  -20.637  61.699 0.0000000000
97732  -34.365  -20.815  60.840 0.0000000000
50244  -32.282  -20.417  57.618 0.0000000000
50230  -33.918  -20.854  58.057 0.0000000000
50231  -35.148  -20.885  58.291 0.0000000000
108172  -35.915  -20.718  57.295 0.0000000000
50262  -35.468  -20.512  56.611 0.0000000000
51093  -34.877  -20.064  55.783 0.0000000000
101445  -34.191  -19.588  55.375 0.0000000000
52817  -32.908  -17.257  56.098 0.0000000000
52832  -33.325  -17.646  55.397 0.0000000000
53796  -33.514  -16.782  55.686 0.0000000000
103722  -23.616  -26.669  68.753 0.0000000000
38142  -11.999  -33.164  73.673 0.0000000000
107509  -12.954  -34.880  75.475 0.0000000000
39072  -15.939  -32.654  72.189 0.0000000000
39058  -16.422  -33.042  73.010 0.0000000000
39042  -16.666  -33.329  73.852 0.0000000000
99252  -16.656  -33.568  74.600 0.0000000000
48406  -37.891  -22.636  66.194 0.0000000000
42944  -20.857  -28.917  73.031 0.0000000000
42945  -21.347  -28.439  72.527 0.0000000000
99485  -34.491  -27.503  68.581 0.0000000000
45632  -17.416  -25.731  70.231 0.0000000000
45645  -18.044  -25.565  69.541 0.0000000000
44800  -17.203  -26.641  70.105 0.0000000000
43872  -17.170  -27.787  69.851 0.0000000000
42085  -19.071  -29.619  69.376 0.0000000000
42077  -19.344  -30.137  70.176 0.0000000000
105651  -34.102  -24.408  66.959 0.0000000000
111807  -30.839  -24.881  68.614 0.0000000000
45666  -32.659  -25.027  68.384 0.0000000000
46542  -33.719  -24.800  67.125 0.0000000000
51981  -35.779  -18.041  53.627 0.0000000000
51982  -36.704  -18.136  53.569 0.0000000000
52854  -36.199  -17.352  53.193 0.0000000000
52869  -37.498  -16.910  52.665 0.0000000000
53837  -38.674  -16.462  52.100 0.0000000000
53845  -39.056  -15.960  51.547 0.0000000000
56586  -41.258  -13.301  49.344 0.0000000000
55784  -44.726  -14.601  49.873 0.0000000000
56589  -44.121  -14.177  49.189 0.0000000000
58258  -44.937  -11.155  46.657 0.0000000000
59099  -45.278  -10.567  46.274 0.0000000000
100016  -10.850  -35.019  75.452 0.0000000000
36446  -10.233  -35.424  75.787 0.0000000000
49302  -33.810  -22.286  66.586 0.0000000000
49300  -32.786  -21.564  66.070 0.0000000000
109168  -29.782  -18.289  60.830 0.0000000000
51887  -29.565  -18.936  60.881 0.0000000000
51024  -29.687  -19.721  60.609 0.0000000000
50197  -30.167  -20.265  60.494 0.0000000000
105061  -30.742  -20.486  60.088 0.0000000000
50198  -31.470  -20.617  60.263 0.0000000000
50211  -31.069  -20.484  59.365 0.0000000000
51054  -30.796  -19.602  58.002 0.0000000000
98145  -33.067  -19.739  56.110 0.0000000000
113122  -24.745  -26.233  67.390 0.0000000000
43902  -26.482  -27.478  69.120 0.0000000000
41103  -12.353  -30.412  73.420 0.0000000000
40095  -12.276  -31.477  73.090 0.0000000000
39054  -12.326  -32.531  73.266 0.0000000000
108987  -14.190  -33.925  74.078 0.0000000000
40085  -18.150  -32.445  75.068 0.0000000000
34677  -6.698  -37.046  77.290 0.0000000000
34671  -5.849  -37.590  78.320 0.0000000000
34665  -5.271  -37.936  78.853 0.0000000000
34656  -4.751  -37.215  79.603 0.0000000000
34664  -4.598  -38.177  79.414 0.0000000000
56545  -38.585  -13.470  54.089 0.0000000000
57379  -39.671  -12.485  52.879 0.0000000000
57390  -40.232  -12.127  52.485 0.0000000000
51831  -37.353  -19.700  64.798 0.0000000000
43003  -29.565  -28.337  67.886 0.0000000000
95411  -30.656  -28.460  68.909 0.0000000000
43892  -33.718  -27.842  69.037 0.0000000000
42055  -14.326  -28.313  73.066 0.0000000000
40115  -14.939  -30.935  71.390 0.0000000000
40116  -15.881  -31.357  71.119 0.0000000000
41140  -17.554  -30.215  70.186 0.0000000000
40119  -18.809  -31.261  71.867 0.0000000000
61702  -47.465  -7.182  44.379 0.0000000000
48373  -33.765  -22.510  68.246 0.0000000000
50121  -33.071  -21.002  67.832 0.0000000000
50113  -33.164  -20.623  68.639 0.0000000000
43911  -19.878  -27.207  67.669 0.0000000000
43912  -20.485  -27.148  67.579 0.0000000000
44837  -20.736  -26.505  67.206 0.0000000000
45692  -20.994  -25.259  66.746 0.0000000000
45677  -21.762  -25.691  66.712 0.0000000000
97642  -22.707  -25.771  66.863 0.0000000000
112964  -23.847  -25.546  66.522 0.0000000000
48369  -21.960  -21.900  68.200 0.0000000000
48385  -22.503  -22.176  67.399 0.0000000000
48402  -23.979  -22.444  66.449 0.0000000000
47492  -22.685  -23.633  66.050 0.0000000000
46560  -23.334  -24.496  65.890 0.0000000000
45679  -24.521  -25.866  66.737 0.0000000000
104471  -25.420  -26.016  66.410 0.0000000000
45714  -26.105  -25.408  65.772 0.0000000000
47482  -27.389  -23.912  67.570 0.0000000000
107442  -27.884  -25.663  66.019 0.0000000000
45715  -28.649  -25.980  66.080 0.0000000000
94866  -27.995  -26.253  65.831 0.0000000000
43942  -28.501  -27.057  65.909 0.0000000000
43930  -29.057  -27.355  66.182 0.0000000000
43021  -28.902  -27.722  66.580 0.0000000000
109084  -31.038  -27.478  66.480 0.0000000000
46520  -18.904  -23.975  69.362 0.0000000000
45661  -19.161  -25.449  68.338 0.0000000000
51120  -38.459  -19.152  55.830 0.0000000000
51977  -38.666  -18.280  54.357 0.0000000000
55755  -37.886  -14.605  51.784 0.0000000000
54854  -38.018  -15.172  51.644 0.0000000000
54865  -39.871  -14.863  50.642 0.0000000000
54857  -40.298  -15.522  50.976 0.0000000000
54846  -41.703  -16.005  52.027 0.0000000000
61697  -46.414  -7.878  45.602 0.0000000000
37251  -6.950  -34.441  77.079 0.0000000000
35537  -7.204  -36.520  76.817 0.0000000000
36438  -9.545  -35.905  76.166 0.0000000000
110767  -9.789  -36.915  77.255 0.0000000000
35538  -8.231  -36.859  76.741 0.0000000000
34672  -7.492  -38.055  77.695 0.0000000000
33878  -7.929  -38.638  78.471 0.0000000000
33871  -8.269  -38.785  79.428 0.0000000000
47499  -37.561  -23.556  66.485 0.0000000000
50143  -36.727  -20.409  64.883 0.0000000000
50142  -36.001  -20.607  64.490 0.0000000000
50957  -36.614  -20.110  64.623 0.0000000000
50955  -31.041  -19.704  65.869 0.0000000000
50954  -30.534  -19.174  65.430 0.0000000000
50161  -29.587  -19.676  63.410 0.0000000000
50162  -29.990  -20.496  63.541 0.0000000000
50165  -34.039  -20.744  63.457 0.0000000000
50977  -34.847  -20.504  63.634 0.0000000000
50968  -36.471  -19.920  64.294 0.0000000000
111717  -35.507  -20.538  61.986 0.0000000000
94674  -34.669  -20.871  59.904 0.0000000000
50213  -33.995  -20.829  59.034 0.0000000000
51073  -37.960  -20.072  57.096 0.0000000000
51095  -36.894  -19.932  55.960 0.0000000000
106393  -36.859  -19.543  55.259 0.0000000000
51118  -36.433  -19.352  54.791 0.0000000000
51961  -34.062  -18.868  54.907 0.0000000000
51974  -35.257  -18.588  54.064 0.0000000000
53816  -35.255  -16.242  53.739 0.0000000000
54826  -36.178  -14.954  54.428 0.0000000000
43900  -21.048  -27.554  67.994 0.0000000000
101677  -21.682  -27.519  68.707 0.0000000000
43888  -22.398  -27.319  69.439 0.0000000000
44829  -24.683  -26.660  68.735 0.0000000000
44816  -24.384  -26.844  69.475 0.0000000000
109324  -25.380  -27.220  70.735 0.0000000000
44804  -24.352  -27.068  70.965 0.0000000000
97241  -29.195  -28.393  68.571 0.0000000000
39024  -9.091  -32.726  75.124 0.0000000000
106686  -9.989  -34.146  74.847 0.0000000000
109541  -11.990  -35.508  76.540 0.0000000000
39056  -14.692  -33.038  72.803 0.0000000000
38145  -14.440  -33.535  73.397 0.0000000000
38127  -14.818  -34.271  74.710 0.0000000000
39026  -16.904  -33.586  75.495 0.0000000000
38128  -15.514  -34.341  75.445 0.0000000000
32991  -6.422  -40.178  81.073 0.0000000000
32172  -5.629  -40.545  80.845 0.0000000000
32159  -4.980  -41.147  81.481 0.0000000000
33005  -5.450  -40.193  80.153 0.0000000000
104176  -4.111  -38.269  79.641 0.0000000000
32169  -3.784  -40.670  79.742 0.0000000000
33002  -3.430  -39.211  79.262 0.0000000000
33003  -3.790  -39.648  79.539 0.0000000000
38125  -8.391  -33.653  75.640 0.0000000000
98096  -25.803  -25.081  65.685 0.0000000000
105213  -19.688  -30.492  73.575 0.0000000000
