#!ascii label  , from subject sub-fsm23qf vox2ras=TkReg
1272
24870  38.436  -47.360  16.736 0.6000000238
25763  39.281  -46.409  15.651 0.5000000000
26567  37.832  -45.171  17.087 0.6999999881
27394  36.887  -45.109  17.200 0.6000000238
26550  36.570  -45.823  17.345 0.6000000238
27410  36.454  -44.501  16.748 0.6000000238
25744  38.417  -46.527  16.768 0.6999999881
105307  37.851  -46.041  17.194 0.6000000238
25726  37.167  -46.330  17.535 0.5000000000
25727  36.380  -46.547  17.579 0.5000000000
26551  35.866  -46.138  17.122 0.6000000238
27411  35.939  -44.693  16.296 0.6000000238
26587  38.862  -46.240  16.257 0.5000000000
25764  38.928  -46.919  16.152 0.5000000000
25745  37.800  -46.856  17.290 0.6000000238
26588  35.612  -45.276  16.026 0.6000000238
24901  39.831  -47.745  14.847 0.5000000000
24900  40.272  -47.247  14.222 0.5000000000
28331  36.585  -43.019  16.310 0.6000000238
29222  36.490  -42.298  15.856 0.6999999881
27408  38.219  -44.277  16.750 0.6000000238
96560  37.555  -43.755  16.840 0.6999999881
96509  36.794  -43.727  16.709 0.6000000238
27422  36.107  -43.878  16.149 0.6000000238
26565  38.587  -45.053  16.587 0.6000000238
27423  35.714  -44.564  15.582 0.6000000238
26586  39.129  -45.558  15.982 0.5000000000
25781  39.646  -46.614  15.089 0.5000000000
27436  35.718  -44.564  14.516 0.6000000238
25780  40.009  -46.482  14.560 0.5000000000
26618  35.676  -45.448  14.164 0.6000000238
28367  36.280  -44.306  12.754 0.6999999881
108623  35.844  -44.924  13.701 0.6000000238
27444  36.172  -44.911  13.024 0.6999999881
26617  35.966  -45.574  13.328 0.6000000238
26628  36.356  -45.633  12.495 0.6000000238
25804  36.661  -46.436  12.016 0.6000000238
25794  36.167  -46.336  12.868 0.6000000238
25832  38.759  -47.128  8.794 0.5000000000
26667  38.198  -46.342  8.100 0.6999999881
112025  38.506  -47.212  8.791 0.6000000238
25839  37.250  -46.554  8.442 0.8000000119
110906  37.034  -47.195  8.792 0.6999999881
30052  36.830  -41.562  16.058 0.6000000238
30064  36.456  -41.606  15.337 0.6999999881
104004  38.123  -42.762  16.682 0.6999999881
28330  37.379  -43.004  16.731 0.6999999881
29221  37.021  -42.262  16.428 0.6000000238
28342  36.158  -43.065  15.603 0.6999999881
29234  36.187  -42.364  15.053 0.6999999881
28328  38.849  -43.702  16.326 0.6000000238
100734  38.755  -42.942  16.392 0.6000000238
29247  36.135  -42.521  14.154 0.8000000119
27435  39.665  -44.042  15.305 0.5000000000
112605  39.278  -43.865  15.919 0.5000000000
108664  36.270  -42.056  13.614 0.8000000119
28352  35.853  -43.780  14.367 0.6000000238
111628  39.883  -45.308  14.804 0.5000000000
103531  39.607  -45.005  15.307 0.5000000000
29259  36.260  -42.684  13.301 0.8000000119
28359  36.051  -43.285  13.832 0.6000000238
25793  40.466  -46.419  13.921 0.5000000000
104010  36.292  -43.503  12.865 0.8000000119
28373  36.523  -43.245  11.965 0.8000000119
27445  35.995  -44.175  13.572 0.6999999881
28372  36.892  -43.862  11.302 0.6999999881
98940  36.500  -44.077  12.074 0.6999999881
99362  37.566  -45.516  10.663 0.6999999881
27467  37.415  -44.583  10.628 0.6999999881
27457  36.488  -44.889  12.216 0.6999999881
27481  38.193  -45.372  9.881 0.6000000238
26641  36.932  -45.734  11.531 0.6000000238
26660  39.097  -46.142  9.136 0.6999999881
26640  37.746  -46.447  10.616 0.6999999881
103151  39.223  -46.474  8.419 0.6999999881
26649  38.895  -46.899  9.135 0.6000000238
25837  38.809  -46.802  8.433 0.8000000119
25824  38.526  -47.502  9.297 0.6000000238
26671  38.851  -45.817  7.594 0.8999999762
25840  36.256  -46.308  8.646 0.6999999881
26672  37.613  -45.362  7.791 0.8000000119
31584  36.690  -40.191  15.175 0.6000000238
96518  36.490  -40.929  14.827 0.6999999881
30815  36.528  -40.284  14.309 0.6999999881
30822  36.532  -40.545  13.330 0.6000000238
100205  38.618  -40.896  16.248 0.4000000060
30050  38.244  -41.570  16.526 0.6000000238
30051  37.487  -41.563  16.472 0.6000000238
109588  36.397  -40.969  14.058 0.6999999881
30049  38.958  -41.556  16.210 0.6000000238
30088  36.383  -41.413  13.483 0.8000000119
28350  40.040  -43.125  14.962 0.4000000060
28341  39.433  -43.190  15.813 0.5000000000
29233  39.259  -42.277  16.042 0.6000000238
103773  36.396  -42.002  12.795 0.8000000119
105680  40.168  -43.819  14.548 0.5000000000
27434  40.088  -44.706  14.564 0.4000000060
27443  40.534  -44.988  13.910 0.5000000000
28385  37.365  -43.702  10.497 0.8000000119
28395  38.954  -44.055  8.951 0.8000000119
105302  36.926  -42.952  11.190 0.8000000119
27494  38.923  -45.054  9.242 0.8000000119
112692  37.871  -44.485  9.924 0.6999999881
109963  40.277  -45.205  7.780 0.8999999762
104024  39.641  -45.895  8.430 0.8999999762
111908  40.180  -45.845  8.159 0.8999999762
26650  38.434  -46.331  9.849 0.6999999881
26666  39.292  -46.350  7.941 0.8999999762
27501  35.896  -44.808  8.330 0.8000000119
26669  34.966  -45.169  8.938 0.8000000119
27500  36.667  -44.811  8.053 0.8000000119
97646  35.684  -45.475  8.611 0.8000000119
26668  36.754  -45.683  8.266 0.6999999881
31589  36.715  -39.520  14.687 0.6999999881
31594  36.899  -38.913  13.160 0.6000000238
30808  36.772  -40.867  15.629 0.6000000238
31583  36.955  -39.573  15.388 0.5000000000
31607  36.760  -39.757  12.776 0.6999999881
30795  38.304  -40.240  16.291 0.4000000060
30796  37.708  -40.368  16.292 0.5000000000
30807  37.209  -40.108  15.879 0.6000000238
107076  39.230  -40.885  15.936 0.5000000000
30832  36.769  -40.608  12.243 0.6999999881
30062  40.309  -40.916  14.878 0.5000000000
30075  40.699  -41.397  14.097 0.4000000060
30076  40.195  -41.573  14.806 0.4000000060
30115  37.786  -41.163  9.921 0.8000000119
30100  36.990  -41.924  11.153 0.8000000119
29258  40.792  -42.217  13.664 0.4000000060
29294  37.437  -42.707  10.266 0.8000000119
29282  36.576  -42.393  11.929 0.8000000119
29311  39.111  -43.122  8.752 0.8000000119
103201  39.304  -42.345  8.595 0.8000000119
29310  40.187  -43.349  8.138 0.8000000119
29305  38.198  -42.911  9.392 0.8000000119
28401  41.204  -44.469  7.006 0.8999999762
27493  39.792  -45.172  8.462 0.8999999762
27498  40.690  -44.869  7.090 0.8999999762
27499  40.077  -45.536  7.582 0.8999999762
27505  40.235  -45.156  7.104 0.8999999762
26670  39.705  -45.787  7.598 0.8999999762
96428  35.225  -44.137  8.424 0.8000000119
27502  34.686  -44.430  8.804 0.8000000119
27506  39.139  -45.097  7.094 0.8999999762
27507  38.186  -44.889  7.441 0.8999999762
110676  37.686  -43.996  7.448 0.8000000119
32349  37.259  -38.192  14.934 0.6000000238
32356  36.878  -38.702  14.200 0.6000000238
32367  37.326  -38.205  12.565 0.6000000238
31576  38.656  -39.409  16.202 0.4000000060
32339  38.207  -38.830  16.107 0.4000000060
31577  37.896  -39.698  16.213 0.4000000060
104053  37.470  -39.263  15.798 0.5000000000
30831  37.026  -39.844  12.015 0.6999999881
30794  39.154  -40.098  16.034 0.4000000060
30835  37.225  -40.317  11.317 0.6999999881
30793  40.075  -39.799  15.826 0.5000000000
30805  40.529  -40.354  15.240 0.5000000000
30852  38.509  -40.852  9.288 0.8000000119
97888  37.322  -41.116  10.805 0.8000000119
30118  39.936  -42.097  8.141 0.8000000119
29306  37.745  -42.060  9.769 0.8000000119
29316  40.981  -43.011  7.576 0.8000000119
28407  41.375  -44.359  6.565 0.8999999762
28402  40.658  -44.513  7.572 0.8999999762
28411  41.501  -44.136  6.269 0.8999999762
109728  40.379  -44.583  6.641 0.8999999762
28413  39.554  -44.545  6.844 1.0000000000
28404  35.187  -43.203  8.202 0.8000000119
98286  38.543  -44.264  7.179 1.0000000000
27509  36.118  -43.930  8.065 0.8000000119
28409  37.853  -43.315  7.243 1.0000000000
27508  37.151  -44.364  7.730 0.8000000119
32355  37.106  -38.207  13.479 0.6000000238
33064  37.782  -37.809  11.762 0.6000000238
110797  37.516  -37.618  14.803 0.6000000238
32374  37.556  -38.598  11.657 0.6999999881
32338  39.052  -38.497  16.312 0.4000000060
109602  38.589  -38.302  16.167 0.4000000060
32343  37.630  -38.506  15.620 0.4000000060
31575  39.548  -39.196  16.217 0.4000000060
31611  37.393  -39.417  11.470 0.6999999881
31574  40.451  -39.121  16.413 0.5000000000
32337  39.839  -38.541  16.519 0.4000000060
31614  37.708  -39.732  10.711 0.8000000119
31623  38.616  -39.471  9.700 0.8000000119
30126  40.742  -41.824  7.572 0.8000000119
30119  39.096  -41.429  8.680 0.8000000119
30125  41.781  -42.829  6.813 0.8000000119
29315  41.641  -43.911  6.717 0.8999999762
28412  40.785  -44.152  6.258 0.8999999762
29321  41.914  -43.637  5.843 0.8999999762
99970  39.698  -43.690  6.413 1.0000000000
110438  38.821  -42.845  6.562 1.0000000000
29317  38.125  -42.608  6.909 1.0000000000
29312  36.023  -43.024  7.893 0.8000000119
29319  36.448  -42.379  7.606 0.8000000119
28410  36.897  -43.322  7.599 0.8000000119
33036  37.601  -37.169  14.275 0.6000000238
101858  37.258  -37.872  14.170 0.6000000238
33056  37.664  -37.418  12.404 0.6000000238
32373  38.016  -38.159  11.057 0.6999999881
33071  38.546  -37.780  10.638 0.6999999881
113271  39.180  -37.483  16.368 0.4000000060
33029  38.358  -37.404  15.738 0.5000000000
101094  37.873  -37.132  15.093 0.5000000000
32379  38.392  -38.490  10.444 0.8000000119
32394  38.758  -38.792  9.829 0.8000000119
31613  38.242  -39.252  10.254 0.8000000119
32336  40.394  -38.297  16.941 0.4000000060
107343  39.666  -37.589  16.603 0.4000000060
113199  39.048  -40.622  8.809 0.8000000119
97203  38.789  -40.027  9.267 0.8000000119
30859  39.730  -40.935  8.196 0.8000000119
29320  42.114  -43.426  5.829 0.8999999762
99098  42.275  -42.719  5.544 0.8000000119
99882  40.353  -43.228  5.918 1.0000000000
29323  39.342  -42.554  6.187 1.0000000000
30137  40.472  -41.774  5.156 1.0000000000
30128  36.982  -41.662  7.292 1.0000000000
28405  34.471  -43.647  8.606 0.8000000119
113449  34.878  -42.449  8.271 0.8999999762
30129  36.119  -41.521  7.876 1.0000000000
30120  35.613  -42.386  7.994 1.0000000000
31641  37.499  -40.328  7.219 1.0000000000
108407  36.921  -40.235  7.750 1.0000000000
31632  36.579  -39.795  8.383 1.0000000000
31631  37.391  -39.547  7.724 1.0000000000
33055  38.133  -36.987  11.782 0.6999999881
33063  38.232  -37.541  11.216 0.6999999881
33851  38.727  -37.000  10.944 0.6999999881
33824  38.218  -35.978  13.090 0.6000000238
33840  37.865  -36.725  12.708 0.6000000238
33035  38.040  -36.526  14.541 0.6000000238
33806  39.189  -36.276  15.807 0.5000000000
32393  39.286  -38.377  9.451 0.8000000119
33793  40.411  -36.708  16.906 0.4000000060
31630  39.751  -39.385  8.414 0.8000000119
96904  39.920  -40.102  8.101 0.8000000119
30865  41.648  -41.619  6.893 0.8000000119
30858  40.588  -40.713  7.574 0.8000000119
98814  42.396  -42.475  6.098 0.6999999881
29325  42.218  -42.691  5.338 0.8999999762
30135  42.615  -41.888  4.943 0.8000000119
29326  41.173  -42.856  5.395 0.8999999762
102805  42.472  -41.807  4.774 1.0000000000
30136  41.527  -41.931  4.828 1.0000000000
30138  39.653  -41.192  5.518 1.0000000000
30874  40.475  -40.769  4.849 1.0000000000
111659  40.380  -39.954  4.729 1.0000000000
30133  39.067  -41.596  6.073 1.0000000000
31644  39.748  -39.810  5.239 1.0000000000
30869  38.928  -40.758  6.005 1.0000000000
31639  38.505  -39.543  6.485 1.0000000000
30870  38.224  -40.377  6.545 1.0000000000
30861  35.472  -40.935  8.516 1.0000000000
109237  35.129  -41.767  8.313 1.0000000000
31640  37.934  -39.783  6.996 1.0000000000
30860  36.302  -40.591  8.139 1.0000000000
31633  35.803  -40.097  8.858 1.0000000000
31624  36.091  -39.299  9.177 1.0000000000
32409  36.902  -38.945  8.628 1.0000000000
109405  38.679  -36.427  11.535 0.6999999881
33070  39.059  -37.421  10.218 0.6999999881
34786  38.782  -35.415  13.521 0.5000000000
33838  39.031  -35.773  11.787 0.6999999881
98218  39.320  -37.775  9.703 0.6999999881
99172  38.284  -35.932  13.992 0.6000000238
33815  38.993  -35.774  15.218 0.5000000000
32407  39.704  -38.625  8.749 0.8000000119
110900  40.145  -38.916  8.110 0.8000000119
31629  40.467  -39.668  7.689 0.6999999881
30864  42.415  -41.421  6.118 0.8000000119
31638  41.429  -40.391  6.920 0.8000000119
30131  42.622  -41.954  5.329 0.6999999881
30872  42.783  -41.215  4.439 0.8999999762
31646  43.033  -40.150  3.885 0.8000000119
33142  42.152  -38.790  3.874 0.8000000119
30873  41.966  -41.142  4.380 0.8999999762
31647  42.342  -39.729  3.841 0.8000000119
31648  41.298  -40.085  4.277 0.8999999762
32431  41.232  -39.101  4.272 0.8999999762
33137  41.791  -37.868  4.234 0.8000000119
32432  40.371  -39.388  4.749 0.8999999762
32425  39.758  -39.051  5.307 1.0000000000
103626  38.954  -40.007  5.873 1.0000000000
32418  38.742  -38.726  6.578 1.0000000000
32419  38.121  -39.066  7.197 1.0000000000
31625  35.370  -39.589  9.391 1.0000000000
33122  38.378  -38.107  7.404 1.0000000000
32408  37.655  -38.573  7.995 1.0000000000
98298  37.843  -37.773  8.167 1.0000000000
33086  36.426  -37.598  9.655 1.0000000000
99808  39.565  -35.149  12.198 0.6999999881
34824  39.793  -35.387  11.279 0.6999999881
33850  39.198  -36.171  11.028 0.6999999881
33861  39.373  -36.671  10.339 0.6999999881
33084  39.586  -37.156  9.689 0.6999999881
34801  39.414  -34.946  13.086 0.6000000238
34785  39.400  -34.945  13.973 0.5000000000
33103  39.804  -37.774  9.055 0.6999999881
34769  39.524  -35.177  14.847 0.5000000000
32406  40.294  -38.235  8.261 0.8000000119
32417  40.866  -38.874  7.507 0.6999999881
31637  41.786  -39.544  6.634 0.6999999881
97063  42.349  -40.521  6.121 0.6999999881
30871  42.819  -41.227  4.556 0.6999999881
30868  42.859  -41.171  5.177 0.6999999881
32433  43.143  -39.412  3.794 0.8000000119
32429  43.785  -38.653  3.968 0.8000000119
33140  43.829  -37.971  3.838 0.8000000119
33141  43.002  -38.237  3.704 0.8000000119
33924  42.365  -37.289  4.279 0.8000000119
33138  40.370  -38.477  5.014 1.0000000000
33130  40.862  -37.667  4.904 0.8999999762
33925  41.435  -37.086  4.842 0.8000000119
33131  40.125  -37.606  5.715 1.0000000000
33914  40.689  -36.908  5.578 0.8000000119
32426  39.167  -39.257  5.867 1.0000000000
97660  38.983  -38.006  6.730 1.0000000000
33104  38.311  -37.201  7.924 1.0000000000
32396  35.365  -38.757  9.714 1.0000000000
33105  37.665  -37.073  8.668 1.0000000000
33085  36.943  -36.973  9.477 1.0000000000
32395  36.291  -38.410  9.433 1.0000000000
99727  40.393  -35.347  10.676 0.6999999881
34843  39.844  -35.881  10.460 0.6999999881
34849  40.644  -36.215  9.313 0.6000000238
33083  40.236  -36.905  9.133 0.6000000238
33102  40.562  -37.412  8.433 0.6000000238
33119  41.009  -37.933  7.674 0.6999999881
32416  41.748  -38.505  6.888 0.6999999881
32424  42.506  -39.121  5.990 0.6999999881
31643  42.783  -40.077  5.483 0.6999999881
31642  43.145  -40.385  4.433 0.6999999881
32430  43.368  -39.475  4.135 0.8000000119
33928  43.373  -37.432  3.976 0.8000000119
99388  42.745  -36.671  4.519 0.8000000119
34903  41.378  -36.404  5.511 0.8000000119
33915  40.001  -36.800  6.342 0.8000000119
34892  40.637  -36.063  6.365 0.8000000119
33120  39.464  -37.466  6.501 1.0000000000
33906  39.389  -36.700  7.015 1.0000000000
34893  39.886  -36.163  6.889 0.8999999762
33907  38.796  -36.529  7.662 1.0000000000
33888  38.224  -36.373  8.424 1.0000000000
32397  34.570  -38.517  9.839 1.0000000000
33889  37.540  -36.225  9.223 1.0000000000
96671  36.072  -36.887  10.148 1.0000000000
33087  35.587  -37.798  9.986 1.0000000000
32381  35.059  -38.194  9.973 1.0000000000
33860  40.001  -36.385  9.780 0.6999999881
33118  41.873  -37.623  7.239 0.6000000238
33129  42.774  -38.262  6.125 0.6999999881
32423  43.293  -39.336  4.886 0.6999999881
33136  43.802  -38.881  4.268 0.8000000119
33927  44.173  -37.459  4.005 0.6999999881
34902  42.164  -36.138  5.295 0.6999999881
34891  41.551  -35.701  6.100 0.6999999881
34877  40.083  -35.372  7.209 0.8000000119
34878  39.369  -35.930  7.456 0.8999999762
34879  38.757  -35.724  8.090 1.0000000000
101604  38.708  -34.997  8.375 1.0000000000
33088  34.759  -37.754  10.029 1.0000000000
34865  38.123  -35.434  8.883 1.0000000000
108086  35.541  -36.580  10.261 1.0000000000
33871  36.694  -36.127  9.881 1.0000000000
34848  41.393  -35.806  9.251 0.6000000238
33870  41.122  -36.530  8.580 0.6000000238
33905  42.040  -36.734  7.756 0.6000000238
33101  41.265  -37.204  7.923 0.6000000238
96076  42.628  -37.398  6.975 0.6000000238
33128  43.838  -38.493  4.999 0.6000000238
33135  44.271  -38.364  4.297 0.6999999881
32428  44.396  -37.910  4.146 0.6999999881
33923  43.697  -36.803  4.294 0.6999999881
34901  43.074  -36.129  5.034 0.6999999881
34890  42.417  -35.581  5.894 0.6999999881
35934  41.788  -35.040  6.634 0.6999999881
37790  45.542  -32.530  8.316 0.3000000119
35921  40.966  -35.183  6.813 0.6999999881
38851  45.475  -31.635  8.109 0.3000000119
31636  31.977  -39.305  8.950 0.8999999762
35923  39.289  -35.109  7.802 1.0000000000
31635  32.356  -39.150  8.865 1.0000000000
33089  33.846  -38.008  9.606 1.0000000000
32410  33.022  -38.635  9.028 1.0000000000
111671  37.812  -34.897  9.269 1.0000000000
34851  36.329  -35.303  10.063 1.0000000000
100647  35.214  -37.054  10.239 1.0000000000
33872  35.867  -36.093  10.255 1.0000000000
34864  42.053  -36.056  8.583 0.6000000238
33887  42.664  -36.410  8.129 0.6000000238
33904  42.990  -36.914  7.393 0.6000000238
33903  43.833  -37.210  7.199 0.6000000238
33116  44.463  -37.711  6.145 0.6999999881
33127  44.452  -38.173  5.082 0.6999999881
33117  43.562  -37.726  6.269 0.6000000238
101305  44.841  -38.248  4.452 0.6999999881
32403  47.948  -38.554  7.788 0.3000000119
32414  47.435  -38.310  6.840 0.3000000119
33922  44.420  -36.715  4.197 0.6999999881
34900  44.027  -36.305  4.787 0.6999999881
36830  45.937  -34.015  8.361 0.3000000119
108172  45.563  -33.296  8.491 0.4000000060
37791  44.931  -32.085  8.766 0.4000000060
32399  31.623  -38.864  9.479 0.6999999881
32400  31.092  -38.226  9.983 0.6999999881
41934  44.254  -28.071  8.956 0.3000000119
36847  40.593  -34.076  7.842 0.6999999881
32411  31.922  -38.548  8.807 0.8999999762
40999  44.286  -29.046  8.944 0.3000000119
38852  44.897  -31.183  8.579 0.3000000119
35922  39.874  -34.541  7.709 0.8000000119
33108  32.311  -38.099  8.613 0.8999999762
41007  44.330  -29.899  8.994 0.3000000119
39955  44.363  -30.745  9.085 0.3000000119
35905  39.113  -34.299  8.299 0.8000000119
35906  38.263  -34.480  8.952 1.0000000000
33874  33.492  -37.205  9.178 1.0000000000
35893  37.518  -34.413  9.505 1.0000000000
33873  34.989  -36.283  10.096 1.0000000000
98358  34.402  -37.102  9.868 1.0000000000
35894  36.742  -34.484  9.854 1.0000000000
35895  35.823  -34.562  9.852 1.0000000000
34852  35.398  -35.381  10.000 1.0000000000
35896  34.964  -34.719  9.458 1.0000000000
33126  44.974  -38.077  5.132 0.6999999881
32404  46.939  -38.311  7.489 0.3000000119
33134  45.085  -37.657  4.548 0.6999999881
33926  44.631  -37.460  4.162 0.6999999881
32421  47.148  -38.190  6.322 0.4000000060
33124  47.250  -38.105  6.380 0.3000000119
33912  46.893  -37.821  6.104 0.5000000000
102401  44.225  -35.945  5.305 0.6999999881
34889  43.349  -35.621  5.715 0.6999999881
35933  42.568  -35.096  6.562 0.6999999881
93861  46.222  -35.595  8.070 0.4000000060
34863  45.187  -35.384  7.773 0.6000000238
35891  44.770  -34.149  8.821 0.5000000000
41926  41.743  -28.836  10.523 0.4000000060
36811  44.517  -33.521  9.128 0.4000000060
102134  41.235  -34.564  7.283 0.6999999881
33091  30.586  -37.429  9.914 0.6999999881
42836  41.935  -27.956  10.183 0.4000000060
37769  45.030  -32.989  8.910 0.4000000060
38836  44.389  -31.615  9.229 0.4000000060
32383  30.276  -38.316  10.485 0.6000000238
106242  43.624  -27.913  9.506 0.3000000119
41935  43.719  -28.638  9.510 0.3000000119
41924  43.158  -28.240  9.920 0.4000000060
100121  43.878  -31.908  9.653 0.4000000060
40992  43.174  -29.109  10.124 0.4000000060
38837  43.822  -31.171  9.651 0.4000000060
38827  43.349  -31.674  10.092 0.4000000060
36848  39.815  -33.951  8.139 0.8000000119
39956  43.812  -30.325  9.592 0.3000000119
97341  43.379  -29.901  10.045 0.4000000060
33107  32.975  -37.892  8.910 1.0000000000
36836  38.595  -33.657  8.878 0.8999999762
34853  34.548  -35.535  9.494 1.0000000000
35907  35.350  -33.973  9.262 1.0000000000
35908  34.712  -34.289  8.758 1.0000000000
97516  34.296  -34.941  8.692 1.0000000000
33902  44.549  -37.451  7.095 0.6000000238
33115  45.244  -37.804  6.374 0.6000000238
32405  46.034  -38.181  6.999 0.5000000000
33125  46.044  -38.093  5.807 0.6000000238
32422  46.739  -38.167  6.017 0.5000000000
110074  46.235  -38.010  5.555 0.4000000060
33921  44.931  -37.248  4.364 0.6999999881
34899  44.831  -36.556  4.743 0.6999999881
33919  46.032  -37.759  5.422 0.6000000238
110575  45.322  -36.953  4.733 0.6999999881
33901  46.664  -37.072  6.519 0.6000000238
34874  46.084  -36.200  7.249 0.6000000238
34876  43.913  -35.463  6.161 0.6999999881
35932  43.203  -35.165  6.579 0.6999999881
35902  44.593  -34.635  8.450 0.6000000238
35917  44.283  -34.983  7.764 0.6000000238
35919  42.759  -34.671  7.215 0.6000000238
41937  40.497  -28.717  9.763 0.4000000060
36810  45.194  -33.799  8.767 0.4000000060
35892  44.081  -34.101  8.985 0.5000000000
35903  43.776  -34.494  8.214 0.6000000238
35920  42.010  -34.527  7.217 0.6999999881
41936  41.201  -28.278  10.047 0.4000000060
36846  41.486  -34.063  7.813 0.6999999881
41925  42.541  -28.508  10.304 0.4000000060
41927  41.004  -28.938  10.328 0.5000000000
37770  44.318  -32.582  9.394 0.4000000060
37771  43.508  -32.440  9.791 0.4000000060
33090  31.449  -37.971  9.146 0.8999999762
39948  43.241  -30.713  10.270 0.4000000060
36835  39.352  -33.506  8.584 0.6999999881
36834  40.167  -33.440  8.475 0.6999999881
96147  42.822  -29.862  10.488 0.4000000060
36837  37.871  -33.714  9.336 0.8999999762
33892  32.633  -37.254  8.135 0.8999999762
104640  34.062  -36.383  9.400 1.0000000000
36816  37.098  -33.717  9.620 1.0000000000
36817  36.237  -33.780  9.648 1.0000000000
33890  33.815  -35.758  8.579 1.0000000000
33891  33.344  -36.573  8.405 1.0000000000
36860  35.005  -34.205  5.628 0.8999999762
36849  34.746  -33.424  6.987 1.0000000000
36839  34.784  -33.608  8.250 1.0000000000
34880  33.823  -35.265  7.527 1.0000000000
36850  34.421  -34.066  7.272 1.0000000000
102301  34.152  -34.773  6.892 1.0000000000
111318  33.879  -35.314  6.493 0.8999999762
36861  34.528  -34.472  6.309 1.0000000000
35936  34.246  -35.127  5.935 0.8999999762
33133  45.667  -37.773  5.128 0.6000000238
33920  45.428  -37.386  4.810 0.6999999881
33913  46.173  -36.958  5.306 0.6999999881
34887  45.394  -36.538  5.221 0.6999999881
109620  45.943  -36.590  5.930 0.6000000238
96951  45.311  -35.980  6.398 0.6000000238
34888  44.734  -35.907  5.625 0.6999999881
34875  44.471  -35.419  6.844 0.6000000238
35918  43.579  -34.946  7.225 0.6000000238
35904  43.070  -34.408  7.845 0.6000000238
42864  40.559  -28.034  8.499 0.3000000119
36832  42.324  -34.112  7.940 0.6000000238
41008  39.869  -28.858  9.198 0.4000000060
41943  39.992  -28.513  8.433 0.4000000060
36812  43.629  -33.320  9.445 0.6000000238
36831  43.109  -33.950  8.700 0.6000000238
36813  42.662  -33.322  9.304 0.5000000000
101891  42.996  -32.852  9.797 0.4000000060
100987  41.751  -33.715  8.337 0.6000000238
40995  40.533  -29.449  10.264 0.5000000000
38828  42.619  -31.419  10.477 0.4000000060
37761  42.814  -32.228  10.164 0.4000000060
36833  41.037  -33.550  8.415 0.6000000238
40994  41.236  -29.575  10.600 0.5000000000
39949  42.367  -30.548  10.682 0.4000000060
37793  39.614  -32.835  8.959 0.6000000238
39950  41.510  -30.360  10.714 0.4000000060
38829  41.762  -31.165  10.614 0.4000000060
33109  31.808  -37.648  8.327 0.8999999762
109130  38.171  -33.114  9.213 0.8999999762
37794  38.810  -32.935  9.010 0.8000000119
112061  32.139  -37.525  8.106 0.8999999762
33909  32.522  -36.682  7.301 0.8999999762
34881  33.350  -36.099  7.530 1.0000000000
35935  34.618  -34.919  5.352 1.0000000000
34904  34.253  -35.120  5.308 1.0000000000
34894  33.789  -35.390  5.901 0.8999999762
111815  34.593  -34.979  4.935 1.0000000000
107671  34.225  -35.040  4.947 0.8999999762
42875  40.897  -27.736  7.796 0.3000000119
41949  40.362  -28.275  7.554 0.3000000119
41950  39.686  -28.577  7.750 0.3000000119
109418  42.283  -33.664  8.650 0.6000000238
41002  39.473  -29.533  9.468 0.5000000000
102640  39.271  -28.980  8.506 0.4000000060
37772  42.254  -32.693  9.777 0.5000000000
36814  41.682  -33.215  9.079 0.5000000000
41001  40.028  -29.299  9.811 0.5000000000
37762  41.989  -31.965  10.298 0.5000000000
37773  41.337  -32.402  9.755 0.5000000000
39957  39.972  -30.010  10.117 0.5000000000
38838  41.113  -31.591  10.271 0.5000000000
39951  40.710  -30.226  10.477 0.5000000000
38830  41.038  -30.887  10.514 0.5000000000
39958  39.354  -30.463  9.715 0.5000000000
38839  40.188  -31.056  10.155 0.5000000000
37778  36.653  -33.024  9.388 0.8999999762
36815  37.499  -33.012  9.372 0.8999999762
37795  36.126  -32.407  8.777 0.8999999762
37815  35.175  -33.171  6.353 0.8999999762
37808  35.201  -32.510  7.114 0.8999999762
102145  35.263  -32.745  8.093 0.8999999762
36838  35.711  -33.189  9.029 1.0000000000
103095  33.457  -35.726  6.637 0.8999999762
33908  32.942  -36.640  7.558 0.8999999762
35939  34.935  -34.714  4.809 0.6999999881
34895  33.173  -35.731  6.150 0.8999999762
34905  33.663  -35.232  5.508 0.8999999762
41960  39.817  -28.619  6.889 0.3000000119
41031  40.128  -28.855  6.009 0.4000000060
41045  40.590  -29.414  5.433 0.3000000119
41017  39.003  -28.769  7.383 0.3000000119
41032  39.073  -28.878  6.154 0.4000000060
39967  38.785  -29.829  9.089 0.5000000000
41009  38.412  -29.365  8.131 0.4000000060
37774  40.464  -31.984  9.815 0.5000000000
37792  40.577  -32.812  9.129 0.5000000000
39959  38.638  -30.767  9.334 0.5000000000
106727  39.341  -31.440  9.605 0.5000000000
110630  39.814  -32.175  9.456 0.5000000000
37775  39.023  -32.213  9.262 0.5000000000
38840  38.487  -31.580  9.264 0.6000000238
37776  38.113  -32.374  9.216 0.6000000238
38854  37.253  -31.332  8.733 0.6999999881
37777  37.129  -32.192  9.137 0.6999999881
38855  36.453  -31.628  8.462 0.6999999881
33916  33.012  -36.283  6.871 0.8999999762
38869  35.535  -31.887  7.007 0.8999999762
37807  35.677  -31.992  7.903 0.8999999762
37827  35.515  -33.451  5.578 0.6999999881
35943  34.720  -34.689  4.677 1.0000000000
41046  39.793  -29.443  5.353 0.3000000119
40007  39.562  -30.251  4.698 0.3000000119
41033  38.230  -29.321  5.809 0.4000000060
41018  38.101  -29.211  6.930 0.4000000060
41034  37.485  -29.637  6.043 0.4000000060
39968  38.112  -30.214  8.687 0.4000000060
39982  37.673  -29.808  7.824 0.4000000060
39969  37.423  -30.554  8.349 0.5000000000
38853  37.947  -31.035  8.991 0.5000000000
38868  35.979  -31.336  7.475 0.6000000238
38876  35.494  -32.470  6.338 0.6999999881
36869  35.498  -34.273  4.707 0.6999999881
35940  33.483  -34.773  5.200 0.8999999762
112012  33.237  -35.116  5.495 0.8999999762
36875  34.698  -33.969  4.230 0.8999999762
37838  33.809  -33.485  4.738 0.8000000119
36870  33.434  -34.050  5.009 0.8000000119
103175  34.226  -32.613  4.492 0.8000000119
40018  40.239  -31.156  4.185 0.3000000119
40008  38.741  -30.364  4.673 0.3000000119
40019  39.251  -31.253  4.223 0.4000000060
41048  37.950  -30.054  5.045 0.4000000060
40020  38.297  -31.120  4.397 0.4000000060
40009  37.112  -30.419  5.418 0.5000000000
41019  37.360  -29.721  6.967 0.5000000000
38883  36.945  -31.452  4.933 0.5000000000
39997  36.831  -30.147  6.399 0.5000000000
39998  36.429  -30.978  5.771 0.5000000000
39984  36.329  -30.724  6.888 0.5000000000
38885  35.811  -32.633  5.655 0.6999999881
37826  36.028  -33.619  4.866 0.6999999881
113233  36.205  -34.159  3.975 0.6999999881
35942  35.404  -34.251  4.280 0.6999999881
36880  36.204  -33.996  3.523 0.6999999881
36881  35.427  -33.870  3.752 0.6999999881
101422  41.218  -31.048  4.221 0.3000000119
38909  41.459  -32.456  2.940 0.3000000119
38910  40.420  -32.644  2.922 0.4000000060
38898  39.885  -32.170  3.508 0.3000000119
38899  38.771  -32.370  3.603 0.4000000060
40021  37.542  -30.921  4.737 0.4000000060
38900  37.720  -32.176  4.218 0.3000000119
37834  38.061  -33.137  3.434 0.3000000119
38901  36.997  -32.628  4.489 0.5000000000
37835  37.331  -33.503  3.714 0.4000000060
38875  35.850  -31.633  6.267 0.6999999881
38884  36.370  -32.323  5.211 0.6999999881
37836  36.644  -33.607  4.261 0.6000000238
111684  36.738  -34.037  3.427 0.6000000238
38911  39.438  -32.888  3.027 0.3000000119
37844  38.573  -33.235  2.907 0.3000000119
94022  39.063  -32.939  2.754 0.3000000119
36877  38.219  -33.317  2.785 0.3000000119
37848  38.718  -32.901  2.591 0.3000000119
37845  37.785  -33.661  3.014 0.3000000119
107208  36.815  -34.019  3.616 0.5000000000
36878  37.476  -33.740  2.840 0.5000000000
36874  37.159  -34.010  3.177 0.6000000238
36879  36.873  -33.979  3.015 0.6000000238
106369  40.954  -32.431  2.682 0.4000000060
38920  40.618  -31.916  2.437 0.3000000119
38916  40.293  -32.540  2.659 0.3000000119
38921  39.847  -31.912  2.380 0.3000000119
37852  39.522  -32.694  2.651 0.3000000119
38922  38.895  -32.030  2.384 0.3000000119
38917  38.320  -32.221  2.413 0.3000000119
37849  37.804  -33.084  2.538 0.4000000060
38918  37.526  -31.992  2.437 0.4000000060
37850  37.056  -33.464  2.691 0.6000000238
104553  37.119  -32.678  2.534 0.4000000060
38919  36.730  -31.717  2.662 0.4000000060
37851  36.611  -32.742  2.743 0.5000000000
37846  36.454  -33.497  2.973 0.6000000238
38902  34.534  -31.615  4.244 0.6999999881
37839  33.296  -32.291  5.025 0.8000000119
40044  40.398  -30.844  2.421 0.4000000060
40045  39.757  -31.243  2.398 0.3000000119
40046  39.117  -31.434  2.405 0.3000000119
40039  38.606  -31.564  2.409 0.3000000119
40040  38.005  -31.256  2.443 0.4000000060
40041  37.212  -30.961  2.590 0.4000000060
40042  36.494  -30.654  2.886 0.4000000060
112495  36.282  -32.027  2.949 0.4000000060
108063  36.186  -32.699  3.057 0.5000000000
40031  36.099  -31.145  3.032 0.4000000060
37847  35.766  -33.099  3.391 0.6000000238
38912  35.830  -31.898  3.262 0.4000000060
38913  35.203  -31.799  3.675 0.6999999881
40032  35.365  -30.638  3.465 0.4000000060
40022  34.635  -30.593  3.950 0.5000000000
104545  33.977  -30.613  4.347 0.6000000238
38903  33.660  -31.360  4.693 0.6999999881
41085  39.718  -30.419  2.548 0.3000000119
41086  39.120  -30.594  2.525 0.3000000119
104979  38.504  -30.822  2.500 0.3000000119
41080  37.749  -30.317  2.735 0.3000000119
41081  36.837  -30.183  2.944 0.3000000119
111210  36.199  -29.993  3.095 0.3000000119
40043  35.832  -30.191  3.193 0.3000000119
41082  35.583  -29.495  3.309 0.3000000119
41083  35.023  -29.553  3.400 0.3000000119
40033  34.454  -29.668  3.615 0.3000000119
111319  33.778  -29.200  3.550 0.4000000060
40023  33.668  -29.693  3.909 0.5000000000
40024  32.933  -30.212  4.484 0.5000000000
41078  39.333  -29.841  2.805 0.3000000119
41079  38.569  -30.045  2.770 0.3000000119
42005  37.999  -29.576  3.072 0.3000000119
98562  36.200  -29.591  3.222 0.3000000119
42007  35.343  -29.021  3.314 0.3000000119
100329  34.717  -28.899  3.318 0.3000000119
41084  33.932  -28.953  3.406 0.3000000119
41067  32.958  -28.814  3.462 0.5000000000
41058  32.642  -29.341  3.941 0.5000000000
42004  38.864  -29.324  3.088 0.3000000119
42006  37.062  -29.669  3.117 0.3000000119
108963  34.482  -28.454  3.309 0.3000000119
41068  31.666  -28.826  3.547 0.4000000060
41994  31.847  -28.182  2.986 0.4000000060
42003  39.725  -29.095  3.161 0.3000000119
41990  37.338  -29.087  3.312 0.3000000119
41991  36.135  -29.052  3.371 0.3000000119
41992  35.021  -28.543  3.397 0.3000000119
42951  33.842  -27.848  2.975 0.3000000119
42008  33.857  -28.312  3.143 0.3000000119
41993  32.883  -28.111  2.930 0.4000000060
42949  39.279  -28.591  3.377 0.3000000119
42935  38.789  -28.215  3.595 0.3000000119
42950  38.361  -28.897  3.309 0.3000000119
42936  37.748  -28.481  3.624 0.3000000119
42937  36.599  -28.560  3.675 0.3000000119
42922  35.965  -27.841  4.113 0.3000000119
101614  35.491  -28.306  3.637 0.3000000119
112900  34.383  -27.916  3.234 0.3000000119
42920  38.169  -27.795  4.060 0.3000000119
42921  37.040  -27.980  4.226 0.3000000119
42938  34.718  -27.918  3.390 0.3000000119
43828  38.611  -27.088  4.513 0.3000000119
43829  37.492  -27.257  4.954 0.3000000119
106548  36.405  -27.304  4.688 0.3000000119
108347  35.656  -27.107  4.298 0.3000000119
104190  35.014  -27.314  3.702 0.3000000119
43830  36.671  -26.638  5.310 0.4000000060
43813  37.423  -26.482  5.627 0.4000000060
43831  35.867  -26.505  4.735 0.4000000060
44774  36.959  -25.963  5.917 0.4000000060
30127  37.763  -41.798  6.886 1.0000000000
30866  37.583  -41.038  6.942 1.0000000000
29318  37.317  -42.466  7.269 0.8999999762
37837  34.981  -32.948  3.854 0.8000000119
27409  37.286  -44.402  17.001 0.6000000238
28351  35.973  -43.118  14.721 0.6000000238
26602  39.671  -45.867  15.084 0.5000000000
26601  40.199  -45.645  14.337 0.5000000000
29220  37.786  -42.226  16.675 0.6000000238
26659  39.749  -46.033  7.921 0.8999999762
95403  37.949  -40.915  16.463 0.5000000000
29245  40.330  -42.236  14.446 0.4000000060
29246  39.845  -42.295  15.300 0.5000000000
28349  40.467  -43.090  14.123 0.4000000060
30101  36.654  -41.534  12.055 0.6999999881
31606  37.114  -39.115  12.266 0.6999999881
30806  39.815  -40.507  15.524 0.5000000000
30840  38.164  -40.121  9.951 0.8000000119
107307  40.941  -43.097  13.404 0.4000000060
30114  38.451  -41.944  9.163 0.8000000119
30124  42.165  -43.444  6.077 0.8000000119
33043  37.465  -37.437  13.307 0.6000000238
31622  39.191  -39.218  9.182 0.8000000119
29324  38.501  -42.053  6.488 1.0000000000
33794  39.719  -36.479  16.361 0.5000000000
33807  38.520  -36.564  15.387 0.5000000000
30867  36.879  -40.895  7.484 1.0000000000
34802  38.833  -35.510  12.630 0.6999999881
30875  39.489  -40.455  5.473 1.0000000000
30134  38.315  -41.234  6.475 1.0000000000
33106  37.134  -37.912  8.875 1.0000000000
33121  38.883  -37.335  7.205 1.0000000000
108574  41.956  -36.655  4.834 0.8000000119
33132  39.494  -38.374  5.953 1.0000000000
34850  37.293  -35.269  9.627 1.0000000000
103427  47.255  -35.793  7.825 0.4000000060
34862  46.982  -36.435  7.617 0.4000000060
35901  45.472  -34.652  8.442 0.5000000000
105440  42.482  -29.192  10.521 0.4000000060
35924  34.292  -34.422  7.918 1.0000000000
36876  34.117  -34.466  4.728 0.8000000119
113121  39.938  -31.669  9.781 0.5000000000
38841  37.799  -31.716  9.089 0.6999999881
39983  37.008  -30.235  7.464 0.5000000000
38867  36.677  -30.870  8.004 0.5000000000
25815  37.242  -46.638  11.274 0.5000000000
25814  37.886  -47.317  10.602 0.5000000000
25825  38.525  -47.173  9.844 0.5000000000
24011  36.194  -48.350  12.997 0.5000000000
24929  37.145  -47.381  11.520 0.5000000000
24913  35.610  -47.834  13.918 0.5000000000
112266  36.491  -47.010  12.403 0.5000000000
24918  36.627  -47.799  12.296 0.5000000000
97562  35.511  -46.945  14.267 0.5000000000
103647  35.325  -46.772  15.262 0.4000000060
25795  35.755  -46.256  13.741 0.5000000000
25765  35.292  -46.653  16.174 0.4000000060
25782  35.506  -46.111  14.687 0.5000000000
100583  35.586  -45.977  16.447 0.5000000000
26603  35.562  -45.314  15.103 0.5000000000
30108  32.277  -41.324  10.599 0.6999999881
30116  32.903  -41.818  8.932 0.8000000119
29314  33.566  -42.358  8.753 0.8000000119
29307  33.218  -42.613  9.190 0.8000000119
30121  34.238  -42.032  8.500 0.8999999762
30842  31.961  -40.583  10.041 0.6999999881
30122  33.419  -41.552  8.756 0.8999999762
30123  32.686  -41.019  8.891 0.8999999762
30862  34.348  -41.150  8.738 0.8999999762
30857  31.758  -40.056  9.676 0.6000000238
30117  32.443  -41.175  9.359 0.8000000119
30853  34.971  -40.281  9.181 0.8999999762
34840  42.686  -35.461  10.291 0.5000000000
34841  41.713  -35.329  9.978 0.5000000000
34847  42.356  -35.646  9.409 0.5000000000
34822  41.581  -34.875  11.383 0.6000000238
93746  41.167  -35.106  10.614 0.5000000000
34842  40.671  -35.617  9.933 0.5000000000
108714  40.254  -34.889  11.866 0.6000000238
31615  31.485  -39.477  10.072 0.6000000238
30856  32.078  -40.423  9.034 0.8999999762
30855  33.216  -40.653  8.847 0.8999999762
30854  34.179  -40.277  9.185 0.8999999762
31626  34.574  -39.468  9.552 0.8999999762
95942  44.080  -36.446  9.180 0.5000000000
33886  43.446  -36.556  8.090 0.5000000000
33869  42.978  -36.062  8.837 0.5000000000
93836  44.307  -36.294  10.474 0.5000000000
33868  43.362  -35.835  9.806 0.5000000000
30863  32.123  -39.859  8.820 0.8999999762
31628  31.842  -39.719  9.175 0.6999999881
112888  32.436  -40.357  8.886 0.8999999762
31634  32.675  -39.883  8.848 0.8999999762
31627  33.622  -39.794  9.207 0.8999999762
33885  44.331  -36.954  8.007 0.5000000000
100164  45.116  -36.729  10.133 0.5000000000
104969  33.068  -39.315  9.004 0.8999999762
32398  33.802  -38.969  9.487 0.8999999762
33100  45.180  -37.535  7.656 0.5000000000
33867  45.086  -37.098  8.935 0.5000000000
33875  30.248  -36.550  9.400 0.6000000238
33110  31.137  -37.093  8.883 0.8000000119
33894  30.688  -36.348  8.527 0.6999999881
33895  29.877  -35.877  8.916 0.6999999881
112435  29.543  -35.430  8.490 0.6999999881
34867  28.852  -35.086  8.333 0.6999999881
33893  31.423  -36.879  7.975 0.8000000119
34866  30.269  -35.659  8.255 0.6999999881
108406  29.733  -35.087  8.000 0.6999999881
34883  30.547  -35.420  7.628 0.6999999881
35925  30.104  -34.743  7.439 0.6999999881
105129  32.144  -36.596  7.093 0.8000000119
33918  31.916  -36.113  6.770 0.8000000119
33123  32.034  -37.126  7.617 0.8000000119
34898  30.837  -35.154  7.136 0.6999999881
34882  31.252  -35.798  7.199 0.6999999881
34897  31.471  -35.345  6.673 0.8000000119
34896  32.386  -35.568  6.197 0.8000000119
36862  31.019  -33.874  6.265 0.6000000238
33917  32.562  -36.207  6.705 0.8000000119
36872  31.895  -33.984  5.858 0.6000000238
37829  32.076  -33.154  5.665 0.6000000238
37830  31.404  -32.503  5.735 0.6000000238
35941  32.632  -34.868  5.644 0.8000000119
37828  32.950  -33.194  5.254 0.6000000238
34906  33.054  -35.392  5.720 0.8000000119
38886  32.208  -32.108  5.508 0.6000000238
36871  32.734  -34.032  5.396 0.6999999881
38904  32.642  -31.173  5.067 0.6999999881
25728  35.705  -46.863  17.359 0.4000000060
95660  35.443  -45.999  15.639 0.5000000000
24912  35.995  -47.199  13.212 0.5000000000
33082  46.160  -37.693  8.495 0.3000000119
24012  35.713  -48.591  13.717 0.5000000000
24902  35.229  -47.592  14.852 0.5000000000
95766  42.114  -35.142  10.793 0.5000000000
33910  31.650  -36.519  7.332 0.8000000119
33911  30.984  -36.138  7.776 0.6999999881
35938  30.702  -34.506  6.772 0.6999999881
35937  31.678  -34.717  6.200 0.6999999881
34737  40.510  -35.864  16.457 0.4000000060
33792  41.148  -36.147  17.089 0.4000000060
33805  39.790  -35.592  15.727 0.4000000060
35827  40.199  -34.704  14.372 0.5000000000
34736  41.434  -35.574  16.516 0.4000000060
34716  42.104  -35.865  17.222 0.4000000060
35847  41.325  -34.629  12.891 0.5000000000
35848  40.294  -34.648  12.725 0.5000000000
35826  41.097  -34.666  14.373 0.5000000000
34753  41.472  -34.903  15.091 0.4000000060
35814  40.729  -34.817  14.961 0.4000000060
34735  42.358  -35.471  16.530 0.4000000060
95338  41.875  -35.172  15.863 0.4000000060
34754  40.821  -35.199  15.725 0.4000000060
105474  42.837  -35.589  17.019 0.4000000060
35861  41.020  -34.654  12.015 0.5000000000
35837  40.743  -34.559  13.605 0.5000000000
99122  42.552  -35.225  15.040 0.4000000060
34752  42.772  -35.330  15.894 0.4000000060
35797  44.772  -34.829  16.562 0.4000000060
111605  43.835  -35.424  16.713 0.4000000060
34751  43.314  -35.432  16.447 0.4000000060
34733  44.317  -35.309  17.065 0.4000000060
34784  42.259  -35.000  13.148 0.5000000000
109912  41.852  -34.878  14.454 0.4000000060
37731  45.271  -32.434  14.604 0.3000000119
36756  45.039  -33.207  15.047 0.3000000119
34765  43.635  -35.489  15.375 0.4000000060
37713  45.712  -32.852  15.253 0.3000000119
36742  45.421  -33.499  15.706 0.3000000119
95806  45.090  -34.145  16.168 0.3000000119
35813  44.539  -34.800  15.854 0.4000000060
34750  44.100  -35.315  16.217 0.4000000060
34800  41.945  -34.822  12.224 0.4000000060
34767  42.501  -35.177  14.040 0.4000000060
34783  43.158  -35.583  13.509 0.4000000060
37732  44.715  -32.825  14.282 0.3000000119
36768  44.582  -33.501  13.851 0.3000000119
36757  44.761  -33.839  14.741 0.3000000119
35825  44.579  -34.993  14.998 0.3000000119
34764  44.262  -35.370  15.140 0.4000000060
36743  44.850  -34.055  15.482 0.3000000119
34821  42.515  -35.191  11.638 0.4000000060
34797  45.525  -36.058  13.057 0.3000000119
33822  45.303  -36.316  13.309 0.3000000119
33823  44.993  -36.255  13.762 0.4000000060
33836  45.091  -36.483  13.120 0.4000000060
33837  44.531  -36.313  13.522 0.4000000060
34798  43.765  -36.067  13.053 0.4000000060
35846  44.818  -34.719  13.764 0.3000000119
35834  45.213  -35.644  13.630 0.3000000119
34781  45.175  -36.082  13.763 0.3000000119
34782  44.734  -35.783  14.293 0.4000000060
33814  44.356  -35.909  14.302 0.4000000060
106576  43.921  -36.071  13.808 0.4000000060
35835  44.843  -35.508  14.209 0.3000000119
34766  43.455  -35.656  14.375 0.4000000060
101609  44.718  -34.552  14.440 0.3000000119
33859  44.405  -36.344  11.586 0.4000000060
34839  43.582  -35.793  10.847 0.4000000060
110437  42.907  -35.441  11.082 0.4000000060
33848  45.287  -36.624  12.234 0.3000000119
34820  43.539  -35.782  11.911 0.4000000060
33835  45.507  -36.437  12.693 0.4000000060
33849  44.478  -36.399  12.653 0.4000000060
34799  42.882  -35.389  12.582 0.4000000060
35926  29.623  -34.076  7.129 0.6000000238
36873  31.223  -33.188  5.959 0.5000000000
37816  30.465  -32.406  5.869 0.5000000000
38887  31.080  -31.685  5.512 0.5000000000
38905  31.693  -31.166  5.232 0.5000000000
40025  31.800  -30.377  4.759 0.5000000000
43847  34.439  -26.179  3.238 0.3000000119
43858  33.676  -25.686  2.460 0.3000000119
43846  35.185  -26.344  3.996 0.3000000119
102784  33.651  -24.467  2.103 0.3000000119
44812  32.851  -25.007  1.858 0.3000000119
45812  33.330  -23.838  1.739 0.3000000119
44787  36.159  -25.799  5.248 0.3000000119
44788  35.465  -25.548  4.349 0.3000000119
44801  34.747  -25.306  3.453 0.3000000119
44802  34.178  -25.148  2.717 0.3000000119
45803  34.374  -24.166  2.487 0.3000000119
46697  33.214  -23.485  1.804 0.3000000119
45790  35.815  -24.788  4.773 0.3000000119
45791  35.109  -24.502  3.661 0.3000000119
46673  34.900  -23.448  2.781 0.3000000119
46687  34.336  -23.029  1.750 0.3000000119
45811  33.845  -23.532  1.763 0.3000000119
46696  33.895  -22.852  1.452 0.3000000119
45775  36.537  -25.087  5.762 0.3000000119
46672  35.499  -23.782  4.057 0.3000000119
104550  34.881  -22.495  2.027 0.3000000119
46695  34.428  -22.203  1.406 0.3000000119
46654  36.231  -23.979  5.316 0.3000000119
105050  35.381  -22.876  3.241 0.3000000119
104743  35.788  -23.172  4.399 0.3000000119
47621  35.737  -22.301  4.034 0.3000000119
99286  36.254  -22.982  5.305 0.3000000119
47609  36.290  -22.089  5.524 0.3000000119
34734  43.544  -35.552  17.124 0.4000000060
33776  41.670  -36.584  17.630 0.4000000060
34715  43.032  -35.877  17.555 0.4000000060
34732  45.184  -34.966  17.202 0.4000000060
34714  44.002  -35.803  17.774 0.4000000060
37730  46.126  -32.229  14.774 0.3000000119
37712  46.574  -32.738  15.305 0.3000000119
36741  46.196  -33.231  15.823 0.3000000119
36729  45.843  -33.778  16.312 0.3000000119
35796  45.516  -34.387  16.754 0.3000000119
101270  44.415  -32.946  13.105 0.3000000119
35845  45.302  -35.025  12.907 0.3000000119
36777  44.646  -33.805  13.047 0.3000000119
33858  45.174  -36.678  11.230 0.4000000060
96213  45.814  -36.785  11.667 0.4000000060
33866  45.920  -37.191  9.870 0.4000000060
34884  28.996  -34.522  7.729 0.6000000238
45774  37.253  -25.313  6.347 0.3000000119
45757  37.001  -24.503  6.404 0.3000000119
46638  36.785  -23.569  6.297 0.3000000119
113383  36.665  -22.810  6.222 0.3000000119
47594  37.255  -23.068  6.953 0.3000000119
38788  44.845  -31.901  13.972 0.3000000119
35838  39.972  -34.644  13.549 0.5000000000
47622  35.336  -22.024  2.498 0.3000000119
105893  36.921  -22.274  6.712 0.3000000119
33009  40.609  -37.501  17.214 0.3000000119
25833  35.851  -46.800  9.065 0.6000000238
26661  35.368  -45.956  9.004 0.6999999881
25827  34.949  -46.734  10.091 0.6999999881
33775  42.494  -36.385  17.911 0.3000000119
27482  33.703  -44.289  10.877 0.6999999881
32325  40.981  -38.101  17.410 0.3000000119
26652  34.140  -45.146  10.333 0.6999999881
26651  34.586  -46.051  10.186 0.6999999881
109360  41.896  -37.794  18.217 0.3000000119
32995  42.062  -37.097  18.185 0.3000000119
26662  34.678  -45.496  9.511 0.6999999881
99711  42.483  -37.655  18.511 0.3000000119
33773  44.198  -36.317  18.509 0.3000000119
33757  43.663  -36.887  18.841 0.3000000119
33758  42.832  -36.929  18.504 0.3000000119
33756  45.016  -36.314  18.741 0.3000000119
34698  44.695  -35.887  18.236 0.3000000119
33774  43.350  -36.314  18.217 0.3000000119
30814  40.896  -40.770  14.499 0.3000000119
30792  40.844  -39.861  15.820 0.4000000060
27495  33.894  -44.337  9.794 0.6999999881
32312  41.601  -38.413  17.811 0.3000000119
32335  41.090  -38.775  17.090 0.3000000119
26663  34.419  -44.733  9.271 0.6999999881
32311  42.268  -38.353  18.343 0.3000000119
32994  43.201  -37.599  18.843 0.3000000119
32292  44.094  -37.667  19.201 0.3000000119
33755  45.965  -36.388  18.709 0.3000000119
30804  41.205  -40.382  15.146 0.4000000060
28386  33.497  -43.556  10.437 0.6999999881
31572  42.114  -39.933  16.937 0.3000000119
31566  41.764  -39.237  17.420 0.3000000119
31553  42.867  -38.966  18.428 0.3000000119
32324  42.159  -38.953  18.029 0.3000000119
27503  34.017  -44.010  9.041 0.6999999881
32310  43.489  -38.384  18.880 0.3000000119
105298  44.877  -35.462  17.733 0.3000000119
34696  46.201  -35.727  18.149 0.3000000119
34697  45.407  -35.785  18.263 0.3000000119
28397  33.524  -43.449  9.465 0.6999999881
31565  42.519  -39.578  17.756 0.3000000119
97366  33.740  -43.198  8.829 0.6999999881
31563  44.178  -39.848  18.205 0.3000000119
31552  43.784  -39.181  18.616 0.3000000119
34713  45.696  -35.288  17.731 0.3000000119
31564  43.336  -39.759  18.074 0.3000000119
29313  34.300  -42.829  8.496 0.6999999881
111852  46.449  -37.167  10.615 0.3000000119
93643  35.039  -47.455  10.506 0.6999999881
24943  35.727  -47.991  9.855 0.6000000238
25826  35.439  -47.168  9.649 0.6000000238
24950  36.301  -47.632  9.283 0.6000000238
99962  33.651  -44.994  11.451 0.6999999881
30813  41.613  -40.844  14.494 0.3000000119
112438  33.347  -43.627  11.259 0.6999999881
29295  33.165  -42.769  10.092 0.6999999881
30791  42.502  -40.536  16.343 0.4000000060
98148  41.644  -40.161  16.030 0.4000000060
29308  32.792  -41.957  9.732 0.6999999881
30785  43.051  -40.344  17.277 0.3000000119
30790  43.292  -40.861  16.530 0.3000000119
94312  44.052  -40.833  17.044 0.3000000119
33008  41.368  -37.476  17.743 0.3000000119
96237  43.822  -40.261  17.687 0.3000000119
24028  37.345  -48.371  11.434 0.5000000000
24941  38.295  -48.294  9.582 0.5000000000
23195  38.291  -49.317  9.873 0.5000000000
21492  33.000  -51.742  12.432 0.4000000060
20631  31.614  -52.365  12.768 0.5000000000
24040  38.483  -48.833  10.009 0.4000000060
24942  38.493  -47.979  9.891 0.5000000000
24948  38.150  -48.081  9.294 0.5000000000
20619  29.987  -52.964  13.227 0.4000000060
20620  28.868  -52.712  13.208 0.4000000060
21493  32.024  -51.607  12.601 0.5000000000
24949  37.442  -48.150  9.242 0.4000000060
112538  28.389  -53.224  13.332 0.4000000060
97651  30.512  -52.200  12.940 0.4000000060
99001  31.623  -50.893  12.491 0.5000000000
21494  30.974  -51.351  12.600 0.4000000060
22339  32.957  -50.423  12.523 0.5000000000
24018  34.214  -49.083  12.242 0.4000000060
24043  35.372  -48.402  10.607 0.4000000060
24030  34.932  -48.915  11.442 0.4000000060
20621  27.819  -52.597  13.233 0.4000000060
22344  26.544  -50.911  12.995 0.4000000060
21495  29.885  -51.354  12.654 0.4000000060
23188  27.345  -49.392  12.196 0.4000000060
94841  31.858  -50.179  12.423 0.5000000000
22340  30.978  -50.495  12.328 0.4000000060
23187  28.196  -49.343  11.895 0.4000000060
24033  29.232  -48.220  11.529 0.4000000060
24034  28.427  -48.607  11.663 0.4000000060
24019  33.425  -49.067  12.578 0.5000000000
25818  29.525  -46.942  11.439 0.4000000060
94954  28.727  -46.604  11.230 0.4000000060
23169  33.819  -49.888  12.441 0.5000000000
24919  34.240  -48.236  12.103 0.6000000238
24930  34.817  -48.048  11.234 0.6000000238
21498  26.923  -51.353  12.939 0.4000000060
22343  27.129  -50.654  12.561 0.4000000060
20633  28.304  -51.979  12.961 0.4000000060
23173  27.756  -50.006  12.223 0.4000000060
23172  30.944  -49.747  12.149 0.5000000000
99919  30.290  -50.754  12.428 0.4000000060
22355  28.734  -49.946  12.018 0.4000000060
23186  29.231  -49.151  11.725 0.4000000060
23170  32.683  -49.609  12.558 0.5000000000
94777  33.354  -48.327  12.607 0.5000000000
26644  29.620  -46.238  11.404 0.4000000060
24931  34.414  -47.354  11.516 0.6000000238
22353  30.233  -50.126  12.168 0.4000000060
22342  28.225  -50.665  12.336 0.4000000060
23185  30.165  -49.412  11.927 0.4000000060
24020  32.553  -48.766  12.612 0.5000000000
24032  30.157  -48.550  11.731 0.4000000060
24933  29.846  -47.633  11.550 0.4000000060
24923  30.339  -46.878  11.751 0.4000000060
25816  34.544  -46.646  10.854 0.6000000238
25817  33.951  -46.525  11.821 0.6000000238
21497  27.727  -51.328  12.716 0.4000000060
22354  29.568  -49.840  11.993 0.4000000060
23171  31.643  -49.209  12.322 0.5000000000
23184  30.777  -49.088  12.020 0.5000000000
24031  31.052  -48.500  12.111 0.5000000000
24932  30.638  -47.775  11.921 0.5000000000
24921  32.430  -47.846  12.713 0.5000000000
24021  31.811  -48.446  12.457 0.5000000000
24922  31.438  -47.827  12.378 0.5000000000
24920  33.504  -47.372  12.425 0.6000000238
26632  30.435  -45.938  11.811 0.4000000060
26642  34.155  -45.816  11.149 0.6000000238
102783  32.618  -47.015  12.697 0.6000000238
100839  31.822  -47.107  12.605 0.5000000000
108233  31.083  -47.200  12.201 0.5000000000
25805  33.104  -46.420  12.506 0.6000000238
25806  32.205  -46.379  12.684 0.6000000238
26629  33.467  -45.695  12.055 0.6000000238
28375  31.418  -42.807  11.897 0.5000000000
29284  32.324  -42.595  11.630 0.6000000238
107031  31.856  -43.363  12.106 0.5000000000
28374  32.729  -43.435  11.772 0.6000000238
27470  32.206  -44.160  12.301 0.6000000238
110998  31.519  -43.897  12.199 0.5000000000
105107  31.190  -44.552  12.188 0.5000000000
110658  31.844  -45.772  12.599 0.5000000000
25807  31.263  -46.385  12.336 0.5000000000
27471  30.167  -44.618  11.598 0.5000000000
30103  31.578  -41.314  11.372 0.5000000000
29296  32.798  -42.130  10.914 0.6000000238
29283  33.159  -42.905  11.150 0.6000000238
27459  31.992  -45.057  12.523 0.6000000238
26631  31.200  -45.471  12.284 0.5000000000
27469  33.163  -44.204  11.759 0.6000000238
27458  32.881  -44.929  12.246 0.6000000238
24047  38.038  -49.009  9.509 0.4000000060
24049  36.547  -48.435  9.518 0.4000000060
24955  38.061  -47.561  8.934 0.5000000000
24027  38.021  -49.032  10.608 0.5000000000
23196  38.083  -50.042  10.017 0.5000000000
23203  38.042  -49.783  9.754 0.5000000000
99682  32.415  -50.967  12.536 0.5000000000
20632  29.380  -52.079  12.912 0.4000000060
102084  27.693  -48.844  11.907 0.4000000060
24934  29.039  -47.429  11.405 0.4000000060
22341  29.396  -50.577  12.284 0.4000000060
26630  32.586  -45.691  12.527 0.6000000238
23174  27.028  -49.946  12.448 0.3000000119
95833  28.524  -47.935  11.498 0.3000000119
23189  27.035  -48.694  12.291 0.3000000119
24935  28.151  -47.350  11.402 0.3000000119
24035  27.643  -48.086  11.782 0.3000000119
24936  27.183  -47.277  11.721 0.3000000119
21496  28.805  -51.346  12.581 0.4000000060
23204  37.656  -49.752  9.640 0.4000000060
24871  37.813  -47.752  17.355 0.6000000238
24884  39.432  -47.215  15.421 0.5000000000
24928  38.000  -48.193  10.610 0.4000000060
24954  38.415  -47.578  9.113 0.5000000000
25834  35.136  -46.367  9.541 0.6999999881
25838  38.075  -47.012  8.567 0.5000000000
26549  37.273  -45.679  17.352 0.6000000238
26566  38.480  -45.763  16.702 0.6999999881
26568  36.054  -45.325  16.806 0.6000000238
26643  30.527  -45.203  11.867 0.5000000000
27407  39.113  -44.504  16.101 0.5000000000
27468  36.913  -44.750  11.414 0.6999999881
27504  40.910  -44.559  6.676 0.8999999762
28329  38.165  -43.407  16.706 0.6999999881
28343  35.804  -43.800  15.195 0.6000000238
28358  40.610  -44.059  13.843 0.3000000119
28396  38.016  -43.802  9.655 0.6999999881
28403  39.958  -44.322  8.342 0.8999999762
28406  41.873  -43.901  6.150 0.8999999762
28408  38.723  -43.529  6.856 1.0000000000
29219  38.537  -42.233  16.481 0.6000000238
29272  36.401  -42.760  12.561 0.8000000119
29285  31.488  -42.079  11.649 0.5000000000
29309  41.052  -43.965  7.432 0.8999999762
29322  41.229  -43.749  5.872 0.8999999762
30063  39.652  -41.400  15.526 0.5000000000
30077  36.290  -41.688  14.365 0.6999999881
30098  36.529  -41.219  12.772 0.6999999881
30102  32.200  -41.823  11.326 0.5000000000
30107  37.414  -41.776  10.374 0.8000000119
30130  42.740  -41.664  4.910 0.6999999881
30132  39.928  -42.180  5.637 1.0000000000
30797  37.264  -40.880  16.213 0.6000000238
30841  37.613  -40.475  10.530 0.8000000119
30851  39.360  -40.023  8.661 0.8000000119
30876  43.030  -40.621  4.122 0.8000000119
30877  42.637  -40.556  4.023 0.8000000119
31551  44.654  -39.306  18.672 0.3000000119
31573  41.307  -39.494  16.587 0.3000000119
31588  37.021  -38.904  15.180 0.5000000000
31595  36.658  -39.605  13.739 0.6999999881
31645  43.114  -40.063  4.016 0.8000000119
32342  38.229  -38.107  15.924 0.4000000060
32378  38.890  -38.100  10.041 0.8000000119
32380  37.831  -38.920  10.892 0.6999999881
32415  46.670  -38.285  6.506 0.5000000000
32427  46.661  -38.084  5.893 0.4000000060
32993  44.521  -36.879  19.104 0.3000000119
33021  38.862  -37.779  16.238 0.4000000060
33028  39.018  -37.062  16.176 0.4000000060
33030  37.775  -37.810  15.387 0.5000000000
33139  44.766  -37.648  4.268 0.6999999881
33777  41.006  -36.850  17.374 0.3000000119
33825  37.832  -36.585  13.633 0.6000000238
33839  38.403  -36.201  12.224 0.6999999881
33857  45.865  -36.986  10.923 0.3000000119
34768  40.180  -35.012  15.161 0.4000000060
34770  38.863  -35.492  14.408 0.5000000000
34823  40.674  -34.943  11.259 0.6000000238
35836  41.637  -34.734  13.741 0.4000000060
37843  39.928  -32.670  2.739 0.3000000119
38897  40.917  -31.980  3.459 0.3000000119
40993  42.042  -29.710  10.782 0.4000000060
41000  43.783  -29.489  9.533 0.3000000119
41047  38.860  -29.609  5.214 0.4000000060
42835  42.619  -27.860  10.027 0.4000000060
101157  36.176  -47.163  17.815 0.5000000000
102062  39.832  -47.066  14.809 0.5000000000
103541  38.329  -49.471  10.091 0.5000000000
104575  33.252  -51.122  12.421 0.4000000060
105218  36.973  -41.094  11.516 0.6999999881
107515  38.492  -36.010  14.741 0.5000000000
108279  41.215  -38.336  4.392 0.8999999762
108511  40.548  -34.714  7.362 0.6999999881
109468  35.256  -44.806  8.629 0.8000000119
109800  33.827  -48.682  12.437 0.6000000238
113159  41.048  -39.575  7.189 0.8000000119
113288  36.659  -48.940  9.627 0.4000000060
113355  42.828  -38.211  18.665 0.3000000119
113448  34.277  -44.942  9.672 0.6999999881
