#!ascii label  , from subject sub-fsm50ww vox2ras=TkReg
1733
55040  -41.890  -33.519  74.129 0.0000000000
70220  -57.408  -18.613  52.890 0.0000000000
63518  -48.899  -25.270  62.067 0.0000000000
122874  -13.408  -48.957  72.528 0.0000000000
46685  -27.657  -42.205  75.428 0.0000000000
53123  -11.402  -36.961  72.052 0.0000000000
120754  -10.027  -40.179  79.211 0.0000000000
68360  -53.912  -21.117  56.374 0.0000000000
52110  -15.567  -37.564  66.978 0.0000000000
36795  -11.751  -52.593  78.715 0.0000000000
53220  -42.787  -34.879  66.096 0.0000000000
127551  -37.346  -35.005  73.293 0.0000000000
138213  -34.909  -36.487  76.689 0.0000000000
137197  -59.077  -17.720  49.303 0.0000000000
66326  -50.674  -22.886  59.965 0.0000000000
45548  -22.428  -42.506  72.646 0.0000000000
57100  -15.702  -32.195  69.829 0.0000000000
45559  -12.385  -42.621  72.331 0.0000000000
123416  -11.120  -41.421  68.521 0.0000000000
41836  -14.398  -47.116  68.141 0.0000000000
39748  -16.238  -48.680  82.559 0.0000000000
122520  -13.265  -48.286  82.145 0.0000000000
61537  -46.784  -28.183  64.859 0.0000000000
49885  -32.433  -38.472  79.342 0.0000000000
48977  -29.867  -39.903  72.631 0.0000000000
131088  -11.041  -38.102  75.886 0.0000000000
44512  -11.497  -45.052  75.357 0.0000000000
136393  -56.127  -22.238  54.943 0.0000000000
41655  -17.889  -46.550  80.986 0.0000000000
44491  -20.280  -44.357  76.742 0.0000000000
130830  -11.975  -37.362  69.255 0.0000000000
124061  -12.864  -40.834  65.751 0.0000000000
46637  -10.998  -42.672  82.959 0.0000000000
42617  -11.500  -46.579  79.285 0.0000000000
37810  -11.568  -51.142  75.374 0.0000000000
55051  -43.546  -33.055  73.173 0.0000000000
53117  -41.445  -35.249  71.860 0.0000000000
54131  -42.702  -34.822  70.508 0.0000000000
53074  -39.902  -35.129  73.640 0.0000000000
52051  -39.672  -35.675  71.109 0.0000000000
53049  -38.677  -34.408  76.406 0.0000000000
124485  -57.780  -18.074  50.253 0.0000000000
68396  -53.768  -20.695  51.376 0.0000000000
70249  -55.130  -19.123  49.620 0.0000000000
70261  -56.322  -18.437  47.906 0.0000000000
65363  -49.798  -23.960  60.583 0.0000000000
61609  -45.257  -26.719  61.139 0.0000000000
63547  -46.223  -25.641  59.715 0.0000000000
64515  -47.676  -24.117  58.217 0.0000000000
43594  -13.061  -45.604  72.491 0.0000000000
43611  -13.881  -44.678  70.658 0.0000000000
41803  -14.828  -47.747  70.230 0.0000000000
38904  -13.780  -50.094  67.546 0.0000000000
37861  -14.735  -51.291  70.095 0.0000000000
38730  -16.108  -50.150  80.266 0.0000000000
125087  -15.131  -50.739  80.993 0.0000000000
59380  -46.593  -30.128  66.224 0.0000000000
55125  -44.815  -32.533  66.668 0.0000000000
55140  -43.564  -33.169  64.449 0.0000000000
57158  -45.171  -31.728  65.687 0.0000000000
59411  -45.055  -29.691  64.133 0.0000000000
51928  -33.848  -36.264  81.133 0.0000000000
138672  -33.073  -36.585  73.166 0.0000000000
49947  -31.757  -38.041  74.596 0.0000000000
72102  -57.945  -16.947  45.724 0.0000000000
137228  -58.506  -15.639  45.036 0.0000000000
50935  -10.413  -38.830  77.337 0.0000000000
46684  -11.436  -42.085  75.553 0.0000000000
131054  -11.307  -42.299  77.047 0.0000000000
67407  -55.604  -22.160  55.832 0.0000000000
66363  -50.849  -22.987  55.102 0.0000000000
64537  -52.507  -24.112  54.187 0.0000000000
64563  -53.092  -24.387  53.147 0.0000000000
41644  -19.173  -45.857  83.279 0.0000000000
42611  -20.682  -44.917  81.977 0.0000000000
55054  -12.210  -34.494  72.614 0.0000000000
54122  -12.662  -34.424  71.996 0.0000000000
52057  -11.177  -37.275  70.667 0.0000000000
117559  -12.478  -43.834  66.958 0.0000000000
47941  -11.143  -41.074  67.232 0.0000000000
126506  -13.356  -43.940  65.823 0.0000000000
45447  -12.440  -43.409  83.440 0.0000000000
119315  -12.877  -50.516  80.527 0.0000000000
41650  -12.062  -47.265  80.859 0.0000000000
38738  -12.208  -49.735  79.204 0.0000000000
39796  -11.378  -49.000  77.037 0.0000000000
118549  -11.147  -51.796  77.296 0.0000000000
54174  -43.484  -33.631  67.953 0.0000000000
53015  -36.044  -35.861  79.888 0.0000000000
54058  -37.477  -35.033  78.636 0.0000000000
53057  -36.149  -35.567  75.577 0.0000000000
72093  -59.879  -17.310  47.037 0.0000000000
70269  -56.892  -17.981  46.822 0.0000000000
137379  -51.693  -21.190  58.377 0.0000000000
65387  -48.865  -22.827  57.300 0.0000000000
46721  -26.436  -41.807  72.180 0.0000000000
116228  -24.944  -42.542  74.152 0.0000000000
55098  -16.066  -34.550  69.067 0.0000000000
48986  -11.009  -40.523  72.197 0.0000000000
49975  -10.582  -40.006  69.758 0.0000000000
134393  -12.209  -42.212  70.510 0.0000000000
43625  -13.426  -44.293  68.491 0.0000000000
41861  -13.015  -47.244  66.149 0.0000000000
41625  -15.828  -46.478  84.449 0.0000000000
42593  -13.672  -46.153  83.851 0.0000000000
39741  -14.997  -48.698  83.059 0.0000000000
126375  -13.974  -50.679  81.214 0.0000000000
62546  -47.704  -26.333  63.113 0.0000000000
60532  -45.118  -28.053  62.823 0.0000000000
47854  -30.438  -40.609  77.907 0.0000000000
50942  -33.786  -37.401  78.128 0.0000000000
48955  -31.130  -39.120  75.723 0.0000000000
47883  -29.165  -40.883  73.523 0.0000000000
55043  -11.652  -34.718  74.069 0.0000000000
54075  -10.777  -35.640  75.957 0.0000000000
118615  -11.399  -38.230  74.105 0.0000000000
125952  -11.424  -41.101  73.937 0.0000000000
43592  -11.993  -44.147  74.162 0.0000000000
41754  -12.107  -46.490  74.141 0.0000000000
69293  -57.019  -20.234  54.184 0.0000000000
66378  -54.064  -23.267  53.008 0.0000000000
41634  -17.855  -46.717  84.513 0.0000000000
122169  -17.189  -47.957  81.946 0.0000000000
39779  -16.502  -48.811  78.990 0.0000000000
45517  -24.273  -43.129  76.004 0.0000000000
122170  -22.922  -43.954  77.859 0.0000000000
43531  -21.902  -44.622  79.866 0.0000000000
42629  -19.259  -45.332  78.865 0.0000000000
40765  -17.081  -47.683  77.231 0.0000000000
131202  -14.767  -32.110  71.330 0.0000000000
54140  -14.968  -34.839  70.441 0.0000000000
52092  -14.363  -37.496  68.583 0.0000000000
51026  -10.532  -39.637  68.532 0.0000000000
52123  -12.015  -38.597  66.877 0.0000000000
51052  -13.187  -38.612  65.756 0.0000000000
47829  -9.835  -40.958  81.176 0.0000000000
43509  -11.924  -45.147  82.764 0.0000000000
43513  -11.045  -44.889  81.474 0.0000000000
45469  -10.848  -43.506  79.525 0.0000000000
132762  -11.444  -45.925  77.145 0.0000000000
40800  -11.606  -47.653  75.622 0.0000000000
128232  -12.437  -49.744  74.107 0.0000000000
33813  -11.386  -55.348  77.314 0.0000000000
123938  -11.297  -54.193  75.213 0.0000000000
36843  -13.548  -52.492  72.170 0.0000000000
55041  -42.420  -33.178  74.056 0.0000000000
55995  -42.534  -32.519  74.943 0.0000000000
120007  -41.711  -34.415  73.076 0.0000000000
54112  -42.440  -34.346  72.088 0.0000000000
53076  -41.060  -34.426  73.786 0.0000000000
53095  -40.755  -35.230  72.625 0.0000000000
55025  -41.481  -33.257  75.024 0.0000000000
54074  -40.766  -33.719  75.145 0.0000000000
71118  -57.810  -18.229  52.141 0.0000000000
69295  -55.374  -19.857  52.120 0.0000000000
69305  -53.968  -20.037  50.424 0.0000000000
70230  -55.558  -19.198  51.146 0.0000000000
70240  -56.230  -18.729  50.399 0.0000000000
117021  -49.349  -24.793  61.622 0.0000000000
65342  -50.891  -24.000  62.520 0.0000000000
64464  -50.339  -24.524  63.033 0.0000000000
63529  -46.345  -25.822  60.513 0.0000000000
63531  -47.969  -25.162  60.891 0.0000000000
138201  -48.157  -24.683  60.195 0.0000000000
128233  -13.374  -47.347  72.328 0.0000000000
42683  -13.749  -46.586  71.802 0.0000000000
40832  -14.256  -48.196  71.469 0.0000000000
39864  -14.968  -49.249  70.296 0.0000000000
39863  -14.622  -49.911  70.973 0.0000000000
37781  -16.064  -50.953  78.530 0.0000000000
37776  -15.902  -51.039  78.895 0.0000000000
56079  -45.701  -31.700  66.955 0.0000000000
117885  -44.820  -32.203  65.694 0.0000000000
57150  -45.696  -31.362  66.094 0.0000000000
58298  -45.955  -30.676  65.804 0.0000000000
72104  -59.319  -16.814  45.914 0.0000000000
73059  -58.434  -16.126  45.265 0.0000000000
75068  -59.494  -14.828  45.175 0.0000000000
49877  -10.076  -39.602  78.603 0.0000000000
131048  -10.693  -40.324  77.580 0.0000000000
47846  -10.596  -41.243  78.501 0.0000000000
67406  -54.916  -21.704  56.023 0.0000000000
68352  -56.090  -20.579  57.684 0.0000000000
66353  -51.826  -22.366  55.454 0.0000000000
65410  -51.354  -23.706  54.534 0.0000000000
66355  -53.560  -22.413  55.404 0.0000000000
130815  -53.893  -23.340  54.717 0.0000000000
42605  -20.878  -44.880  83.439 0.0000000000
42608  -21.762  -44.551  82.804 0.0000000000
46663  -28.750  -42.051  77.402 0.0000000000
126699  -27.225  -42.585  76.589 0.0000000000
53189  -16.685  -36.635  67.635 0.0000000000
53103  -11.531  -36.145  72.377 0.0000000000
54120  -11.859  -35.443  71.890 0.0000000000
53142  -11.364  -36.835  71.412 0.0000000000
43652  -12.924  -45.385  65.999 0.0000000000
44587  -12.656  -43.833  66.451 0.0000000000
43653  -13.277  -45.653  65.738 0.0000000000
46626  -13.243  -43.024  83.416 0.0000000000
45435  -14.090  -44.313  83.846 0.0000000000
36790  -12.412  -51.904  79.597 0.0000000000
38728  -12.400  -49.638  79.881 0.0000000000
37775  -11.879  -51.134  79.012 0.0000000000
38753  -11.548  -50.495  78.114 0.0000000000
36801  -11.351  -52.670  78.210 0.0000000000
124308  -43.640  -33.824  70.571 0.0000000000
55091  -43.408  -33.847  69.523 0.0000000000
55092  -44.072  -33.270  70.117 0.0000000000
55104  -44.434  -32.619  68.773 0.0000000000
53073  -38.323  -35.271  74.729 0.0000000000
53046  -37.577  -35.296  75.775 0.0000000000
53091  -36.923  -35.145  74.304 0.0000000000
53089  -34.668  -35.619  73.753 0.0000000000
120533  -59.628  -17.505  48.122 0.0000000000
70255  -56.972  -18.273  48.435 0.0000000000
116327  -56.400  -18.301  47.307 0.0000000000
70263  -58.018  -17.728  47.600 0.0000000000
71160  -58.537  -17.486  47.103 0.0000000000
67385  -51.348  -21.744  59.211 0.0000000000
67375  -52.611  -21.274  60.329 0.0000000000
67357  -52.266  -21.925  60.814 0.0000000000
65378  -49.472  -23.238  59.182 0.0000000000
65386  -48.249  -23.441  57.830 0.0000000000
66337  -49.987  -22.544  58.560 0.0000000000
67389  -50.498  -21.894  57.616 0.0000000000
134118  -15.928  -32.505  69.171 0.0000000000
56062  -16.113  -33.976  68.551 0.0000000000
56049  -15.848  -33.728  69.350 0.0000000000
130179  -11.185  -41.210  72.318 0.0000000000
47900  -11.173  -41.097  70.998 0.0000000000
45572  -12.373  -42.312  71.325 0.0000000000
42704  -14.501  -46.070  69.483 0.0000000000
43618  -13.812  -44.506  69.441 0.0000000000
42714  -13.836  -45.632  68.160 0.0000000000
42725  -13.535  -45.969  67.375 0.0000000000
41849  -13.502  -47.064  66.810 0.0000000000
40882  -13.794  -48.501  67.084 0.0000000000
39737  -16.464  -47.615  83.689 0.0000000000
119713  -15.195  -47.803  83.698 0.0000000000
39742  -15.667  -48.501  83.137 0.0000000000
139182  -15.040  -51.738  80.035 0.0000000000
36775  -14.601  -50.860  80.877 0.0000000000
35714  -14.149  -51.610  80.761 0.0000000000
36783  -13.620  -51.860  80.442 0.0000000000
61554  -47.274  -27.337  64.356 0.0000000000
60500  -45.546  -29.182  64.321 0.0000000000
60519  -44.692  -29.258  63.499 0.0000000000
60521  -45.869  -28.255  63.906 0.0000000000
61574  -46.332  -27.390  63.460 0.0000000000
48910  -31.719  -39.432  80.451 0.0000000000
47844  -30.967  -40.415  79.599 0.0000000000
48932  -31.099  -39.769  78.860 0.0000000000
51959  -36.023  -36.059  78.602 0.0000000000
124040  -34.940  -36.801  79.130 0.0000000000
50956  -34.012  -37.227  77.333 0.0000000000
48979  -30.826  -38.895  73.227 0.0000000000
49932  -31.546  -38.593  75.507 0.0000000000
48969  -30.663  -39.471  74.240 0.0000000000
47877  -30.358  -40.209  75.394 0.0000000000
47893  -29.564  -40.352  73.057 0.0000000000
46724  -28.203  -41.016  72.239 0.0000000000
116077  -10.236  -36.968  76.832 0.0000000000
115966  -10.598  -36.906  76.150 0.0000000000
53063  -11.181  -36.574  74.855 0.0000000000
117874  -11.290  -38.148  75.098 0.0000000000
49938  -11.306  -39.705  74.198 0.0000000000
49929  -11.358  -39.682  75.257 0.0000000000
123023  -11.477  -43.095  75.430 0.0000000000
46694  -11.547  -42.483  74.871 0.0000000000
131082  -11.545  -44.474  75.027 0.0000000000
43585  -11.682  -44.980  74.660 0.0000000000
43578  -11.535  -45.517  74.979 0.0000000000
67418  -56.467  -21.564  54.708 0.0000000000
69290  -57.496  -19.837  55.213 0.0000000000
68381  -57.347  -20.518  55.524 0.0000000000
65421  -54.835  -23.332  54.155 0.0000000000
120757  -53.394  -24.090  52.936 0.0000000000
134891  -55.144  -22.757  53.846 0.0000000000
67420  -54.819  -22.036  53.192 0.0000000000
42592  -18.683  -45.576  84.998 0.0000000000
41651  -18.126  -46.607  82.108 0.0000000000
40729  -17.842  -47.173  82.544 0.0000000000
40734  -17.641  -46.983  81.436 0.0000000000
120340  -16.700  -48.247  80.515 0.0000000000
40739  -16.667  -48.083  79.884 0.0000000000
45536  -23.401  -42.424  73.348 0.0000000000
116082  -24.748  -42.979  75.374 0.0000000000
45526  -23.170  -42.847  74.293 0.0000000000
44503  -20.234  -44.135  75.729 0.0000000000
44505  -22.075  -43.770  76.640 0.0000000000
44492  -21.286  -44.137  77.164 0.0000000000
44467  -22.522  -44.235  79.262 0.0000000000
43544  -20.844  -44.736  78.654 0.0000000000
43529  -20.101  -45.034  79.251 0.0000000000
43542  -19.113  -45.271  77.975 0.0000000000
41709  -17.474  -47.107  76.620 0.0000000000
58237  -14.414  -32.149  72.013 0.0000000000
53146  -12.846  -36.061  70.649 0.0000000000
54139  -13.527  -35.407  70.970 0.0000000000
53147  -13.726  -36.106  70.470 0.0000000000
53165  -14.295  -36.600  69.959 0.0000000000
133612  -12.713  -37.540  68.710 0.0000000000
47918  -10.653  -40.727  69.226 0.0000000000
49981  -10.477  -40.013  69.270 0.0000000000
127417  -10.703  -40.833  68.679 0.0000000000
133802  -12.097  -41.075  66.376 0.0000000000
49996  -11.455  -39.904  66.652 0.0000000000
50006  -12.077  -39.907  66.298 0.0000000000
51051  -12.411  -38.900  66.180 0.0000000000
50007  -12.600  -39.617  65.804 0.0000000000
50017  -13.568  -39.080  64.692 0.0000000000
47808  -10.291  -41.674  82.480 0.0000000000
41636  -13.408  -46.948  83.001 0.0000000000
115733  -12.874  -45.784  83.192 0.0000000000
41642  -12.638  -46.498  82.337 0.0000000000
41653  -11.795  -47.356  79.987 0.0000000000
42609  -11.434  -45.784  81.062 0.0000000000
138487  -11.233  -45.530  80.182 0.0000000000
45464  -10.664  -43.884  80.298 0.0000000000
44466  -11.280  -45.117  79.142 0.0000000000
44477  -11.382  -44.985  78.282 0.0000000000
124555  -11.470  -46.395  78.622 0.0000000000
38777  -11.297  -49.722  76.592 0.0000000000
40787  -11.452  -48.136  76.336 0.0000000000
39816  -11.599  -49.312  75.683 0.0000000000
128419  -12.060  -48.647  74.861 0.0000000000
129177  -11.829  -50.635  75.025 0.0000000000
32887  -11.271  -56.108  76.398 0.0000000000
34756  -11.089  -54.776  76.234 0.0000000000
56022  -44.166  -32.985  72.606 0.0000000000
52064  -41.168  -35.942  70.080 0.0000000000
52065  -41.591  -35.804  69.444 0.0000000000
53137  -42.201  -35.234  70.833 0.0000000000
54113  -43.121  -34.022  71.736 0.0000000000
53092  -38.737  -35.461  73.030 0.0000000000
52026  -39.632  -35.617  72.200 0.0000000000
127813  -40.424  -35.661  71.358 0.0000000000
53059  -39.273  -34.880  75.028 0.0000000000
71147  -58.681  -17.788  49.781 0.0000000000
69322  -53.451  -19.893  49.133 0.0000000000
69323  -54.113  -19.451  48.710 0.0000000000
69334  -55.033  -18.829  47.540 0.0000000000
70253  -55.395  -18.908  48.831 0.0000000000
133721  -56.743  -18.450  49.074 0.0000000000
65364  -50.416  -23.395  60.407 0.0000000000
65354  -51.588  -22.903  61.380 0.0000000000
65343  -51.395  -23.434  62.076 0.0000000000
66297  -52.004  -23.176  62.796 0.0000000000
61608  -43.939  -27.746  60.878 0.0000000000
62601  -44.230  -27.215  59.445 0.0000000000
62617  -45.121  -26.409  58.727 0.0000000000
63561  -45.618  -25.837  58.246 0.0000000000
132109  -46.287  -25.131  57.972 0.0000000000
64505  -47.000  -24.807  58.565 0.0000000000
65362  -49.318  -23.845  59.926 0.0000000000
135026  -12.763  -44.135  72.758 0.0000000000
45560  -12.758  -42.936  71.638 0.0000000000
43603  -13.578  -45.083  71.681 0.0000000000
134709  -14.441  -46.097  70.358 0.0000000000
41837  -14.784  -47.757  68.627 0.0000000000
39889  -14.224  -49.095  67.618 0.0000000000
39875  -15.052  -49.049  69.237 0.0000000000
38893  -14.655  -50.666  68.918 0.0000000000
38723  -16.300  -49.290  81.499 0.0000000000
133163  -15.545  -49.742  81.702 0.0000000000
37765  -15.836  -50.327  80.563 0.0000000000
60482  -46.393  -29.206  65.292 0.0000000000
54193  -43.857  -33.481  66.203 0.0000000000
53233  -43.203  -34.285  64.836 0.0000000000
55129  -44.239  -33.143  65.988 0.0000000000
118199  -43.962  -32.523  64.740 0.0000000000
57166  -44.404  -31.827  64.853 0.0000000000
58308  -45.107  -30.812  65.009 0.0000000000
59388  -45.880  -30.086  65.293 0.0000000000
50914  -33.616  -37.433  80.302 0.0000000000
52009  -33.625  -36.690  74.960 0.0000000000
50972  -33.375  -37.374  76.158 0.0000000000
52008  -32.822  -37.131  74.575 0.0000000000
49955  -31.101  -38.487  72.868 0.0000000000
72120  -56.807  -16.351  44.820 0.0000000000
73067  -57.014  -15.866  44.578 0.0000000000
74058  -57.174  -15.346  44.347 0.0000000000
75073  -57.304  -14.657  44.143 0.0000000000
131066  -10.761  -39.113  76.887 0.0000000000
48953  -11.341  -40.378  75.858 0.0000000000
48945  -11.079  -40.309  76.778 0.0000000000
47862  -11.350  -41.689  76.329 0.0000000000
137271  -11.433  -43.237  76.557 0.0000000000
66357  -55.766  -22.415  55.387 0.0000000000
68364  -57.005  -21.119  56.805 0.0000000000
63614  -50.869  -25.327  53.537 0.0000000000
62687  -50.999  -25.566  53.226 0.0000000000
63632  -52.087  -25.207  52.794 0.0000000000
64554  -52.870  -24.244  53.854 0.0000000000
65413  -54.217  -23.514  54.413 0.0000000000
42596  -19.558  -45.373  84.389 0.0000000000
42597  -20.301  -44.988  84.207 0.0000000000
41648  -19.385  -45.670  82.840 0.0000000000
41656  -19.043  -45.590  81.514 0.0000000000
44520  -19.872  -44.044  74.092 0.0000000000
43563  -18.870  -45.066  76.336 0.0000000000
56015  -12.802  -33.788  72.658 0.0000000000
56026  -13.584  -33.241  72.120 0.0000000000
130614  -12.364  -34.600  72.171 0.0000000000
54137  -11.914  -35.724  71.440 0.0000000000
53162  -11.579  -36.828  70.180 0.0000000000
45637  -11.890  -42.515  67.914 0.0000000000
47933  -10.945  -41.137  67.941 0.0000000000
46805  -11.799  -42.320  67.275 0.0000000000
46825  -12.131  -42.449  66.747 0.0000000000
46842  -13.198  -42.330  65.876 0.0000000000
48884  -12.516  -41.395  82.665 0.0000000000
47795  -11.704  -41.869  82.941 0.0000000000
46624  -11.676  -42.913  83.213 0.0000000000
118592  -13.012  -49.274  81.305 0.0000000000
39750  -12.611  -48.200  81.329 0.0000000000
38720  -12.561  -49.370  80.447 0.0000000000
39756  -12.408  -48.840  80.145 0.0000000000
40738  -11.748  -48.246  78.897 0.0000000000
117053  -11.541  -47.734  78.133 0.0000000000
38752  -11.541  -49.721  77.863 0.0000000000
130580  -11.223  -50.553  76.879 0.0000000000
37794  -11.162  -51.493  76.620 0.0000000000
52118  -42.206  -35.397  67.035 0.0000000000
53183  -42.094  -35.064  68.390 0.0000000000
126231  -42.678  -34.441  67.879 0.0000000000
53198  -43.157  -34.082  67.218 0.0000000000
55117  -44.116  -33.157  67.176 0.0000000000
56071  -45.096  -32.146  67.663 0.0000000000
51968  -36.620  -35.738  78.101 0.0000000000
53040  -37.946  -34.706  77.222 0.0000000000
135079  -36.790  -35.613  77.101 0.0000000000
51991  -35.562  -36.006  76.324 0.0000000000
53069  -34.162  -36.206  74.392 0.0000000000
70279  -55.476  -18.325  46.206 0.0000000000
71175  -57.493  -17.288  45.979 0.0000000000
72097  -59.006  -17.071  46.222 0.0000000000
68349  -52.439  -20.667  57.912 0.0000000000
68344  -54.800  -19.963  59.206 0.0000000000
68343  -53.194  -20.590  59.644 0.0000000000
64523  -46.544  -24.216  56.548 0.0000000000
66351  -50.041  -22.885  55.428 0.0000000000
67403  -51.060  -21.994  56.277 0.0000000000
46695  -26.907  -42.078  73.931 0.0000000000
126884  -26.492  -42.393  74.645 0.0000000000
45539  -25.736  -42.033  72.731 0.0000000000
117543  -24.151  -42.128  72.760 0.0000000000
55108  -16.466  -34.766  68.312 0.0000000000
53177  -16.293  -36.328  68.493 0.0000000000
123451  -11.098  -39.029  71.972 0.0000000000
51003  -11.047  -38.588  71.477 0.0000000000
48994  -10.884  -40.194  71.270 0.0000000000
47909  -10.956  -40.954  70.369 0.0000000000
45616  -11.832  -42.139  69.185 0.0000000000
45573  -12.677  -42.729  70.576 0.0000000000
45593  -12.669  -43.089  69.324 0.0000000000
135351  -12.168  -42.709  68.685 0.0000000000
43634  -13.078  -44.431  67.597 0.0000000000
44418  -14.850  -45.185  84.391 0.0000000000
42587  -14.862  -46.126  84.342 0.0000000000
41629  -14.238  -47.180  83.596 0.0000000000
39739  -14.117  -48.557  82.726 0.0000000000
38715  -15.156  -49.510  82.249 0.0000000000
37751  -14.482  -49.940  81.843 0.0000000000
38712  -13.614  -49.697  81.636 0.0000000000
37763  -13.256  -50.791  80.721 0.0000000000
35718  -12.835  -51.956  80.023 0.0000000000
123865  -12.434  -52.786  79.569 0.0000000000
63505  -48.297  -25.786  62.575 0.0000000000
63507  -49.594  -25.136  63.284 0.0000000000
63496  -49.057  -25.720  63.674 0.0000000000
54210  -43.022  -34.482  63.226 0.0000000000
60539  -43.649  -28.431  61.533 0.0000000000
62561  -46.745  -26.376  62.065 0.0000000000
121973  -29.777  -41.458  78.203 0.0000000000
116486  -29.206  -41.600  76.132 0.0000000000
51937  -35.384  -36.225  80.207 0.0000000000
50925  -34.426  -37.022  79.765 0.0000000000
49896  -33.120  -37.927  78.973 0.0000000000
50954  -32.828  -37.764  76.517 0.0000000000
49921  -32.283  -38.208  76.857 0.0000000000
48940  -31.911  -38.679  78.104 0.0000000000
48946  -30.652  -39.859  76.633 0.0000000000
47869  -30.028  -40.717  75.643 0.0000000000
46698  -28.699  -41.604  74.705 0.0000000000
46723  -27.839  -41.421  72.777 0.0000000000
76069  -56.930  -13.489  43.818 0.0000000000
76980  -56.857  -12.307  43.623 0.0000000000
77908  -57.094  -11.323  42.688 0.0000000000
55053  -11.841  -34.734  73.127 0.0000000000
54093  -11.525  -36.002  73.295 0.0000000000
55034  -11.114  -35.147  75.560 0.0000000000
119780  -11.382  -35.901  74.256 0.0000000000
52015  -11.436  -37.529  73.524 0.0000000000
122288  -11.226  -39.035  72.687 0.0000000000
119886  -11.121  -40.834  73.018 0.0000000000
47882  -11.446  -41.521  73.200 0.0000000000
47874  -11.494  -41.535  74.832 0.0000000000
131049  -11.643  -41.918  74.118 0.0000000000
45546  -12.243  -43.271  73.346 0.0000000000
44532  -12.400  -44.113  73.466 0.0000000000
135264  -12.537  -46.269  73.234 0.0000000000
40821  -13.100  -48.100  72.782 0.0000000000
131260  -57.083  -19.274  53.666 0.0000000000
63639  -52.134  -25.031  52.354 0.0000000000
65451  -52.295  -23.958  51.928 0.0000000000
66395  -52.249  -23.066  51.534 0.0000000000
136710  -53.520  -22.125  52.146 0.0000000000
68390  -55.080  -20.785  52.849 0.0000000000
41627  -17.152  -46.463  84.931 0.0000000000
40722  -17.271  -47.485  83.526 0.0000000000
41639  -18.465  -46.603  83.912 0.0000000000
40723  -17.906  -47.177  83.512 0.0000000000
119725  -16.687  -48.336  82.506 0.0000000000
38755  -16.454  -49.665  79.317 0.0000000000
116229  -25.956  -42.970  76.114 0.0000000000
130415  -25.600  -43.112  76.990 0.0000000000
45496  -24.965  -43.324  77.619 0.0000000000
44516  -22.497  -43.380  75.895 0.0000000000
44494  -23.381  -43.608  77.325 0.0000000000
44481  -23.974  -43.923  78.838 0.0000000000
44468  -23.382  -44.105  79.484 0.0000000000
43527  -22.892  -44.302  81.028 0.0000000000
43520  -22.218  -44.548  81.609 0.0000000000
43519  -21.396  -44.803  81.351 0.0000000000
118938  -19.262  -45.470  80.405 0.0000000000
42618  -18.605  -45.876  79.995 0.0000000000
42641  -18.341  -45.656  77.551 0.0000000000
42627  -17.554  -46.621  78.383 0.0000000000
41674  -17.058  -47.206  78.844 0.0000000000
40756  -16.729  -48.076  78.164 0.0000000000
57093  -15.273  -31.942  70.651 0.0000000000
55070  -14.019  -33.276  71.731 0.0000000000
124716  -14.533  -33.376  71.268 0.0000000000
56048  -15.357  -33.417  70.055 0.0000000000
54153  -15.399  -35.392  69.928 0.0000000000
53176  -15.631  -36.823  68.952 0.0000000000
52109  -14.830  -37.615  67.608 0.0000000000
52070  -10.923  -38.001  70.472 0.0000000000
132568  -10.615  -38.594  69.314 0.0000000000
52088  -10.833  -38.146  69.024 0.0000000000
49022  -10.824  -40.633  67.580 0.0000000000
51037  -10.790  -39.315  67.965 0.0000000000
52090  -12.162  -37.767  68.232 0.0000000000
52107  -12.511  -38.176  67.358 0.0000000000
135058  -14.143  -38.086  67.029 0.0000000000
123595  -14.338  -38.067  65.677 0.0000000000
52151  -14.122  -38.141  64.834 0.0000000000
44429  -13.559  -44.990  83.859 0.0000000000
44437  -12.246  -44.683  83.263 0.0000000000
44443  -11.206  -44.206  82.806 0.0000000000
134623  -12.105  -46.081  81.819 0.0000000000
128823  -11.152  -44.854  82.157 0.0000000000
45455  -10.441  -43.421  82.065 0.0000000000
46644  -10.129  -42.700  81.484 0.0000000000
134539  -10.491  -42.913  80.032 0.0000000000
115828  -10.488  -41.679  79.170 0.0000000000
122707  -11.221  -42.671  77.978 0.0000000000
119467  -11.427  -44.561  77.434 0.0000000000
122968  -11.452  -45.265  76.018 0.0000000000
117467  -11.513  -47.184  77.253 0.0000000000
42648  -11.514  -46.934  76.569 0.0000000000
42662  -11.505  -46.413  75.537 0.0000000000
40809  -11.853  -47.717  75.015 0.0000000000
122218  -12.242  -48.299  74.344 0.0000000000
135176  -13.130  -49.331  72.894 0.0000000000
34737  -12.038  -54.455  78.824 0.0000000000
126026  -11.846  -55.819  77.913 0.0000000000
35743  -11.565  -54.017  78.330 0.0000000000
126606  -11.074  -54.039  77.203 0.0000000000
35758  -11.022  -53.177  76.201 0.0000000000
128546  -11.466  -52.859  75.207 0.0000000000
34767  -11.606  -54.299  74.540 0.0000000000
36826  -11.796  -52.640  74.743 0.0000000000
37817  -12.381  -51.359  74.023 0.0000000000
37831  -12.813  -51.380  73.262 0.0000000000
37847  -13.723  -50.566  72.211 0.0000000000
37860  -14.470  -51.525  70.818 0.0000000000
36873  -13.953  -52.780  69.648 0.0000000000
56000  -42.773  -32.631  74.532 0.0000000000
55033  -42.254  -32.968  74.519 0.0000000000
54091  -42.060  -33.784  73.572 0.0000000000
54089  -41.462  -33.940  74.081 0.0000000000
54090  -41.585  -34.133  73.643 0.0000000000
55032  -41.879  -33.212  74.576 0.0000000000
54083  -41.481  -33.595  74.519 0.0000000000
55026  -42.020  -32.863  74.960 0.0000000000
70232  -57.014  -18.619  51.901 0.0000000000
70231  -56.116  -19.225  52.043 0.0000000000
126841  -56.375  -18.807  51.242 0.0000000000
64483  -48.747  -24.959  61.327 0.0000000000
64463  -49.664  -24.842  62.344 0.0000000000
63517  -48.150  -25.514  61.777 0.0000000000
63516  -47.349  -25.778  61.509 0.0000000000
40831  -13.633  -48.128  72.143 0.0000000000
129479  -14.000  -48.782  71.971 0.0000000000
129485  -14.485  -49.025  71.277 0.0000000000
39853  -14.036  -49.675  71.949 0.0000000000
119835  -15.770  -51.719  78.263 0.0000000000
56086  -45.698  -31.625  66.502 0.0000000000
48923  -10.363  -40.404  78.378 0.0000000000
68361  -54.873  -20.730  56.931 0.0000000000
68351  -54.611  -20.207  58.128 0.0000000000
67405  -53.175  -21.683  55.912 0.0000000000
66354  -52.742  -22.307  55.406 0.0000000000
128756  -54.151  -22.088  55.681 0.0000000000
121442  -22.367  -44.459  83.797 0.0000000000
42606  -21.620  -44.605  83.377 0.0000000000
43510  -22.411  -44.392  83.210 0.0000000000
46674  -28.629  -42.020  76.569 0.0000000000
45499  -27.924  -42.390  77.151 0.0000000000
46673  -27.872  -42.258  76.213 0.0000000000
52111  -16.300  -37.268  67.168 0.0000000000
53203  -16.814  -36.876  66.717 0.0000000000
136349  -11.480  -36.469  71.871 0.0000000000
139502  -11.309  -37.239  71.552 0.0000000000
46609  -14.521  -44.130  83.909 0.0000000000
36796  -12.137  -52.501  79.193 0.0000000000
36789  -12.039  -51.821  79.092 0.0000000000
117506  -11.598  -51.902  78.575 0.0000000000
55078  -44.249  -33.261  71.073 0.0000000000
56041  -44.663  -32.699  70.647 0.0000000000
56055  -44.503  -32.650  69.699 0.0000000000
116671  -37.931  -35.255  73.596 0.0000000000
53072  -37.526  -35.280  74.686 0.0000000000
71156  -59.458  -17.607  48.867 0.0000000000
133557  -58.609  -17.801  48.906 0.0000000000
70256  -57.859  -17.894  48.291 0.0000000000
71155  -58.813  -17.640  48.021 0.0000000000
66327  -51.175  -22.453  59.991 0.0000000000
67374  -51.793  -21.807  60.128 0.0000000000
66317  -51.684  -22.442  60.760 0.0000000000
65379  -50.192  -23.038  59.557 0.0000000000
66338  -50.628  -22.323  59.092 0.0000000000
58244  -15.900  -31.530  69.991 0.0000000000
119020  -15.980  -31.859  69.177 0.0000000000
57110  -15.702  -32.916  69.600 0.0000000000
46734  -12.065  -41.934  71.950 0.0000000000
42715  -14.293  -46.209  68.550 0.0000000000
42703  -14.118  -45.383  69.009 0.0000000000
41835  -13.967  -46.512  67.676 0.0000000000
41850  -13.984  -47.517  67.311 0.0000000000
121385  -13.500  -47.987  66.732 0.0000000000
39743  -16.273  -48.356  83.006 0.0000000000
39736  -15.899  -47.984  83.556 0.0000000000
38711  -15.867  -48.765  82.696 0.0000000000
35715  -14.445  -51.480  80.350 0.0000000000
61538  -47.439  -27.613  65.107 0.0000000000
52147  -42.221  -35.572  65.521 0.0000000000
61553  -46.572  -27.810  64.146 0.0000000000
124431  -32.576  -38.308  80.703 0.0000000000
48922  -31.918  -39.017  79.745 0.0000000000
47845  -31.462  -39.636  79.678 0.0000000000
48933  -31.767  -38.974  78.938 0.0000000000
51966  -35.185  -36.530  77.745 0.0000000000
51958  -35.274  -36.552  78.454 0.0000000000
51978  -34.703  -36.743  77.260 0.0000000000
135324  -30.455  -39.254  72.848 0.0000000000
48970  -31.015  -38.945  74.044 0.0000000000
137624  -30.233  -39.570  72.944 0.0000000000
47894  -30.161  -39.900  73.518 0.0000000000
47903  -29.358  -40.246  72.162 0.0000000000
51969  -10.626  -37.630  76.331 0.0000000000
51982  -11.040  -37.318  75.573 0.0000000000
50977  -11.395  -38.943  74.672 0.0000000000
50961  -11.242  -38.840  75.670 0.0000000000
45524  -11.502  -44.098  75.323 0.0000000000
44519  -11.547  -45.040  74.999 0.0000000000
43577  -11.496  -45.698  75.265 0.0000000000
67415  -56.535  -21.665  54.835 0.0000000000
68380  -57.076  -20.919  55.232 0.0000000000
66373  -55.746  -22.535  54.798 0.0000000000
65424  -54.713  -23.371  53.841 0.0000000000
66374  -55.588  -22.523  54.461 0.0000000000
67417  -55.869  -21.974  54.323 0.0000000000
118497  -18.349  -46.195  81.560 0.0000000000
41654  -17.227  -47.345  80.617 0.0000000000
45535  -22.418  -42.746  73.601 0.0000000000
44504  -21.135  -43.997  76.201 0.0000000000
44478  -21.486  -44.319  78.087 0.0000000000
43555  -20.621  -44.551  77.737 0.0000000000
43543  -19.990  -45.005  78.311 0.0000000000
43554  -19.778  -44.878  77.435 0.0000000000
57085  -13.888  -32.715  72.652 0.0000000000
53163  -12.349  -36.726  70.059 0.0000000000
53164  -13.316  -36.704  69.983 0.0000000000
52073  -12.975  -37.268  69.371 0.0000000000
47926  -10.877  -41.167  69.043 0.0000000000
49009  -10.519  -40.422  68.960 0.0000000000
49029  -11.691  -40.411  66.513 0.0000000000
47953  -12.398  -40.274  66.066 0.0000000000
49030  -12.987  -40.011  65.460 0.0000000000
47794  -11.070  -41.619  82.920 0.0000000000
46636  -10.560  -42.270  82.634 0.0000000000
40725  -13.374  -47.784  82.641 0.0000000000
41643  -12.970  -47.095  82.465 0.0000000000
40724  -12.863  -47.789  82.008 0.0000000000
42613  -11.512  -46.645  79.893 0.0000000000
43523  -11.333  -46.036  79.815 0.0000000000
123935  -11.232  -45.344  79.760 0.0000000000
43528  -11.376  -45.900  79.259 0.0000000000
43541  -11.402  -45.710  78.669 0.0000000000
124608  -11.398  -50.751  75.805 0.0000000000
38791  -11.370  -49.996  76.012 0.0000000000
38803  -11.599  -50.276  75.486 0.0000000000
30905  -11.591  -57.998  76.035 0.0000000000
31879  -11.576  -57.306  76.459 0.0000000000
31886  -11.359  -57.244  75.860 0.0000000000
138649  -41.197  -35.683  70.675 0.0000000000
53155  -41.669  -35.626  70.360 0.0000000000
53136  -41.587  -35.441  71.118 0.0000000000
55061  -42.921  -33.710  72.601 0.0000000000
55062  -43.671  -33.465  72.239 0.0000000000
119387  -39.283  -35.532  72.712 0.0000000000
53093  -39.750  -35.425  72.881 0.0000000000
53116  -40.886  -35.454  71.969 0.0000000000
52042  -40.410  -35.566  71.993 0.0000000000
52052  -40.761  -35.767  70.649 0.0000000000
53061  -40.492  -34.446  74.338 0.0000000000
53060  -39.813  -34.486  75.017 0.0000000000
116916  -39.937  -34.781  74.313 0.0000000000
139387  -39.437  -35.068  74.318 0.0000000000
71131  -59.434  -17.581  50.429 0.0000000000
118619  -58.603  -17.779  50.772 0.0000000000
68395  -53.258  -21.452  51.607 0.0000000000
67446  -52.437  -21.172  50.478 0.0000000000
68403  -53.160  -20.731  50.692 0.0000000000
130649  -54.499  -19.519  49.815 0.0000000000
69304  -53.474  -20.143  49.881 0.0000000000
69316  -54.019  -19.686  49.488 0.0000000000
69317  -54.669  -19.296  49.097 0.0000000000
69324  -54.839  -19.122  48.338 0.0000000000
70241  -57.032  -18.464  50.789 0.0000000000
70251  -56.923  -18.441  49.825 0.0000000000
70242  -57.644  -18.084  49.208 0.0000000000
65353  -50.912  -23.413  61.200 0.0000000000
65352  -50.345  -23.802  61.063 0.0000000000
128223  -51.430  -23.650  62.824 0.0000000000
65324  -51.710  -23.473  63.521 0.0000000000
62583  -44.571  -27.259  61.115 0.0000000000
132212  -44.864  -26.735  60.452 0.0000000000
62603  -45.550  -26.205  60.218 0.0000000000
62618  -45.614  -26.047  59.208 0.0000000000
63562  -46.271  -25.449  58.868 0.0000000000
63548  -46.905  -25.074  59.468 0.0000000000
64493  -49.195  -24.226  60.406 0.0000000000
64492  -48.705  -24.273  59.969 0.0000000000
43602  -13.118  -44.598  72.284 0.0000000000
139184  -13.521  -45.908  71.944 0.0000000000
41802  -14.537  -47.533  70.881 0.0000000000
42692  -14.319  -46.687  71.023 0.0000000000
42693  -14.712  -46.911  70.091 0.0000000000
41820  -14.915  -47.634  69.487 0.0000000000
40854  -15.016  -48.275  69.088 0.0000000000
40844  -14.972  -48.373  69.865 0.0000000000
38879  -14.861  -50.705  69.789 0.0000000000
126005  -14.985  -49.938  69.477 0.0000000000
37873  -14.559  -51.386  69.375 0.0000000000
37884  -14.039  -51.373  68.525 0.0000000000
37872  -13.972  -52.106  69.061 0.0000000000
38731  -16.317  -49.436  80.817 0.0000000000
129397  -15.902  -49.930  80.929 0.0000000000
130183  -16.036  -50.444  80.001 0.0000000000
60466  -46.898  -29.405  65.967 0.0000000000
55124  -44.401  -32.925  66.452 0.0000000000
56098  -44.709  -31.877  65.144 0.0000000000
58307  -44.782  -31.146  64.905 0.0000000000
58297  -45.012  -31.395  65.281 0.0000000000
131127  -33.468  -37.126  81.059 0.0000000000
50906  -34.111  -36.858  80.614 0.0000000000
52024  -33.395  -36.645  74.236 0.0000000000
52023  -32.736  -36.927  73.671 0.0000000000
71185  -57.057  -17.083  45.592 0.0000000000
72109  -56.523  -16.823  45.106 0.0000000000
72110  -57.455  -16.677  45.380 0.0000000000
73058  -57.679  -16.236  45.144 0.0000000000
73068  -57.821  -15.747  44.885 0.0000000000
75074  -58.324  -14.574  44.584 0.0000000000
74059  -58.051  -15.212  44.651 0.0000000000
49897  -10.717  -39.611  77.164 0.0000000000
115819  -10.958  -41.674  77.877 0.0000000000
47853  -11.119  -41.130  77.177 0.0000000000
67408  -56.151  -22.004  56.169 0.0000000000
67393  -56.096  -21.616  56.412 0.0000000000
64534  -50.202  -24.235  54.118 0.0000000000
64536  -51.764  -24.261  54.151 0.0000000000
64535  -51.040  -24.320  54.129 0.0000000000
64552  -51.330  -24.796  53.831 0.0000000000
63615  -51.561  -25.073  53.535 0.0000000000
64557  -52.291  -24.760  53.483 0.0000000000
66356  -54.887  -22.535  55.497 0.0000000000
66367  -54.764  -23.130  54.983 0.0000000000
66368  -55.308  -22.903  55.026 0.0000000000
42607  -20.916  -44.888  82.813 0.0000000000
123532  -20.076  -45.279  83.209 0.0000000000
122197  -19.992  -45.269  82.499 0.0000000000
41652  -18.997  -45.748  82.209 0.0000000000
42610  -19.805  -45.264  81.752 0.0000000000
43580  -19.409  -44.496  74.424 0.0000000000
43587  -18.973  -45.174  73.984 0.0000000000
56014  -12.478  -34.095  72.730 0.0000000000
55055  -12.526  -34.266  72.375 0.0000000000
55068  -12.181  -34.791  72.217 0.0000000000
53143  -11.451  -36.599  71.065 0.0000000000
54136  -11.670  -36.043  71.407 0.0000000000
53144  -11.576  -36.390  70.911 0.0000000000
53161  -11.262  -37.054  70.374 0.0000000000
45638  -12.122  -43.124  67.368 0.0000000000
45659  -12.197  -43.137  66.818 0.0000000000
127411  -12.845  -43.744  66.157 0.0000000000
45660  -12.502  -43.148  66.423 0.0000000000
45680  -12.959  -43.101  65.989 0.0000000000
46841  -12.586  -42.462  66.307 0.0000000000
46607  -12.848  -43.151  83.474 0.0000000000
47777  -12.523  -42.533  83.197 0.0000000000
46625  -12.094  -42.659  83.226 0.0000000000
38721  -12.761  -49.766  80.740 0.0000000000
39753  -12.673  -49.001  80.956 0.0000000000
39763  -12.297  -49.090  79.592 0.0000000000
39755  -12.093  -48.257  79.600 0.0000000000
39762  -12.042  -48.952  78.999 0.0000000000
39778  -11.701  -48.928  78.369 0.0000000000
38737  -11.865  -49.725  78.518 0.0000000000
37785  -11.278  -51.171  77.753 0.0000000000
38765  -11.323  -50.483  77.478 0.0000000000
132360  -11.192  -51.093  77.197 0.0000000000
52133  -41.975  -35.846  66.463 0.0000000000
53156  -42.183  -35.323  70.025 0.0000000000
53170  -42.077  -35.213  69.177 0.0000000000
53157  -42.610  -34.817  69.717 0.0000000000
54163  -43.417  -33.680  68.606 0.0000000000
54162  -42.940  -34.158  68.797 0.0000000000
54173  -43.002  -34.064  68.181 0.0000000000
54181  -43.057  -34.067  67.702 0.0000000000
54182  -43.617  -33.590  67.442 0.0000000000
55109  -44.027  -33.160  67.629 0.0000000000
56065  -44.988  -32.084  68.447 0.0000000000
52049  -38.957  -35.510  70.675 0.0000000000
53024  -37.077  -35.418  78.800 0.0000000000
121741  -36.614  -35.714  78.739 0.0000000000
53030  -37.105  -35.456  78.217 0.0000000000
135530  -38.325  -34.204  76.915 0.0000000000
53048  -38.168  -34.838  76.568 0.0000000000
120920  -36.891  -35.403  75.456 0.0000000000
126964  -37.635  -35.222  76.769 0.0000000000
53045  -36.502  -35.608  76.223 0.0000000000
51979  -36.046  -35.961  76.948 0.0000000000
53056  -35.312  -35.880  75.470 0.0000000000
53070  -35.049  -35.721  74.650 0.0000000000
53112  -34.260  -35.682  72.837 0.0000000000
72094  -60.490  -17.156  47.409 0.0000000000
69345  -54.461  -18.734  46.958 0.0000000000
69335  -55.753  -18.532  47.398 0.0000000000
70268  -55.981  -18.318  46.784 0.0000000000
70280  -56.258  -18.005  46.231 0.0000000000
71174  -56.606  -17.557  45.829 0.0000000000
70281  -57.011  -17.649  46.274 0.0000000000
71161  -59.407  -17.428  47.432 0.0000000000
71166  -58.629  -17.270  46.507 0.0000000000
72098  -59.642  -17.115  46.408 0.0000000000
135287  -53.017  -20.404  58.637 0.0000000000
68342  -52.181  -20.970  59.233 0.0000000000
67358  -52.991  -21.581  61.105 0.0000000000
68332  -53.537  -20.951  60.586 0.0000000000
66306  -52.207  -22.807  62.123 0.0000000000
66318  -52.419  -22.273  61.475 0.0000000000
64513  -46.174  -24.826  57.044 0.0000000000
64514  -46.945  -24.408  57.451 0.0000000000
65407  -48.573  -23.435  55.265 0.0000000000
65397  -49.127  -22.822  55.889 0.0000000000
67384  -51.110  -21.583  58.129 0.0000000000
67388  -50.449  -22.074  56.740 0.0000000000
129198  -51.259  -21.559  57.042 0.0000000000
67390  -51.838  -21.198  57.343 0.0000000000
45551  -24.881  -42.006  72.302 0.0000000000
120554  -16.077  -33.430  68.046 0.0000000000
54169  -16.271  -35.364  68.784 0.0000000000
49953  -11.060  -39.706  72.204 0.0000000000
49961  -10.897  -39.331  71.336 0.0000000000
47910  -11.388  -41.360  70.603 0.0000000000
47919  -11.040  -41.204  69.718 0.0000000000
46775  -11.720  -41.818  69.973 0.0000000000
44538  -13.346  -44.213  71.305 0.0000000000
44545  -13.094  -43.375  70.952 0.0000000000
44546  -13.391  -43.903  70.263 0.0000000000
44554  -13.239  -43.688  69.298 0.0000000000
44563  -12.800  -43.538  68.383 0.0000000000
45617  -12.255  -43.129  67.950 0.0000000000
41848  -13.257  -46.312  66.624 0.0000000000
42724  -13.234  -45.403  67.136 0.0000000000
39905  -13.409  -49.430  66.960 0.0000000000
43489  -15.231  -45.516  84.526 0.0000000000
41624  -15.232  -46.496  84.286 0.0000000000
39734  -14.874  -48.215  83.433 0.0000000000
40716  -14.769  -47.542  83.692 0.0000000000
40721  -14.302  -48.002  83.263 0.0000000000
39740  -14.560  -48.621  82.943 0.0000000000
38716  -15.535  -49.384  82.197 0.0000000000
37753  -15.191  -49.910  82.007 0.0000000000
36774  -14.211  -50.839  81.005 0.0000000000
36768  -14.588  -50.426  81.505 0.0000000000
37756  -13.852  -50.450  81.594 0.0000000000
38713  -14.049  -49.705  81.871 0.0000000000
38718  -13.720  -50.212  81.658 0.0000000000
37755  -13.597  -50.453  81.196 0.0000000000
35729  -13.348  -52.989  80.095 0.0000000000
36782  -13.251  -51.509  80.430 0.0000000000
35719  -13.169  -52.259  80.202 0.0000000000
63495  -48.415  -26.028  63.376 0.0000000000
117042  -43.449  -33.673  64.605 0.0000000000
54205  -43.155  -34.436  63.943 0.0000000000
139499  -43.282  -34.053  63.942 0.0000000000
116596  -44.825  -28.623  63.081 0.0000000000
135361  -44.442  -28.829  62.969 0.0000000000
60531  -44.617  -28.255  62.530 0.0000000000
119172  -46.895  -26.630  62.909 0.0000000000
61593  -46.106  -27.000  62.699 0.0000000000
62562  -47.542  -26.071  62.306 0.0000000000
47847  -30.260  -41.053  78.379 0.0000000000
46665  -29.981  -41.104  77.442 0.0000000000
46675  -29.296  -41.621  76.970 0.0000000000
46676  -29.734  -41.161  76.544 0.0000000000
50934  -34.470  -37.025  78.647 0.0000000000
134772  -34.288  -37.153  79.221 0.0000000000
50933  -33.794  -37.445  78.864 0.0000000000
50924  -33.612  -37.543  79.593 0.0000000000
137447  -33.432  -37.668  78.548 0.0000000000
50971  -32.585  -37.741  75.757 0.0000000000
49920  -31.622  -38.667  76.314 0.0000000000
49907  -31.615  -38.781  77.252 0.0000000000
123508  -30.917  -39.552  77.265 0.0000000000
48947  -31.091  -39.255  76.512 0.0000000000
47876  -29.932  -40.617  74.870 0.0000000000
47875  -29.346  -41.102  74.494 0.0000000000
46686  -29.202  -41.422  75.331 0.0000000000
46712  -28.706  -41.395  73.925 0.0000000000
46711  -28.101  -41.602  73.567 0.0000000000
117586  -28.477  -41.148  73.117 0.0000000000
46739  -27.913  -41.016  71.343 0.0000000000
46738  -27.588  -41.330  71.933 0.0000000000
136471  -57.768  -13.931  44.288 0.0000000000
76063  -57.693  -12.878  44.277 0.0000000000
77901  -57.238  -11.338  43.472 0.0000000000
78784  -57.719  -10.639  43.784 0.0000000000
56002  -11.808  -34.227  74.448 0.0000000000
139343  -11.963  -34.334  73.665 0.0000000000
54094  -11.559  -35.289  73.662 0.0000000000
54068  -10.527  -35.518  76.624 0.0000000000
51997  -11.333  -37.419  74.524 0.0000000000
53082  -11.450  -36.698  73.907 0.0000000000
50988  -11.368  -38.334  73.090 0.0000000000
131162  -11.354  -38.990  73.650 0.0000000000
48968  -11.213  -40.344  73.653 0.0000000000
47867  -11.412  -41.189  75.631 0.0000000000
45533  -11.600  -43.544  74.832 0.0000000000
134218  -11.723  -42.713  74.292 0.0000000000
45534  -11.907  -43.261  74.023 0.0000000000
42670  -11.709  -45.781  74.589 0.0000000000
42676  -12.140  -45.722  73.896 0.0000000000
41771  -12.848  -47.238  73.010 0.0000000000
41770  -12.448  -47.102  73.661 0.0000000000
69292  -56.521  -20.115  53.516 0.0000000000
69289  -57.384  -19.413  54.380 0.0000000000
64455  -50.006  -24.915  63.844 0.0000000000
63626  -52.514  -24.861  53.126 0.0000000000
63633  -52.650  -24.742  52.834 0.0000000000
65440  -53.506  -23.725  52.774 0.0000000000
65439  -52.923  -24.167  52.552 0.0000000000
66386  -52.919  -23.430  52.191 0.0000000000
121508  -52.910  -22.389  51.764 0.0000000000
66387  -53.534  -22.924  52.434 0.0000000000
68386  -56.354  -21.089  54.095 0.0000000000
67421  -55.564  -21.652  53.663 0.0000000000
68391  -55.896  -20.734  53.425 0.0000000000
41633  -17.295  -46.842  84.545 0.0000000000
40719  -17.197  -47.237  84.030 0.0000000000
41640  -19.007  -45.973  83.721 0.0000000000
42600  -18.950  -45.915  84.158 0.0000000000
40727  -17.783  -47.348  83.017 0.0000000000
40728  -17.224  -47.831  82.512 0.0000000000
40726  -17.254  -47.682  83.016 0.0000000000
39751  -16.740  -48.588  81.995 0.0000000000
124041  -16.682  -48.681  81.376 0.0000000000
39764  -16.516  -48.924  79.943 0.0000000000
38754  -16.302  -50.294  78.775 0.0000000000
38767  -16.413  -49.748  78.394 0.0000000000
45528  -25.692  -42.604  74.712 0.0000000000
45519  -26.213  -42.685  75.382 0.0000000000
45507  -25.129  -43.062  76.122 0.0000000000
45495  -24.658  -43.212  76.824 0.0000000000
45525  -22.274  -43.053  74.414 0.0000000000
45515  -21.957  -43.295  75.174 0.0000000000
138210  -22.706  -43.755  77.208 0.0000000000
135867  -23.691  -43.788  78.058 0.0000000000
44480  -23.147  -44.036  78.649 0.0000000000
43532  -22.741  -44.329  80.127 0.0000000000
43526  -22.076  -44.626  80.743 0.0000000000
43525  -21.220  -44.912  80.488 0.0000000000
43524  -20.163  -45.116  80.256 0.0000000000
42619  -19.350  -45.400  79.715 0.0000000000
122020  -18.710  -45.779  79.307 0.0000000000
42657  -18.323  -45.613  75.822 0.0000000000
42650  -18.277  -45.600  76.680 0.0000000000
42656  -17.852  -46.349  76.156 0.0000000000
41693  -17.392  -46.839  77.531 0.0000000000
126113  -17.054  -47.270  78.033 0.0000000000
58238  -15.208  -31.672  71.500 0.0000000000
58239  -15.799  -31.327  70.751 0.0000000000
57098  -14.874  -32.445  71.036 0.0000000000
55069  -13.352  -33.791  71.895 0.0000000000
120741  -14.287  -34.768  71.055 0.0000000000
55086  -14.103  -33.953  71.461 0.0000000000
55087  -14.866  -33.951  70.724 0.0000000000
56037  -14.942  -33.035  70.788 0.0000000000
55097  -15.518  -34.420  69.857 0.0000000000
132321  -14.833  -37.144  69.291 0.0000000000
52075  -15.175  -36.340  69.750 0.0000000000
52093  -15.202  -37.337  68.547 0.0000000000
49968  -10.718  -39.702  70.476 0.0000000000
51010  -10.783  -38.820  70.613 0.0000000000
129305  -10.571  -39.466  69.788 0.0000000000
51025  -10.462  -39.392  69.179 0.0000000000
121690  -10.580  -38.911  68.687 0.0000000000
46824  -11.390  -41.565  67.444 0.0000000000
51050  -11.663  -39.225  66.651 0.0000000000
51049  -11.041  -39.624  67.209 0.0000000000
51038  -11.325  -38.896  67.374 0.0000000000
52106  -11.710  -38.269  67.756 0.0000000000
52124  -12.880  -38.465  66.521 0.0000000000
52125  -13.804  -38.291  66.225 0.0000000000
52138  -13.929  -38.253  65.387 0.0000000000
47838  -10.044  -41.551  80.415 0.0000000000
119184  -13.915  -45.863  84.126 0.0000000000
43496  -13.433  -45.616  83.850 0.0000000000
43503  -12.305  -45.234  83.038 0.0000000000
43504  -12.844  -45.428  83.427 0.0000000000
43502  -11.680  -44.679  82.926 0.0000000000
44436  -11.483  -44.004  83.084 0.0000000000
135947  -12.363  -47.567  81.309 0.0000000000
41645  -12.511  -47.393  81.689 0.0000000000
117750  -12.247  -46.930  81.492 0.0000000000
43514  -11.378  -45.325  81.703 0.0000000000
44448  -10.810  -44.254  82.115 0.0000000000
44454  -10.633  -44.150  81.570 0.0000000000
45460  -10.416  -43.642  81.173 0.0000000000
129508  -11.053  -44.483  79.684 0.0000000000
131338  -10.326  -42.063  79.848 0.0000000000
46650  -10.672  -42.543  79.324 0.0000000000
118703  -10.825  -42.108  78.603 0.0000000000
115843  -11.064  -43.093  78.788 0.0000000000
44490  -11.438  -45.398  77.521 0.0000000000
132244  -11.436  -45.316  76.818 0.0000000000
40764  -11.515  -48.213  77.783 0.0000000000
41692  -11.501  -47.338  77.861 0.0000000000
117633  -11.487  -47.825  77.425 0.0000000000
40799  -11.506  -47.656  75.967 0.0000000000
41722  -11.497  -47.332  76.183 0.0000000000
42655  -11.486  -46.664  75.970 0.0000000000
41737  -11.532  -47.078  75.784 0.0000000000
41738  -11.598  -46.917  75.404 0.0000000000
39830  -12.261  -49.058  74.434 0.0000000000
39842  -12.531  -48.942  73.790 0.0000000000
39843  -12.867  -49.682  73.290 0.0000000000
33795  -12.447  -55.246  78.715 0.0000000000
127327  -11.426  -55.919  76.965 0.0000000000
32872  -11.665  -56.037  77.493 0.0000000000
33805  -11.605  -55.328  77.821 0.0000000000
34745  -11.665  -54.747  78.191 0.0000000000
34744  -11.333  -54.561  77.709 0.0000000000
35749  -11.178  -53.531  77.811 0.0000000000
34750  -11.138  -54.703  76.937 0.0000000000
34761  -11.150  -54.868  75.616 0.0000000000
126405  -11.010  -54.023  76.545 0.0000000000
127144  -11.076  -54.084  75.868 0.0000000000
36815  -11.256  -52.569  75.703 0.0000000000
35763  -11.254  -53.411  75.492 0.0000000000
36827  -12.262  -52.766  74.042 0.0000000000
127543  -12.211  -52.068  74.303 0.0000000000
36842  -13.040  -52.187  72.936 0.0000000000
37832  -13.475  -51.508  72.422 0.0000000000
37848  -14.054  -51.270  71.694 0.0000000000
55042  -43.089  -32.805  73.980 0.0000000000
57067  -43.069  -32.114  74.989 0.0000000000
53096  -41.322  -35.001  72.557 0.0000000000
54100  -41.853  -34.695  72.387 0.0000000000
54101  -42.244  -34.072  72.900 0.0000000000
55050  -42.678  -33.436  73.426 0.0000000000
53075  -40.492  -34.808  73.697 0.0000000000
53094  -40.358  -35.200  73.056 0.0000000000
119345  -40.828  -34.874  73.252 0.0000000000
53077  -41.229  -34.694  73.168 0.0000000000
55024  -40.884  -33.317  75.578 0.0000000000
54082  -41.006  -34.047  74.440 0.0000000000
55019  -41.420  -32.837  75.643 0.0000000000
71130  -57.793  -18.132  51.268 0.0000000000
71119  -58.495  -17.811  51.742 0.0000000000
68397  -54.445  -20.675  51.972 0.0000000000
69302  -54.863  -19.908  51.514 0.0000000000
69306  -54.795  -19.519  50.545 0.0000000000
130585  -55.517  -18.996  50.194 0.0000000000
122047  -49.316  -24.474  60.992 0.0000000000
64474  -50.648  -23.901  61.749 0.0000000000
64473  -49.966  -24.344  61.476 0.0000000000
124161  -50.341  -24.349  62.205 0.0000000000
65334  -51.060  -24.022  63.267 0.0000000000
137591  -45.926  -26.305  60.990 0.0000000000
62584  -46.553  -26.072  61.276 0.0000000000
63530  -47.088  -25.532  60.739 0.0000000000
132413  -46.785  -25.374  60.118 0.0000000000
63549  -47.447  -24.990  60.148 0.0000000000
117336  -48.705  -24.610  60.620 0.0000000000
42682  -13.149  -46.509  72.480 0.0000000000
41786  -14.009  -47.406  71.659 0.0000000000
40843  -14.772  -48.339  70.695 0.0000000000
38865  -14.736  -50.718  70.541 0.0000000000
38739  -16.170  -50.374  79.438 0.0000000000
37772  -15.810  -50.701  79.807 0.0000000000
56078  -45.214  -32.162  67.034 0.0000000000
55130  -44.837  -32.469  66.132 0.0000000000
56085  -45.279  -32.093  66.523 0.0000000000
57149  -45.296  -31.955  66.083 0.0000000000
133982  -45.451  -31.222  65.655 0.0000000000
58290  -46.281  -30.776  66.419 0.0000000000
54030  -34.424  -35.249  80.985 0.0000000000
52037  -32.570  -36.865  72.811 0.0000000000
72103  -58.653  -16.872  45.807 0.0000000000
72111  -58.258  -16.609  45.507 0.0000000000
73053  -58.937  -16.478  45.542 0.0000000000
73060  -59.033  -15.878  45.272 0.0000000000
75064  -60.439  -14.288  45.708 0.0000000000
49887  -10.353  -39.623  77.850 0.0000000000
48934  -10.712  -40.923  77.922 0.0000000000
67392  -55.511  -21.497  56.423 0.0000000000
68362  -55.787  -21.001  57.018 0.0000000000
120515  -55.374  -20.428  57.800 0.0000000000
127515  -51.144  -22.553  55.512 0.0000000000
66364  -51.614  -23.050  54.905 0.0000000000
66365  -52.469  -23.012  54.841 0.0000000000
65411  -52.140  -23.740  54.493 0.0000000000
65412  -53.041  -23.647  54.489 0.0000000000
66366  -53.341  -22.805  55.064 0.0000000000
130658  -54.184  -22.846  55.204 0.0000000000
43505  -21.245  -44.657  84.099 0.0000000000
42603  -21.473  -44.642  83.820 0.0000000000
131859  -28.883  -42.064  78.043 0.0000000000
53190  -17.137  -35.873  67.079 0.0000000000
55067  -11.917  -35.047  72.424 0.0000000000
121972  -11.705  -35.597  72.201 0.0000000000
53124  -11.573  -36.116  71.722 0.0000000000
44600  -12.813  -44.624  66.486 0.0000000000
44601  -12.999  -44.626  66.014 0.0000000000
46608  -13.637  -43.702  83.584 0.0000000000
45434  -13.244  -43.890  83.618 0.0000000000
37771  -12.707  -51.100  80.017 0.0000000000
38729  -12.537  -50.234  80.112 0.0000000000
37770  -12.313  -51.052  79.562 0.0000000000
115442  -12.255  -50.380  79.437 0.0000000000
127323  -11.898  -50.481  78.780 0.0000000000
37780  -11.526  -51.218  78.380 0.0000000000
36805  -11.246  -51.921  77.994 0.0000000000
120596  -11.058  -52.645  77.529 0.0000000000
54147  -43.105  -34.367  70.139 0.0000000000
130250  -42.915  -34.372  69.424 0.0000000000
55103  -43.916  -33.193  69.138 0.0000000000
119808  -43.928  -33.162  68.297 0.0000000000
52062  -39.813  -35.763  70.308 0.0000000000
53047  -38.421  -35.015  75.745 0.0000000000
137313  -38.337  -35.191  75.296 0.0000000000
136010  -36.692  -35.336  75.009 0.0000000000
53071  -35.982  -35.382  74.892 0.0000000000
53090  -35.923  -35.022  73.920 0.0000000000
71162  -60.077  -17.357  47.747 0.0000000000
70262  -57.158  -18.072  47.628 0.0000000000
71159  -57.695  -17.752  47.114 0.0000000000
71165  -57.814  -17.488  46.544 0.0000000000
67340  -53.287  -21.799  61.702 0.0000000000
115949  -48.825  -23.298  58.465 0.0000000000
65388  -49.411  -22.703  57.989 0.0000000000
66342  -49.605  -22.479  56.632 0.0000000000
46736  -26.336  -41.750  71.335 0.0000000000
57123  -15.980  -32.486  68.416 0.0000000000
57111  -15.988  -33.163  68.855 0.0000000000
132319  -11.043  -40.912  71.543 0.0000000000
47901  -11.472  -41.427  71.554 0.0000000000
46754  -11.885  -41.797  70.981 0.0000000000
43612  -14.347  -45.281  70.011 0.0000000000
43626  -13.723  -44.945  68.575 0.0000000000
42713  -13.488  -45.067  67.876 0.0000000000
119456  -12.981  -47.996  66.278 0.0000000000
40881  -13.082  -48.753  66.533 0.0000000000
40718  -16.289  -47.357  83.912 0.0000000000
40717  -15.669  -47.603  83.761 0.0000000000
39735  -15.376  -48.266  83.442 0.0000000000
130040  -15.317  -48.698  82.994 0.0000000000
36785  -14.968  -51.144  80.518 0.0000000000
36776  -14.797  -51.051  80.898 0.0000000000
36784  -14.656  -51.312  80.439 0.0000000000
36773  -14.216  -51.164  80.950 0.0000000000
35720  -13.671  -52.576  80.077 0.0000000000
62545  -47.092  -26.987  63.677 0.0000000000
62530  -47.822  -26.608  63.882 0.0000000000
119714  -47.917  -26.870  64.594 0.0000000000
56107  -43.379  -33.186  64.028 0.0000000000
60520  -45.220  -28.699  63.577 0.0000000000
61573  -45.630  -27.779  63.204 0.0000000000
48931  -30.761  -40.002  77.981 0.0000000000
51952  -36.087  -35.997  79.164 0.0000000000
138567  -35.656  -36.276  79.354 0.0000000000
51951  -35.565  -36.385  79.052 0.0000000000
49939  -31.441  -38.515  74.704 0.0000000000
49940  -31.932  -38.119  75.292 0.0000000000
48962  -31.131  -39.055  74.882 0.0000000000
48961  -30.697  -39.578  75.120 0.0000000000
48954  -30.705  -39.731  75.946 0.0000000000
47885  -30.293  -40.062  74.503 0.0000000000
47884  -29.793  -40.530  73.976 0.0000000000
47892  -28.918  -40.685  72.613 0.0000000000
47902  -28.636  -40.548  71.603 0.0000000000
73074  -55.757  -15.857  43.595 0.0000000000
53050  -10.832  -36.395  75.692 0.0000000000
48960  -11.395  -40.561  74.768 0.0000000000
44526  -11.689  -44.302  74.690 0.0000000000
68387  -56.864  -20.917  54.615 0.0000000000
133769  -57.244  -20.317  54.790 0.0000000000
68384  -57.290  -20.429  55.171 0.0000000000
69287  -57.583  -19.941  55.570 0.0000000000
65423  -54.273  -23.648  53.683 0.0000000000
64564  -53.663  -23.938  53.262 0.0000000000
122299  -54.210  -23.638  53.539 0.0000000000
65431  -54.439  -23.397  53.520 0.0000000000
125038  -54.556  -22.872  53.266 0.0000000000
42594  -18.301  -46.125  84.817 0.0000000000
41647  -18.639  -46.305  82.758 0.0000000000
133335  -18.416  -46.690  83.295 0.0000000000
40731  -17.547  -47.343  81.887 0.0000000000
40733  -17.010  -47.908  81.254 0.0000000000
45537  -24.312  -42.375  73.538 0.0000000000
134687  -25.088  -42.760  74.887 0.0000000000
116980  -24.057  -42.687  74.197 0.0000000000
117291  -23.887  -43.036  75.078 0.0000000000
44514  -21.004  -43.646  75.232 0.0000000000
44515  -21.726  -43.579  75.845 0.0000000000
44493  -22.146  -44.039  77.553 0.0000000000
44479  -22.315  -44.151  78.404 0.0000000000
43545  -21.686  -44.463  78.984 0.0000000000
43530  -21.032  -44.897  79.575 0.0000000000
41723  -17.699  -47.311  75.688 0.0000000000
40775  -17.348  -48.156  76.233 0.0000000000
39789  -16.918  -48.559  77.030 0.0000000000
57092  -14.431  -32.475  71.650 0.0000000000
54138  -12.570  -35.332  71.418 0.0000000000
55085  -13.373  -34.589  71.522 0.0000000000
54152  -14.536  -35.660  70.444 0.0000000000
52074  -13.933  -37.262  69.389 0.0000000000
52091  -13.485  -37.534  68.668 0.0000000000
49008  -10.574  -40.361  69.458 0.0000000000
49982  -10.483  -40.107  68.771 0.0000000000
138683  -11.448  -40.932  66.778 0.0000000000
49023  -11.129  -40.533  66.923 0.0000000000
51065  -12.192  -39.450  66.214 0.0000000000
51066  -12.775  -39.060  65.618 0.0000000000
51067  -13.440  -38.636  65.094 0.0000000000
50008  -13.086  -39.295  65.219 0.0000000000
41637  -13.774  -46.734  83.511 0.0000000000
134755  -13.221  -45.857  83.601 0.0000000000
42599  -13.327  -46.258  83.390 0.0000000000
42598  -12.969  -46.339  82.837 0.0000000000
42604  -12.448  -45.750  82.686 0.0000000000
41649  -11.644  -46.588  80.538 0.0000000000
120114  -11.360  -46.008  80.352 0.0000000000
43518  -11.179  -45.276  80.697 0.0000000000
118709  -10.802  -44.480  80.889 0.0000000000
44460  -11.052  -44.845  80.264 0.0000000000
45480  -11.151  -44.166  78.960 0.0000000000
43552  -11.446  -46.001  77.902 0.0000000000
40774  -11.430  -48.298  76.897 0.0000000000
39803  -11.395  -48.851  76.592 0.0000000000
39804  -11.433  -49.054  76.204 0.0000000000
40788  -11.540  -48.345  75.892 0.0000000000
126851  -11.779  -48.528  75.372 0.0000000000
39829  -11.990  -49.613  74.967 0.0000000000
38817  -12.214  -50.574  74.459 0.0000000000
32880  -11.557  -56.593  76.906 0.0000000000
33821  -11.221  -55.404  76.611 0.0000000000
33827  -11.117  -55.538  75.976 0.0000000000
33836  -11.151  -55.614  75.376 0.0000000000
36828  -12.709  -52.827  73.285 0.0000000000
52081  -41.053  -36.187  69.292 0.0000000000
120941  -42.654  -34.657  71.284 0.0000000000
54132  -43.216  -34.284  70.953 0.0000000000
55077  -43.743  -33.708  71.422 0.0000000000
55063  -44.286  -33.148  71.901 0.0000000000
53115  -38.473  -35.398  72.409 0.0000000000
52025  -39.186  -35.591  72.216 0.0000000000
52040  -39.614  -35.650  71.686 0.0000000000
52027  -40.142  -35.500  72.377 0.0000000000
52041  -39.999  -35.680  71.789 0.0000000000
123352  -39.980  -35.736  71.235 0.0000000000
52063  -40.725  -36.048  69.972 0.0000000000
54066  -39.171  -33.959  76.452 0.0000000000
54067  -40.125  -33.654  75.989 0.0000000000
54073  -39.716  -34.140  75.690 0.0000000000
116152  -39.025  -34.644  75.768 0.0000000000
53058  -38.852  -35.164  74.842 0.0000000000
134330  -38.334  -35.312  73.924 0.0000000000
71148  -59.512  -17.591  49.676 0.0000000000
68416  -52.892  -20.452  49.729 0.0000000000
68423  -52.743  -20.089  48.787 0.0000000000
69333  -54.114  -19.224  47.837 0.0000000000
69325  -55.586  -18.723  48.090 0.0000000000
70250  -56.019  -18.732  49.457 0.0000000000
70254  -56.168  -18.598  48.606 0.0000000000
66316  -51.066  -22.969  60.612 0.0000000000
62602  -44.877  -26.664  59.538 0.0000000000
62629  -44.926  -26.404  57.997 0.0000000000
63574  -45.234  -25.836  57.392 0.0000000000
64506  -47.879  -24.450  59.336 0.0000000000
65377  -48.761  -23.822  59.307 0.0000000000
122535  -49.868  -23.523  59.938 0.0000000000
45547  -12.616  -43.380  72.632 0.0000000000
44537  -13.052  -43.692  71.969 0.0000000000
43604  -14.088  -45.699  71.107 0.0000000000
41819  -14.729  -46.885  69.006 0.0000000000
40867  -14.316  -48.090  67.872 0.0000000000
40868  -14.822  -48.656  68.413 0.0000000000
39890  -14.707  -49.766  68.394 0.0000000000
131817  -14.159  -50.640  68.166 0.0000000000
38719  -16.209  -49.114  82.030 0.0000000000
38717  -16.164  -49.299  81.978 0.0000000000
38722  -16.169  -49.576  81.467 0.0000000000
37759  -15.586  -50.088  81.287 0.0000000000
37764  -15.258  -50.651  80.861 0.0000000000
36786  -15.191  -51.200  80.219 0.0000000000
35723  -14.750  -51.863  79.705 0.0000000000
60483  -47.137  -28.544  65.594 0.0000000000
53221  -43.267  -34.171  65.748 0.0000000000
54199  -43.681  -33.531  65.449 0.0000000000
55136  -43.956  -32.988  65.246 0.0000000000
55137  -44.503  -32.594  65.663 0.0000000000
56092  -44.263  -32.523  65.202 0.0000000000
119084  -43.699  -32.515  64.395 0.0000000000
57177  -43.344  -32.131  64.040 0.0000000000
57178  -44.015  -31.788  64.478 0.0000000000
58322  -44.453  -31.108  64.561 0.0000000000
128146  -44.902  -30.529  64.586 0.0000000000
59387  -45.458  -30.761  65.332 0.0000000000
59398  -45.404  -30.127  64.779 0.0000000000
59399  -45.833  -29.492  64.864 0.0000000000
49867  -33.000  -37.844  80.793 0.0000000000
49876  -32.993  -37.919  80.235 0.0000000000
51990  -34.717  -36.403  76.034 0.0000000000
51977  -34.181  -36.968  76.591 0.0000000000
51989  -33.923  -36.844  75.753 0.0000000000
50984  -33.093  -37.256  75.390 0.0000000000
50983  -32.342  -37.682  74.965 0.0000000000
50998  -31.989  -37.468  73.122 0.0000000000
50990  -31.996  -37.639  74.044 0.0000000000
49946  -31.359  -38.368  73.835 0.0000000000
123809  -30.156  -39.507  72.342 0.0000000000
72119  -56.011  -16.531  44.473 0.0000000000
73066  -56.244  -16.049  44.199 0.0000000000
73075  -56.405  -15.591  43.965 0.0000000000
74063  -56.518  -15.103  43.654 0.0000000000
75067  -59.076  -14.381  44.944 0.0000000000
51960  -10.326  -37.914  77.037 0.0000000000
50944  -10.786  -38.556  76.524 0.0000000000
49913  -11.115  -39.503  76.339 0.0000000000
131051  -11.313  -40.942  76.376 0.0000000000
46672  -11.419  -42.641  76.124 0.0000000000
45514  -11.459  -43.650  75.908 0.0000000000
127401  -11.476  -44.514  75.742 0.0000000000
66369  -55.778  -22.541  55.072 0.0000000000
67413  -56.605  -21.670  55.474 0.0000000000
67409  -56.776  -21.569  56.017 0.0000000000
68363  -56.463  -21.125  56.968 0.0000000000
64551  -50.652  -24.951  53.779 0.0000000000
63631  -51.432  -25.556  52.770 0.0000000000
64558  -52.879  -24.447  53.400 0.0000000000
132905  -53.129  -23.979  54.199 0.0000000000
65419  -53.671  -24.030  53.950 0.0000000000
64555  -53.580  -24.028  53.613 0.0000000000
65414  -54.849  -23.252  54.541 0.0000000000
65415  -55.312  -22.942  54.649 0.0000000000
43493  -19.429  -45.208  84.851 0.0000000000
125131  -19.681  -45.492  83.603 0.0000000000
42602  -20.459  -45.010  83.770 0.0000000000
42614  -18.622  -45.868  80.850 0.0000000000
118533  -21.577  -42.807  71.963 0.0000000000
120467  -21.482  -42.900  72.973 0.0000000000
44528  -20.951  -43.233  73.642 0.0000000000
44521  -20.543  -43.606  74.273 0.0000000000
44513  -20.060  -44.011  74.834 0.0000000000
43572  -19.454  -44.475  75.246 0.0000000000
43564  -19.517  -44.591  76.070 0.0000000000
127281  -19.493  -44.788  76.747 0.0000000000
43571  -18.879  -45.006  75.565 0.0000000000
121108  -18.473  -45.544  75.136 0.0000000000
56016  -13.357  -33.293  72.551 0.0000000000
56025  -13.015  -33.783  72.298 0.0000000000
54121  -12.211  -35.025  71.924 0.0000000000
53145  -12.026  -36.163  70.816 0.0000000000
46804  -11.456  -41.810  67.901 0.0000000000
123242  -11.679  -41.612  66.917 0.0000000000
47942  -12.234  -41.867  66.535 0.0000000000
47954  -12.749  -41.672  66.101 0.0000000000
47955  -13.426  -41.502  65.565 0.0000000000
47796  -12.381  -42.000  82.943 0.0000000000
48871  -11.749  -41.074  82.891 0.0000000000
47776  -11.454  -42.279  82.990 0.0000000000
46623  -11.140  -42.357  82.961 0.0000000000
39745  -12.985  -48.529  81.637 0.0000000000
137892  -12.786  -48.752  81.277 0.0000000000
39752  -12.496  -48.584  80.736 0.0000000000
40732  -12.271  -48.010  80.386 0.0000000000
127811  -11.755  -47.696  79.317 0.0000000000
41657  -11.618  -47.182  79.325 0.0000000000
41673  -11.544  -47.123  78.578 0.0000000000
117091  -11.623  -47.689  78.776 0.0000000000
40755  -11.607  -48.253  78.284 0.0000000000
39788  -11.492  -48.883  77.694 0.0000000000
38764  -11.344  -49.750  77.219 0.0000000000
38778  -11.255  -50.684  76.293 0.0000000000
37803  -11.280  -51.575  75.875 0.0000000000
52134  -42.257  -35.507  66.396 0.0000000000
51021  -41.219  -36.181  68.601 0.0000000000
52100  -41.824  -35.657  67.742 0.0000000000
53171  -42.530  -34.666  68.949 0.0000000000
53184  -42.580  -34.527  68.302 0.0000000000
53196  -42.269  -34.916  67.835 0.0000000000
53197  -42.563  -34.698  67.455 0.0000000000
53209  -42.681  -34.772  66.881 0.0000000000
53210  -43.262  -34.098  66.564 0.0000000000
54188  -43.867  -33.434  66.879 0.0000000000
130654  -44.393  -32.920  66.852 0.0000000000
55110  -44.479  -32.628  67.942 0.0000000000
55118  -44.596  -32.670  67.213 0.0000000000
54049  -36.690  -35.482  79.545 0.0000000000
125806  -35.401  -36.336  77.146 0.0000000000
53031  -37.514  -35.108  78.120 0.0000000000
53039  -37.575  -35.150  77.480 0.0000000000
53038  -37.162  -35.438  77.610 0.0000000000
52010  -34.464  -36.280  75.230 0.0000000000
53088  -33.673  -36.296  73.530 0.0000000000
69346  -55.259  -18.558  46.818 0.0000000000
115523  -54.961  -18.290  45.704 0.0000000000
71176  -58.319  -17.114  46.085 0.0000000000
73049  -60.025  -16.775  46.053 0.0000000000
67391  -52.793  -20.976  56.785 0.0000000000
68350  -53.612  -20.385  57.579 0.0000000000
122929  -53.861  -20.110  58.876 0.0000000000
66352  -50.423  -22.411  56.064 0.0000000000
67404  -52.063  -21.626  56.214 0.0000000000
46696  -27.291  -42.180  74.703 0.0000000000
117279  -25.913  -42.293  73.775 0.0000000000
45538  -24.988  -42.227  73.214 0.0000000000
45549  -23.277  -42.191  72.274 0.0000000000
54178  -16.688  -35.629  67.997 0.0000000000
52094  -15.946  -37.271  67.987 0.0000000000
50996  -11.258  -38.428  72.223 0.0000000000
52046  -11.259  -37.782  71.703 0.0000000000
138719  -10.942  -40.746  70.887 0.0000000000
49001  -10.731  -40.396  70.257 0.0000000000
134030  -10.734  -40.721  69.768 0.0000000000
46788  -11.357  -41.627  69.142 0.0000000000
128881  -12.973  -43.237  70.036 0.0000000000
137857  -12.661  -42.869  69.906 0.0000000000
45592  -12.285  -42.499  69.721 0.0000000000
130265  -11.647  -42.022  68.523 0.0000000000
44574  -12.583  -43.712  67.526 0.0000000000
125863  -12.751  -44.337  67.069 0.0000000000
43643  -12.991  -44.981  66.855 0.0000000000
43651  -12.945  -45.327  66.385 0.0000000000
43488  -14.489  -45.726  84.314 0.0000000000
42586  -14.213  -46.209  84.129 0.0000000000
41631  -15.333  -47.079  83.957 0.0000000000
41630  -14.652  -46.743  83.994 0.0000000000
115446  -14.088  -46.574  83.850 0.0000000000
115441  -13.825  -47.487  83.166 0.0000000000
40720  -13.850  -48.094  82.885 0.0000000000
39738  -13.677  -48.448  82.451 0.0000000000
38710  -15.427  -48.983  82.644 0.0000000000
38709  -14.922  -48.970  83.017 0.0000000000
37757  -15.197  -50.528  81.396 0.0000000000
38714  -14.817  -49.540  82.280 0.0000000000
38708  -14.732  -49.125  82.637 0.0000000000
38707  -14.350  -49.083  82.483 0.0000000000
39747  -13.951  -49.040  82.201 0.0000000000
39746  -13.471  -48.863  81.858 0.0000000000
37754  -13.139  -50.115  81.036 0.0000000000
36772  -13.621  -51.046  80.775 0.0000000000
137568  -12.736  -51.099  80.244 0.0000000000
63506  -48.997  -25.482  62.875 0.0000000000
62531  -48.516  -26.265  64.135 0.0000000000
53245  -42.830  -35.079  64.157 0.0000000000
53255  -42.785  -35.091  63.234 0.0000000000
120765  -43.037  -34.488  63.048 0.0000000000
60540  -44.284  -27.945  61.782 0.0000000000
61592  -45.841  -26.723  61.836 0.0000000000
135423  -45.506  -27.409  62.523 0.0000000000
132180  -30.484  -41.035  79.164 0.0000000000
46653  -29.320  -41.864  78.486 0.0000000000
46664  -29.366  -41.701  77.751 0.0000000000
123534  -28.515  -41.920  75.584 0.0000000000
53006  -34.894  -36.136  80.598 0.0000000000
131491  -35.227  -36.558  79.515 0.0000000000
132097  -35.050  -36.684  79.896 0.0000000000
51936  -34.700  -36.490  80.473 0.0000000000
50915  -34.110  -37.047  80.353 0.0000000000
49886  -32.894  -38.052  79.671 0.0000000000
50955  -33.531  -37.434  76.802 0.0000000000
49922  -33.134  -37.713  77.365 0.0000000000
49933  -32.119  -38.183  76.053 0.0000000000
49909  -33.068  -37.880  78.213 0.0000000000
49908  -32.407  -38.224  77.720 0.0000000000
49895  -32.466  -38.342  78.552 0.0000000000
48939  -31.297  -39.245  78.072 0.0000000000
47864  -30.438  -40.361  77.152 0.0000000000
47870  -30.350  -40.411  76.250 0.0000000000
47863  -30.153  -40.768  76.709 0.0000000000
46687  -29.668  -41.139  75.847 0.0000000000
46697  -28.046  -41.953  74.777 0.0000000000
121150  -27.705  -41.934  74.072 0.0000000000
46710  -27.427  -41.792  73.307 0.0000000000
46722  -27.189  -41.643  72.481 0.0000000000
75072  -56.375  -14.212  43.377 0.0000000000
76072  -55.757  -13.816  42.722 0.0000000000
77900  -56.488  -11.897  42.936 0.0000000000
78793  -57.642  -10.700  43.138 0.0000000000
55044  -12.232  -34.201  73.117 0.0000000000
54105  -11.665  -35.419  72.795 0.0000000000
53102  -11.483  -36.812  72.941 0.0000000000
54084  -11.353  -35.223  74.635 0.0000000000
115771  -11.079  -35.783  75.164 0.0000000000
52032  -11.395  -37.644  72.577 0.0000000000
49945  -11.189  -39.659  73.193 0.0000000000
48976  -11.078  -40.206  72.849 0.0000000000
47891  -11.672  -41.786  72.538 0.0000000000
46708  -12.057  -42.473  72.957 0.0000000000
46707  -11.830  -42.268  73.508 0.0000000000
43593  -12.543  -45.078  73.204 0.0000000000
43586  -12.043  -44.975  74.107 0.0000000000
117897  -56.699  -19.290  52.818 0.0000000000
70212  -57.568  -18.509  53.754 0.0000000000
63649  -51.380  -25.424  51.948 0.0000000000
64580  -51.641  -24.907  51.766 0.0000000000
138759  -53.082  -24.272  52.798 0.0000000000
64581  -52.280  -24.553  52.182 0.0000000000
65449  -51.190  -24.519  51.166 0.0000000000
131881  -51.811  -24.395  51.667 0.0000000000
65450  -51.582  -23.710  51.201 0.0000000000
66402  -51.129  -23.122  50.644 0.0000000000
120458  -53.877  -21.442  52.122 0.0000000000
67429  -54.103  -22.338  52.730 0.0000000000
68389  -54.437  -21.466  52.592 0.0000000000
138739  -54.914  -20.313  52.126 0.0000000000
69296  -55.897  -19.944  52.862 0.0000000000
41626  -16.513  -46.470  84.730 0.0000000000
139078  -16.824  -47.174  84.144 0.0000000000
39744  -16.620  -47.818  83.397 0.0000000000
39749  -16.680  -48.056  82.986 0.0000000000
42595  -18.858  -45.760  84.607 0.0000000000
41635  -18.411  -46.414  84.372 0.0000000000
41638  -17.925  -47.006  84.049 0.0000000000
39757  -16.585  -48.829  80.669 0.0000000000
38740  -16.405  -49.588  80.081 0.0000000000
45520  -26.933  -42.440  75.356 0.0000000000
117153  -26.686  -42.695  76.028 0.0000000000
45508  -26.495  -42.913  76.789 0.0000000000
45518  -25.482  -42.870  75.432 0.0000000000
45481  -25.249  -43.434  78.363 0.0000000000
45516  -22.874  -43.137  75.125 0.0000000000
45506  -23.391  -43.228  75.907 0.0000000000
44506  -22.982  -43.501  76.617 0.0000000000
44507  -23.810  -43.330  76.697 0.0000000000
44495  -24.163  -43.453  77.465 0.0000000000
44496  -24.475  -43.603  78.226 0.0000000000
44482  -24.787  -43.756  78.985 0.0000000000
44469  -24.263  -44.021  79.657 0.0000000000
43521  -22.997  -44.277  81.936 0.0000000000
42612  -21.561  -44.678  82.161 0.0000000000
42616  -20.498  -45.042  81.150 0.0000000000
42615  -19.580  -45.352  81.014 0.0000000000
41659  -17.854  -46.492  80.277 0.0000000000
43553  -18.966  -45.161  77.127 0.0000000000
42649  -17.790  -46.249  77.065 0.0000000000
42640  -17.825  -46.205  77.832 0.0000000000
42628  -18.362  -45.865  78.495 0.0000000000
41675  -17.902  -46.424  79.322 0.0000000000
41658  -17.190  -47.223  79.729 0.0000000000
120929  -16.677  -47.877  79.174 0.0000000000
117799  -16.603  -49.087  77.782 0.0000000000
57099  -15.281  -32.598  70.307 0.0000000000
57091  -13.971  -32.786  72.145 0.0000000000
56027  -14.088  -32.843  71.876 0.0000000000
56036  -14.506  -32.852  71.429 0.0000000000
54154  -15.889  -35.115  69.412 0.0000000000
54168  -15.850  -35.912  69.271 0.0000000000
127723  -11.051  -38.128  71.043 0.0000000000
52056  -11.184  -37.507  71.104 0.0000000000
52087  -10.654  -38.675  69.834 0.0000000000
52071  -10.892  -37.853  69.864 0.0000000000
52072  -11.194  -37.488  69.556 0.0000000000
49016  -10.638  -40.550  68.377 0.0000000000
49988  -10.691  -40.075  67.956 0.0000000000
49995  -10.913  -40.190  67.187 0.0000000000
52105  -11.015  -38.504  68.197 0.0000000000
52089  -11.378  -37.853  68.635 0.0000000000
125677  -13.000  -37.736  67.934 0.0000000000
122958  -13.879  -37.723  67.808 0.0000000000
52108  -13.398  -38.178  67.111 0.0000000000
116896  -14.648  -37.884  66.448 0.0000000000
120561  -14.780  -37.743  65.688 0.0000000000
52139  -14.518  -37.737  65.074 0.0000000000
51077  -13.861  -38.526  64.622 0.0000000000
44430  -14.387  -44.809  84.143 0.0000000000
120131  -13.643  -44.486  83.781 0.0000000000
44428  -12.853  -44.332  83.561 0.0000000000
44438  -12.973  -45.074  83.589 0.0000000000
117511  -11.944  -43.739  83.329 0.0000000000
45446  -11.319  -43.142  83.088 0.0000000000
45451  -11.031  -43.447  82.879 0.0000000000
41646  -12.653  -47.099  82.049 0.0000000000
41641  -12.434  -46.696  81.924 0.0000000000
43508  -11.961  -45.506  82.383 0.0000000000
117352  -11.835  -46.441  81.233 0.0000000000
130498  -11.584  -45.367  82.085 0.0000000000
121088  -11.437  -44.839  82.577 0.0000000000
44449  -11.048  -44.384  82.513 0.0000000000
45456  -10.832  -43.782  82.554 0.0000000000
45450  -10.657  -42.979  82.586 0.0000000000
46641  -10.295  -42.483  82.295 0.0000000000
128035  -9.974  -41.940  81.888 0.0000000000
121097  -9.982  -41.811  81.294 0.0000000000
117956  -10.317  -43.112  80.701 0.0000000000
46647  -10.164  -42.347  80.624 0.0000000000
138955  -10.199  -41.382  79.699 0.0000000000
48912  -10.270  -40.929  79.140 0.0000000000
45494  -11.328  -43.800  78.150 0.0000000000
45505  -11.401  -43.449  77.283 0.0000000000
126383  -11.457  -44.300  76.506 0.0000000000
42639  -11.472  -46.792  77.896 0.0000000000
128530  -11.490  -46.537  77.168 0.0000000000
41708  -11.483  -47.611  76.739 0.0000000000
43562  -11.454  -46.137  76.425 0.0000000000
43570  -11.463  -45.923  75.690 0.0000000000
42663  -11.529  -46.150  75.161 0.0000000000
41753  -11.739  -46.724  74.835 0.0000000000
40810  -12.172  -47.395  74.307 0.0000000000
40820  -12.574  -48.010  73.552 0.0000000000
128870  -12.923  -48.843  73.131 0.0000000000
34730  -12.443  -53.689  79.466 0.0000000000
35736  -11.953  -53.366  78.960 0.0000000000
32873  -11.997  -56.375  77.798 0.0000000000
32865  -12.230  -55.922  78.239 0.0000000000
33806  -11.945  -55.274  78.275 0.0000000000
35742  -11.522  -53.262  78.409 0.0000000000
35754  -10.955  -53.331  76.997 0.0000000000
36810  -11.035  -52.468  76.769 0.0000000000
118578  -11.112  -52.273  76.211 0.0000000000
36821  -11.536  -52.066  75.290 0.0000000000
125096  -11.295  -54.960  74.998 0.0000000000
35769  -11.535  -53.509  74.898 0.0000000000
37816  -11.921  -51.504  74.792 0.0000000000
36841  -12.527  -52.082  73.614 0.0000000000
38832  -12.616  -50.556  73.663 0.0000000000
38833  -13.124  -50.574  72.942 0.0000000000
39852  -13.335  -49.790  72.641 0.0000000000
38864  -14.292  -50.621  71.382 0.0000000000
37752  -14.880  -49.937  81.795 0.0000000000
37758  -15.229  -50.361  81.325 0.0000000000
40730  -12.370  -47.936  80.964 0.0000000000
41632  -16.084  -46.962  84.171 0.0000000000
42601  -19.662  -45.454  83.977 0.0000000000
43497  -14.084  -45.395  84.164 0.0000000000
45527  -24.551  -42.822  74.741 0.0000000000
47848  -30.655  -40.476  78.659 0.0000000000
47868  -29.661  -41.005  75.236 0.0000000000
48978  -30.569  -39.333  73.453 0.0000000000
49875  -32.209  -38.704  79.967 0.0000000000
50905  -33.480  -37.401  80.676 0.0000000000
50943  -34.577  -36.897  77.939 0.0000000000
50989  -31.531  -37.998  73.300 0.0000000000
51944  -35.684  -36.201  79.685 0.0000000000
51945  -36.252  -35.825  79.481 0.0000000000
51967  -35.915  -36.119  77.779 0.0000000000
52050  -39.359  -35.579  70.934 0.0000000000
53008  -36.318  -35.508  80.034 0.0000000000
53118  -42.050  -34.992  71.625 0.0000000000
53135  -41.001  -35.552  71.270 0.0000000000
54031  -34.669  -35.727  80.832 0.0000000000
54081  -40.385  -34.154  74.925 0.0000000000
55027  -10.923  -35.070  76.301 0.0000000000
63613  -50.253  -25.529  53.487 0.0000000000
63625  -51.862  -25.244  53.178 0.0000000000
64512  -45.770  -25.389  57.479 0.0000000000
64553  -52.042  -24.548  53.863 0.0000000000
64571  -52.724  -24.508  52.632 0.0000000000
65409  -50.537  -23.567  54.615 0.0000000000
65420  -54.311  -23.674  54.067 0.0000000000
65429  -53.128  -24.308  52.919 0.0000000000
65430  -53.886  -23.748  53.225 0.0000000000
66343  -49.972  -22.232  57.276 0.0000000000
66370  -56.191  -22.197  55.143 0.0000000000
66372  -55.227  -22.987  54.317 0.0000000000
67394  -56.574  -21.492  56.376 0.0000000000
67412  -56.245  -22.114  55.490 0.0000000000
68353  -56.687  -20.684  57.535 0.0000000000
68383  -56.959  -20.973  54.953 0.0000000000
69301  -54.324  -20.129  51.177 0.0000000000
71167  -59.238  -17.283  46.747 0.0000000000
75069  -60.044  -14.920  45.489 0.0000000000
116186  -42.122  -35.318  67.435 0.0000000000
118634  -52.728  -21.523  51.189 0.0000000000
119536  -39.100  -35.338  73.734 0.0000000000
120651  -14.519  -49.478  82.284 0.0000000000
122367  -34.079  -36.627  80.779 0.0000000000
122456  -16.105  -48.227  83.278 0.0000000000
123587  -40.014  -35.806  70.681 0.0000000000
124588  -11.447  -48.435  77.358 0.0000000000
126252  -16.747  -46.917  84.442 0.0000000000
127340  -30.023  -40.841  76.199 0.0000000000
128827  -14.925  -50.112  70.248 0.0000000000
130904  -15.814  -49.586  81.748 0.0000000000
132655  -33.448  -36.901  81.204 0.0000000000
133515  -12.373  -46.084  82.218 0.0000000000
133927  -56.078  -22.190  54.797 0.0000000000
134777  -11.691  -45.789  81.589 0.0000000000
134792  -51.648  -25.423  52.439 0.0000000000
135122  -55.330  -22.685  55.278 0.0000000000
137914  -11.350  -56.733  76.282 0.0000000000
138681  -28.289  -41.737  74.194 0.0000000000
138862  -53.589  -23.736  54.354 0.0000000000
139285  -27.270  -42.432  75.929 0.0000000000
