#!ascii label  , from subject sub-fsm50ww vox2ras=TkReg
813
133339  21.678  -17.521  1.462 0.2500000000
126639  22.075  -17.736  1.064 0.2500000000
123509  22.585  -18.069  0.466 0.7500000000
114487  21.666  -14.519  1.027 0.2500000000
71581  20.741  -14.856  1.845 0.1250000000
71596  22.356  -14.974  0.452 0.3750000000
71597  21.498  -15.397  1.184 0.2500000000
70620  20.704  -16.826  2.299 0.2500000000
68728  22.732  -17.161  0.219 0.7500000000
69686  21.982  -16.927  0.955 0.3750000000
68727  23.342  -17.868  -0.353 0.8750000000
67791  24.661  -18.956  -1.225 0.8750000000
70631  22.292  -15.904  0.526 0.3750000000
70643  23.188  -16.143  -0.189 0.8750000000
135560  22.562  -16.501  0.350 0.7500000000
69707  25.663  -17.233  -2.185 1.0000000000
68742  24.077  -17.097  -1.015 1.0000000000
69696  23.463  -16.887  -0.483 0.8750000000
68740  25.170  -18.081  -1.723 1.0000000000
68754  25.937  -18.125  -2.298 1.0000000000
114752  22.417  -14.344  0.404 0.2500000000
71604  23.128  -15.241  -0.153 0.7500000000
70642  23.932  -15.371  -0.837 0.8750000000
70666  26.193  -16.359  -2.584 1.0000000000
125196  25.354  -16.370  -1.949 1.0000000000
138897  25.642  -15.709  -2.288 1.0000000000
68769  27.116  -17.638  -2.929 1.0000000000
69720  26.431  -17.377  -2.633 1.0000000000
68753  26.633  -18.310  -2.630 1.0000000000
114479  21.123  -13.946  1.589 0.1250000000
114488  23.058  -14.557  -0.126 0.6250000000
114490  24.495  -14.709  -1.382 1.0000000000
114478  23.784  -14.687  -0.693 0.8750000000
70656  24.863  -15.531  -1.651 1.0000000000
69734  28.090  -16.503  -3.627 1.0000000000
70677  27.478  -16.220  -3.439 1.0000000000
69735  27.578  -17.036  -3.309 1.0000000000
69719  26.933  -16.744  -3.036 1.0000000000
69732  29.797  -17.516  -3.791 1.0000000000
133454  28.342  -18.125  -3.421 1.0000000000
75431  24.865  -12.229  -1.755 0.2500000000
114895  22.017  -13.782  0.788 0.2500000000
114887  22.945  -13.866  -0.067 0.3750000000
114476  24.954  -14.042  -1.848 1.0000000000
114879  24.246  -14.141  -1.139 0.6250000000
71614  25.775  -14.731  -2.441 1.0000000000
115995  25.199  -14.685  -2.001 1.0000000000
70676  28.551  -16.054  -3.816 1.0000000000
124478  28.070  -15.761  -3.782 1.0000000000
130472  26.895  -14.883  -3.295 1.0000000000
71640  29.192  -15.110  -4.087 1.0000000000
69740  29.717  -16.469  -3.891 1.0000000000
123783  29.975  -15.282  -4.058 1.0000000000
70682  30.154  -16.009  -3.916 1.0000000000
76359  25.430  -12.031  -2.255 0.5000000000
123008  24.460  -12.623  -1.415 0.3750000000
136205  24.334  -13.177  -1.301 0.5000000000
74480  24.835  -13.113  -1.795 0.5000000000
130387  25.078  -13.487  -1.973 0.8750000000
73507  25.592  -13.589  -2.364 1.0000000000
74491  26.249  -13.045  -2.838 1.0000000000
72572  27.572  -14.610  -3.814 1.0000000000
73506  26.335  -13.761  -2.822 1.0000000000
72582  29.010  -14.293  -4.431 1.0000000000
72583  28.341  -14.381  -4.232 1.0000000000
72580  29.881  -14.346  -4.436 1.0000000000
71639  29.661  -14.761  -4.230 1.0000000000
70681  30.403  -15.588  -3.896 0.8750000000
74479  25.150  -12.625  -2.045 0.5000000000
75444  25.857  -12.520  -2.607 0.6250000000
117147  26.667  -12.320  -3.247 0.6250000000
74492  25.444  -13.074  -2.299 0.7500000000
130700  27.581  -12.933  -3.917 1.0000000000
74511  29.733  -12.997  -4.680 1.0000000000
128483  29.079  -13.033  -4.646 1.0000000000
73529  28.631  -13.553  -4.455 1.0000000000
73517  27.694  -13.702  -4.005 1.0000000000
73527  29.794  -13.650  -4.651 1.0000000000
126925  29.813  -14.036  -4.601 1.0000000000
73516  30.042  -13.635  -4.651 0.8750000000
117748  30.022  -14.047  -4.587 1.0000000000
72570  30.521  -14.662  -4.048 0.8750000000
114954  26.210  -11.841  -2.842 0.5000000000
75443  26.955  -11.520  -3.516 0.8750000000
114779  28.373  -10.837  -5.101 1.0000000000
74501  27.923  -12.254  -4.240 1.0000000000
125245  29.329  -12.193  -4.721 1.0000000000
75466  28.868  -11.382  -4.888 1.0000000000
73530  28.076  -13.003  -4.264 1.0000000000
114855  29.832  -11.146  -4.662 1.0000000000
74490  30.599  -12.640  -3.747 1.0000000000
74500  30.128  -12.876  -4.524 1.0000000000
75452  30.275  -11.953  -4.231 1.0000000000
114768  26.470  -10.992  -3.063 0.5000000000
114530  27.106  -10.648  -4.062 0.8750000000
114872  27.643  -10.754  -4.636 1.0000000000
77284  27.971  -9.469  -6.187 1.0000000000
115158  27.910  -10.482  -5.191 1.0000000000
114829  29.940  -9.104  -4.982 1.0000000000
115281  29.582  -9.918  -5.384 1.0000000000
114533  30.146  -9.695  -4.516 1.0000000000
132891  29.257  -10.587  -5.295 1.0000000000
114802  30.423  -11.051  -3.693 1.0000000000
137576  29.813  -10.364  -4.861 1.0000000000
79899  26.732  -6.924  -5.433 1.0000000000
131969  26.301  -7.225  -4.426 0.3750000000
78169  27.770  -8.528  -6.457 1.0000000000
114822  29.805  -8.386  -5.522 1.0000000000
78167  28.973  -8.447  -6.519 1.0000000000
80709  26.601  -5.831  -5.247 0.8750000000
127114  27.003  -6.111  -6.323 1.0000000000
79909  27.136  -7.066  -6.534 1.0000000000
79908  27.269  -6.319  -7.192 1.0000000000
79034  27.835  -7.757  -7.119 1.0000000000
79033  29.684  -7.557  -6.093 1.0000000000
79025  30.143  -7.487  -4.927 1.0000000000
80701  26.164  -5.431  -4.004 0.7500000000
80718  27.196  -5.476  -6.957 1.0000000000
79916  27.689  -6.054  -7.681 1.0000000000
80717  29.629  -5.784  -6.885 1.0000000000
79914  29.159  -6.481  -7.431 1.0000000000
79907  29.659  -6.656  -6.572 1.0000000000
80727  27.474  -5.441  -7.427 1.0000000000
80725  28.905  -5.594  -7.491 1.0000000000
84964  25.496  -0.934  -1.407 0.1250000000
84963  25.940  -0.496  -1.742 0.1250000000
84983  25.473  -0.341  -3.934 0.2500000000
84976  25.655  -0.251  -2.896 0.1250000000
86816  25.504  0.919  -3.412 0.2500000000
85933  25.180  0.231  -4.551 0.5000000000
125217  24.985  0.852  -5.085 0.3750000000
85915  25.775  0.552  -2.844 0.2500000000
86829  25.277  0.870  -4.092 0.2500000000
87594  25.670  2.005  -3.865 0.2500000000
87595  25.236  1.467  -4.519 0.2500000000
87607  25.290  2.131  -4.967 0.2500000000
134736  24.896  1.540  -5.558 0.3750000000
87614  24.860  2.261  -5.941 0.3750000000
69687  21.309  -17.274  1.842 0.1250000000
70632  21.388  -16.371  1.437 0.2500000000
114483  20.270  -15.497  2.386 0.1250000000
130431  27.477  -11.230  -4.134 0.8750000000
130467  28.719  -10.589  -5.468 1.0000000000
68706  20.740  -18.325  2.663 0.1250000000
68716  22.788  -18.889  0.339 0.6250000000
67778  24.194  -19.807  -0.655 0.7500000000
66833  25.127  -19.860  -1.375 1.0000000000
67804  26.200  -18.900  -2.333 1.0000000000
67817  28.010  -18.793  -3.095 1.0000000000
68766  29.555  -18.371  -3.663 1.0000000000
114486  22.553  -13.324  0.326 0.3750000000
75416  23.894  -12.386  -0.814 0.2500000000
123236  23.858  -12.893  -0.813 0.2500000000
71628  30.956  -15.889  -3.735 0.8750000000
73504  30.881  -14.177  -3.674 0.8750000000
71629  30.578  -15.197  -3.876 0.8750000000
74477  30.932  -12.369  -2.655 0.8750000000
79004  25.469  -7.880  -3.051 0.1250000000
114531  26.929  -9.605  -4.484 0.6250000000
117504  30.285  -10.317  -4.087 1.0000000000
75442  30.636  -11.745  -3.195 0.8750000000
79890  26.181  -6.480  -4.316 0.8750000000
79015  26.100  -7.838  -3.930 0.3750000000
78155  26.514  -8.614  -4.287 0.8750000000
114708  30.288  -8.241  -4.291 1.0000000000
79024  30.402  -7.331  -3.879 1.0000000000
79897  30.327  -6.682  -4.421 1.0000000000
81505  26.593  -4.944  -5.063 0.8750000000
81525  26.447  -4.036  -7.877 1.0000000000
125136  27.620  -4.812  -7.380 1.0000000000
81522  29.227  -4.998  -6.833 1.0000000000
84026  25.323  -1.017  -0.461 0.1250000000
84036  25.628  -1.145  -1.799 0.1250000000
84053  26.070  -1.766  -3.870 0.6250000000
84991  25.218  -0.483  -5.147 0.6250000000
85948  25.308  0.117  -6.542 0.5000000000
131451  25.895  -0.524  -2.374 0.2500000000
125544  24.853  0.863  -6.108 0.5000000000
138672  26.378  0.392  -2.316 0.2500000000
86815  25.868  1.404  -3.125 0.2500000000
86842  24.963  1.631  -6.328 0.5000000000
135770  26.265  2.091  -3.194 0.1250000000
87606  25.840  2.749  -4.416 0.2500000000
88364  25.305  2.816  -5.399 0.2500000000
87619  25.117  2.371  -6.384 0.3750000000
88384  25.106  3.758  -6.534 0.2500000000
69674  21.319  -18.051  1.901 0.1250000000
68717  22.035  -18.650  1.267 0.5000000000
126011  20.736  -15.890  1.973 0.1250000000
68726  23.728  -18.897  -0.522 0.7500000000
68741  24.252  -18.037  -1.138 0.8750000000
67790  25.542  -18.959  -1.862 1.0000000000
70657  24.017  -16.204  -0.962 1.0000000000
69708  24.867  -17.188  -1.590 1.0000000000
68752  27.291  -18.582  -2.867 1.0000000000
68768  27.739  -17.906  -3.198 1.0000000000
114489  23.615  -14.190  -0.575 0.8750000000
70655  25.539  -15.150  -2.256 1.0000000000
69733  28.718  -16.736  -3.739 1.0000000000
70665  26.863  -15.909  -3.116 1.0000000000
130479  26.312  -15.307  -2.731 1.0000000000
69741  29.274  -16.889  -3.812 1.0000000000
68767  28.961  -17.702  -3.700 1.0000000000
74471  23.186  -13.144  -0.248 0.3750000000
114491  23.871  -13.590  -0.800 0.5000000000
114477  24.564  -13.604  -1.508 0.8750000000
130471  25.663  -14.191  -2.379 1.0000000000
114727  26.366  -14.474  -2.804 1.0000000000
70684  29.113  -16.003  -3.916 1.0000000000
70685  28.665  -15.410  -3.970 1.0000000000
71631  27.421  -15.410  -3.559 1.0000000000
71630  28.163  -15.063  -4.004 1.0000000000
120966  28.804  -14.795  -4.201 1.0000000000
71638  30.069  -14.871  -4.157 1.0000000000
73518  26.903  -13.252  -3.481 1.0000000000
74502  27.223  -12.545  -3.674 1.0000000000
114756  26.909  -14.110  -3.442 1.0000000000
72581  29.590  -14.277  -4.465 1.0000000000
73515  30.297  -14.154  -4.399 0.8750000000
75454  27.426  -11.861  -3.871 1.0000000000
75464  29.698  -12.142  -4.713 1.0000000000
73528  29.435  -13.736  -4.606 1.0000000000
74514  28.560  -12.608  -4.543 1.0000000000
74513  29.009  -12.283  -4.718 1.0000000000
73505  30.487  -13.509  -4.173 0.8750000000
75453  27.953  -11.278  -4.565 1.0000000000
75467  28.488  -11.713  -4.693 1.0000000000
75465  29.194  -11.308  -4.914 1.0000000000
114892  27.545  -10.148  -4.965 1.0000000000
114535  27.772  -9.855  -5.648 1.0000000000
115161  28.144  -10.207  -5.685 1.0000000000
114898  28.582  -9.463  -6.244 1.0000000000
114534  30.331  -9.001  -4.130 1.0000000000
77283  29.339  -9.316  -5.937 1.0000000000
114537  28.932  -10.065  -5.960 1.0000000000
79026  27.209  -7.815  -5.892 1.0000000000
79014  26.732  -7.855  -4.907 0.7500000000
116321  27.656  -9.129  -5.921 1.0000000000
78168  28.156  -8.602  -6.630 1.0000000000
78170  27.524  -8.422  -6.125 1.0000000000
79035  27.457  -7.831  -6.640 1.0000000000
126163  27.403  -7.199  -7.111 1.0000000000
79039  28.421  -7.156  -7.506 1.0000000000
79038  29.074  -7.407  -7.046 1.0000000000
79898  30.055  -6.738  -5.462 1.0000000000
79915  28.349  -6.264  -7.768 1.0000000000
80726  28.046  -5.458  -7.708 1.0000000000
81515  27.090  -4.599  -7.312 1.0000000000
80719  26.866  -5.016  -6.292 1.0000000000
84955  24.934  -0.769  -0.861 0.1250000000
118123  25.775  -0.764  -2.251 0.1250000000
84037  24.841  -0.920  -1.048 0.1250000000
84975  26.009  -0.147  -2.392 0.2500000000
85925  25.438  0.349  -3.569 0.2500000000
84046  25.723  -0.958  -3.107 0.3750000000
85941  24.981  0.149  -5.678 0.5000000000
88378  25.002  2.932  -6.156 0.2500000000
68692  20.968  -18.835  2.471 0.1250000000
68705  21.117  -19.087  2.308 0.1250000000
67779  23.284  -19.740  0.076 0.7500000000
67789  26.135  -19.833  -2.064 1.0000000000
114783  25.874  -8.439  -3.503 0.5000000000
114918  26.394  -10.085  -3.454 0.6250000000
114540  27.503  -9.535  -5.351 0.8750000000
78162  27.246  -8.728  -5.322 1.0000000000
81516  26.540  -4.100  -7.152 1.0000000000
81523  28.256  -4.747  -7.386 1.0000000000
83153  25.492  -2.181  -1.898 0.3750000000
84060  25.535  -1.232  -5.850 0.7500000000
84054  25.570  -1.082  -4.509 0.7500000000
84998  25.334  -0.596  -6.259 0.7500000000
119001  25.208  2.957  -6.432 0.3750000000
63851  26.614  -23.400  -0.678 0.7500000000
63849  28.571  -23.898  -1.163 0.7500000000
63852  25.727  -23.086  -0.329 0.7500000000
134010  25.052  -22.771  0.034 0.7500000000
138952  28.322  -23.384  -1.551 0.7500000000
64849  26.175  -22.733  -0.832 0.7500000000
132920  25.408  -22.271  -0.510 0.7500000000
64858  28.413  -22.813  -2.033 0.7500000000
64859  27.596  -22.551  -1.923 0.7500000000
66820  24.691  -20.766  -0.727 0.7500000000
65853  26.929  -21.894  -1.932 0.7500000000
65854  26.147  -21.432  -1.574 0.8750000000
64857  29.298  -22.731  -2.095 0.7500000000
65852  27.918  -22.033  -2.322 0.7500000000
66831  26.530  -20.899  -2.070 0.8750000000
65869  29.282  -21.468  -2.768 0.7500000000
65870  28.362  -21.368  -2.667 0.7500000000
66846  27.882  -20.458  -2.754 0.8750000000
66844  29.756  -20.756  -3.039 0.7500000000
66845  28.807  -20.662  -2.978 0.8750000000
67801  28.369  -19.715  -3.047 0.8750000000
67813  31.290  -19.249  -3.268 0.8750000000
67815  29.847  -19.195  -3.532 0.8750000000
68764  31.102  -18.437  -3.526 0.8750000000
122059  30.518  -17.740  -3.702 0.8750000000
69706  32.444  -17.167  -2.413 0.3750000000
69717  32.026  -17.173  -3.236 0.6250000000
137258  31.451  -17.028  -3.567 0.7500000000
136643  31.026  -17.382  -3.662 0.7500000000
70654  32.420  -16.297  -2.163 0.5000000000
71621  32.104  -15.737  -2.683 0.7500000000
71622  31.475  -15.731  -3.486 0.7500000000
72544  32.784  -14.908  -1.178 0.1250000000
72552  32.242  -15.103  -2.129 0.6250000000
72564  31.072  -14.987  -3.590 0.6250000000
72532  33.508  -14.191  0.462 0.1250000000
73480  32.872  -14.105  -0.452 0.1250000000
73481  32.200  -13.568  -1.088 0.1250000000
73482  31.674  -13.460  -1.824 0.6250000000
74466  31.333  -12.955  -2.183 0.6250000000
74489  30.972  -13.248  -3.221 0.7500000000
73465  32.689  -13.296  -0.163 0.1250000000
75394  32.151  -11.986  0.322 0.1250000000
75411  31.605  -12.084  -0.540 0.1250000000
75427  31.182  -12.109  -1.531 0.5000000000
75428  30.752  -11.502  -2.054 0.7500000000
73464  33.225  -13.445  0.451 0.1250000000
123365  31.097  -11.473  -0.797 0.5000000000
75412  30.704  -10.950  -1.212 0.5000000000
76349  30.586  -10.791  -1.874 0.6250000000
76358  30.575  -10.923  -2.645 0.7500000000
82293  26.066  -3.909  -3.266 0.5000000000
81495  26.343  -4.261  -4.297 0.7500000000
114516  30.476  -9.640  -1.448 0.6250000000
114849  30.476  -9.442  -2.345 0.6250000000
114524  30.453  -9.386  -3.443 0.8750000000
119394  30.471  -8.776  -1.560 0.5000000000
114525  30.492  -8.480  -2.571 0.6250000000
82305  26.287  -3.439  -5.157 0.7500000000
114528  30.433  -8.590  -3.510 0.8750000000
80708  29.906  -5.960  -5.773 0.8750000000
114526  30.480  -7.870  -3.259 0.7500000000
137405  30.228  -6.099  -4.889 0.8750000000
80700  30.167  -5.314  -4.785 0.8750000000
81504  29.808  -4.559  -5.098 0.8750000000
114789  30.537  -8.168  -0.763 0.3750000000
130492  30.516  -7.900  -1.639 0.5000000000
137037  30.552  -7.322  -1.665 0.5000000000
114866  30.510  -7.167  -3.097 0.6250000000
114521  30.693  -7.590  0.009 0.2500000000
133564  30.590  -7.246  -0.946 0.3750000000
130482  30.532  -7.437  -2.357 0.5000000000
82292  26.259  -3.268  -3.854 0.6250000000
119122  26.520  -4.217  -5.758 0.8750000000
82325  26.012  -3.679  -7.892 0.8750000000
81514  28.867  -4.090  -6.597 0.7500000000
79889  30.461  -6.583  -3.472 0.6250000000
80707  30.408  -5.912  -4.015 0.7500000000
130417  30.584  -6.711  -1.719 0.3750000000
124081  30.572  -6.093  -2.151 0.5000000000
131582  30.071  -4.523  -4.095 0.7500000000
114770  30.676  -6.345  -0.840 0.2500000000
83169  26.160  -2.584  -4.530 0.6250000000
82316  26.172  -3.547  -6.697 0.8750000000
82324  26.414  -3.640  -8.095 0.8750000000
82323  27.291  -3.554  -7.885 0.8750000000
134844  26.693  -2.970  -8.221 0.7500000000
82315  28.218  -3.394  -6.912 0.8750000000
120577  29.313  -3.202  -4.680 0.7500000000
81494  30.343  -5.116  -3.610 0.5000000000
115718  30.724  -5.157  -1.232 0.2500000000
81478  30.587  -4.626  -1.800 0.5000000000
80680  30.540  -5.413  -2.033 0.5000000000
83163  26.211  -2.464  -3.494 0.5000000000
84059  25.860  -1.900  -5.233 0.5000000000
84070  25.950  -2.071  -6.676 0.7500000000
138851  26.209  -2.786  -8.174 0.7500000000
84081  26.022  -2.286  -7.713 0.7500000000
84069  27.293  -1.452  -7.370 0.7500000000
84068  27.982  -2.053  -6.790 0.7500000000
84079  27.196  -2.360  -7.701 0.7500000000
128277  26.399  -1.490  -7.581 0.7500000000
83186  28.399  -2.672  -6.184 0.7500000000
83175  28.908  -2.568  -5.074 0.7500000000
84058  28.582  -1.907  -5.521 0.7500000000
125350  29.654  -3.139  -3.607 0.5000000000
83168  29.619  -2.225  -3.248 0.3750000000
83174  29.284  -2.441  -4.122 0.6250000000
125654  30.730  -3.862  -1.602 0.2500000000
82281  30.177  -3.457  -2.778 0.3750000000
84990  28.220  -1.171  -6.107 0.7500000000
84989  28.845  -1.063  -4.703 0.6250000000
84045  29.752  -1.332  -2.818 0.3750000000
84052  29.285  -1.599  -3.790 0.3750000000
82273  30.875  -3.094  -1.515 0.1250000000
84035  30.961  -1.798  -1.690 0.1250000000
84044  30.386  -1.624  -2.207 0.2500000000
85005  25.752  -0.661  -7.010 0.6250000000
85004  26.153  -0.654  -7.451 0.7500000000
84997  26.875  -0.559  -7.402 0.6250000000
84996  27.743  -0.375  -6.709 0.7500000000
121487  28.468  -0.227  -5.407 0.3750000000
121499  29.897  -0.245  -2.676 0.2500000000
84974  29.311  -0.648  -3.508 0.3750000000
84057  28.944  -1.918  -4.581 0.6250000000
84961  31.810  -0.977  -1.591 0.1250000000
84962  31.007  -1.039  -1.912 0.1250000000
83152  31.064  -2.410  -1.488 0.1250000000
128284  25.761  0.108  -7.204 0.6250000000
85940  27.212  0.384  -6.906 0.3750000000
85946  26.397  0.206  -7.294 0.3750000000
85939  28.001  0.523  -5.855 0.3750000000
86827  29.338  1.411  -3.590 0.2500000000
127423  28.996  0.003  -4.229 0.3750000000
85913  30.496  0.452  -2.555 0.1250000000
85914  29.856  0.556  -2.822 0.3750000000
84960  32.672  -0.841  -1.683 0.1250000000
84973  30.335  -0.903  -2.336 0.1250000000
86850  25.608  1.698  -6.815 0.3750000000
86841  27.541  2.101  -5.952 0.3750000000
86849  26.611  1.231  -6.802 0.3750000000
135954  28.205  2.256  -5.142 0.3750000000
86840  28.294  1.524  -5.207 0.3750000000
117459  27.550  1.172  -6.203 0.3750000000
86834  28.897  1.516  -4.176 0.3750000000
86833  31.892  2.058  -4.007 0.1250000000
86813  30.184  1.099  -2.899 0.1250000000
86826  29.819  1.571  -3.345 0.2500000000
85911  32.388  0.360  -2.591 0.1250000000
132055  26.330  3.021  -6.559 0.2500000000
88376  27.722  3.639  -5.578 0.2500000000
87613  27.216  2.999  -6.130 0.3750000000
87617  26.465  2.300  -6.619 0.3750000000
88362  28.944  3.157  -4.601 0.1250000000
87612  28.111  2.914  -5.172 0.3750000000
87604  29.527  2.664  -4.120 0.1250000000
87605  28.742  2.320  -4.506 0.2500000000
87611  31.582  2.948  -4.971 0.1250000000
87593  29.355  1.988  -3.800 0.1250000000
87618  25.617  2.601  -6.662 0.3750000000
88382  26.855  3.660  -6.287 0.2500000000
89123  28.466  4.270  -5.621 0.1250000000
89122  29.742  4.467  -5.899 0.1250000000
122788  28.857  4.765  -6.305 0.1250000000
88381  30.869  4.147  -6.187 0.1250000000
89813  27.584  5.336  -8.217 0.1250000000
89130  30.465  4.604  -6.851 0.1250000000
89812  29.306  5.384  -7.771 0.1250000000
88380  31.664  3.742  -6.855 0.1250000000
88371  32.135  3.170  -6.521 0.1250000000
68751  31.824  -18.794  -3.185 0.6250000000
114519  30.535  -10.329  -1.443 0.6250000000
126651  30.454  -5.801  -2.924 0.5000000000
121868  30.640  -5.898  -1.463 0.3750000000
83187  25.905  -2.986  -7.469 0.8750000000
134656  25.983  -3.109  -8.236 0.8750000000
83196  27.679  -2.842  -7.429 0.7500000000
82304  28.885  -3.283  -5.747 0.7500000000
82290  30.279  -4.326  -3.174 0.5000000000
82291  29.963  -3.892  -3.579 0.5000000000
116576  30.468  -4.090  -2.341 0.5000000000
87591  30.906  2.226  -3.673 0.1250000000
89131  29.583  4.995  -6.832 0.1250000000
89129  31.183  4.240  -7.109 0.1250000000
73493  31.801  -14.111  -2.077 0.5000000000
72553  31.443  -14.545  -2.940 0.6250000000
114846  30.600  -10.080  -0.657 0.3750000000
114926  30.520  -9.073  -0.662 0.3750000000
130410  30.678  -8.462  0.129 0.2500000000
88361  29.899  3.329  -4.544 0.1250000000
62864  27.699  -24.884  -0.062 0.7500000000
123633  26.292  -24.503  0.261 0.7500000000
63834  25.198  -23.423  0.263 0.7500000000
62881  28.834  -24.440  -0.626 0.7500000000
63850  27.658  -23.621  -1.067 0.7500000000
63848  29.250  -23.841  -1.124 0.7500000000
66821  23.737  -20.523  -0.047 0.6250000000
65841  24.808  -21.582  -0.385 0.7500000000
64847  29.618  -23.188  -1.593 0.6250000000
65850  29.642  -22.050  -2.437 0.7500000000
65849  30.171  -21.863  -2.360 0.6250000000
66843  30.518  -20.665  -2.928 0.6250000000
67799  31.545  -19.544  -2.918 0.5000000000
121557  32.338  -18.559  -2.164 0.3750000000
68738  32.305  -18.141  -2.847 0.5000000000
136626  32.643  -16.737  -1.580 0.1250000000
71603  33.091  -15.456  -0.820 0.1250000000
72543  33.301  -14.815  -0.232 0.1250000000
73451  33.811  -13.583  1.117 0.1250000000
74434  33.527  -12.858  1.147 0.1250000000
132093  33.218  -12.242  1.282 0.1250000000
75393  32.685  -11.849  1.097 0.1250000000
118422  32.114  -11.289  0.944 0.1250000000
76323  31.024  -10.325  0.212 0.1250000000
77239  30.746  -9.385  0.198 0.2500000000
82283  25.921  -3.032  -2.734 0.5000000000
80665  30.995  -5.880  -0.131 0.1250000000
114795  30.785  -6.718  -0.061 0.2500000000
81468  31.580  -4.097  -0.430 0.1250000000
82272  31.468  -2.761  -1.056 0.1250000000
83140  32.103  -2.478  -0.826 0.1250000000
116531  26.012  -1.857  -2.768 0.3750000000
84033  32.367  -1.401  -1.344 0.1250000000
84970  33.105  -0.260  -2.367 0.1250000000
84043  33.545  -0.979  -1.923 0.1250000000
138128  32.434  1.633  -4.104 0.1250000000
86832  33.281  1.158  -4.802 0.1250000000
85905  26.494  0.069  -1.715 0.1250000000
89134  25.381  3.948  -6.991 0.2500000000
89804  26.626  4.739  -6.935 0.1250000000
89814  26.613  4.860  -7.642 0.1250000000
120256  28.608  5.491  -8.327 0.1250000000
89143  30.929  4.509  -7.784 0.1250000000
87616  32.541  2.485  -6.910 0.1250000000
69731  30.347  -16.920  -3.825 0.7500000000
114520  30.520  -10.210  -3.045 0.7500000000
79891  25.505  -6.335  -3.270 0.3750000000
81513  29.690  -5.197  -5.913 0.8750000000
67816  28.903  -18.853  -3.434 0.8750000000
66832  25.677  -20.721  -1.487 0.8750000000
67802  27.526  -19.517  -2.809 0.8750000000
70675  30.849  -16.444  -3.751 0.7500000000
73494  31.374  -13.762  -2.670 0.6250000000
81524  27.160  -4.183  -7.780 0.8750000000
123316  27.925  -4.019  -7.395 0.8750000000
138122  29.423  -4.547  -5.982 0.8750000000
86851  25.363  0.876  -6.759 0.3750000000
138788  24.643  3.881  -7.145 0.1250000000
88383  25.730  3.404  -6.614 0.2500000000
63833  26.054  -23.819  -0.035 0.7500000000
62883  27.067  -24.278  -0.295 0.7500000000
62882  28.074  -24.412  -0.621 0.7500000000
63861  28.975  -23.389  -1.666 0.7500000000
64850  24.482  -22.124  0.241 0.7500000000
64848  26.995  -22.776  -1.353 0.7500000000
65839  26.191  -22.094  -1.202 0.7500000000
65840  25.479  -21.481  -0.994 0.7500000000
65851  28.856  -22.135  -2.459 0.7500000000
65871  27.412  -21.167  -2.439 0.8750000000
66847  27.004  -20.209  -2.542 0.8750000000
65868  30.062  -21.413  -2.721 0.7500000000
66856  30.224  -19.994  -3.261 0.7500000000
66857  29.325  -19.896  -3.250 0.8750000000
67800  30.928  -19.874  -3.100 0.6250000000
69695  32.604  -17.402  -1.355 0.2500000000
69718  31.715  -17.849  -3.400 0.6250000000
70664  32.080  -16.419  -3.058 0.7500000000
71613  32.556  -15.602  -1.725 0.5000000000
119113  32.866  -16.121  -1.255 0.1250000000
116254  32.325  -14.430  -1.566 0.2500000000
72563  31.694  -15.187  -2.939 0.6250000000
74465  31.681  -12.833  -1.223 0.1250000000
74448  32.222  -12.728  -0.351 0.1250000000
74447  32.839  -12.629  0.541 0.1250000000
76334  31.420  -11.276  0.149 0.1250000000
137483  30.913  -11.519  -1.384 0.6250000000
76335  30.866  -10.853  -0.418 0.1250000000
114523  30.505  -10.212  -2.115 0.6250000000
119759  29.687  -3.885  -4.377 0.7500000000
79878  30.531  -6.632  -2.610 0.5000000000
83176  25.992  -2.764  -6.017 0.6250000000
82314  29.413  -3.897  -5.416 0.7500000000
81485  30.442  -4.886  -2.649 0.5000000000
82262  31.217  -3.566  -0.987 0.1250000000
81469  30.944  -4.375  -1.035 0.1250000000
119486  31.182  -4.999  -0.375 0.1250000000
129484  26.058  -1.367  -7.341 0.7500000000
83162  29.991  -2.097  -2.599 0.3750000000
124198  30.514  -3.415  -2.045 0.1250000000
83161  30.450  -2.573  -2.098 0.3750000000
137398  31.384  -1.404  -1.601 0.1250000000
85924  29.093  0.863  -3.764 0.3750000000
85932  28.725  0.714  -4.798 0.3750000000
84972  31.435  -0.418  -1.983 0.1250000000
84971  32.135  -0.245  -1.994 0.1250000000
84034  31.700  -1.876  -1.276 0.1250000000
128865  30.745  -0.282  -2.234 0.1250000000
85947  25.904  0.833  -7.180 0.3750000000
85923  29.546  1.013  -3.159 0.2500000000
85912  31.434  0.319  -2.368 0.1250000000
86812  30.961  1.071  -2.782 0.1250000000
88375  28.494  3.611  -5.095 0.3750000000
85922  31.847  0.967  -2.927 0.1250000000
87602  31.290  2.656  -4.342 0.1250000000
87601  31.964  2.474  -4.723 0.1250000000
86825  30.528  1.639  -3.241 0.1250000000
87592  30.048  2.189  -3.632 0.1250000000
85910  33.092  0.326  -2.958 0.1250000000
85921  32.658  0.812  -3.273 0.1250000000
89133  26.591  4.261  -6.549 0.2500000000
89124  27.516  4.187  -6.037 0.2500000000
88374  29.312  3.870  -5.037 0.1250000000
88372  31.427  3.457  -5.660 0.1250000000
88360  30.859  3.253  -4.727 0.1250000000
89132  27.765  4.774  -6.459 0.1250000000
89802  28.582  5.337  -6.892 0.1250000000
132574  32.227  2.665  -5.630 0.1250000000
88373  30.367  3.826  -5.256 0.1250000000
89824  26.494  4.840  -8.628 0.1250000000
62865  26.951  -25.122  0.389 0.7500000000
62863  28.381  -24.982  -0.086 0.7500000000
62866  25.392  -24.233  0.598 0.7500000000
65828  24.000  -21.279  0.114 0.5000000000
65848  30.703  -21.234  -2.393 0.6250000000
67788  31.683  -19.790  -2.278 0.5000000000
76322  31.612  -10.591  0.924 0.1250000000
76310  32.285  -10.615  1.558 0.1250000000
85931  32.915  1.166  -4.072 0.1250000000
137946  32.666  1.846  -4.847 0.1250000000
119081  23.818  -22.374  1.027 0.5000000000
61895  27.826  -25.557  0.418 0.6250000000
61894  28.545  -25.529  0.448 0.6250000000
62861  29.703  -24.510  0.390 0.3750000000
62862  29.068  -24.989  0.073 0.6250000000
64837  30.369  -23.272  0.218 0.2500000000
129544  29.974  -23.938  0.010 0.3750000000
67787  32.095  -19.159  -1.744 0.3750000000
64846  30.193  -22.825  -1.388 0.5000000000
128201  30.454  -21.945  -1.924 0.5000000000
65837  30.981  -21.371  -1.503 0.3750000000
62845  29.961  -24.632  1.239 0.5000000000
62846  29.449  -25.149  0.815 0.6250000000
66842  31.132  -20.313  -2.653 0.5000000000
60928  27.624  -26.297  0.955 0.6250000000
63822  23.942  -23.088  1.331 0.3750000000
124332  24.105  -23.820  1.540 0.3750000000
126829  27.172  -25.863  0.736 0.6250000000
62847  25.096  -24.888  1.125 0.6250000000
61863  29.794  -25.640  2.017 0.3750000000
61878  29.293  -25.804  1.290 0.5000000000
60927  28.195  -26.038  0.786 0.6250000000
118885  30.357  -24.171  1.726 0.3750000000
64836  30.738  -22.426  0.525 0.2500000000
63814  30.611  -23.497  1.844 0.2500000000
65827  30.473  -22.735  -0.485 0.2500000000
125928  31.101  -21.406  -0.448 0.3750000000
66819  31.410  -20.664  -0.846 0.2500000000
67777  31.712  -19.893  -1.268 0.2500000000
75417  23.300  -12.570  -0.315 0.1250000000
117838  25.679  -11.281  -2.458 0.2500000000
69685  32.655  -17.566  -0.285 0.2500000000
114536  26.144  -9.180  -3.551 0.3750000000
76351  24.387  -12.134  -1.284 0.1250000000
114860  22.710  -12.806  0.223 0.2500000000
67765  22.485  -19.703  0.822 0.2500000000
64856  29.988  -22.504  -2.029 0.5000000000
63835  24.596  -23.637  0.885 0.5000000000
64838  24.500  -22.907  0.619 0.5000000000
63832  29.454  -24.262  -0.431 0.5000000000
63847  29.943  -23.530  -0.785 0.5000000000
121587  32.348  -18.303  -1.154 0.2500000000
132484  23.717  -21.769  0.716 0.3750000000
66809  22.907  -20.525  0.714 0.2500000000
61897  25.955  -25.029  0.723 0.6250000000
65829  23.230  -21.248  0.804 0.3750000000
66830  31.332  -20.605  -1.909 0.2500000000
61879  28.709  -26.045  0.961 0.6250000000
61893  29.008  -25.544  0.657 0.5000000000
63821  30.262  -23.873  0.936 0.2500000000
64829  30.639  -22.984  1.210 0.2500000000
65838  30.629  -22.123  -1.122 0.3750000000
61877  29.741  -25.218  1.490 0.5000000000
62833  30.235  -24.838  2.114 0.3750000000
61896  26.456  -25.727  0.946 0.6250000000
61864  29.429  -26.232  1.874 0.3750000000
65826  30.817  -22.032  -0.158 0.2500000000
75401  22.527  -12.723  0.443 0.1250000000
59986  26.423  -27.056  1.627 0.5000000000
125962  29.295  -26.810  2.149 0.2500000000
59984  28.091  -27.370  1.710 0.3750000000
60913  28.247  -26.677  1.290 0.5000000000
60914  26.866  -26.434  1.146 0.5000000000
59987  25.452  -26.815  1.912 0.3750000000
135127  24.697  -26.151  1.967 0.5000000000
60916  25.294  -26.088  1.588 0.5000000000
61880  25.606  -25.589  1.226 0.5000000000
59956  23.972  -27.712  3.436 0.1250000000
60900  25.200  -27.458  2.392 0.3750000000
62848  24.315  -24.663  1.669 0.2500000000
58018  24.674  -29.166  3.518 0.1250000000
59973  24.608  -27.632  2.851 0.2500000000
59004  26.333  -28.365  2.430 0.3750000000
59969  29.065  -27.465  2.497 0.2500000000
59003  27.120  -28.333  2.329 0.3750000000
59002  27.624  -27.853  1.999 0.5000000000
58994  23.805  -28.405  3.819 0.1250000000
134449  25.364  -28.245  2.690 0.3750000000
59971  26.820  -27.778  1.950 0.3750000000
60884  23.654  -26.294  3.310 0.1250000000
61866  23.832  -25.301  2.511 0.1250000000
62867  24.663  -24.258  1.137 0.3750000000
59985  27.388  -27.108  1.477 0.5000000000
62849  23.770  -24.024  2.099 0.2500000000
60898  29.801  -26.232  2.528 0.2500000000
60899  28.713  -27.169  1.831 0.3750000000
59970  28.371  -27.779  2.213 0.3750000000
59972  25.940  -27.635  2.163 0.3750000000
60901  24.653  -26.856  2.436 0.2500000000
61865  24.229  -25.404  2.081 0.1250000000
61881  24.821  -25.490  1.560 0.1250000000
58993  24.521  -28.452  3.297 0.1250000000
59957  23.473  -27.772  4.013 0.1250000000
59974  24.065  -26.934  3.050 0.1250000000
124618  23.573  -27.063  3.672 0.1250000000
62834  23.856  -24.716  2.262 0.1250000000
58019  24.160  -28.983  3.760 0.1250000000
59955  28.711  -28.052  2.909 0.2500000000
60902  24.055  -26.077  2.587 0.1250000000
58991  25.863  -29.019  2.833 0.2500000000
58990  26.870  -29.003  2.809 0.2500000000
58992  25.158  -28.919  3.144 0.1250000000
65819  22.393  -21.138  1.641 0.1250000000
118679  25.458  -5.429  -2.829 0.1250000000
81496  25.927  -4.677  -3.328 0.1250000000
80681  24.877  -5.377  -1.858 0.1250000000
81486  25.538  -4.297  -2.421 0.1250000000
82274  25.245  -3.284  -1.805 0.1250000000
133712  24.202  -4.270  -1.031 0.1250000000
81479  24.791  -4.309  -1.577 0.1250000000
128112  24.801  -2.392  -1.275 0.1250000000
80688  24.976  -6.392  -2.149 0.1250000000
82275  24.537  -3.415  -1.171 0.1250000000
82263  23.572  -2.915  -0.162 0.1250000000
114527  25.911  -10.377  -2.656 0.1250000000
63823  23.530  -23.268  2.000 0.1250000000
65811  22.585  -21.911  2.176 0.1250000000
79879  25.149  -7.188  -2.579 0.1250000000
80675  23.511  -5.798  -0.837 0.1250000000
82264  23.400  -3.901  -0.189 0.1250000000
126414  24.189  -2.575  -0.708 0.1250000000
122531  25.723  -7.130  -3.585 0.1250000000
135628  22.286  -19.198  0.980 0.1250000000
67766  21.841  -19.494  1.459 0.1250000000
64839  23.154  -21.811  1.422 0.1250000000
119492  25.875  -9.576  -2.892 0.1250000000
66810  22.014  -20.267  1.488 0.1250000000
66798  21.585  -20.669  2.145 0.1250000000
65812  21.851  -21.369  2.452 0.1250000000
81470  23.599  -4.768  -0.562 0.1250000000
117259  23.924  -3.640  -0.622 0.1250000000
80676  23.024  -5.791  -0.299 0.1250000000
83133  23.325  -2.311  0.660 0.1250000000
121857  30.309  -25.506  2.777 0.1250000000
63803  30.671  -24.020  2.459 0.1250000000
63813  31.028  -23.243  2.587 0.1250000000
64828  31.109  -22.146  1.597 0.1250000000
65818  31.175  -21.529  0.688 0.1250000000
66796  32.083  -20.134  1.865 0.1250000000
67751  31.728  -19.943  0.921 0.1250000000
66808  31.457  -20.693  0.262 0.1250000000
68704  32.472  -18.534  1.135 0.1250000000
67776  31.989  -19.121  -0.605 0.1250000000
68715  32.333  -18.391  0.093 0.1250000000
58989  27.852  -28.427  2.681 0.1250000000
59954  29.362  -27.583  3.332 0.1250000000
60867  30.019  -27.039  3.805 0.1250000000
60882  30.326  -26.225  3.414 0.1250000000
62823  31.258  -24.614  3.772 0.1250000000
61852  30.818  -25.373  3.548 0.1250000000
63802  31.233  -23.800  3.292 0.1250000000
64805  31.893  -22.421  3.333 0.1250000000
65810  31.627  -21.651  2.329 0.1250000000
138175  31.449  -21.371  1.652 0.1250000000
66785  32.537  -20.438  2.766 0.1250000000
68689  32.831  -18.759  1.988 0.1250000000
69669  33.290  -17.248  1.356 0.1250000000
68703  33.045  -17.993  1.655 0.1250000000
70630  32.967  -16.709  -0.611 0.1250000000
62824  30.736  -24.680  3.020 0.1250000000
64816  31.397  -22.430  2.596 0.1250000000
67764  31.687  -19.900  -0.149 0.1250000000
60883  29.646  -26.913  2.947 0.1250000000
121351  28.360  -28.492  3.377 0.1250000000
122496  31.456  -22.986  3.178 0.1250000000
66797  31.579  -20.739  1.291 0.1250000000
67750  32.273  -19.332  1.495 0.1250000000
67763  32.033  -19.182  0.505 0.1250000000
69670  32.732  -17.738  0.781 0.1250000000
68688  33.426  -18.238  2.399 0.1250000000
59940  28.964  -28.124  3.761 0.1250000000
59939  29.626  -27.653  4.250 0.1250000000
63801  31.916  -23.174  3.839 0.1250000000
60912  28.989  -26.526  1.494 0.3750000000
60915  26.028  -26.298  1.405 0.5000000000
63862  27.794  -23.068  -1.648 0.7500000000
64817  30.885  -22.819  2.009 0.1250000000
67803  26.784  -19.248  -2.596 1.0000000000
67814  30.653  -19.267  -3.441 0.8750000000
68739  32.073  -19.052  -2.636 0.5000000000
68765  30.254  -18.463  -3.654 0.8750000000
69730  31.524  -16.435  -3.571 0.7500000000
70683  29.630  -15.535  -4.004 1.0000000000
72571  30.140  -14.521  -4.303 0.8750000000
74512  29.466  -13.006  -4.661 1.0000000000
75400  22.942  -12.474  0.028 0.1250000000
78173  28.409  -7.883  -7.058 1.0000000000
79040  27.727  -6.835  -7.571 1.0000000000
80674  30.788  -5.651  -0.794 0.2500000000
82282  29.932  -2.711  -2.818 0.3750000000
84071  25.827  -1.373  -6.917 0.6250000000
84080  26.545  -2.349  -7.875 0.7500000000
86807  26.451  1.052  -2.462 0.2500000000
86823  32.210  1.401  -3.583 0.1250000000
86824  31.391  1.592  -3.323 0.1250000000
86828  25.467  1.338  -3.749 0.2500000000
87603  30.429  2.766  -4.129 0.1250000000
89803  27.569  5.322  -7.124 0.1250000000
114538  28.658  -9.891  -6.140 1.0000000000
114539  28.484  -9.986  -6.015 1.0000000000
119045  32.498  -17.942  -2.046 0.3750000000
128360  29.379  0.292  -3.251 0.2500000000
129185  28.219  -17.323  -3.519 1.0000000000
131629  29.250  -14.636  -4.291 1.0000000000
132901  30.309  -22.392  -1.688 0.5000000000
133508  28.355  5.491  -7.586 0.1250000000
136566  26.871  -15.384  -3.193 1.0000000000
137352  23.431  -20.917  0.349 0.1250000000
137837  33.192  -15.967  -0.476 0.1250000000
138394  24.630  -16.439  -1.456 1.0000000000
138431  26.734  -12.775  -3.324 1.0000000000
138663  31.895  -14.709  -2.367 0.6250000000
