#!ascii label  , from subject sub-fsm10cv vox2ras=TkReg
910
43927  -31.255  -44.509  63.834 0.0000000000
37668  -17.829  -52.057  65.570 0.0000000000
37710  -26.955  -51.548  64.236 0.0000000000
65971  -42.786  -22.323  50.063 0.0000000000
68708  -49.852  -18.643  46.070 0.0000000000
36710  -10.547  -52.745  68.483 0.0000000000
63258  -41.484  -23.513  52.723 0.0000000000
46791  -32.155  -42.391  62.920 0.0000000000
39610  -30.521  -49.304  63.484 0.0000000000
36757  -13.363  -52.047  66.180 0.0000000000
34764  -13.925  -55.195  68.921 0.0000000000
43066  -26.389  -45.507  60.326 0.0000000000
113665  -26.359  -42.156  60.091 0.0000000000
37673  -22.199  -51.710  65.361 0.0000000000
40507  -26.286  -48.087  62.917 0.0000000000
58430  -35.171  -30.082  52.085 0.0000000000
60261  -39.346  -28.108  50.035 0.0000000000
61302  -44.136  -27.410  49.604 0.0000000000
29789  -8.368  -60.006  69.606 0.0000000000
26985  -5.744  -62.334  71.421 0.0000000000
116092  -29.128  -41.093  57.524 0.0000000000
49081  -32.174  -39.631  54.101 0.0000000000
54438  -34.211  -34.423  53.100 0.0000000000
31763  -10.921  -57.507  68.260 0.0000000000
35777  -17.847  -53.860  68.499 0.0000000000
36715  -19.792  -53.032  68.235 0.0000000000
126605  -31.231  -46.615  63.087 0.0000000000
39574  -16.369  -49.465  65.249 0.0000000000
36778  -15.773  -51.993  65.310 0.0000000000
35792  -15.881  -53.729  67.211 0.0000000000
43925  -25.125  -44.682  64.217 0.0000000000
42149  -25.982  -46.705  62.641 0.0000000000
61244  -34.690  -26.963  53.048 0.0000000000
59345  -37.106  -28.799  51.238 0.0000000000
62311  -37.093  -25.822  52.023 0.0000000000
63293  -41.483  -25.419  49.538 0.0000000000
63304  -43.598  -25.109  48.804 0.0000000000
63298  -46.434  -25.442  49.382 0.0000000000
65085  -44.205  -22.834  48.142 0.0000000000
66000  -46.036  -21.943  47.479 0.0000000000
120258  -25.199  -39.402  60.678 0.0000000000
47875  -27.651  -41.461  59.551 0.0000000000
49008  -26.256  -38.999  58.407 0.0000000000
49078  -29.329  -38.567  54.422 0.0000000000
52419  -30.753  -36.358  53.829 0.0000000000
52428  -33.241  -36.913  53.222 0.0000000000
55438  -31.543  -33.838  53.630 0.0000000000
126812  -32.189  -31.610  53.570 0.0000000000
116555  -24.615  -51.895  65.101 0.0000000000
32713  -8.768  -56.461  68.631 0.0000000000
33745  -10.145  -55.312  67.319 0.0000000000
24153  -6.363  -65.550  71.997 0.0000000000
23195  -4.187  -66.828  71.814 0.0000000000
121728  -39.346  -24.344  53.867 0.0000000000
46824  -34.182  -41.940  61.692 0.0000000000
38671  -29.261  -50.406  63.634 0.0000000000
36712  -11.636  -52.100  67.528 0.0000000000
34790  -12.052  -54.540  66.844 0.0000000000
34792  -13.763  -54.441  67.208 0.0000000000
69638  -51.610  -18.716  45.465 0.0000000000
43060  -29.478  -45.341  60.723 0.0000000000
44886  -29.477  -43.437  61.330 0.0000000000
44895  -26.082  -43.839  60.122 0.0000000000
38646  -17.945  -49.852  64.396 0.0000000000
37671  -20.444  -51.755  66.021 0.0000000000
38649  -20.480  -49.642  63.849 0.0000000000
38651  -22.629  -50.601  63.757 0.0000000000
38667  -24.575  -50.175  62.888 0.0000000000
40492  -25.639  -48.895  63.482 0.0000000000
38681  -26.381  -50.429  62.363 0.0000000000
40524  -27.994  -49.041  61.069 0.0000000000
41367  -28.393  -47.381  60.097 0.0000000000
56441  -36.847  -32.576  53.831 0.0000000000
63278  -39.800  -25.295  50.471 0.0000000000
61292  -41.706  -27.985  49.739 0.0000000000
66929  -47.738  -21.141  46.310 0.0000000000
27893  -6.922  -61.650  70.489 0.0000000000
26049  -7.659  -63.987  72.097 0.0000000000
46819  -29.703  -42.028  61.224 0.0000000000
47878  -30.568  -41.596  59.987 0.0000000000
111532  -32.073  -41.460  58.370 0.0000000000
50147  -27.489  -38.257  56.114 0.0000000000
47951  -30.206  -41.007  55.904 0.0000000000
47934  -34.093  -40.632  57.649 0.0000000000
50148  -34.900  -39.222  55.819 0.0000000000
128887  -35.933  -37.049  54.640 0.0000000000
120392  -36.406  -35.164  54.308 0.0000000000
128314  -33.895  -32.221  52.886 0.0000000000
60219  -32.741  -28.667  53.764 0.0000000000
36742  -22.037  -52.769  67.772 0.0000000000
31717  -7.864  -57.306  69.987 0.0000000000
30761  -9.493  -59.139  69.085 0.0000000000
32715  -12.374  -56.643  68.979 0.0000000000
22208  -2.923  -67.393  71.576 0.0000000000
36737  -17.854  -52.978  66.812 0.0000000000
36714  -19.016  -53.235  67.966 0.0000000000
36738  -18.685  -52.866  67.144 0.0000000000
43044  -31.298  -45.935  63.490 0.0000000000
119668  -16.878  -50.741  64.709 0.0000000000
121449  -15.610  -50.923  65.123 0.0000000000
36779  -16.876  -52.259  65.479 0.0000000000
36736  -16.982  -53.001  66.426 0.0000000000
62284  -35.545  -26.022  54.077 0.0000000000
121986  -36.331  -26.115  52.465 0.0000000000
116537  -37.046  -25.368  53.671 0.0000000000
65066  -42.475  -22.883  50.181 0.0000000000
64180  -42.206  -23.463  50.027 0.0000000000
65074  -42.894  -23.186  49.227 0.0000000000
64198  -44.261  -23.773  48.347 0.0000000000
65979  -43.074  -22.271  49.050 0.0000000000
66908  -43.831  -21.280  48.186 0.0000000000
48989  -25.637  -39.050  59.612 0.0000000000
53372  -30.264  -35.516  55.270 0.0000000000
54435  -31.459  -34.798  53.567 0.0000000000
131790  -31.023  -33.654  55.335 0.0000000000
56423  -31.391  -32.536  55.315 0.0000000000
131153  -25.986  -51.972  65.354 0.0000000000
37676  -25.801  -52.325  65.871 0.0000000000
37678  -27.306  -52.069  66.162 0.0000000000
34775  -9.200  -54.871  68.565 0.0000000000
120670  -10.175  -53.738  67.941 0.0000000000
68716  -49.376  -19.940  45.325 0.0000000000
24152  -5.624  -65.702  71.692 0.0000000000
46782  -32.675  -42.835  63.839 0.0000000000
46807  -32.723  -42.019  62.338 0.0000000000
39609  -29.923  -49.804  63.537 0.0000000000
39599  -30.549  -49.663  64.225 0.0000000000
38614  -13.856  -50.831  66.490 0.0000000000
37650  -12.963  -51.034  67.320 0.0000000000
37637  -12.192  -51.445  67.619 0.0000000000
37649  -12.693  -51.760  66.691 0.0000000000
35790  -13.273  -53.703  66.508 0.0000000000
35808  -13.829  -52.997  66.170 0.0000000000
35767  -16.908  -54.434  69.434 0.0000000000
35766  -16.153  -54.371  68.853 0.0000000000
109509  -27.889  -45.258  60.012 0.0000000000
43972  -27.743  -44.202  60.182 0.0000000000
43970  -26.187  -44.655  60.216 0.0000000000
40468  -18.463  -48.114  64.853 0.0000000000
39593  -19.037  -48.927  64.115 0.0000000000
39594  -19.970  -48.574  63.856 0.0000000000
39605  -21.773  -49.128  63.346 0.0000000000
39606  -22.556  -49.372  63.337 0.0000000000
38652  -23.407  -50.558  63.497 0.0000000000
38666  -23.755  -50.090  63.076 0.0000000000
41332  -26.043  -47.362  65.055 0.0000000000
40506  -26.050  -48.677  62.936 0.0000000000
40516  -25.464  -49.932  62.393 0.0000000000
40517  -26.061  -49.581  62.144 0.0000000000
38682  -27.814  -50.248  62.281 0.0000000000
39623  -27.242  -49.277  61.376 0.0000000000
120920  -25.788  -46.194  61.903 0.0000000000
41366  -27.520  -47.575  60.236 0.0000000000
42170  -27.584  -46.739  60.079 0.0000000000
43069  -29.429  -46.187  60.401 0.0000000000
124978  -35.652  -31.435  52.755 0.0000000000
57426  -37.019  -31.759  53.605 0.0000000000
58416  -36.618  -30.784  52.725 0.0000000000
59346  -37.911  -28.764  50.968 0.0000000000
59332  -37.876  -29.500  51.596 0.0000000000
63243  -39.773  -24.235  53.036 0.0000000000
63257  -39.169  -24.517  52.213 0.0000000000
127024  -40.037  -24.216  52.091 0.0000000000
62338  -42.596  -26.603  49.171 0.0000000000
62337  -41.760  -26.387  49.262 0.0000000000
61301  -43.107  -27.576  49.543 0.0000000000
127388  -43.544  -28.545  50.835 0.0000000000
130766  -46.681  -21.594  47.129 0.0000000000
67786  -46.300  -20.259  46.793 0.0000000000
68705  -47.414  -19.344  46.455 0.0000000000
30747  -7.501  -58.842  70.152 0.0000000000
29779  -6.850  -59.531  71.089 0.0000000000
28828  -7.657  -60.301  69.963 0.0000000000
26988  -8.344  -62.629  71.334 0.0000000000
25116  -7.535  -64.679  72.793 0.0000000000
45866  -27.211  -42.525  60.181 0.0000000000
45856  -29.148  -42.386  61.064 0.0000000000
45867  -28.267  -42.208  60.451 0.0000000000
47906  -28.627  -41.093  58.367 0.0000000000
47877  -29.631  -41.613  59.962 0.0000000000
47893  -30.103  -41.499  59.219 0.0000000000
47879  -31.621  -41.591  59.795 0.0000000000
127517  -30.885  -41.466  57.602 0.0000000000
51308  -28.022  -37.434  56.135 0.0000000000
49080  -31.247  -39.399  54.022 0.0000000000
49065  -30.115  -40.078  54.569 0.0000000000
49066  -31.593  -40.208  54.525 0.0000000000
122149  -32.301  -40.932  56.078 0.0000000000
49050  -33.641  -40.259  55.956 0.0000000000
49051  -34.398  -39.856  56.321 0.0000000000
50163  -33.831  -39.313  54.592 0.0000000000
110595  -33.900  -36.217  53.249 0.0000000000
51348  -35.305  -37.394  54.252 0.0000000000
53381  -35.358  -36.049  53.843 0.0000000000
52422  -36.079  -36.226  54.353 0.0000000000
53390  -35.072  -35.169  53.478 0.0000000000
55447  -35.304  -33.338  53.173 0.0000000000
55446  -34.403  -33.556  53.042 0.0000000000
58396  -32.161  -30.420  55.240 0.0000000000
58412  -32.463  -30.244  53.345 0.0000000000
60207  -32.838  -28.659  54.698 0.0000000000
37672  -21.446  -51.837  65.928 0.0000000000
37651  -20.887  -52.175  66.818 0.0000000000
37652  -21.800  -52.398  66.895 0.0000000000
31761  -9.535  -57.543  68.211 0.0000000000
30771  -8.974  -57.921  68.494 0.0000000000
30773  -10.192  -58.578  68.841 0.0000000000
33747  -13.286  -55.404  68.151 0.0000000000
33746  -12.547  -55.708  67.696 0.0000000000
33731  -12.767  -56.001  68.603 0.0000000000
35768  -17.653  -54.177  69.269 0.0000000000
35769  -18.434  -53.912  69.121 0.0000000000
35770  -19.962  -53.741  69.754 0.0000000000
35771  -20.817  -53.489  69.487 0.0000000000
41343  -30.940  -47.898  62.633 0.0000000000
40477  -31.613  -48.687  64.904 0.0000000000
38616  -15.170  -49.818  66.301 0.0000000000
38627  -14.970  -50.554  65.631 0.0000000000
36777  -14.871  -52.098  65.528 0.0000000000
127084  -14.614  -53.471  66.423 0.0000000000
35810  -16.128  -53.270  66.474 0.0000000000
35793  -16.693  -53.550  67.185 0.0000000000
126112  -25.309  -45.496  61.843 0.0000000000
44866  -24.339  -43.892  62.958 0.0000000000
42144  -26.142  -47.036  64.853 0.0000000000
42150  -26.206  -47.523  62.927 0.0000000000
43926  -25.630  -45.456  64.374 0.0000000000
59330  -34.666  -28.898  51.893 0.0000000000
59331  -35.780  -29.423  51.727 0.0000000000
60249  -35.765  -27.777  51.546 0.0000000000
61279  -36.937  -27.299  51.166 0.0000000000
61280  -37.673  -27.130  50.762 0.0000000000
63270  -41.324  -23.774  51.496 0.0000000000
64179  -41.857  -23.728  50.434 0.0000000000
64189  -42.195  -24.591  49.505 0.0000000000
63296  -43.918  -25.892  48.957 0.0000000000
62341  -45.205  -26.517  49.404 0.0000000000
63305  -44.393  -24.829  48.630 0.0000000000
64199  -45.039  -24.274  48.427 0.0000000000
120473  -46.032  -23.323  48.317 0.0000000000
65999  -44.988  -21.947  47.614 0.0000000000
67784  -44.720  -20.553  47.568 0.0000000000
29784  -9.578  -60.361  70.162 0.0000000000
28823  -8.890  -61.032  70.274 0.0000000000
27882  -9.617  -61.383  71.792 0.0000000000
47873  -25.049  -40.447  60.611 0.0000000000
46833  -27.176  -41.843  59.918 0.0000000000
47874  -25.451  -39.722  59.929 0.0000000000
47903  -26.068  -39.747  59.118 0.0000000000
47928  -27.292  -40.026  57.633 0.0000000000
51309  -28.808  -37.008  56.067 0.0000000000
51326  -29.695  -36.719  54.836 0.0000000000
51344  -30.365  -37.107  53.960 0.0000000000
50187  -31.793  -37.931  53.352 0.0000000000
50188  -32.636  -38.390  53.496 0.0000000000
52427  -32.268  -36.632  53.172 0.0000000000
119276  -32.420  -35.142  53.141 0.0000000000
55444  -32.384  -33.749  53.189 0.0000000000
111297  -32.601  -32.962  53.152 0.0000000000
56450  -31.714  -33.037  53.622 0.0000000000
37694  -23.104  -51.827  65.272 0.0000000000
37674  -23.426  -52.415  66.251 0.0000000000
36765  -24.346  -52.580  66.377 0.0000000000
33744  -9.558  -55.684  67.729 0.0000000000
32730  -10.216  -57.072  67.774 0.0000000000
117258  -6.238  -64.052  71.206 0.0000000000
26048  -5.272  -63.186  71.634 0.0000000000
24160  -5.366  -65.126  71.489 0.0000000000
128527  -4.075  -64.976  71.965 0.0000000000
24151  -3.523  -65.453  71.954 0.0000000000
47865  -34.757  -41.749  61.018 0.0000000000
38655  -27.441  -51.084  63.721 0.0000000000
37699  -28.107  -51.675  65.551 0.0000000000
37636  -11.598  -51.680  68.344 0.0000000000
36711  -11.124  -52.375  67.937 0.0000000000
35787  -10.725  -53.997  67.185 0.0000000000
35788  -11.417  -53.827  66.911 0.0000000000
34791  -12.893  -54.386  66.868 0.0000000000
122233  -13.938  -54.850  68.130 0.0000000000
116934  -15.055  -53.857  67.163 0.0000000000
34778  -14.673  -54.397  67.877 0.0000000000
119333  -14.947  -54.929  69.984 0.0000000000
69637  -50.748  -18.859  45.623 0.0000000000
43054  -30.593  -44.963  62.395 0.0000000000
43951  -30.491  -44.022  62.583 0.0000000000
43962  -29.557  -44.306  61.205 0.0000000000
44896  -26.994  -43.467  60.082 0.0000000000
45865  -26.183  -42.941  60.142 0.0000000000
44865  -24.077  -43.142  62.587 0.0000000000
45854  -24.286  -42.502  61.462 0.0000000000
46831  -24.994  -41.636  60.681 0.0000000000
116683  -24.606  -40.127  61.846 0.0000000000
38630  -17.599  -50.663  64.615 0.0000000000
37669  -18.718  -51.908  65.786 0.0000000000
38632  -19.334  -50.521  64.585 0.0000000000
38633  -20.172  -50.529  64.465 0.0000000000
38634  -21.002  -50.571  64.258 0.0000000000
39595  -20.950  -48.837  63.512 0.0000000000
38650  -21.342  -49.786  63.615 0.0000000000
37705  -22.413  -51.263  64.553 0.0000000000
37706  -23.241  -51.193  64.250 0.0000000000
110029  -24.678  -51.554  64.363 0.0000000000
37716  -25.515  -50.976  63.487 0.0000000000
39597  -24.367  -49.163  63.590 0.0000000000
39615  -24.927  -50.026  62.634 0.0000000000
38680  -25.660  -50.297  62.466 0.0000000000
38654  -26.702  -51.127  63.568 0.0000000000
38669  -27.749  -50.720  62.991 0.0000000000
39618  -28.594  -49.898  62.220 0.0000000000
124197  -29.267  -49.552  62.156 0.0000000000
41359  -26.966  -47.998  60.746 0.0000000000
115646  -28.914  -48.698  60.981 0.0000000000
41352  -29.869  -48.260  61.217 0.0000000000
119828  -29.967  -47.370  60.935 0.0000000000
43061  -29.986  -45.947  61.110 0.0000000000
38645  -17.062  -49.876  64.622 0.0000000000
113572  -36.895  -29.643  51.837 0.0000000000
63256  -38.386  -24.827  52.553 0.0000000000
63267  -38.539  -25.274  51.433 0.0000000000
62329  -39.071  -26.922  49.879 0.0000000000
63279  -40.368  -25.489  49.979 0.0000000000
61298  -40.496  -26.716  49.497 0.0000000000
60262  -40.265  -28.416  50.078 0.0000000000
60255  -42.024  -28.916  51.179 0.0000000000
67793  -48.506  -20.872  45.844 0.0000000000
68706  -48.650  -19.996  45.557 0.0000000000
69633  -49.196  -18.430  46.547 0.0000000000
28816  -6.426  -60.147  71.435 0.0000000000
26986  -6.603  -62.311  70.714 0.0000000000
27894  -7.596  -61.636  70.355 0.0000000000
26991  -7.189  -62.184  70.503 0.0000000000
26056  -6.591  -63.510  71.039 0.0000000000
25126  -7.093  -64.667  71.913 0.0000000000
120030  -30.370  -42.903  62.210 0.0000000000
45847  -30.389  -42.509  61.970 0.0000000000
131434  -31.054  -42.084  61.990 0.0000000000
46834  -28.408  -41.827  60.214 0.0000000000
46836  -30.096  -41.776  60.727 0.0000000000
46821  -31.501  -41.918  61.633 0.0000000000
47862  -32.069  -41.752  60.750 0.0000000000
47880  -32.730  -41.643  59.901 0.0000000000
116620  -34.310  -41.241  59.603 0.0000000000
50132  -26.722  -38.215  57.450 0.0000000000
49033  -27.688  -39.951  56.656 0.0000000000
50162  -28.681  -38.504  54.944 0.0000000000
47969  -28.943  -40.186  55.263 0.0000000000
47930  -29.637  -41.103  56.696 0.0000000000
47931  -31.456  -41.394  57.198 0.0000000000
47910  -33.476  -40.994  58.033 0.0000000000
50179  -34.205  -38.523  54.173 0.0000000000
50165  -35.387  -38.559  55.347 0.0000000000
55440  -36.733  -33.478  54.051 0.0000000000
56454  -35.405  -32.617  53.056 0.0000000000
123446  -34.118  -31.024  52.546 0.0000000000
56452  -32.868  -32.087  53.097 0.0000000000
58413  -33.258  -30.515  52.754 0.0000000000
59329  -33.848  -29.329  52.264 0.0000000000
131214  -33.839  -27.876  52.830 0.0000000000
121870  -34.927  -26.466  54.571 0.0000000000
36763  -20.026  -52.166  66.764 0.0000000000
36717  -21.417  -52.915  68.391 0.0000000000
36743  -23.440  -52.895  67.695 0.0000000000
30748  -7.959  -58.223  69.610 0.0000000000
32705  -8.147  -56.680  69.642 0.0000000000
30760  -8.705  -58.612  68.883 0.0000000000
127597  -8.785  -59.405  69.236 0.0000000000
29791  -9.797  -59.690  69.674 0.0000000000
33756  -10.885  -55.435  67.110 0.0000000000
32749  -11.261  -56.105  67.271 0.0000000000
114407  -11.659  -57.039  68.534 0.0000000000
21238  -4.372  -68.434  72.431 0.0000000000
22209  -3.889  -67.573  71.909 0.0000000000
24150  -3.058  -65.699  71.817 0.0000000000
116059  -31.220  -43.803  63.642 0.0000000000
36760  -17.590  -52.620  66.069 0.0000000000
36761  -18.334  -52.520  66.293 0.0000000000
43043  -30.967  -45.166  63.250 0.0000000000
37688  -17.281  -51.456  64.970 0.0000000000
37687  -16.420  -51.320  64.992 0.0000000000
62285  -36.299  -25.568  54.645 0.0000000000
62297  -36.302  -25.729  53.529 0.0000000000
130198  -36.701  -25.426  54.103 0.0000000000
66897  -43.363  -21.386  48.866 0.0000000000
54419  -30.810  -34.262  55.406 0.0000000000
37697  -26.230  -51.772  64.779 0.0000000000
115088  -26.508  -52.026  65.612 0.0000000000
37698  -27.172  -51.790  65.152 0.0000000000
35765  -9.987  -53.183  69.088 0.0000000000
34763  -9.542  -54.022  68.703 0.0000000000
68717  -49.958  -19.421  45.421 0.0000000000
46792  -33.009  -42.316  63.050 0.0000000000
127184  -33.756  -42.268  63.002 0.0000000000
39619  -30.004  -49.279  62.671 0.0000000000
125313  -13.761  -51.483  66.127 0.0000000000
38597  -13.492  -50.730  67.064 0.0000000000
37666  -13.302  -51.272  66.584 0.0000000000
35807  -12.852  -52.728  66.360 0.0000000000
43971  -26.995  -44.984  59.966 0.0000000000
43960  -25.593  -45.135  60.746 0.0000000000
40486  -19.178  -48.123  64.393 0.0000000000
40490  -22.953  -48.940  63.627 0.0000000000
39607  -23.442  -49.550  63.302 0.0000000000
40494  -26.232  -47.916  64.192 0.0000000000
40518  -26.494  -48.975  61.691 0.0000000000
43059  -25.906  -45.966  60.995 0.0000000000
42164  -26.594  -46.401  60.450 0.0000000000
116556  -28.030  -46.045  59.924 0.0000000000
57444  -36.451  -31.341  53.004 0.0000000000
58415  -35.863  -30.828  52.523 0.0000000000
60252  -38.743  -28.716  50.604 0.0000000000
60253  -39.767  -28.956  50.670 0.0000000000
110554  -40.615  -23.866  52.926 0.0000000000
126865  -40.777  -23.860  52.066 0.0000000000
62339  -43.545  -26.692  49.163 0.0000000000
116177  -43.832  -28.074  50.249 0.0000000000
67791  -46.641  -19.414  46.833 0.0000000000
29788  -7.770  -59.630  69.774 0.0000000000
29783  -7.281  -59.621  70.314 0.0000000000
114100  -29.641  -41.366  58.389 0.0000000000
114099  -30.689  -41.484  58.404 0.0000000000
47907  -30.112  -41.367  57.571 0.0000000000
123231  -30.768  -39.986  54.374 0.0000000000
49067  -32.514  -40.196  54.771 0.0000000000
49049  -32.839  -40.575  55.586 0.0000000000
49068  -33.357  -39.973  55.080 0.0000000000
49082  -33.018  -39.588  54.307 0.0000000000
110857  -34.076  -35.297  53.180 0.0000000000
53389  -34.681  -35.910  53.445 0.0000000000
54439  -35.180  -34.183  53.308 0.0000000000
123200  -22.464  -52.152  66.153 0.0000000000
31762  -10.181  -57.885  68.329 0.0000000000
121582  -10.717  -58.037  68.796 0.0000000000
117623  -10.904  -58.437  69.585 0.0000000000
33732  -13.491  -55.739  69.413 0.0000000000
46781  -32.060  -42.910  63.604 0.0000000000
123888  -18.554  -53.652  68.416 0.0000000000
35778  -19.300  -53.588  68.870 0.0000000000
36693  -20.223  -53.267  68.927 0.0000000000
41344  -31.380  -47.327  63.234 0.0000000000
40508  -31.363  -48.129  63.496 0.0000000000
39561  -15.893  -49.305  66.148 0.0000000000
126905  -15.064  -51.365  65.356 0.0000000000
37667  -14.342  -51.204  65.766 0.0000000000
36759  -15.509  -52.779  65.875 0.0000000000
129522  -17.390  -53.384  67.187 0.0000000000
122786  -17.261  -53.742  67.859 0.0000000000
116239  -17.033  -54.050  68.675 0.0000000000
43937  -24.796  -44.507  63.368 0.0000000000
119397  -26.147  -46.794  64.014 0.0000000000
43916  -25.393  -44.895  65.222 0.0000000000
43938  -25.291  -45.295  63.229 0.0000000000
60237  -34.365  -27.748  52.409 0.0000000000
60238  -35.016  -28.000  51.818 0.0000000000
61264  -35.150  -27.231  52.214 0.0000000000
62310  -36.602  -26.632  51.692 0.0000000000
62319  -37.187  -26.560  51.344 0.0000000000
63271  -41.951  -23.346  51.445 0.0000000000
64190  -42.777  -24.524  49.045 0.0000000000
63295  -42.940  -25.619  48.963 0.0000000000
130787  -44.178  -25.403  48.838 0.0000000000
65086  -45.123  -23.385  48.183 0.0000000000
65989  -45.620  -22.651  47.984 0.0000000000
111799  -44.810  -22.570  47.950 0.0000000000
67766  -43.747  -20.724  48.651 0.0000000000
66918  -44.412  -21.204  47.676 0.0000000000
111382  -26.160  -40.900  59.525 0.0000000000
48999  -25.912  -38.807  59.136 0.0000000000
47904  -26.766  -39.998  58.372 0.0000000000
49009  -26.738  -39.390  57.859 0.0000000000
52418  -30.203  -36.157  54.598 0.0000000000
50175  -30.894  -38.272  53.688 0.0000000000
51345  -31.140  -37.219  53.468 0.0000000000
51360  -31.813  -37.158  53.248 0.0000000000
52426  -31.446  -36.456  53.385 0.0000000000
53387  -31.853  -35.767  53.253 0.0000000000
54436  -32.160  -34.397  53.228 0.0000000000
56424  -31.673  -31.815  55.355 0.0000000000
118997  -24.049  -52.113  65.610 0.0000000000
37675  -24.897  -52.314  65.742 0.0000000000
36767  -26.042  -52.661  66.693 0.0000000000
34776  -9.749  -54.666  67.842 0.0000000000
131583  -9.859  -56.437  67.566 0.0000000000
32748  -10.429  -56.174  67.331 0.0000000000
24162  -6.429  -64.609  71.413 0.0000000000
25134  -5.665  -64.482  71.335 0.0000000000
24161  -6.000  -65.113  71.486 0.0000000000
23196  -5.165  -66.472  71.894 0.0000000000
127545  -4.668  -65.555  71.607 0.0000000000
124086  -4.188  -66.146  71.713 0.0000000000
46809  -34.471  -42.136  62.518 0.0000000000
46825  -35.052  -41.901  61.764 0.0000000000
111038  -28.428  -50.867  63.865 0.0000000000
38636  -28.753  -51.120  64.967 0.0000000000
38656  -29.230  -50.730  64.394 0.0000000000
120005  -12.230  -51.117  68.791 0.0000000000
36734  -11.493  -52.875  67.108 0.0000000000
124047  -13.333  -54.870  67.464 0.0000000000
35809  -15.329  -53.413  66.466 0.0000000000
34766  -15.506  -54.725  69.418 0.0000000000
34779  -15.316  -54.507  68.645 0.0000000000
34765  -14.648  -54.841  68.988 0.0000000000
43053  -30.059  -45.131  61.500 0.0000000000
43961  -28.733  -44.726  60.436 0.0000000000
116068  -26.765  -44.248  60.030 0.0000000000
44894  -25.219  -43.315  60.463 0.0000000000
44856  -24.109  -43.147  63.612 0.0000000000
44875  -24.366  -43.813  61.809 0.0000000000
46803  -24.029  -41.651  62.738 0.0000000000
46816  -24.198  -41.752  61.847 0.0000000000
46817  -24.503  -41.924  61.185 0.0000000000
47850  -24.258  -40.909  62.284 0.0000000000
47861  -24.510  -41.110  61.361 0.0000000000
38631  -18.459  -50.575  64.608 0.0000000000
38648  -19.610  -49.645  64.079 0.0000000000
37692  -20.755  -51.267  65.141 0.0000000000
38664  -22.146  -49.934  63.419 0.0000000000
38635  -21.835  -50.605  64.023 0.0000000000
38653  -24.053  -50.500  63.286 0.0000000000
37707  -23.993  -51.048  63.914 0.0000000000
37715  -24.755  -50.889  63.507 0.0000000000
37708  -25.447  -51.487  64.131 0.0000000000
40493  -25.868  -48.268  64.474 0.0000000000
128477  -25.520  -48.271  65.088 0.0000000000
39598  -25.278  -48.742  64.345 0.0000000000
40491  -25.012  -49.359  63.121 0.0000000000
40515  -25.031  -49.814  62.665 0.0000000000
39616  -26.000  -50.081  62.091 0.0000000000
121497  -26.062  -50.788  63.044 0.0000000000
114511  -26.916  -50.800  62.967 0.0000000000
128233  -27.147  -50.502  62.414 0.0000000000
39617  -27.838  -49.658  61.621 0.0000000000
39624  -28.713  -49.356  61.545 0.0000000000
41351  -26.396  -48.175  61.645 0.0000000000
42157  -26.218  -47.522  61.609 0.0000000000
41360  -28.009  -48.303  60.414 0.0000000000
41361  -29.163  -47.923  60.445 0.0000000000
41353  -30.571  -47.649  61.723 0.0000000000
42166  -29.900  -46.632  60.805 0.0000000000
120347  -30.461  -45.743  61.776 0.0000000000
129411  -17.681  -48.801  64.794 0.0000000000
39575  -17.196  -48.914  65.074 0.0000000000
39591  -17.706  -49.218  64.589 0.0000000000
56442  -37.452  -33.034  54.488 0.0000000000
58404  -37.285  -31.008  53.306 0.0000000000
57427  -37.771  -31.408  54.000 0.0000000000
59344  -36.246  -28.727  51.416 0.0000000000
63223  -38.834  -24.529  54.636 0.0000000000
62287  -37.598  -24.974  53.905 0.0000000000
63241  -38.375  -24.676  53.677 0.0000000000
63268  -39.481  -24.803  51.256 0.0000000000
62321  -39.111  -25.732  50.456 0.0000000000
62320  -38.348  -26.367  50.538 0.0000000000
63280  -41.073  -24.703  50.232 0.0000000000
61299  -41.317  -27.102  49.385 0.0000000000
61291  -40.819  -27.798  49.681 0.0000000000
60263  -41.258  -28.666  50.340 0.0000000000
60264  -42.231  -28.536  50.319 0.0000000000
60256  -42.865  -28.772  50.999 0.0000000000
119400  -45.742  -25.988  49.354 0.0000000000
66001  -47.094  -22.122  47.670 0.0000000000
128296  -46.844  -21.040  46.677 0.0000000000
66922  -48.316  -21.828  46.990 0.0000000000
114380  -48.547  -21.495  46.311 0.0000000000
69632  -47.785  -18.759  46.682 0.0000000000
108940  -47.866  -20.128  45.976 0.0000000000
114991  -48.184  -19.260  46.150 0.0000000000
68707  -49.077  -19.131  45.910 0.0000000000
28817  -7.006  -60.273  70.562 0.0000000000
28820  -6.666  -60.956  70.746 0.0000000000
111966  -6.313  -61.602  71.021 0.0000000000
27888  -8.987  -61.551  70.989 0.0000000000
27895  -8.287  -61.631  70.405 0.0000000000
27887  -8.488  -62.064  70.965 0.0000000000
26058  -8.053  -63.241  71.758 0.0000000000
126737  -7.708  -62.930  71.045 0.0000000000
26987  -7.061  -62.863  70.678 0.0000000000
26057  -7.359  -63.500  71.191 0.0000000000
25135  -6.929  -64.104  71.364 0.0000000000
24142  -7.290  -65.319  73.330 0.0000000000
44876  -30.028  -43.560  61.995 0.0000000000
121803  -29.892  -42.322  61.554 0.0000000000
46804  -30.264  -42.242  61.734 0.0000000000
46805  -30.865  -42.358  62.158 0.0000000000
46837  -31.063  -41.742  60.769 0.0000000000
46822  -32.443  -41.898  61.569 0.0000000000
47895  -32.384  -41.485  59.038 0.0000000000
47881  -33.694  -41.635  60.059 0.0000000000
47896  -33.516  -41.275  59.029 0.0000000000
51294  -27.129  -37.496  57.279 0.0000000000
51293  -26.738  -37.574  57.859 0.0000000000
50146  -27.078  -38.231  56.785 0.0000000000
49032  -26.946  -39.109  57.172 0.0000000000
49047  -27.271  -38.981  56.427 0.0000000000
51325  -29.063  -37.445  55.025 0.0000000000
51324  -28.453  -37.679  55.448 0.0000000000
47970  -29.708  -40.494  55.117 0.0000000000
47950  -29.194  -40.717  55.838 0.0000000000
124333  -30.613  -41.341  56.837 0.0000000000
47952  -31.365  -41.142  56.140 0.0000000000
47953  -33.075  -40.833  56.567 0.0000000000
47933  -32.873  -41.121  57.468 0.0000000000
127253  -33.504  -40.846  57.314 0.0000000000
47911  -34.112  -40.857  58.359 0.0000000000
49052  -35.139  -39.480  56.681 0.0000000000
51346  -33.561  -37.896  53.537 0.0000000000
51328  -35.711  -37.803  54.948 0.0000000000
125948  -36.292  -35.676  54.346 0.0000000000
53375  -36.745  -35.796  54.751 0.0000000000
54422  -36.985  -34.920  54.764 0.0000000000
54430  -36.575  -34.362  54.208 0.0000000000
56453  -34.579  -32.738  53.000 0.0000000000
57443  -34.798  -31.843  52.769 0.0000000000
56451  -32.006  -32.287  53.586 0.0000000000
59318  -32.535  -29.423  53.522 0.0000000000
59319  -32.887  -29.785  52.950 0.0000000000
58428  -33.371  -29.769  52.546 0.0000000000
60236  -33.075  -29.029  52.855 0.0000000000
121090  -33.776  -28.443  52.486 0.0000000000
60220  -33.365  -28.070  53.333 0.0000000000
126297  -34.320  -26.988  54.957 0.0000000000
37670  -19.581  -51.786  65.975 0.0000000000
36741  -21.183  -52.619  67.592 0.0000000000
36718  -22.203  -52.996  68.610 0.0000000000
36764  -23.814  -52.778  67.057 0.0000000000
111849  -24.231  -52.980  67.870 0.0000000000
118612  -28.278  -51.871  66.510 0.0000000000
31716  -7.458  -57.849  70.467 0.0000000000
33729  -8.428  -55.980  69.326 0.0000000000
33721  -8.119  -55.880  70.296 0.0000000000
32712  -8.482  -56.784  68.971 0.0000000000
30772  -9.505  -58.319  68.559 0.0000000000
29790  -9.124  -59.892  69.491 0.0000000000
34789  -11.223  -54.677  66.979 0.0000000000
32732  -11.968  -56.311  67.880 0.0000000000
21236  -3.038  -68.331  71.738 0.0000000000
121707  -3.557  -68.191  72.020 0.0000000000
23194  -3.209  -66.702  71.689 0.0000000000
23193  -2.616  -66.388  71.444 0.0000000000
36713  -18.105  -53.444  67.683 0.0000000000
36739  -19.605  -52.724  67.426 0.0000000000
38629  -16.273  -50.377  64.914 0.0000000000
38628  -15.620  -50.002  65.437 0.0000000000
124710  -16.262  -52.731  65.841 0.0000000000
44849  -25.045  -44.266  66.108 0.0000000000
129247  -35.005  -26.514  53.713 0.0000000000
61245  -35.510  -26.414  52.953 0.0000000000
62298  -36.857  -25.628  52.909 0.0000000000
116647  -42.702  -23.752  49.325 0.0000000000
64197  -43.410  -24.125  48.710 0.0000000000
65084  -43.487  -23.069  48.541 0.0000000000
65988  -43.595  -22.119  48.360 0.0000000000
65998  -44.234  -21.980  47.934 0.0000000000
48988  -25.433  -38.842  60.259 0.0000000000
50086  -25.707  -38.087  60.669 0.0000000000
121594  -25.784  -38.216  59.732 0.0000000000
50110  -26.088  -38.123  58.848 0.0000000000
53380  -30.519  -35.548  54.466 0.0000000000
53386  -31.096  -35.637  53.724 0.0000000000
121476  -30.766  -34.847  54.420 0.0000000000
54428  -30.967  -34.066  54.401 0.0000000000
55430  -31.155  -33.176  54.615 0.0000000000
37696  -25.382  -51.894  65.049 0.0000000000
37677  -26.515  -52.378  66.230 0.0000000000
37653  -26.852  -52.576  66.852 0.0000000000
67797  -50.211  -20.461  45.230 0.0000000000
23197  -6.120  -66.213  72.281 0.0000000000
23185  -5.905  -66.964  72.656 0.0000000000
22210  -5.022  -67.531  72.317 0.0000000000
46808  -33.565  -42.061  62.391 0.0000000000
46823  -33.311  -41.922  61.613 0.0000000000
39580  -29.856  -50.222  64.365 0.0000000000
39581  -30.452  -50.052  65.065 0.0000000000
111330  -30.986  -49.796  65.732 0.0000000000
38615  -14.469  -50.337  66.399 0.0000000000
38598  -14.043  -50.323  67.206 0.0000000000
38583  -13.511  -50.491  67.814 0.0000000000
37638  -12.873  -50.776  68.290 0.0000000000
36735  -12.093  -52.362  66.852 0.0000000000
35791  -14.223  -53.906  66.813 0.0000000000
35776  -16.429  -53.911  67.992 0.0000000000
35775  -15.578  -54.096  68.005 0.0000000000
34767  -16.265  -54.688  69.754 0.0000000000
43068  -28.740  -45.696  60.186 0.0000000000
43969  -25.396  -44.256  60.520 0.0000000000
39592  -18.346  -49.168  64.360 0.0000000000
38647  -18.757  -49.739  64.271 0.0000000000
40488  -21.572  -48.315  63.809 0.0000000000
40489  -22.335  -48.620  63.709 0.0000000000
38665  -22.936  -50.024  63.240 0.0000000000
115048  -25.911  -47.648  65.259 0.0000000000
40505  -25.524  -49.430  62.648 0.0000000000
117182  -26.804  -49.903  61.834 0.0000000000
42156  -26.075  -46.743  61.314 0.0000000000
42165  -26.736  -47.237  60.579 0.0000000000
41368  -29.348  -47.028  60.268 0.0000000000
42171  -28.616  -46.518  60.040 0.0000000000
56455  -36.088  -32.104  53.146 0.0000000000
63242  -39.017  -24.503  53.084 0.0000000000
63294  -42.072  -25.544  49.265 0.0000000000
61300  -42.150  -27.350  49.401 0.0000000000
112157  -42.437  -27.987  49.822 0.0000000000
60265  -43.011  -28.305  50.254 0.0000000000
66920  -46.044  -21.056  47.029 0.0000000000
67792  -47.077  -20.226  46.372 0.0000000000
68699  -47.128  -18.725  47.086 0.0000000000
28821  -7.320  -60.999  70.229 0.0000000000
44897  -28.178  -43.001  60.547 0.0000000000
116160  -29.098  -42.999  61.078 0.0000000000
46818  -28.931  -42.008  60.788 0.0000000000
47891  -28.133  -41.193  59.101 0.0000000000
47876  -28.715  -41.604  59.807 0.0000000000
47892  -29.134  -41.433  59.183 0.0000000000
120855  -30.921  -41.524  59.245 0.0000000000
47894  -31.543  -41.502  58.809 0.0000000000
47908  -31.482  -41.488  58.014 0.0000000000
51307  -27.457  -37.588  56.627 0.0000000000
49079  -30.184  -39.193  54.159 0.0000000000
47971  -30.797  -40.648  55.040 0.0000000000
47972  -31.925  -40.718  55.295 0.0000000000
49034  -33.890  -40.419  56.843 0.0000000000
49035  -34.594  -40.043  57.221 0.0000000000
49069  -34.155  -39.634  55.430 0.0000000000
52429  -34.049  -37.108  53.455 0.0000000000
52420  -34.810  -36.745  53.689 0.0000000000
52421  -35.529  -36.707  54.128 0.0000000000
53382  -35.858  -35.500  54.021 0.0000000000
54429  -35.851  -34.703  53.841 0.0000000000
55439  -35.959  -33.840  53.687 0.0000000000
57440  -32.001  -30.846  54.037 0.0000000000
59303  -32.183  -29.867  54.239 0.0000000000
59313  -32.432  -29.151  54.269 0.0000000000
125677  -33.124  -28.123  54.233 0.0000000000
32729  -9.355  -56.639  68.014 0.0000000000
31760  -8.898  -57.195  68.459 0.0000000000
30762  -10.303  -59.147  69.555 0.0000000000
34777  -12.676  -55.081  67.253 0.0000000000
33757  -11.793  -55.461  67.138 0.0000000000
117881  -12.875  -56.244  69.511 0.0000000000
35753  -17.469  -54.499  69.989 0.0000000000
108734  -18.222  -54.250  69.877 0.0000000000
110386  -19.019  -53.947  69.770 0.0000000000
123461  -30.767  -48.694  63.045 0.0000000000
40495  -31.095  -48.890  64.062 0.0000000000
36758  -14.108  -52.125  65.864 0.0000000000
118944  -14.704  -52.825  66.008 0.0000000000
43949  -24.763  -44.641  62.391 0.0000000000
44857  -24.557  -43.904  64.004 0.0000000000
41337  -26.235  -47.503  64.080 0.0000000000
43042  -25.863  -46.036  63.599 0.0000000000
113678  -25.648  -45.980  62.657 0.0000000000
125126  -34.450  -29.653  52.100 0.0000000000
129107  -35.474  -28.566  51.620 0.0000000000
61265  -35.895  -26.850  51.979 0.0000000000
61278  -36.348  -27.316  51.475 0.0000000000
60250  -36.577  -28.010  51.176 0.0000000000
60251  -37.339  -28.038  50.890 0.0000000000
127660  -37.989  -28.088  50.579 0.0000000000
60260  -38.468  -27.606  50.243 0.0000000000
110345  -41.562  -23.980  50.703 0.0000000000
63281  -41.676  -24.625  49.899 0.0000000000
62340  -44.449  -26.625  49.255 0.0000000000
63297  -44.782  -25.758  49.045 0.0000000000
64191  -45.522  -25.018  48.944 0.0000000000
66919  -45.182  -21.159  47.291 0.0000000000
28829  -8.804  -60.482  69.799 0.0000000000
46832  -25.788  -41.527  60.042 0.0000000000
47890  -27.021  -40.774  58.982 0.0000000000
47905  -27.618  -40.709  58.326 0.0000000000
125084  -28.119  -40.693  57.484 0.0000000000
113548  -29.374  -36.235  56.123 0.0000000000
50174  -29.838  -37.899  54.158 0.0000000000
50176  -31.897  -38.854  53.617 0.0000000000
50177  -32.639  -39.101  53.842 0.0000000000
51361  -32.550  -37.503  53.263 0.0000000000
53388  -32.841  -36.007  53.114 0.0000000000
130914  -33.278  -35.433  53.107 0.0000000000
54437  -33.117  -34.579  53.067 0.0000000000
55445  -33.380  -33.706  53.031 0.0000000000
56438  -31.450  -32.383  54.410 0.0000000000
56439  -31.779  -31.682  54.277 0.0000000000
58397  -32.830  -30.098  56.099 0.0000000000
36744  -24.692  -52.839  67.141 0.0000000000
36766  -25.219  -52.669  66.505 0.0000000000
33730  -8.942  -55.756  68.590 0.0000000000
34754  -14.254  -55.256  69.763 0.0000000000
26055  -5.811  -63.593  71.212 0.0000000000
129204  -5.746  -63.024  71.202 0.0000000000
26054  -5.034  -64.001  71.656 0.0000000000
25133  -4.824  -64.759  71.583 0.0000000000
25125  -4.200  -64.343  72.161 0.0000000000
25114  -3.282  -64.501  72.430 0.0000000000
116142  -40.319  -23.939  53.918 0.0000000000
63244  -41.152  -23.652  53.535 0.0000000000
122642  -35.189  -41.326  60.518 0.0000000000
37711  -27.850  -51.403  64.570 0.0000000000
36692  -11.084  -52.004  68.932 0.0000000000
35774  -10.845  -53.228  67.508 0.0000000000
35789  -12.274  -53.521  66.626 0.0000000000
116727  -50.470  -18.266  46.399 0.0000000000
43939  -30.858  -44.351  63.157 0.0000000000
43950  -30.129  -44.386  61.953 0.0000000000
44885  -28.805  -43.746  60.776 0.0000000000
45864  -25.499  -42.343  60.324 0.0000000000
43959  -24.954  -44.570  61.298 0.0000000000
117822  -24.778  -43.867  60.943 0.0000000000
45841  -23.944  -42.402  63.173 0.0000000000
44874  -24.161  -43.034  61.826 0.0000000000
44884  -24.462  -43.218  61.120 0.0000000000
45855  -24.767  -42.519  60.820 0.0000000000
111505  -25.013  -39.377  61.495 0.0000000000
47851  -24.680  -40.114  62.821 0.0000000000
37689  -18.162  -51.380  65.029 0.0000000000
37690  -19.051  -51.255  65.200 0.0000000000
37691  -19.907  -51.219  65.261 0.0000000000
37693  -21.593  -51.292  64.857 0.0000000000
40487  -20.029  -47.608  64.514 0.0000000000
37695  -23.937  -51.652  64.733 0.0000000000
37709  -26.146  -51.345  63.844 0.0000000000
39608  -24.407  -49.816  62.934 0.0000000000
38679  -25.128  -50.154  62.620 0.0000000000
38668  -25.233  -50.517  62.899 0.0000000000
38670  -28.571  -50.454  62.920 0.0000000000
111745  -29.281  -49.930  62.835 0.0000000000
122844  -27.217  -48.657  61.050 0.0000000000
40525  -29.585  -48.991  61.713 0.0000000000
40519  -30.380  -48.504  62.097 0.0000000000
42151  -30.994  -47.036  62.403 0.0000000000
41362  -30.527  -46.627  61.527 0.0000000000
108937  -30.849  -46.024  62.549 0.0000000000
39562  -16.726  -48.712  66.100 0.0000000000
112253  -37.581  -32.164  54.241 0.0000000000
58431  -36.252  -30.228  52.215 0.0000000000
58417  -37.159  -30.403  52.640 0.0000000000
62299  -37.591  -25.211  52.961 0.0000000000
62312  -37.828  -25.353  52.005 0.0000000000
108777  -37.729  -26.005  51.284 0.0000000000
63269  -40.389  -24.476  51.054 0.0000000000
62330  -41.024  -25.938  49.464 0.0000000000
113704  -39.746  -26.245  49.841 0.0000000000
61290  -39.934  -27.442  49.686 0.0000000000
60254  -41.220  -29.148  51.398 0.0000000000
66930  -49.061  -21.410  46.014 0.0000000000
66937  -49.361  -20.816  45.534 0.0000000000
113882  -6.250  -60.906  71.452 0.0000000000
127070  -6.249  -62.952  70.937 0.0000000000
28822  -8.122  -60.901  70.005 0.0000000000
26992  -7.784  -62.305  70.641 0.0000000000
125898  -6.583  -65.049  71.787 0.0000000000
24154  -6.956  -65.197  72.436 0.0000000000
121360  -30.877  -43.706  63.084 0.0000000000
45857  -29.772  -42.784  61.648 0.0000000000
46806  -31.481  -42.265  62.321 0.0000000000
46835  -29.247  -41.844  60.494 0.0000000000
46820  -30.588  -41.971  61.545 0.0000000000
122308  -32.015  -42.039  62.213 0.0000000000
47863  -33.035  -41.814  60.799 0.0000000000
47864  -33.926  -41.821  60.898 0.0000000000
47882  -34.544  -41.519  60.267 0.0000000000
50131  -26.409  -38.172  58.112 0.0000000000
49031  -26.588  -38.779  57.787 0.0000000000
47929  -28.633  -40.725  56.615 0.0000000000
50161  -28.032  -38.384  55.507 0.0000000000
49064  -29.284  -39.603  54.685 0.0000000000
49063  -28.433  -39.434  55.248 0.0000000000
49048  -27.775  -39.247  55.866 0.0000000000
47949  -28.356  -40.161  55.830 0.0000000000
114741  -32.152  -41.372  57.707 0.0000000000
47932  -32.211  -41.175  56.866 0.0000000000
47909  -32.753  -41.323  58.281 0.0000000000
47883  -35.200  -40.847  59.728 0.0000000000
50178  -33.360  -38.843  53.933 0.0000000000
50164  -34.607  -38.931  54.966 0.0000000000
51347  -34.515  -37.661  53.913 0.0000000000
51327  -34.983  -38.167  54.578 0.0000000000
56440  -36.091  -33.001  53.450 0.0000000000
58414  -34.954  -30.927  52.479 0.0000000000
118501  -33.647  -32.882  53.008 0.0000000000
57441  -32.646  -31.132  53.186 0.0000000000
57442  -33.567  -31.479  52.813 0.0000000000
58429  -34.124  -30.199  52.292 0.0000000000
61243  -34.000  -27.420  53.278 0.0000000000
61229  -33.699  -27.484  54.311 0.0000000000
61230  -34.387  -26.881  53.969 0.0000000000
62275  -35.500  -26.043  55.121 0.0000000000
36762  -19.179  -52.342  66.576 0.0000000000
126534  -20.085  -52.784  67.839 0.0000000000
36740  -20.397  -52.560  67.447 0.0000000000
36716  -20.570  -52.878  68.203 0.0000000000
36694  -20.923  -53.084  68.882 0.0000000000
127646  -22.824  -52.663  67.118 0.0000000000
110077  -22.830  -52.912  68.089 0.0000000000
110111  -24.204  -53.282  68.573 0.0000000000
36719  -23.554  -53.105  68.376 0.0000000000
112397  -22.927  -53.234  68.819 0.0000000000
36696  -22.915  -53.531  69.492 0.0000000000
30731  -7.138  -58.344  71.065 0.0000000000
30759  -8.167  -59.164  69.437 0.0000000000
31737  -8.377  -57.562  69.046 0.0000000000
34788  -10.397  -54.614  67.266 0.0000000000
32731  -11.121  -56.813  67.661 0.0000000000
31738  -11.423  -57.686  69.215 0.0000000000
32714  -11.956  -57.065  69.414 0.0000000000
121063  -3.498  -66.192  71.759 0.0000000000
22216  -2.622  -67.637  71.304 0.0000000000
23204  -2.479  -66.843  71.300 0.0000000000
118139  -2.607  -65.619  71.539 0.0000000000
40484  -18.072  -48.696  64.623 0.0000000000
40485  -18.602  -48.589  64.402 0.0000000000
43067  -27.224  -45.843  60.043 0.0000000000
62286  -37.125  -25.139  54.509 0.0000000000
