#!ascii label  , from subject sub-fsm10cv vox2ras=TkReg
969
117018  -21.922  -24.591  -0.654 0.5555555820
64657  -23.356  -24.067  -1.295 0.6666666865
65559  -23.330  -23.251  -1.622 0.7777777910
65561  -25.183  -23.121  -2.023 0.7777777910
67374  -23.887  -21.863  -2.074 0.8888888955
67385  -26.432  -21.674  -2.423 0.8888888955
63834  -21.429  -25.107  -0.080 0.5555555820
65545  -21.599  -23.804  -0.781 0.5555555820
65558  -22.109  -23.322  -1.201 0.6666666865
66477  -22.116  -22.568  -1.326 0.8888888955
66488  -24.831  -22.159  -2.195 0.8888888955
67383  -24.623  -21.288  -2.303 0.8888888955
109613  -25.226  -20.651  -2.533 1.0000000000
68303  -26.966  -21.059  -2.433 0.8888888955
124641  -27.066  -20.362  -2.446 1.0000000000
66467  -21.415  -22.887  -0.743 0.7777777910
67371  -21.748  -21.096  -1.210 1.0000000000
114104  -21.654  -20.186  -1.241 1.0000000000
68290  -23.072  -20.568  -1.901 1.0000000000
109404  -24.010  -19.445  -2.449 1.0000000000
109103  -24.796  -19.372  -2.680 1.0000000000
69188  -23.206  -19.162  -2.076 1.0000000000
130100  -24.280  -18.991  -2.684 1.0000000000
70150  -26.819  -19.186  -2.369 1.0000000000
110245  -24.641  -18.494  -2.635 1.0000000000
123643  -25.273  -19.018  -2.653 1.0000000000
71092  -25.850  -17.402  -2.410 1.0000000000
71093  -26.907  -17.759  -2.315 0.7777777910
69167  -20.834  -19.804  -0.585 0.8888888955
69180  -22.513  -19.783  -1.729 1.0000000000
70149  -23.756  -18.536  -2.466 1.0000000000
124874  -22.473  -18.961  -1.745 1.0000000000
70148  -22.914  -18.355  -1.995 1.0000000000
114275  -24.123  -17.635  -2.509 1.0000000000
71091  -24.950  -17.578  -2.508 1.0000000000
71931  -27.762  -17.186  -2.226 0.8888888955
71932  -28.814  -17.015  -2.307 0.7777777910
71933  -29.640  -17.161  -3.126 0.7777777910
70127  -20.312  -18.246  -0.215 0.5555555820
71912  -21.368  -16.622  -1.364 0.7777777910
71082  -21.070  -17.410  -1.002 0.8888888955
71090  -23.307  -17.610  -2.302 1.0000000000
71913  -22.174  -16.655  -1.781 0.8888888955
71927  -23.693  -16.785  -2.369 1.0000000000
71928  -24.485  -16.804  -2.402 1.0000000000
71929  -25.638  -16.428  -2.184 1.0000000000
71915  -27.047  -16.287  -1.745 0.8888888955
71914  -26.104  -16.033  -1.735 1.0000000000
72809  -29.079  -15.334  -1.859 0.7777777910
125977  -30.246  -15.823  -4.035 0.6666666865
72822  -29.697  -15.559  -2.966 0.6666666865
117885  -19.384  -16.234  0.712 0.4444444478
71911  -20.691  -16.674  -0.797 0.7777777910
72793  -20.224  -15.928  -0.505 0.6666666865
126004  -22.440  -15.199  -1.976 0.7777777910
72802  -22.633  -15.924  -2.070 0.8888888955
72803  -23.264  -15.253  -2.095 0.8888888955
72820  -24.893  -16.145  -2.215 1.0000000000
72804  -24.131  -14.978  -1.999 1.0000000000
120343  -25.713  -15.345  -1.435 1.0000000000
111589  -26.133  -15.071  -1.090 0.8888888955
73720  -26.883  -15.101  -0.955 0.7777777910
73735  -30.049  -14.844  -3.749 0.5555555820
73722  -28.966  -14.505  -1.487 0.7777777910
73723  -29.515  -14.667  -2.423 0.6666666865
73705  -20.133  -14.496  -0.609 0.6666666865
124519  -20.008  -15.189  -0.430 0.6666666865
115164  -21.121  -14.964  -1.476 0.7777777910
73714  -20.678  -14.340  -1.188 0.7777777910
111558  -21.886  -14.724  -1.789 0.8888888955
120856  -22.682  -14.526  -1.882 0.8888888955
73718  -24.252  -14.291  -1.608 1.0000000000
74609  -24.870  -14.265  -1.324 1.0000000000
108862  -24.902  -14.938  -1.627 0.8888888955
73707  -26.186  -14.488  -0.822 0.8888888955
73708  -27.134  -14.343  -0.737 0.8888888955
73721  -27.997  -14.998  -1.228 0.7777777910
74596  -26.277  -13.628  -0.511 0.8888888955
73709  -28.163  -14.113  -0.887 0.7777777910
129691  -29.380  -13.986  -1.915 0.7777777910
74617  -29.673  -13.876  -2.786 0.6666666865
73699  -19.316  -14.491  0.532 0.6666666865
73704  -19.649  -14.830  0.019 0.5555555820
74594  -20.363  -13.682  -0.822 0.7777777910
74604  -20.894  -13.671  -1.290 0.8888888955
73716  -22.088  -13.933  -1.729 0.8888888955
74606  -22.282  -13.150  -1.575 1.0000000000
112239  -22.893  -13.786  -1.704 1.0000000000
74608  -24.430  -13.579  -1.213 1.0000000000
73706  -25.358  -13.889  -0.893 0.8888888955
74597  -27.424  -13.541  -0.432 0.7777777910
74599  -29.100  -13.037  -1.013 0.7777777910
74611  -29.438  -13.229  -1.811 0.6666666865
114754  -29.599  -12.849  -2.978 0.5555555820
117916  -19.686  -13.870  -0.098 0.7777777910
75449  -20.061  -12.905  -0.477 0.6666666865
129832  -23.766  -13.103  -1.307 1.0000000000
75454  -25.661  -12.739  -0.354 0.8888888955
130833  -25.534  -13.357  -0.612 0.8888888955
75457  -28.656  -12.602  -0.438 0.7777777910
76314  -28.966  -11.874  -0.328 0.7777777910
75458  -29.248  -12.392  -0.981 0.7777777910
75466  -29.461  -12.430  -1.752 0.5555555820
76298  -27.744  -11.392  0.528 0.7777777910
118289  -29.434  -11.585  -1.211 0.5555555820
114416  -29.513  -11.806  -2.407 0.5555555820
76300  -29.224  -11.098  -0.267 0.6666666865
75411  -18.490  -13.120  1.979 0.4444444478
75443  -19.476  -12.937  0.287 0.5555555820
128587  -20.434  -12.153  -0.647 0.7777777910
75463  -21.612  -12.506  -1.344 1.0000000000
76321  -23.030  -11.693  -1.064 1.0000000000
75452  -23.772  -11.958  -0.863 0.8888888955
76312  -24.255  -11.619  -0.343 0.8888888955
119754  -24.741  -12.363  -0.531 0.8888888955
76313  -25.208  -11.837  -0.050 0.8888888955
75444  -26.225  -12.024  0.132 0.8888888955
76299  -28.580  -11.310  0.275 0.6666666865
116740  -29.547  -10.915  -1.925 0.5555555820
77154  -20.185  -10.150  -0.049 0.6666666865
76308  -20.446  -11.164  -0.464 0.6666666865
77171  -21.386  -10.144  -0.582 0.7777777910
76310  -22.602  -10.953  -0.788 0.8888888955
77172  -22.082  -10.199  -0.515 0.7777777910
77174  -23.746  -10.724  0.036 0.7777777910
76311  -23.389  -11.221  -0.571 0.8888888955
77157  -26.295  -10.677  0.926 0.7777777910
76296  -25.724  -11.238  0.489 0.7777777910
76297  -26.758  -11.377  0.575 0.6666666865
77140  -25.984  -10.093  1.232 0.6666666865
77142  -27.768  -10.071  1.219 0.6666666865
77159  -28.205  -10.684  0.771 0.6666666865
78067  -28.131  -9.350  1.434 0.6666666865
78086  -28.664  -9.892  0.921 0.5555555820
78087  -29.244  -9.904  0.251 0.5555555820
77181  -29.497  -10.674  -0.934 0.4444444478
128187  -29.128  -9.363  0.628 0.5555555820
79018  -20.060  -8.446  0.758 0.3333333433
78082  -21.030  -8.875  0.079 0.5555555820
78097  -21.036  -9.526  -0.327 0.6666666865
78083  -21.723  -8.934  0.256 0.5555555820
78098  -21.552  -9.497  -0.220 0.7777777910
78099  -22.286  -9.623  -0.032 0.7777777910
78063  -22.959  -9.080  0.867 0.6666666865
77155  -24.159  -10.202  0.581 0.6666666865
112960  -23.702  -9.569  0.792 0.6666666865
78085  -24.468  -9.682  1.081 0.6666666865
77139  -25.376  -9.645  1.335 0.6666666865
78997  -26.656  -8.941  1.867 0.6666666865
78998  -27.610  -8.842  1.837 0.6666666865
78068  -28.808  -9.048  1.120 0.5555555820
79022  -29.262  -8.690  0.588 0.5555555820
78999  -28.414  -8.630  1.632 0.6666666865
78992  -20.446  -7.810  1.093 0.4444444478
78991  -19.968  -7.896  1.296 0.4444444478
79019  -20.704  -8.279  0.594 0.4444444478
79020  -20.913  -7.718  1.004 0.5555555820
119969  -21.279  -8.282  0.596 0.5555555820
79021  -22.071  -8.403  0.794 0.6666666865
112614  -22.404  -9.151  0.438 0.6666666865
111239  -24.722  -9.020  1.425 0.6666666865
78996  -25.678  -8.992  1.683 0.6666666865
124464  -28.599  -7.901  1.854 0.6666666865
79892  -29.152  -7.449  1.408 0.5555555820
111222  -29.393  -7.782  0.485 0.6666666865
79885  -20.665  -7.294  1.536 0.4444444478
110950  -22.062  -7.602  1.272 0.6666666865
78994  -22.965  -8.251  1.285 0.6666666865
78064  -23.777  -9.032  1.196 0.6666666865
78995  -24.053  -8.344  1.488 0.6666666865
78978  -27.083  -8.207  2.225 0.6666666865
67372  -22.478  -21.104  -1.609 1.0000000000
114113  -24.460  -20.612  -2.354 1.0000000000
68302  -26.084  -20.336  -2.617 1.0000000000
72792  -19.672  -15.635  0.085 0.5555555820
73719  -25.494  -14.673  -1.181 0.8888888955
74589  -19.113  -13.807  0.756 0.5555555820
119787  -18.786  -12.136  1.542 0.5555555820
75450  -20.799  -12.857  -1.074 0.7777777910
75465  -23.413  -12.454  -1.221 1.0000000000
75455  -26.769  -12.840  -0.101 0.8888888955
77173  -22.881  -10.401  -0.283 0.7777777910
77175  -29.332  -10.428  -0.199 0.4444444478
72787  -19.220  -15.337  0.819 0.4444444478
73698  -18.886  -14.638  1.201 0.4444444478
79915  -29.469  -7.733  -0.394 0.5555555820
110252  -29.425  -8.133  -1.029 0.5555555820
78973  -19.571  -7.701  1.873 0.2222222239
113831  -29.505  -7.017  -0.179 0.5555555820
62924  -23.301  -26.119  -0.270 0.5555555820
63836  -23.451  -25.378  -0.675 0.5555555820
119116  -22.855  -24.711  -0.861 0.6666666865
116027  -25.160  -24.074  -1.601 0.5555555820
66490  -26.755  -22.381  -2.246 0.7777777910
111502  -27.327  -21.855  -2.379 0.8888888955
63816  -21.682  -25.824  0.229 0.5555555820
65560  -24.230  -23.635  -1.654 0.6666666865
66489  -25.842  -22.298  -2.251 0.8888888955
129119  -27.674  -20.810  -2.419 0.7777777910
69191  -27.957  -20.330  -2.373 0.8888888955
63815  -20.973  -25.558  0.417 0.4444444478
65544  -20.968  -23.529  -0.193 0.5555555820
111871  -27.419  -19.800  -2.364 1.0000000000
66465  -20.457  -22.248  0.373 0.2222222239
66466  -20.949  -22.119  -0.315 0.6666666865
70151  -27.815  -19.139  -2.370 0.8888888955
71094  -27.952  -18.272  -2.413 0.6666666865
71095  -29.141  -17.917  -2.719 0.7777777910
71096  -30.085  -17.849  -3.741 0.6666666865
68276  -20.548  -20.685  -0.162 0.5555555820
70114  -20.202  -19.100  0.012 0.4444444478
119597  -30.009  -16.467  -3.599 0.5555555820
72841  -30.904  -15.288  -5.480 0.5555555820
71068  -19.451  -17.711  0.837 0.2222222239
73736  -30.485  -14.595  -4.948 0.5555555820
72777  -18.896  -16.146  1.497 0.4444444478
74624  -30.039  -13.750  -4.060 0.5555555820
73675  -18.338  -15.176  2.487 0.3333333433
75477  -29.816  -12.794  -4.563 0.5555555820
75442  -18.907  -12.989  1.128 0.4444444478
76334  -29.516  -11.972  -5.201 0.4444444478
75410  -18.269  -13.174  2.562 0.3333333433
117243  -29.393  -11.114  -3.148 0.5555555820
77187  -29.408  -10.170  -2.550 0.4444444478
117423  -19.490  -9.257  1.030 0.3333333433
77153  -19.593  -10.161  0.629 0.4444444478
78106  -29.472  -9.515  -1.661 0.4444444478
79924  -29.131  -7.028  -1.655 0.2222222239
79884  -20.200  -7.397  1.631 0.3333333433
79886  -21.061  -7.198  1.524 0.6666666865
110297  -23.494  -7.729  1.617 0.6666666865
79877  -25.360  -7.594  2.267 0.6666666865
80723  -26.183  -7.019  2.452 0.6666666865
79880  -27.733  -6.770  2.384 0.6666666865
79890  -27.893  -7.610  2.246 0.6666666865
124800  -29.194  -6.685  1.466 0.6666666865
117497  -29.408  -6.859  0.747 0.4444444478
80762  -29.333  -6.302  -0.973 0.3333333433
79887  -21.529  -7.081  1.587 0.5555555820
64641  -22.397  -24.023  -1.107 0.6666666865
64658  -24.321  -24.459  -1.301 0.6666666865
64656  -22.751  -23.553  -1.376 0.6666666865
128065  -22.628  -23.019  -1.498 0.7777777910
111578  -23.027  -22.395  -1.725 0.8888888955
66478  -24.063  -22.759  -1.933 0.8888888955
67382  -23.839  -21.000  -2.140 1.0000000000
67373  -23.086  -21.466  -1.830 1.0000000000
126721  -26.034  -21.039  -2.546 1.0000000000
67384  -25.505  -21.503  -2.405 0.8888888955
63835  -22.428  -25.436  -0.339 0.5555555820
64626  -20.730  -24.885  0.302 0.4444444478
64640  -21.133  -24.346  -0.230 0.5555555820
68301  -25.252  -19.974  -2.662 1.0000000000
69190  -26.457  -19.764  -2.519 1.0000000000
122335  -20.829  -22.791  -0.069 0.5555555820
66476  -21.548  -21.978  -0.994 0.8888888955
113344  -22.288  -21.782  -1.491 1.0000000000
67361  -21.054  -21.338  -0.556 0.8888888955
68289  -22.272  -20.557  -1.560 1.0000000000
68277  -21.170  -20.633  -0.745 0.8888888955
68299  -23.929  -20.225  -2.222 1.0000000000
69181  -23.382  -19.828  -2.076 1.0000000000
68300  -24.626  -20.016  -2.521 1.0000000000
69189  -25.607  -19.611  -2.639 1.0000000000
111162  -25.965  -19.112  -2.498 1.0000000000
124382  -25.496  -18.346  -2.528 1.0000000000
117117  -26.339  -18.400  -2.389 1.0000000000
69179  -21.635  -19.152  -1.311 1.0000000000
70140  -22.089  -18.282  -1.614 1.0000000000
70139  -21.341  -18.193  -1.166 0.8888888955
71084  -22.540  -17.522  -1.877 1.0000000000
114882  -25.159  -16.844  -2.394 1.0000000000
71930  -26.535  -16.787  -2.182 1.0000000000
71916  -28.086  -16.389  -1.862 0.8888888955
72821  -29.205  -16.280  -2.311 0.7777777910
70126  -19.743  -18.436  0.449 0.5555555820
71073  -19.926  -17.619  0.149 0.6666666865
71074  -20.482  -17.467  -0.461 0.6666666865
70128  -20.845  -18.762  -0.678 0.7777777910
70138  -20.805  -18.026  -0.708 0.7777777910
72800  -20.890  -15.826  -1.216 0.6666666865
72801  -21.766  -15.690  -1.713 0.8888888955
71083  -21.741  -17.456  -1.495 1.0000000000
72818  -23.314  -16.102  -2.237 0.8888888955
72819  -24.067  -15.899  -2.229 1.0000000000
72805  -25.306  -15.691  -1.868 1.0000000000
72806  -26.531  -15.611  -1.339 0.8888888955
72808  -28.358  -15.754  -1.665 0.8888888955
113098  -30.549  -15.633  -4.945 0.5555555820
127160  -19.768  -16.316  0.090 0.5555555820
71898  -19.241  -16.949  1.192 0.3333333433
71903  -19.623  -16.954  0.470 0.4444444478
116717  -20.470  -15.113  -0.974 0.6666666865
130207  -24.669  -15.469  -2.016 1.0000000000
73715  -21.336  -14.157  -1.534 0.8888888955
74610  -28.991  -13.735  -1.217 0.7777777910
72786  -18.762  -15.359  1.542 0.4444444478
74605  -21.489  -13.369  -1.476 0.8888888955
74595  -24.955  -13.119  -0.738 0.8888888955
75456  -27.802  -12.775  -0.144 0.7777777910
128885  -29.335  -12.773  -1.363 0.6666666865
76326  -29.525  -11.991  -3.787 0.5555555820
75453  -24.188  -12.674  -0.961 1.0000000000
75446  -28.202  -12.048  0.112 0.8888888955
76307  -19.886  -12.036  -0.121 0.5555555820
76309  -21.734  -11.624  -1.146 1.0000000000
76320  -22.350  -11.460  -1.104 0.7777777910
76294  -19.760  -11.103  0.253 0.5555555820
78081  -20.589  -9.397  -0.079 0.4444444478
77170  -20.783  -10.152  -0.456 0.6666666865
113060  -21.172  -10.917  -0.842 0.7777777910
75433  -19.321  -12.051  0.682 0.7777777910
111019  -21.872  -10.848  -0.910 0.7777777910
76295  -24.698  -11.029  0.317 0.7777777910
77156  -25.223  -10.396  0.894 0.6666666865
78065  -26.292  -9.551  1.504 0.6666666865
77141  -26.820  -10.123  1.287 0.6666666865
77160  -28.939  -10.590  0.393 0.5555555820
110228  -29.500  -8.950  -0.902 0.4444444478
125631  -29.537  -10.211  -1.515 0.4444444478
79035  -29.464  -8.411  -0.203 0.5555555820
78080  -20.033  -9.281  0.321 0.4444444478
120007  -20.493  -8.794  0.290 0.5555555820
78993  -21.435  -7.691  1.079 0.6666666865
118057  -25.030  -8.338  1.784 0.6666666865
78977  -26.009  -8.372  2.155 0.6666666865
79878  -26.329  -7.743  2.366 0.6666666865
74580  -18.627  -13.945  1.575 0.4444444478
72776  -18.523  -15.680  2.052 0.4444444478
73689  -18.529  -14.869  1.939 0.4444444478
79925  -29.230  -7.749  -1.812 0.3333333433
116416  -27.447  -22.440  -2.177 0.6666666865
117038  -22.476  -26.307  0.156 0.5555555820
69192  -28.599  -19.729  -2.529 0.7777777910
64639  -20.593  -24.095  0.322 0.4444444478
116476  -19.376  -18.485  1.084 0.1111111119
71887  -18.953  -16.842  1.666 0.1111111119
79891  -28.653  -6.955  2.025 0.6666666865
80733  -29.386  -6.056  1.080 0.4444444478
63839  -26.804  -25.846  -1.147 0.4444444478
63805  -29.072  -25.739  1.076 0.2222222239
62925  -23.985  -26.648  -0.302 0.4444444478
117738  -24.903  -26.736  -0.533 0.4444444478
63837  -24.326  -25.221  -0.950 0.4444444478
63838  -25.126  -25.801  -0.865 0.4444444478
63856  -27.413  -24.920  -1.322 0.4444444478
131141  -28.493  -24.728  -0.686 0.2222222239
64659  -26.007  -24.531  -1.599 0.4444444478
116929  -27.393  -24.129  -1.605 0.4444444478
65547  -29.178  -23.616  -0.485 0.1111111119
65536  -29.459  -23.224  0.317 0.1111111119
65564  -28.482  -23.498  -1.577 0.3333333433
65562  -26.780  -23.886  -1.732 0.4444444478
65563  -27.899  -23.480  -1.774 0.3333333433
130987  -27.430  -23.479  -1.803 0.4444444478
65578  -25.988  -23.698  -1.841 0.5555555820
129640  -26.532  -23.412  -1.911 0.4444444478
66493  -29.404  -22.152  -2.070 0.2222222239
127026  -29.837  -22.072  -1.599 0.1111111119
67363  -30.144  -21.463  -1.317 0.1111111119
66492  -28.799  -22.159  -2.268 0.3333333433
67387  -28.630  -21.686  -2.438 0.3333333433
67386  -28.011  -21.386  -2.454 0.4444444478
67399  -28.824  -21.160  -2.510 0.5555555820
68312  -29.109  -20.576  -2.602 0.6666666865
68305  -30.155  -20.459  -2.913 0.4444444478
69198  -28.712  -20.295  -2.494 0.6666666865
70154  -30.849  -19.109  -3.418 0.3333333433
70160  -30.358  -18.997  -3.881 0.5555555820
70153  -29.973  -18.576  -3.757 0.5555555820
117469  -30.656  -18.440  -4.243 0.5555555820
70161  -30.793  -18.664  -4.192 0.4444444478
71104  -30.964  -18.091  -4.688 0.3333333433
70152  -28.955  -18.910  -2.713 0.5555555820
71942  -30.967  -17.346  -5.058 0.4444444478
72830  -30.557  -16.556  -4.845 0.5555555820
71103  -30.608  -17.989  -4.464 0.4444444478
128211  -31.017  -16.310  -5.493 0.4444444478
79889  -24.326  -7.688  1.870 0.5555555820
79876  -23.483  -6.997  2.016 0.5555555820
127033  -26.926  -6.630  2.479 0.5555555820
80725  -28.324  -6.072  2.309 0.5555555820
62927  -26.619  -26.859  -0.756 0.4444444478
63817  -28.648  -25.506  0.321 0.2222222239
64642  -23.663  -24.770  -1.017 0.4444444478
65546  -28.879  -23.836  -1.105 0.2222222239
119223  -29.496  -22.600  -1.431 0.2222222239
67362  -29.884  -22.187  -0.645 0.1111111119
67388  -29.325  -21.456  -2.403 0.4444444478
67389  -29.901  -21.106  -2.435 0.3333333433
69199  -29.386  -20.000  -2.930 0.6666666865
68314  -30.208  -19.921  -3.447 0.4444444478
113223  -31.361  -17.700  -4.878 0.3333333433
73745  -30.856  -14.429  -5.519 0.4444444478
121398  -24.158  -6.265  2.377 0.5555555820
69182  -30.503  -20.103  -2.380 0.2222222239
80732  -29.042  -6.068  1.822 0.5555555820
60799  -25.529  -28.339  -0.253 0.4444444478
61901  -25.982  -27.544  -0.585 0.4444444478
61902  -26.649  -27.589  -0.372 0.4444444478
61884  -28.087  -26.785  0.614 0.2222222239
62892  -28.812  -26.446  1.273 0.2222222239
62886  -29.497  -26.040  1.916 0.1111111119
62904  -23.311  -27.024  0.152 0.4444444478
61900  -25.133  -27.668  -0.377 0.4444444478
64627  -28.775  -24.807  -0.001 0.1111111119
123673  -29.194  -24.092  0.455 0.1111111119
66455  -29.702  -22.612  0.104 0.1111111119
67349  -30.187  -21.396  -0.069 0.1111111119
68278  -30.402  -20.590  -0.581 0.1111111119
70141  -30.788  -19.319  -2.183 0.2222222239
70155  -31.262  -18.494  -3.671 0.1111111119
69193  -30.542  -19.803  -3.191 0.2222222239
71934  -31.953  -17.168  -4.326 0.2222222239
71943  -31.545  -16.965  -5.185 0.3333333433
72858  -31.026  -14.955  -5.690 0.3333333433
74634  -30.846  -13.742  -5.637 0.3333333433
74625  -30.446  -13.472  -5.246 0.4444444478
76281  -19.215  -11.160  1.101 0.4444444478
77194  -29.262  -11.280  -4.546 0.4444444478
110993  -29.297  -9.367  -2.511 0.3333333433
80731  -22.476  -6.616  1.940 0.5555555820
80722  -25.241  -6.654  2.434 0.5555555820
119738  -26.213  -6.063  2.474 0.5555555820
81567  -27.921  -5.283  2.468 0.5555555820
80721  -23.035  -6.090  2.223 0.5555555820
120269  -24.185  -25.979  -0.582 0.4444444478
123597  -26.237  -23.012  -2.080 0.5555555820
118376  -27.045  -23.060  -1.991 0.5555555820
68311  -28.383  -20.786  -2.450 0.6666666865
71941  -30.384  -17.297  -4.336 0.4444444478
79049  -29.327  -8.657  -1.945 0.3333333433
66491  -28.083  -22.162  -2.290 0.3333333433
65579  -27.752  -22.865  -1.983 0.3333333433
63840  -27.648  -25.625  -0.926 0.4444444478
62906  -28.024  -26.098  -0.129 0.3333333433
62928  -27.288  -26.423  -0.702 0.4444444478
130585  -25.536  -27.138  -0.606 0.4444444478
62926  -25.914  -26.529  -0.902 0.4444444478
63854  -25.174  -24.949  -1.303 0.4444444478
63855  -26.008  -25.467  -1.313 0.4444444478
64660  -26.759  -24.828  -1.499 0.4444444478
114749  -28.296  -25.307  -0.467 0.4444444478
63857  -28.047  -24.883  -1.113 0.4444444478
64661  -27.945  -24.212  -1.510 0.4444444478
64662  -28.455  -24.268  -1.172 0.4444444478
64643  -28.855  -24.253  -0.523 0.1111111119
65517  -29.607  -23.479  1.375 0.1111111119
66479  -28.946  -22.749  -1.873 0.3333333433
65580  -28.323  -22.770  -1.973 0.3333333433
65565  -29.129  -23.259  -1.285 0.2222222239
66468  -29.489  -22.926  -0.590 0.2222222239
67375  -29.836  -21.649  -2.094 0.2222222239
129667  -30.078  -21.292  -2.019 0.1111111119
68291  -30.276  -20.750  -1.912 0.1111111119
67400  -29.385  -20.868  -2.623 0.4444444478
68313  -29.789  -20.350  -3.104 0.4444444478
68304  -29.725  -20.800  -2.692 0.4444444478
70142  -31.165  -18.678  -2.627 0.1111111119
69201  -30.418  -19.322  -3.708 0.4444444478
70159  -29.635  -19.364  -3.360 0.5555555820
69200  -30.035  -19.691  -3.616 0.5555555820
70162  -31.182  -18.231  -4.531 0.3333333433
115692  -24.487  -7.075  2.269 0.5555555820
80724  -27.365  -6.005  2.499 0.5555555820
61903  -27.119  -27.080  -0.477 0.4444444478
129302  -24.374  -5.654  2.479 0.5555555820
111613  -26.133  -28.281  -0.244 0.4444444478
61883  -27.344  -27.450  0.221 0.4444444478
62905  -27.572  -26.784  -0.136 0.4444444478
61899  -24.266  -27.362  -0.178 0.4444444478
63818  -29.133  -24.954  0.825 0.1111111119
120991  -29.730  -22.691  0.915 0.1111111119
118065  -26.223  -32.353  4.056 0.1111111119
57048  -23.619  -32.199  1.277 0.3333333433
57044  -25.281  -32.238  2.396 0.2222222239
114457  -26.952  -32.341  4.185 0.1111111119
57033  -26.628  -32.130  3.314 0.1111111119
58966  -22.300  -30.538  1.495 0.3333333433
58039  -22.646  -31.407  1.461 0.3333333433
57047  -22.913  -32.360  1.527 0.3333333433
116399  -24.684  -31.668  0.945 0.3333333433
58042  -25.335  -31.467  1.169 0.3333333433
57045  -26.030  -32.073  2.694 0.2222222239
111093  -26.443  -31.277  2.077 0.2222222239
58030  -26.596  -31.736  2.556 0.2222222239
58020  -27.199  -31.782  2.969 0.1111111119
60767  -21.981  -28.915  1.287 0.2222222239
59836  -21.796  -29.730  1.592 0.2222222239
58967  -23.030  -30.750  1.164 0.3333333433
58060  -23.774  -30.961  0.878 0.3333333433
58041  -24.044  -31.717  0.953 0.3333333433
58031  -27.186  -31.202  2.590 0.1111111119
61864  -22.119  -28.188  0.981 0.2222222239
59851  -22.848  -28.909  0.810 0.3333333433
111157  -22.801  -27.877  0.523 0.3333333433
60779  -23.501  -28.588  0.442 0.3333333433
130854  -23.164  -29.567  0.816 0.3333333433
59853  -24.590  -29.595  0.279 0.3333333433
59854  -25.218  -29.637  0.268 0.3333333433
59855  -25.813  -29.534  0.515 0.3333333433
129714  -26.225  -29.133  0.677 0.3333333433
59838  -26.395  -29.452  1.324 0.3333333433
59826  -27.020  -29.454  2.275 0.1111111119
62902  -21.177  -26.551  0.852 0.2222222239
61880  -21.750  -27.332  0.794 0.2222222239
61881  -23.799  -27.932  0.219 0.3333333433
60780  -24.331  -28.731  0.150 0.3333333433
60798  -24.955  -28.390  -0.162 0.3333333433
60781  -25.657  -28.944  0.033 0.3333333433
59839  -26.987  -28.727  1.699 0.1111111119
62891  -20.709  -26.450  1.207 0.3333333433
61882  -24.522  -28.028  -0.054 0.3333333433
60782  -26.709  -28.180  0.208 0.3333333433
72831  -31.647  -16.086  -5.211 0.2222222239
73746  -31.300  -14.846  -5.559 0.2222222239
72843  -31.777  -15.256  -5.199 0.2222222239
75485  -29.939  -12.477  -5.694 0.2222222239
57049  -24.211  -32.213  1.309 0.3333333433
57050  -24.981  -32.061  1.520 0.3333333433
109213  -27.859  -31.571  3.125 0.1111111119
61863  -21.314  -27.979  1.362 0.3333333433
58986  -24.829  -30.357  0.462 0.3333333433
58987  -25.342  -30.311  0.595 0.3333333433
58969  -25.493  -30.872  0.941 0.3333333433
58970  -25.887  -30.289  1.121 0.3333333433
62903  -22.378  -27.030  0.417 0.3333333433
113296  -27.261  -28.090  1.084 0.3333333433
55981  -25.236  -32.742  4.955 0.1111111119
55982  -26.222  -32.548  4.957 0.1111111119
58028  -22.147  -31.935  1.809 0.3333333433
57042  -23.522  -32.687  1.759 0.3333333433
57030  -23.786  -32.819  2.638 0.3333333433
57031  -24.669  -32.510  3.030 0.3333333433
57032  -25.637  -32.327  3.414 0.3333333433
55964  -26.708  -32.917  5.775 0.1111111119
57018  -27.823  -32.273  4.259 0.1111111119
57034  -27.504  -32.061  3.513 0.1111111119
60766  -21.232  -28.932  1.739 0.2222222239
58959  -27.398  -30.329  2.665 0.1111111119
59817  -27.729  -29.461  2.974 0.1111111119
125630  -21.098  -27.067  1.185 0.2222222239
60754  -27.579  -28.580  2.456 0.1111111119
129568  -27.408  -28.283  1.815 0.1111111119
114721  -27.787  -27.432  1.060 0.1111111119
63804  -20.487  -25.836  1.134 0.1111111119
74635  -31.310  -14.033  -5.465 0.2222222239
76340  -29.650  -11.792  -6.008 0.2222222239
64625  -20.372  -24.621  0.844 0.2222222239
67360  -20.470  -21.466  0.143 0.5555555820
131429  -21.221  -26.092  0.575 0.3333333433
116638  -21.721  -26.538  0.493 0.4444444478
62901  -20.784  -25.976  0.823 0.2222222239
111944  -31.010  -13.301  -5.682 0.2222222239
56998  -27.232  -32.535  5.052 0.1111111119
57017  -25.644  -32.488  4.328 0.1111111119
58040  -23.367  -31.620  1.195 0.3333333433
57043  -24.421  -32.510  1.998 0.3333333433
59837  -22.649  -29.787  1.150 0.3333333433
58038  -22.060  -31.128  1.769 0.2222222239
58029  -25.832  -31.752  1.936 0.3333333433
58061  -24.448  -31.048  0.717 0.3333333433
58062  -25.031  -31.026  0.673 0.3333333433
58958  -26.563  -30.440  1.963 0.2222222239
58968  -23.423  -30.138  0.820 0.3333333433
59852  -23.713  -29.417  0.510 0.3333333433
58985  -24.149  -30.283  0.562 0.3333333433
59870  -25.095  -28.994  -0.044 0.3333333433
60768  -26.175  -28.820  0.227 0.3333333433
125862  -26.592  -28.713  0.856 0.3333333433
57016  -24.914  -32.560  4.061 0.2222222239
117846  -22.805  -32.993  1.901 0.3333333433
115447  -22.231  -32.807  1.982 0.2222222239
55998  -22.988  -33.167  2.365 0.3333333433
58957  -21.632  -30.476  1.896 0.2222222239
73747  -31.744  -14.563  -5.165 0.1111111119
73737  -32.154  -14.683  -4.487 0.1111111119
119656  -32.438  -13.354  -3.108 0.1111111119
74618  -32.375  -14.023  -3.723 0.1111111119
75478  -31.706  -12.461  -4.652 0.1111111119
76336  -32.147  -12.031  -3.495 0.1111111119
75486  -30.477  -12.802  -5.820 0.1111111119
75487  -31.044  -12.636  -5.666 0.1111111119
76342  -31.094  -11.869  -5.484 0.1111111119
112402  -29.149  -10.485  -3.891 0.2222222239
75496  -30.381  -12.101  -6.047 0.1111111119
78121  -28.503  -9.350  -4.224 0.1111111119
79935  -28.839  -8.139  -2.722 0.1111111119
124342  -28.748  -10.019  -4.440 0.1111111119
119478  -27.690  -9.192  -5.111 0.1111111119
79888  -22.702  -7.352  1.590 0.4444444478
81560  -21.174  -5.785  2.513 0.4444444478
80730  -21.713  -6.373  2.080 0.4444444478
79934  -28.621  -7.349  -2.580 0.1111111119
119687  -25.061  -5.818  2.484 0.4444444478
81582  -29.451  -5.343  -0.262 0.3333333433
80740  -29.507  -6.142  0.159 0.2222222239
81590  -28.878  -5.777  -1.645 0.1111111119
80771  -27.926  -6.693  -3.026 0.1111111119
81565  -25.739  -5.177  2.477 0.4444444478
81564  -24.599  -5.127  2.554 0.4444444478
82380  -26.335  -4.458  2.453 0.4444444478
81566  -26.854  -5.243  2.511 0.4444444478
82381  -27.417  -4.507  2.471 0.4444444478
82382  -28.423  -4.532  2.303 0.4444444478
82384  -29.133  -4.520  1.812 0.4444444478
83251  -29.541  -3.640  0.746 0.4444444478
82385  -29.471  -4.490  1.119 0.2222222239
83256  -29.527  -3.618  -0.225 0.2222222239
82394  -29.375  -4.554  -0.596 0.2222222239
122543  -28.547  -4.284  -1.772 0.2222222239
122544  -28.663  -5.117  -1.700 0.2222222239
123031  -28.269  1.094  -3.094 0.1111111119
85746  -28.134  -0.397  -3.162 0.1111111119
83275  -27.451  -3.664  -3.000 0.1111111119
81561  -21.756  -5.546  2.496 0.4444444478
82376  -21.909  -4.917  2.889 0.4444444478
81562  -22.545  -5.343  2.533 0.4444444478
116244  -23.265  -4.859  2.725 0.3333333433
82379  -25.296  -4.451  2.571 0.4444444478
83242  -26.901  -3.759  2.421 0.4444444478
84071  -28.368  -3.055  2.121 0.4444444478
83243  -27.929  -3.776  2.363 0.4444444478
83246  -28.824  -3.786  2.062 0.4444444478
83247  -29.288  -3.726  1.471 0.4444444478
84898  -28.476  -1.614  1.608 0.3333333433
120461  -29.440  -2.134  0.668 0.3333333433
114681  -29.542  -1.875  -0.796 0.1111111119
84083  -29.530  -2.678  -0.437 0.1111111119
84087  -29.276  -2.629  -1.227 0.1111111119
122177  -29.226  -3.966  -1.064 0.2222222239
84086  -28.723  -2.741  -1.920 0.1111111119
118677  -28.520  -2.197  -2.322 0.1111111119
82375  -21.352  -5.096  2.943 0.2222222239
82378  -24.189  -4.437  2.731 0.3333333433
83241  -25.865  -3.676  2.486 0.3333333433
84075  -27.761  -2.230  2.046 0.3333333433
84076  -28.831  -2.430  1.721 0.4444444478
84901  -28.914  -1.054  1.155 0.2222222239
84902  -29.382  -1.283  0.486 0.2222222239
84904  -29.592  -1.154  -0.349 0.2222222239
84907  -29.555  -1.081  -1.187 0.1111111119
86556  -29.158  0.135  0.203 0.1111111119
85734  -29.421  -0.452  -0.017 0.1111111119
86559  -29.323  0.278  -0.417 0.1111111119
84911  -29.216  -0.898  -1.983 0.1111111119
87343  -29.088  1.157  -0.823 0.1111111119
86561  -29.027  0.945  -1.812 0.1111111119
85741  -29.076  0.016  -2.095 0.1111111119
129124  -25.001  -3.905  2.757 0.3333333433
83239  -24.354  -3.716  2.977 0.3333333433
83240  -25.270  -3.276  2.824 0.3333333433
84069  -26.725  -2.497  2.216 0.3333333433
84897  -27.454  -1.290  1.766 0.2222222239
85731  -28.434  -0.391  1.140 0.2222222239
86555  -28.532  0.342  0.711 0.1111111119
126699  -28.678  1.924  -0.854 0.1111111119
87350  -28.549  1.567  -2.467 0.1111111119
116387  -27.675  3.292  -3.079 0.1111111119
84065  -23.511  -3.362  3.912 0.1111111119
84066  -24.719  -2.919  3.680 0.1111111119
120939  -25.464  -2.422  2.745 0.2222222239
84891  -25.592  -1.402  2.285 0.2222222239
84892  -26.072  -1.944  2.161 0.3333333433
84895  -25.909  -0.883  1.817 0.2222222239
84074  -26.854  -1.860  1.988 0.3333333433
130443  -25.945  -1.391  1.983 0.3333333433
85728  -26.056  -0.145  1.442 0.2222222239
86550  -27.009  0.068  1.358 0.1111111119
87339  -26.741  1.523  0.874 0.1111111119
86554  -27.534  0.834  1.002 0.1111111119
88097  -27.831  2.386  0.121 0.1111111119
86558  -28.930  0.828  0.045 0.1111111119
88103  -28.276  2.434  -0.557 0.1111111119
88759  -28.060  3.069  -0.989 0.1111111119
88115  -28.468  2.383  -2.103 0.1111111119
87356  -27.488  1.868  -3.944 0.1111111119
122319  -27.748  1.089  -3.714 0.1111111119
84885  -25.063  -1.957  3.939 0.1111111119
84890  -25.289  -1.812  3.108 0.1111111119
85723  -25.301  -0.708  2.486 0.1111111119
86541  -24.961  0.094  2.071 0.1111111119
86549  -25.347  0.487  1.395 0.1111111119
87332  -25.560  1.382  0.890 0.1111111119
86553  -26.313  0.675  1.150 0.1111111119
87338  -25.279  2.235  0.648 0.1111111119
88096  -27.044  2.312  0.578 0.1111111119
108873  -26.215  2.873  0.454 0.1111111119
88102  -27.791  2.901  -0.340 0.1111111119
118765  -24.949  -0.053  2.987 0.1111111119
120685  -24.890  -0.201  3.943 0.1111111119
86540  -24.690  0.755  2.602 0.1111111119
86548  -24.798  0.776  1.785 0.1111111119
87323  -24.464  1.434  2.071 0.1111111119
87331  -24.820  1.276  1.268 0.1111111119
88087  -24.241  2.029  1.329 0.1111111119
88095  -24.290  2.457  0.668 0.1111111119
87314  -24.493  1.658  3.313 0.1111111119
87307  -24.795  1.402  4.319 0.1111111119
74627  -31.977  -13.874  -4.670 0.1111111119
75479  -32.220  -12.814  -3.703 0.1111111119
120267  -29.488  -11.195  -6.076 0.1111111119
76355  -29.820  -11.620  -6.196 0.1111111119
79059  -28.197  -8.508  -3.819 0.1111111119
127984  -22.233  -5.965  2.223 0.4444444478
81572  -29.304  -5.289  1.483 0.4444444478
82389  -29.547  -4.485  0.251 0.3333333433
122178  -29.194  -5.307  -1.062 0.2222222239
82408  -28.075  -4.939  -2.287 0.1111111119
83276  -28.243  -3.545  -2.208 0.2222222239
84906  -29.138  -1.835  -1.710 0.1111111119
84910  -28.590  -1.481  -2.481 0.1111111119
84915  -26.995  -2.149  -3.651 0.1111111119
117039  -26.537  -3.145  2.387 0.3333333433
86568  -28.628  0.675  -2.596 0.1111111119
129225  -25.506  -0.842  2.046 0.2222222239
88088  -24.762  1.808  0.849 0.1111111119
89356  -25.832  3.690  0.134 0.1111111119
88077  -24.129  2.287  2.464 0.1111111119
75467  -32.469  -12.344  -1.717 0.1111111119
75472  -32.411  -12.580  -2.726 0.1111111119
120610  -29.279  -11.251  -5.669 0.2222222239
78113  -29.089  -9.684  -3.450 0.2222222239
129397  -28.370  -7.887  -3.194 0.1111111119
121186  -29.067  -3.149  1.764 0.4444444478
85716  -25.138  -0.928  3.426 0.1111111119
85707  -25.028  -1.049  4.329 0.1111111119
86529  -24.731  0.678  3.630 0.1111111119
74612  -32.538  -13.295  -2.038 0.1111111119
72832  -32.195  -15.512  -4.465 0.1111111119
73729  -32.404  -14.778  -3.535 0.1111111119
110159  -32.534  -14.049  -2.768 0.1111111119
75459  -32.513  -12.061  -0.697 0.1111111119
110086  -32.580  -12.938  -1.040 0.1111111119
77189  -32.094  -10.978  -2.193 0.1111111119
76335  -31.611  -11.554  -4.293 0.1111111119
77195  -31.421  -10.663  -3.912 0.1111111119
112298  -31.082  -11.179  -5.044 0.1111111119
116377  -29.559  -10.755  -6.205 0.1111111119
77203  -30.137  -10.513  -6.015 0.1111111119
76341  -30.363  -11.281  -5.977 0.1111111119
77218  -28.976  -10.482  -6.010 0.1111111119
79086  -28.392  -9.314  -6.317 0.1111111119
80729  -21.164  -6.588  2.033 0.4444444478
130380  -27.319  -8.488  -4.660 0.1111111119
81595  -27.338  -6.133  -3.296 0.1111111119
80770  -26.782  -6.982  -4.115 0.1111111119
122540  -25.334  -4.779  -3.895 0.1111111119
83292  -26.310  -3.827  -3.549 0.1111111119
126055  -21.096  -4.736  3.399 0.2222222239
82377  -22.540  -4.735  2.888 0.3333333433
82372  -22.206  -4.376  3.250 0.2222222239
83238  -23.223  -4.214  3.075 0.2222222239
84926  -26.715  -1.339  -4.037 0.1111111119
83228  -21.549  -3.740  4.418 0.1111111119
83235  -23.855  -3.550  3.381 0.2222222239
86571  -27.302  0.326  -4.130 0.1111111119
122783  -27.069  1.147  -4.446 0.1111111119
83229  -22.412  -3.540  4.125 0.1111111119
84042  -22.183  -3.352  4.836 0.1111111119
84873  -24.105  -2.742  5.045 0.1111111119
84874  -24.816  -1.930  4.732 0.1111111119
88124  -27.235  2.562  -4.055 0.1111111119
84866  -24.714  -2.034  5.481 0.1111111119
116967  -24.893  -0.976  5.199 0.1111111119
89372  -27.082  4.261  -1.074 0.1111111119
89382  -27.121  4.405  -2.520 0.1111111119
89387  -26.599  4.604  -3.356 0.1111111119
126506  -24.891  -0.337  4.689 0.1111111119
86522  -24.887  0.487  4.593 0.1111111119
128996  -23.832  2.453  0.998 0.1111111119
89354  -23.538  4.051  -0.065 0.1111111119
80761  -28.751  -6.459  -2.043 0.1111111119
74626  -31.503  -13.256  -5.188 0.1111111119
79060  -28.965  -8.899  -3.115 0.2222222239
81563  -23.652  -5.463  2.494 0.4444444478
78134  -28.846  -10.633  -5.144 0.1111111119
78133  -28.352  -9.885  -5.367 0.1111111119
79945  -27.692  -7.701  -3.767 0.1111111119
81596  -28.141  -5.747  -2.408 0.1111111119
84080  -29.561  -2.790  0.373 0.2222222239
83264  -29.361  -3.257  -0.900 0.1111111119
122541  -27.751  -4.363  -2.617 0.2222222239
86567  -28.049  0.338  -3.322 0.1111111119
87357  -28.060  1.751  -3.246 0.1111111119
84916  -27.838  -1.228  -3.273 0.1111111119
131513  -28.514  0.007  -2.753 0.1111111119
85745  -27.485  -0.464  -3.751 0.1111111119
122545  -26.730  -4.543  -3.380 0.1111111119
84090  -28.012  -2.851  -2.583 0.2222222239
84068  -25.953  -2.806  2.449 0.3333333433
85736  -29.548  -0.395  -0.751 0.1111111119
83234  -22.749  -3.847  3.570 0.1111111119
85730  -27.632  -0.501  1.466 0.2222222239
86551  -27.851  0.099  1.192 0.1111111119
118611  -28.325  1.127  0.514 0.1111111119
87341  -28.498  1.695  -0.096 0.1111111119
114994  -28.457  2.467  -1.313 0.1111111119
88114  -28.108  2.932  -2.608 0.1111111119
88767  -27.669  3.659  -2.382 0.1111111119
88120  -27.771  2.573  -3.366 0.1111111119
88772  -27.239  3.881  -3.203 0.1111111119
84056  -23.234  -3.193  4.562 0.1111111119
130150  -25.174  -2.635  3.230 0.1111111119
84896  -26.441  -1.337  1.875 0.3333333433
85729  -26.724  -0.675  1.621 0.2222222239
128200  -26.171  2.069  0.690 0.1111111119
88758  -27.682  3.678  -1.427 0.1111111119
84057  -24.383  -2.845  4.359 0.1111111119
85724  -25.434  -0.361  1.794 0.1111111119
88746  -25.024  3.074  0.423 0.1111111119
88747  -27.221  2.976  0.155 0.1111111119
88752  -26.537  4.082  -0.373 0.1111111119
88753  -27.358  3.544  -0.509 0.1111111119
88745  -23.928  3.217  0.220 0.1111111119
73724  -32.490  -14.765  -2.511 0.1111111119
76328  -32.297  -11.756  -2.443 0.1111111119
82407  -27.263  -5.289  -3.140 0.1111111119
84089  -27.197  -2.934  -3.311 0.1111111119
84914  -25.767  -2.258  -4.191 0.1111111119
89364  -25.591  4.458  -0.295 0.1111111119
88729  -23.371  3.493  2.206 0.1111111119
76322  -32.354  -11.479  -1.476 0.1111111119
78148  -28.398  -9.673  -6.084 0.1111111119
79078  -27.689  -9.109  -5.971 0.1111111119
82417  -25.904  -5.434  -3.853 0.1111111119
84098  -26.036  -3.054  -3.832 0.1111111119
85753  -26.489  -0.497  -4.413 0.1111111119
112474  -26.312  4.761  -0.856 0.1111111119
130902  -27.346  4.231  -1.830 0.1111111119
126514  -23.556  2.897  0.755 0.1111111119
88744  -23.159  3.589  0.431 0.1111111119
89355  -24.700  3.887  0.005 0.1111111119
55997  -22.320  -33.297  2.392 0.2222222239
69154  -19.587  -20.096  0.948 0.2222222239
70113  -19.618  -19.262  0.714 0.2222222239
122162  -20.444  -23.140  0.509 0.3333333433
69155  -20.088  -19.972  0.288 0.4444444478
80728  -20.798  -6.745  1.990 0.3333333433
79875  -20.413  -6.844  2.037 0.2222222239
81556  -20.422  -5.137  3.267 0.1111111119
81557  -20.893  -5.149  3.058 0.1111111119
77138  -19.109  -10.264  1.504 0.2222222239
76280  -18.725  -11.282  1.924 0.1111111119
78037  -19.088  -8.351  2.099 0.1111111119
130474  -19.193  -7.823  2.263 0.1111111119
80719  -20.066  -6.366  2.524 0.1111111119
81555  -19.859  -5.287  3.601 0.1111111119
82370  -20.675  -4.661  3.666 0.1111111119
124390  -20.316  -23.771  0.870 0.2222222239
79874  -19.880  -7.024  2.186 0.1111111119
114356  -20.876  -6.213  2.351 0.3333333433
81559  -20.693  -5.668  2.706 0.3333333433
68262  -19.992  -20.793  0.601 0.2222222239
80720  -20.548  -6.251  2.410 0.1111111119
80716  -20.223  -5.712  2.866 0.1111111119
79867  -19.510  -6.636  2.755 0.1111111119
80714  -19.225  -6.212  3.501 0.1111111119
80715  -19.674  -5.930  3.166 0.1111111119
125083  -19.347  -7.361  2.441 0.1111111119
112444  -30.565  -19.932  -1.325 0.1111111119
55991  -22.446  -33.517  3.006 0.1111111119
55992  -23.219  -33.193  3.308 0.1111111119
55979  -23.551  -33.255  4.340 0.1111111119
55989  -20.812  -33.406  3.034 0.1111111119
55996  -21.561  -33.223  2.558 0.1111111119
57041  -21.506  -32.277  2.305 0.1111111119
58027  -21.513  -31.319  2.155 0.1111111119
112160  -20.265  -23.862  1.320 0.1111111119
112432  -19.410  -19.303  1.244 0.1111111119
74563  -18.326  -14.206  2.412 0.2222222239
108359  -17.008  -13.716  4.029 0.2222222239
108362  -16.707  -13.056  4.910 0.2222222239
54983  -20.645  -34.070  3.493 0.1111111119
55990  -21.805  -33.742  2.905 0.1111111119
55978  -22.705  -33.623  4.020 0.1111111119
55993  -24.041  -32.791  3.700 0.1111111119
57029  -20.369  -32.859  3.260 0.1111111119
57040  -20.854  -32.591  2.804 0.1111111119
58026  -20.758  -31.526  2.747 0.1111111119
58956  -20.951  -30.567  2.397 0.1111111119
59824  -20.512  -29.793  2.588 0.1111111119
60765  -20.689  -28.219  1.958 0.1111111119
130509  -20.320  -23.939  1.519 0.1111111119
65528  -19.948  -23.134  1.558 0.1111111119
67348  -20.045  -21.577  0.859 0.1111111119
69144  -19.488  -20.169  1.445 0.1111111119
73658  -16.937  -15.038  4.118 0.2222222239
108522  -16.709  -12.364  5.635 0.2222222239
108360  -17.228  -12.085  4.600 0.1111111119
54985  -21.932  -33.996  3.629 0.1111111119
123914  -17.249  -12.703  3.958 0.2222222239
116313  -18.468  -12.231  2.323 0.1111111119
73674  -18.195  -14.765  2.728 0.2222222239
61850  -20.332  -27.627  2.289 0.1111111119
61862  -20.634  -27.221  1.650 0.1111111119
64614  -20.319  -24.734  1.471 0.1111111119
59825  -21.128  -29.729  2.049 0.1111111119
68261  -19.719  -20.886  1.291 0.1111111119
65535  -19.914  -23.112  1.218 0.1111111119
114594  -21.237  -33.795  3.004 0.1111111119
54984  -21.296  -34.170  3.438 0.1111111119
108364  -16.382  -14.363  5.359 0.1111111119
58950  -20.306  -30.568  2.982 0.1111111119
64603  -20.350  -24.486  1.829 0.1111111119
66453  -19.435  -22.464  1.549 0.1111111119
127833  -16.973  -12.048  5.977 0.1111111119
113662  -17.700  -11.543  4.441 0.1111111119
77137  -18.717  -10.504  2.226 0.1111111119
72762  -18.250  -15.312  2.647 0.1111111119
78061  -18.972  -9.353  1.907 0.1111111119
78062  -19.491  -8.449  1.463 0.1111111119
58043  -25.953  -31.066  1.479 0.2222222239
71904  -20.111  -16.824  -0.179 0.4444444478
71926  -22.921  -16.758  -2.189 0.8888888955
72807  -27.450  -15.701  -1.420 0.8888888955
72842  -31.245  -15.521  -5.585 0.2222222239
73717  -23.495  -14.396  -1.829 1.0000000000
73761  -31.023  -14.440  -5.667 0.3333333433
74562  -18.160  -14.094  2.714 0.2222222239
74598  -28.389  -13.336  -0.626 0.7777777910
74607  -23.665  -13.704  -1.543 1.0000000000
75391  -18.349  -12.119  2.732 0.1111111119
75445  -27.262  -12.107  0.250 0.8888888955
75451  -21.015  -11.853  -0.976 0.7777777910
75464  -22.503  -12.273  -1.338 1.0000000000
75495  -29.957  -12.190  -6.174 0.1111111119
77158  -27.289  -10.742  0.934 0.6666666865
78066  -27.234  -9.485  1.548 0.6666666865
78084  -23.161  -9.805  0.331 0.7777777910
78100  -29.489  -9.835  -0.679 0.4444444478
78149  -28.946  -9.967  -6.351 0.1111111119
78972  -18.964  -7.925  2.485 0.1111111119
79000  -29.041  -8.285  1.274 0.6666666865
79879  -27.032  -7.344  2.399 0.6666666865
81571  -28.806  -5.305  2.130 0.4444444478
81576  -29.512  -5.296  0.648 0.3333333433
82400  -29.065  -4.649  -1.246 0.2222222239
83263  -28.929  -3.406  -1.512 0.2222222239
84070  -27.375  -3.062  2.305 0.3333333433
84077  -29.363  -2.806  1.179 0.4444444478
84899  -29.188  -1.869  1.182 0.4444444478
84909  -27.885  -2.126  -2.923 0.1111111119
85733  -29.065  -0.430  0.629 0.2222222239
85738  -29.443  -0.397  -1.451 0.1111111119
85740  -28.612  -0.654  -2.639 0.1111111119
86562  -29.387  0.306  -1.223 0.1111111119
87340  -27.729  1.698  0.579 0.1111111119
87346  -28.759  1.756  -1.559 0.1111111119
88121  -28.242  2.261  -2.768 0.1111111119
88768  -28.197  3.092  -1.813 0.1111111119
108363  -17.345  -11.677  5.209 0.1111111119
108457  -15.926  -14.127  6.134 0.1111111119
111041  -29.387  -7.323  -1.000 0.2222222239
111634  -29.429  -9.195  -0.017 0.5555555820
111661  -23.095  -13.081  -1.483 1.0000000000
113431  -22.035  -6.981  1.634 0.5555555820
113840  -32.250  -13.431  -3.905 0.1111111119
119663  -24.885  -3.150  3.236 0.2222222239
120205  -29.608  -1.964  0.026 0.3333333433
121909  -31.962  -13.158  -4.428 0.1111111119
122640  -27.150  -18.581  -2.327 1.0000000000
123016  -28.240  -0.945  1.474 0.2222222239
123966  -26.677  3.479  0.052 0.1111111119
124424  -28.565  -26.136  0.610 0.2222222239
127942  -23.882  -4.972  2.614 0.3333333433
128513  -24.239  -12.155  -0.698 0.8888888955
130311  -27.977  -8.277  2.050 0.6666666865
131222  -27.988  -9.482  -5.740 0.1111111119
