#!ascii label  , from subject sub-fsm10cv vox2ras=TkReg
1562
31723  28.072  -56.719  9.768 0.8999999762
31735  27.627  -57.437  9.288 0.8000000119
31741  27.654  -57.086  8.391 0.8000000119
30778  26.372  -57.904  8.107 0.6999999881
31743  25.891  -57.117  7.684 0.8000000119
30760  26.946  -57.543  10.757 0.8999999762
31740  28.139  -56.707  8.879 1.0000000000
31760  28.070  -56.491  8.215 1.0000000000
31761  27.512  -56.505  7.818 0.8999999762
31742  26.853  -57.101  7.867 0.8000000119
31763  25.552  -56.249  7.475 0.8000000119
31762  26.280  -56.505  7.564 0.8999999762
31744  24.951  -56.893  7.563 0.8000000119
31764  24.664  -55.960  7.402 0.6999999881
31706  26.701  -56.738  11.145 0.8000000119
31705  27.246  -56.822  10.787 0.8999999762
127438  27.131  -56.158  11.048 0.8999999762
32702  26.311  -55.998  11.231 0.8999999762
120928  24.586  -55.321  10.923 0.8999999762
131329  28.464  -56.216  9.350 0.8999999762
32736  28.554  -55.952  8.510 1.0000000000
32753  27.237  -55.790  7.548 0.8999999762
120428  27.323  -54.361  7.396 1.0000000000
33745  26.826  -55.012  7.400 0.8999999762
32754  26.281  -55.720  7.443 0.8999999762
32755  25.341  -55.366  7.372 0.8000000119
31765  23.750  -55.615  7.384 0.6999999881
32716  28.497  -55.162  10.455 0.8999999762
32717  27.710  -55.505  10.855 0.8999999762
32718  26.749  -55.377  11.073 0.8999999762
32719  25.707  -55.178  10.993 0.8999999762
127647  28.347  -55.988  10.175 0.8999999762
32730  28.876  -55.513  9.473 0.8999999762
33730  28.676  -55.163  7.889 1.0000000000
33746  25.949  -54.834  7.357 0.8000000119
33747  25.177  -54.556  7.350 0.8000000119
128914  24.495  -54.274  7.341 0.8000000119
34689  24.127  -53.619  7.369 0.8000000119
124652  23.336  -53.516  7.434 0.8000000119
119096  23.003  -51.877  7.579 0.8000000119
119217  26.328  -54.706  10.899 0.8999999762
122373  24.959  -54.600  10.790 0.8999999762
33708  23.462  -54.362  10.885 0.8999999762
33703  28.593  -54.478  10.580 0.8999999762
34647  24.806  -53.819  10.841 0.8999999762
34648  23.909  -53.823  11.015 0.8000000119
33695  23.322  -54.140  11.226 0.8000000119
33721  29.110  -54.715  10.082 0.8999999762
34637  24.449  -53.189  11.337 0.6999999881
34639  23.281  -53.992  12.019 0.6999999881
33682  22.830  -54.285  12.471 0.6999999881
33720  29.418  -54.818  9.168 0.8999999762
34629  23.173  -53.445  12.777 0.6999999881
33664  22.501  -53.986  13.271 0.6999999881
34672  29.700  -53.859  8.276 1.0000000000
35521  22.397  -53.066  13.379 0.6000000238
33743  29.037  -54.293  7.814 1.0000000000
118655  29.226  -53.510  7.692 1.0000000000
118343  28.233  -54.436  7.519 1.0000000000
119728  26.431  -54.260  7.363 0.8999999762
34685  27.814  -53.677  7.392 1.0000000000
34686  26.884  -53.606  7.371 0.8999999762
116613  26.435  -52.836  7.409 0.8000000119
34687  26.003  -53.598  7.386 0.8000000119
116579  24.582  -52.849  7.442 0.8000000119
36509  24.438  -51.152  7.453 0.8000000119
119097  24.035  -51.958  7.521 0.8000000119
36510  23.588  -51.165  7.493 0.8000000119
125065  23.222  -50.439  7.333 0.8000000119
33704  27.955  -54.616  10.848 0.8999999762
33706  25.643  -54.295  10.770 0.8999999762
34645  27.375  -53.927  10.816 0.8999999762
117757  26.462  -54.022  10.766 0.8999999762
34646  25.719  -53.482  10.808 0.8999999762
35549  25.103  -53.108  11.054 0.8999999762
34638  23.760  -53.415  11.844 0.6999999881
34661  30.135  -53.683  9.035 0.8999999762
35528  23.625  -52.768  12.503 0.6000000238
34671  30.197  -53.159  8.441 1.0000000000
35522  20.956  -52.325  13.415 0.5000000000
36429  21.002  -51.647  13.126 0.5000000000
35583  29.417  -52.739  7.631 1.0000000000
35584  28.467  -52.954  7.439 1.0000000000
36506  28.322  -51.199  7.247 1.0000000000
116641  27.394  -52.855  7.377 1.0000000000
119100  26.905  -51.999  7.373 0.8999999762
116612  25.517  -52.856  7.440 0.8000000119
36507  26.432  -51.122  7.282 0.8999999762
119099  25.951  -51.969  7.415 0.8000000119
119098  25.003  -51.973  7.487 0.8000000119
37471  26.040  -50.313  7.044 0.8999999762
36508  25.412  -50.993  7.360 0.8000000119
39425  25.982  -48.738  6.542 0.8999999762
38415  24.866  -49.626  6.849 0.8000000119
39428  23.612  -48.442  6.524 0.8000000119
39446  24.227  -47.817  6.271 0.8000000119
34644  28.263  -53.915  10.789 0.8999999762
118286  28.656  -53.216  10.774 0.8999999762
35538  24.933  -52.490  11.473 0.6999999881
35539  24.270  -52.492  12.100 0.8000000119
128612  30.077  -53.377  9.764 0.8999999762
121274  29.850  -52.332  10.479 0.8999999762
116967  23.678  -52.095  12.579 0.6999999881
35529  22.998  -52.316  13.018 0.6000000238
111558  21.581  -52.864  13.548 0.6000000238
36434  23.278  -51.419  12.632 0.6999999881
131715  21.855  -52.059  13.301 0.5000000000
35582  30.114  -52.618  7.922 1.0000000000
36436  21.436  -51.166  12.849 0.5000000000
36437  20.504  -51.076  12.711 0.5000000000
36504  29.777  -51.978  7.597 1.0000000000
36505  28.874  -52.016  7.427 1.0000000000
37468  28.756  -50.468  7.051 1.0000000000
120280  27.376  -51.174  7.220 0.8999999762
120371  29.282  -51.225  7.365 1.0000000000
38413  28.283  -49.717  6.759 0.8999999762
37469  27.828  -50.429  6.961 0.8999999762
37470  26.918  -50.388  6.958 0.8999999762
38414  27.380  -49.662  6.724 0.8999999762
38428  26.940  -48.856  6.566 0.8999999762
39445  25.115  -48.255  6.412 0.8999999762
39443  27.399  -48.186  6.415 0.8999999762
39444  26.553  -48.062  6.359 0.8999999762
40322  24.867  -47.348  6.014 0.8999999762
41160  26.551  -46.928  5.756 0.8999999762
35546  27.734  -53.197  10.842 0.8999999762
35547  26.687  -53.115  10.825 0.8999999762
35548  25.736  -52.554  11.075 0.8999999762
120215  27.296  -52.520  10.937 0.8999999762
36461  25.921  -51.685  11.313 1.0000000000
35537  25.353  -51.942  11.495 0.8000000119
35545  29.039  -52.439  10.807 0.8999999762
36448  24.820  -51.737  11.923 0.6999999881
34660  30.443  -52.877  9.274 0.8999999762
126719  30.166  -52.847  10.063 0.8999999762
36449  24.103  -51.514  12.372 0.6999999881
37410  23.696  -50.663  12.388 0.6999999881
36435  22.387  -51.325  12.864 0.5000000000
35569  30.519  -52.438  8.499 1.0000000000
37396  21.868  -50.534  12.536 0.5000000000
37397  21.026  -50.508  12.427 0.5000000000
36503  30.458  -51.924  7.959 1.0000000000
122694  30.202  -51.236  7.577 1.0000000000
38411  30.779  -49.493  7.191 1.0000000000
37467  29.710  -50.505  7.216 1.0000000000
38412  29.211  -49.775  6.850 1.0000000000
38425  29.786  -49.067  6.728 1.0000000000
130149  30.049  -49.873  7.023 1.0000000000
38426  28.743  -49.003  6.628 0.8999999762
38427  27.833  -48.939  6.593 0.8999999762
111189  27.781  -47.571  6.167 0.8999999762
42178  26.784  -46.381  1.493 0.6999999881
42197  27.370  -45.899  0.843 0.8000000119
41239  25.936  -46.002  1.674 0.8000000119
42180  25.954  -45.178  1.899 0.8000000119
36457  30.220  -51.542  10.467 0.8999999762
36459  28.439  -51.653  10.971 1.0000000000
36445  27.432  -51.677  11.091 1.0000000000
37406  27.202  -50.724  11.272 1.0000000000
117558  25.958  -50.967  11.426 0.6999999881
36447  25.377  -51.216  11.625 0.6999999881
111205  30.786  -52.061  9.159 0.8999999762
36479  30.774  -51.478  9.780 0.8999999762
37409  24.650  -50.710  12.032 0.6999999881
123495  30.889  -51.265  8.048 1.0000000000
125432  30.790  -51.804  8.499 0.8999999762
38346  20.642  -49.926  12.111 0.4000000060
37466  30.680  -50.448  7.515 1.0000000000
116638  29.966  -48.312  6.470 1.0000000000
39441  29.158  -48.295  6.451 1.0000000000
40338  30.107  -47.174  5.717 1.0000000000
130007  26.046  -44.641  3.234 0.8999999762
41254  29.753  -45.866  0.733 0.6000000238
41255  28.239  -46.135  0.975 0.6000000238
42196  28.080  -45.517  0.492 0.8000000119
43152  27.218  -45.028  0.634 0.8000000119
43126  25.561  -44.962  3.319 0.8999999762
37423  30.625  -50.779  10.361 0.8999999762
36458  29.379  -51.584  10.799 0.8999999762
37407  26.411  -50.452  11.391 0.8000000119
37408  25.548  -50.296  11.566 0.6999999881
116516  24.055  -49.894  12.146 0.6999999881
38360  23.554  -49.218  11.872 0.6000000238
38362  21.645  -49.088  11.821 0.4000000060
37461  31.291  -50.564  8.284 1.0000000000
36478  31.118  -51.249  8.923 0.8999999762
38404  31.313  -49.980  7.756 1.0000000000
39440  30.676  -48.692  6.734 1.0000000000
40317  30.653  -47.873  6.281 1.0000000000
41178  30.608  -46.602  5.259 1.0000000000
43107  26.066  -44.909  3.757 0.8999999762
43125  26.604  -44.355  3.098 0.8999999762
44040  26.609  -43.831  1.301 0.8999999762
43133  26.095  -44.472  2.712 0.8999999762
42193  31.693  -45.297  -0.469 0.6000000238
129094  31.028  -45.398  -0.177 0.6000000238
42195  29.576  -45.497  0.070 0.6000000238
43167  29.508  -44.999  -0.315 0.8000000119
43151  27.937  -44.654  0.306 0.8000000119
43142  26.257  -44.504  1.558 0.8999999762
37425  28.735  -50.823  11.060 0.8999999762
37426  27.937  -50.994  11.152 0.8999999762
38356  27.017  -49.896  11.370 0.6999999881
37404  28.926  -49.965  11.183 0.8999999762
37405  27.937  -50.144  11.315 0.8999999762
119060  24.795  -49.761  11.774 0.6000000238
37449  31.062  -50.825  9.692 1.0000000000
37422  31.120  -50.158  10.109 1.0000000000
112206  30.431  -49.918  10.747 1.0000000000
38359  24.761  -49.000  11.603 0.6000000238
131253  24.250  -49.296  11.797 0.6000000238
38361  22.663  -49.150  11.884 0.5000000000
38403  31.689  -49.742  8.527 1.0000000000
37460  31.379  -50.359  9.198 1.0000000000
38410  31.591  -49.405  7.690 1.0000000000
39439  31.604  -48.376  6.794 1.0000000000
40316  31.582  -47.736  6.261 1.0000000000
40337  31.108  -47.236  5.737 1.0000000000
42130  30.177  -46.035  4.799 1.0000000000
41179  29.667  -46.528  5.242 1.0000000000
130997  29.917  -45.614  4.523 1.0000000000
41180  28.717  -46.393  5.252 1.0000000000
42149  28.831  -45.381  4.411 1.0000000000
42150  28.101  -45.246  4.330 0.8999999762
42132  28.375  -45.790  4.779 0.8999999762
43106  26.959  -44.710  3.801 0.8999999762
44026  26.577  -43.984  2.446 0.8999999762
42222  33.892  -44.959  -1.650 0.6000000238
42209  33.322  -45.199  -1.242 0.6000000238
110704  31.584  -45.010  -0.907 0.6000000238
42211  30.859  -45.161  -0.526 0.6000000238
43168  28.825  -44.265  0.027 0.8000000119
44048  27.834  -43.649  0.374 0.8000000119
115960  29.668  -49.784  11.058 0.8999999762
128885  27.539  -49.380  11.409 0.6999999881
38357  26.226  -49.649  11.431 0.6000000238
39368  26.079  -48.823  11.449 0.6000000238
38377  31.022  -49.422  10.530 0.8999999762
39370  24.693  -48.375  11.490 0.6000000238
39371  24.049  -48.584  11.621 0.5000000000
38376  31.599  -49.484  9.649 1.0000000000
121590  32.017  -49.131  8.190 1.0000000000
39418  32.089  -49.013  8.911 0.8999999762
39423  31.951  -48.829  7.552 1.0000000000
40315  32.437  -47.764  6.730 1.0000000000
41159  32.073  -47.249  5.916 1.0000000000
41177  31.646  -46.567  5.332 1.0000000000
131188  31.773  -45.970  4.861 1.0000000000
42129  31.025  -46.030  4.823 1.0000000000
42148  30.536  -45.422  4.402 1.0000000000
43103  29.615  -45.109  4.162 1.0000000000
43104  28.681  -44.858  4.001 1.0000000000
44024  28.133  -43.521  2.922 0.8999999762
43124  27.498  -44.159  3.298 0.8999999762
44039  26.869  -43.359  1.530 0.8999999762
43180  33.733  -44.579  -1.704 0.6000000238
42210  32.410  -45.057  -1.159 0.6000000238
123724  31.060  -44.765  -0.704 0.6000000238
44056  31.309  -44.035  -0.501 0.6999999881
44058  29.381  -43.564  -0.276 0.6999999881
44049  27.090  -43.957  0.724 0.8000000119
115078  27.218  -43.102  0.686 0.8999999762
44065  35.234  -44.050  -2.142 0.6000000238
114807  28.959  -42.652  -0.375 0.6999999881
44059  28.476  -43.215  -0.001 0.8000000119
128452  28.243  -42.424  -0.030 0.8999999762
124419  26.861  -49.086  11.423 0.6999999881
119114  25.870  -47.994  11.419 0.6000000238
39385  30.587  -48.748  11.036 0.8999999762
38354  29.179  -49.205  11.280 0.8000000119
39366  28.647  -48.502  11.452 0.6999999881
39384  31.455  -48.758  10.402 0.8000000119
39417  32.433  -48.472  8.237 1.0000000000
39405  32.388  -48.248  9.240 0.8000000119
40301  32.837  -47.829  7.696 0.8999999762
40297  32.846  -47.622  8.675 0.8000000119
39422  32.320  -48.316  7.359 1.0000000000
41158  32.959  -47.073  6.254 1.0000000000
41176  32.527  -46.712  5.646 1.0000000000
42128  32.471  -46.163  5.166 1.0000000000
42146  32.307  -45.542  4.648 1.0000000000
42147  31.459  -45.463  4.481 1.0000000000
43121  30.803  -44.260  3.623 1.0000000000
123702  30.414  -44.811  3.963 1.0000000000
128711  29.199  -44.465  3.684 1.0000000000
43123  28.436  -44.227  3.501 0.8999999762
44993  27.846  -42.855  2.222 0.8999999762
44025  27.188  -43.630  2.515 0.8999999762
45010  27.238  -42.540  1.132 0.8999999762
43165  31.865  -44.732  -1.009 0.6000000238
110423  30.696  -43.250  -0.525 0.6999999881
45017  27.341  -42.293  0.742 0.8999999762
45040  35.550  -43.338  -1.860 0.6000000238
44066  34.511  -43.796  -1.691 0.6000000238
45029  29.865  -42.782  -0.538 0.6999999881
45030  29.239  -42.038  -0.497 0.6999999881
39367  27.636  -48.544  11.449 0.6999999881
122759  26.702  -48.241  11.422 0.6000000238
40262  31.082  -47.972  10.923 0.8000000119
39365  29.598  -48.538  11.342 0.8000000119
40249  28.165  -47.736  11.515 0.6999999881
116018  31.947  -47.956  10.235 0.6999999881
126910  33.158  -47.082  8.628 0.6999999881
40300  33.300  -47.224  8.056 0.6999999881
41157  33.664  -46.584  6.715 0.8000000119
42114  34.120  -45.896  6.356 0.8000000119
41175  33.328  -46.315  5.750 0.8000000119
42127  33.897  -45.584  5.519 0.8000000119
42145  33.144  -45.679  5.003 0.8999999762
43119  32.493  -44.280  3.879 1.0000000000
43120  31.650  -44.266  3.710 1.0000000000
43122  29.947  -44.336  3.642 1.0000000000
44991  29.877  -42.910  2.827 1.0000000000
44021  31.280  -43.545  3.352 1.0000000000
44023  29.257  -43.705  3.198 1.0000000000
44992  28.843  -42.851  2.569 1.0000000000
45002  28.466  -41.999  1.942 0.8999999762
46004  27.855  -41.544  1.368 0.8999999762
45003  27.615  -42.284  1.508 0.8999999762
46013  27.528  -41.569  0.917 0.8999999762
113040  34.813  -42.795  -0.956 0.6000000238
44068  33.071  -44.372  -1.378 0.6000000238
44055  32.201  -43.999  -0.819 0.6000000238
45028  31.339  -43.105  -0.536 0.6999999881
125812  27.478  -41.908  0.776 0.8999999762
45032  27.779  -41.696  0.252 0.8999999762
46030  30.552  -41.438  -0.489 0.6999999881
46031  29.816  -41.640  -0.554 0.6999999881
45031  28.512  -41.860  -0.306 0.8999999762
46033  28.108  -41.031  -0.305 0.8999999762
40263  30.608  -47.111  11.156 0.6999999881
40248  29.104  -47.737  11.485 0.6000000238
123573  28.565  -46.940  11.518 0.6000000238
40250  26.443  -47.367  11.384 0.6000000238
40282  31.946  -46.955  10.377 0.6999999881
41107  30.328  -46.393  11.200 0.6000000238
40281  32.486  -47.387  9.629 0.6999999881
41138  33.404  -46.494  8.582 0.6999999881
41145  33.710  -46.626  7.654 0.6999999881
42126  34.479  -45.176  6.062 0.8000000119
43099  33.846  -44.583  4.605 0.8000000119
43118  33.303  -44.154  4.057 0.8000000119
44020  32.171  -43.600  3.479 1.0000000000
116663  32.864  -43.713  3.678 0.8000000119
44999  31.145  -42.018  2.759 1.0000000000
45000  30.369  -42.267  2.682 1.0000000000
45001  29.543  -42.114  2.436 1.0000000000
46001  30.362  -41.418  2.473 1.0000000000
46002  29.304  -41.263  2.079 1.0000000000
46965  28.246  -40.111  1.313 1.0000000000
46003  28.393  -41.025  1.605 1.0000000000
44067  33.048  -43.373  -0.754 0.6000000238
46020  27.531  -41.235  0.509 0.8999999762
45026  33.970  -43.161  -0.901 0.6000000238
110219  32.746  -42.178  -0.322 0.6999999881
46029  31.889  -41.623  -0.276 0.6999999881
132165  30.078  -40.928  -0.553 0.6999999881
46995  28.658  -40.490  -0.548 0.8999999762
41096  27.957  -46.291  11.542 0.5000000000
41106  31.130  -46.495  10.829 0.6000000238
112632  30.571  -45.810  10.971 0.5000000000
41122  32.470  -46.502  9.895 0.6999999881
41121  32.975  -46.050  9.402 0.6999999881
42092  33.941  -45.856  8.140 0.6999999881
42074  33.422  -45.536  8.897 0.6999999881
43075  34.808  -44.579  6.634 0.6999999881
43087  34.809  -44.483  5.751 0.6999999881
43098  34.581  -44.251  4.941 0.8000000119
44010  34.100  -43.877  4.257 0.8000000119
44018  34.329  -43.126  3.917 0.8000000119
44019  33.522  -43.452  3.745 0.8000000119
120481  33.790  -42.016  3.245 0.8000000119
110890  32.834  -43.051  3.378 0.8000000119
45992  32.017  -41.704  2.772 0.8999999762
44990  31.890  -42.705  3.066 1.0000000000
110149  32.918  -42.112  3.043 0.8000000119
110632  32.048  -40.979  2.620 0.8999999762
46000  31.348  -41.173  2.591 1.0000000000
46963  29.913  -40.574  2.225 1.0000000000
129556  27.929  -39.952  0.999 0.8999999762
46973  27.607  -40.587  0.589 0.8999999762
46981  27.498  -40.161  0.232 0.8999999762
112670  27.529  -39.722  0.395 0.8999999762
46997  27.467  -39.715  -0.093 0.8999999762
46028  33.413  -41.621  -0.268 0.6000000238
110888  31.172  -41.215  -0.387 0.6999999881
47999  29.317  -39.885  -0.603 0.8000000119
129961  28.408  -39.778  -0.529 0.8999999762
46026  36.346  -41.629  -0.934 0.6000000238
113306  32.542  -40.142  -0.399 0.6999999881
46993  30.668  -40.513  -0.506 0.6999999881
48000  27.736  -39.177  -0.372 0.8999999762
47998  30.255  -39.692  -0.619 0.6999999881
125691  28.721  -39.099  -0.631 0.8999999762
130857  31.138  -45.918  10.721 0.5000000000
42058  30.143  -45.103  10.906 0.5000000000
113993  32.386  -45.626  10.034 0.6999999881
42057  31.033  -45.299  10.607 0.5000000000
42075  32.853  -45.154  9.566 0.6999999881
43051  33.853  -44.884  8.482 0.6999999881
120967  34.713  -44.168  7.381 0.6999999881
130062  35.026  -43.946  6.869 0.6999999881
112818  35.478  -43.307  5.928 0.6999999881
44000  35.140  -43.810  5.422 0.6999999881
44988  34.452  -42.331  3.616 0.8000000119
46952  33.530  -41.355  3.028 0.8000000119
45999  32.705  -41.182  2.808 0.8000000119
46962  31.650  -40.388  2.474 0.8999999762
112467  30.794  -40.525  2.394 1.0000000000
112475  29.581  -39.868  1.987 1.0000000000
46964  29.051  -40.425  1.850 1.0000000000
46960  33.283  -40.560  2.775 0.8000000119
111668  32.097  -39.624  2.384 0.8000000119
124293  30.307  -39.976  2.209 0.8999999762
47962  29.217  -39.242  1.600 1.0000000000
47963  28.410  -39.293  1.234 1.0000000000
48968  29.680  -38.675  1.512 0.8999999762
47971  27.903  -38.688  0.770 1.0000000000
47972  27.428  -38.932  0.329 1.0000000000
48990  27.237  -38.467  0.004 1.0000000000
48014  27.519  -38.288  -0.330 0.8999999762
110889  32.583  -41.078  -0.230 0.6999999881
49004  27.330  -38.057  -0.156 0.8999999762
46027  34.927  -41.744  -0.416 0.6000000238
110468  34.136  -41.138  -0.265 0.6000000238
49003  28.171  -38.396  -0.624 0.8999999762
46991  33.303  -40.544  -0.324 0.6999999881
47996  32.098  -39.430  -0.694 0.6999999881
47997  31.163  -39.600  -0.633 0.6999999881
49001  29.756  -38.979  -0.737 0.6999999881
49002  29.156  -38.305  -0.849 0.8000000119
48013  30.758  -38.866  -0.897 0.6999999881
49020  28.511  -37.665  -0.919 0.8999999762
49019  30.260  -38.256  -1.210 0.6999999881
41123  31.748  -46.013  10.472 0.6000000238
126863  31.768  -45.257  10.339 0.5000000000
129148  33.550  -44.339  8.834 0.6999999881
43975  34.878  -43.502  7.377 0.6999999881
43963  34.432  -43.690  7.993 0.6999999881
43987  35.261  -43.379  6.708 0.6999999881
44944  35.081  -42.711  7.339 0.6999999881
114670  35.760  -42.493  4.943 0.6999999881
44008  35.454  -43.115  5.116 0.6999999881
45983  35.807  -41.921  4.482 0.6999999881
44979  35.187  -42.656  4.289 0.6999999881
44987  35.190  -41.802  3.777 0.8000000119
45991  34.367  -41.537  3.331 0.8000000119
109579  35.021  -40.940  3.450 0.8000000119
46959  33.869  -39.956  2.714 0.8000000119
112988  33.028  -39.747  2.519 0.8000000119
129280  34.257  -39.528  2.740 0.8000000119
118208  33.443  -38.454  2.172 0.8000000119
48966  31.639  -38.848  2.081 0.8000000119
48967  30.657  -38.778  1.833 0.8999999762
48980  29.210  -38.032  1.119 0.8999999762
48969  28.725  -38.611  1.172 1.0000000000
48977  32.908  -38.047  1.751 0.8000000119
126666  32.100  -38.249  1.761 0.8000000119
48981  27.469  -38.147  0.308 1.0000000000
49859  28.216  -37.882  0.735 1.0000000000
46990  34.859  -40.670  -0.324 0.6000000238
49875  27.370  -37.753  0.067 1.0000000000
47995  33.110  -39.441  -0.752 0.6999999881
117677  32.515  -38.670  -1.394 0.6999999881
49021  28.094  -37.961  -0.711 0.8999999762
49882  27.696  -36.931  -0.558 1.0000000000
128922  31.988  -38.474  -1.564 0.6999999881
49018  31.397  -38.257  -1.548 0.8000000119
49896  29.561  -37.587  -1.372 0.8000000119
112927  35.509  -41.999  6.879 0.6999999881
128367  35.837  -42.154  6.138 0.6999999881
45974  36.073  -41.907  5.384 0.6999999881
130219  36.215  -41.249  4.798 0.6999999881
46944  36.233  -40.507  4.395 0.6999999881
46950  35.672  -40.317  3.671 0.6999999881
47951  34.760  -40.003  3.063 0.8000000119
47959  33.726  -39.121  2.511 0.8000000119
48964  34.168  -38.416  2.352 0.8000000119
49845  33.768  -37.915  1.882 0.8000000119
49857  30.706  -37.617  1.083 0.8999999762
48979  30.201  -38.139  1.338 0.8999999762
49856  31.753  -37.681  1.227 0.8000000119
49872  30.126  -37.001  0.700 0.8999999762
122665  28.904  -37.489  0.814 0.8999999762
47994  34.755  -39.583  -0.677 0.6000000238
113797  29.552  -36.532  0.385 0.8999999762
50770  28.715  -36.502  0.259 0.8999999762
119539  27.650  -37.391  0.220 1.0000000000
47993  35.695  -39.625  -0.576 0.6000000238
49874  27.665  -36.963  -0.064 0.8999999762
49017  32.257  -38.185  -1.940 0.6999999881
118016  27.965  -36.184  -0.910 0.8999999762
49895  30.777  -37.603  -1.793 0.8000000119
49897  28.691  -36.815  -1.404 0.8000000119
45959  35.950  -41.402  6.278 0.6999999881
113286  36.558  -39.864  4.843 0.6999999881
47950  35.581  -39.420  3.348 0.6999999881
47949  36.362  -38.811  3.700 0.6999999881
48956  35.560  -38.545  3.015 0.6999999881
114830  32.595  -37.553  1.227 0.8000000119
49871  31.134  -37.075  0.698 0.8000000119
49870  32.111  -37.128  0.707 0.8000000119
50768  31.586  -36.541  0.207 0.8000000119
50756  28.350  -37.120  0.487 0.8999999762
116853  33.915  -39.257  -0.966 0.6000000238
50769  30.444  -36.371  0.223 0.8000000119
50780  30.257  -35.744  -0.295 0.8999999762
51687  28.309  -36.064  -0.267 0.8999999762
50771  27.906  -36.696  0.047 0.8999999762
48010  34.260  -38.754  -1.338 0.6000000238
48011  33.444  -38.679  -1.455 0.6999999881
51698  28.178  -35.750  -0.803 0.8999999762
49030  31.825  -37.701  -2.216 0.6999999881
50810  28.380  -35.914  -1.507 0.8000000119
49911  31.277  -36.963  -2.492 0.6999999881
50809  29.239  -36.071  -2.040 0.8000000119
46913  36.205  -40.610  6.018 0.6999999881
47942  36.707  -39.154  4.510 0.6999999881
49855  33.383  -37.469  1.360 0.8000000119
49869  32.996  -37.059  0.788 0.8000000119
50767  32.554  -36.595  0.243 0.8000000119
50779  31.143  -35.951  -0.298 0.8000000119
51686  29.330  -35.917  -0.090 0.8999999762
51697  28.745  -35.396  -0.681 0.8999999762
49015  33.874  -38.106  -1.993 0.6000000238
49028  33.320  -37.644  -2.465 0.6999999881
124053  32.956  -37.311  -2.758 0.6999999881
52567  28.554  -35.047  -1.229 0.8999999762
50807  32.025  -36.620  -3.096 0.6999999881
50808  30.342  -36.240  -2.552 0.8000000119
51723  28.776  -35.280  -2.164 0.8000000119
130083  31.223  -36.324  -2.963 0.6999999881
51722  29.593  -35.446  -2.653 0.8000000119
50820  30.588  -35.692  -3.119 0.8000000119
47911  36.397  -39.858  5.714 0.6999999881
124662  36.956  -38.687  4.960 0.6000000238
49894  34.603  -37.759  -2.027 0.6000000238
51695  30.752  -35.328  -0.750 0.8000000119
52566  29.152  -34.714  -1.209 0.8999999762
49908  33.914  -37.475  -2.510 0.6000000238
52578  28.861  -34.341  -1.774 0.8999999762
49910  32.330  -37.204  -2.717 0.8000000119
52579  28.636  -34.794  -1.739 0.8999999762
51737  29.075  -34.611  -2.651 0.8000000119
50819  31.586  -35.941  -3.406 0.6999999881
51736  29.819  -34.850  -3.225 0.8000000119
52607  29.245  -33.837  -3.115 0.8000000119
49909  33.416  -37.150  -2.832 0.6999999881
52565  30.267  -34.617  -1.271 0.8000000119
50816  33.764  -36.296  -3.321 0.5000000000
50806  32.887  -36.801  -3.131 0.6000000238
50817  33.213  -36.142  -3.465 0.6000000238
50818  32.468  -36.135  -3.470 0.6999999881
52593  28.921  -34.093  -2.268 0.8000000119
117885  32.761  -35.672  -3.698 0.6000000238
121587  32.036  -34.780  -4.148 0.6000000238
52606  30.139  -34.229  -3.650 0.6999999881
121677  28.940  -34.039  -2.588 0.8000000119
52621  31.217  -34.587  -3.960 0.6000000238
53536  29.457  -33.974  -1.852 0.8000000119
131890  29.313  -33.363  -2.432 0.8000000119
53550  29.071  -33.671  -2.374 0.8999999762
51732  33.713  -35.737  -3.566 0.6000000238
53571  29.634  -33.266  -3.560 0.8000000119
53572  29.287  -33.003  -3.174 0.8000000119
53560  29.144  -33.386  -2.763 0.8000000119
52622  30.495  -33.730  -4.078 0.6000000238
53549  30.050  -33.357  -2.142 0.8000000119
54710  29.234  -33.052  -2.863 0.8000000119
51733  33.202  -35.435  -3.774 0.6000000238
51742  32.652  -35.113  -4.005 0.6000000238
54719  29.347  -32.616  -3.163 0.8000000119
52620  32.460  -34.386  -4.319 0.6000000238
54745  29.491  -32.059  -3.768 0.6999999881
54718  29.432  -32.211  -3.159 0.8000000119
125320  31.610  -32.768  -4.643 0.6000000238
111260  29.873  -31.582  -4.230 0.6000000238
53585  32.992  -33.662  -4.512 0.6000000238
129023  32.368  -33.219  -4.629 0.6000000238
111663  31.523  -32.129  -2.630 0.8000000119
54709  29.576  -32.766  -2.698 0.8000000119
52604  34.057  -34.648  -3.873 0.6000000238
54708  30.734  -32.787  -2.497 0.8000000119
52603  34.709  -34.484  -3.540 0.5000000000
55773  29.432  -31.231  -3.530 0.8000000119
53584  33.898  -33.332  -4.341 0.6000000238
52618  33.652  -34.270  -4.167 0.6000000238
55784  29.293  -31.128  -3.729 0.6000000238
53583  34.727  -32.951  -4.010 0.5000000000
125074  32.575  -32.704  -4.670 0.6000000238
122737  30.880  -31.995  -4.588 0.6000000238
54743  33.453  -32.607  -4.549 0.6000000238
55796  31.857  -31.928  -4.717 0.6000000238
55797  30.785  -31.133  -4.636 0.6000000238
111845  30.976  -31.164  -2.785 0.8000000119
55762  29.951  -31.868  -2.891 0.8000000119
55761  32.376  -31.394  -2.534 0.8000000119
55772  29.902  -31.039  -2.941 0.6999999881
54742  34.303  -32.331  -4.321 0.6000000238
55798  29.603  -30.663  -4.203 0.6000000238
122170  29.191  -29.593  -3.860 0.6000000238
56805  29.281  -30.232  -3.729 0.6999999881
55794  33.944  -31.558  -4.507 0.5000000000
55804  30.216  -30.298  -4.511 0.6000000238
56825  32.185  -30.951  -4.741 0.6000000238
114788  32.074  -30.100  -4.691 0.6000000238
117141  34.615  -30.921  -4.412 0.5000000000
56794  31.857  -30.434  -2.645 0.6999999881
56795  30.392  -30.270  -2.873 0.6000000238
122941  29.306  -29.588  -3.642 0.6000000238
56804  29.430  -30.243  -3.355 0.6000000238
57769  29.291  -28.992  -4.032 0.6000000238
57748  29.624  -28.976  -3.527 0.6000000238
117935  33.844  -30.187  -4.537 0.5000000000
56824  32.947  -30.201  -4.605 0.6000000238
56826  31.180  -30.288  -4.706 0.6000000238
56827  29.421  -29.721  -4.186 0.6000000238
58681  29.777  -28.465  -3.805 0.6000000238
57766  33.545  -29.432  -4.574 0.6000000238
57767  32.496  -29.400  -4.619 0.6000000238
132008  34.385  -30.173  -4.511 0.5000000000
57765  34.533  -29.551  -4.541 0.5000000000
58700  35.144  -28.741  -4.656 0.4000000060
58701  34.223  -28.687  -4.648 0.5000000000
57739  31.186  -29.428  -2.825 0.6000000238
123799  30.279  -28.942  -3.200 0.6000000238
120090  31.770  -28.609  -4.619 0.6000000238
58704  29.850  -28.410  -4.152 0.6000000238
58680  30.205  -28.457  -3.486 0.6000000238
126794  31.174  -28.009  -4.519 0.6000000238
128646  33.050  -28.436  -4.698 0.6000000238
58712  34.067  -27.801  -4.897 0.5000000000
125627  34.856  -28.111  -4.796 0.4000000060
59666  35.062  -27.341  -5.202 0.4000000060
59669  30.454  -27.794  -4.244 0.6000000238
59645  30.106  -27.887  -4.004 0.5000000000
118549  30.782  -28.009  -3.370 0.5000000000
58671  31.038  -28.536  -3.056 0.5000000000
58703  30.545  -28.667  -4.502 0.6000000238
59653  30.241  -27.722  -4.096 0.5000000000
58702  32.028  -27.714  -4.725 0.6000000238
59667  33.031  -27.369  -5.016 0.5000000000
112943  34.014  -26.890  -5.282 0.4000000060
59624  31.635  -27.909  -2.973 0.4000000060
58713  31.173  -27.066  -4.504 0.6000000238
131403  30.504  -27.280  -4.203 0.5000000000
60608  32.852  -26.397  -5.388 0.4000000060
59668  32.112  -26.928  -5.018 0.6000000238
60609  31.775  -26.150  -5.128 0.6000000238
122400  31.325  -26.161  -4.676 0.4000000060
60607  33.927  -26.061  -5.663 0.4000000060
61536  32.881  -25.608  -5.800 0.4000000060
116906  31.470  -25.846  -4.549 0.4000000060
129585  32.322  -25.825  -5.507 0.4000000060
124950  31.321  -26.344  -4.629 0.4000000060
61537  31.979  -25.243  -5.625 0.4000000060
59633  33.105  -27.075  -2.699 0.4000000060
61508  31.767  -26.133  -3.801 0.4000000060
61528  31.512  -25.331  -5.013 0.4000000060
61550  31.933  -24.438  -6.114 0.4000000060
62469  31.671  -24.746  -5.484 0.4000000060
61507  32.688  -25.803  -3.498 0.4000000060
61519  32.069  -25.425  -4.157 0.4000000060
61549  32.652  -24.782  -6.310 0.3000000119
62461  31.644  -24.786  -5.211 0.4000000060
128966  31.536  -25.185  -4.938 0.4000000060
61518  32.903  -25.150  -3.837 0.4000000060
62451  32.334  -24.788  -4.487 0.4000000060
42170  25.411  -45.710  2.380 0.8000000119
121045  25.202  -45.373  3.020 0.8999999762
128835  24.811  -45.536  4.610 0.8999999762
42135  23.898  -45.773  4.706 0.8999999762
41184  24.293  -45.937  5.103 0.8999999762
40319  28.653  -47.580  6.170 0.8999999762
40339  29.116  -47.047  5.722 1.0000000000
113435  25.716  -47.791  6.244 0.8999999762
40340  28.055  -46.926  5.712 0.8999999762
42131  29.332  -45.853  4.735 1.0000000000
41161  25.694  -46.701  5.651 0.8999999762
117231  26.967  -47.532  6.124 0.8999999762
41181  27.097  -46.574  5.501 0.8999999762
41183  25.222  -46.046  5.266 0.8999999762
123467  27.470  -45.598  4.661 0.8999999762
59644  30.463  -27.416  -3.931 0.4000000060
59652  30.551  -27.270  -4.125 0.4000000060
60577  31.585  -26.772  -3.518 0.4000000060
59623  32.737  -27.838  -2.613 0.4000000060
33744  27.765  -55.140  7.523 1.0000000000
32756  24.493  -55.021  7.341 0.8000000119
32703  25.450  -56.018  11.233 0.8999999762
32729  29.065  -55.280  8.589 1.0000000000
34688  25.095  -53.725  7.365 0.8000000119
34643  29.567  -53.211  10.411 0.8999999762
129156  25.328  -50.180  7.076 0.8000000119
38416  23.804  -49.634  6.943 0.8000000119
117138  25.662  -49.605  6.777 0.8999999762
39427  24.496  -48.808  6.602 0.8000000119
41162  24.737  -46.545  5.571 0.8999999762
40323  23.900  -46.841  5.740 0.8000000119
41182  26.168  -46.295  5.364 0.8999999762
120436  28.095  -52.454  10.910 0.8999999762
36460  26.591  -52.138  11.083 1.0000000000
38343  23.178  -49.888  12.232 0.6000000238
38345  21.376  -49.877  12.168 0.4000000060
38344  22.251  -49.853  12.218 0.4000000060
41225  24.999  -46.327  2.562 0.6999999881
43153  26.642  -44.510  0.995 0.8000000119
37424  29.758  -50.636  10.867 0.8999999762
42152  25.667  -45.301  4.358 0.8999999762
41237  28.250  -46.500  1.713 0.6000000238
43134  25.679  -45.012  2.582 0.8999999762
42134  25.827  -45.653  4.891 0.8999999762
44032  26.415  -43.992  1.984 0.8999999762
113930  26.878  -43.110  0.995 0.8999999762
43166  30.254  -44.840  -0.504 0.6999999881
44057  30.358  -43.987  -0.385 0.6999999881
38355  28.297  -49.277  11.383 0.8000000119
43102  31.142  -44.855  4.056 1.0000000000
113606  27.752  -46.201  5.185 0.8999999762
43105  27.840  -44.699  3.871 0.8999999762
124139  27.365  -45.089  4.231 0.8999999762
42133  26.779  -45.943  4.996 0.8999999762
44031  26.774  -43.554  2.045 0.8999999762
39406  31.973  -48.736  9.697 0.8000000119
120982  27.176  -43.022  1.805 0.8999999762
40314  33.230  -47.250  7.161 0.8999999762
110081  31.221  -42.084  -0.428 0.6999999881
46034  27.672  -40.764  -0.043 0.8999999762
46032  28.960  -41.305  -0.544 0.8000000119
119115  27.297  -47.600  11.449 0.6000000238
125792  31.387  -47.304  10.747 0.8000000119
40264  29.604  -46.856  11.389 0.6000000238
41139  32.940  -46.882  9.162 0.6999999881
42102  34.182  -45.995  7.260 0.6999999881
46996  27.840  -40.154  -0.316 0.8999999762
41095  28.830  -46.100  11.479 0.6000000238
41097  27.070  -46.603  11.431 0.5000000000
43061  34.584  -44.775  7.328 0.6999999881
42044  28.930  -45.367  11.385 0.5000000000
43074  35.167  -43.952  6.219 0.6999999881
44009  34.850  -43.511  4.610 0.8000000119
47981  27.316  -39.260  0.087 0.8999999762
42076  32.169  -44.771  10.084 0.6000000238
43025  31.365  -44.540  10.348 0.5000000000
43964  33.859  -43.949  8.565 0.6999999881
47960  31.051  -39.620  2.240 0.8999999762
48965  32.698  -38.833  2.242 0.8000000119
49898  28.056  -37.082  -0.959 0.8999999762
43037  31.821  -43.913  10.023 0.5000000000
46945  35.786  -41.159  4.038 0.6999999881
48957  34.696  -39.042  2.790 0.8000000119
48978  31.191  -38.207  1.578 0.8999999762
49858  29.726  -37.547  0.943 0.8999999762
49912  30.016  -36.853  -1.904 0.8000000119
45973  36.251  -41.170  5.531 0.6999999881
46949  36.292  -39.722  4.006 0.6999999881
50755  33.830  -36.909  0.934 0.8000000119
51707  28.363  -35.481  -1.266 0.8999999762
46932  36.420  -40.571  5.210 0.6999999881
51696  29.702  -35.253  -0.684 0.8999999762
51735  30.908  -35.146  -3.582 0.6999999881
53588  30.024  -32.924  -4.086 0.6999999881
53587  30.966  -33.271  -4.402 0.6000000238
54744  30.335  -32.430  -4.333 0.6000000238
54730  29.408  -31.986  -3.495 0.8000000119
55795  32.918  -31.812  -4.657 0.6000000238
57778  30.349  -29.582  -4.554 0.6000000238
116852  33.354  -30.930  -4.603 0.6000000238
58691  29.706  -28.453  -3.987 0.6000000238
59634  32.065  -27.225  -3.064 0.4000000060
60585  30.976  -26.740  -3.998 0.4000000060
60575  33.536  -26.282  -2.878 0.4000000060
62468  31.727  -24.068  -5.894 0.4000000060
25885  22.888  -62.815  8.587 0.4000000060
24930  22.566  -63.715  9.789 0.4000000060
123581  22.516  -63.539  10.279 0.4000000060
26827  23.482  -61.993  8.567 0.4000000060
24917  23.118  -63.241  10.096 0.4000000060
25860  22.614  -62.870  10.700 0.4000000060
27753  23.983  -61.334  8.580 0.3000000119
25874  23.639  -62.713  9.784 0.4000000060
113812  23.642  -60.524  8.212 0.4000000060
28721  23.044  -59.644  7.844 0.4000000060
29743  22.733  -58.646  7.690 0.4000000060
30781  22.501  -57.800  7.557 0.4000000060
25859  23.460  -62.557  10.478 0.5000000000
26808  23.049  -62.068  11.052 0.4000000060
27752  24.545  -61.369  8.998 0.4000000060
25858  24.134  -62.200  10.149 0.4000000060
28720  24.098  -59.815  8.217 0.5000000000
111113  23.669  -58.928  7.904 0.4000000060
124528  23.291  -58.083  7.728 0.4000000060
111567  23.219  -56.978  7.500 0.5000000000
32737  23.054  -56.275  7.449 0.5000000000
123281  22.789  -55.324  7.426 0.6000000238
32757  21.794  -55.174  7.459 0.5000000000
33748  21.393  -54.298  7.569 0.6000000238
124371  21.131  -53.728  7.652 0.4000000060
26807  23.838  -61.838  10.831 0.5000000000
26791  22.561  -61.394  11.276 0.5000000000
26792  21.898  -61.387  11.233 0.5000000000
26809  20.636  -61.245  10.775 0.5000000000
26818  24.553  -61.645  9.649 0.6000000238
26806  24.530  -61.511  10.475 0.6000000238
27745  25.019  -60.952  9.340 0.5000000000
28711  25.389  -60.267  8.992 0.6000000238
126162  24.946  -59.929  8.551 0.5000000000
110585  24.649  -59.186  8.221 0.5000000000
29742  24.291  -58.242  7.870 0.4000000060
31745  23.951  -56.668  7.491 0.6000000238
120434  23.518  -54.444  7.371 0.6000000238
34690  22.697  -53.758  7.470 0.6000000238
119095  22.100  -52.031  7.613 0.6000000238
124071  22.323  -54.419  7.470 0.6000000238
34691  21.784  -53.537  7.583 0.6000000238
116576  21.510  -52.563  7.620 0.6000000238
36512  21.184  -51.553  7.529 0.6000000238
26790  23.367  -61.302  11.256 0.5000000000
27713  22.729  -60.623  11.388 0.5000000000
27714  21.973  -60.751  11.317 0.5000000000
27734  20.624  -60.127  10.734 0.5000000000
26805  25.096  -61.062  10.048 0.6000000238
27732  24.903  -60.817  10.789 0.6000000238
28718  25.625  -59.464  8.632 0.6000000238
28710  26.005  -59.725  9.339 0.6000000238
29741  25.183  -58.699  8.178 0.5000000000
29733  26.358  -59.171  8.936 0.6000000238
30779  25.310  -57.887  7.843 0.6000000238
113301  24.422  -57.440  7.653 0.6000000238
36511  22.184  -51.284  7.523 0.6000000238
118270  21.766  -49.865  7.074 0.6999999881
28681  22.851  -59.805  11.429 0.6000000238
28682  22.029  -59.980  11.345 0.5000000000
28699  21.224  -59.308  10.997 0.5000000000
130171  25.431  -60.491  10.352 0.6000000238
27710  25.329  -60.151  11.003 0.6000000238
27712  23.595  -60.501  11.416 0.6000000238
131700  21.509  -58.471  10.966 0.5000000000
110552  20.720  -58.162  10.584 0.5000000000
38417  22.697  -49.753  7.049 0.6999999881
28680  23.756  -59.634  11.515 0.6000000238
29705  22.093  -59.128  11.324 0.6000000238
28678  25.634  -59.337  11.139 0.6000000238
29704  22.933  -58.910  11.416 0.6000000238
29720  22.160  -58.252  11.161 0.6000000238
127097  20.270  -57.148  10.429 0.6000000238
29702  24.959  -58.638  11.521 0.6000000238
29722  18.754  -57.307  10.266 0.5000000000
29732  26.647  -58.926  9.677 0.6000000238
30764  19.492  -56.598  10.635 0.6000000238
38418  22.024  -49.075  6.731 0.6999999881
29703  23.878  -58.598  11.524 0.6000000238
132089  22.221  -57.473  10.970 0.6000000238
120587  25.144  -57.963  11.502 0.6000000238
30745  24.354  -57.814  11.506 0.6000000238
30746  23.560  -57.655  11.380 0.6000000238
30763  21.270  -57.345  10.639 0.6000000238
111331  20.355  -56.310  10.552 0.6000000238
29719  26.295  -58.981  10.655 0.6000000238
30777  27.151  -57.779  8.587 0.6000000238
130070  22.846  -48.028  6.363 0.6999999881
40324  23.010  -46.765  5.630 0.6999999881
30743  26.359  -58.003  11.110 0.6000000238
31709  23.860  -56.857  11.277 0.6999999881
30762  21.843  -56.608  10.691 0.6999999881
29718  26.707  -58.386  10.506 0.6000000238
42115  23.553  -45.983  4.921 0.6999999881
114491  24.836  -57.215  11.476 0.6999999881
111184  26.262  -57.239  11.318 0.6999999881
30744  25.672  -57.634  11.429 0.6999999881
31726  23.120  -56.203  10.875 0.6999999881
31727  22.316  -55.969  10.703 0.6999999881
31728  21.055  -56.241  10.536 0.6000000238
116970  21.432  -55.707  10.655 0.6999999881
32722  21.278  -55.265  10.868 0.6000000238
31729  20.071  -55.860  10.813 0.5000000000
42171  24.733  -45.825  3.064 0.8000000119
31707  25.470  -56.810  11.430 0.6999999881
31708  24.646  -56.331  11.252 0.6999999881
31725  23.752  -55.828  10.941 0.6999999881
32720  22.855  -55.392  10.714 0.6999999881
31710  20.375  -56.020  11.565 0.5000000000
33709  22.761  -54.677  10.868 0.6999999881
33710  21.996  -54.884  11.046 0.6000000238
32704  21.498  -55.183  11.378 0.6000000238
51694  31.756  -35.533  -0.760 0.6999999881
126855  34.902  -38.286  2.558 0.6999999881
49854  34.201  -37.327  1.538 0.6999999881
50766  33.431  -36.513  0.337 0.6999999881
49835  36.237  -37.988  3.282 0.6000000238
49843  35.519  -37.670  2.562 0.6000000238
50777  33.019  -36.082  -0.260 0.6999999881
120390  32.600  -35.665  -0.681 0.6999999881
52564  31.450  -34.909  -1.220 0.6999999881
52576  31.238  -34.308  -1.636 0.6999999881
50754  34.624  -36.695  1.179 0.6999999881
51685  33.772  -36.010  -0.090 0.6999999881
129176  36.734  -38.135  3.827 0.6000000238
52563  32.504  -35.131  -1.141 0.6999999881
52575  32.277  -34.447  -1.657 0.6999999881
53548  31.244  -33.658  -2.101 0.6999999881
49842  36.403  -37.246  2.956 0.6000000238
50746  35.965  -36.746  2.221 0.6000000238
51672  35.624  -35.865  1.162 0.6000000238
124412  34.874  -35.758  0.358 0.6999999881
51693  33.580  -35.406  -0.778 0.6999999881
53546  33.252  -33.913  -1.893 0.6999999881
53547  32.322  -33.778  -2.118 0.6999999881
54707  32.020  -33.019  -2.438 0.6999999881
49834  36.876  -37.540  3.606 0.6000000238
127282  36.679  -36.630  2.779 0.6000000238
50752  36.108  -35.991  1.691 0.5000000000
51683  35.476  -35.512  0.637 0.6000000238
110812  34.804  -34.162  -0.952 0.5000000000
53545  34.129  -34.007  -1.497 0.6999999881
111932  33.700  -32.432  -2.052 0.6999999881
110987  32.764  -32.326  -2.413 0.6999999881
62478  36.007  -24.572  -6.624 0.3000000119
60618  35.700  -25.326  -6.233 0.3000000119
61535  33.844  -25.398  -6.157 0.3000000119
24940  22.459  -63.670  9.064 0.4000000060
23959  21.600  -64.529  10.112 0.3000000119
23960  20.956  -64.760  10.301 0.4000000060
26835  22.686  -61.848  8.036 0.3000000119
24920  20.611  -64.044  10.580 0.4000000060
114777  22.901  -60.452  7.886 0.4000000060
25861  21.733  -62.694  10.894 0.4000000060
28728  22.248  -60.079  7.620 0.4000000060
28722  22.099  -59.206  7.543 0.4000000060
30782  21.646  -57.387  7.472 0.4000000060
32738  22.181  -56.059  7.456 0.5000000000
32758  20.842  -54.974  7.539 0.4000000060
25862  20.811  -62.289  10.767 0.4000000060
34692  20.864  -53.142  7.686 0.5000000000
27735  19.845  -60.619  10.305 0.5000000000
119540  20.838  -49.973  7.031 0.6000000238
28700  20.205  -58.869  10.470 0.5000000000
115060  19.201  -58.306  10.008 0.5000000000
39430  21.384  -48.416  6.449 0.6000000238
29721  19.725  -57.652  10.331 0.5000000000
30766  18.067  -57.302  10.760 0.4000000060
39429  22.152  -48.226  6.388 0.6999999881
31711  19.511  -56.328  11.044 0.5000000000
41185  22.903  -46.143  4.700 0.6999999881
42155  23.205  -46.009  3.994 0.8000000119
41209  24.330  -46.370  3.095 0.6999999881
31693  20.611  -56.835  12.718 0.5000000000
31692  21.046  -56.346  12.724 0.6000000238
111704  34.590  -43.076  7.870 0.6000000238
44929  34.498  -42.491  7.996 0.6000000238
48950  36.907  -38.468  4.352 0.6000000238
50744  37.194  -36.165  3.071 0.5000000000
51665  36.769  -35.441  1.900 0.5000000000
53526  36.512  -33.960  0.515 0.5000000000
53527  35.985  -34.016  -0.046 0.5000000000
53544  34.833  -33.301  -1.249 0.5000000000
54704  34.688  -32.502  -1.481 0.5000000000
56793  33.265  -30.648  -2.305 0.5000000000
62488  36.180  -23.875  -7.010 0.3000000119
62489  35.312  -24.043  -7.075 0.3000000119
118411  33.942  -24.754  -6.585 0.3000000119
30776  27.125  -58.191  9.267 0.6000000238
29739  26.743  -58.535  8.795 0.6000000238
29740  25.990  -58.658  8.374 0.6000000238
121303  23.540  -54.940  10.766 0.8000000119
131372  22.882  -51.054  7.502 0.6999999881
125887  22.882  -48.874  6.684 0.6999999881
127144  23.923  -46.229  5.291 0.6999999881
49844  34.579  -37.770  2.133 0.6999999881
52577  30.427  -33.980  -1.770 0.6999999881
61548  34.746  -25.211  -6.329 0.3000000119
42154  23.882  -45.669  4.204 0.8000000119
50765  34.294  -36.259  0.472 0.6999999881
25875  23.111  -63.184  9.417 0.4000000060
26826  24.133  -61.922  9.023 0.4000000060
27754  23.183  -61.180  8.181 0.3000000119
28719  24.601  -60.662  8.658 0.5000000000
25844  22.239  -62.084  11.123 0.5000000000
31747  21.744  -56.622  7.478 0.3000000119
33749  20.458  -53.942  7.692 0.4000000060
26810  19.913  -61.703  10.411 0.5000000000
32723  20.715  -55.428  11.054 0.6000000238
52574  33.345  -34.636  -1.418 0.6999999881
119776  31.781  -34.110  -1.907 0.6999999881
50753  35.392  -36.433  1.468 0.6999999881
50764  35.049  -36.112  0.853 0.6999999881
52562  34.603  -34.958  -0.625 0.6999999881
50745  36.671  -36.087  2.366 0.6000000238
51682  36.210  -35.298  1.170 0.5000000000
52555  35.136  -35.211  0.009 0.6000000238
52573  34.144  -34.686  -1.154 0.6999999881
54706  33.081  -33.128  -2.206 0.6999999881
116000  36.858  -34.904  1.537 0.5000000000
52554  35.922  -34.737  0.389 0.5000000000
54705  34.030  -33.114  -1.766 0.5000000000
114711  34.063  -31.134  -1.995 0.5000000000
55760  33.477  -31.649  -2.228 0.6999999881
50736  37.488  -36.344  3.839 0.5000000000
53534  36.349  -33.353  0.020 0.5000000000
54693  36.119  -32.762  -0.356 0.5000000000
117980  34.719  -31.091  -1.603 0.5000000000
41186  22.332  -46.453  4.474 0.6000000238
41210  22.745  -46.411  3.971 0.6000000238
40383  26.173  -47.173  2.463 0.5000000000
113292  24.191  -47.023  3.110 0.6000000238
40385  24.812  -46.836  2.738 0.6000000238
41221  29.750  -46.609  2.126 0.5000000000
40382  27.317  -47.194  2.386 0.5000000000
113115  26.130  -46.684  2.121 0.6000000238
128998  21.399  -53.938  13.914 0.5000000000
41234  31.084  -46.125  1.462 0.5000000000
41236  29.130  -46.259  1.368 0.5000000000
129289  31.827  -45.892  1.145 0.5000000000
34620  20.824  -53.269  13.793 0.4000000060
131685  20.215  -52.450  13.363 0.4000000060
41235  30.110  -46.192  1.438 0.5000000000
41250  33.194  -45.688  0.528 0.5000000000
41252  31.240  -45.633  0.467 0.5000000000
35530  20.292  -51.782  13.098 0.4000000060
42191  33.694  -45.484  -0.366 0.5000000000
42192  32.731  -45.374  -0.494 0.5000000000
116367  19.799  -51.378  12.743 0.4000000060
40252  25.011  -47.759  11.357 0.4000000060
40253  23.640  -47.799  11.406 0.4000000060
39372  23.144  -48.474  11.601 0.4000000060
39373  22.253  -48.380  11.512 0.3000000119
124856  29.765  -44.519  10.792 0.4000000060
42060  28.529  -44.683  11.252 0.4000000060
41098  26.107  -46.551  11.298 0.4000000060
40251  25.618  -47.196  11.299 0.4000000060
43027  29.160  -44.258  10.862 0.4000000060
41100  24.962  -47.029  11.190 0.4000000060
42048  25.718  -45.816  11.190 0.4000000060
41099  25.313  -46.487  11.171 0.4000000060
40254  22.779  -47.687  11.315 0.4000000060
42045  28.195  -45.489  11.468 0.4000000060
42061  27.643  -44.889  11.359 0.4000000060
42046  27.358  -45.682  11.444 0.4000000060
131974  30.276  -43.613  10.344 0.4000000060
43028  28.518  -43.996  10.875 0.4000000060
113715  27.837  -44.127  11.082 0.4000000060
42062  26.841  -45.076  11.308 0.4000000060
114362  27.144  -44.417  11.185 0.4000000060
42063  25.334  -44.986  11.086 0.4000000060
41110  24.589  -46.507  11.064 0.4000000060
43935  25.436  -43.985  10.899 0.4000000060
42064  24.338  -45.231  10.886 0.4000000060
119032  23.947  -46.551  11.005 0.4000000060
43036  32.621  -44.252  9.626 0.4000000060
43931  29.712  -43.905  10.556 0.4000000060
43932  28.991  -43.586  10.507 0.4000000060
43945  33.230  -43.840  9.164 0.5000000000
43946  32.332  -43.285  9.560 0.4000000060
43948  30.552  -43.068  9.978 0.4000000060
43950  28.779  -42.868  10.067 0.4000000060
43933  28.084  -43.386  10.500 0.4000000060
43029  26.308  -44.412  11.117 0.4000000060
43934  26.185  -43.608  10.766 0.4000000060
44930  33.957  -42.966  8.533 0.5000000000
130263  33.551  -43.437  8.860 0.5000000000
44914  32.408  -42.369  9.276 0.5000000000
44915  30.945  -42.464  9.551 0.4000000060
44916  30.065  -42.444  9.600 0.4000000060
43949  29.666  -43.111  10.139 0.4000000060
114361  27.071  -43.661  10.781 0.4000000060
44931  33.239  -42.170  8.910 0.5000000000
128467  31.710  -42.597  9.523 0.4000000060
44917  29.313  -42.473  9.675 0.4000000060
45924  33.276  -41.347  8.651 0.4000000060
45925  32.471  -41.543  8.967 0.4000000060
45909  31.527  -41.787  9.201 0.4000000060
45910  30.483  -41.740  9.206 0.4000000060
45911  29.471  -41.766  9.191 0.4000000060
125115  32.702  -40.355  8.583 0.4000000060
111023  32.831  -39.913  8.495 0.4000000060
46875  32.152  -40.156  8.574 0.4000000060
46876  31.279  -40.247  8.579 0.4000000060
109735  30.792  -39.420  8.368 0.4000000060
45945  34.811  -41.748  7.737 0.5000000000
47887  34.734  -39.936  7.802 0.5000000000
47874  33.453  -39.903  8.389 0.4000000060
47875  32.294  -39.250  8.390 0.4000000060
47876  31.604  -39.578  8.442 0.4000000060
46874  33.279  -40.530  8.509 0.5000000000
111392  32.603  -40.807  8.697 0.4000000060
45926  31.816  -40.921  8.828 0.4000000060
118618  30.916  -41.017  8.835 0.4000000060
45927  29.992  -41.051  8.765 0.4000000060
46877  30.403  -40.303  8.556 0.4000000060
47886  35.338  -39.525  7.317 0.5000000000
46873  34.060  -40.287  8.227 0.5000000000
47888  33.173  -39.288  8.337 0.4000000060
48897  32.786  -38.576  8.182 0.4000000060
48883  31.500  -38.848  8.273 0.3000000119
111971  36.334  -38.994  6.205 0.5000000000
47873  33.978  -39.513  8.214 0.4000000060
48896  33.738  -38.638  8.094 0.4000000060
111923  32.324  -37.943  7.907 0.4000000060
48882  32.085  -38.512  8.187 0.3000000119
48884  30.670  -38.411  8.010 0.3000000119
47889  30.120  -38.990  8.231 0.3000000119
127614  35.776  -39.121  6.859 0.5000000000
48939  36.815  -38.416  5.588 0.5000000000
48895  34.550  -38.293  7.697 0.3000000119
114549  33.137  -37.942  7.869 0.4000000060
48898  31.536  -38.062  7.923 0.3000000119
49781  30.107  -37.812  7.706 0.3000000119
48899  29.764  -38.451  7.913 0.3000000119
126249  35.861  -38.416  6.815 0.3000000119
48921  36.455  -38.027  6.282 0.4000000060
49818  37.014  -37.487  5.646 0.4000000060
49827  37.135  -37.797  4.259 0.4000000060
49833  37.390  -37.114  4.047 0.4000000060
49777  34.488  -37.401  7.483 0.3000000119
121053  33.879  -37.913  7.792 0.3000000119
49779  32.661  -37.274  7.591 0.3000000119
49780  31.805  -37.287  7.606 0.3000000119
123289  30.851  -37.382  7.600 0.3000000119
49782  29.256  -37.737  7.606 0.3000000119
49783  28.254  -38.050  7.582 0.3000000119
48894  35.270  -37.950  7.307 0.3000000119
50682  30.510  -36.464  7.346 0.3000000119
121739  29.960  -37.097  7.490 0.3000000119
120433  28.575  -37.137  7.463 0.3000000119
50722  37.327  -36.776  5.292 0.3000000119
51664  37.280  -35.497  2.640 0.4000000060
52535  37.398  -34.776  2.150 0.4000000060
53518  37.138  -33.861  1.159 0.4000000060
53535  35.574  -33.502  -0.577 0.4000000060
119745  27.784  -37.289  7.478 0.3000000119
49799  35.711  -36.815  6.897 0.3000000119
50677  34.877  -36.630  7.231 0.3000000119
114249  35.862  -37.618  6.824 0.3000000119
49798  36.447  -37.140  6.389 0.3000000119
51640  37.388  -35.905  5.324 0.3000000119
51651  37.644  -35.745  4.427 0.3000000119
51657  37.628  -35.475  3.549 0.4000000060
52527  37.906  -34.531  3.688 0.3000000119
120324  37.719  -34.933  2.935 0.4000000060
52545  37.705  -33.869  1.945 0.4000000060
112348  37.002  -33.236  0.641 0.4000000060
54681  36.744  -32.582  0.166 0.4000000060
55742  36.338  -31.892  -0.341 0.4000000060
54694  35.489  -32.467  -0.884 0.4000000060
55758  35.085  -31.755  -1.317 0.4000000060
50723  36.940  -36.542  5.916 0.3000000119
53509  38.095  -33.547  2.651 0.3000000119
120053  38.168  -33.001  2.149 0.3000000119
54680  37.460  -32.460  0.796 0.4000000060
55741  37.153  -31.767  0.316 0.4000000060
55754  35.705  -31.603  -0.857 0.4000000060
56783  35.774  -30.242  -1.050 0.4000000060
56791  35.034  -30.347  -1.469 0.4000000060
57737  33.740  -29.790  -2.164 0.4000000060
57738  32.658  -29.696  -2.471 0.5000000000
53498  38.320  -32.898  3.024 0.3000000119
54672  38.071  -32.318  1.545 0.3000000119
56773  36.849  -31.146  -0.054 0.4000000060
56781  37.023  -30.312  -0.156 0.4000000060
56782  36.206  -30.898  -0.595 0.4000000060
115006  36.401  -30.098  -0.660 0.3000000119
57735  35.370  -29.573  -1.347 0.4000000060
122771  34.081  -29.062  -2.058 0.3000000119
130867  33.287  -29.150  -2.318 0.3000000119
58669  33.450  -28.471  -2.334 0.3000000119
58670  32.312  -28.708  -2.614 0.3000000119
54671  38.421  -32.083  2.476 0.3000000119
55730  38.303  -31.480  1.725 0.3000000119
55731  37.856  -31.631  0.965 0.3000000119
56772  37.549  -30.861  0.444 0.3000000119
129618  37.561  -30.186  0.282 0.3000000119
57724  36.820  -29.501  -0.492 0.3000000119
120899  36.485  -28.903  -0.795 0.3000000119
58655  35.781  -28.723  -1.250 0.3000000119
120846  34.883  -28.915  -1.641 0.3000000119
58668  34.333  -28.317  -2.010 0.3000000119
117279  35.144  -28.140  -1.654 0.3000000119
55722  38.458  -31.262  2.378 0.3000000119
56758  38.162  -30.814  1.175 0.3000000119
57718  37.620  -29.437  0.151 0.3000000119
118467  37.157  -28.711  -0.422 0.3000000119
58667  35.838  -27.924  -1.395 0.3000000119
59621  34.599  -27.572  -2.035 0.3000000119
59622  33.745  -27.718  -2.364 0.3000000119
60564  34.863  -26.852  -2.095 0.3000000119
59632  34.063  -26.993  -2.439 0.3000000119
118357  34.397  -25.789  -2.750 0.3000000119
112920  34.012  -41.962  8.429 0.5000000000
41164  22.414  -46.469  5.099 0.6000000238
41197  22.277  -46.592  4.117 0.5000000000
41211  22.369  -46.674  3.967 0.5000000000
40366  25.768  -47.381  2.631 0.5000000000
39493  23.890  -47.611  3.519 0.5000000000
41219  31.436  -46.650  2.148 0.5000000000
113406  28.739  -47.388  2.606 0.5000000000
39512  26.307  -47.539  2.631 0.5000000000
33697  22.286  -54.838  11.935 0.6000000238
32690  21.912  -55.391  12.665 0.6000000238
33665  22.335  -54.803  13.027 0.6000000238
32677  21.678  -55.184  13.595 0.5000000000
32678  20.867  -55.505  14.049 0.5000000000
33666  21.005  -54.467  14.121 0.5000000000
34621  19.899  -53.798  13.940 0.5000000000
35523  19.694  -52.909  13.462 0.4000000060
35531  19.394  -52.052  12.928 0.4000000060
36438  19.219  -51.336  12.543 0.4000000060
122690  20.930  -49.406  11.891 0.3000000119
39387  21.383  -48.221  11.355 0.3000000119
40255  21.949  -47.608  11.156 0.4000000060
42065  23.548  -45.490  10.623 0.4000000060
40266  23.322  -46.958  11.079 0.4000000060
43030  24.561  -44.389  10.800 0.4000000060
114360  27.999  -42.650  9.906 0.4000000060
129524  24.877  -43.038  10.348 0.4000000060
43951  27.354  -42.881  10.205 0.4000000060
113716  28.575  -42.138  9.454 0.4000000060
44918  26.897  -42.314  9.655 0.4000000060
118021  29.934  -39.650  8.376 0.4000000060
45928  29.137  -41.022  8.629 0.4000000060
46878  29.573  -40.345  8.481 0.4000000060
47890  29.470  -39.119  8.145 0.3000000119
48900  28.946  -38.629  7.797 0.3000000119
116106  28.180  -38.941  7.739 0.3000000119
41233  32.028  -46.385  1.807 0.5000000000
37411  19.940  -49.997  12.048 0.4000000060
43031  23.698  -44.717  10.591 0.4000000060
43937  23.895  -43.845  10.516 0.4000000060
114367  27.689  -42.113  9.448 0.4000000060
37398  20.360  -50.451  12.324 0.4000000060
41238  27.466  -46.734  1.938 0.5000000000
43026  30.465  -44.385  10.557 0.4000000060
45944  35.453  -41.168  7.160 0.5000000000
48938  37.157  -38.068  4.952 0.5000000000
43038  30.989  -43.747  10.281 0.4000000060
47912  35.927  -39.884  6.586 0.5000000000
127926  37.187  -34.399  1.546 0.4000000060
56792  34.267  -30.450  -1.892 0.4000000060
119771  35.440  -30.998  -1.176 0.4000000060
40367  25.141  -47.332  2.784 0.6000000238
40381  28.108  -46.987  2.301 0.5000000000
40380  29.482  -47.251  2.618 0.5000000000
41109  24.900  -45.834  11.040 0.4000000060
114011  24.121  -45.959  10.898 0.4000000060
41111  23.429  -46.189  10.773 0.4000000060
44913  33.146  -42.989  9.139 0.5000000000
43947  31.383  -43.163  9.844 0.4000000060
43952  26.506  -42.970  10.336 0.4000000060
43936  24.750  -43.552  10.560 0.4000000060
45923  34.063  -41.106  8.286 0.5000000000
46890  35.388  -40.338  7.254 0.5000000000
46891  34.793  -40.774  7.783 0.5000000000
111519  34.628  -39.098  7.835 0.4000000060
123675  35.273  -38.733  7.342 0.4000000060
49817  37.351  -37.326  4.804 0.4000000060
53525  37.633  -33.135  1.356 0.4000000060
51621  36.710  -35.639  6.060 0.3000000119
57725  36.111  -29.508  -0.936 0.3000000119
57736  34.574  -29.692  -1.744 0.4000000060
113268  38.459  -30.708  1.915 0.3000000119
56771  38.009  -30.120  0.696 0.3000000119
128151  38.074  -28.743  0.556 0.3000000119
60574  34.395  -26.417  -2.491 0.3000000119
124796  25.535  -43.139  10.439 0.4000000060
30749  18.447  -57.125  11.222 0.4000000060
30748  19.060  -56.785  11.401 0.4000000060
29688  19.570  -58.240  12.500 0.4000000060
29676  19.934  -58.134  13.294 0.3000000119
31694  19.909  -56.678  11.866 0.4000000060
30716  20.289  -57.357  13.574 0.3000000119
123807  19.939  -50.060  6.824 0.5000000000
31678  20.710  -56.491  13.720 0.5000000000
39431  20.527  -48.445  6.358 0.5000000000
40327  20.506  -47.810  5.882 0.5000000000
39449  19.707  -48.759  6.220 0.5000000000
31677  21.338  -55.859  13.265 0.5000000000
40302  21.528  -47.804  6.088 0.5000000000
39448  20.023  -48.069  5.880 0.5000000000
40355  20.263  -47.748  4.819 0.3000000119
112306  21.620  -46.812  5.029 0.5000000000
40342  20.985  -47.261  4.837 0.4000000060
40353  21.845  -46.885  4.099 0.4000000060
112079  21.125  -48.264  4.295 0.3000000119
39471  21.704  -47.537  4.115 0.3000000119
39470  22.624  -48.182  4.151 0.3000000119
39494  23.104  -47.496  3.770 0.3000000119
38474  26.167  -48.484  3.609 0.3000000119
39468  24.666  -48.489  4.106 0.3000000119
39492  24.815  -47.720  3.198 0.4000000060
40369  22.384  -47.088  3.867 0.4000000060
34622  18.975  -53.320  13.489 0.3000000119
39509  29.209  -47.858  2.989 0.4000000060
39489  27.596  -48.179  3.187 0.4000000060
39491  25.725  -47.801  2.961 0.4000000060
34630  18.338  -52.932  12.884 0.3000000119
112851  19.682  -50.739  12.383 0.3000000119
40267  22.429  -46.979  10.937 0.3000000119
123441  22.803  -46.427  10.743 0.3000000119
41112  22.033  -46.283  10.509 0.3000000119
113391  22.807  -45.802  10.482 0.3000000119
42066  22.078  -45.390  10.232 0.3000000119
118672  22.893  -45.032  10.324 0.3000000119
43953  24.204  -42.958  10.235 0.3000000119
44919  25.903  -42.431  9.831 0.3000000119
44920  25.024  -42.576  10.012 0.3000000119
114244  22.499  -42.925  9.867 0.3000000119
125204  28.713  -41.498  8.930 0.3000000119
45912  28.022  -41.557  8.966 0.3000000119
45914  26.151  -41.679  9.190 0.3000000119
45915  25.224  -41.853  9.401 0.3000000119
45929  28.348  -40.991  8.586 0.3000000119
45913  27.123  -41.521  8.924 0.3000000119
45931  26.304  -41.021  8.529 0.3000000119
45932  25.387  -41.189  8.676 0.3000000119
45930  27.084  -40.761  8.385 0.3000000119
46880  26.452  -40.421  8.139 0.3000000119
47877  29.288  -39.746  8.295 0.3000000119
47878  28.703  -40.239  8.330 0.3000000119
47879  27.823  -40.455  8.303 0.3000000119
46879  27.094  -39.991  7.929 0.3000000119
37476  20.470  -50.706  7.275 0.5000000000
39490  26.649  -48.044  3.047 0.4000000060
35532  18.605  -52.336  12.728 0.3000000119
44921  23.405  -42.447  9.733 0.3000000119
126757  27.682  -41.074  8.603 0.3000000119
114930  19.936  -55.828  14.324 0.3000000119
33667  19.981  -54.819  14.266 0.3000000119
33668  18.975  -54.150  13.945 0.3000000119
26819  19.151  -62.139  10.099 0.4000000060
26820  18.401  -61.652  9.511 0.4000000060
27746  19.011  -60.961  9.809 0.4000000060
119548  17.391  -59.650  8.996 0.4000000060
124448  19.158  -60.018  9.865 0.4000000060
27747  18.384  -59.834  9.454 0.4000000060
28713  17.881  -58.819  9.492 0.4000000060
32739  21.227  -55.956  7.476 0.3000000119
28701  19.654  -59.515  10.179 0.4000000060
29736  17.130  -58.353  9.916 0.3000000119
29724  17.609  -57.870  10.472 0.3000000119
29734  18.284  -58.016  9.828 0.4000000060
28683  18.503  -58.865  11.949 0.3000000119
111242  17.641  -58.347  11.175 0.3000000119
121763  19.283  -58.814  12.514 0.3000000119
29723  18.024  -57.395  10.223 0.4000000060
29707  17.996  -57.674  11.212 0.3000000119
29706  18.798  -57.954  11.818 0.3000000119
126688  18.043  -60.657  9.210 0.4000000060
28655  19.532  -58.962  13.155 0.3000000119
117280  19.161  -59.598  12.836 0.3000000119
24918  22.093  -64.084  10.193 0.4000000060
24919  21.463  -64.121  10.430 0.4000000060
24931  21.909  -64.349  9.569 0.4000000060
25845  21.432  -61.783  11.033 0.5000000000
25873  24.064  -62.238  9.561 0.4000000060
25884  23.612  -62.525  9.141 0.4000000060
26789  24.177  -61.087  11.158 0.5000000000
27711  24.475  -60.336  11.334 0.6000000238
27731  25.546  -60.415  9.714 0.6000000238
27733  21.300  -60.928  11.131 0.5000000000
28679  24.724  -59.494  11.463 0.6000000238
28684  17.724  -59.356  11.623 0.3000000119
28698  25.955  -59.803  10.239 0.6000000238
28712  18.752  -59.042  9.728 0.4000000060
29701  25.828  -58.476  11.268 0.6000000238
29731  27.247  -58.049  9.946 0.6000000238
29735  17.649  -58.125  9.853 0.3000000119
29744  21.878  -58.318  7.465 0.4000000060
30730  19.758  -57.473  12.267 0.4000000060
30731  19.062  -57.358  11.753 0.4000000060
30747  22.921  -57.994  11.317 0.6000000238
30761  22.843  -56.987  11.030 0.6999999881
30765  18.668  -56.944  10.811 0.4000000060
30780  23.675  -57.481  7.623 0.6000000238
31724  27.561  -57.212  10.223 0.8999999762
31746  22.472  -56.946  7.492 0.5000000000
32705  21.197  -55.698  12.057 0.6000000238
32721  21.996  -55.189  10.766 0.6999999881
32752  28.061  -55.909  7.806 1.0000000000
33696  22.778  -54.497  11.448 0.6000000238
33705  27.106  -54.682  10.947 0.8999999762
33707  24.151  -54.426  10.806 0.8999999762
33729  29.311  -54.637  8.359 1.0000000000
34619  21.795  -53.597  13.665 0.6000000238
34662  29.680  -54.062  9.749 0.8999999762
34684  29.810  -53.222  7.928 1.0000000000
35524  18.980  -52.684  13.107 0.3000000119
35544  30.440  -52.224  9.927 0.8999999762
36446  26.572  -51.260  11.284 1.0000000000
37395  22.778  -50.606  12.507 0.5000000000
37472  24.640  -50.346  7.220 0.8000000119
37473  23.944  -50.544  7.340 0.8000000119
37474  22.383  -50.509  7.349 0.6999999881
37475  21.479  -50.645  7.372 0.6999999881
38358  25.462  -49.358  11.536 0.6000000238
38378  30.011  -49.254  11.121 0.8999999762
38419  21.137  -49.192  6.736 0.6000000238
38420  20.238  -49.306  6.652 0.5000000000
39369  25.321  -48.563  11.482 0.6000000238
39386  30.104  -47.805  11.306 0.6999999881
39424  31.319  -48.969  7.173 1.0000000000
39426  25.236  -49.014  6.619 0.8999999762
39442  28.261  -48.244  6.447 0.8999999762
39447  23.301  -47.458  6.111 0.6999999881
39457  19.736  -48.101  5.254 0.5000000000
39469  23.633  -48.385  4.209 0.3000000119
39488  28.636  -48.327  3.274 0.4000000060
39510  28.024  -47.635  2.737 0.5000000000
39511  27.072  -47.640  2.663 0.4000000060
40265  24.260  -47.212  11.212 0.4000000060
40303  20.956  -47.903  6.134 0.5000000000
40318  29.593  -47.672  6.174 1.0000000000
40320  27.286  -47.122  5.852 0.8999999762
40321  26.165  -47.360  6.026 0.8999999762
40325  22.216  -47.297  5.807 0.6999999881
40326  21.062  -47.404  5.570 0.5000000000
40341  21.728  -46.837  4.436 0.5000000000
40343  20.292  -47.613  5.336 0.4000000060
40354  21.044  -47.372  4.382 0.3000000119
40368  23.096  -46.869  3.621 0.4000000060
40384  25.528  -46.922  2.529 0.6000000238
41108  29.689  -45.767  11.293 0.5000000000
41163  23.268  -46.292  5.217 0.6999999881
41196  22.748  -46.250  4.237 0.6000000238
41220  30.636  -46.587  2.123 0.5000000000
41222  28.906  -46.752  2.167 0.5000000000
41223  26.748  -46.917  2.196 0.5000000000
41224  25.579  -46.362  2.214 0.6999999881
41251  32.213  -45.596  0.414 0.5000000000
41253  30.486  -45.851  0.865 0.5000000000
41256  27.630  -46.377  1.351 0.5000000000
42047  26.528  -45.818  11.335 0.4000000060
42059  29.383  -44.907  11.162 0.4000000060
42091  34.324  -45.256  7.704 0.6999999881
42113  34.498  -45.326  6.891 0.6999999881
42136  23.287  -45.922  4.475 0.8000000119
42151  26.554  -45.283  4.406 0.8999999762
42153  25.320  -45.208  3.974 0.8999999762
42163  24.720  -45.439  3.699 0.8999999762
42164  23.972  -45.937  3.616 0.8000000119
42179  26.488  -45.378  1.140 0.8000000119
42194  30.416  -45.541  0.107 0.6000000238
42212  30.110  -45.231  -0.301 0.6999999881
42223  33.167  -44.900  -1.548 0.6000000238
43035  33.281  -44.675  9.125 0.6999999881
43050  34.360  -44.464  7.965 0.6999999881
43088  34.289  -44.931  5.263 0.8000000119
43100  32.978  -44.932  4.422 0.8000000119
43101  32.003  -44.905  4.169 1.0000000000
43150  28.790  -45.220  0.063 0.8000000119
43164  32.572  -44.734  -1.268 0.6000000238
43179  34.456  -44.480  -1.806 0.6000000238
44022  30.339  -43.601  3.274 1.0000000000
44956  35.535  -42.711  6.449 0.6999999881
44970  35.736  -42.631  5.653 0.6999999881
44989  33.642  -42.688  3.465 0.8000000119
45016  27.726  -42.702  0.391 0.8999999762
45025  34.159  -42.192  -0.416 0.6000000238
45027  32.054  -42.760  -0.456 0.6999999881
46043  35.640  -42.240  -0.941 0.6000000238
46914  35.810  -40.683  6.672 0.5000000000
46951  34.141  -40.731  3.029 0.8000000119
46961  32.471  -40.411  2.592 0.8000000119
46992  31.702  -40.477  -0.365 0.6999999881
46994  29.471  -40.761  -0.583 0.8000000119
47930  36.703  -39.185  5.328 0.6000000238
47961  30.096  -39.340  1.946 0.8999999762
47964  27.930  -39.408  0.956 1.0000000000
48001  27.306  -38.777  -0.086 0.8999999762
48009  35.061  -38.869  -1.087 0.6000000238
48012  31.662  -38.817  -1.086 0.6999999881
49016  33.017  -38.180  -2.032 0.6999999881
49029  32.651  -37.712  -2.400 0.6999999881
49853  35.045  -37.123  1.821 0.6999999881
49873  29.206  -36.999  0.647 0.8999999762
49883  27.564  -37.627  -0.385 0.8999999762
49907  34.445  -37.154  -2.536 0.6000000238
50729  37.540  -36.557  4.629 0.4000000060
50737  37.064  -36.858  3.365 0.5000000000
50778  32.111  -36.114  -0.321 0.6999999881
50781  27.893  -36.493  -0.472 0.8999999762
50791  27.973  -36.565  -1.043 0.8999999762
50805  33.537  -36.705  -3.131 0.5000000000
51684  34.402  -35.636  -0.135 0.6999999881
51724  28.725  -34.619  -2.200 0.8999999762
51734  32.004  -35.397  -3.816 0.6000000238
52534  37.892  -34.237  2.781 0.3000000119
52553  36.641  -34.534  1.038 0.5000000000
52561  35.353  -34.445  -0.341 0.5000000000
52605  33.636  -35.053  -3.862 0.6000000238
52619  33.125  -34.711  -4.147 0.6000000238
53570  34.313  -33.901  -3.949 0.5000000000
53586  32.047  -33.608  -4.530 0.6000000238
54731  29.432  -32.487  -3.455 0.6999999881
55759  34.314  -31.868  -1.788 0.5000000000
56814  29.101  -30.129  -4.129 0.6000000238
56823  34.183  -30.681  -4.497 0.5000000000
57717  38.280  -29.336  0.921 0.3000000119
57747  30.031  -29.426  -3.035 0.6000000238
57757  29.337  -29.031  -3.846 0.6000000238
57768  31.405  -29.463  -4.670 0.6000000238
57779  29.699  -29.022  -4.317 0.6000000238
59620  35.380  -27.377  -1.674 0.3000000119
59635  31.042  -27.399  -3.531 0.4000000060
59636  30.305  -27.928  -3.751 0.6000000238
60576  32.433  -26.524  -3.223 0.4000000060
60593  31.065  -26.656  -4.312 0.4000000060
60610  30.839  -26.961  -4.311 0.5000000000
61538  31.502  -25.591  -5.060 0.4000000060
62452  31.706  -25.030  -4.785 0.4000000060
109930  29.671  -44.397  -0.309 0.6999999881
110080  30.557  -42.375  -0.522 0.6999999881
110303  35.488  -40.337  -0.404 0.6000000238
111509  28.928  -45.821  0.555 0.6000000238
111763  30.825  -42.838  2.993 1.0000000000
111877  32.648  -46.033  1.295 0.5000000000
113394  21.989  -63.521  10.583 0.4000000060
113909  34.019  -40.039  -0.473 0.6000000238
114051  20.713  -55.675  10.717 0.6999999881
114373  28.879  -39.768  1.639 1.0000000000
114467  34.590  -38.314  -1.611 0.6000000238
115271  20.270  -57.422  12.802 0.3000000119
115278  29.766  -54.286  8.875 0.8999999762
115457  31.567  -34.099  -4.307 0.6000000238
115729  20.494  -52.249  7.570 0.5000000000
116577  22.579  -52.866  7.559 0.6000000238
116578  23.616  -52.778  7.483 0.8000000119
117206  21.145  -63.317  10.694 0.4000000060
117787  24.328  -47.942  11.427 0.4000000060
118126  27.725  -56.411  10.538 0.8999999762
118818  26.673  -47.289  2.462 0.5000000000
118940  27.888  -52.023  7.354 1.0000000000
119980  27.756  -40.805  1.096 0.8999999762
120342  26.061  -44.590  2.174 0.8999999762
120457  26.045  -56.550  11.350 0.6999999881
120673  26.489  -49.602  6.734 0.8999999762
120902  26.142  -45.230  11.212 0.4000000060
122595  29.077  -53.978  10.554 0.8999999762
122845  27.803  -47.023  11.529 0.6000000238
123827  33.718  -43.977  -1.516 0.6000000238
124640  25.721  -54.190  7.359 0.8000000119
125405  28.534  -35.199  -1.758 0.8999999762
125485  21.992  -46.603  4.710 0.6000000238
125797  23.491  -46.366  3.594 0.6999999881
126003  27.437  -37.498  -0.239 1.0000000000
126042  21.851  -54.373  13.685 0.6999999881
128324  21.414  -60.227  11.178 0.5000000000
128358  28.576  -53.791  7.527 1.0000000000
128588  35.266  -37.274  7.205 0.3000000119
129042  25.399  -48.261  3.557 0.3000000119
129305  26.333  -58.491  10.917 0.6000000238
129473  23.017  -57.458  7.573 0.5000000000
129633  33.862  -37.031  -2.834 0.6999999881
129878  34.083  -44.290  -1.775 0.6000000238
129910  34.215  -32.473  -1.768 0.6999999881
130261  25.431  -47.131  5.887 0.8999999762
130713  33.486  -42.520  -0.465 0.6000000238
130750  26.846  -56.336  7.594 0.8999999762
130778  32.351  -37.885  1.505 0.8000000119
131159  27.493  -42.494  9.795 0.4000000060
131895  33.669  -45.192  4.905 0.8000000119
132028  30.518  -49.327  10.867 0.8999999762
132148  29.949  -40.355  -0.574 0.6999999881
132229  28.663  -47.799  2.883 0.5000000000
