#!ascii label  , from subject sub-fsm21em vox2ras=TkReg
889
59416  -24.423  -23.362  -0.781 0.5555555820
59417  -25.154  -23.364  -1.286 0.6666666865
135739  -25.261  -22.644  -1.748 0.7777777910
59438  -26.186  -22.948  -2.117 0.7777777910
123506  -25.681  -21.559  -2.647 0.8888888955
126242  -28.020  -22.028  -3.738 0.8888888955
58449  -23.605  -24.004  0.208 0.5555555820
137607  -24.504  -22.680  -1.257 0.6666666865
141701  -24.559  -22.119  -1.670 0.8888888955
60383  -26.690  -22.429  -2.681 0.8888888955
61360  -26.792  -21.580  -3.287 0.8888888955
129343  -27.007  -20.423  -4.179 1.0000000000
61361  -28.724  -21.657  -4.365 0.8888888955
63182  -28.425  -20.012  -4.963 1.0000000000
60369  -23.279  -21.903  -0.814 0.7777777910
61344  -24.139  -20.655  -2.585 1.0000000000
62235  -23.748  -19.891  -3.012 1.0000000000
62237  -25.469  -20.300  -3.458 1.0000000000
62249  -26.076  -19.843  -4.066 1.0000000000
62236  -24.548  -20.102  -3.250 1.0000000000
63180  -26.145  -19.255  -4.601 1.0000000000
63179  -25.427  -19.211  -4.375 1.0000000000
63190  -26.692  -19.082  -4.882 1.0000000000
63192  -28.661  -19.289  -5.360 1.0000000000
64129  -26.043  -18.792  -4.934 1.0000000000
64139  -26.733  -18.598  -5.273 1.0000000000
64141  -28.905  -18.667  -5.625 1.0000000000
133958  -27.490  -17.691  -5.909 1.0000000000
65066  -28.486  -17.923  -5.841 0.7777777910
63164  -23.460  -19.200  -3.291 0.8888888955
63165  -24.180  -19.422  -3.585 1.0000000000
64128  -25.299  -18.650  -4.713 1.0000000000
63177  -23.866  -18.807  -3.812 1.0000000000
64127  -24.657  -18.424  -4.536 1.0000000000
64138  -25.854  -18.162  -5.290 1.0000000000
65065  -26.750  -17.912  -5.714 1.0000000000
65076  -26.824  -17.109  -6.197 1.0000000000
65077  -27.899  -17.147  -6.157 1.0000000000
65078  -29.207  -17.308  -6.060 0.8888888955
66066  -28.443  -16.500  -6.409 1.0000000000
66067  -29.823  -16.586  -6.519 0.7777777910
64125  -22.927  -18.059  -3.620 0.5555555820
66041  -23.199  -16.872  -4.500 0.7777777910
135543  -23.617  -17.594  -4.416 0.8888888955
65063  -24.706  -17.393  -5.242 1.0000000000
64137  -25.009  -18.039  -4.958 1.0000000000
66053  -25.272  -16.833  -5.865 1.0000000000
65075  -26.034  -16.732  -6.174 1.0000000000
66064  -26.454  -16.185  -6.399 1.0000000000
66989  -27.869  -15.701  -6.610 0.8888888955
66988  -26.903  -15.464  -6.525 1.0000000000
67876  -29.475  -14.836  -7.202 0.7777777910
67000  -30.499  -15.287  -7.138 0.6666666865
67888  -30.252  -14.448  -7.339 0.6666666865
66028  -21.965  -16.710  -3.469 0.4444444478
122148  -22.511  -17.036  -3.947 0.7777777910
66040  -22.339  -16.162  -4.155 0.6666666865
130792  -23.590  -15.705  -5.457 0.7777777910
66061  -24.171  -15.815  -5.789 0.8888888955
66062  -24.875  -15.910  -6.134 0.8888888955
66986  -25.286  -15.044  -6.512 1.0000000000
66987  -26.057  -15.269  -6.514 1.0000000000
130777  -27.129  -14.009  -6.780 0.8888888955
67886  -27.869  -14.371  -6.917 0.7777777910
67887  -28.651  -14.267  -7.199 0.7777777910
125503  -30.745  -14.058  -7.302 0.5555555820
68739  -28.889  -13.420  -7.466 0.7777777910
68740  -30.078  -13.577  -7.540 0.6666666865
67856  -21.832  -14.578  -4.636 0.6666666865
66965  -21.703  -15.226  -4.139 0.6666666865
66975  -23.118  -15.179  -5.388 0.7777777910
67866  -22.476  -14.370  -5.287 0.7777777910
66984  -23.763  -15.146  -5.965 0.8888888955
66985  -24.497  -15.103  -6.312 0.8888888955
67870  -24.018  -14.321  -6.339 1.0000000000
67871  -24.864  -14.368  -6.561 1.0000000000
67884  -25.799  -13.978  -6.693 1.0000000000
67873  -26.443  -14.504  -6.629 0.8888888955
68737  -27.100  -13.188  -6.912 0.8888888955
68738  -27.875  -13.675  -7.092 0.7777777910
129713  -26.389  -12.815  -6.918 0.8888888955
69679  -27.168  -12.346  -7.194 0.7777777910
127686  -27.937  -12.835  -7.280 0.7777777910
133644  -29.575  -12.873  -7.711 0.7777777910
69682  -30.443  -12.629  -7.736 0.6666666865
67855  -21.158  -14.215  -4.217 0.6666666865
141333  -23.300  -14.556  -5.858 0.8888888955
68728  -23.955  -13.436  -6.484 1.0000000000
140578  -24.608  -13.809  -6.560 1.0000000000
68736  -25.792  -13.267  -6.765 1.0000000000
67885  -26.376  -13.618  -6.771 0.8888888955
70651  -28.265  -11.336  -7.889 0.7777777910
70652  -28.909  -11.742  -8.002 0.6666666865
70660  -29.778  -11.469  -8.376 0.5555555820
69689  -30.372  -11.880  -8.143 0.5555555820
67865  -21.498  -13.778  -4.899 0.7777777910
68710  -20.825  -13.180  -4.581 0.6666666865
68719  -22.055  -13.473  -5.431 0.8888888955
126985  -23.155  -12.761  -6.341 1.0000000000
69669  -24.016  -12.673  -6.617 1.0000000000
125914  -25.251  -12.262  -6.793 0.8888888955
69678  -25.784  -12.496  -6.882 0.8888888955
70648  -25.573  -11.586  -6.997 0.8888888955
70650  -27.376  -11.401  -7.521 0.7777777910
71663  -28.139  -10.716  -8.065 0.7777777910
71662  -26.471  -10.424  -7.442 0.7777777910
71668  -28.898  -10.316  -8.769 0.5555555820
71669  -29.967  -10.658  -8.921 0.5555555820
72622  -28.085  -9.914  -8.300 0.6666666865
134657  -20.191  -12.370  -3.955 0.4444444478
68717  -20.585  -12.458  -4.660 0.5555555820
69666  -21.283  -11.939  -5.542 0.7777777910
68726  -22.160  -12.726  -5.785 0.8888888955
69668  -23.337  -12.106  -6.529 1.0000000000
69676  -23.983  -11.890  -6.721 0.8888888955
70646  -23.826  -10.952  -6.857 0.8888888955
70647  -24.720  -11.688  -6.809 0.8888888955
127761  -24.721  -10.860  -6.967 0.8888888955
127760  -26.439  -11.102  -7.328 0.8888888955
128394  -27.268  -10.569  -7.668 0.6666666865
133681  -28.917  -9.656  -9.102 0.5555555820
71645  -20.190  -10.682  -5.094 0.6666666865
70631  -20.241  -11.314  -4.736 0.6666666865
127393  -21.085  -10.653  -5.927 0.7777777910
70645  -22.920  -10.476  -6.714 0.8888888955
71653  -22.248  -9.914  -6.605 0.7777777910
140385  -23.422  -10.316  -6.848 0.7777777910
72613  -23.373  -9.414  -6.956 0.7777777910
72614  -24.141  -9.602  -7.147 0.7777777910
127785  -24.654  -10.194  -7.120 0.7777777910
72616  -26.043  -9.834  -7.339 0.6666666865
127759  -24.464  -9.051  -7.203 0.6666666865
130461  -26.571  -9.102  -7.373 0.6666666865
72617  -27.026  -9.873  -7.644 0.5555555820
73478  -25.996  -8.297  -7.056 0.6666666865
73479  -27.037  -8.315  -7.444 0.5555555820
129844  -27.594  -9.145  -7.944 0.5555555820
73484  -27.911  -8.380  -8.425 0.5555555820
73445  -18.498  -9.274  -3.946 0.3333333433
72591  -19.388  -10.036  -4.579 0.5555555820
129621  -20.345  -9.949  -5.619 0.6666666865
72606  -20.010  -9.356  -5.629 0.5555555820
131969  -20.971  -9.654  -6.173 0.7777777910
72608  -21.748  -9.337  -6.533 0.7777777910
73470  -21.641  -8.309  -6.560 0.6666666865
72612  -22.588  -9.287  -6.748 0.6666666865
73474  -22.183  -8.672  -6.664 0.6666666865
73475  -23.034  -8.668  -6.880 0.6666666865
73476  -23.857  -8.422  -7.043 0.6666666865
74361  -24.126  -7.609  -6.861 0.6666666865
74362  -25.227  -7.492  -6.865 0.6666666865
74364  -27.454  -7.436  -7.806 0.5555555820
74363  -26.395  -7.473  -6.992 0.6666666865
74317  -18.479  -8.139  -4.091 0.4444444478
123697  -18.167  -8.705  -3.365 0.4444444478
74328  -18.846  -8.557  -4.620 0.4444444478
74341  -18.829  -7.283  -5.034 0.5555555820
73467  -19.679  -8.483  -5.650 0.5555555820
73468  -20.253  -8.445  -6.130 0.6666666865
72607  -20.598  -9.176  -6.154 0.6666666865
73469  -20.938  -8.351  -6.435 0.6666666865
74359  -22.506  -8.003  -6.700 0.6666666865
74360  -23.228  -7.799  -6.810 0.6666666865
75310  -23.434  -6.913  -6.627 0.6666666865
75312  -25.578  -6.663  -6.689 0.6666666865
121861  -26.712  -6.725  -6.954 0.5555555820
75251  -18.236  -7.056  -4.145 0.4444444478
74349  -19.938  -7.455  -5.980 0.6666666865
74350  -20.588  -7.456  -6.332 0.6666666865
138542  -21.500  -6.741  -6.523 0.6666666865
74352  -21.953  -7.474  -6.580 0.6666666865
75311  -24.400  -6.770  -6.658 0.6666666865
61332  -24.177  -21.431  -1.948 1.0000000000
61358  -25.045  -20.789  -2.912 1.0000000000
62250  -28.060  -20.701  -4.525 1.0000000000
66039  -21.603  -15.918  -3.541 0.5555555820
68708  -19.978  -11.778  -3.882 0.5555555820
69639  -19.649  -11.406  -3.563 0.2222222239
73485  -28.571  -9.064  -9.069 0.4444444478
75280  -19.659  -6.437  -5.787 0.6666666865
66964  -21.186  -15.075  -3.630 0.4444444478
75326  -27.898  -7.081  -8.879 0.5555555820
74379  -28.342  -7.744  -9.970 0.5555555820
74303  -17.481  -7.837  -2.200 0.2222222239
74316  -17.894  -7.761  -3.122 0.3333333433
75314  -27.425  -6.449  -7.782 0.5555555820
57481  -25.015  -25.094  -0.286 0.5555555820
58452  -25.973  -24.875  -1.011 0.5555555820
58451  -25.126  -24.123  -0.832 0.6666666865
59427  -25.833  -23.347  -1.687 0.5555555820
59428  -26.772  -23.835  -1.990 0.5555555820
60394  -28.387  -22.737  -3.495 0.7777777910
60395  -29.044  -22.511  -3.913 0.8888888955
58439  -24.104  -24.673  0.114 0.5555555820
138402  -27.075  -23.261  -2.457 0.6666666865
60393  -27.546  -22.400  -3.263 0.8888888955
61366  -29.507  -21.712  -4.308 0.7777777910
62261  -29.590  -20.112  -5.284 0.8888888955
58438  -22.998  -23.982  0.811 0.4444444478
60358  -23.128  -22.531  -0.127 0.5555555820
61320  -22.721  -21.204  -0.926 0.2222222239
136464  -23.587  -20.876  -2.034 0.6666666865
65067  -30.019  -18.394  -5.825 0.8888888955
66068  -31.051  -16.932  -6.501 0.6666666865
62222  -22.606  -20.029  -2.107 0.5555555820
66991  -30.848  -16.166  -6.848 0.6666666865
64108  -22.168  -18.487  -2.627 0.4444444478
67877  -31.416  -15.605  -6.888 0.5555555820
67890  -31.247  -14.085  -6.989 0.5555555820
65041  -21.848  -17.072  -3.011 0.2222222239
68741  -30.879  -13.370  -7.340 0.5555555820
70653  -31.038  -11.894  -7.953 0.5555555820
67846  -20.745  -14.310  -3.628 0.3333333433
68709  -20.446  -12.792  -4.211 0.4444444478
71670  -31.114  -10.600  -8.937 0.4444444478
68697  -20.145  -12.349  -3.697 0.3333333433
71674  -30.509  -9.902  -9.423 0.5555555820
72629  -29.420  -9.171  -9.763 0.4444444478
72579  -18.103  -9.969  -3.438 0.3333333433
71633  -19.390  -10.588  -4.241 0.4444444478
75336  -27.948  -7.095  -10.173 0.2222222239
126480  -19.218  -6.489  -5.547 0.6666666865
75291  -20.251  -6.442  -6.107 0.6666666865
75294  -22.014  -6.434  -6.536 0.6666666865
75295  -22.758  -6.204  -6.488 0.6666666865
75296  -23.641  -6.123  -6.488 0.6666666865
75297  -24.596  -6.083  -6.532 0.6666666865
137237  -26.138  -6.338  -6.680 0.6666666865
122863  -19.386  -5.653  -5.674 0.5555555820
59415  -23.703  -23.322  -0.258 0.5555555820
58450  -24.293  -24.107  -0.343 0.5555555820
58462  -25.937  -24.050  -1.399 0.6666666865
60381  -25.000  -21.876  -2.115 0.8888888955
60382  -25.734  -22.268  -2.236 0.8888888955
61359  -25.860  -20.948  -3.160 1.0000000000
61345  -24.778  -21.254  -2.438 1.0000000000
62239  -27.501  -21.187  -3.981 1.0000000000
59404  -23.132  -23.285  0.362 0.5555555820
60359  -23.807  -22.628  -0.760 0.6666666865
60370  -23.925  -22.009  -1.331 0.8888888955
62238  -26.432  -20.674  -3.658 1.0000000000
62251  -29.433  -21.051  -4.926 1.0000000000
61331  -23.406  -21.350  -1.479 0.6666666865
63166  -25.007  -19.627  -3.841 1.0000000000
63181  -27.120  -19.743  -4.584 1.0000000000
63178  -24.615  -18.964  -4.198 1.0000000000
63191  -27.535  -19.170  -5.091 1.0000000000
63193  -29.830  -19.293  -5.545 0.8888888955
64140  -27.746  -18.451  -5.554 1.0000000000
63163  -22.770  -18.906  -2.981 0.5555555820
63154  -23.028  -19.605  -2.730 0.6666666865
64126  -23.580  -18.186  -4.035 0.8888888955
65064  -26.001  -17.404  -5.806 1.0000000000
66065  -27.362  -16.386  -6.431 1.0000000000
138115  -28.814  -15.919  -6.695 0.8888888955
66990  -29.638  -15.671  -6.928 0.7777777910
65031  -21.962  -17.731  -2.852 0.5555555820
64117  -22.508  -18.247  -3.192 0.5555555820
65042  -22.345  -17.527  -3.432 0.6666666865
65050  -23.020  -17.590  -3.996 0.6666666865
64118  -23.195  -18.577  -3.491 0.7777777910
66050  -23.073  -15.951  -4.916 0.6666666865
66051  -23.762  -16.373  -5.190 0.8888888955
65062  -23.995  -17.173  -4.939 0.8888888955
65051  -24.246  -17.930  -4.619 0.8888888955
66052  -24.460  -16.607  -5.549 0.8888888955
67874  -27.417  -14.838  -6.679 0.8888888955
67875  -28.506  -15.097  -6.897 0.8888888955
125694  -29.451  -14.125  -7.398 0.6666666865
67889  -31.073  -14.761  -7.149 0.5555555820
66027  -21.463  -16.394  -3.005 0.3333333433
66974  -22.439  -15.251  -4.733 0.6666666865
66063  -25.642  -15.995  -6.323 1.0000000000
126112  -25.762  -14.576  -6.604 1.0000000000
137247  -25.230  -13.693  -6.656 1.0000000000
69680  -28.046  -11.996  -7.565 0.7777777910
69681  -28.817  -12.508  -7.681 0.7777777910
69688  -29.654  -12.198  -7.992 0.6666666865
68727  -23.028  -13.687  -6.027 0.8888888955
137295  -24.695  -13.186  -6.611 1.0000000000
68735  -25.279  -12.920  -6.701 0.8888888955
70659  -28.964  -11.029  -8.375 0.6666666865
70661  -30.736  -11.299  -8.516 0.5555555820
121276  -20.667  -13.477  -4.073 0.5555555820
68718  -21.153  -12.779  -5.166 0.6666666865
69677  -24.712  -12.466  -6.689 1.0000000000
70649  -26.427  -11.966  -7.143 0.8888888955
71661  -25.567  -10.563  -7.194 0.8888888955
72623  -29.649  -9.816  -9.377 0.5555555820
69658  -20.247  -12.003  -4.308 0.5555555820
69659  -20.557  -11.828  -4.992 0.5555555820
69667  -22.292  -11.822  -6.201 1.0000000000
70638  -21.248  -11.239  -5.807 0.7777777910
140836  -20.783  -11.465  -5.382 0.7777777910
70639  -23.061  -11.327  -6.620 0.8888888955
70630  -19.861  -10.995  -4.380 0.5555555820
71644  -19.811  -10.231  -4.934 0.4444444478
71651  -20.688  -10.340  -5.741 0.6666666865
70632  -20.575  -11.049  -5.352 0.7777777910
70624  -19.991  -11.477  -4.172 0.6666666865
71652  -21.398  -10.077  -6.259 0.7777777910
126385  -21.978  -10.748  -6.360 0.7777777910
71660  -23.870  -10.148  -7.006 0.7777777910
129167  -23.720  -9.039  -7.096 0.6666666865
72615  -25.044  -9.748  -7.222 0.6666666865
73477  -24.851  -8.318  -7.112 0.6666666865
73490  -28.546  -8.320  -9.587 0.4444444478
74371  -28.080  -7.796  -8.903 0.5555555820
73454  -19.096  -9.383  -4.591 0.5555555820
135479  -21.267  -8.971  -6.452 0.7777777910
73463  -19.227  -8.468  -5.122 0.5555555820
74342  -19.389  -7.435  -5.558 0.6666666865
74353  -22.634  -7.132  -6.602 0.6666666865
136154  -19.659  -11.297  -3.910 0.3333333433
66026  -21.195  -15.697  -3.219 0.4444444478
66963  -20.824  -14.225  -3.743 0.4444444478
74388  -28.676  -7.580  -11.165 0.3333333433
76234  -27.704  -6.056  -8.879 0.3333333433
59453  -28.976  -23.321  -3.404 0.6666666865
128907  -23.527  -24.699  0.655 0.4444444478
57464  -24.183  -25.355  0.426 0.5555555820
60342  -22.775  -22.708  0.535 0.4444444478
65079  -30.760  -17.593  -6.231 0.6666666865
62223  -23.315  -20.303  -2.397 0.7777777910
65030  -21.614  -17.043  -2.531 0.1111111119
66018  -21.378  -16.347  -2.589 0.1111111119
66954  -20.979  -15.127  -3.362 0.4444444478
67845  -20.458  -13.237  -3.873 0.3333333433
71619  -19.252  -10.939  -3.733 0.3333333433
75313  -26.658  -6.051  -6.803 0.6666666865
76223  -27.324  -5.642  -7.582 0.4444444478
57466  -28.442  -25.722  -0.939 0.4444444478
57467  -29.183  -25.545  0.575 0.2222222239
56370  -25.639  -25.940  -0.207 0.4444444478
56371  -26.595  -26.304  -0.504 0.4444444478
57482  -26.994  -25.623  -1.195 0.4444444478
120425  -28.364  -25.381  -1.628 0.4444444478
58464  -28.831  -24.799  -2.167 0.4444444478
58454  -28.863  -24.378  -0.598 0.2222222239
58471  -27.769  -24.611  -2.199 0.4444444478
128412  -28.533  -24.874  -2.187 0.4444444478
59419  -29.011  -23.402  -0.762 0.1111111119
60360  -29.336  -22.416  -0.242 0.1111111119
58473  -28.955  -24.390  -2.577 0.4444444478
59430  -29.176  -23.588  -2.258 0.3333333433
58472  -28.497  -24.397  -2.510 0.4444444478
59429  -29.053  -24.342  -2.538 0.3333333433
60371  -29.146  -22.517  -1.190 0.2222222239
59440  -28.821  -24.010  -3.015 0.4444444478
59441  -29.177  -23.828  -3.086 0.3333333433
59439  -27.849  -23.934  -2.575 0.5555555820
61346  -29.477  -22.288  -2.799 0.2222222239
61333  -29.347  -21.625  -2.070 0.1111111119
62213  -29.526  -20.711  -2.112 0.1111111119
123777  -29.490  -22.432  -3.516 0.3333333433
61367  -29.722  -21.695  -4.111 0.3333333433
62252  -30.032  -21.177  -4.805 0.5555555820
62253  -30.381  -20.633  -5.095 0.6666666865
63168  -30.427  -20.076  -4.660 0.4444444478
62262  -30.209  -20.641  -5.156 0.6666666865
64119  -30.668  -18.457  -4.355 0.3333333433
63194  -30.468  -19.824  -5.321 0.6666666865
64130  -31.142  -18.734  -5.662 0.5555555820
65068  -31.112  -18.510  -5.938 0.5555555820
65053  -31.375  -17.855  -5.910 0.5555555820
66054  -31.638  -16.998  -6.057 0.3333333433
64142  -30.893  -19.214  -5.721 0.5555555820
66992  -31.542  -16.499  -6.473 0.4444444478
65069  -31.361  -17.452  -6.195 0.4444444478
67878  -31.610  -14.872  -6.711 0.4444444478
75293  -21.330  -5.902  -6.443 0.5555555820
76206  -21.962  -5.396  -6.404 0.5555555820
76207  -22.960  -5.524  -6.335 0.5555555820
76208  -23.839  -5.588  -6.335 0.5555555820
77071  -25.203  -5.201  -6.178 0.5555555820
56382  -28.158  -26.143  -1.109 0.4444444478
57484  -28.777  -25.178  -0.322 0.2222222239
134183  -29.271  -22.467  -2.115 0.2222222239
62224  -29.744  -20.850  -3.327 0.3333333433
140219  -30.407  -20.279  -5.186 0.6666666865
63183  -30.571  -19.950  -5.301 0.4444444478
117870  -31.838  -15.602  -6.425 0.4444444478
126041  -31.356  -13.277  -6.895 0.4444444478
77067  -21.278  -4.692  -6.266 0.5555555820
58463  -26.877  -24.741  -1.626 0.4444444478
130909  -30.329  -19.108  -3.719 0.2222222239
76210  -25.885  -5.606  -6.437 0.5555555820
131597  -27.120  -27.563  0.327 0.4444444478
55257  -27.663  -27.248  -0.075 0.4444444478
55244  -28.322  -27.070  0.161 0.4444444478
56355  -28.812  -26.367  0.341 0.2222222239
133701  -29.704  -25.762  1.385 0.1111111119
57465  -24.926  -25.976  0.295 0.4444444478
56354  -26.805  -27.065  -0.070 0.4444444478
59405  -29.379  -23.038  0.327 0.1111111119
57455  -29.698  -24.823  1.187 0.1111111119
60343  -29.637  -22.348  0.509 0.1111111119
61321  -29.400  -21.698  -0.640 0.1111111119
62184  -29.773  -20.838  -0.225 0.1111111119
63141  -29.818  -19.781  -1.743 0.1111111119
64109  -30.277  -18.506  -2.704 0.2222222239
65052  -30.989  -17.772  -4.786 0.1111111119
141594  -31.582  -16.449  -5.357 0.2222222239
66976  -31.872  -16.166  -6.015 0.3333333433
68729  -31.648  -14.011  -6.484 0.4444444478
69670  -31.637  -12.430  -6.821 0.3333333433
69683  -31.174  -12.575  -7.410 0.4444444478
118934  -31.509  -11.906  -7.563 0.3333333433
138592  -19.554  -11.010  -4.033 0.4444444478
73491  -29.253  -8.538  -10.148 0.3333333433
75263  -18.442  -6.150  -4.821 0.4444444478
76222  -26.832  -5.474  -6.744 0.5555555820
76189  -19.578  -4.969  -5.718 0.5555555820
76204  -20.512  -4.689  -6.029 0.5555555820
127680  -22.482  -5.022  -6.278 0.5555555820
77069  -23.191  -5.090  -6.196 0.5555555820
77070  -24.123  -5.199  -6.158 0.5555555820
77048  -19.848  -4.518  -5.739 0.5555555820
135050  -26.020  -25.580  -0.656 0.4444444478
60384  -27.959  -23.215  -3.042 0.5555555820
60396  -29.216  -22.918  -3.461 0.3333333433
134332  -28.664  -25.833  -0.119 0.3333333433
56373  -28.322  -26.392  -0.448 0.4444444478
58440  -29.189  -24.559  0.385 0.1111111119
137397  -27.396  -26.778  -0.477 0.4444444478
57483  -27.603  -26.311  -0.951 0.4444444478
57495  -27.914  -25.860  -1.438 0.4444444478
57494  -27.845  -25.296  -1.803 0.4444444478
58453  -28.681  -25.041  -1.392 0.4444444478
59418  -28.995  -24.401  -1.794 0.4444444478
119669  -29.137  -23.782  0.124 0.1111111119
60385  -29.406  -23.078  -3.085 0.3333333433
128626  -29.580  -21.647  -3.026 0.2222222239
63155  -29.763  -20.074  -2.592 0.1111111119
62200  -29.743  -20.284  -1.070 0.1111111119
60406  -29.435  -22.330  -3.924 0.3333333433
62240  -30.147  -20.935  -4.511 0.4444444478
130198  -30.801  -19.383  -5.119 0.3333333433
63167  -30.011  -20.027  -3.544 0.3333333433
65043  -30.612  -17.619  -3.549 0.1111111119
64143  -30.881  -19.295  -5.745 0.5555555820
67867  -31.930  -14.721  -6.145 0.4444444478
76205  -21.105  -5.161  -6.321 0.5555555820
56372  -28.002  -26.749  -0.590 0.4444444478
121757  -29.452  -21.119  -1.212 0.1111111119
121284  -20.776  -4.208  -6.044 0.5555555820
63156  -30.019  -19.229  -2.468 0.2222222239
118108  -29.291  -26.296  0.944 0.2222222239
56353  -25.776  -26.670  0.227 0.4444444478
61306  -29.674  -21.700  0.219 0.1111111119
130319  -27.915  -31.498  5.433 0.1111111119
52597  -25.095  -30.291  2.602 0.3333333433
134856  -27.030  -30.963  4.285 0.2222222239
51746  -27.609  -31.062  4.802 0.2222222239
51747  -28.339  -30.975  5.155 0.1111111119
52575  -28.402  -30.351  4.639 0.1111111119
139907  -23.494  -28.489  2.564 0.3333333433
53471  -23.782  -29.209  2.730 0.3333333433
53458  -24.195  -30.010  2.924 0.3333333433
53474  -26.495  -29.682  2.267 0.3333333433
52599  -26.864  -30.071  3.040 0.3333333433
52573  -26.906  -30.599  3.734 0.2222222239
52587  -27.706  -29.557  3.278 0.2222222239
52574  -27.557  -30.459  4.216 0.2222222239
52588  -28.043  -29.822  3.977 0.2222222239
55217  -23.017  -27.320  2.303 0.2222222239
54326  -22.889  -27.926  2.679 0.2222222239
54327  -24.330  -28.656  2.187 0.3333333433
53472  -24.698  -29.502  2.409 0.3333333433
130320  -25.607  -29.742  2.180 0.3333333433
56338  -23.365  -26.194  1.531 0.2222222239
55230  -23.516  -27.061  1.793 0.3333333433
56339  -24.135  -26.796  1.260 0.3333333433
55231  -24.256  -27.485  1.554 0.3333333433
55241  -24.744  -27.220  1.149 0.3333333433
124845  -24.447  -28.070  1.767 0.3333333433
54339  -25.050  -27.857  1.352 0.3333333433
53487  -26.944  -29.061  1.787 0.3333333433
54341  -26.487  -28.563  1.320 0.3333333433
54328  -27.775  -28.709  2.010 0.3333333433
54342  -27.381  -28.453  1.308 0.3333333433
53476  -28.133  -28.903  2.789 0.1111111119
54329  -28.680  -28.196  2.182 0.2222222239
139384  -22.956  -25.446  1.589 0.2222222239
128321  -23.506  -25.427  1.064 0.3333333433
56352  -24.843  -26.684  0.753 0.3333333433
55232  -25.941  -27.963  1.018 0.3333333433
55243  -26.302  -27.432  0.513 0.3333333433
54349  -26.858  -28.015  0.808 0.3333333433
54343  -28.105  -28.244  1.435 0.3333333433
137509  -22.530  -24.374  1.897 0.3333333433
55233  -27.887  -27.832  0.647 0.3333333433
138793  -28.469  -27.434  0.718 0.3333333433
70654  -31.582  -11.206  -8.192 0.3333333433
52586  -26.203  -30.799  3.248 0.3333333433
56326  -22.814  -26.616  2.199 0.3333333433
55218  -23.702  -27.859  2.121 0.3333333433
53486  -26.075  -29.204  1.710 0.3333333433
53475  -27.326  -29.347  2.518 0.3333333433
56351  -24.124  -26.104  0.840 0.3333333433
55234  -28.585  -27.720  1.251 0.3333333433
51729  -26.771  -31.977  5.232 0.1111111119
50907  -28.277  -31.958  5.983 0.1111111119
52583  -23.754  -30.540  3.437 0.3333333433
52584  -24.589  -30.766  3.082 0.3333333433
51756  -24.876  -31.446  3.345 0.3333333433
51757  -25.624  -31.419  3.499 0.3333333433
51758  -26.387  -31.206  3.917 0.3333333433
52559  -29.067  -30.670  5.258 0.1111111119
53447  -28.847  -29.525  4.224 0.1111111119
53459  -28.482  -29.196  3.521 0.1111111119
54330  -29.152  -28.136  2.744 0.1111111119
56337  -22.639  -25.810  2.095 0.2222222239
55219  -29.413  -27.697  2.506 0.1111111119
55235  -29.206  -27.406  1.748 0.1111111119
56340  -28.972  -27.046  0.904 0.1111111119
119626  -31.675  -13.230  -6.370 0.2222222239
71671  -31.676  -10.433  -8.556 0.2222222239
71664  -31.918  -10.607  -7.771 0.2222222239
59403  -22.690  -23.238  0.992 0.2222222239
62212  -22.966  -20.698  -1.734 0.5555555820
58425  -22.902  -24.698  1.338 0.2222222239
70640  -31.834  -11.428  -7.153 0.2222222239
51731  -28.728  -31.343  5.614 0.1111111119
51730  -27.264  -31.625  5.199 0.1111111119
52585  -25.410  -30.918  2.973 0.3333333433
54312  -22.865  -28.765  3.159 0.2222222239
52598  -25.996  -30.373  2.585 0.3333333433
53473  -25.208  -29.059  1.893 0.3333333433
136362  -27.421  -30.101  3.663 0.2222222239
55242  -25.434  -27.297  0.834 0.3333333433
54340  -25.616  -28.531  1.477 0.3333333433
54313  -28.867  -28.527  3.066 0.1111111119
57454  -22.535  -25.032  1.991 0.2222222239
51745  -26.715  -31.545  4.656 0.2222222239
139846  -24.193  -31.185  3.490 0.3333333433
50930  -25.082  -32.062  3.721 0.3333333433
51744  -25.832  -31.818  4.185 0.3333333433
68720  -31.846  -13.708  -5.687 0.1111111119
128334  -31.903  -12.085  -4.400 0.1111111119
69652  -31.837  -12.845  -4.780 0.1111111119
70633  -31.846  -11.859  -6.170 0.1111111119
70634  -31.930  -11.316  -5.481 0.1111111119
71646  -31.930  -10.639  -5.717 0.1111111119
71654  -31.969  -10.633  -6.714 0.1111111119
72631  -30.655  -9.359  -9.764 0.2222222239
72609  -31.927  -9.935  -7.128 0.1111111119
126809  -30.119  -8.395  -10.720 0.1111111119
73492  -29.892  -8.604  -10.512 0.2222222239
73499  -29.598  -8.134  -10.894 0.1111111119
121957  -30.350  -8.852  -10.271 0.1111111119
73501  -30.070  -8.209  -10.958 0.1111111119
75281  -19.889  -5.578  -5.864 0.4444444478
74380  -29.009  -8.061  -10.702 0.1111111119
77022  -17.902  -4.520  -4.804 0.4444444478
76188  -19.090  -5.048  -5.610 0.4444444478
77068  -21.923  -4.743  -6.312 0.4444444478
77086  -27.478  -4.982  -8.260 0.3333333433
76244  -27.691  -6.270  -10.398 0.1111111119
75355  -28.449  -6.820  -12.598 0.1111111119
77050  -21.543  -4.294  -6.224 0.4444444478
77943  -21.065  -3.803  -5.974 0.4444444478
77944  -21.952  -3.889  -6.092 0.4444444478
77051  -22.474  -4.519  -6.209 0.4444444478
77946  -24.226  -4.035  -5.649 0.4444444478
77053  -24.671  -4.686  -5.916 0.4444444478
77054  -25.657  -4.653  -6.000 0.4444444478
131940  -27.131  -4.199  -6.961 0.4444444478
134871  -27.375  -4.334  -7.774 0.2222222239
129398  -27.514  -4.131  -8.675 0.2222222239
125415  -27.545  -4.367  -9.882 0.2222222239
77108  -27.546  -5.396  -10.715 0.2222222239
128560  -26.531  -0.807  -10.126 0.1111111119
78895  -27.047  -2.348  -11.216 0.1111111119
125340  -27.380  -4.813  -12.360 0.1111111119
133768  -18.493  -3.166  -5.113 0.4444444478
77930  -18.954  -2.948  -5.322 0.4444444478
77941  -19.630  -3.530  -5.582 0.4444444478
78858  -22.492  -3.331  -5.616 0.4444444478
78860  -25.030  -3.122  -5.298 0.4444444478
77947  -25.574  -3.903  -5.677 0.4444444478
77960  -26.481  -4.099  -6.215 0.4444444478
131093  -25.553  -2.108  -5.411 0.3333333433
77969  -26.983  -3.252  -6.923 0.3333333433
78873  -27.368  -2.778  -7.897 0.1111111119
120945  -27.483  -3.287  -8.483 0.1111111119
78889  -27.404  -2.961  -9.821 0.1111111119
130017  -27.442  -3.693  -10.372 0.1111111119
78896  -27.300  -3.028  -10.802 0.1111111119
77929  -17.663  -3.012  -4.390 0.2222222239
78856  -20.593  -3.188  -5.618 0.3333333433
78857  -21.451  -3.307  -5.684 0.3333333433
78859  -23.713  -3.272  -5.361 0.3333333433
78861  -26.040  -2.846  -5.614 0.4444444478
79775  -26.334  -1.766  -5.911 0.2222222239
78866  -26.578  -2.562  -6.399 0.2222222239
78872  -26.952  -2.282  -7.253 0.2222222239
78880  -27.231  -1.937  -8.147 0.1111111119
80671  -26.553  -1.042  -6.616 0.1111111119
79778  -26.634  -1.838  -6.718 0.1111111119
79781  -26.774  -1.468  -7.462 0.1111111119
79805  -27.246  -2.172  -9.954 0.1111111119
80673  -26.512  -0.630  -7.583 0.1111111119
79787  -26.739  -1.072  -8.517 0.1111111119
79788  -27.203  -1.770  -8.987 0.1111111119
78854  -19.353  -2.767  -5.397 0.3333333433
78840  -20.103  -2.337  -5.207 0.3333333433
79758  -19.548  -1.293  -4.497 0.3333333433
79759  -20.476  -1.612  -4.547 0.3333333433
78842  -21.979  -2.626  -5.114 0.3333333433
78843  -23.145  -2.498  -5.066 0.3333333433
139650  -25.212  -1.643  -5.249 0.2222222239
127482  -26.349  -0.765  -5.895 0.1111111119
80679  -26.453  -0.468  -9.405 0.1111111119
81503  -25.493  0.528  -9.877 0.1111111119
80633  -19.028  0.863  -3.073 0.1111111119
80649  -21.011  -0.970  -3.993 0.2222222239
80650  -21.966  -0.910  -4.028 0.2222222239
79761  -22.560  -1.745  -4.585 0.3333333433
80651  -23.133  -0.729  -4.286 0.2222222239
79762  -23.754  -1.486  -4.746 0.3333333433
80652  -24.375  -0.425  -4.574 0.2222222239
80653  -25.356  -0.374  -5.152 0.1111111119
81483  -25.789  0.367  -5.458 0.1111111119
80669  -26.298  -0.008  -5.883 0.1111111119
81492  -26.315  0.320  -6.509 0.1111111119
128195  -26.439  -0.311  -6.891 0.1111111119
81496  -26.228  0.186  -7.450 0.1111111119
81495  -25.836  0.802  -8.111 0.1111111119
81500  -26.255  -0.013  -8.513 0.1111111119
80686  -26.114  -0.074  -10.245 0.1111111119
80687  -26.361  -0.858  -10.909 0.1111111119
80629  -20.175  1.009  -3.221 0.1111111119
81456  -21.054  1.134  -3.067 0.1111111119
80634  -21.208  0.155  -3.512 0.1111111119
81457  -21.944  0.753  -3.081 0.1111111119
81459  -24.128  0.833  -3.746 0.1111111119
81466  -23.639  0.120  -3.995 0.1111111119
81467  -24.444  0.380  -4.306 0.1111111119
129665  -25.096  0.329  -4.790 0.1111111119
83236  -25.564  2.064  -5.750 0.1111111119
82331  -26.149  0.984  -6.284 0.1111111119
82330  -25.829  1.643  -6.473 0.1111111119
81491  -26.018  1.026  -7.084 0.1111111119
82298  -22.554  1.304  -2.759 0.1111111119
82300  -24.511  1.575  -3.794 0.1111111119
121673  -24.859  1.752  -4.503 0.1111111119
83219  -24.522  2.229  -3.100 0.1111111119
82294  -23.618  2.341  -2.517 0.1111111119
69660  -31.804  -12.698  -5.864 0.1111111119
69661  -31.863  -12.033  -5.207 0.1111111119
70625  -31.942  -11.350  -4.506 0.1111111119
72618  -31.803  -9.824  -8.226 0.1111111119
120382  -31.424  -9.226  -8.884 0.1111111119
74390  -29.695  -7.843  -11.321 0.1111111119
77023  -18.745  -4.431  -5.422 0.4444444478
77085  -27.216  -4.922  -7.218 0.4444444478
77098  -27.601  -5.152  -9.412 0.2222222239
76251  -27.828  -6.419  -11.802 0.1111111119
75347  -28.866  -7.280  -12.121 0.1111111119
77987  -27.442  -4.609  -11.117 0.2222222239
78881  -27.434  -2.586  -8.902 0.1111111119
78902  -27.113  -3.234  -11.960 0.1111111119
79796  -26.859  -1.280  -9.579 0.1111111119
81458  -23.089  0.741  -3.389 0.1111111119
83253  -25.498  2.363  -6.398 0.1111111119
132001  -24.743  2.383  -4.079 0.1111111119
127989  -32.043  -11.732  -3.695 0.1111111119
72624  -31.308  -9.824  -9.191 0.2222222239
72630  -30.096  -9.252  -9.952 0.2222222239
74389  -29.413  -7.691  -11.461 0.1111111119
76167  -18.541  -5.197  -5.203 0.4444444478
131479  -19.606  -4.093  -5.631 0.4444444478
77945  -22.999  -4.001  -5.910 0.4444444478
77948  -26.429  -3.371  -6.062 0.4444444478
81452  -21.570  1.318  -2.532 0.1111111119
82293  -22.241  1.741  -2.228 0.1111111119
82299  -23.732  1.506  -3.061 0.1111111119
123033  -31.892  -12.434  -3.810 0.1111111119
136484  -31.900  -14.491  -5.383 0.1111111119
134920  -31.804  -13.844  -4.497 0.1111111119
70616  -32.258  -11.542  -2.857 0.1111111119
69644  -32.079  -12.142  -3.156 0.1111111119
71640  -31.874  -10.582  -4.293 0.1111111119
71639  -31.747  -10.011  -4.833 0.1111111119
134319  -31.555  -9.072  -5.197 0.1111111119
72602  -31.839  -9.918  -6.008 0.1111111119
73480  -31.553  -8.978  -7.907 0.1111111119
136613  -31.725  -9.326  -7.341 0.1111111119
140088  -31.339  -8.594  -8.413 0.1111111119
74372  -30.680  -7.793  -9.446 0.1111111119
74381  -30.254  -8.088  -10.765 0.1111111119
75279  -18.928  -5.917  -5.431 0.4444444478
75348  -29.387  -7.348  -11.797 0.1111111119
75364  -28.426  -6.461  -13.160 0.1111111119
75357  -28.999  -6.901  -12.643 0.1111111119
124011  -18.218  -3.758  -5.082 0.4444444478
77940  -19.051  -3.779  -5.492 0.4444444478
76271  -28.140  -5.472  -13.990 0.1111111119
77998  -27.539  -4.758  -13.501 0.1111111119
78837  -18.097  -2.279  -4.651 0.2222222239
78838  -18.805  -2.062  -5.002 0.3333333433
79756  -18.086  -1.233  -4.137 0.2222222239
79757  -18.776  -1.144  -4.322 0.2222222239
78901  -26.853  -2.542  -12.422 0.1111111119
79740  -17.856  0.085  -3.501 0.1111111119
79812  -26.710  -1.638  -11.598 0.1111111119
80696  -26.450  -0.800  -11.864 0.1111111119
80632  -18.149  0.990  -3.054 0.1111111119
81446  -17.975  2.425  -0.559 0.1111111119
81451  -20.662  1.489  -2.694 0.1111111119
82289  -21.607  1.664  -2.158 0.1111111119
81507  -25.246  0.469  -10.750 0.1111111119
82290  -22.416  2.079  -1.716 0.1111111119
83266  -25.385  2.108  -7.221 0.1111111119
82343  -24.837  1.983  -8.485 0.1111111119
82351  -24.505  1.781  -9.335 0.1111111119
82356  -24.324  1.508  -10.195 0.1111111119
83213  -22.816  2.299  -2.075 0.1111111119
83235  -24.775  3.038  -4.877 0.1111111119
84218  -24.594  3.614  -6.571 0.1111111119
140201  -24.790  3.172  -4.059 0.1111111119
75346  -28.251  -7.034  -11.513 0.1111111119
77072  -26.434  -4.936  -6.389 0.4444444478
73500  -29.923  -8.083  -11.084 0.2222222239
77942  -20.326  -3.696  -5.753 0.4444444478
126690  -31.967  -11.189  -6.279 0.1111111119
71647  -31.883  -10.785  -4.959 0.1111111119
73487  -30.939  -9.118  -9.721 0.1111111119
73493  -30.464  -8.537  -10.312 0.1111111119
74398  -29.241  -7.186  -12.024 0.1111111119
75356  -28.793  -6.803  -12.767 0.1111111119
77970  -27.376  -3.631  -7.775 0.2222222239
77981  -27.501  -3.471  -9.307 0.1111111119
77118  -27.566  -5.647  -12.088 0.1111111119
79804  -26.812  -1.507  -10.548 0.1111111119
77131  -27.957  -5.578  -13.921 0.1111111119
77125  -27.752  -5.724  -13.281 0.1111111119
77993  -27.317  -3.883  -11.500 0.2222222239
78841  -20.964  -2.553  -5.192 0.3333333433
78839  -19.392  -2.122  -5.132 0.3333333433
79763  -24.859  -1.199  -5.045 0.2222222239
79774  -25.763  -1.149  -5.482 0.1111111119
135057  -26.454  -0.350  -6.294 0.1111111119
80678  -26.099  0.210  -9.434 0.1111111119
81499  -25.713  0.714  -9.056 0.1111111119
82352  -24.996  1.116  -9.584 0.1111111119
80628  -18.026  1.637  -2.761 0.1111111119
133767  -19.392  1.476  -2.779 0.1111111119
79742  -20.017  -0.313  -3.680 0.1111111119
80668  -25.989  -0.359  -5.592 0.1111111119
82319  -25.861  1.208  -5.712 0.1111111119
82344  -25.280  1.379  -8.762 0.1111111119
80635  -22.488  0.027  -3.716 0.1111111119
82304  -24.828  1.037  -4.457 0.1111111119
83223  -25.269  1.553  -5.087 0.1111111119
82305  -25.402  0.916  -5.093 0.1111111119
139720  -25.704  1.581  -7.135 0.1111111119
140251  -25.081  2.062  -7.886 0.1111111119
82337  -25.472  1.570  -7.820 0.1111111119
125840  -22.957  1.855  -2.515 0.1111111119
83222  -25.019  2.288  -5.039 0.1111111119
84219  -25.224  2.971  -5.857 0.1111111119
76259  -27.960  -6.403  -12.820 0.1111111119
133030  -27.227  -4.058  -12.533 0.1111111119
78908  -27.070  -3.572  -13.310 0.1111111119
83252  -25.036  2.860  -6.902 0.1111111119
71628  -32.100  -10.839  -3.501 0.1111111119
73486  -31.081  -8.588  -9.275 0.1111111119
75337  -30.266  -7.391  -10.063 0.1111111119
76265  -28.231  -6.077  -13.613 0.1111111119
78003  -27.587  -4.159  -14.232 0.1111111119
79741  -18.798  -0.068  -3.668 0.1111111119
134826  -17.088  0.107  -1.427 0.1111111119
79818  -26.589  -1.703  -12.753 0.1111111119
83265  -24.569  2.504  -7.947 0.1111111119
85171  -24.060  4.370  -6.291 0.1111111119
51743  -24.256  -31.876  3.836 0.2222222239
63140  -22.108  -19.644  -1.712 0.2222222239
64094  -21.945  -18.816  -2.027 0.2222222239
124919  -22.816  -21.824  -0.294 0.3333333433
63153  -22.378  -19.260  -2.390 0.4444444478
75262  -17.991  -6.177  -4.020 0.3333333433
76152  -17.474  -5.684  -3.303 0.2222222239
77911  -16.911  -2.995  -3.086 0.1111111119
71632  -18.662  -10.608  -3.583 0.2222222239
70608  -19.265  -11.071  -3.585 0.1111111119
62211  -22.371  -20.410  -1.371 0.2222222239
70607  -18.473  -10.855  -3.335 0.1111111119
122045  -17.741  -8.698  -2.633 0.1111111119
138281  -17.412  -7.677  -1.953 0.1111111119
127416  -16.878  -5.311  -1.704 0.1111111119
77896  -16.892  -3.789  -2.383 0.1111111119
78836  -17.151  -2.246  -3.659 0.1111111119
117028  -17.637  -6.641  -3.223 0.2222222239
117027  -17.330  -7.010  -2.300 0.1111111119
60357  -22.654  -22.110  0.337 0.2222222239
62199  -22.300  -20.724  -0.637 0.2222222239
66017  -21.116  -15.866  -2.968 0.2222222239
76166  -17.863  -5.398  -4.394 0.3333333433
77002  -17.274  -4.692  -3.319 0.3333333433
122896  -17.320  -3.780  -3.945 0.1111111119
117019  -17.124  -6.036  -2.245 0.1111111119
117522  -17.115  -5.232  -2.415 0.1111111119
117022  -16.510  -7.398  -0.308 0.1111111119
117024  -15.653  -6.046  0.106 0.1111111119
76135  -17.130  -5.258  -0.159 0.1111111119
76988  -16.874  -5.054  -1.634 0.1111111119
119728  -16.981  -6.533  -1.786 0.1111111119
50919  -24.598  -32.455  4.103 0.1111111119
50920  -25.248  -32.566  4.400 0.1111111119
51727  -22.822  -31.832  5.095 0.1111111119
51755  -23.516  -31.195  3.891 0.1111111119
53456  -22.508  -29.386  3.822 0.1111111119
53457  -23.308  -29.712  3.341 0.1111111119
60341  -22.525  -22.486  1.088 0.1111111119
67834  -20.447  -13.355  -3.732 0.2222222239
68681  -19.720  -12.916  -2.835 0.2222222239
51742  -22.843  -31.143  4.550 0.1111111119
64107  -21.753  -17.956  -2.313 0.1111111119
50918  -23.995  -32.569  4.351 0.1111111119
50064  -24.483  -32.979  4.539 0.1111111119
50921  -26.118  -32.207  4.869 0.1111111119
126661  -22.264  -31.078  5.297 0.1111111119
52558  -22.277  -30.440  4.802 0.1111111119
53446  -22.158  -29.718  4.480 0.1111111119
54302  -22.123  -28.572  3.875 0.1111111119
123891  -22.261  -27.880  3.382 0.1111111119
56325  -22.238  -26.169  2.747 0.1111111119
60325  -22.454  -22.585  1.869 0.1111111119
126617  -22.482  -21.863  0.711 0.1111111119
63123  -21.930  -19.313  -1.447 0.1111111119
68682  -19.991  -13.527  -2.065 0.2222222239
69623  -19.961  -12.735  -2.035 0.2222222239
69622  -19.359  -12.245  -2.308 0.1111111119
50063  -23.889  -33.238  4.818 0.1111111119
67835  -20.072  -14.295  -2.134 0.2222222239
55216  -22.347  -27.082  2.860 0.1111111119
59391  -22.525  -23.129  1.712 0.1111111119
52572  -22.848  -30.339  3.985 0.1111111119
63124  -22.109  -20.044  -1.079 0.1111111119
51728  -23.468  -31.883  4.406 0.1111111119
50903  -23.407  -32.579  4.903 0.1111111119
129937  -22.445  -22.120  1.273 0.1111111119
131497  -22.001  -29.067  4.320 0.1111111119
61305  -22.482  -21.439  -0.013 0.1111111119
69608  -19.528  -12.052  -1.829 0.1111111119
69607  -18.518  -11.784  -1.618 0.1111111119
71618  -17.838  -10.597  -2.910 0.1111111119
71607  -17.824  -10.757  -2.833 0.1111111119
72578  -17.594  -10.122  -2.620 0.1111111119
73444  -17.892  -9.463  -3.032 0.1111111119
67872  -25.389  -14.301  -6.622 1.0000000000
69606  -18.545  -11.925  -2.065 0.1111111119
71659  -23.053  -9.869  -6.827 0.7777777910
72568  -17.477  -10.019  -2.351 0.1111111119
72590  -18.861  -10.089  -4.087 0.4444444478
72601  -19.528  -9.411  -5.101 0.5555555820
74351  -21.269  -7.486  -6.523 0.6666666865
75292  -20.560  -5.533  -6.167 0.5555555820
75298  -25.572  -6.038  -6.552 0.6666666865
76190  -20.051  -4.982  -5.855 0.5555555820
76209  -24.794  -5.639  -6.376 0.5555555820
76994  -16.939  -4.632  -1.970 0.1111111119
77047  -19.341  -4.451  -5.616 0.4444444478
77049  -20.107  -4.130  -5.765 0.5555555820
77052  -23.537  -4.650  -6.022 0.4444444478
78855  -19.888  -2.984  -5.540 0.3333333433
79735  -17.504  0.919  -2.187 0.1111111119
79760  -21.468  -1.841  -4.510 0.3333333433
79773  -24.477  -2.203  -5.116 0.2222222239
81484  -26.214  0.616  -5.922 0.1111111119
117020  -15.916  -6.445  -0.403 0.1111111119
117021  -16.800  -5.966  -1.686 0.1111111119
117025  -17.614  -8.637  -2.239 0.1111111119
117026  -16.369  -5.775  0.427 0.1111111119
117306  -17.161  -7.209  -1.848 0.1111111119
120946  -20.914  -6.546  -6.424 0.6666666865
123204  -16.190  -5.272  -0.381 0.1111111119
128432  -25.517  -9.072  -7.214 0.6666666865
129662  -24.183  -18.480  -4.242 1.0000000000
134054  -24.921  -28.458  1.699 0.3333333433
135966  -25.355  -17.582  -5.433 1.0000000000
137636  -25.691  -18.961  -4.670 1.0000000000
138575  -22.075  -8.147  -6.618 0.6666666865
138594  -16.900  -7.407  -0.193 0.1111111119
138850  -21.715  -8.842  -6.562 0.6666666865
139477  -29.280  -21.839  -1.402 0.1111111119
141729  -22.439  -22.475  1.867 0.1111111119
