#!ascii label  , from subject sub-fsm02cd vox2ras=TkReg
1032
127527  -24.073  -18.269  9.323 0.4285714328
52947  -24.535  -17.440  8.179 0.2857142985
117885  -24.022  -17.940  8.283 0.4285714328
52948  -25.156  -17.035  8.621 0.4285714328
53865  -25.878  -16.555  9.058 0.4285714328
53891  -25.070  -16.377  7.281 0.2857142985
127158  -25.511  -16.494  8.098 0.4285714328
53881  -26.246  -16.006  8.432 0.4285714328
130844  -25.207  -15.442  6.455 0.4285714328
54698  -25.674  -15.217  6.580 0.4285714328
126247  -25.867  -14.149  5.861 0.4285714328
56315  -26.156  -13.610  5.596 0.4285714328
57236  -25.390  -12.540  4.957 0.5714285970
57226  -25.701  -13.169  5.191 0.5714285970
56316  -26.778  -13.307  5.903 0.4285714328
57228  -27.070  -12.590  5.632 0.2857142985
128847  -26.350  -12.473  4.571 0.7142857313
57238  -26.876  -12.304  4.787 0.7142857313
59028  -27.418  -11.235  3.795 0.7142857313
59017  -27.535  -11.117  4.935 0.4285714328
58127  -26.617  -12.006  4.039 0.7142857313
58128  -27.164  -11.751  4.321 0.5714285970
130590  -27.941  -10.013  3.793 0.5714285970
59042  -27.228  -11.272  3.076 0.5714285970
60009  -27.679  -10.694  3.173 0.5714285970
60010  -28.072  -9.854  3.094 0.5714285970
61049  -28.419  -8.921  3.482 0.5714285970
59049  -27.343  -10.703  2.695 0.5714285970
62057  -28.547  -8.301  4.496 0.4285714328
62074  -28.776  -8.720  2.503 0.5714285970
62075  -29.019  -7.568  3.232 0.5714285970
60027  -28.205  -9.487  1.623 0.7142857313
62084  -29.473  -8.192  1.862 0.7142857313
62960  -30.239  -7.708  1.272 0.7142857313
62945  -29.597  -6.796  2.701 0.5714285970
61071  -28.536  -9.402  1.660 0.5714285970
61069  -26.869  -9.628  2.223 0.5714285970
62091  -29.319  -8.904  0.669 0.8571428657
63823  -30.378  -6.518  1.744 0.7142857313
62090  -28.692  -8.931  0.706 0.7142857313
61083  -27.689  -8.909  1.319 0.5714285970
64636  -31.579  -5.895  0.694 0.7142857313
64620  -30.703  -5.343  1.951 0.5714285970
62092  -29.837  -8.552  0.829 0.7142857313
62969  -30.890  -7.288  0.598 0.7142857313
64637  -32.216  -5.410  0.335 0.5714285970
62968  -30.423  -7.963  0.405 0.7142857313
65483  -32.269  -4.370  1.070 0.5714285970
62982  -30.459  -7.887  0.089 0.5714285970
62983  -31.002  -7.403  0.039 0.7142857313
63839  -32.106  -6.251  -0.116 0.7142857313
65499  -32.839  -4.313  -0.294 0.7142857313
64638  -32.627  -4.944  0.055 0.7142857313
63846  -30.604  -6.207  -0.520 0.7142857313
63860  -32.173  -5.937  -0.400 0.7142857313
64646  -32.534  -5.115  -0.587 0.7142857313
116805  -32.948  -3.595  -0.659 0.7142857313
63859  -31.597  -5.882  -0.732 0.7142857313
63845  -29.456  -6.409  -0.139 0.5714285970
66457  -33.158  -2.222  -0.685 0.5714285970
67324  -33.253  -1.568  -0.695 0.5714285970
64660  -31.151  -4.972  -1.110 0.8571428657
64659  -30.306  -5.032  -0.769 0.8571428657
67323  -32.846  -2.056  -1.502 0.7142857313
66466  -32.363  -2.443  -1.945 0.7142857313
65510  -31.381  -4.418  -1.254 0.8571428657
66455  -32.397  -3.428  -1.450 0.7142857313
123418  -31.752  -0.529  -2.897 0.8571428657
125666  -32.530  -1.013  -2.378 0.5714285970
67334  -32.014  -1.733  -2.364 0.8571428657
67333  -31.217  -1.616  -2.121 0.8571428657
66454  -31.209  -3.417  -1.481 0.8571428657
67322  -31.741  -2.539  -1.974 0.8571428657
69248  -31.114  0.013  -2.404 0.8571428657
70193  -31.398  0.625  -3.082 0.8571428657
72050  -31.075  2.330  -2.423 0.8571428657
68292  -31.735  -1.127  -2.560 0.8571428657
126182  -30.991  0.913  -1.917 0.8571428657
71120  -31.051  1.706  -0.752 1.0000000000
71121  -31.117  1.583  -2.105 1.0000000000
72038  -31.145  2.531  -0.990 1.0000000000
70192  -30.809  0.836  -1.013 1.0000000000
112520  -31.095  3.416  -0.181 1.0000000000
73770  -29.615  4.546  1.412 0.7142857313
72019  -30.354  2.711  0.806 1.0000000000
72916  -30.724  4.174  0.540 1.0000000000
118662  -29.303  7.860  1.819 1.0000000000
76305  -28.594  8.142  2.069 0.8571428657
77184  -28.820  9.785  2.376 0.8571428657
120015  -28.709  9.037  2.302 1.0000000000
79598  -29.081  12.679  2.237 0.8571428657
78785  -28.543  12.002  2.397 0.8571428657
78794  -28.963  11.181  2.392 1.0000000000
81185  -28.704  14.843  1.884 0.8571428657
81186  -29.618  14.768  1.609 0.8571428657
81983  -28.399  15.674  1.675 0.7142857313
81183  -27.154  14.834  1.566 0.5714285970
82776  -27.325  17.002  1.141 0.7142857313
83493  -28.296  17.145  1.295 0.5714285970
82774  -25.396  16.394  0.200 0.5714285970
81991  -25.898  15.674  0.621 0.5714285970
82787  -24.831  16.942  -0.216 0.4285714328
84842  -25.736  18.974  -0.042 0.4285714328
84843  -26.651  19.153  0.244 0.4285714328
84219  -23.565  18.510  -0.275 0.2857142985
84220  -23.984  18.558  -0.666 0.2857142985
84841  -23.436  19.258  0.297 0.2857142985
53879  -24.769  -16.955  7.740 0.2857142985
61061  -28.359  -9.438  2.514 0.5714285970
119477  -31.121  -6.519  0.934 0.5714285970
68276  -32.921  -1.295  -1.627 0.5714285970
66456  -32.821  -2.772  -1.105 0.7142857313
68293  -32.130  -0.921  -2.740 0.8571428657
68305  -32.130  -0.220  -3.361 0.8571428657
69249  -31.841  0.040  -3.460 0.8571428657
71134  -31.348  1.255  -3.649 0.8571428657
118703  -29.688  5.547  1.433 0.8571428657
84830  -24.187  20.100  2.940 0.1428571492
52959  -24.016  -17.488  7.462 0.2857142985
126118  -24.647  -16.174  6.758 0.2857142985
54683  -25.960  -15.399  7.134 0.4285714328
54699  -26.431  -14.791  6.902 0.4285714328
54697  -24.642  -15.578  6.451 0.2857142985
56314  -25.398  -13.725  5.625 0.4285714328
54682  -25.305  -15.771  6.822 0.4285714328
55480  -27.068  -14.081  6.951 0.4285714328
128352  -25.949  -12.750  4.758 0.5714285970
58116  -27.282  -11.855  5.312 0.4285714328
58125  -25.253  -11.792  4.609 0.2857142985
58141  -27.076  -11.613  3.565 0.7142857313
59041  -26.826  -11.086  2.851 0.5714285970
62058  -28.971  -7.468  4.527 0.4285714328
60016  -26.864  -10.402  2.534 0.7142857313
60017  -27.586  -10.014  2.240 0.7142857313
117786  -26.806  -8.768  2.003 0.5714285970
61084  -28.319  -9.325  1.213 0.5714285970
64621  -31.505  -4.774  1.510 0.5714285970
63847  -31.649  -6.676  -0.132 0.7142857313
63838  -31.548  -6.831  0.115 0.7142857313
65484  -32.776  -3.931  0.608 0.5714285970
62981  -29.932  -7.827  -0.073 0.8571428657
65511  -32.175  -4.398  -1.271 0.7142857313
68294  -32.461  -0.451  -2.841 0.5714285970
68274  -30.285  -1.101  -1.161 1.0000000000
70170  -30.353  0.929  -0.029 1.0000000000
72906  -30.193  4.014  1.100 0.8571428657
118816  -28.914  5.797  1.734 0.7142857313
74629  -30.009  6.428  1.309 1.0000000000
74638  -30.387  6.475  0.747 1.0000000000
75479  -28.906  7.288  1.907 0.7142857313
74627  -28.305  6.503  1.826 0.7142857313
76306  -29.364  8.562  1.919 0.8571428657
78014  -29.304  10.391  2.190 1.0000000000
77185  -29.492  9.491  1.959 1.0000000000
118171  -27.942  15.104  1.788 0.7142857313
84208  -25.612  18.165  0.047 0.7142857313
81191  -26.240  14.908  1.076 0.5714285970
82775  -26.393  16.563  0.744 0.7142857313
83502  -26.580  17.705  0.623 0.7142857313
82773  -24.602  16.292  -0.251 0.4285714328
84853  -24.982  19.457  -0.594 0.4285714328
84209  -27.141  18.504  0.583 0.4285714328
84854  -25.995  19.694  -0.290 0.4285714328
84851  -23.802  19.289  -0.585 0.2857142985
130253  -24.444  19.771  -0.940 0.4285714328
59040  -26.050  -11.110  3.388 0.4285714328
60008  -26.070  -10.393  3.071 0.4285714328
84221  -24.758  18.705  -0.464 0.4285714328
83501  -25.570  17.264  0.178 0.7142857313
52935  -24.679  -17.571  9.030 0.4285714328
52946  -23.423  -17.948  7.878 0.2857142985
52936  -25.481  -17.194  9.560 0.4285714328
53890  -24.316  -16.742  7.023 0.2857142985
53880  -25.781  -15.886  7.600 0.4285714328
120401  -25.173  -15.061  6.208 0.2857142985
56301  -25.852  -14.672  6.212 0.4285714328
56302  -26.467  -14.049  6.243 0.4285714328
55492  -25.210  -14.398  5.932 0.4285714328
57225  -24.777  -13.009  5.516 0.4285714328
57227  -26.445  -12.926  5.162 0.4285714328
58140  -26.726  -11.525  3.347 0.5714285970
119400  -27.721  -10.269  2.623 0.5714285970
60018  -28.063  -9.799  2.202 0.5714285970
116042  -28.666  -8.106  3.696 0.4285714328
61072  -29.208  -9.119  1.194 0.7142857313
61070  -27.696  -9.483  1.694 0.7142857313
61085  -28.794  -9.279  1.079 0.7142857313
131186  -29.352  -8.771  0.468 0.5714285970
64645  -32.402  -5.675  -0.245 0.7142857313
62104  -29.251  -8.302  0.310 0.7142857313
111141  -30.797  -7.360  -0.160 0.8571428657
65512  -32.730  -4.277  -0.882 0.7142857313
67335  -32.410  -1.636  -2.212 0.8571428657
68275  -31.111  -0.745  -2.119 0.8571428657
67321  -30.613  -2.196  -1.484 0.8571428657
125380  -30.093  3.366  1.105 1.0000000000
80390  -28.754  13.454  2.152 0.8571428657
81184  -27.916  14.431  1.953 0.8571428657
81982  -27.548  15.653  1.510 0.7142857313
82767  -27.928  16.375  1.472 0.7142857313
82766  -27.179  16.258  1.249 0.5714285970
83516  -24.620  17.766  -0.399 0.4285714328
129098  -26.361  18.517  0.341 0.4285714328
84207  -23.260  18.377  0.401 0.2857142985
132272  -23.982  20.225  2.340 0.1428571492
58126  -25.988  -11.732  3.859 0.2857142985
74628  -29.300  6.487  1.673 1.0000000000
86969  -26.225  22.753  -2.520 0.2857142985
86975  -23.238  22.703  -4.224 0.1428571492
86186  -25.895  21.222  -1.175 0.2857142985
86205  -23.444  22.003  -2.921 0.1428571492
125038  -22.989  22.761  -4.228 0.1428571492
85489  -24.121  20.146  -1.200 0.1428571492
86185  -25.278  20.803  -1.181 0.2857142985
86194  -23.754  21.544  -2.179 0.1428571492
86198  -28.373  21.606  -1.513 0.2857142985
86187  -26.881  21.223  -0.896 0.2857142985
112801  -30.185  17.022  -2.072 0.2857142985
84857  -29.634  19.342  -0.517 0.2857142985
86974  -23.153  22.357  -3.437 0.1428571492
85491  -26.285  20.529  -0.608 0.2857142985
82777  -30.023  17.487  0.488 0.2857142985
86188  -27.970  21.130  -0.861 0.2857142985
113330  -30.541  14.765  -0.922 0.1428571492
84213  -30.215  18.003  -0.034 0.2857142985
84856  -28.894  19.697  -0.095 0.2857142985
86204  -23.440  21.961  -2.777 0.1428571492
85482  -28.017  19.887  0.116 0.2857142985
85492  -27.492  20.516  -0.402 0.2857142985
79645  -28.220  12.066  -4.347 0.1428571492
132560  -29.410  13.488  -3.145 0.1428571492
82788  -30.492  16.665  -0.407 0.4285714328
84211  -28.901  18.486  0.575 0.2857142985
78816  -30.228  11.356  -1.290 0.2857142985
81192  -30.462  14.448  0.535 0.4285714328
131466  -30.032  16.769  0.816 0.2857142985
77236  -28.809  9.510  -3.196 0.1428571492
79631  -30.372  13.197  -1.438 0.2857142985
82770  -30.223  16.087  0.705 0.4285714328
115325  -30.389  12.925  1.082 0.5714285970
81985  -29.998  15.438  1.188 0.7142857313
122122  -28.990  8.657  -3.021 0.1428571492
131211  -29.596  10.174  -2.136 0.1428571492
81187  -30.206  14.608  1.174 0.7142857313
82768  -28.863  16.397  1.491 0.4285714328
79620  -30.478  11.878  0.099 0.4285714328
129044  -28.936  6.893  -3.756 0.2857142985
75509  -29.743  8.001  -1.956 0.7142857313
80399  -30.142  13.189  1.535 0.7142857313
76307  -29.951  8.822  1.452 0.8571428657
77209  -30.380  9.691  0.233 0.8571428657
79612  -30.331  11.896  1.129 0.5714285970
74674  -28.747  5.839  -4.978 0.2857142985
78803  -30.401  11.124  0.475 0.7142857313
126959  -27.445  12.179  2.255 0.5714285970
113558  -29.776  11.247  1.832 0.8571428657
73818  -29.491  5.249  -5.653 0.1428571492
113404  -30.219  8.192  -1.139 0.7142857313
131878  -29.994  4.840  -5.756 0.1428571492
69221  -27.736  0.380  1.042 0.5714285970
71097  -29.742  2.096  1.071 0.8571428657
72018  -29.562  2.916  1.282 0.8571428657
71096  -28.819  2.353  1.384 0.4285714328
72905  -29.527  3.708  1.376 0.5714285970
75480  -29.639  7.234  1.565 0.8571428657
73802  -30.520  5.154  -1.414 0.8571428657
76320  -30.346  7.994  0.591 0.8571428657
73819  -30.004  4.578  -5.371 0.2857142985
74659  -30.295  6.507  -1.422 0.8571428657
75500  -30.403  7.692  -0.462 0.8571428657
78015  -29.888  10.334  1.562 0.8571428657
73828  -31.629  4.172  -5.661 0.4285714328
122955  -29.779  5.558  -3.112 0.7142857313
75510  -30.163  7.289  -1.511 0.7142857313
125436  -26.171  0.167  1.054 0.2857142985
70169  -29.379  0.824  0.711 0.5714285970
128900  -28.355  0.937  1.139 0.5714285970
128879  -31.058  2.614  0.031 0.8571428657
73780  -30.667  5.009  0.415 0.8571428657
119714  -30.577  5.836  0.209 0.8571428657
74649  -30.512  6.010  -0.791 0.8571428657
124983  -30.538  6.497  0.003 0.8571428657
72954  -30.775  3.749  -5.505 0.4285714328
73808  -30.232  4.794  -2.750 0.8571428657
121605  -30.202  5.768  -1.930 0.8571428657
131424  -31.823  2.991  -5.851 0.4285714328
116228  -27.798  -4.585  0.870 0.7142857313
65496  -27.514  -3.424  1.067 0.4285714328
64643  -28.576  -5.182  0.226 0.7142857313
66437  -29.265  -2.918  -0.138 0.8571428657
67303  -28.479  -2.168  0.446 0.5714285970
112621  -27.629  -0.844  0.795 0.5714285970
111420  -26.788  -0.983  0.975 0.4285714328
67320  -29.879  -1.757  -0.678 0.8571428657
68258  -28.532  -1.192  0.465 0.5714285970
69223  -29.778  0.270  0.108 0.7142857313
69222  -28.817  0.171  0.655 0.5714285970
72058  -31.071  2.009  -4.148 0.7142857313
72049  -30.773  3.156  -2.796 0.7142857313
72938  -30.677  4.242  -1.768 0.8571428657
72956  -33.086  3.349  -3.636 0.2857142985
72068  -32.440  2.494  -5.466 0.4285714328
72077  -32.077  2.487  -5.795 0.5714285970
62967  -28.232  -7.650  0.622 0.4285714328
63837  -27.716  -6.376  0.841 0.4285714328
64642  -26.870  -3.995  1.368 0.4285714328
65509  -30.301  -3.875  -0.859 0.7142857313
66453  -30.037  -2.654  -0.759 0.7142857313
70208  -32.505  0.681  -4.136 0.7142857313
72059  -33.232  2.557  -3.202 0.2857142985
71144  -32.954  1.419  -3.988 0.5714285970
69274  -32.200  0.813  -4.385 0.5714285970
62089  -27.542  -7.800  1.219 0.4285714328
62966  -26.657  -6.779  1.666 0.5714285970
63844  -28.185  -5.764  0.496 0.5714285970
68295  -32.948  -0.518  -1.831 0.4285714328
70194  -32.935  0.848  -3.215 0.4285714328
71135  -33.256  1.851  -2.544 0.4285714328
60015  -26.048  -9.613  2.836 0.5714285970
64609  -31.214  -4.430  2.714 0.4285714328
65466  -31.818  -3.898  2.205 0.4285714328
123208  -33.517  -1.226  0.129 0.4285714328
66439  -33.193  -2.768  -0.192 0.4285714328
69224  -33.593  0.242  0.205 0.4285714328
68277  -33.358  -0.663  -0.561 0.4285714328
119039  -27.450  -13.413  7.045 0.1428571492
66420  -33.129  -3.054  1.278 0.4285714328
66421  -33.433  -2.453  0.915 0.4285714328
114624  -33.650  -1.485  0.941 0.4285714328
58102  -27.500  -12.016  6.291 0.1428571492
59007  -27.654  -11.151  6.005 0.1428571492
61033  -28.537  -8.595  5.328 0.2857142985
63798  -31.190  -4.833  4.456 0.2857142985
65443  -33.541  -3.105  4.423 0.2857142985
65452  -31.919  -3.803  3.465 0.2857142985
63796  -29.814  -6.104  3.765 0.4285714328
65454  -33.602  -2.616  3.539 0.2857142985
64608  -30.701  -4.924  3.376 0.2857142985
66411  -33.861  -2.251  2.743 0.2857142985
66410  -33.084  -2.790  2.545 0.4285714328
57218  -27.858  -12.318  7.123 0.1428571492
59008  -28.206  -10.507  6.584 0.2857142985
59962  -28.419  -9.682  6.309 0.2857142985
62040  -30.193  -7.140  5.910 0.2857142985
63786  -30.580  -5.884  5.170 0.2857142985
62932  -30.025  -6.217  4.696 0.2857142985
62919  -29.665  -6.839  5.116 0.2857142985
58103  -27.980  -11.380  6.872 0.1428571492
59963  -29.337  -9.192  6.763 0.2857142985
58988  -28.677  -10.846  7.312 0.2857142985
61012  -29.595  -8.441  6.431 0.2857142985
130067  -28.826  -9.395  6.589 0.2857142985
129910  -29.527  -7.975  6.055 0.2857142985
55472  -27.217  -14.617  7.637 0.1428571492
56289  -27.699  -13.918  7.592 0.1428571492
51987  -24.506  -18.418  10.464 0.2857142985
51986  -23.696  -18.811  10.005 0.2857142985
54671  -26.600  -15.347  7.813 0.2857142985
51988  -25.396  -18.130  10.908 0.1428571492
51098  -23.427  -19.309  10.459 0.2857142985
51080  -23.656  -19.601  11.235 0.1428571492
59940  -28.918  -9.895  7.049 0.2857142985
62019  -30.051  -7.804  6.267 0.2857142985
110553  -31.154  -5.386  5.197 0.2857142985
64601  -31.875  -4.252  4.473 0.2857142985
63808  -30.123  -5.768  2.927 0.4285714328
121769  -32.377  -3.372  2.751 0.2857142985
125548  -34.322  -1.756  2.914 0.2857142985
66436  -28.440  -3.156  0.480 0.7142857313
67288  -33.992  -1.837  1.927 0.4285714328
125072  -28.931  -0.552  0.408 0.5714285970
67305  -33.419  -1.964  0.091 0.4285714328
69251  -33.007  0.314  -2.256 0.4285714328
121129  -33.241  1.251  -1.991 0.2857142985
71157  -32.851  2.172  -4.708 0.5714285970
78013  -28.423  10.435  2.452 0.7142857313
72057  -30.787  3.049  -4.497 0.7142857313
80398  -27.268  13.942  1.834 0.4285714328
116836  -27.372  13.134  2.018 0.5714285970
72960  -32.118  3.229  -5.710 0.2857142985
76332  -30.393  8.488  -0.302 0.8571428657
78786  -29.410  11.933  2.188 0.8571428657
75516  -29.567  7.164  -2.614 0.5714285970
84210  -28.048  18.534  0.676 0.2857142985
78040  -29.815  10.685  -1.838 0.4285714328
127140  -30.430  11.863  -0.714 0.4285714328
86966  -23.331  22.169  -2.427 0.1428571492
82005  -30.499  15.517  -1.239 0.2857142985
81209  -30.277  13.956  -1.968 0.1428571492
85501  -28.878  20.890  -1.050 0.2857142985
52000  -24.961  -17.786  10.009 0.1428571492
52010  -23.397  -18.413  8.560 0.2857142985
53866  -26.683  -16.195  9.246 0.1428571492
130921  -27.647  -12.915  7.085 0.1428571492
58080  -28.509  -11.725  7.519 0.1428571492
58081  -29.331  -11.344  7.858 0.1428571492
59983  -28.217  -9.441  5.451 0.2857142985
61011  -28.737  -8.894  6.191 0.2857142985
62039  -29.437  -7.560  5.602 0.2857142985
62921  -31.215  -6.145  5.814 0.2857142985
64588  -31.814  -4.795  5.195 0.2857142985
125973  -27.362  -6.858  1.168 0.5714285970
62931  -29.397  -6.723  4.038 0.2857142985
64634  -26.167  -4.296  1.590 0.2857142985
66401  -34.256  -2.167  3.564 0.2857142985
67281  -34.585  -1.213  3.096 0.2857142985
65497  -28.458  -4.209  0.383 0.7142857313
65498  -29.280  -4.005  -0.224 0.5714285970
67301  -26.639  -1.740  1.070 0.4285714328
66435  -27.589  -2.405  0.930 0.5714285970
69220  -26.724  0.614  1.121 0.2857142985
117202  -27.038  -0.202  0.988 0.5714285970
68246  -34.015  -0.916  1.571 0.2857142985
66438  -33.084  -3.413  0.228 0.4285714328
70168  -27.319  1.161  1.224 0.2857142985
69209  -33.956  0.333  1.207 0.1428571492
116824  -33.526  0.900  -0.153 0.4285714328
69236  -33.298  0.244  -0.901 0.4285714328
71108  -33.583  2.542  -0.020 0.1428571492
72927  -30.899  4.329  -0.464 0.8571428657
71122  -33.432  2.109  -1.051 0.1428571492
71143  -32.454  1.264  -4.759 0.5714285970
72955  -32.696  3.211  -4.816 0.2857142985
72076  -31.518  2.816  -5.652 0.5714285970
125271  -29.840  4.780  -4.021 0.7142857313
115328  -30.343  8.884  0.611 0.8571428657
74683  -31.194  4.879  -5.702 0.2857142985
122570  -30.613  4.633  -5.889 0.1428571492
84852  -24.128  19.420  -0.858 0.2857142985
73807  -29.473  5.289  -4.485 0.4285714328
73826  -30.567  4.445  -5.881 0.4285714328
74680  -28.707  5.857  -6.052 0.1428571492
77218  -30.253  9.714  -0.825 0.5714285970
74679  -27.992  6.095  -5.879 0.1428571492
76349  -29.237  7.881  -2.863 0.1428571492
86193  -23.646  21.632  -2.173 0.1428571492
78810  -30.420  11.206  -0.457 0.5714285970
122843  -28.304  8.485  -3.949 0.1428571492
78060  -29.305  10.472  -2.600 0.1428571492
118795  -30.501  16.003  0.120 0.2857142985
81199  -30.560  14.259  -0.280 0.2857142985
79625  -30.275  12.219  -1.376 0.2857142985
78829  -29.097  11.357  -3.079 0.1428571492
79634  -28.869  12.182  -3.569 0.1428571492
121431  -29.221  12.946  -3.331 0.1428571492
82796  -30.468  16.445  -1.230 0.2857142985
82013  -30.152  16.097  -2.151 0.2857142985
82012  -29.872  15.339  -2.555 0.1428571492
81221  -29.475  14.729  -3.072 0.1428571492
53850  -27.276  -16.935  10.375 0.1428571492
56269  -28.429  -13.769  8.150 0.1428571492
64589  -32.508  -4.238  5.141 0.2857142985
125791  -33.178  4.044  -2.984 0.2857142985
80436  -28.711  14.108  -4.034 0.1428571492
82804  -29.625  16.859  -2.989 0.2857142985
51999  -23.358  -18.788  9.193 0.2857142985
52937  -26.442  -16.853  9.983 0.1428571492
54656  -27.018  -15.637  8.722 0.1428571492
56303  -27.048  -13.580  6.496 0.1428571492
57217  -27.350  -12.897  6.503 0.1428571492
59996  -27.831  -10.286  4.481 0.4285714328
59982  -27.911  -10.311  5.671 0.2857142985
119350  -28.204  -9.293  4.354 0.2857142985
62980  -28.792  -7.101  0.230 0.4285714328
64644  -29.357  -5.142  -0.260 0.7142857313
71107  -30.611  1.825  0.296 0.8571428657
69235  -30.492  -0.050  -0.986 0.8571428657
110129  -30.990  3.358  -1.314 0.8571428657
73771  -30.244  4.824  1.079 0.8571428657
79597  -28.193  12.849  2.250 0.5714285970
81178  -29.991  13.978  1.623 0.7142857313
82769  -29.693  16.255  1.200 0.5714285970
83503  -27.651  17.825  0.952 0.2857142985
83505  -29.330  17.885  0.743 0.2857142985
84855  -27.027  19.869  0.003 0.2857142985
69250  -32.508  0.104  -3.522 0.4285714328
62038  -28.813  -7.939  5.207 0.2857142985
65467  -32.519  -3.483  1.750 0.4285714328
75490  -30.445  7.148  0.268 0.8571428657
77196  -30.155  9.590  1.198 0.8571428657
85490  -25.043  20.167  -0.883 0.2857142985
84844  -27.561  19.210  0.384 0.2857142985
86196  -25.990  21.887  -1.642 0.2857142985
86968  -24.551  22.305  -2.827 0.1428571492
86195  -24.638  21.477  -1.824 0.2857142985
86197  -27.268  21.852  -1.478 0.2857142985
85500  -24.321  20.817  -1.464 0.1428571492
83524  -30.422  17.417  -1.139 0.2857142985
85494  -29.311  20.140  -0.729 0.2857142985
84222  -29.963  18.607  -0.289 0.2857142985
84212  -29.666  18.269  0.305 0.2857142985
83517  -30.391  17.413  -0.222 0.2857142985
82778  -30.356  16.741  0.281 0.2857142985
85493  -28.481  20.403  -0.439 0.2857142985
82000  -30.541  15.190  -0.190 0.2857142985
131459  -30.319  15.423  -1.940 0.1428571492
81208  -30.019  14.521  -2.415 0.1428571492
84845  -28.456  19.159  0.346 0.2857142985
80428  -28.618  13.113  -4.085 0.1428571492
125499  -30.078  13.340  -2.197 0.1428571492
80429  -29.245  14.081  -3.398 0.1428571492
78815  -29.737  11.587  -2.156 0.1428571492
80400  -30.359  13.796  1.118 0.5714285970
80408  -30.529  13.476  0.370 0.4285714328
81992  -30.352  15.297  0.631 0.5714285970
78059  -28.635  10.375  -3.480 0.1428571492
77226  -29.435  9.547  -2.358 0.1428571492
80414  -30.535  13.537  -0.584 0.2857142985
79635  -29.449  12.304  -2.830 0.2857142985
121741  -30.506  12.672  -0.448 0.4285714328
121722  -30.482  12.561  0.499 0.5714285970
79605  -30.182  12.500  1.479 0.7142857313
120276  -29.882  9.258  -1.636 0.4285714328
78041  -30.249  10.568  -1.059 0.5714285970
125589  -30.385  9.144  -0.277 0.7142857313
78023  -30.303  10.357  0.804 0.7142857313
74665  -29.385  6.213  -3.501 0.5714285970
70156  -29.018  1.516  1.198 0.5714285970
71095  -27.868  2.671  1.402 0.4285714328
70155  -28.017  1.745  1.348 0.4285714328
127700  -30.727  4.753  -0.986 0.8571428657
72944  -30.253  4.038  -4.278 0.4285714328
74666  -29.884  6.435  -2.313 0.8571428657
123116  -30.464  3.858  -3.140 0.7142857313
64635  -27.135  -5.127  1.249 0.5714285970
67304  -29.283  -1.933  -0.052 0.7142857313
67302  -27.633  -1.534  0.810 0.5714285970
120557  -28.122  -0.354  0.755 0.5714285970
112136  -25.855  -1.165  1.029 0.2857142985
68259  -29.466  -1.128  -0.078 0.7142857313
69234  -29.668  -0.380  -0.104 0.8571428657
71155  -31.897  1.340  -4.895 0.5714285970
72067  -31.448  2.096  -5.204 0.7142857313
63836  -26.818  -5.959  1.467 0.5714285970
72051  -33.414  2.889  -1.726 0.2857142985
131105  -34.013  -0.312  1.389 0.4285714328
118011  -33.545  -2.409  1.888 0.4285714328
61034  -29.049  -8.174  5.849 0.2857142985
113694  -31.342  -4.414  3.743 0.2857142985
63797  -30.442  -5.512  4.288 0.2857142985
65453  -32.809  -3.156  3.590 0.2857142985
56290  -28.036  -13.097  7.572 0.1428571492
62920  -30.390  -6.469  5.502 0.2857142985
51971  -25.003  -18.837  11.408 0.1428571492
51099  -24.078  -18.984  10.935 0.1428571492
51989  -26.178  -17.959  11.160 0.1428571492
112080  -33.338  1.116  -0.992 0.2857142985
86959  -23.629  21.755  -1.689 0.1428571492
52919  -25.875  -17.535  10.469 0.1428571492
130848  -27.296  -16.411  9.804 0.1428571492
86183  -23.819  21.145  -1.392 0.1428571492
78011  -26.558  10.525  2.063 0.5714285970
121610  -26.038  8.830  1.643 0.4285714328
77181  -26.290  9.739  1.865 0.4285714328
120947  -27.028  9.889  2.323 0.5714285970
76303  -26.980  8.393  1.903 0.4285714328
77183  -27.905  9.625  2.425 0.5714285970
78012  -27.450  10.488  2.433 0.4285714328
74637  -27.138  6.048  1.515 0.4285714328
75478  -28.027  7.420  1.936 0.4285714328
75488  -25.993  7.405  1.399 0.4285714328
75489  -26.974  7.580  1.729 0.5714285970
76304  -27.832  8.720  2.253 0.5714285970
72904  -28.755  4.145  1.546 0.5714285970
65444  -34.416  -2.798  4.750 0.1428571492
66388  -34.127  -2.548  4.134 0.1428571492
66389  -34.727  -2.189  4.321 0.1428571492
58115  -24.517  -12.065  5.233 0.2857142985
65442  -32.605  -3.659  4.438 0.1428571492
65415  -35.110  -3.794  6.194 0.1428571492
64591  -34.462  -3.843  5.720 0.1428571492
65429  -35.426  -2.979  6.154 0.1428571492
65428  -34.877  -3.112  5.453 0.1428571492
66364  -35.551  -2.435  6.828 0.1428571492
63787  -32.603  -4.974  5.685 0.1428571492
63775  -33.487  -5.130  6.063 0.1428571492
64572  -34.036  -4.481  5.888 0.1428571492
64559  -35.669  -4.232  7.329 0.1428571492
64573  -34.697  -4.397  6.146 0.1428571492
66322  -36.264  -2.544  9.793 0.1428571492
65390  -35.617  -3.151  8.037 0.1428571492
66321  -35.999  -1.855  9.256 0.1428571492
56312  -24.023  -13.217  5.960 0.2857142985
57216  -23.300  -12.999  6.183 0.2857142985
62020  -30.937  -7.594  6.428 0.1428571492
62907  -31.714  -6.988  6.354 0.1428571492
63773  -32.044  -6.248  6.174 0.1428571492
63776  -34.480  -5.153  6.326 0.1428571492
127455  -33.374  -6.560  6.353 0.1428571492
63777  -35.228  -4.760  6.568 0.1428571492
62909  -33.862  -5.949  6.377 0.1428571492
118583  -35.814  -4.805  7.567 0.1428571492
63727  -35.988  -5.276  9.153 0.1428571492
116229  -36.263  -3.977  10.104 0.1428571492
64533  -35.710  -3.741  8.660 0.1428571492
56300  -23.742  -13.813  6.281 0.2857142985
56299  -22.967  -13.546  6.635 0.2857142985
55471  -23.336  -14.585  6.714 0.2857142985
59964  -30.183  -8.967  6.958 0.1428571492
61000  -31.812  -8.975  7.036 0.1428571492
123955  -31.801  -7.828  6.559 0.1428571492
62021  -32.614  -7.705  6.461 0.1428571492
62910  -34.919  -6.073  6.464 0.1428571492
62908  -32.634  -6.770  6.343 0.1428571492
62911  -36.190  -6.270  7.014 0.1428571492
63741  -35.941  -5.047  8.223 0.1428571492
63758  -36.025  -5.518  7.442 0.1428571492
65352  -37.281  -3.192  10.624 0.1428571492
65340  -36.780  -3.945  10.617 0.1428571492
59941  -29.847  -9.639  7.302 0.1428571492
60999  -30.999  -8.889  7.065 0.1428571492
123848  -30.611  -9.407  7.307 0.1428571492
59965  -32.629  -9.197  6.735 0.1428571492
59943  -32.065  -9.659  7.288 0.1428571492
122899  -34.267  -7.669  6.190 0.1428571492
121151  -32.227  -8.442  6.673 0.1428571492
62023  -35.092  -7.060  6.321 0.1428571492
128660  -33.406  -7.943  6.329 0.1428571492
120226  -35.761  -6.558  6.599 0.1428571492
110122  -36.181  -6.108  9.420 0.1428571492
63759  -36.270  -6.224  7.728 0.1428571492
64515  -36.512  -4.673  10.469 0.1428571492
63714  -36.281  -5.503  10.157 0.1428571492
58977  -31.083  -10.777  8.192 0.1428571492
59944  -32.650  -10.004  7.038 0.1428571492
58991  -31.571  -10.180  7.690 0.1428571492
122268  -33.332  -9.038  6.291 0.1428571492
61017  -36.074  -7.948  5.903 0.1428571492
61035  -35.270  -8.749  5.427 0.1428571492
62025  -36.253  -7.667  6.381 0.1428571492
62011  -36.466  -7.518  7.168 0.1428571492
62024  -35.858  -7.351  6.277 0.1428571492
62912  -36.244  -6.998  6.731 0.1428571492
58084  -33.258  -11.164  7.193 0.1428571492
58992  -32.688  -10.675  7.407 0.1428571492
58978  -32.035  -10.828  8.019 0.1428571492
59018  -34.353  -9.996  5.371 0.1428571492
59009  -33.699  -10.232  5.948 0.1428571492
59967  -34.102  -9.233  5.747 0.1428571492
61998  -36.406  -7.485  8.204 0.1428571492
61001  -36.497  -8.189  6.767 0.1428571492
59966  -33.219  -9.723  6.411 0.1428571492
61015  -33.783  -8.462  6.157 0.1428571492
114192  -34.144  -6.775  6.355 0.1428571492
62041  -30.871  -6.816  6.113 0.1428571492
64503  -37.154  -4.625  11.011 0.1428571492
66323  -37.894  -2.499  10.457 0.1428571492
127135  -36.075  -4.669  9.708 0.1428571492
110623  -35.726  -4.854  6.992 0.1428571492
64547  -35.745  -4.362  8.042 0.1428571492
65426  -33.236  -3.733  5.107 0.1428571492
66374  -34.918  -2.504  4.955 0.1428571492
54696  -23.918  -15.442  6.550 0.2857142985
62882  -36.279  -6.705  8.614 0.1428571492
62844  -36.347  -6.325  10.217 0.1428571492
65341  -37.631  -3.969  10.895 0.1428571492
65353  -38.482  -3.376  10.570 0.1428571492
73768  -28.105  5.508  1.670 0.4285714328
66307  -36.944  -2.313  10.335 0.1428571492
65374  -36.019  -3.391  9.578 0.1428571492
66343  -35.639  -2.334  8.325 0.1428571492
67274  -34.665  -1.654  3.673 0.1428571492
78791  -25.984  11.377  1.677 0.4285714328
79603  -26.669  12.739  1.801 0.4285714328
82810  -29.124  16.815  -3.975 0.1428571492
78792  -26.953  11.299  2.280 0.4285714328
55479  -24.365  -14.702  6.243 0.2857142985
83529  -29.775  17.515  -2.891 0.1428571492
61013  -30.544  -8.341  6.651 0.1428571492
58990  -30.602  -10.115  7.684 0.1428571492
58989  -29.562  -10.460  7.589 0.1428571492
125152  -31.923  -5.546  5.744 0.1428571492
68236  -34.340  -1.111  2.382 0.1428571492
119564  -34.286  -0.201  2.007 0.1428571492
63788  -33.248  -4.396  5.581 0.1428571492
131205  -35.418  -3.565  6.532 0.1428571492
64590  -33.791  -3.954  5.495 0.1428571492
65402  -35.604  -3.388  7.062 0.1428571492
66375  -35.247  -2.430  5.415 0.1428571492
111454  -35.518  -2.072  6.000 0.1428571492
66353  -35.583  -2.686  7.531 0.1428571492
63774  -32.821  -5.875  6.185 0.1428571492
132181  -35.635  -3.793  7.788 0.1428571492
129404  -35.129  -5.414  6.524 0.1428571492
65373  -35.758  -2.837  8.981 0.1428571492
62022  -33.399  -7.264  6.357 0.1428571492
111065  -35.657  -5.636  6.789 0.1428571492
128401  -33.008  -8.493  6.443 0.1428571492
63742  -36.156  -5.810  8.434 0.1428571492
62042  -35.449  -7.943  5.865 0.1428571492
61016  -34.589  -8.383  5.825 0.1428571492
58993  -33.168  -10.484  6.749 0.1428571492
61018  -36.344  -8.307  5.948 0.1428571492
60990  -36.461  -8.203  7.840 0.1428571492
50069  -22.159  -20.040  9.768 0.1428571492
51110  -22.951  -19.368  9.570 0.1428571492
51108  -21.906  -19.849  9.425 0.1428571492
51109  -22.348  -19.411  9.255 0.1428571492
51998  -22.854  -18.952  8.833 0.1428571492
52009  -22.825  -18.319  8.317 0.1428571492
52958  -23.387  -17.404  7.451 0.1428571492
53877  -22.248  -16.850  8.174 0.1428571492
54670  -22.392  -15.988  7.825 0.1428571492
53906  -24.030  -16.196  6.660 0.1428571492
54681  -23.205  -15.831  7.018 0.1428571492
121906  -22.702  -14.786  7.241 0.1428571492
56287  -21.816  -13.412  7.464 0.1428571492
114739  -22.546  -12.703  6.501 0.1428571492
57223  -22.897  -12.173  5.968 0.2857142985
57224  -23.796  -12.495  5.729 0.1428571492
59027  -25.198  -11.023  4.198 0.2857142985
62081  -25.079  -7.979  2.909 0.4285714328
62083  -26.701  -7.778  1.843 0.4285714328
72016  -27.808  3.692  1.438 0.2857142985
73779  -27.242  5.058  1.391 0.2857142985
72903  -28.018  4.623  1.554 0.2857142985
76316  -24.154  8.770  0.503 0.2857142985
77195  -25.363  9.635  1.405 0.2857142985
77180  -25.680  10.439  1.594 0.4285714328
58113  -22.469  -11.454  5.743 0.1428571492
58114  -23.385  -11.543  5.405 0.2857142985
52944  -22.171  -17.758  8.511 0.1428571492
55470  -21.955  -14.376  7.719 0.1428571492
56298  -22.362  -13.199  6.995 0.1428571492
58101  -21.985  -11.814  6.270 0.1428571492
59016  -22.473  -10.844  5.329 0.2857142985
58124  -24.298  -11.234  4.783 0.2857142985
59026  -23.257  -10.678  4.816 0.2857142985
59995  -24.150  -10.451  4.286 0.2857142985
59039  -25.070  -10.245  3.695 0.2857142985
60007  -25.337  -9.681  3.276 0.4285714328
61060  -25.006  -8.854  3.152 0.4285714328
72027  -26.404  3.555  0.842 0.2857142985
72915  -27.310  4.309  1.329 0.2857142985
72913  -25.749  4.789  0.619 0.2857142985
73778  -26.366  5.354  1.076 0.2857142985
74625  -26.538  6.809  1.452 0.2857142985
76317  -24.700  8.059  0.656 0.2857142985
75498  -23.384  7.610  -0.245 0.2857142985
114545  -24.972  8.824  1.100 0.2857142985
72028  -27.018  3.046  1.243 0.2857142985
72914  -26.563  4.442  1.004 0.2857142985
71105  -26.224  2.734  0.793 0.2857142985
73777  -25.571  5.606  0.621 0.2857142985
74635  -24.594  6.599  0.266 0.2857142985
112627  -26.085  6.146  1.114 0.2857142985
131378  -25.799  6.774  1.107 0.2857142985
75499  -24.284  7.389  0.262 0.2857142985
76319  -26.273  8.048  1.602 0.2857142985
73790  -24.960  4.984  0.236 0.2857142985
73789  -24.313  5.208  -0.274 0.2857142985
73776  -24.808  5.814  0.231 0.2857142985
61068  -25.946  -8.746  2.624 0.4285714328
53889  -23.636  -16.871  7.025 0.1428571492
52945  -22.867  -17.599  7.852 0.1428571492
76318  -25.494  8.054  1.261 0.2857142985
75487  -25.196  7.241  0.736 0.2857142985
56288  -22.556  -13.959  7.172 0.1428571492
52008  -22.179  -18.728  8.901 0.1428571492
53878  -22.975  -16.870  7.414 0.1428571492
54680  -22.413  -15.213  7.588 0.1428571492
54669  -21.753  -15.185  8.107 0.1428571492
60006  -24.457  -9.416  3.540 0.4285714328
120973  -24.148  6.026  -0.249 0.2857142985
62959  -25.773  -6.722  2.325 0.2857142985
121703  -26.243  -5.103  1.788 0.2857142985
86214  -30.182  21.444  -4.652 0.1428571492
85522  -30.420  20.472  -5.312 0.1428571492
85511  -30.204  20.421  -3.135 0.1428571492
85503  -30.163  20.028  -2.129 0.1428571492
84236  -30.105  18.706  -2.531 0.1428571492
128461  -30.342  21.897  -5.729 0.1428571492
87741  -27.549  23.626  -4.040 0.1428571492
62965  -26.058  -5.831  2.050 0.2857142985
63835  -25.591  -5.167  2.018 0.2857142985
83537  -29.724  18.250  -3.339 0.1428571492
84876  -30.069  19.816  -4.466 0.1428571492
84229  -30.281  18.354  -1.504 0.1428571492
84871  -30.156  19.577  -2.931 0.1428571492
84858  -30.200  18.877  -1.005 0.1428571492
86199  -29.210  21.301  -1.762 0.1428571492
84865  -30.210  19.184  -1.860 0.1428571492
86979  -29.014  22.380  -3.138 0.1428571492
86978  -28.168  22.836  -2.943 0.1428571492
86976  -25.774  23.428  -3.754 0.1428571492
86970  -27.699  22.456  -2.134 0.1428571492
84864  -29.922  19.668  -1.279 0.1428571492
85502  -29.598  20.501  -1.483 0.1428571492
62082  -25.873  -7.806  2.461 0.2857142985
86208  -30.004  21.214  -3.285 0.1428571492
86985  -29.855  22.199  -4.992 0.1428571492
85517  -30.264  20.753  -4.137 0.1428571492
85510  -29.848  20.882  -2.301 0.1428571492
86207  -29.456  21.630  -2.617 0.1428571492
86988  -30.230  22.467  -6.437 0.1428571492
86206  -28.726  22.036  -2.239 0.1428571492
84244  -29.824  19.089  -3.863 0.1428571492
72925  -24.359  3.788  -0.361 0.1428571492
72026  -25.629  3.347  0.485 0.1428571492
72926  -25.093  4.086  0.227 0.1428571492
74648  -23.844  6.763  -0.201 0.1428571492
75507  -20.951  7.483  -1.536 0.1428571492
76340  -21.704  8.106  -1.114 0.1428571492
74647  -23.044  6.736  -0.690 0.1428571492
76329  -21.265  9.011  -1.084 0.1428571492
77208  -22.650  9.263  -0.338 0.1428571492
77207  -21.769  9.618  -0.761 0.2857142985
66434  -26.542  -2.547  1.185 0.2857142985
110279  -25.656  -2.741  1.178 0.1428571492
112522  -25.070  0.768  0.613 0.1428571492
70167  -26.344  1.331  1.068 0.1428571492
71104  -25.368  2.455  0.413 0.1428571492
121790  -32.397  4.174  -4.802 0.1428571492
72924  -23.804  4.496  -0.678 0.1428571492
76331  -23.983  8.074  0.250 0.1428571492
77194  -24.401  9.695  0.766 0.1428571492
119363  -23.003  9.978  -0.127 0.1428571492
120000  -22.354  10.169  -0.502 0.2857142985
78801  -24.339  11.733  0.526 0.2857142985
81198  -23.896  14.430  -0.330 0.2857142985
81197  -23.140  14.885  -0.531 0.2857142985
82786  -23.877  16.123  -0.510 0.2857142985
85488  -23.897  20.170  -1.093 0.1428571492
84201  -23.374  18.956  1.381 0.1428571492
78022  -25.052  11.087  1.172 0.2857142985
116408  -23.597  11.173  0.124 0.2857142985
78802  -25.204  11.972  1.094 0.2857142985
81182  -26.508  14.119  1.439 0.2857142985
126518  -24.649  13.182  0.371 0.2857142985
79619  -23.923  13.547  -0.165 0.2857142985
114920  -25.472  14.937  0.531 0.2857142985
80413  -23.166  14.007  -0.518 0.2857142985
81990  -25.080  15.637  0.124 0.2857142985
83515  -23.788  17.823  -0.515 0.1428571492
110994  -22.464  15.256  -0.296 0.2857142985
85480  -23.630  19.946  -0.229 0.1428571492
84836  -24.045  20.542  1.664 0.1428571492
80412  -22.347  13.721  -0.501 0.1428571492
80411  -21.593  13.570  -0.163 0.1428571492
118683  -21.402  10.564  -0.733 0.2857142985
82785  -23.387  16.631  -0.478 0.1428571492
82784  -22.876  16.417  -0.288 0.2857142985
116142  -23.324  17.799  -0.125 0.1428571492
82772  -22.620  16.533  0.259 0.1428571492
77206  -19.936  9.960  -0.949 0.2857142985
81987  -21.937  15.300  0.686 0.1428571492
83489  -23.243  17.789  2.504 0.1428571492
82765  -22.526  16.489  1.171 0.1428571492
77191  -17.107  9.684  1.113 0.1428571492
73820  -32.103  5.192  -4.601 0.1428571492
72946  -33.330  3.730  -2.326 0.1428571492
69219  -25.337  0.035  0.804 0.1428571492
112774  -24.925  1.698  0.293 0.1428571492
73809  -32.650  4.960  -3.822 0.1428571492
71103  -24.587  2.380  -0.031 0.1428571492
72937  -23.043  4.083  -1.066 0.1428571492
73801  -23.031  4.964  -1.090 0.1428571492
73788  -23.604  5.442  -0.660 0.1428571492
74658  -21.471  6.611  -1.493 0.1428571492
76328  -20.418  9.196  -1.243 0.1428571492
76330  -23.353  8.571  0.008 0.1428571492
121713  -20.842  9.863  -0.990 0.2857142985
78800  -23.488  12.062  -0.188 0.1428571492
79610  -24.037  12.674  0.103 0.2857142985
79618  -23.144  13.025  -0.523 0.1428571492
81980  -22.258  15.769  1.388 0.1428571492
125815  -22.163  15.460  0.130 0.2857142985
81988  -22.288  15.930  0.547 0.1428571492
83499  -22.801  17.191  0.788 0.1428571492
83492  -23.135  17.990  1.393 0.1428571492
72945  -32.909  4.271  -3.600 0.1428571492
115373  -25.762  14.212  0.938 0.2857142985
81989  -24.408  15.652  -0.267 0.2857142985
110461  -24.097  16.970  -0.541 0.2857142985
83500  -23.053  17.716  0.396 0.1428571492
85474  -23.588  20.045  0.743 0.1428571492
119358  -26.600  11.982  1.900 0.2857142985
118106  -26.054  -0.460  1.042 0.1428571492
68257  -25.334  -0.676  0.861 0.1428571492
80397  -26.747  13.455  1.706 0.2857142985
71106  -26.937  2.067  1.233 0.1428571492
116712  -33.467  3.818  -1.061 0.1428571492
79602  -25.939  12.368  1.477 0.2857142985
115080  -24.944  10.308  1.173 0.1428571492
72025  -24.827  3.164  0.100 0.1428571492
73787  -22.843  5.870  -1.043 0.1428571492
72036  -23.679  3.522  -0.758 0.1428571492
72037  -24.186  2.968  -0.399 0.1428571492
74646  -22.272  6.622  -1.185 0.1428571492
75508  -21.775  7.241  -1.273 0.1428571492
116002  -22.588  8.303  -0.539 0.1428571492
132139  -25.455  1.897  0.513 0.1428571492
117096  -22.002  8.857  -0.772 0.1428571492
77193  -23.504  9.413  0.210 0.1428571492
130350  -24.963  1.206  0.462 0.1428571492
78020  -23.601  10.285  0.255 0.2857142985
78032  -22.919  10.780  -0.312 0.2857142985
129789  -24.715  12.470  0.596 0.2857142985
78021  -24.317  10.707  0.662 0.2857142985
81999  -23.831  15.304  -0.459 0.2857142985
81190  -24.640  14.893  0.013 0.2857142985
81196  -22.402  14.502  -0.399 0.1428571492
81998  -23.091  15.821  -0.547 0.2857142985
84199  -23.491  18.674  2.354 0.1428571492
80396  -25.992  13.343  1.335 0.2857142985
80407  -25.256  13.637  0.672 0.2857142985
80406  -24.588  13.997  0.173 0.2857142985
131361  -25.158  14.326  0.448 0.2857142985
83514  -23.000  17.115  -0.084 0.1428571492
81997  -22.527  15.920  -0.148 0.2857142985
85481  -23.946  20.673  0.651 0.1428571492
78808  -22.412  11.493  -0.569 0.1428571492
78809  -22.695  12.222  -0.573 0.2857142985
83491  -22.837  17.134  1.828 0.1428571492
59015  -21.061  -10.178  5.505 0.1428571492
59025  -22.319  -10.177  4.851 0.1428571492
59981  -20.676  -9.494  5.221 0.1428571492
59991  -20.381  -8.865  4.916 0.1428571492
61047  -20.774  -8.353  4.291 0.1428571492
59993  -22.024  -9.426  4.516 0.1428571492
61057  -21.522  -8.049  3.718 0.1428571492
60004  -22.567  -9.000  4.050 0.1428571492
127997  -24.037  -9.826  3.916 0.1428571492
62071  -22.507  -7.846  3.346 0.1428571492
62072  -23.372  -8.108  3.293 0.1428571492
61059  -23.891  -8.681  3.435 0.1428571492
62073  -24.168  -8.074  3.144 0.1428571492
61056  -20.829  -7.621  3.748 0.1428571492
62079  -22.540  -7.130  2.935 0.1428571492
127777  -24.342  -7.484  2.912 0.1428571492
121209  -24.782  -6.406  2.545 0.1428571492
64633  -25.480  -4.544  1.783 0.1428571492
78030  -20.390  10.630  -0.651 0.1428571492
59994  -23.088  -9.829  4.302 0.1428571492
59006  -20.736  -10.679  5.951 0.1428571492
59014  -20.194  -9.993  5.645 0.1428571492
59992  -21.113  -9.089  4.691 0.1428571492
81189  -21.880  14.824  0.089 0.1428571492
109763  -25.018  -7.156  2.745 0.1428571492
115226  -21.763  -10.373  5.298 0.1428571492
60005  -23.480  -9.196  3.812 0.1428571492
59024  -21.468  -9.772  5.041 0.1428571492
59990  -19.856  -8.792  5.127 0.1428571492
61048  -21.652  -8.705  4.175 0.1428571492
126295  -22.209  -8.435  3.750 0.1428571492
62070  -21.610  -7.215  3.237 0.1428571492
62080  -23.430  -7.436  2.983 0.1428571492
62056  -20.226  -7.785  4.202 0.1428571492
113273  -19.973  -10.549  6.148 0.1428571492
56313  -24.588  -13.826  5.913 0.4285714328
57237  -25.936  -12.294  4.378 0.7142857313
59942  -31.316  -9.515  7.378 0.1428571492
61014  -31.405  -8.346  6.734 0.1428571492
61058  -22.984  -8.537  3.603 0.1428571492
62105  -29.824  -8.390  0.344 0.5714285970
62862  -36.261  -7.004  9.797 0.1428571492
63699  -36.822  -5.362  10.949 0.1428571492
63726  -35.818  -4.522  8.857 0.1428571492
64574  -35.487  -4.109  6.756 0.1428571492
64661  -32.040  -5.280  -0.956 0.7142857313
65351  -36.510  -3.204  10.274 0.1428571492
65427  -34.048  -3.405  5.179 0.1428571492
68260  -33.717  -0.549  0.731 0.4285714328
69265  -32.183  0.292  -3.948 0.7142857313
70166  -25.495  1.381  0.675 0.1428571492
70171  -33.589  1.730  0.050 0.4285714328
70207  -31.930  0.600  -4.084 0.5714285970
71119  -24.244  1.695  -0.160 0.1428571492
71156  -32.288  1.854  -5.402 0.4285714328
71167  -31.882  2.037  -5.552 0.5714285970
72017  -28.726  3.241  1.471 0.5714285970
72936  -22.368  4.617  -1.362 0.1428571492
72959  -31.373  3.684  -5.860 0.5714285970
73769  -28.902  5.017  1.652 0.7142857313
73791  -30.703  5.197  -0.477 0.8571428657
73827  -31.026  4.304  -6.015 0.4285714328
74626  -27.406  6.891  1.703 0.2857142985
74636  -25.369  6.379  0.626 0.2857142985
75481  -30.195  7.213  1.110 0.8571428657
75497  -22.451  7.424  -0.835 0.1428571492
76341  -29.539  8.686  -2.228 0.1428571492
76342  -30.228  8.915  -0.989 0.7142857313
77182  -27.011  9.170  2.177 0.5714285970
77216  -19.629  9.185  -1.197 0.1428571492
77217  -29.858  9.987  -1.665 0.1428571492
78033  -30.405  10.446  -0.142 0.7142857313
78793  -27.949  11.251  2.482 0.4285714328
78795  -30.185  10.988  1.193 0.7142857313
79604  -29.771  12.591  1.911 0.7142857313
79611  -25.298  12.821  0.917 0.2857142985
79630  -29.978  12.628  -2.127 0.2857142985
80389  -27.983  13.663  2.125 0.8571428657
80391  -29.548  13.319  1.947 0.7142857313
80426  -29.750  13.874  -2.687 0.1428571492
81176  -28.506  14.104  2.054 0.8571428657
81177  -29.220  14.092  1.948 0.7142857313
81201  -30.494  14.079  -1.173 0.1428571492
81981  -26.723  15.652  1.162 0.5714285970
81984  -29.277  15.580  1.574 0.7142857313
83494  -29.349  17.164  1.123 0.2857142985
83504  -28.602  17.889  0.977 0.2857142985
84223  -30.337  18.110  -0.673 0.2857142985
84846  -29.288  18.975  0.130 0.2857142985
111219  -30.558  15.967  -0.531 0.2857142985
112578  -36.389  -6.842  7.489 0.1428571492
112798  -25.912  4.083  0.605 0.2857142985
113193  -26.987  3.784  1.201 0.2857142985
115075  -29.668  13.091  -2.717 0.1428571492
116390  -30.144  17.864  -2.188 0.1428571492
118901  -30.654  3.398  0.611 1.0000000000
119810  -23.484  17.283  -0.403 0.1428571492
120118  -30.386  14.786  -1.764 0.1428571492
121034  -25.819  0.735  0.962 0.2857142985
121161  -32.213  -10.262  7.511 0.1428571492
121760  -30.457  6.880  -0.651 0.8571428657
121818  -29.980  12.016  1.768 0.7142857313
122247  -29.907  8.023  1.441 1.0000000000
124600  -30.323  5.670  1.013 0.8571428657
125274  -35.920  -4.059  9.413 0.1428571492
125870  -29.874  1.421  0.730 0.8571428657
126023  -23.520  6.182  -0.571 0.2857142985
126778  -23.067  11.543  -0.396 0.1428571492
127149  -29.065  13.526  -3.585 0.1428571492
127236  -24.493  4.505  -0.210 0.1428571492
128006  -24.051  2.308  -0.393 0.1428571492
128973  -25.969  1.994  0.762 0.1428571492
129326  -27.702  8.058  1.967 0.5714285970
129517  -28.433  -12.440  7.710 0.1428571492
130457  -30.770  1.369  -0.332 1.0000000000
130674  -37.545  -1.976  10.289 0.1428571492
131636  -30.204  8.430  1.108 0.8571428657
132565  -29.925  8.631  -1.594 0.7142857313
