#!ascii label  , from subject sub-fsm02cd vox2ras=TkReg
1159
92318  45.548  29.614  34.231 0.0000000000
120227  49.576  29.384  38.173 0.0000000000
129557  51.317  22.615  28.387 0.0000000000
91647  40.590  28.089  34.478 0.0000000000
89558  43.223  25.311  34.049 0.0000000000
94309  51.278  32.522  36.276 0.0000000000
93635  42.727  31.800  41.056 0.0000000000
113842  46.228  37.772  42.682 0.0000000000
84684  55.409  19.333  34.869 0.0000000000
117558  46.895  20.559  33.083 0.0000000000
92327  52.728  28.820  32.910 0.0000000000
91016  47.043  27.803  29.011 0.0000000000
88839  47.349  24.851  34.503 0.0000000000
86496  51.800  21.706  37.204 0.0000000000
99108  48.430  42.306  38.964 0.0000000000
95423  50.529  34.178  39.382 0.0000000000
87429  43.606  21.200  29.224 0.0000000000
92321  42.832  29.284  33.917 0.0000000000
90290  41.531  27.028  34.422 0.0000000000
91663  42.992  28.178  32.739 0.0000000000
92985  48.860  30.651  36.254 0.0000000000
92989  44.667  30.509  36.284 0.0000000000
116911  41.869  35.733  45.669 0.0000000000
118094  55.155  17.959  37.945 0.0000000000
132877  50.703  19.641  36.802 0.0000000000
83778  50.910  18.244  39.927 0.0000000000
99148  45.655  40.650  34.265 0.0000000000
117211  52.016  28.443  36.444 0.0000000000
112323  49.704  27.469  32.928 0.0000000000
90955  48.967  27.265  36.630 0.0000000000
89495  48.607  25.420  42.572 0.0000000000
87337  48.869  22.487  39.187 0.0000000000
88068  51.950  23.636  41.310 0.0000000000
87320  54.276  22.919  39.799 0.0000000000
121703  48.553  33.370  40.811 0.0000000000
96006  50.067  35.278  42.092 0.0000000000
93645  51.670  31.935  39.594 0.0000000000
92970  54.170  30.342  37.062 0.0000000000
88163  48.248  24.718  28.593 0.0000000000
88878  45.877  24.825  28.758 0.0000000000
86607  47.631  21.861  27.001 0.0000000000
88831  42.260  24.033  36.214 0.0000000000
86531  42.582  22.038  34.101 0.0000000000
96078  52.029  35.425  34.945 0.0000000000
95485  49.303  34.794  34.850 0.0000000000
92949  46.543  30.553  39.307 0.0000000000
90938  47.276  27.619  38.166 0.0000000000
98339  47.461  39.576  50.076 0.0000000000
98393  47.610  40.695  45.893 0.0000000000
95994  44.746  35.232  41.708 0.0000000000
85572  54.636  20.774  31.217 0.0000000000
85596  49.692  20.911  30.091 0.0000000000
120709  51.083  20.224  33.678 0.0000000000
84691  47.753  20.067  35.855 0.0000000000
92315  48.729  29.544  33.752 0.0000000000
92352  46.333  29.198  31.112 0.0000000000
91659  48.730  28.823  31.305 0.0000000000
89569  47.072  25.758  31.473 0.0000000000
114745  48.499  23.295  31.832 0.0000000000
129781  47.326  24.385  36.609 0.0000000000
87384  49.147  22.417  34.634 0.0000000000
87391  52.567  22.117  32.707 0.0000000000
86516  55.249  21.649  35.252 0.0000000000
85495  55.927  20.204  38.388 0.0000000000
100782  47.972  44.062  36.483 0.0000000000
98489  46.454  39.613  36.553 0.0000000000
133374  47.063  37.425  39.436 0.0000000000
96619  49.613  36.196  36.766 0.0000000000
94870  52.992  33.836  36.543 0.0000000000
92997  53.139  30.099  35.109 0.0000000000
119698  44.615  26.541  31.236 0.0000000000
132704  43.967  23.643  32.288 0.0000000000
86548  42.126  21.208  31.589 0.0000000000
110949  45.612  20.901  30.105 0.0000000000
92319  44.253  29.627  34.168 0.0000000000
92335  42.756  28.890  33.428 0.0000000000
92344  43.854  29.081  32.669 0.0000000000
92302  46.865  29.770  35.110 0.0000000000
93001  46.527  30.283  35.971 0.0000000000
92304  44.784  29.737  34.794 0.0000000000
92305  43.934  29.762  34.740 0.0000000000
82985  55.675  16.921  39.546 0.0000000000
83792  52.851  18.204  39.094 0.0000000000
82970  52.268  17.256  40.455 0.0000000000
85518  40.740  20.264  34.682 0.0000000000
91616  50.784  28.370  37.073 0.0000000000
91628  50.303  27.876  36.698 0.0000000000
90945  49.414  27.695  37.055 0.0000000000
90221  50.912  27.337  43.574 0.0000000000
88773  49.931  24.661  42.307 0.0000000000
93647  48.882  31.694  39.532 0.0000000000
94275  49.459  32.428  40.055 0.0000000000
116913  50.712  30.482  38.619 0.0000000000
92267  52.397  29.781  37.722 0.0000000000
88177  49.685  23.489  28.485 0.0000000000
88204  48.680  23.458  26.924 0.0000000000
86605  50.209  21.970  27.149 0.0000000000
90283  39.773  27.304  35.674 0.0000000000
90282  40.414  27.029  35.422 0.0000000000
89559  42.644  25.704  34.534 0.0000000000
89551  42.386  25.322  35.333 0.0000000000
88841  42.957  24.865  34.780 0.0000000000
116052  42.582  23.437  35.585 0.0000000000
128824  43.327  23.550  34.142 0.0000000000
94893  52.372  34.134  35.290 0.0000000000
95483  51.345  34.786  34.326 0.0000000000
94894  50.903  33.905  35.324 0.0000000000
92308  41.063  29.319  35.177 0.0000000000
92309  39.793  29.012  35.565 0.0000000000
93633  44.677  31.255  40.104 0.0000000000
92263  44.873  29.600  39.663 0.0000000000
123592  43.637  29.667  40.485 0.0000000000
95388  41.682  34.862  42.903 0.0000000000
96590  42.535  36.146  43.618 0.0000000000
95403  43.547  34.275  41.516 0.0000000000
94837  45.326  33.220  40.619 0.0000000000
85536  55.104  20.062  32.703 0.0000000000
118266  52.482  20.267  32.262 0.0000000000
85523  52.863  19.825  34.030 0.0000000000
114411  48.970  19.596  37.883 0.0000000000
84672  49.178  19.832  36.503 0.0000000000
84658  47.430  19.622  37.432 0.0000000000
92314  51.208  29.280  32.690 0.0000000000
92340  49.168  29.105  31.620 0.0000000000
91651  50.743  28.663  31.864 0.0000000000
119827  47.695  26.290  33.926 0.0000000000
90293  47.926  26.798  33.139 0.0000000000
120950  47.193  25.378  32.749 0.0000000000
88155  47.710  24.034  31.358 0.0000000000
88146  47.806  23.749  32.528 0.0000000000
89526  45.872  25.790  38.997 0.0000000000
89534  46.992  25.510  37.513 0.0000000000
88816  46.528  24.611  38.522 0.0000000000
87347  50.286  22.070  38.467 0.0000000000
87361  48.556  22.534  36.882 0.0000000000
86509  50.850  21.684  36.242 0.0000000000
87383  50.735  22.007  33.931 0.0000000000
86519  51.883  21.682  35.080 0.0000000000
86537  53.778  21.775  33.826 0.0000000000
86507  53.333  21.787  36.213 0.0000000000
86464  54.829  22.311  41.070 0.0000000000
86480  55.268  21.937  39.101 0.0000000000
99705  48.395  42.824  37.251 0.0000000000
111475  46.746  41.239  36.151 0.0000000000
99116  47.274  40.670  37.774 0.0000000000
97802  46.614  39.337  44.850 0.0000000000
99068  48.218  41.038  43.861 0.0000000000
97814  47.934  38.836  42.762 0.0000000000
95412  50.413  34.142  40.894 0.0000000000
96604  48.568  36.256  40.742 0.0000000000
96024  48.982  35.108  39.163 0.0000000000
96614  47.603  36.444  38.510 0.0000000000
96022  50.571  34.865  37.938 0.0000000000
96042  51.129  35.300  36.993 0.0000000000
94859  52.326  34.028  37.574 0.0000000000
91625  54.185  29.170  35.025 0.0000000000
92981  54.194  30.441  35.693 0.0000000000
92298  52.646  29.553  34.209 0.0000000000
92299  51.072  29.641  34.356 0.0000000000
91000  46.806  28.204  29.565 0.0000000000
91001  45.515  28.351  30.467 0.0000000000
90319  45.860  27.403  29.559 0.0000000000
88180  44.834  22.801  28.770 0.0000000000
110748  44.607  23.964  30.585 0.0000000000
88156  44.178  22.990  30.836 0.0000000000
112554  43.289  22.065  31.375 0.0000000000
86554  42.850  21.219  30.130 0.0000000000
85578  48.395  20.784  31.458 0.0000000000
85598  47.653  20.988  30.746 0.0000000000
85563  46.254  20.663  32.250 0.0000000000
92322  41.486  29.060  34.486 0.0000000000
90977  40.770  27.464  34.704 0.0000000000
91654  41.824  28.122  33.599 0.0000000000
90984  42.438  27.808  33.167 0.0000000000
129042  43.285  26.775  32.786 0.0000000000
93683  50.354  31.663  36.639 0.0000000000
118802  42.530  29.709  35.114 0.0000000000
83833  55.593  18.677  36.442 0.0000000000
84669  53.471  19.329  35.930 0.0000000000
83823  53.572  18.841  37.319 0.0000000000
84641  50.842  19.430  37.981 0.0000000000
91636  53.454  28.516  34.250 0.0000000000
90972  51.933  27.852  32.870 0.0000000000
90962  51.549  27.598  34.227 0.0000000000
90974  49.412  27.218  34.444 0.0000000000
90288  47.851  26.306  34.830 0.0000000000
89500  47.216  24.894  41.839 0.0000000000
88101  47.496  23.277  39.669 0.0000000000
88071  48.911  23.548  41.133 0.0000000000
88087  50.389  23.054  40.695 0.0000000000
87335  51.437  22.447  39.452 0.0000000000
87345  53.026  22.330  38.528 0.0000000000
88084  53.693  23.361  40.574 0.0000000000
88065  54.349  23.464  41.374 0.0000000000
131380  54.860  22.995  43.276 0.0000000000
99673  47.950  42.438  40.092 0.0000000000
95992  47.530  35.625  42.105 0.0000000000
130322  48.843  36.747  42.449 0.0000000000
95399  49.394  34.874  42.240 0.0000000000
94833  50.313  33.869  41.258 0.0000000000
94846  51.246  33.097  40.151 0.0000000000
94288  52.395  32.794  38.923 0.0000000000
111544  53.121  30.908  38.548 0.0000000000
92278  53.078  29.179  36.769 0.0000000000
89592  47.258  26.674  28.874 0.0000000000
89601  46.875  26.538  28.600 0.0000000000
88890  47.083  24.859  27.750 0.0000000000
88207  46.133  22.815  27.393 0.0000000000
86593  45.076  21.581  28.194 0.0000000000
84703  45.020  19.931  34.717 0.0000000000
85545  45.234  20.383  33.310 0.0000000000
88119  40.784  23.743  37.728 0.0000000000
89552  41.638  25.704  35.825 0.0000000000
88832  41.737  24.437  36.632 0.0000000000
88118  41.282  23.337  37.286 0.0000000000
87378  41.707  22.038  36.211 0.0000000000
86522  41.611  21.419  35.543 0.0000000000
115721  41.404  20.884  34.664 0.0000000000
96652  51.460  36.246  34.279 0.0000000000
113889  49.959  35.060  34.001 0.0000000000
92271  47.816  29.876  38.722 0.0000000000
91606  48.353  28.631  38.111 0.0000000000
92272  46.747  29.101  38.786 0.0000000000
121261  46.016  27.733  38.904 0.0000000000
90242  44.848  26.392  40.302 0.0000000000
89498  45.918  25.709  41.933 0.0000000000
90228  47.346  26.272  42.734 0.0000000000
129053  47.461  40.582  47.805 0.0000000000
97783  46.894  39.036  46.851 0.0000000000
97221  45.136  38.131  44.877 0.0000000000
96594  45.552  36.979  42.517 0.0000000000
124292  46.045  33.968  40.968 0.0000000000
94277  47.542  32.154  39.904 0.0000000000
86573  53.776  21.561  29.804 0.0000000000
86576  51.262  21.452  28.218 0.0000000000
85594  51.856  20.569  29.776 0.0000000000
112259  50.885  20.479  31.717 0.0000000000
85541  49.124  20.462  33.567 0.0000000000
84701  51.034  20.035  34.686 0.0000000000
85513  49.148  20.223  35.045 0.0000000000
85515  47.278  20.209  35.143 0.0000000000
92316  47.412  29.547  33.914 0.0000000000
124500  45.817  29.417  32.069 0.0000000000
92342  46.987  29.389  31.739 0.0000000000
92351  47.328  29.048  30.923 0.0000000000
122509  47.304  28.004  30.192 0.0000000000
90982  49.978  28.175  31.953 0.0000000000
110803  47.461  27.567  31.222 0.0000000000
90310  47.160  26.898  30.740 0.0000000000
88863  47.557  25.545  29.268 0.0000000000
127908  48.513  23.953  29.613 0.0000000000
87427  50.408  22.908  30.159 0.0000000000
90947  47.795  27.174  37.624 0.0000000000
116176  47.566  25.742  36.220 0.0000000000
114372  47.445  24.404  35.138 0.0000000000
88117  47.404  23.406  37.967 0.0000000000
87376  47.993  23.142  35.840 0.0000000000
88133  48.083  23.248  34.127 0.0000000000
87394  48.968  22.684  33.335 0.0000000000
87402  50.841  22.501  31.904 0.0000000000
87412  52.593  22.465  30.715 0.0000000000
87400  53.529  22.159  32.034 0.0000000000
86536  55.110  21.388  32.806 0.0000000000
85521  55.841  20.160  34.356 0.0000000000
87343  54.988  22.345  38.134 0.0000000000
86492  55.733  21.326  37.283 0.0000000000
84651  56.180  19.425  36.591 0.0000000000
83805  56.385  18.118  38.085 0.0000000000
99724  46.813  42.581  35.302 0.0000000000
128914  46.170  40.521  35.447 0.0000000000
130291  46.944  38.433  35.744 0.0000000000
97237  49.369  38.051  42.053 0.0000000000
98465  47.529  40.027  39.124 0.0000000000
97250  46.689  37.844  38.062 0.0000000000
97254  47.778  37.256  36.662 0.0000000000
121165  49.053  37.140  35.733 0.0000000000
96065  50.390  36.212  36.323 0.0000000000
95454  52.414  35.002  35.992 0.0000000000
94314  52.850  33.523  35.681 0.0000000000
94297  53.962  31.743  36.675 0.0000000000
94307  53.368  32.540  36.064 0.0000000000
93682  51.948  31.665  36.227 0.0000000000
129365  50.482  30.086  35.464 0.0000000000
128159  48.838  29.680  34.794 0.0000000000
91661  44.399  28.843  31.968 0.0000000000
91003  44.128  27.667  31.714 0.0000000000
112881  43.791  26.327  32.426 0.0000000000
89594  45.138  25.713  30.357 0.0000000000
123358  44.624  25.025  31.146 0.0000000000
128174  43.956  24.322  32.667 0.0000000000
87386  43.426  23.012  33.385 0.0000000000
86540  42.299  21.525  32.886 0.0000000000
112911  49.148  21.383  28.212 0.0000000000
86579  46.222  21.288  28.678 0.0000000000
85613  44.161  20.847  28.942 0.0000000000
85565  44.467  20.373  32.176 0.0000000000
85602  42.955  20.110  29.575 0.0000000000
82972  50.483  17.613  40.544 0.0000000000
83780  48.976  18.215  40.235 0.0000000000
123477  44.815  29.599  33.951 0.0000000000
92333  44.245  29.435  33.360 0.0000000000
127900  46.365  29.623  34.462 0.0000000000
92303  45.800  29.856  35.261 0.0000000000
82986  53.643  17.502  39.523 0.0000000000
92279  50.149  28.919  37.693 0.0000000000
91617  49.766  28.257  37.366 0.0000000000
92280  49.212  28.781  37.910 0.0000000000
92961  49.579  30.221  38.593 0.0000000000
92947  49.228  31.054  39.110 0.0000000000
92269  50.445  29.654  38.158 0.0000000000
87437  50.567  23.066  28.926 0.0000000000
88202  50.081  22.932  27.361 0.0000000000
87448  51.295  22.279  27.885 0.0000000000
90965  39.933  27.819  35.040 0.0000000000
88135  43.071  23.975  34.874 0.0000000000
88840  43.364  24.441  34.163 0.0000000000
94882  51.779  33.500  35.450 0.0000000000
95470  51.710  34.354  34.879 0.0000000000
94883  50.597  33.237  36.114 0.0000000000
92323  40.771  28.687  34.674 0.0000000000
128941  40.397  29.042  35.188 0.0000000000
91638  40.116  28.465  35.002 0.0000000000
91639  39.436  28.349  35.464 0.0000000000
93634  43.502  31.543  40.595 0.0000000000
111608  44.099  30.989  40.280 0.0000000000
92938  43.467  30.566  40.540 0.0000000000
94830  42.429  33.296  41.576 0.0000000000
95404  42.678  34.009  41.681 0.0000000000
94251  43.276  33.364  41.253 0.0000000000
94838  44.000  32.997  40.758 0.0000000000
84698  55.029  19.516  34.111 0.0000000000
84712  53.699  19.799  33.479 0.0000000000
84699  53.790  19.619  34.219 0.0000000000
84657  48.319  19.667  37.448 0.0000000000
92328  52.053  28.888  32.456 0.0000000000
92329  51.076  28.999  32.052 0.0000000000
90981  51.708  28.491  32.221 0.0000000000
89563  47.334  25.473  33.764 0.0000000000
126481  47.421  24.414  32.932 0.0000000000
88844  47.380  24.611  33.676 0.0000000000
89520  45.814  25.161  39.518 0.0000000000
89519  46.165  25.176  38.783 0.0000000000
128464  46.265  24.669  39.104 0.0000000000
86497  50.742  21.772  37.551 0.0000000000
86498  50.271  21.789  36.893 0.0000000000
115225  51.063  21.667  36.843 0.0000000000
114035  51.504  21.640  35.789 0.0000000000
86508  51.682  21.633  36.396 0.0000000000
111218  52.439  21.645  35.832 0.0000000000
86495  52.906  21.837  37.084 0.0000000000
86456  54.906  21.787  42.004 0.0000000000
100203  48.336  42.788  38.634 0.0000000000
110593  48.114  43.260  38.123 0.0000000000
99693  48.424  42.461  38.151 0.0000000000
99115  48.001  41.821  37.494 0.0000000000
114722  48.112  41.559  38.142 0.0000000000
131165  46.410  39.039  43.967 0.0000000000
97806  46.984  39.093  43.329 0.0000000000
125749  46.803  38.396  42.818 0.0000000000
96014  49.796  34.529  40.142 0.0000000000
96023  49.760  34.775  38.805 0.0000000000
95422  51.421  33.953  38.604 0.0000000000
91644  53.166  28.689  33.392 0.0000000000
92297  53.689  29.370  34.407 0.0000000000
92312  53.262  29.014  33.479 0.0000000000
92313  52.377  29.189  33.035 0.0000000000
91011  46.071  28.106  29.706 0.0000000000
91017  46.691  27.743  29.147 0.0000000000
87438  44.137  21.893  29.090 0.0000000000
88165  44.467  22.949  29.797 0.0000000000
87428  43.877  22.091  29.860 0.0000000000
87416  43.558  22.161  30.682 0.0000000000
111647  43.355  21.429  29.758 0.0000000000
85562  47.276  20.671  32.345 0.0000000000
126274  47.681  20.779  31.711 0.0000000000
91645  42.073  28.795  33.823 0.0000000000
91646  41.291  28.379  34.145 0.0000000000
90294  42.718  26.867  33.356 0.0000000000
90993  43.052  27.521  32.715 0.0000000000
117336  49.186  31.376  36.684 0.0000000000
92986  47.889  30.699  36.347 0.0000000000
92988  45.656  30.519  36.295 0.0000000000
132806  46.404  30.808  36.594 0.0000000000
92306  43.122  29.657  34.723 0.0000000000
111830  42.284  29.382  34.483 0.0000000000
83821  55.770  18.410  37.078 0.0000000000
84652  53.846  18.975  36.701 0.0000000000
115101  53.881  18.476  37.891 0.0000000000
83793  51.760  18.412  39.363 0.0000000000
110500  52.244  18.727  38.567 0.0000000000
122046  50.899  18.714  39.234 0.0000000000
83809  50.329  19.156  38.772 0.0000000000
83795  49.663  18.897  39.294 0.0000000000
99728  45.433  41.471  33.947 0.0000000000
100251  45.171  42.735  32.893 0.0000000000
91637  52.289  27.943  35.110 0.0000000000
90954  49.829  27.493  36.201 0.0000000000
90964  49.238  27.162  35.679 0.0000000000
90278  48.560  26.756  35.198 0.0000000000
90270  48.483  26.771  36.215 0.0000000000
88775  48.073  24.762  42.060 0.0000000000
88784  47.638  24.274  41.428 0.0000000000
88774  48.976  24.670  42.233 0.0000000000
88772  50.937  24.700  42.366 0.0000000000
88781  50.367  24.065  41.816 0.0000000000
88069  50.865  23.539  41.301 0.0000000000
87323  50.911  22.670  40.146 0.0000000000
88086  51.425  23.133  40.711 0.0000000000
88085  52.579  23.280  40.644 0.0000000000
88777  54.162  24.159  41.947 0.0000000000
88768  54.372  24.567  42.817 0.0000000000
87303  54.659  23.261  42.611 0.0000000000
125590  54.749  23.901  43.371 0.0000000000
129762  48.188  34.365  41.552 0.0000000000
95400  48.142  35.015  41.979 0.0000000000
94826  49.261  34.200  41.691 0.0000000000
111871  51.018  32.420  39.942 0.0000000000
94259  50.037  33.174  40.714 0.0000000000
94258  50.812  33.185  40.498 0.0000000000
94832  50.465  33.656  40.874 0.0000000000
112271  51.577  32.600  39.777 0.0000000000
93644  52.286  32.005  39.414 0.0000000000
93660  52.230  31.303  39.019 0.0000000000
91615  51.441  29.147  37.484 0.0000000000
92288  53.307  28.541  35.486 0.0000000000
88877  47.495  25.599  28.377 0.0000000000
89607  47.227  25.749  28.332 0.0000000000
88889  47.725  24.973  27.777 0.0000000000
87466  48.163  22.526  26.728 0.0000000000
88206  46.802  23.097  27.079 0.0000000000
87468  46.271  22.223  27.250 0.0000000000
87449  45.530  22.179  27.670 0.0000000000
86609  45.817  21.769  27.672 0.0000000000
88825  40.635  24.648  37.556 0.0000000000
89536  41.244  24.867  36.967 0.0000000000
90281  41.202  26.624  35.227 0.0000000000
89543  42.132  24.857  36.069 0.0000000000
88125  41.763  23.669  36.754 0.0000000000
87370  41.678  22.797  36.723 0.0000000000
88124  42.138  23.329  36.287 0.0000000000
86521  42.481  22.446  35.183 0.0000000000
132011  42.063  22.018  35.595 0.0000000000
118486  42.067  21.588  34.823 0.0000000000
96653  51.287  36.506  34.986 0.0000000000
95484  50.454  34.715  34.379 0.0000000000
96091  50.889  35.142  33.722 0.0000000000
92948  47.576  30.685  39.141 0.0000000000
130529  47.338  29.527  38.704 0.0000000000
113319  46.311  29.844  39.167 0.0000000000
91609  45.901  28.457  39.057 0.0000000000
90248  45.192  26.784  39.571 0.0000000000
90233  45.181  26.053  41.534 0.0000000000
89497  46.787  25.549  42.231 0.0000000000
98994  47.208  41.032  47.781 0.0000000000
98353  47.556  39.695  49.270 0.0000000000
97187  46.901  37.911  48.189 0.0000000000
97771  46.445  38.206  47.252 0.0000000000
97796  45.876  38.608  45.339 0.0000000000
95982  43.296  35.491  42.306 0.0000000000
96596  43.622  36.225  42.662 0.0000000000
97234  44.661  37.222  42.936 0.0000000000
95980  45.223  36.043  42.137 0.0000000000
95993  45.942  35.443  41.777 0.0000000000
95402  45.238  34.511  41.338 0.0000000000
123572  45.936  31.832  39.907 0.0000000000
126014  46.303  32.506  40.228 0.0000000000
93649  46.860  31.430  39.590 0.0000000000
86561  54.266  21.192  30.271 0.0000000000
114713  52.647  20.728  29.445 0.0000000000
127643  53.680  20.595  30.438 0.0000000000
125887  51.928  20.231  33.124 0.0000000000
85558  51.962  20.381  31.490 0.0000000000
125651  50.320  20.493  32.471 0.0000000000
117486  49.495  20.527  32.724 0.0000000000
85540  50.162  20.401  33.384 0.0000000000
84670  52.036  19.548  36.376 0.0000000000
119246  52.250  19.624  35.641 0.0000000000
84671  51.069  19.678  36.288 0.0000000000
84690  48.701  20.070  35.830 0.0000000000
85514  48.233  20.255  35.116 0.0000000000
85516  46.371  20.108  35.107 0.0000000000
84692  46.793  19.961  35.804 0.0000000000
92331  47.271  29.498  32.694 0.0000000000
92330  48.470  29.456  32.563 0.0000000000
129926  48.187  29.051  31.298 0.0000000000
91660  47.831  28.826  31.062 0.0000000000
90999  47.157  28.473  30.328 0.0000000000
90998  47.737  28.457  30.963 0.0000000000
90973  50.678  27.492  33.543 0.0000000000
112343  50.970  27.932  32.366 0.0000000000
90301  47.178  26.471  31.973 0.0000000000
90991  47.684  27.121  32.223 0.0000000000
89579  47.230  26.269  30.053 0.0000000000
88852  47.326  25.047  30.781 0.0000000000
88154  48.472  23.625  30.646 0.0000000000
88162  49.414  23.409  29.693 0.0000000000
88153  49.352  23.074  30.960 0.0000000000
91607  47.488  28.409  38.339 0.0000000000
91619  48.088  27.896  37.863 0.0000000000
88830  47.162  24.878  37.084 0.0000000000
89542  47.406  25.652  36.893 0.0000000000
113712  47.337  25.074  36.342 0.0000000000
88835  47.432  24.402  35.884 0.0000000000
87338  48.075  22.796  39.300 0.0000000000
132027  47.604  23.098  39.106 0.0000000000
87349  48.414  22.565  38.484 0.0000000000
87368  49.035  22.312  36.155 0.0000000000
118452  48.391  22.719  36.192 0.0000000000
87375  48.603  22.638  35.393 0.0000000000
88128  48.011  23.227  34.974 0.0000000000
87385  48.473  22.824  34.610 0.0000000000
119166  48.713  22.732  33.957 0.0000000000
86539  51.611  22.022  33.311 0.0000000000
87392  50.501  22.289  32.970 0.0000000000
111192  51.609  22.303  32.394 0.0000000000
87401  52.584  22.353  31.752 0.0000000000
87411  53.522  22.270  31.010 0.0000000000
86527  54.677  21.678  34.361 0.0000000000
113205  54.702  21.649  33.544 0.0000000000
86526  55.314  21.284  33.578 0.0000000000
114643  55.633  20.565  33.606 0.0000000000
86515  55.840  20.787  34.938 0.0000000000
87333  53.732  22.661  39.143 0.0000000000
87344  54.133  22.413  38.360 0.0000000000
87332  54.653  22.553  38.921 0.0000000000
126599  55.530  21.063  38.937 0.0000000000
86486  55.587  21.436  38.141 0.0000000000
85500  56.037  20.368  37.382 0.0000000000
118874  56.029  20.680  36.562 0.0000000000
83820  56.170  18.565  37.231 0.0000000000
100772  48.137  43.941  36.902 0.0000000000
100238  46.797  44.486  36.302 0.0000000000
100783  47.262  44.705  35.874 0.0000000000
100237  47.830  43.662  35.880 0.0000000000
99130  46.898  40.716  36.892 0.0000000000
98495  46.337  40.119  36.063 0.0000000000
97853  46.451  39.113  35.843 0.0000000000
118873  49.729  35.943  42.061 0.0000000000
96591  49.239  37.140  42.325 0.0000000000
96599  49.445  36.968  42.087 0.0000000000
117040  47.446  36.936  39.939 0.0000000000
97240  48.573  37.243  40.993 0.0000000000
97242  47.464  37.745  40.053 0.0000000000
97243  47.224  38.492  39.628 0.0000000000
97842  46.911  39.004  39.042 0.0000000000
97247  46.756  37.997  39.080 0.0000000000
96620  48.826  36.206  37.299 0.0000000000
96621  48.028  36.587  37.431 0.0000000000
96637  48.795  36.730  36.504 0.0000000000
131883  48.484  37.163  36.144 0.0000000000
96636  49.902  36.704  35.898 0.0000000000
95438  52.411  34.587  36.613 0.0000000000
96041  51.858  35.194  36.468 0.0000000000
95453  52.714  34.405  35.878 0.0000000000
94892  52.835  33.995  35.638 0.0000000000
117623  53.165  33.539  35.984 0.0000000000
93659  53.397  31.460  38.403 0.0000000000
132244  53.151  32.631  38.095 0.0000000000
94286  53.899  31.429  37.615 0.0000000000
92982  53.705  30.703  35.613 0.0000000000
93680  53.898  31.278  36.004 0.0000000000
93681  53.334  31.664  35.914 0.0000000000
92983  52.438  30.867  35.875 0.0000000000
123894  51.183  30.972  36.263 0.0000000000
129788  51.523  30.231  35.509 0.0000000000
92300  49.883  29.528  33.888 0.0000000000
92353  45.291  29.119  31.516 0.0000000000
90311  44.681  27.306  31.113 0.0000000000
91002  44.763  28.045  31.084 0.0000000000
90302  44.181  26.847  31.764 0.0000000000
89570  44.341  25.859  31.789 0.0000000000
89608  46.678  25.465  28.342 0.0000000000
89602  46.210  26.015  28.887 0.0000000000
88864  45.508  25.324  29.532 0.0000000000
88147  44.288  23.959  31.704 0.0000000000
88849  44.311  24.900  32.053 0.0000000000
88141  43.616  23.956  33.462 0.0000000000
112753  43.702  23.367  32.720 0.0000000000
86547  42.766  21.564  31.402 0.0000000000
87406  42.730  21.756  32.377 0.0000000000
86541  41.547  20.868  32.026 0.0000000000
85610  50.383  20.952  29.341 0.0000000000
86577  50.389  21.243  28.540 0.0000000000
86564  48.903  21.179  29.436 0.0000000000
110417  46.543  21.021  30.429 0.0000000000
86565  47.112  21.255  29.510 0.0000000000
85599  45.942  21.087  29.437 0.0000000000
85611  45.382  21.096  28.757 0.0000000000
85600  44.824  20.799  29.251 0.0000000000
85546  44.500  20.223  33.294 0.0000000000
85547  43.684  20.034  32.596 0.0000000000
92320  43.614  29.508  34.025 0.0000000000
92334  43.367  29.196  33.347 0.0000000000
91652  43.160  28.703  32.960 0.0000000000
91662  43.647  28.513  32.386 0.0000000000
92999  48.364  30.100  35.647 0.0000000000
93000  47.410  30.184  35.804 0.0000000000
93002  45.011  30.074  35.624 0.0000000000
93003  44.272  30.042  35.481 0.0000000000
82998  54.868  17.359  39.063 0.0000000000
83791  53.942  17.992  38.658 0.0000000000
82987  52.556  17.752  39.808 0.0000000000
82988  51.750  17.902  40.045 0.0000000000
91627  51.226  28.015  36.268 0.0000000000
89488  50.204  26.296  43.158 0.0000000000
89494  49.569  25.437  42.677 0.0000000000
89493  50.547  25.477  42.742 0.0000000000
88771  51.993  24.812  42.367 0.0000000000
94276  48.472  32.230  39.902 0.0000000000
94260  49.050  32.906  40.486 0.0000000000
93646  49.984  31.879  39.622 0.0000000000
92960  51.237  31.223  39.102 0.0000000000
114021  51.623  30.710  38.669 0.0000000000
92268  51.494  30.035  38.180 0.0000000000
88178  48.948  24.092  27.990 0.0000000000
88192  48.868  23.906  27.455 0.0000000000
88191  49.609  23.433  27.686 0.0000000000
87465  49.133  22.583  26.832 0.0000000000
86606  48.712  21.962  26.898 0.0000000000
90289  42.283  26.546  34.145 0.0000000000
90280  41.966  26.176  34.932 0.0000000000
88836  42.619  24.434  35.513 0.0000000000
87387  42.971  23.027  34.712 0.0000000000
95469  52.019  34.805  34.752 0.0000000000
96089  51.688  35.525  34.373 0.0000000000
123505  50.958  34.404  34.695 0.0000000000
95471  50.085  34.323  35.167 0.0000000000
92290  40.585  29.570  36.003 0.0000000000
90966  39.217  27.782  35.628 0.0000000000
93650  45.295  31.159  39.815 0.0000000000
92950  45.597  30.301  39.500 0.0000000000
92951  44.666  30.495  39.930 0.0000000000
92937  44.268  29.799  40.079 0.0000000000
95972  41.262  35.264  44.532 0.0000000000
95961  41.806  35.798  44.902 0.0000000000
95973  42.079  35.526  43.257 0.0000000000
95386  42.979  34.773  41.930 0.0000000000
95995  43.820  35.034  41.774 0.0000000000
94828  45.059  33.772  40.910 0.0000000000
132809  44.635  33.287  40.743 0.0000000000
110724  45.063  31.859  40.155 0.0000000000
85556  54.672  20.355  31.924 0.0000000000
85573  54.178  20.517  31.102 0.0000000000
85537  54.265  19.989  32.697 0.0000000000
85538  52.967  20.007  33.067 0.0000000000
85524  51.961  20.041  33.922 0.0000000000
84655  50.395  19.607  37.269 0.0000000000
115150  50.124  19.744  36.485 0.0000000000
113607  48.854  19.709  37.126 0.0000000000
84673  48.219  19.832  36.667 0.0000000000
84674  47.182  19.802  36.517 0.0000000000
114469  49.948  29.350  32.284 0.0000000000
126610  50.238  29.012  31.733 0.0000000000
91658  49.798  28.816  31.537 0.0000000000
90287  48.477  26.902  33.889 0.0000000000
122783  47.397  26.282  33.046 0.0000000000
88848  47.310  24.699  32.023 0.0000000000
130604  48.355  23.263  32.592 0.0000000000
90255  46.251  26.463  38.596 0.0000000000
90948  46.995  26.834  38.053 0.0000000000
90264  46.724  26.061  38.003 0.0000000000
89535  46.557  25.303  38.162 0.0000000000
88823  46.836  24.686  37.787 0.0000000000
113019  49.608  22.344  39.076 0.0000000000
113223  48.848  22.339  37.684 0.0000000000
87359  49.765  21.976  37.672 0.0000000000
86510  49.930  21.901  36.168 0.0000000000
87374  49.558  22.142  35.401 0.0000000000
87373  50.095  22.030  34.645 0.0000000000
86520  50.681  21.772  35.426 0.0000000000
86530  51.016  21.796  34.664 0.0000000000
86529  51.772  21.794  34.184 0.0000000000
86538  52.667  21.869  33.591 0.0000000000
86528  52.795  21.733  34.433 0.0000000000
86517  53.943  21.773  35.351 0.0000000000
86506  54.428  21.972  36.112 0.0000000000
87313  54.625  22.887  40.757 0.0000000000
86481  54.871  22.490  39.412 0.0000000000
86473  54.973  22.250  40.111 0.0000000000
86472  55.322  21.172  39.829 0.0000000000
99694  47.325  43.110  38.041 0.0000000000
100218  48.006  43.700  37.421 0.0000000000
100226  48.362  43.463  36.946 0.0000000000
99717  47.601  42.583  36.099 0.0000000000
99129  47.783  42.116  36.771 0.0000000000
98483  46.574  39.503  37.318 0.0000000000
98409  47.366  40.042  45.547 0.0000000000
98408  47.794  40.743  45.128 0.0000000000
98416  47.895  40.602  44.353 0.0000000000
98427  48.052  40.032  43.386 0.0000000000
96005  50.133  34.741  41.657 0.0000000000
96007  49.743  35.983  41.923 0.0000000000
96015  49.458  35.277  41.017 0.0000000000
96016  48.195  35.730  39.495 0.0000000000
96613  48.399  35.889  38.199 0.0000000000
111410  49.438  35.526  37.826 0.0000000000
96043  50.365  35.674  36.985 0.0000000000
95439  51.642  34.704  37.365 0.0000000000
127459  54.246  29.479  35.721 0.0000000000
133173  54.308  30.589  36.660 0.0000000000
92995  54.220  29.697  35.367 0.0000000000
92996  53.874  30.041  35.062 0.0000000000
91669  46.650  28.727  30.343 0.0000000000
91670  45.803  28.849  30.689 0.0000000000
91677  46.202  28.505  30.056 0.0000000000
91012  45.341  27.725  30.352 0.0000000000
90320  45.162  26.742  30.453 0.0000000000
88179  45.485  23.648  28.476 0.0000000000
88879  45.108  24.048  29.473 0.0000000000
88148  43.784  22.910  31.797 0.0000000000
85577  49.267  20.752  31.169 0.0000000000
85597  48.685  20.988  30.496 0.0000000000
85579  46.906  20.814  31.489 0.0000000000
85580  45.895  20.808  31.095 0.0000000000
90976  41.248  27.799  34.084 0.0000000000
90975  41.970  27.425  33.755 0.0000000000
91653  42.507  28.407  33.266 0.0000000000
89565  42.884  26.062  33.886 0.0000000000
89564  43.395  25.937  33.255 0.0000000000
94310  49.984  32.633  36.704 0.0000000000
126857  48.587  31.822  37.002 0.0000000000
92987  47.072  30.742  36.481 0.0000000000
124708  43.613  29.959  35.325 0.0000000000
93004  43.018  30.035  35.551 0.0000000000
92307  41.846  29.557  35.126 0.0000000000
95962  41.293  35.301  45.400 0.0000000000
124015  40.851  34.640  44.181 0.0000000000
94822  41.236  33.238  42.464 0.0000000000
84668  55.668  19.020  35.674 0.0000000000
84685  54.344  19.372  34.909 0.0000000000
83834  54.825  18.850  36.152 0.0000000000
84653  52.666  19.264  37.059 0.0000000000
83807  52.856  18.891  37.877 0.0000000000
84640  51.848  19.239  37.909 0.0000000000
84642  49.916  19.551  37.978 0.0000000000
83810  49.406  19.341  38.638 0.0000000000
90971  52.567  28.455  32.708 0.0000000000
90961  52.775  28.020  33.520 0.0000000000
90953  50.899  27.640  35.666 0.0000000000
90963  50.242  27.388  35.018 0.0000000000
89557  47.471  25.638  34.505 0.0000000000
88797  46.627  24.200  40.454 0.0000000000
88102  46.840  23.787  39.669 0.0000000000
88796  47.305  23.882  40.826 0.0000000000
88090  47.725  23.409  40.401 0.0000000000
87325  48.667  22.759  39.902 0.0000000000
88782  49.398  24.070  41.732 0.0000000000
88088  49.377  22.993  40.516 0.0000000000
124482  49.460  22.577  39.744 0.0000000000
87336  50.372  22.415  39.442 0.0000000000
110898  51.057  22.170  38.850 0.0000000000
87346  51.944  22.199  38.703 0.0000000000
86487  52.410  21.933  37.910 0.0000000000
87334  52.543  22.534  39.316 0.0000000000
87321  53.195  22.912  39.941 0.0000000000
88066  53.973  23.782  41.218 0.0000000000
88083  54.328  23.217  40.611 0.0000000000
87306  54.654  22.938  41.744 0.0000000000
87305  54.828  22.431  42.710 0.0000000000
100183  48.196  42.385  39.893 0.0000000000
96593  47.041  37.051  42.431 0.0000000000
96592  48.363  37.157  42.461 0.0000000000
95978  48.263  36.412  42.390 0.0000000000
95991  49.233  35.668  42.355 0.0000000000
95990  50.022  35.127  42.217 0.0000000000
94834  49.693  33.679  41.237 0.0000000000
94825  50.096  34.425  41.846 0.0000000000
95409  50.150  34.824  42.111 0.0000000000
95408  50.157  34.376  41.630 0.0000000000
95411  51.031  33.517  40.013 0.0000000000
94845  51.743  33.177  39.463 0.0000000000
94274  52.149  32.378  39.410 0.0000000000
120202  52.873  32.102  38.867 0.0000000000
92958  53.807  30.821  37.860 0.0000000000
92959  52.431  30.479  38.351 0.0000000000
92971  53.421  30.132  37.654 0.0000000000
92286  54.056  29.663  36.527 0.0000000000
92287  53.925  28.974  35.773 0.0000000000
91626  53.993  28.839  34.825 0.0000000000
90324  47.043  27.382  28.844 0.0000000000
90325  46.982  27.358  28.784 0.0000000000
89600  47.085  26.714  28.702 0.0000000000
88891  46.275  24.304  28.056 0.0000000000
88898  47.406  24.158  27.302 0.0000000000
88899  46.558  23.753  27.496 0.0000000000
88194  45.262  22.678  28.123 0.0000000000
87450  44.884  22.129  28.153 0.0000000000
86581  44.487  21.246  28.687 0.0000000000
85528  45.839  20.269  34.268 0.0000000000
85544  46.054  20.500  33.249 0.0000000000
85529  44.958  20.165  33.991 0.0000000000
90272  40.863  26.251  36.016 0.0000000000
89544  41.127  25.515  36.535 0.0000000000
133349  41.615  25.089  36.451 0.0000000000
88824  41.299  24.128  37.217 0.0000000000
87363  41.095  22.587  37.361 0.0000000000
86499  41.267  21.971  36.907 0.0000000000
87377  42.163  22.685  35.980 0.0000000000
85517  41.070  20.755  35.540 0.0000000000
96090  51.431  35.206  34.164 0.0000000000
96100  51.279  35.678  33.633 0.0000000000
127261  49.623  33.255  36.537 0.0000000000
94884  49.835  33.792  35.983 0.0000000000
92270  48.676  29.478  38.413 0.0000000000
129000  47.738  29.165  38.499 0.0000000000
91608  46.646  28.102  38.615 0.0000000000
92262  45.727  29.332  39.275 0.0000000000
90939  46.496  27.303  38.543 0.0000000000
115273  45.805  27.065  39.014 0.0000000000
118756  45.385  25.975  39.613 0.0000000000
89502  45.624  25.334  41.094 0.0000000000
89501  46.402  25.079  41.550 0.0000000000
89496  47.683  25.464  42.423 0.0000000000
90227  48.275  26.254  42.891 0.0000000000
98367  47.543  40.314  47.291 0.0000000000
97761  47.603  39.110  49.120 0.0000000000
98368  47.442  39.582  47.361 0.0000000000
98394  47.435  39.956  46.518 0.0000000000
97795  46.656  39.255  45.900 0.0000000000
97803  45.776  38.595  44.378 0.0000000000
97807  45.969  38.405  43.431 0.0000000000
96572  43.161  36.805  44.793 0.0000000000
97222  44.480  37.666  44.513 0.0000000000
97233  45.216  37.713  43.175 0.0000000000
95979  46.585  36.246  42.221 0.0000000000
95401  46.648  34.858  41.571 0.0000000000
94827  47.093  33.758  40.931 0.0000000000
94261  47.277  32.925  40.437 0.0000000000
93648  47.933  31.530  39.522 0.0000000000
112260  48.403  31.064  39.202 0.0000000000
87436  52.169  22.113  28.587 0.0000000000
86587  51.621  21.894  28.077 0.0000000000
86575  52.132  21.432  28.570 0.0000000000
127374  51.493  20.702  29.401 0.0000000000
85595  50.823  20.673  30.031 0.0000000000
85557  53.155  20.377  31.233 0.0000000000
85575  51.442  20.485  30.741 0.0000000000
112177  50.036  20.682  30.859 0.0000000000
85560  48.949  20.614  32.083 0.0000000000
117560  48.602  20.563  32.914 0.0000000000
117559  47.747  20.588  33.027 0.0000000000
84686  53.111  19.583  35.039 0.0000000000
84700  52.156  19.784  34.794 0.0000000000
84688  50.511  19.882  35.611 0.0000000000
85512  50.030  20.126  34.931 0.0000000000
85526  49.587  20.326  34.260 0.0000000000
85527  48.689  20.382  34.353 0.0000000000
85542  48.221  20.492  33.677 0.0000000000
85543  47.365  20.476  33.731 0.0000000000
84702  45.664  19.969  35.105 0.0000000000
92317  46.356  29.542  33.565 0.0000000000
127775  45.377  29.507  33.185 0.0000000000
92332  46.332  29.507  32.663 0.0000000000
92341  48.014  29.342  31.764 0.0000000000
130768  47.677  29.222  31.356 0.0000000000
91010  47.055  28.055  29.497 0.0000000000
90989  49.222  28.394  31.576 0.0000000000
90983  48.719  27.515  32.336 0.0000000000
90990  48.353  28.052  31.438 0.0000000000
90318  47.172  27.502  29.356 0.0000000000
88164  47.824  24.391  30.081 0.0000000000
87426  51.522  22.676  29.249 0.0000000000
91618  48.895  28.111  37.602 0.0000000000
90946  48.597  27.475  37.321 0.0000000000
90262  48.235  26.867  37.029 0.0000000000
90263  47.444  26.357  37.393 0.0000000000
90279  47.901  26.263  35.777 0.0000000000
89550  47.444  25.329  35.407 0.0000000000
88111  46.630  24.122  39.011 0.0000000000
88815  46.898  23.998  38.233 0.0000000000
111472  47.196  24.001  37.315 0.0000000000
87362  48.007  22.819  37.642 0.0000000000
87369  47.977  23.008  36.699 0.0000000000
88123  47.577  23.683  36.425 0.0000000000
88129  47.645  23.757  35.443 0.0000000000
88134  47.591  23.940  34.479 0.0000000000
88140  47.704  23.808  33.508 0.0000000000
88139  48.316  23.163  33.250 0.0000000000
87404  48.918  22.847  32.616 0.0000000000
87393  49.634  22.353  33.796 0.0000000000
114379  49.530  22.531  33.023 0.0000000000
87415  49.324  22.851  31.842 0.0000000000
87414  50.168  22.731  31.347 0.0000000000
87413  51.402  22.631  30.649 0.0000000000
87425  52.551  22.380  29.570 0.0000000000
87424  53.424  22.162  30.013 0.0000000000
87423  54.124  21.767  30.457 0.0000000000
86553  54.619  21.213  30.863 0.0000000000
87390  53.544  21.958  32.962 0.0000000000
87399  54.443  21.766  32.314 0.0000000000
86546  55.077  21.142  31.764 0.0000000000
85535  55.425  20.304  32.999 0.0000000000
85522  55.618  20.050  33.696 0.0000000000
84683  55.558  19.750  34.243 0.0000000000
87358  53.487  22.140  37.734 0.0000000000
86494  53.922  22.062  36.916 0.0000000000
87367  54.883  22.153  36.821 0.0000000000
87331  55.152  22.185  38.565 0.0000000000
86493  55.554  21.662  36.810 0.0000000000
86505  55.313  21.851  36.135 0.0000000000
86504  55.895  21.020  35.780 0.0000000000
85511  56.035  20.055  35.189 0.0000000000
84667  56.016  19.338  35.701 0.0000000000
83832  55.947  18.788  36.497 0.0000000000
133431  56.003  18.468  37.098 0.0000000000
83806  56.079  18.033  37.693 0.0000000000
82997  55.884  17.434  38.575 0.0000000000
99725  45.894  41.525  34.755 0.0000000000
99142  46.414  41.499  35.464 0.0000000000
99147  45.934  40.060  34.689 0.0000000000
122031  46.260  39.582  35.239 0.0000000000
97863  46.907  38.680  34.943 0.0000000000
97852  47.808  37.972  35.228 0.0000000000
124303  48.340  42.099  40.312 0.0000000000
99099  48.447  41.680  39.464 0.0000000000
97231  48.803  37.940  42.427 0.0000000000
96603  49.524  36.757  41.880 0.0000000000
99100  48.263  40.566  39.973 0.0000000000
130785  48.202  41.017  39.167 0.0000000000
98475  46.846  39.621  38.259 0.0000000000
129679  46.525  39.034  37.807 0.0000000000
115530  46.568  38.552  37.493 0.0000000000
97249  47.221  37.172  37.735 0.0000000000
97255  46.878  37.869  37.094 0.0000000000
97849  46.592  38.662  36.578 0.0000000000
97848  47.295  37.932  36.175 0.0000000000
97253  48.219  37.484  35.815 0.0000000000
97266  48.886  37.543  35.127 0.0000000000
96079  51.589  35.997  35.382 0.0000000000
96064  51.188  35.808  36.241 0.0000000000
96063  52.024  35.459  35.717 0.0000000000
95468  52.500  34.442  35.350 0.0000000000
94308  52.824  32.697  35.778 0.0000000000
130068  52.155  33.445  38.515 0.0000000000
94858  52.850  33.301  37.767 0.0000000000
94298  53.529  32.844  36.811 0.0000000000
92984  50.099  30.678  36.187 0.0000000000
92998  49.594  29.955  35.365 0.0000000000
92301  47.885  29.703  34.905 0.0000000000
92343  44.769  29.283  32.414 0.0000000000
91671  44.958  28.600  31.219 0.0000000000
91672  44.193  28.290  31.776 0.0000000000
90992  43.533  27.956  32.225 0.0000000000
90303  43.623  27.223  32.252 0.0000000000
90326  46.448  27.008  29.000 0.0000000000
89593  45.676  26.428  29.545 0.0000000000
88865  45.011  24.813  30.268 0.0000000000
89580  44.766  25.966  31.022 0.0000000000
89571  43.952  25.372  32.643 0.0000000000
88845  43.637  24.901  33.420 0.0000000000
131596  43.131  22.761  33.975 0.0000000000
87405  43.286  22.374  32.409 0.0000000000
87395  42.949  22.208  33.240 0.0000000000
86532  41.686  21.129  33.563 0.0000000000
86589  50.309  21.625  27.703 0.0000000000
120410  49.407  21.771  27.250 0.0000000000
86590  48.312  21.656  27.378 0.0000000000
118148  48.065  21.353  28.915 0.0000000000
86578  47.140  21.438  28.442 0.0000000000
115722  46.391  21.468  28.061 0.0000000000
86580  45.479  21.406  28.210 0.0000000000
85619  44.726  21.210  28.607 0.0000000000
86582  43.828  20.868  29.062 0.0000000000
126848  45.455  20.528  32.554 0.0000000000
85564  45.162  20.584  31.543 0.0000000000
85566  43.335  19.907  30.999 0.0000000000
85582  44.021  20.280  30.584 0.0000000000
85581  44.835  20.617  30.305 0.0000000000
85601  43.704  20.413  29.473 0.0000000000
85614  43.507  20.530  29.340 0.0000000000
86566  43.213  20.568  29.385 0.0000000000
86555  42.229  20.621  30.346 0.0000000000
82971  51.370  17.468  40.510 0.0000000000
82973  49.595  17.611  40.638 0.0000000000
83779  49.867  18.328  40.006 0.0000000000
82996  56.244  17.682  38.448 0.0000000000
83794  50.318  18.676  39.438 0.0000000000
83808  51.290  18.976  38.647 0.0000000000
83822  54.741  18.534  37.043 0.0000000000
84654  51.339  19.527  37.127 0.0000000000
84656  49.563  19.674  37.200 0.0000000000
84687  51.393  19.773  35.519 0.0000000000
84689  49.610  19.985  35.736 0.0000000000
84710  55.383  19.877  33.476 0.0000000000
84711  54.685  19.724  33.371 0.0000000000
85505  56.148  20.041  35.875 0.0000000000
85525  50.361  20.238  34.205 0.0000000000
85539  51.244  20.377  32.610 0.0000000000
85554  55.372  20.805  32.511 0.0000000000
85555  55.071  20.511  32.197 0.0000000000
85559  49.912  20.594  31.763 0.0000000000
85561  48.109  20.669  32.288 0.0000000000
85574  52.648  20.473  30.336 0.0000000000
85576  50.593  20.565  31.054 0.0000000000
85592  54.498  20.962  30.618 0.0000000000
85593  54.210  20.834  30.360 0.0000000000
85607  52.845  21.081  29.047 0.0000000000
85608  52.024  20.835  29.014 0.0000000000
85609  51.200  20.926  28.956 0.0000000000
85612  44.879  20.894  28.724 0.0000000000
86488  51.358  21.872  38.136 0.0000000000
86518  53.002  21.674  35.171 0.0000000000
86535  55.533  20.870  33.030 0.0000000000
86562  53.928  21.118  29.821 0.0000000000
86563  49.711  21.150  29.103 0.0000000000
86574  53.368  21.343  29.408 0.0000000000
86588  50.985  21.913  27.563 0.0000000000
86591  47.135  21.618  27.629 0.0000000000
86592  46.224  21.625  27.726 0.0000000000
86608  46.626  21.855  27.281 0.0000000000
87322  51.983  22.759  40.065 0.0000000000
87324  50.076  22.668  40.166 0.0000000000
87342  55.390  21.938  37.719 0.0000000000
87348  49.260  22.270  38.447 0.0000000000
87350  47.735  22.974  38.565 0.0000000000
87356  55.167  22.170  37.431 0.0000000000
87357  54.481  22.247  37.582 0.0000000000
87360  49.379  22.118  36.911 0.0000000000
87403  49.840  22.586  32.314 0.0000000000
87410  54.364  21.806  31.352 0.0000000000
87435  53.107  21.881  29.300 0.0000000000
87463  50.554  22.364  27.427 0.0000000000
87464  49.895  22.493  27.066 0.0000000000
87467  47.132  22.358  26.883 0.0000000000
88067  53.100  23.778  41.247 0.0000000000
88070  49.857  23.498  41.228 0.0000000000
88072  48.048  23.674  41.029 0.0000000000
88089  48.447  23.211  40.506 0.0000000000
88091  47.159  23.655  40.227 0.0000000000
88100  48.032  22.976  40.000 0.0000000000
88110  47.192  23.494  38.876 0.0000000000
88176  50.543  22.937  27.908 0.0000000000
88193  45.803  23.195  27.775 0.0000000000
88203  49.461  23.231  27.119 0.0000000000
88205  47.744  23.397  26.868 0.0000000000
88780  51.412  24.141  41.860 0.0000000000
88783  48.488  24.147  41.606 0.0000000000
88785  46.851  24.445  41.205 0.0000000000
88786  46.226  24.727  40.958 0.0000000000
88876  48.237  24.665  27.792 0.0000000000
88888  48.221  24.241  27.306 0.0000000000
90229  46.412  26.307  42.544 0.0000000000
90271  47.816  26.307  36.617 0.0000000000
91635  53.815  28.983  34.236 0.0000000000
92261  47.039  29.955  38.905 0.0000000000
92296  54.057  29.359  34.772 0.0000000000
92946  50.219  31.100  39.068 0.0000000000
92962  48.523  30.405  38.817 0.0000000000
92980  54.388  30.118  36.182 0.0000000000
93668  54.249  30.989  37.045 0.0000000000
93669  49.236  32.128  36.969 0.0000000000
93679  54.277  30.876  36.301 0.0000000000
94252  42.614  32.613  41.324 0.0000000000
94262  46.741  32.174  39.971 0.0000000000
94263  45.556  32.516  40.320 0.0000000000
94264  44.676  32.570  40.480 0.0000000000
94265  43.334  32.455  40.868 0.0000000000
94287  53.621  32.076  37.796 0.0000000000
94821  41.892  33.681  41.968 0.0000000000
94829  44.274  33.826  41.129 0.0000000000
94835  48.042  33.735  41.056 0.0000000000
94836  46.214  33.146  40.540 0.0000000000
95375  41.058  34.414  43.376 0.0000000000
95387  42.154  34.461  42.233 0.0000000000
95398  50.011  34.741  42.198 0.0000000000
95953  42.364  35.882  46.328 0.0000000000
95954  41.621  35.235  46.398 0.0000000000
95971  41.848  35.733  44.055 0.0000000000
95974  41.401  35.117  43.693 0.0000000000
95977  49.347  36.509  42.317 0.0000000000
95981  44.187  35.768  42.177 0.0000000000
95983  42.468  35.203  42.549 0.0000000000
96062  52.383  34.907  35.372 0.0000000000
96573  42.496  36.277  45.410 0.0000000000
96584  42.431  36.270  44.443 0.0000000000
96588  44.006  36.902  43.107 0.0000000000
96595  44.489  36.567  42.564 0.0000000000
96597  42.811  35.917  42.876 0.0000000000
96609  47.581  36.436  39.487 0.0000000000
96635  50.847  36.404  35.703 0.0000000000
96654  50.601  36.813  35.245 0.0000000000
97227  45.081  38.053  43.965 0.0000000000
97228  44.398  37.447  43.644 0.0000000000
97232  47.471  37.871  42.568 0.0000000000
97246  46.986  37.107  38.896 0.0000000000
97762  47.432  38.595  48.656 0.0000000000
97769  47.581  39.702  48.258 0.0000000000
97770  47.240  38.809  47.748 0.0000000000
97784  46.085  38.456  46.314 0.0000000000
97813  48.943  38.719  42.408 0.0000000000
97845  46.606  38.644  38.281 0.0000000000
98326  47.425  39.176  50.887 0.0000000000
98417  47.459  40.103  44.812 0.0000000000
98428  47.251  39.679  44.108 0.0000000000
98474  47.715  40.769  38.527 0.0000000000
98993  47.413  40.431  48.621 0.0000000000
99019  47.466  40.958  47.062 0.0000000000
99056  48.008  41.186  44.671 0.0000000000
99109  48.406  41.755  38.746 0.0000000000
99659  48.341  41.759  41.031 0.0000000000
99660  48.091  42.182  40.751 0.0000000000
99672  48.427  42.153  39.678 0.0000000000
99716  48.303  42.970  36.720 0.0000000000
99730  45.286  41.569  32.893 0.0000000000
100192  48.312  42.489  39.269 0.0000000000
100193  48.086  42.619  39.437 0.0000000000
100217  48.289  43.231  37.587 0.0000000000
100227  47.596  44.080  36.736 0.0000000000
100236  48.211  43.549  36.574 0.0000000000
100763  48.233  43.746  36.994 0.0000000000
100781  48.240  43.838  36.823 0.0000000000
110528  48.934  23.899  28.809 0.0000000000
111420  53.483  20.841  29.676 0.0000000000
111640  45.945  19.830  35.751 0.0000000000
112300  53.653  21.716  34.643 0.0000000000
112673  46.008  31.077  39.569 0.0000000000
113565  43.367  36.783  45.644 0.0000000000
114296  41.409  34.092  42.632 0.0000000000
114335  52.437  21.688  36.537 0.0000000000
115139  47.956  21.457  28.050 0.0000000000
115667  43.956  32.284  40.567 0.0000000000
118914  44.294  34.561  41.477 0.0000000000
119274  51.679  21.105  28.667 0.0000000000
119800  48.467  41.506  40.393 0.0000000000
120305  48.096  21.191  29.825 0.0000000000
121035  55.584  21.093  34.308 0.0000000000
121682  51.787  32.766  39.622 0.0000000000
121946  44.321  31.754  40.344 0.0000000000
122068  47.625  23.369  37.213 0.0000000000
123328  47.783  20.382  34.407 0.0000000000
123455  54.455  23.759  42.240 0.0000000000
123534  53.679  20.231  32.014 0.0000000000
123553  55.751  19.551  34.995 0.0000000000
124261  46.882  20.342  34.404 0.0000000000
124531  47.543  38.486  49.377 0.0000000000
125825  54.353  21.784  33.109 0.0000000000
126468  50.383  32.658  40.265 0.0000000000
127269  49.537  22.071  26.911 0.0000000000
127862  44.019  30.305  40.254 0.0000000000
127878  46.299  25.767  38.497 0.0000000000
127941  53.112  33.993  36.070 0.0000000000
128047  54.648  22.783  40.103 0.0000000000
128587  48.140  32.676  40.290 0.0000000000
128865  52.776  21.606  28.983 0.0000000000
128961  51.684  35.987  34.771 0.0000000000
129434  47.551  40.680  46.594 0.0000000000
130090  54.927  19.060  35.442 0.0000000000
130482  53.197  21.699  35.643 0.0000000000
130920  46.618  20.445  33.761 0.0000000000
131246  47.183  34.410  41.391 0.0000000000
131333  50.838  31.724  39.510 0.0000000000
131846  51.639  19.656  35.984 0.0000000000
131942  52.918  19.697  34.547 0.0000000000
132379  53.119  18.491  38.435 0.0000000000
132404  52.786  31.592  38.912 0.0000000000
132664  51.770  22.472  31.513 0.0000000000
132752  45.676  26.397  39.153 0.0000000000
133539  45.898  40.786  34.928 0.0000000000
133561  48.651  19.394  38.610 0.0000000000
