#!ascii label  , from subject sub-fsm02cd vox2ras=TkReg
972
17029  39.028  -57.947  0.258 0.3000000119
25906  42.465  -47.992  1.195 0.6000000238
120955  42.179  -43.846  2.473 0.6999999881
28933  41.528  -43.485  2.465 0.6999999881
17019  39.536  -57.355  0.811 0.4000000060
116437  41.244  -51.411  2.576 0.4000000060
17945  40.811  -56.480  0.885 0.5000000000
17955  41.029  -56.822  0.159 0.5000000000
25905  43.365  -47.577  1.189 0.6999999881
26702  42.949  -46.500  2.558 0.6999999881
25890  42.833  -47.364  2.046 0.5000000000
28940  43.869  -43.137  2.035 0.6000000238
28201  42.532  -44.565  2.712 0.6000000238
28941  43.111  -42.696  1.741 0.6999999881
29714  41.461  -42.718  1.976 0.6999999881
17936  40.474  -56.146  1.974 0.5000000000
22553  42.107  -51.563  2.545 0.4000000060
18822  41.326  -55.879  1.396 0.6000000238
129295  42.011  -50.437  0.347 0.4000000060
23483  42.017  -50.098  -0.323 0.5000000000
18812  41.782  -55.172  2.006 0.6000000238
24258  42.485  -49.549  -0.514 0.6000000238
25093  42.910  -48.576  -0.378 0.6000000238
18821  42.250  -55.824  0.944 0.6000000238
25916  43.740  -47.706  0.383 0.6000000238
27475  43.768  -45.880  2.433 0.6000000238
28930  44.267  -43.966  2.281 0.6000000238
30613  44.045  -41.639  1.190 0.6999999881
28931  43.107  -43.686  2.342 0.6999999881
123813  43.431  -42.004  1.368 0.6999999881
29723  42.722  -42.066  1.338 0.6999999881
117805  41.499  -41.585  1.118 0.6999999881
120318  43.441  -41.011  0.507 0.6999999881
30622  42.623  -41.214  0.529 0.6999999881
30623  41.905  -41.317  0.639 0.6999999881
118765  43.300  -40.284  -0.137 0.6999999881
18814  40.032  -55.755  2.947 0.5000000000
19739  41.287  -53.804  3.215 0.5000000000
20660  41.138  -52.870  3.385 0.5000000000
23465  42.349  -50.618  1.288 0.4000000060
19747  42.019  -54.287  2.526 0.5000000000
119846  42.989  -49.935  -0.324 0.5000000000
117250  42.867  -49.097  -0.651 0.6000000238
19756  43.499  -54.711  1.563 0.6000000238
20671  42.901  -53.946  2.170 0.5000000000
21638  44.298  -52.734  1.891 0.5000000000
25904  44.280  -47.125  0.974 0.6999999881
27480  44.709  -45.113  2.100 0.6000000238
27474  44.500  -46.252  1.725 0.6999999881
129203  45.027  -42.555  1.577 0.6000000238
28206  45.217  -44.092  1.856 0.6000000238
29721  44.824  -41.874  1.328 0.6000000238
29722  44.131  -42.392  1.607 0.6000000238
30621  45.047  -40.953  0.716 0.6000000238
120319  44.141  -41.102  0.730 0.6999999881
30624  41.177  -41.094  0.652 0.6999999881
31562  44.806  -40.067  0.148 0.6000000238
31553  42.864  -40.748  0.164 0.6999999881
31554  41.854  -40.825  0.186 0.6999999881
31563  44.088  -40.369  0.147 0.6999999881
23464  43.171  -50.670  1.353 0.4000000060
19748  41.174  -54.635  2.904 0.5000000000
21619  42.507  -52.366  2.683 0.4000000060
23482  43.902  -49.851  -0.321 0.5000000000
25927  44.388  -48.212  -0.470 0.6000000238
20672  42.079  -53.239  2.881 0.4000000060
25915  44.357  -47.618  -0.003 0.6000000238
129328  42.946  -53.076  2.471 0.4000000060
129504  43.387  -51.324  1.958 0.4000000060
22568  44.217  -51.821  1.796 0.4000000060
22578  45.212  -50.875  0.958 0.4000000060
26714  44.981  -46.485  0.977 0.6999999881
120087  45.614  -44.872  1.372 0.6000000238
28938  45.647  -43.257  1.477 0.6000000238
30620  46.068  -41.047  0.553 0.6000000238
29720  45.768  -42.342  1.175 0.6000000238
31550  45.589  -40.395  0.369 0.6000000238
31555  40.811  -40.530  0.173 0.6999999881
31564  42.332  -40.283  -0.230 0.6999999881
128074  43.622  -39.038  -0.744 0.6000000238
32599  42.830  -39.528  -0.540 0.6000000238
22569  42.600  -51.022  2.029 0.4000000060
23473  43.614  -50.318  0.351 0.4000000060
126465  45.129  -46.998  0.192 0.6999999881
23472  44.578  -50.311  0.341 0.4000000060
26713  45.613  -46.257  0.537 0.8000000119
129336  44.925  -51.522  1.429 0.5000000000
27479  45.269  -45.754  1.299 0.6999999881
28937  46.487  -43.601  0.809 0.6000000238
29728  46.435  -41.816  0.596 0.5000000000
130495  46.207  -42.957  1.112 0.6000000238
31545  40.390  -40.709  0.816 0.6999999881
33592  46.665  -38.512  -0.994 0.6000000238
31561  45.549  -39.843  0.051 0.6000000238
31565  41.328  -40.209  -0.264 0.8000000119
31566  40.477  -40.088  -0.255 0.8000000119
33593  45.504  -38.723  -0.799 0.6000000238
33594  44.489  -38.940  -0.733 0.6000000238
24256  45.272  -49.057  -0.546 0.5000000000
25104  44.545  -48.786  -0.621 0.6000000238
23480  45.656  -49.517  -0.181 0.5000000000
25102  47.522  -48.309  0.171 0.6999999881
23479  46.338  -49.707  0.241 0.4000000060
27484  45.982  -45.516  0.627 0.6999999881
28944  47.212  -43.426  0.182 0.6999999881
30619  47.227  -41.292  0.083 0.6000000238
29727  47.520  -42.134  -0.088 0.6000000238
31560  47.641  -40.025  -0.571 0.6000000238
32601  39.945  -39.609  -0.367 0.6000000238
115087  46.449  -39.929  -0.114 0.6000000238
33596  41.914  -38.839  -0.784 0.6999999881
32600  40.936  -39.434  -0.522 0.6999999881
33604  44.908  -38.242  -1.259 0.6999999881
124938  43.906  -38.216  -1.245 0.6999999881
33595  42.922  -38.611  -0.999 0.6999999881
25925  46.764  -47.887  -0.498 0.5000000000
25926  45.923  -47.847  -0.575 0.6000000238
127033  45.688  -47.271  -0.343 0.6000000238
120033  48.173  -47.039  0.438 0.6999999881
24255  47.004  -48.531  -0.212 0.6000000238
26722  45.968  -46.707  -0.149 0.6999999881
25914  47.859  -47.776  0.360 0.6999999881
25092  47.674  -48.491  0.788 0.6999999881
28209  47.566  -44.553  -0.044 0.6999999881
28943  47.780  -43.655  -0.212 0.6999999881
30618  48.239  -41.683  -0.688 0.5000000000
114154  47.756  -42.944  -0.277 0.6000000238
32591  38.593  -39.219  0.480 0.5000000000
32594  48.687  -39.068  -1.099 0.6000000238
31548  48.305  -40.866  -0.772 0.6000000238
33599  39.489  -38.901  -0.294 0.6000000238
33587  38.881  -38.931  0.081 0.5000000000
32595  47.326  -39.274  -0.702 0.6000000238
33607  41.607  -38.074  -1.065 0.6000000238
116145  40.536  -38.138  -0.742 0.5000000000
35395  40.479  -36.607  -0.937 0.5000000000
34483  46.815  -37.037  -2.240 0.6999999881
33603  46.007  -37.786  -1.677 0.6999999881
34491  45.184  -36.467  -2.640 0.6999999881
34485  43.676  -37.247  -1.764 0.6999999881
35401  42.280  -36.316  -2.100 0.5000000000
34490  46.161  -36.686  -2.541 0.6999999881
35400  43.397  -36.352  -2.427 0.6000000238
26721  46.794  -46.579  -0.263 0.6000000238
25923  47.860  -46.937  -0.021 0.6999999881
27485  47.533  -46.281  -0.149 0.6000000238
26720  48.493  -46.457  0.785 0.6999999881
27482  47.745  -45.366  -0.107 0.6999999881
29731  48.712  -42.317  -0.787 0.6999999881
28213  48.383  -43.802  -0.384 0.6999999881
30627  49.274  -41.540  -1.105 0.6000000238
33588  38.299  -38.544  0.555 0.4000000060
113905  49.579  -40.792  -1.204 0.5000000000
34479  39.749  -37.182  -0.361 0.4000000060
34482  47.336  -36.758  -2.241 0.6000000238
33591  47.915  -38.387  -1.312 0.6000000238
34487  41.789  -37.228  -1.419 0.5000000000
34488  41.054  -36.950  -1.257 0.5000000000
35408  42.293  -35.460  -2.566 0.4000000060
35404  46.814  -36.000  -3.064 0.6000000238
35405  45.939  -35.798  -3.169 0.6999999881
35406  44.680  -35.801  -3.102 0.6000000238
36266  44.619  -34.895  -3.757 0.5000000000
27481  48.794  -45.334  0.494 0.6000000238
28208  48.926  -44.567  -0.013 0.6999999881
110903  48.332  -44.619  -0.199 0.6999999881
28204  49.283  -44.557  1.148 0.6999999881
28935  49.469  -43.922  0.537 0.6999999881
28946  49.139  -43.134  -0.562 0.6000000238
29730  49.278  -42.552  -0.757 0.6000000238
33585  49.747  -38.917  -0.721 0.6000000238
31558  50.107  -40.225  -1.094 0.5000000000
33590  48.984  -38.374  -1.284 0.6000000238
34481  48.328  -37.160  -1.607 0.6000000238
34480  48.946  -37.760  -1.297 0.6000000238
36260  41.643  -35.795  -2.096 0.4000000060
35402  41.035  -36.162  -1.548 0.5000000000
36255  40.469  -35.744  -1.219 0.4000000060
35403  47.187  -36.252  -2.627 0.6000000238
36261  41.056  -35.346  -1.908 0.4000000060
36264  46.342  -35.216  -3.308 0.6000000238
36270  45.315  -34.190  -4.141 0.5000000000
28942  49.588  -43.460  0.031 0.6999999881
28945  49.491  -43.158  -0.290 0.6000000238
29718  49.609  -42.638  0.896 0.6999999881
30609  50.074  -41.932  0.085 0.6000000238
29729  49.726  -42.338  -0.573 0.6000000238
29710  48.923  -43.244  1.665 0.6999999881
30625  50.258  -41.192  -0.588 0.5000000000
35393  48.872  -37.239  -0.515 0.6000000238
34470  49.648  -38.507  -0.416 0.6000000238
35397  48.763  -37.240  -1.156 0.6000000238
35394  48.430  -36.711  -0.917 0.5000000000
36257  47.310  -36.098  -2.329 0.6000000238
36263  46.959  -35.794  -2.957 0.6000000238
37103  45.762  -34.290  -3.851 0.5000000000
115629  49.038  -40.928  1.202 0.6999999881
31541  50.070  -41.085  0.251 0.6999999881
31547  50.381  -40.464  -0.418 0.6000000238
33580  49.607  -38.357  0.042 0.5000000000
35388  48.208  -36.673  0.005 0.6000000238
34463  48.945  -37.835  0.320 0.6000000238
36245  47.768  -36.291  -0.472 0.6000000238
36253  46.393  -35.465  -1.451 0.6000000238
37099  45.947  -34.532  -3.450 0.5000000000
21636  45.954  -52.357  1.965 0.5000000000
23462  47.228  -50.201  1.556 0.5000000000
22552  47.354  -51.309  2.917 0.5000000000
22565  47.066  -50.989  1.993 0.5000000000
24246  47.534  -49.107  1.266 0.6999999881
25076  47.787  -48.320  2.139 0.6999999881
121939  47.571  -49.367  1.883 0.5000000000
24237  47.560  -49.901  2.415 0.5000000000
25091  47.904  -48.102  0.976 0.6999999881
25085  47.966  -47.928  1.453 0.6999999881
114819  48.893  -45.591  1.192 0.6999999881
17027  40.603  -57.439  -0.109 0.3000000119
29713  42.265  -42.576  1.653 0.6999999881
28200  43.560  -44.780  2.558 0.6000000238
29724  41.858  -42.124  1.414 0.6999999881
30616  40.730  -41.334  1.308 0.6999999881
128123  46.356  -50.268  0.717 0.6000000238
31549  46.839  -40.564  0.054 0.6000000238
33598  40.277  -38.812  -0.586 0.6000000238
34486  42.733  -37.142  -1.672 0.6999999881
34477  41.060  -37.741  -1.029 0.6000000238
34492  44.309  -36.652  -2.352 0.6999999881
120085  39.891  -38.120  -0.500 0.5000000000
33600  39.095  -38.128  0.019 0.5000000000
122828  43.661  -35.449  -3.151 0.5000000000
30626  50.173  -41.128  -1.002 0.5000000000
31557  50.346  -40.406  -0.724 0.5000000000
36252  47.202  -35.906  -1.301 0.6000000238
36258  46.671  -35.471  -2.672 0.6000000238
31542  49.690  -40.096  0.514 0.5000000000
25874  47.359  -47.727  3.449 0.6000000238
27445  45.252  -45.820  5.449 0.6000000238
27446  44.649  -45.361  5.874 0.4000000060
26677  46.549  -46.713  4.329 0.5000000000
25880  47.760  -47.690  2.672 0.6000000238
24260  40.776  -49.709  -0.553 0.5000000000
26656  44.027  -45.659  6.181 0.4000000060
25105  42.103  -48.947  -0.588 0.5000000000
25095  40.656  -48.583  -0.095 0.5000000000
25876  46.058  -47.214  4.651 0.5000000000
28165  43.544  -44.576  6.577 0.4000000060
25094  41.504  -48.587  -0.136 0.5000000000
25908  40.789  -48.169  1.705 0.5000000000
26678  45.839  -46.365  4.931 0.6000000238
25907  41.602  -48.115  1.517 0.5000000000
26686  47.086  -46.274  3.824 0.5000000000
26699  48.293  -46.726  2.085 0.6000000238
28166  42.908  -44.517  7.023 0.4000000060
28891  42.263  -44.068  7.469 0.4000000060
28175  45.246  -44.992  5.412 0.4000000060
25909  38.508  -47.737  1.178 0.5000000000
27456  45.860  -45.444  4.931 0.5000000000
25892  41.270  -47.761  2.367 0.5000000000
25881  40.007  -47.207  3.286 0.5000000000
27463  47.635  -45.878  3.214 0.6000000238
28193  47.634  -45.028  3.172 0.6000000238
27472  48.538  -46.024  1.968 0.6000000238
112488  42.180  -46.184  2.972 0.5000000000
27466  40.066  -46.248  3.628 0.5000000000
25882  38.958  -47.400  3.198 0.4000000060
28194  46.965  -44.590  3.696 0.5000000000
28185  46.444  -45.001  4.361 0.5000000000
28923  47.551  -44.176  3.064 0.6000000238
28199  48.270  -44.636  2.513 0.6000000238
28929  48.212  -43.745  2.416 0.6000000238
28198  48.799  -45.114  1.862 0.6000000238
28177  43.964  -44.210  6.161 0.4000000060
28898  42.734  -43.640  6.940 0.4000000060
111100  40.169  -45.239  3.674 0.5000000000
26688  39.181  -46.621  3.702 0.5000000000
26690  37.714  -46.681  3.644 0.4000000060
28195  41.065  -45.166  3.321 0.6000000238
121950  38.457  -46.970  3.542 0.4000000060
28918  45.575  -43.753  4.554 0.6000000238
28924  46.799  -43.706  3.536 0.6000000238
29704  46.558  -42.833  3.334 0.6000000238
29712  47.147  -42.311  2.725 0.6000000238
28899  42.108  -43.311  7.283 0.4000000060
121333  38.556  -45.102  4.410 0.4000000060
27469  36.348  -45.856  3.869 0.4000000060
29688  44.100  -42.994  5.199 0.6000000238
28910  44.401  -43.780  5.547 0.4000000060
29698  45.308  -42.930  4.246 0.6000000238
28909  45.109  -44.172  5.204 0.6000000238
28925  46.052  -43.329  3.916 0.5000000000
30600  45.501  -41.671  3.382 0.6000000238
29705  45.771  -42.487  3.650 0.5000000000
112623  47.904  -42.119  2.201 0.6000000238
28892  41.650  -43.697  7.816 0.4000000060
29673  43.044  -43.143  6.229 0.4000000060
28926  40.379  -43.606  3.206 0.6000000238
116035  38.985  -44.293  4.286 0.5000000000
28189  37.406  -44.477  4.836 0.5000000000
27460  35.985  -45.258  4.342 0.5000000000
28911  43.695  -43.455  5.866 0.4000000060
29700  43.742  -42.238  4.817 0.5000000000
29706  44.988  -42.145  3.905 0.5000000000
30601  44.673  -41.352  3.602 0.5000000000
30607  46.063  -41.284  2.849 0.6000000238
115563  46.784  -41.015  2.398 0.6000000238
30611  48.352  -41.592  1.749 0.6000000238
30572  41.062  -41.402  6.548 0.4000000060
29675  41.879  -42.639  6.932 0.4000000060
112998  41.464  -42.165  6.925 0.4000000060
29663  41.500  -42.810  7.620 0.4000000060
29715  40.648  -42.443  2.298 0.6000000238
30571  41.897  -42.012  6.280 0.4000000060
29674  42.406  -42.841  6.598 0.4000000060
29701  39.242  -43.040  3.932 0.6000000238
28922  37.773  -43.641  4.946 0.5000000000
28190  36.540  -44.598  4.903 0.4000000060
30586  42.273  -41.558  5.469 0.4000000060
30594  44.202  -41.801  4.191 0.5000000000
31528  45.220  -40.786  3.009 0.5000000000
31537  46.042  -40.502  2.464 0.6000000238
31536  46.883  -40.270  1.976 0.6000000238
31544  47.718  -40.049  1.577 0.6000000238
30573  40.447  -41.265  7.135 0.4000000060
30608  40.278  -41.623  2.130 0.6000000238
29708  39.585  -42.463  3.416 0.6000000238
29709  38.952  -42.437  4.085 0.5000000000
28179  36.093  -43.953  5.381 0.5000000000
30587  41.542  -41.151  5.773 0.4000000060
30596  42.647  -41.148  4.778 0.4000000060
30595  43.409  -41.472  4.490 0.5000000000
31530  43.526  -40.294  3.589 0.5000000000
30559  40.952  -41.960  7.361 0.4000000060
30603  39.657  -41.632  2.913 0.6000000238
30597  38.562  -41.662  4.275 0.5000000000
30598  37.977  -41.958  4.867 0.5000000000
30602  43.850  -41.062  3.862 0.5000000000
32569  43.998  -39.858  3.059 0.4000000060
31538  45.306  -39.930  2.455 0.4000000060
32584  47.168  -39.438  1.586 0.6000000238
33581  48.811  -38.412  0.644 0.4000000060
117221  39.755  -40.745  7.523 0.4000000060
31500  40.275  -40.524  6.588 0.4000000060
30617  40.049  -40.862  1.618 0.6000000238
31499  40.926  -40.688  6.007 0.4000000060
125964  39.666  -40.279  1.110 0.5000000000
31532  39.183  -40.964  3.138 0.5000000000
129360  38.087  -41.207  4.635 0.5000000000
29691  37.254  -42.261  5.424 0.4000000060
31533  38.630  -40.427  3.393 0.4000000060
31531  42.754  -39.920  3.846 0.5000000000
32570  43.287  -39.497  3.329 0.5000000000
32579  43.757  -39.165  2.836 0.6000000238
120022  45.409  -39.053  1.996 0.4000000060
33583  46.418  -38.638  1.621 0.4000000060
33582  47.673  -38.525  1.243 0.4000000060
33575  44.850  -38.341  2.090 0.5000000000
31546  39.005  -39.896  1.548 0.5000000000
31540  38.957  -40.243  2.489 0.6000000238
32580  38.312  -39.543  1.983 0.4000000060
34466  46.262  -37.587  1.617 0.5000000000
34464  47.997  -37.554  0.851 0.5000000000
34456  44.080  -37.234  2.621 0.5000000000
33576  44.002  -38.336  2.544 0.5000000000
33574  45.596  -38.225  1.778 0.5000000000
34454  45.418  -37.322  1.941 0.5000000000
32545  39.807  -39.525  6.348 0.4000000060
119378  46.622  -35.662  -0.371 0.5000000000
35384  47.710  -36.704  0.778 0.4000000060
120224  47.023  -36.764  1.352 0.5000000000
34455  44.971  -36.646  2.451 0.5000000000
127019  44.591  -37.606  2.271 0.5000000000
32592  38.008  -38.972  0.888 0.4000000060
36247  46.359  -35.417  0.807 0.4000000060
36239  46.820  -35.778  1.246 0.4000000060
35389  47.453  -36.226  0.610 0.5000000000
126126  47.111  -36.157  1.251 0.5000000000
118485  46.248  -36.648  1.799 0.5000000000
35385  46.514  -35.830  1.850 0.5000000000
35374  45.890  -36.068  2.336 0.5000000000
35375  45.489  -35.470  2.859 0.5000000000
36229  45.922  -35.241  2.519 0.4000000060
27477  41.950  -45.281  3.059 0.5000000000
28196  40.649  -44.381  3.314 0.6000000238
118568  42.233  -47.005  2.667 0.6000000238
28934  40.846  -43.154  2.579 0.6000000238
24259  41.620  -49.633  -0.531 0.5000000000
32590  39.239  -39.506  0.014 0.5000000000
31543  48.534  -40.253  1.307 0.6000000238
32583  48.512  -39.381  1.105 0.4000000060
25893  40.462  -47.775  2.571 0.5000000000
26703  41.560  -46.755  3.051 0.5000000000
26687  40.780  -46.592  3.336 0.5000000000
27457  38.854  -45.861  4.147 0.4000000060
27468  37.166  -46.122  4.041 0.4000000060
28919  44.836  -43.376  4.859 0.6000000238
28187  39.342  -45.099  4.118 0.6000000238
118377  37.840  -45.060  4.591 0.4000000060
29690  42.640  -42.364  5.839 0.4000000060
29707  40.206  -42.875  2.953 0.6000000238
28927  39.743  -43.312  3.550 0.6000000238
28188  38.230  -44.315  4.640 0.5000000000
132581  35.460  -45.476  4.076 0.5000000000
28178  36.971  -43.808  5.219 0.5000000000
30604  39.141  -41.685  3.615 0.5000000000
28912  37.308  -43.115  5.279 0.5000000000
29702  37.908  -42.801  4.967 0.5000000000
31529  44.649  -40.131  2.837 0.5000000000
28913  36.499  -43.050  5.636 0.5000000000
31520  42.333  -40.353  4.471 0.5000000000
132984  39.473  -40.428  1.851 0.6000000238
36240  46.189  -35.278  1.963 0.4000000060
8437  33.133  -68.605  2.614 0.3000000119
114004  33.960  -68.984  0.942 0.3000000119
8436  34.007  -69.451  2.626 0.3000000119
7800  35.003  -69.088  0.676 0.3000000119
115501  34.698  -69.233  1.131 0.3000000119
7781  35.124  -69.523  1.759 0.3000000119
8477  35.622  -68.167  -0.011 0.3000000119
8464  35.515  -68.808  0.779 0.3000000119
9176  36.358  -68.745  3.033 0.3000000119
133378  36.216  -69.173  2.192 0.3000000119
9198  36.724  -68.054  1.396 0.3000000119
9207  36.387  -67.716  0.523 0.3000000119
8435  36.404  -68.926  2.409 0.3000000119
9175  36.962  -67.716  2.794 0.3000000119
9188  36.828  -68.293  2.441 0.3000000119
116225  36.910  -68.261  1.859 0.4000000060
9197  37.314  -67.631  1.775 0.4000000060
9930  37.419  -66.363  0.603 0.4000000060
10667  37.655  -65.651  0.278 0.3000000119
10632  38.145  -65.839  3.084 0.3000000119
9892  38.368  -66.111  2.488 0.4000000060
9907  38.425  -66.237  2.030 0.4000000060
9917  37.721  -66.701  1.390 0.4000000060
10619  37.538  -65.220  3.669 0.3000000119
10666  38.624  -64.996  1.015 0.4000000060
12237  37.998  -63.792  4.585 0.4000000060
130789  38.053  -64.776  3.755 0.4000000060
10677  38.113  -65.065  0.332 0.4000000060
11475  38.524  -64.391  0.416 0.3000000119
11446  39.126  -64.768  3.088 0.4000000060
10631  38.773  -65.433  2.787 0.3000000119
10643  39.095  -65.122  1.972 0.4000000060
11433  38.605  -64.379  3.798 0.4000000060
12265  39.410  -63.673  1.693 0.5000000000
10654  38.992  -64.893  1.578 0.4000000060
18820  43.080  -55.567  1.099 0.5000000000
12236  39.010  -63.652  4.213 0.4000000060
11466  39.020  -64.253  1.148 0.4000000060
17034  40.180  -58.080  -0.369 0.3000000119
17026  41.651  -57.495  0.222 0.4000000060
13806  39.458  -61.667  0.370 0.3000000119
23476  40.527  -50.776  -0.132 0.4000000060
22585  39.756  -51.099  -0.204 0.4000000060
22567  45.652  -51.577  1.472 0.4000000060
22566  46.398  -51.377  1.661 0.4000000060
21637  45.088  -52.471  1.684 0.4000000060
11432  39.376  -64.039  3.404 0.4000000060
10630  39.170  -64.981  2.471 0.3000000119
11456  39.322  -64.463  2.003 0.5000000000
20680  44.615  -53.506  1.830 0.4000000060
19755  44.121  -54.412  1.666 0.4000000060
12235  39.660  -63.323  3.714 0.4000000060
17962  41.184  -57.248  -0.057 0.4000000060
17953  42.235  -56.838  0.468 0.5000000000
12273  39.151  -63.411  0.903 0.5000000000
16121  41.939  -58.058  0.647 0.4000000060
16131  40.453  -58.505  -0.287 0.4000000060
15279  40.609  -59.087  -0.022 0.4000000060
24261  39.935  -49.736  -0.523 0.4000000060
22576  46.708  -50.612  1.285 0.4000000060
12248  39.727  -63.621  3.044 0.4000000060
19754  44.652  -54.180  1.913 0.4000000060
18819  43.719  -55.232  1.449 0.5000000000
126364  39.924  -62.999  3.318 0.4000000060
12257  39.596  -63.730  2.421 0.4000000060
18818  44.061  -55.516  1.686 0.5000000000
13757  40.449  -61.851  3.770 0.4000000060
13004  40.228  -62.341  3.193 0.4000000060
133055  40.017  -62.533  2.574 0.4000000060
13023  39.928  -62.308  1.986 0.5000000000
19753  45.173  -53.952  2.198 0.4000000060
17943  43.673  -56.371  1.667 0.5000000000
13756  40.808  -61.064  3.977 0.4000000060
13796  39.707  -62.017  1.207 0.5000000000
124620  43.240  -56.705  1.272 0.4000000060
13805  40.019  -61.142  0.920 0.4000000060
14527  40.906  -59.836  1.097 0.4000000060
15278  41.167  -59.185  0.647 0.4000000060
16114  41.763  -58.698  1.023 0.4000000060
21617  46.450  -52.478  2.634 0.4000000060
21616  47.034  -52.115  3.161 0.3000000119
13772  40.633  -61.427  3.294 0.4000000060
13784  40.378  -61.682  2.591 0.4000000060
19745  45.518  -54.176  2.805 0.4000000060
125012  35.565  -45.723  3.668 0.4000000060
15253  41.405  -59.618  4.427 0.4000000060
130439  41.002  -60.742  3.416 0.4000000060
14515  40.728  -60.765  2.253 0.5000000000
14520  40.559  -60.577  1.454 0.5000000000
18810  45.233  -55.087  3.250 0.5000000000
123761  44.198  -56.185  2.353 0.4000000060
15252  41.811  -59.591  3.826 0.4000000060
16112  42.922  -57.414  1.433 0.4000000060
16106  42.821  -57.971  2.089 0.4000000060
24235  47.602  -50.012  3.011 0.4000000060
20668  46.639  -52.879  3.310 0.3000000119
14508  41.365  -60.230  3.184 0.4000000060
20659  46.221  -53.646  3.448 0.3000000119
127318  41.687  -59.746  3.427 0.4000000060
15251  42.194  -59.209  3.478 0.4000000060
14514  41.283  -60.157  2.625 0.4000000060
15268  41.648  -59.494  2.313 0.5000000000
16074  42.584  -58.429  4.635 0.4000000060
16089  42.792  -58.649  3.977 0.4000000060
16107  42.551  -58.487  2.405 0.4000000060
116535  44.183  -56.742  3.157 0.4000000060
25073  47.587  -48.644  3.028 0.4000000060
16102  42.704  -58.637  3.234 0.4000000060
11504  34.687  -64.801  -2.301 0.3000000119
112270  36.095  -67.639  3.466 0.3000000119
129111  37.388  -66.059  3.301 0.3000000119
120182  37.603  -64.452  4.198 0.4000000060
12986  39.564  -62.184  4.946 0.4000000060
13005  40.075  -62.564  4.013 0.4000000060
15240  40.576  -59.954  4.985 0.4000000060
21606  47.183  -52.484  4.083 0.3000000119
16075  41.708  -58.740  4.888 0.4000000060
23454  47.512  -50.662  3.508 0.4000000060
133562  46.998  -53.051  4.759 0.4000000060
19737  46.452  -53.889  4.286 0.4000000060
126815  42.904  -57.891  5.064 0.4000000060
16073  43.308  -57.973  4.529 0.4000000060
16088  43.258  -58.189  3.761 0.4000000060
17005  43.553  -57.762  3.552 0.4000000060
18803  45.277  -55.649  4.253 0.3000000119
18804  44.699  -55.982  3.284 0.4000000060
17902  44.092  -56.880  5.425 0.4000000060
18828  42.661  -56.253  0.746 0.4000000060
120433  47.571  -49.524  3.111 0.4000000060
7782  34.570  -69.491  2.056 0.3000000119
8465  35.008  -68.614  -0.167 0.3000000119
10702  33.487  -65.993  -2.702 0.3000000119
114696  35.142  -65.189  -2.336 0.3000000119
8449  35.954  -68.987  1.507 0.3000000119
8448  36.471  -68.780  1.859 0.4000000060
9206  37.050  -67.220  1.005 0.4000000060
9187  37.458  -67.528  2.240 0.3000000119
9893  37.673  -66.717  2.727 0.3000000119
9196  37.950  -66.893  1.931 0.4000000060
10655  38.670  -65.571  1.663 0.4000000060
10620  36.448  -65.689  3.789 0.3000000119
12217  38.476  -63.185  4.994 0.4000000060
13018  39.702  -63.068  2.184 0.4000000060
13030  39.261  -62.571  0.638 0.5000000000
14529  39.689  -60.742  0.086 0.3000000119
13024  39.512  -62.880  1.452 0.5000000000
13758  40.223  -61.675  4.477 0.4000000060
15272  41.471  -59.347  1.498 0.4000000060
17013  43.618  -57.394  2.855 0.4000000060
25068  45.747  -48.567  4.562 0.4000000060
119960  46.168  -47.964  4.501 0.4000000060
25069  44.785  -48.261  4.791 0.4000000060
26666  44.591  -46.119  5.770 0.3000000119
25868  45.489  -47.025  5.026 0.5000000000
25875  46.759  -47.680  4.154 0.4000000060
26676  47.080  -47.035  3.817 0.4000000060
120197  39.356  -51.802  7.314 0.3000000119
22516  40.244  -51.470  7.148 0.3000000119
25063  40.721  -48.368  5.908 0.3000000119
129695  41.743  -47.382  5.630 0.3000000119
110766  42.169  -45.886  6.523 0.3000000119
27433  43.378  -45.260  6.611 0.3000000119
23428  40.419  -50.565  6.936 0.3000000119
25052  40.047  -48.582  6.512 0.3000000119
25863  40.418  -47.588  6.148 0.3000000119
21572  39.300  -52.720  7.357 0.3000000119
22517  39.514  -50.930  7.271 0.3000000119
26659  41.440  -46.212  6.365 0.3000000119
27435  41.771  -45.490  6.919 0.3000000119
24216  40.106  -49.592  6.819 0.3000000119
26661  39.728  -46.968  6.627 0.3000000119
27436  40.848  -45.721  6.818 0.3000000119
25044  38.769  -48.836  7.461 0.3000000119
25053  39.371  -48.347  7.056 0.3000000119
116308  39.138  -45.917  7.422 0.3000000119
118350  38.658  -47.128  7.542 0.3000000119
27427  38.753  -45.564  7.956 0.3000000119
23430  38.907  -50.328  7.396 0.3000000119
27425  40.451  -45.311  7.315 0.3000000119
28158  40.681  -44.634  7.842 0.3000000119
29664  40.819  -42.500  8.151 0.3000000119
25854  38.498  -47.915  7.673 0.3000000119
27437  39.844  -45.982  6.915 0.3000000119
28883  40.282  -43.426  8.842 0.3000000119
26649  38.604  -46.394  7.730 0.3000000119
27416  39.122  -44.819  8.329 0.3000000119
28159  39.908  -44.531  8.188 0.3000000119
28147  39.637  -44.079  8.821 0.3000000119
30560  40.307  -41.633  7.878 0.3000000119
28882  41.033  -43.386  8.342 0.3000000119
30547  40.165  -42.140  8.696 0.3000000119
31484  39.197  -40.451  8.369 0.3000000119
131018  39.552  -40.028  6.969 0.3000000119
32526  38.903  -39.640  8.435 0.3000000119
32527  38.930  -39.251  7.834 0.3000000119
32537  39.211  -39.260  7.072 0.3000000119
119736  44.367  -46.843  5.469 0.3000000119
25869  44.914  -47.328  5.149 0.4000000060
27434  42.582  -45.305  6.905 0.3000000119
28145  41.203  -44.063  8.164 0.3000000119
24230  45.160  -49.305  4.625 0.5000000000
26660  40.548  -46.533  6.399 0.3000000119
25862  41.216  -47.008  5.914 0.3000000119
122564  42.527  -47.419  5.432 0.3000000119
26668  43.058  -46.544  5.871 0.3000000119
25864  39.699  -47.803  6.638 0.3000000119
24208  39.279  -49.619  7.280 0.3000000119
27424  41.280  -45.071  7.391 0.3000000119
26648  39.145  -46.642  7.177 0.3000000119
28148  38.738  -44.504  9.052 0.3000000119
28132  39.133  -43.891  9.524 0.3000000119
28146  40.547  -44.043  8.445 0.3000000119
26642  38.113  -46.161  8.492 0.3000000119
28884  39.731  -43.487  9.308 0.3000000119
19727  46.295  -54.459  4.856 0.3000000119
18779  46.064  -54.700  5.479 0.4000000060
19709  45.084  -54.562  6.295 0.4000000060
20628  45.802  -54.009  6.088 0.4000000060
20649  46.736  -53.685  4.905 0.3000000119
21582  45.204  -53.192  6.086 0.4000000060
21583  44.073  -53.046  6.325 0.3000000119
20639  46.473  -54.067  5.394 0.4000000060
111570  45.595  -52.534  5.653 0.4000000060
22536  43.896  -51.561  5.606 0.3000000119
22543  46.851  -51.664  4.900 0.3000000119
22534  46.131  -51.847  5.254 0.4000000060
22535  44.953  -51.732  5.438 0.4000000060
118975  46.605  -50.411  4.477 0.3000000119
112475  45.667  -50.253  4.654 0.4000000060
23449  44.480  -50.179  4.808 0.4000000060
23448  47.081  -51.104  4.491 0.3000000119
24228  47.046  -49.901  4.155 0.3000000119
25066  47.324  -49.255  3.652 0.3000000119
22541  47.409  -51.238  4.146 0.3000000119
23441  45.318  -51.029  4.982 0.4000000060
19707  46.118  -54.371  5.737 0.4000000060
11434  36.637  -64.740  4.329 0.3000000119
16993  44.293  -57.052  4.628 0.3000000119
122122  34.645  -65.034  6.100 0.3000000119
11417  34.882  -65.251  5.473 0.3000000119
11415  35.862  -64.393  5.021 0.3000000119
18780  45.656  -55.293  5.493 0.3000000119
16978  43.965  -57.353  4.867 0.3000000119
12205  35.228  -63.783  6.512 0.3000000119
12219  35.916  -63.743  5.723 0.3000000119
12218  37.620  -63.353  5.262 0.3000000119
12987  38.794  -62.547  5.381 0.3000000119
17885  44.863  -55.860  5.895 0.3000000119
12187  34.982  -63.355  8.096 0.3000000119
12194  35.602  -63.154  7.289 0.3000000119
12203  36.910  -63.145  5.919 0.3000000119
12204  36.021  -63.282  6.450 0.3000000119
12988  37.951  -62.814  5.741 0.3000000119
12961  36.395  -62.442  7.692 0.3000000119
12971  36.613  -62.736  6.856 0.3000000119
12970  37.512  -62.449  6.484 0.3000000119
13737  39.552  -61.318  5.440 0.3000000119
13736  40.384  -60.821  4.812 0.3000000119
16076  40.756  -59.063  5.215 0.3000000119
12962  35.660  -62.762  8.102 0.3000000119
13738  38.988  -61.944  5.676 0.3000000119
12969  38.330  -62.174  6.122 0.3000000119
14487  39.687  -60.258  5.594 0.3000000119
18770  44.541  -55.601  6.209 0.3000000119
13711  36.851  -61.771  7.993 0.3000000119
12953  36.167  -62.196  8.483 0.3000000119
12960  37.206  -62.101  7.271 0.3000000119
13722  37.915  -61.760  6.791 0.3000000119
13720  39.056  -60.792  6.085 0.3000000119
16963  42.608  -57.320  5.616 0.3000000119
17886  44.145  -56.216  6.047 0.3000000119
19710  44.413  -54.998  6.429 0.3000000119
17927  44.668  -56.493  4.261 0.3000000119
14472  37.954  -60.603  7.230 0.3000000119
14471  38.498  -60.704  6.642 0.3000000119
16077  40.025  -59.432  5.529 0.3000000119
16964  41.560  -57.300  5.903 0.3000000119
12238  36.863  -63.867  4.955 0.3000000119
11416  35.099  -64.449  5.763 0.3000000119
7754  35.967  -69.423  2.459 0.3000000119
7767  36.016  -69.318  2.018 0.3000000119
7780  35.537  -69.272  1.569 0.3000000119
8434  36.949  -68.307  2.090 0.4000000060
8463  36.122  -68.477  1.028 0.3000000119
9186  38.037  -66.725  2.233 0.4000000060
9916  38.239  -66.260  1.669 0.4000000060
9929  38.125  -65.805  0.991 0.4000000060
9943  37.110  -66.033  -0.144 0.3000000119
10644  38.805  -65.594  2.224 0.3000000119
11445  39.458  -64.307  2.744 0.4000000060
11447  38.481  -65.095  3.351 0.4000000060
11474  38.785  -63.797  0.471 0.5000000000
11505  34.031  -65.242  -2.418 0.3000000119
12247  39.863  -63.073  2.790 0.4000000060
13006  39.358  -62.941  4.561 0.4000000060
13721  38.641  -61.422  6.270 0.3000000119
13771  40.896  -60.828  2.917 0.4000000060
14497  41.351  -60.221  3.765 0.4000000060
14498  40.958  -60.362  4.345 0.4000000060
14519  41.112  -60.005  1.907 0.5000000000
14528  40.336  -60.305  0.615 0.3000000119
15261  42.175  -59.068  2.743 0.4000000060
15262  41.762  -59.649  2.972 0.4000000060
15267  42.004  -58.867  1.929 0.4000000060
16061  39.882  -58.576  5.894 0.3000000119
16090  42.166  -59.082  4.183 0.4000000060
16101  43.123  -58.071  2.894 0.4000000060
16113  42.383  -58.164  1.434 0.4000000060
16122  41.255  -58.404  0.184 0.4000000060
16130  40.929  -57.840  -0.206 0.4000000060
16977  44.671  -56.379  5.489 0.3000000119
16979  43.456  -57.420  5.225 0.4000000060
16980  42.083  -57.984  5.290 0.3000000119
16994  43.742  -57.627  4.231 0.4000000060
17004  44.028  -57.249  3.825 0.4000000060
17025  42.375  -57.449  0.736 0.4000000060
17028  39.840  -57.667  -0.049 0.3000000119
17035  39.373  -58.316  -0.361 0.3000000119
17901  45.188  -55.863  5.481 0.3000000119
17918  45.327  -55.901  5.053 0.3000000119
17934  43.800  -56.790  2.366 0.4000000060
17935  43.406  -57.084  1.933 0.4000000060
17944  41.571  -56.397  0.574 0.5000000000
17946  40.019  -56.765  1.355 0.6000000238
17952  42.821  -56.735  0.848 0.5000000000
17954  41.643  -56.846  0.224 0.4000000060
17956  40.330  -57.057  0.397 0.3000000119
18768  45.501  -55.328  5.764 0.3000000119
18769  45.145  -55.243  6.137 0.4000000060
18795  45.886  -55.155  4.979 0.4000000060
18811  44.596  -55.514  2.465 0.5000000000
18813  40.870  -55.411  2.488 0.5000000000
18827  43.342  -56.019  1.072 0.5000000000
18829  42.101  -56.448  0.513 0.4000000060
19708  45.740  -54.781  5.974 0.4000000060
19717  45.854  -54.884  5.703 0.3000000119
19728  45.735  -54.978  4.291 0.3000000119
19738  45.915  -54.380  3.821 0.4000000060
19740  40.670  -54.216  3.444 0.5000000000
19746  44.755  -54.753  2.187 0.4000000060
19757  42.732  -54.960  1.566 0.6000000238
20629  44.684  -53.814  6.373 0.3000000119
20640  46.415  -53.738  5.591 0.4000000060
20658  46.791  -53.265  4.175 0.4000000060
20661  40.539  -53.482  3.622 0.5000000000
20669  45.873  -53.262  2.529 0.4000000060
20670  43.800  -53.543  1.912 0.5000000000
20679  45.245  -53.336  1.974 0.4000000060
21581  46.144  -53.264  5.716 0.4000000060
21592  46.699  -53.035  5.313 0.4000000060
21593  44.500  -52.395  5.890 0.3000000119
21597  47.106  -52.553  4.858 0.3000000119
21605  47.350  -51.818  4.248 0.3000000119
21615  47.353  -51.769  3.656 0.3000000119
21618  43.431  -52.324  2.264 0.4000000060
21620  41.673  -52.230  3.011 0.4000000060
21621  40.797  -52.002  3.189 0.4000000060
21635  46.726  -51.756  2.390 0.5000000000
22533  46.868  -52.285  5.115 0.3000000119
22542  47.179  -51.808  4.660 0.3000000119
22547  47.471  -51.245  3.640 0.4000000060
22564  47.434  -50.461  2.410 0.5000000000
22570  41.821  -50.921  1.981 0.4000000060
22577  46.043  -50.865  1.006 0.5000000000
22579  40.013  -51.223  0.434 0.4000000060
22580  39.173  -51.534  0.197 0.4000000060
23429  39.663  -50.210  7.195 0.3000000119
23440  46.323  -51.070  4.788 0.4000000060
23447  47.360  -50.641  4.050 0.3000000119
23461  47.461  -49.745  1.780 0.5000000000
23463  44.181  -50.889  1.269 0.4000000060
23466  41.585  -50.640  1.052 0.4000000060
23469  47.315  -49.509  1.037 0.4000000060
23470  46.886  -49.933  0.827 0.4000000060
23471  45.594  -50.182  0.357 0.4000000060
23474  42.714  -50.334  0.330 0.4000000060
23481  44.853  -49.690  -0.275 0.4000000060
23484  41.090  -50.222  -0.382 0.5000000000
23485  40.289  -50.421  -0.388 0.5000000000
23486  39.475  -50.595  -0.426 0.4000000060
24209  38.558  -49.682  7.497 0.3000000119
24227  47.470  -50.062  3.573 0.4000000060
24229  46.166  -49.524  4.461 0.3000000119
24250  47.395  -48.873  0.527 0.6999999881
24251  46.940  -49.266  0.290 0.6000000238
24257  44.229  -49.303  -0.552 0.6000000238
25059  44.121  -47.617  5.105 0.3000000119
25067  46.675  -48.753  4.224 0.4000000060
25077  40.080  -48.131  1.929 0.5000000000
25086  41.810  -48.317  0.626 0.5000000000
25103  46.124  -48.472  -0.511 0.5000000000
25106  41.179  -49.092  -0.507 0.5000000000
25107  40.318  -49.058  -0.420 0.5000000000
25846  38.145  -47.144  8.116 0.3000000119
25853  39.137  -47.577  7.146 0.3000000119
25872  41.181  -47.840  5.677 0.3000000119
25877  45.516  -47.705  4.778 0.5000000000
25883  38.070  -47.353  3.067 0.4000000060
25889  48.115  -47.445  1.940 0.6999999881
25891  42.031  -47.659  2.173 0.6999999881
25894  39.368  -48.049  1.612 0.5000000000
25903  48.201  -47.413  0.932 0.6999999881
25917  43.075  -48.071  0.303 0.5000000000
25918  38.206  -47.756  0.334 0.5000000000
25924  47.409  -47.808  -0.198 0.6000000238
25928  43.655  -48.150  -0.212 0.6000000238
26658  42.829  -45.923  6.432 0.3000000119
26665  45.110  -46.581  5.377 0.6000000238
26669  42.128  -46.614  5.963 0.3000000119
26689  38.443  -46.438  3.918 0.4000000060
26691  36.750  -46.469  3.367 0.4000000060
26700  48.073  -46.329  2.580 0.6000000238
26701  43.652  -46.846  1.910 0.6999999881
26704  40.966  -47.281  2.992 0.5000000000
26712  48.422  -46.747  1.457 0.6000000238
26725  48.309  -46.340  0.335 0.6000000238
26726  47.198  -47.195  -0.358 0.6000000238
26727  46.442  -47.292  -0.450 0.6000000238
27426  39.646  -45.222  7.655 0.3000000119
27455  46.486  -45.852  4.409 0.5000000000
27458  37.954  -45.877  4.292 0.4000000060
27459  37.030  -45.370  4.488 0.4000000060
27464  47.046  -45.426  3.795 0.5000000000
27465  41.383  -45.979  3.281 0.5000000000
27467  39.540  -45.827  3.906 0.5000000000
27470  35.024  -45.599  3.794 0.5000000000
27473  48.202  -45.488  2.582 0.6000000238
27476  42.840  -45.527  2.793 0.5000000000
27478  49.226  -44.718  0.741 0.6999999881
27483  46.944  -45.616  0.020 0.6999999881
28156  42.133  -44.805  7.350 0.4000000060
28157  41.582  -44.382  7.722 0.3000000119
28164  44.067  -44.952  6.309 0.4000000060
28176  44.595  -44.582  5.789 0.4000000060
28186  45.771  -44.600  4.783 0.6000000238
28197  39.786  -44.227  3.757 0.6000000238
28202  41.554  -44.347  2.890 0.6999999881
28203  40.965  -43.794  2.875 0.6000000238
28205  45.897  -44.102  1.287 0.6000000238
28207  49.291  -44.252  0.260 0.6999999881
28210  46.485  -44.623  0.572 0.6999999881
28211  49.345  -43.839  -0.109 0.6000000238
28212  49.013  -43.883  -0.375 0.6000000238
28897  43.372  -43.917  6.565 0.4000000060
28917  46.297  -44.162  4.181 0.5000000000
28920  39.274  -43.646  4.024 0.5000000000
28921  38.620  -43.326  4.471 0.5000000000
28928  48.921  -44.188  1.739 0.6000000238
28932  42.262  -43.158  2.081 0.6999999881
28936  49.537  -43.536  0.864 0.6999999881
28939  44.724  -43.209  1.889 0.6000000238
28947  48.529  -43.061  -0.554 0.6999999881
29653  40.520  -42.866  8.706 0.3000000119
29689  43.361  -42.670  5.508 0.4000000060
29699  44.535  -42.574  4.524 0.6000000238
29703  47.362  -43.255  2.913 0.6000000238
29711  48.057  -42.819  2.337 0.6000000238
29716  40.081  -42.204  2.730 0.6000000238
29717  49.830  -42.645  0.153 0.6000000238
29719  48.729  -42.364  1.687 0.6000000238
29725  41.042  -42.010  1.653 0.6999999881
29726  49.742  -42.706  -0.199 0.6000000238
30585  43.008  -41.892  5.148 0.4000000060
30599  46.290  -42.017  3.150 0.6000000238
30605  47.412  -41.570  2.319 0.6000000238
30606  46.707  -41.639  2.704 0.6000000238
30610  49.456  -41.769  1.052 0.6999999881
30612  45.429  -41.521  0.924 0.6000000238
30614  43.257  -41.523  0.933 0.6999999881
30615  42.335  -41.636  0.993 0.6999999881
31519  43.080  -40.711  4.175 0.5000000000
31535  47.761  -40.825  1.806 0.6000000238
31539  39.614  -40.947  2.381 0.6000000238
31551  44.608  -40.584  0.460 0.6999999881
31552  43.584  -40.649  0.255 0.6999999881
31556  39.846  -40.186  0.140 0.6000000238
31559  49.031  -39.989  -1.160 0.6000000238
32577  46.157  -39.660  2.002 0.4000000060
32578  44.528  -39.295  2.505 0.5000000000
32582  49.729  -39.063  0.261 0.5000000000
32585  39.109  -39.737  0.684 0.5000000000
32586  38.386  -39.377  1.114 0.4000000060
32588  50.128  -39.693  -0.715 0.5000000000
32589  50.265  -39.757  -0.413 0.5000000000
32593  49.671  -39.254  -1.094 0.6000000238
32596  46.056  -39.343  -0.431 0.6000000238
32597  45.043  -39.496  -0.328 0.6000000238
32598  44.021  -39.750  -0.354 0.6999999881
33529  38.985  -38.576  7.665 0.3000000119
33586  50.009  -39.053  -0.380 0.6000000238
33597  41.051  -38.517  -0.781 0.6000000238
33601  48.281  -37.651  -1.549 0.6000000238
33602  47.301  -37.611  -1.761 0.6000000238
33605  43.080  -37.864  -1.381 0.6999999881
33606  42.319  -37.984  -1.231 0.6999999881
34465  47.085  -37.790  1.348 0.5000000000
34471  49.305  -37.808  -0.188 0.6000000238
34472  48.559  -37.267  0.246 0.6000000238
34476  49.335  -37.972  -0.821 0.6000000238
34478  40.465  -37.461  -0.792 0.5000000000
34484  44.841  -37.345  -1.891 0.6999999881
34489  46.984  -36.497  -2.678 0.6000000238
35398  48.264  -36.809  -1.493 0.5000000000
35399  47.697  -36.665  -1.989 0.6000000238
36246  47.093  -35.861  0.185 0.6000000238
36251  47.847  -36.425  -1.495 0.6000000238
36265  45.621  -34.956  -3.723 0.5000000000
112279  47.616  -49.266  2.427 0.5000000000
112565  46.784  -53.369  5.199 0.3000000119
112618  44.402  -51.038  5.181 0.4000000060
113206  47.563  -50.386  2.912 0.4000000060
115443  39.542  -49.015  7.064 0.3000000119
115480  46.385  -52.633  5.425 0.4000000060
116398  44.830  -56.488  5.074 0.3000000119
116616  38.787  -41.090  3.727 0.4000000060
117163  49.983  -41.982  -0.428 0.6000000238
117201  43.172  -57.623  2.238 0.4000000060
117361  47.112  -44.008  0.230 0.6999999881
118117  44.237  -54.841  1.702 0.5000000000
118612  46.275  -46.138  0.152 0.6999999881
118799  43.663  -48.794  -0.608 0.6000000238
118895  45.226  -48.364  -0.601 0.6000000238
119102  49.662  -43.202  0.229 0.6999999881
119580  46.763  -42.732  0.532 0.6000000238
119663  46.272  -49.080  -0.270 0.5000000000
120021  43.255  -38.654  3.034 0.6000000238
120024  41.841  -39.683  -0.484 0.8000000119
120288  47.183  -48.424  3.762 0.4000000060
120906  45.998  -35.437  -0.342 0.5000000000
121400  38.413  -42.444  4.561 0.5000000000
122271  40.621  -59.633  0.408 0.4000000060
122536  42.298  -48.374  0.025 0.5000000000
122568  47.997  -47.017  2.466 0.6000000238
122587  43.799  -34.781  -3.618 0.5000000000
123537  41.618  -47.301  2.696 0.6000000238
123643  50.044  -41.661  -0.744 0.5000000000
123946  48.257  -45.644  0.039 0.6999999881
124077  47.541  -50.808  3.102 0.4000000060
124310  49.750  -41.954  -0.949 0.6000000238
124360  39.576  -47.796  2.583 0.5000000000
124645  44.325  -40.588  3.343 0.4000000060
124890  47.590  -46.849  3.149 0.6000000238
125020  44.653  -41.364  0.980 0.6999999881
125502  40.232  -61.434  1.756 0.5000000000
125574  40.140  -52.348  7.232 0.3000000119
126383  44.249  -54.350  6.492 0.3000000119
126715  42.798  -51.689  2.391 0.4000000060
126751  39.171  -39.924  7.644 0.4000000060
126787  40.692  -45.840  3.481 0.5000000000
127346  47.842  -37.095  -1.902 0.6000000238
127560  41.554  -36.477  -1.680 0.4000000060
127828  49.372  -38.496  -1.034 0.6000000238
128348  43.315  -49.459  -0.537 0.5000000000
128618  44.008  -40.736  0.442 0.6999999881
128959  45.089  -47.684  -0.384 0.6000000238
129242  48.174  -39.573  -0.852 0.6000000238
129895  47.701  -48.684  1.540 0.6999999881
130442  38.938  -48.189  7.365 0.3000000119
130460  44.438  -56.868  5.109 0.3000000119
130933  48.193  -47.422  1.420 0.6999999881
132598  47.099  -50.555  4.296 0.3000000119
