#!ascii label  , from subject sub-fsm02cd vox2ras=TkReg
931
23458  28.361  -50.618  2.360 0.6000000238
16044  25.759  -58.474  8.005 0.6999999881
115881  25.477  -56.918  6.226 0.6999999881
124364  24.627  -55.839  2.930 0.8999999762
19751  25.061  -54.728  2.703 0.8000000119
20677  25.790  -53.367  2.440 0.8000000119
117496  27.910  -49.628  2.281 0.6000000238
121959  29.084  -48.827  2.666 0.6999999881
25081  30.381  -48.289  2.899 0.6999999881
113689  25.995  -58.281  8.815 0.6999999881
114486  24.838  -59.884  9.766 0.6999999881
112562  25.762  -56.711  7.189 0.6999999881
18788  25.519  -55.399  5.753 0.6000000238
17910  25.304  -56.302  5.546 0.6999999881
17911  24.906  -56.431  4.677 0.6999999881
19736  24.821  -55.114  3.834 0.8000000119
20667  25.041  -53.607  3.114 0.8000000119
19752  24.824  -54.399  3.001 0.8000000119
21634  25.311  -52.836  2.811 0.8000000119
122015  26.494  -51.523  2.269 0.6000000238
24242  28.173  -48.901  2.416 0.6000000238
25082  29.466  -48.323  2.859 0.6999999881
26711  32.050  -46.968  2.342 0.6999999881
16942  26.303  -57.732  9.306 0.5000000000
16027  26.004  -58.468  10.587 0.6000000238
126456  26.152  -56.347  8.555 0.4000000060
111433  26.094  -56.906  8.104 0.6000000238
18775  25.723  -55.285  6.872 0.5000000000
19724  25.623  -54.597  5.322 0.6000000238
18801  25.196  -55.201  4.710 0.8000000119
20657  25.223  -53.709  3.754 0.6999999881
21613  25.206  -51.758  3.171 0.6999999881
23455  25.214  -49.987  2.917 0.6999999881
119534  27.266  -48.228  2.534 0.5000000000
25900  28.792  -47.870  3.004 0.6000000238
25884  30.422  -47.433  3.341 0.6000000238
25898  31.329  -47.413  2.826 0.6000000238
119243  33.224  -46.336  2.604 0.5000000000
16920  26.373  -56.807  10.951 0.5000000000
16028  25.337  -59.010  11.091 0.6000000238
16019  25.009  -58.713  11.943 0.6000000238
17863  26.455  -56.901  10.003 0.5000000000
20634  26.085  -54.061  5.977 0.5000000000
21596  26.120  -52.735  4.506 0.6000000238
22545  25.914  -50.810  3.868 0.6000000238
24236  25.217  -49.263  2.942 0.6000000238
25075  25.399  -48.795  2.867 0.5000000000
25901  27.641  -47.742  2.881 0.5000000000
25885  29.252  -47.470  3.377 0.6000000238
111181  30.750  -47.062  3.868 0.6000000238
127029  31.583  -46.910  3.757 0.5000000000
111486  33.129  -46.422  3.708 0.5000000000
116447  35.267  -45.227  4.437 0.5000000000
26694  33.746  -46.143  3.281 0.5000000000
16921  26.160  -57.189  11.636 0.5000000000
16005  24.662  -58.335  12.685 0.5000000000
18755  25.970  -55.532  8.577 0.5000000000
119646  26.079  -53.926  7.851 0.4000000060
21578  26.868  -53.148  7.267 0.3000000119
20633  26.471  -53.597  6.680 0.4000000060
21586  27.504  -52.582  5.751 0.3000000119
120493  28.365  -52.199  6.395 0.3000000119
132081  26.778  -52.888  5.344 0.5000000000
22540  27.085  -51.514  4.516 0.5000000000
23452  26.252  -49.999  3.971 0.5000000000
25074  25.885  -48.141  3.086 0.5000000000
25887  27.096  -47.276  3.339 0.5000000000
26698  28.542  -46.920  3.783 0.6000000238
26682  30.241  -46.753  4.713 0.6000000238
26680  32.331  -46.636  4.442 0.5000000000
26679  33.157  -46.279  4.598 0.5000000000
27461  34.538  -45.543  4.442 0.5000000000
17834  25.669  -56.682  12.272 0.5000000000
17841  26.007  -56.285  11.468 0.5000000000
121464  25.770  -54.566  9.811 0.5000000000
20604  25.909  -53.887  9.259 0.4000000060
20613  25.922  -54.190  8.389 0.5000000000
117298  27.390  -52.760  7.750 0.4000000060
128031  28.068  -52.459  7.311 0.3000000119
22538  29.006  -50.808  5.532 0.3000000119
23451  27.619  -50.083  4.489 0.4000000060
25071  25.963  -48.437  3.452 0.5000000000
25888  26.524  -47.483  3.514 0.4000000060
26681  31.279  -46.793  4.747 0.5000000000
27449  32.285  -45.681  6.001 0.5000000000
26670  32.775  -46.136  5.342 0.5000000000
28191  35.686  -44.681  4.955 0.5000000000
28180  35.223  -44.170  5.552 0.4000000060
27447  34.086  -45.262  5.360 0.5000000000
17835  25.091  -56.101  12.810 0.5000000000
18721  25.511  -55.680  12.010 0.5000000000
119542  25.649  -54.615  10.723 0.5000000000
131593  26.087  -53.515  9.683 0.4000000060
21566  27.283  -52.667  8.694 0.4000000060
22512  29.368  -51.409  7.862 0.3000000119
23445  29.266  -50.289  5.835 0.3000000119
24232  27.837  -49.307  4.729 0.4000000060
25065  26.847  -47.427  4.605 0.4000000060
25879  26.739  -47.065  4.164 0.4000000060
25070  26.732  -48.299  4.315 0.4000000060
25878  26.942  -46.855  3.924 0.4000000060
26684  27.758  -46.457  4.368 0.5000000000
26673  29.661  -46.303  5.357 0.5000000000
26683  29.083  -46.597  4.538 0.6000000238
28168  33.234  -44.671  6.352 0.4000000060
28182  33.759  -44.800  6.041 0.5000000000
19659  25.473  -54.818  11.628 0.4000000060
20589  26.350  -53.168  9.944 0.4000000060
19666  25.571  -54.112  11.283 0.4000000060
21565  28.139  -52.262  8.923 0.4000000060
22513  28.977  -51.810  8.511 0.4000000060
23437  29.577  -50.351  6.749 0.4000000060
24218  28.878  -49.088  6.099 0.4000000060
24226  28.765  -49.548  5.491 0.4000000060
25064  27.843  -48.445  5.263 0.4000000060
25873  26.995  -46.739  5.099 0.4000000060
26674  27.725  -45.947  5.224 0.5000000000
127740  28.595  -46.196  5.079 0.5000000000
27451  30.155  -45.820  5.925 0.6000000238
27439  31.893  -45.204  6.351 0.5000000000
28169  31.870  -44.429  6.527 0.4000000060
27438  32.575  -44.943  6.383 0.4000000060
115965  25.584  -53.713  11.947 0.4000000060
116161  27.518  -52.379  10.423 0.4000000060
20581  25.826  -53.518  11.230 0.4000000060
22505  28.099  -52.118  10.241 0.4000000060
23433  29.660  -50.621  7.772 0.4000000060
25056  27.361  -47.451  5.654 0.4000000060
118921  27.100  -46.224  5.749 0.4000000060
26685  27.136  -46.516  4.851 0.4000000060
27452  28.902  -45.705  5.730 0.5000000000
27441  29.589  -45.190  6.226 0.4000000060
125036  31.338  -45.028  6.394 0.6000000238
21539  26.608  -52.664  11.741 0.4000000060
21546  27.166  -52.455  11.101 0.4000000060
22493  28.699  -51.661  10.550 0.4000000060
22503  29.419  -51.212  9.161 0.4000000060
24203  29.718  -49.746  8.131 0.4000000060
121337  28.980  -48.374  7.818 0.4000000060
123100  27.407  -46.945  7.007 0.5000000000
25865  27.804  -47.544  6.621 0.4000000060
25866  27.187  -46.805  6.061 0.3000000119
27454  27.390  -45.312  6.305 0.3000000119
26675  27.332  -45.961  5.715 0.4000000060
28171  30.063  -44.376  6.323 0.4000000060
28170  30.939  -44.357  6.386 0.5000000000
20575  25.596  -53.259  12.619 0.4000000060
22492  29.332  -51.149  10.081 0.4000000060
24195  29.684  -49.506  9.090 0.4000000060
25039  28.866  -48.096  8.484 0.3000000119
25857  27.583  -46.911  7.934 0.3000000119
117877  27.091  -46.378  6.454 0.3000000119
27442  27.008  -45.417  6.555 0.3000000119
125788  27.929  -44.942  6.293 0.3000000119
28906  29.705  -43.579  6.228 0.4000000060
29682  30.853  -42.695  5.979 0.4000000060
21538  27.186  -52.308  11.918 0.3000000119
22484  28.571  -51.551  11.379 0.3000000119
23405  29.560  -50.352  10.522 0.3000000119
25029  29.476  -48.778  9.738 0.3000000119
115972  29.349  -48.603  9.017 0.3000000119
25849  28.206  -47.369  8.602 0.3000000119
26650  27.041  -46.243  7.278 0.4000000060
27428  26.637  -44.899  7.569 0.4000000060
27443  26.788  -45.018  6.940 0.3000000119
28907  27.851  -43.634  6.589 0.3000000119
28183  28.369  -44.207  6.351 0.3000000119
132369  29.046  -43.656  6.293 0.4000000060
28916  30.094  -42.802  5.965 0.4000000060
29694  31.085  -41.867  5.662 0.4000000060
26651  26.804  -45.635  7.857 0.4000000060
28893  26.944  -43.609  7.465 0.4000000060
119968  27.247  -44.016  6.843 0.4000000060
29683  28.186  -42.621  6.619 0.3000000119
117413  29.360  -42.962  6.176 0.4000000060
112101  29.930  -41.505  5.379 0.4000000060
29695  30.423  -42.030  5.604 0.4000000060
30592  30.626  -41.225  5.271 0.4000000060
28908  27.455  -43.193  6.939 0.4000000060
130441  28.958  -41.552  6.132 0.5000000000
125521  29.656  -40.973  5.284 0.4000000060
30593  30.210  -40.734  4.957 0.4000000060
30591  31.198  -41.127  5.403 0.3000000119
22562  27.169  -51.058  2.192 0.6999999881
18809  24.607  -55.802  3.507 0.8000000119
23459  26.692  -49.959  2.269 0.6000000238
22551  25.202  -52.098  2.973 0.6999999881
112359  25.765  -50.679  2.514 0.6999999881
26695  32.276  -46.695  2.941 0.6000000238
18764  25.808  -55.350  7.733 0.4000000060
20646  25.613  -53.160  4.183 0.6999999881
21603  25.386  -52.389  3.595 0.6999999881
24244  25.748  -49.113  2.511 0.6999999881
18748  25.965  -55.334  9.451 0.5000000000
24234  25.597  -49.204  3.373 0.5000000000
22539  28.247  -51.019  4.856 0.4000000060
128862  27.574  -46.904  3.687 0.6000000238
26672  30.783  -46.392  5.500 0.5000000000
27450  31.287  -45.740  6.072 0.6000000238
25047  28.663  -48.256  7.088 0.3000000119
124841  28.638  -45.041  6.199 0.4000000060
21532  26.725  -52.286  12.617 0.4000000060
28184  27.596  -44.501  6.520 0.3000000119
122836  28.599  -43.243  6.384 0.3000000119
29697  28.947  -42.478  6.237 0.3000000119
31516  30.704  -40.484  4.895 0.3000000119
118559  26.309  -60.234  1.118 0.6000000238
132950  26.376  -60.947  0.161 0.6000000238
13819  29.301  -61.050  -0.383 0.6000000238
15282  30.379  -59.296  0.108 0.6000000238
111953  23.853  -61.679  0.912 0.5000000000
13799  25.411  -61.043  1.314 0.6000000238
132836  25.957  -60.088  2.240 0.6999999881
117249  25.925  -60.499  1.571 0.6999999881
13812  25.353  -61.418  0.428 0.6000000238
16129  27.073  -59.027  0.621 0.6000000238
15284  27.808  -59.624  0.082 0.6000000238
16127  28.873  -58.503  0.077 0.6000000238
16137  29.599  -59.168  -0.265 0.6000000238
15292  29.929  -59.702  -0.332 0.6000000238
16126  30.516  -58.409  0.418 0.6000000238
18816  30.945  -56.172  2.426 0.6999999881
13779  23.321  -61.483  3.070 0.6000000238
13762  25.083  -61.000  3.961 0.6999999881
13801  24.212  -61.492  1.686 0.5000000000
13777  25.232  -60.843  3.118 0.6999999881
13790  24.707  -61.258  2.422 0.6999999881
126144  26.312  -58.958  1.450 0.6999999881
15276  26.542  -59.495  0.979 0.6999999881
17033  27.996  -57.858  0.521 0.5000000000
17030  30.594  -57.355  0.628 0.6000000238
17948  31.057  -56.190  1.019 0.6000000238
17940  30.961  -56.681  1.352 0.6999999881
18823  31.342  -55.239  1.885 0.6999999881
19743  31.784  -54.610  3.233 0.6999999881
111511  33.224  -53.048  2.903 0.6999999881
23475  41.326  -50.541  -0.018 0.4000000060
22586  38.950  -51.321  -0.226 0.5000000000
22583  36.873  -51.867  0.438 0.6000000238
122243  35.876  -52.269  1.779 0.6000000238
21626  34.420  -52.172  2.429 0.6999999881
114733  20.706  -61.761  5.951 0.5000000000
13744  22.268  -61.570  5.295 0.5000000000
125752  24.214  -61.492  5.147 0.6000000238
13765  22.537  -61.561  4.494 0.5000000000
14502  25.465  -60.526  4.518 0.6999999881
13764  23.499  -61.562  4.422 0.5000000000
125717  23.706  -61.505  3.763 0.6000000238
15266  25.769  -59.475  3.531 0.6999999881
115114  25.738  -60.141  2.937 0.6999999881
16120  25.881  -58.444  1.918 0.6999999881
122339  27.066  -58.122  0.779 0.6999999881
17031  30.092  -57.508  0.270 0.6000000238
18830  30.851  -55.750  0.956 0.6000000238
19758  31.290  -54.754  1.736 0.6999999881
20674  32.326  -53.378  2.708 0.6999999881
21627  33.482  -52.444  2.683 0.6999999881
22574  35.666  -51.781  1.361 0.6000000238
22575  34.819  -51.516  1.947 0.6000000238
13714  21.643  -61.789  7.546 0.5000000000
121500  20.251  -63.021  7.190 0.4000000060
13730  22.707  -61.667  6.118 0.5000000000
13715  21.044  -61.990  7.465 0.5000000000
131495  22.948  -61.630  5.561 0.5000000000
13727  25.084  -60.981  6.439 0.6000000238
112800  24.402  -61.461  6.076 0.6000000238
119473  25.388  -58.377  4.754 0.6999999881
130425  25.377  -60.692  5.163 0.6000000238
16094  25.680  -58.900  4.138 0.6999999881
16111  25.432  -58.236  2.591 0.6999999881
17023  26.386  -57.544  1.369 0.6999999881
17960  28.175  -56.993  0.722 0.6999999881
17959  29.272  -56.766  0.477 0.6999999881
18831  30.391  -55.846  0.693 0.6999999881
19759  30.812  -54.907  1.306 0.6999999881
125567  31.855  -53.057  2.429 0.8000000119
125442  33.590  -51.865  2.469 0.6999999881
23488  37.742  -50.569  -0.324 0.5000000000
128863  35.840  -51.187  0.866 0.6000000238
131241  34.364  -50.784  2.004 0.6000000238
12189  20.512  -63.569  8.724 0.4000000060
13712  23.544  -61.578  7.550 0.6000000238
117190  22.896  -61.758  6.940 0.6000000238
14482  24.998  -60.722  7.265 0.6000000238
15235  25.568  -59.476  6.269 0.6000000238
16081  25.540  -58.737  5.646 0.6000000238
17012  24.614  -57.165  3.657 0.6999999881
17011  24.907  -57.709  3.071 0.6999999881
18826  25.624  -56.164  1.992 0.6999999881
17950  26.396  -56.720  1.546 0.6999999881
118734  26.621  -54.965  1.922 0.8000000119
124659  27.503  -55.577  1.483 0.8000000119
18824  28.531  -55.319  1.199 0.6000000238
20682  30.473  -53.984  1.578 0.6000000238
120631  32.034  -51.381  2.854 0.8000000119
117597  33.121  -51.190  2.611 0.6999999881
25108  39.451  -48.925  -0.363 0.5000000000
23478  36.833  -50.256  -0.029 0.6000000238
24247  34.957  -49.638  1.159 0.6999999881
25097  38.873  -48.241  -0.090 0.6000000238
13704  21.907  -61.647  8.942 0.5000000000
124038  21.020  -63.002  9.895 0.4000000060
11329  20.440  -64.391  11.133 0.4000000060
13702  23.789  -61.258  8.396 0.5000000000
115223  22.060  -61.684  8.255 0.5000000000
129433  24.943  -60.531  7.928 0.6000000238
16054  25.521  -59.209  7.197 0.6000000238
112482  25.467  -57.849  6.104 0.6000000238
16987  24.710  -56.948  4.380 0.6999999881
17941  25.053  -56.472  2.353 0.8000000119
19764  25.702  -55.283  2.205 0.8000000119
121401  27.683  -53.848  1.825 0.6000000238
21643  28.788  -52.981  1.854 0.6000000238
126032  30.548  -52.747  2.216 0.6999999881
24249  33.729  -49.364  2.071 0.6999999881
24252  36.297  -49.225  0.174 0.6000000238
25921  35.725  -47.331  0.584 0.6000000238
25920  36.148  -46.962  0.590 0.6000000238
25098  38.011  -47.976  -0.139 0.6000000238
131346  36.660  -47.159  0.452 0.6000000238
14441  24.082  -60.296  10.127 0.5000000000
127131  22.202  -61.443  9.590 0.5000000000
12942  21.185  -62.913  10.684 0.5000000000
120990  20.824  -63.591  11.441 0.5000000000
15206  24.984  -60.041  9.018 0.5000000000
14466  23.883  -60.925  8.979 0.5000000000
15216  25.518  -59.375  8.096 0.6000000238
20685  26.693  -54.047  2.061 0.6999999881
21631  27.739  -52.088  2.148 0.6000000238
22560  29.328  -51.521  2.472 0.6000000238
22559  30.231  -51.588  2.643 0.6000000238
24238  32.854  -49.097  2.454 0.6999999881
24239  31.828  -49.357  2.914 0.6000000238
25078  33.506  -48.392  1.780 0.6000000238
25101  35.217  -47.990  0.753 0.6999999881
25088  39.140  -48.084  0.519 0.5000000000
25896  37.715  -47.402  2.211 0.4000000060
14443  22.590  -60.888  10.783 0.5000000000
13676  21.792  -61.284  11.916 0.5000000000
114822  20.994  -62.556  12.751 0.5000000000
12136  19.818  -63.577  13.811 0.5000000000
11285  18.276  -64.234  14.771 0.5000000000
117497  29.148  -49.720  2.636 0.6000000238
24240  30.988  -49.510  3.075 0.6000000238
25913  32.637  -46.970  1.745 0.4000000060
25912  34.035  -46.863  1.190 0.5000000000
26707  35.445  -46.222  2.012 0.4000000060
26705  37.210  -47.028  2.827 0.4000000060
26716  36.028  -46.489  1.368 0.5000000000
15200  23.898  -60.055  10.948 0.6000000238
14430  22.382  -60.676  11.704 0.5000000000
13662  21.460  -61.331  12.621 0.5000000000
13663  21.069  -61.814  13.198 0.5000000000
12908  19.903  -62.925  14.376 0.5000000000
117852  19.253  -62.855  15.145 0.5000000000
12886  17.773  -62.937  15.666 0.4000000060
126642  15.911  -63.579  15.540 0.5000000000
12119  14.897  -63.515  14.980 0.4000000060
12138  14.459  -63.621  14.217 0.4000000060
11300  13.108  -64.353  13.583 0.4000000060
25897  32.027  -47.294  2.247 0.6000000238
26709  33.591  -46.332  1.820 0.4000000060
26708  34.515  -46.181  1.693 0.4000000060
26706  36.340  -46.555  2.408 0.4000000060
15194  22.947  -60.026  12.038 0.5000000000
14417  21.806  -60.671  12.549 0.4000000060
13653  20.775  -61.251  13.869 0.4000000060
13639  20.171  -61.334  14.594 0.5000000000
13641  18.533  -61.293  15.321 0.4000000060
12896  17.527  -62.258  15.454 0.5000000000
113174  17.678  -60.961  14.893 0.4000000060
13654  16.582  -61.733  14.121 0.5000000000
12897  16.793  -62.284  15.152 0.5000000000
132766  16.512  -61.335  13.631 0.3000000119
12153  15.447  -62.847  12.822 0.3000000119
119119  14.960  -63.502  12.285 0.3000000119
110412  34.052  -46.060  2.515 0.4000000060
16006  23.822  -58.674  12.899 0.5000000000
15169  22.226  -59.244  13.350 0.5000000000
15171  20.913  -59.997  13.972 0.4000000060
16911  25.074  -57.325  12.976 0.4000000060
15986  23.370  -58.245  13.526 0.4000000060
15987  22.512  -58.528  13.761 0.4000000060
15964  21.192  -58.327  14.618 0.4000000060
16897  24.329  -57.217  13.558 0.4000000060
16898  23.657  -57.505  13.838 0.4000000060
15963  22.020  -58.089  14.385 0.4000000060
17829  23.871  -56.751  14.025 0.4000000060
16875  22.282  -57.316  14.659 0.4000000060
16877  20.630  -57.743  15.197 0.4000000060
131896  19.077  -57.814  15.485 0.4000000060
16874  23.081  -57.020  14.385 0.4000000060
19660  25.083  -54.989  12.562 0.3000000119
17820  21.729  -56.875  15.157 0.4000000060
16856  20.896  -57.002  15.396 0.4000000060
16858  18.879  -57.135  15.684 0.4000000060
18715  24.581  -55.498  13.398 0.4000000060
16859  17.925  -57.040  15.479 0.4000000060
17809  17.685  -56.357  15.180 0.4000000060
20567  24.691  -53.775  13.656 0.3000000119
19640  24.279  -54.230  14.083 0.4000000060
124616  22.798  -55.256  15.155 0.4000000060
18695  22.174  -55.617  15.407 0.4000000060
17806  20.236  -56.183  15.823 0.4000000060
113195  19.422  -55.589  15.817 0.4000000060
117634  20.699  -54.714  16.136 0.3000000119
22561  28.346  -51.519  2.267 0.6000000238
14464  25.189  -60.056  8.330 0.5000000000
120972  31.060  -48.659  2.890 0.6000000238
26693  34.942  -45.931  2.835 0.4000000060
14540  29.115  -60.886  -0.540 0.6000000238
19749  32.108  -54.008  2.780 0.6999999881
112387  31.627  -53.946  2.204 0.6999999881
24262  39.064  -49.717  -0.465 0.5000000000
22582  37.607  -51.868  0.223 0.5000000000
23487  38.613  -50.648  -0.425 0.4000000060
22584  36.466  -51.182  0.378 0.6000000238
12978  20.674  -62.070  6.678 0.5000000000
17949  27.342  -56.432  1.270 0.6999999881
23468  35.099  -50.754  1.393 0.6000000238
14492  25.493  -60.364  5.843 0.6000000238
19766  29.582  -55.076  0.987 0.6999999881
20675  31.009  -53.360  2.056 0.8000000119
125881  34.337  -49.987  1.797 0.6999999881
12949  20.904  -62.742  9.012 0.4000000060
19761  28.582  -54.499  1.433 0.6000000238
20683  29.553  -53.761  1.538 0.6000000238
23457  32.533  -50.263  2.871 0.6999999881
23456  33.581  -50.284  2.380 0.6999999881
25087  40.142  -48.271  0.827 0.5000000000
113954  41.089  -48.354  0.697 0.5000000000
24254  34.845  -48.711  1.060 0.6999999881
25100  36.035  -48.214  0.337 0.6000000238
117763  30.043  -52.247  2.361 0.6999999881
118404  31.452  -50.303  3.092 0.6999999881
25089  34.279  -47.865  1.195 0.6000000238
25919  37.278  -47.426  0.294 0.6000000238
126856  38.085  -47.588  1.736 0.6000000238
111798  22.149  -61.383  10.248 0.5000000000
12932  21.610  -61.828  11.355 0.5000000000
12151  20.691  -63.379  12.430 0.4000000060
120251  29.753  -50.806  2.768 0.6000000238
25090  33.330  -47.303  1.468 0.6000000238
11299  13.712  -64.130  14.259 0.3000000119
26719  33.341  -46.706  1.554 0.5000000000
26692  35.826  -46.188  3.048 0.4000000060
12885  19.017  -62.119  15.439 0.5000000000
12137  15.313  -62.993  14.160 0.4000000060
123819  14.055  -63.847  13.088 0.4000000060
18716  23.987  -55.875  14.089 0.4000000060
17818  23.287  -56.208  14.517 0.4000000060
10699  35.868  -65.133  -1.992 0.3000000119
116087  36.861  -63.860  -1.747 0.3000000119
17921  36.492  -56.523  4.791 0.4000000060
17929  38.407  -56.510  3.473 0.4000000060
17006  37.957  -57.222  3.013 0.4000000060
17015  37.528  -57.833  2.467 0.4000000060
123397  37.458  -54.611  5.025 0.4000000060
17903  36.035  -55.920  5.373 0.4000000060
18783  35.366  -55.232  5.751 0.4000000060
18784  34.426  -55.104  5.977 0.5000000000
112476  33.142  -56.673  6.295 0.5000000000
17893  31.704  -56.915  6.258 0.5000000000
19741  39.915  -54.145  3.895 0.4000000060
18797  38.526  -55.224  4.310 0.5000000000
17922  35.731  -56.777  5.095 0.5000000000
16970  30.780  -57.857  5.832 0.5000000000
18796  39.417  -55.212  3.749 0.5000000000
18806  38.731  -55.822  3.816 0.5000000000
18805  40.375  -54.919  3.316 0.5000000000
17928  39.213  -56.179  3.237 0.4000000060
17938  38.777  -56.974  2.531 0.4000000060
17021  37.904  -58.061  1.582 0.4000000060
16116  37.674  -58.621  0.950 0.4000000060
15281  37.112  -59.497  0.491 0.3000000119
15290  37.160  -59.942  -0.392 0.4000000060
21608  39.290  -52.506  3.738 0.4000000060
21599  37.722  -52.668  4.259 0.4000000060
20652  37.244  -53.179  4.703 0.4000000060
21607  40.259  -52.612  3.550 0.4000000060
20650  39.207  -53.463  4.195 0.4000000060
21598  38.517  -52.934  4.258 0.4000000060
19719  35.820  -54.414  5.542 0.4000000060
19720  34.948  -54.451  5.704 0.5000000000
18785  33.567  -55.046  6.055 0.5000000000
19729  38.973  -54.379  4.311 0.4000000060
114782  37.650  -55.342  4.755 0.4000000060
115230  35.619  -53.282  4.880 0.5000000000
19721  34.157  -54.464  5.702 0.5000000000
17908  31.120  -56.415  5.732 0.5000000000
130010  30.977  -55.839  5.183 0.6000000238
17923  30.577  -56.296  4.262 0.6000000238
111967  30.313  -57.831  4.188 0.6000000238
131282  33.761  -53.075  3.163 0.6000000238
19734  31.868  -54.695  4.331 0.6000000238
112940  30.387  -57.801  3.033 0.5000000000
17947  39.334  -57.064  1.709 0.4000000060
16118  30.665  -58.407  1.100 0.5000000000
16115  38.298  -58.285  0.627 0.4000000060
16123  38.613  -58.551  -0.220 0.4000000060
15280  37.615  -59.303  -0.184 0.4000000060
21622  37.920  -51.906  2.864 0.4000000060
21639  37.672  -52.073  1.793 0.5000000000
21601  35.831  -52.768  4.089 0.5000000000
21611  35.540  -52.695  3.034 0.5000000000
19722  33.385  -54.369  5.440 0.5000000000
20663  35.009  -52.948  3.582 0.5000000000
19733  32.605  -54.318  4.787 0.6000000238
21612  34.752  -52.731  2.901 0.6000000238
20656  32.915  -53.831  3.973 0.6000000238
10700  35.220  -65.931  -2.181 0.3000000119
127711  37.409  -63.614  -1.421 0.3000000119
13824  38.559  -60.864  -1.025 0.3000000119
131265  40.762  -51.167  2.235 0.4000000060
22571  40.326  -51.140  1.701 0.4000000060
22572  39.460  -51.455  1.208 0.4000000060
129506  38.287  -52.223  3.666 0.4000000060
119083  38.641  -51.778  0.829 0.4000000060
21640  37.050  -52.288  1.305 0.5000000000
22573  37.803  -52.064  0.818 0.4000000060
21624  36.054  -52.510  2.336 0.5000000000
18808  30.848  -55.846  3.527 0.6000000238
17017  30.662  -57.634  1.747 0.5000000000
22556  38.866  -51.574  1.927 0.4000000060
19718  36.765  -54.323  5.289 0.4000000060
116582  30.416  -57.805  5.122 0.5000000000
15295  38.551  -60.076  -1.059 0.3000000119
22549  38.873  -51.705  2.958 0.4000000060
21600  36.821  -52.608  4.193 0.5000000000
20645  33.958  -53.954  5.210 0.5000000000
19732  33.429  -53.867  4.600 0.6000000238
28172  29.219  -44.366  6.300 0.3000000119
11284  18.867  -64.083  14.408 0.5000000000
11312  20.325  -64.204  12.089 0.5000000000
11502  36.202  -64.180  -2.071 0.3000000119
12105  17.169  -63.563  15.612 0.4000000060
12106  16.454  -63.563  15.615 0.5000000000
12116  19.330  -63.580  14.459 0.5000000000
12117  18.516  -62.846  15.507 0.5000000000
12118  15.568  -63.206  15.192 0.4000000060
12135  20.441  -63.035  13.451 0.5000000000
12177  20.822  -63.675  10.484 0.4000000060
12183  20.719  -63.584  9.580 0.4000000060
12887  17.005  -62.932  15.668 0.5000000000
12888  16.281  -62.984  15.446 0.5000000000
12894  20.499  -62.146  14.055 0.5000000000
12895  19.761  -62.118  14.911 0.5000000000
12898  16.069  -62.516  14.669 0.5000000000
12909  16.011  -62.275  13.482 0.4000000060
12920  21.386  -61.913  12.260 0.5000000000
12921  16.224  -61.669  13.081 0.3000000119
12933  21.247  -62.660  11.686 0.5000000000
12941  21.381  -62.331  9.882 0.4000000060
12948  21.383  -62.109  8.955 0.4000000060
12956  20.964  -62.294  8.171 0.4000000060
13633  18.264  -62.211  15.533 0.5000000000
13640  19.398  -61.314  15.157 0.5000000000
13642  17.872  -61.627  15.317 0.5000000000
13643  17.250  -61.566  14.874 0.4000000060
13652  21.269  -61.005  13.215 0.4000000060
13675  22.062  -61.318  11.081 0.5000000000
13685  21.735  -61.772  10.475 0.5000000000
13692  23.330  -61.247  8.923 0.5000000000
13693  22.696  -61.096  9.965 0.5000000000
13694  21.762  -61.756  9.658 0.5000000000
13703  22.898  -61.560  8.410 0.5000000000
13705  21.466  -61.925  8.222 0.5000000000
13713  22.490  -61.718  7.612 0.5000000000
13728  24.415  -61.370  6.945 0.6000000238
13729  23.635  -61.647  6.557 0.6000000238
13731  21.188  -61.747  6.758 0.5000000000
13742  25.040  -61.136  5.595 0.6000000238
13743  23.557  -61.623  5.757 0.6000000238
13763  24.367  -61.374  4.244 0.5000000000
13778  24.369  -61.345  3.295 0.6000000238
13789  25.454  -60.762  2.220 0.6999999881
13791  23.800  -61.493  2.407 0.6000000238
13800  24.722  -61.446  1.051 0.6000000238
14391  20.488  -60.586  14.304 0.4000000060
14393  18.989  -60.486  15.244 0.4000000060
14406  21.433  -60.310  13.327 0.5000000000
14407  20.982  -60.624  13.727 0.4000000060
14416  22.383  -60.219  12.372 0.5000000000
14429  23.113  -60.330  11.280 0.5000000000
14442  23.272  -60.584  10.458 0.5000000000
14453  24.300  -60.465  9.346 0.5000000000
14454  23.447  -60.873  9.584 0.5000000000
14465  24.510  -60.640  8.550 0.5000000000
14473  25.334  -60.008  7.604 0.6000000238
14474  24.418  -61.108  7.797 0.6000000238
14513  25.594  -60.314  3.752 0.6999999881
14525  26.665  -60.429  0.418 0.6000000238
14526  25.994  -60.864  0.710 0.6000000238
14532  30.209  -59.951  -0.089 0.6000000238
14533  29.808  -60.474  -0.195 0.6000000238
14536  39.204  -60.333  -0.648 0.3000000119
14538  30.022  -60.013  -0.286 0.6000000238
14539  29.659  -60.361  -0.324 0.6000000238
14541  38.073  -60.570  -1.281 0.3000000119
15170  21.533  -59.575  13.645 0.4000000060
15182  23.380  -59.373  12.446 0.5000000000
15183  22.658  -59.638  12.685 0.5000000000
15184  21.999  -59.941  12.940 0.4000000060
15192  24.456  -59.401  11.442 0.6000000238
15193  23.656  -59.730  11.736 0.5000000000
15198  25.441  -59.223  10.162 0.6000000238
15199  24.671  -59.664  10.586 0.5000000000
15205  25.422  -59.391  9.321 0.5000000000
15245  25.675  -60.069  5.062 0.6000000238
15256  25.742  -59.747  4.334 0.6999999881
15271  25.876  -59.234  2.597 0.6999999881
15277  26.225  -59.592  1.706 0.6999999881
15283  28.705  -59.379  -0.189 0.6000000238
15285  27.099  -59.816  0.404 0.6000000238
15291  30.185  -59.497  -0.166 0.6000000238
15293  29.383  -60.007  -0.433 0.6000000238
15965  20.346  -58.470  14.962 0.4000000060
15966  19.360  -58.459  15.279 0.4000000060
15985  24.236  -57.919  13.322 0.4000000060
15988  21.719  -58.827  14.011 0.4000000060
16004  25.357  -58.046  12.380 0.5000000000
16007  22.999  -58.961  13.101 0.5000000000
16018  25.864  -58.156  11.608 0.5000000000
16020  24.181  -59.083  12.224 0.5000000000
16026  26.365  -57.896  10.078 0.5000000000
16036  25.955  -58.585  9.567 0.6999999881
16067  25.562  -58.689  6.482 0.6000000238
16080  30.594  -58.590  5.589 0.5000000000
16093  30.318  -58.572  4.767 0.5000000000
16105  25.517  -58.620  3.309 0.6999999881
16108  37.284  -58.471  1.893 0.4000000060
16110  30.425  -58.512  2.332 0.5000000000
16119  26.401  -58.445  1.226 0.6999999881
16124  37.968  -58.794  0.088 0.3000000119
16128  27.899  -58.743  0.348 0.5000000000
16135  30.338  -58.918  0.021 0.6000000238
16136  30.127  -59.006  -0.180 0.6000000238
16857  19.918  -57.044  15.649 0.4000000060
16876  21.485  -57.582  14.907 0.4000000060
16878  19.699  -57.804  15.419 0.4000000060
16899  22.825  -57.798  14.133 0.4000000060
16910  25.689  -57.497  12.238 0.5000000000
16932  26.353  -57.602  10.848 0.6000000238
16951  26.098  -57.657  8.468 0.6999999881
16959  25.833  -57.577  7.600 0.6999999881
16971  25.621  -57.448  6.830 0.6999999881
16984  31.054  -57.213  6.008 0.5000000000
16985  30.620  -57.086  5.422 0.5000000000
16986  25.098  -57.130  5.235 0.6999999881
16997  30.380  -57.006  4.519 0.6000000238
16998  24.960  -57.561  4.526 0.6999999881
17007  37.210  -57.489  3.323 0.4000000060
17010  30.609  -57.006  2.590 0.5000000000
17014  38.151  -57.560  2.214 0.4000000060
17018  24.579  -57.045  2.959 0.6999999881
17020  38.698  -57.616  1.384 0.4000000060
17022  30.787  -57.480  0.822 0.6000000238
17024  25.839  -57.726  1.737 0.6999999881
17032  29.088  -57.642  0.292 0.6999999881
17036  30.298  -58.297  0.184 0.6000000238
17037  29.848  -58.352  -0.043 0.6000000238
17804  21.777  -56.238  15.372 0.4000000060
17805  21.182  -56.423  15.523 0.4000000060
17807  19.212  -56.280  15.771 0.4000000060
17808  18.357  -56.290  15.518 0.4000000060
17819  22.479  -56.457  14.923 0.4000000060
17828  24.523  -56.480  13.501 0.4000000060
17854  26.183  -56.065  10.638 0.5000000000
17871  26.349  -56.960  8.942 0.5000000000
17880  25.917  -56.120  7.900 0.4000000060
17891  33.873  -55.925  6.170 0.5000000000
17892  32.405  -56.566  6.312 0.5000000000
17894  25.593  -56.082  6.469 0.6000000238
17904  35.268  -56.190  5.599 0.4000000060
17907  31.923  -56.087  6.126 0.5000000000
17909  30.602  -56.354  5.002 0.6000000238
17919  38.074  -56.010  4.174 0.5000000000
17920  37.286  -56.258  4.495 0.5000000000
17924  24.591  -56.460  3.912 0.6999999881
17932  30.553  -56.579  3.510 0.6000000238
17933  24.519  -56.488  3.225 0.8999999762
17937  39.649  -56.491  2.352 0.4000000060
17939  31.147  -55.854  1.629 0.6999999881
17942  24.697  -56.552  2.755 0.8000000119
17951  25.646  -56.984  1.858 0.6999999881
17957  30.807  -56.443  0.778 0.6000000238
17958  30.285  -56.633  0.500 0.6000000238
17961  27.175  -57.279  1.025 0.6999999881
18696  21.112  -55.656  15.835 0.4000000060
18697  19.991  -55.184  16.043 0.3000000119
18707  23.394  -55.314  14.650 0.4000000060
18708  22.851  -55.789  14.934 0.4000000060
18727  25.742  -55.394  11.133 0.5000000000
18736  25.871  -55.286  10.264 0.5000000000
18774  32.815  -55.769  6.228 0.5000000000
18781  37.046  -55.007  5.208 0.4000000060
18782  36.338  -55.081  5.463 0.4000000060
18786  32.148  -55.408  5.909 0.5000000000
18787  31.529  -55.617  5.587 0.6000000238
18789  25.156  -55.840  4.966 0.6999999881
18798  36.833  -55.690  5.066 0.5000000000
18799  31.345  -55.273  4.840 0.6000000238
18800  30.859  -55.769  4.486 0.6000000238
18802  24.804  -55.814  4.246 0.8000000119
18807  31.355  -55.198  3.822 0.6000000238
18815  31.335  -55.312  2.605 0.6999999881
18817  24.997  -55.682  2.546 0.8000000119
18825  26.492  -55.858  1.725 0.8000000119
18832  29.447  -55.927  0.690 0.6999999881
18833  28.375  -56.153  0.961 0.6999999881
19651  24.643  -54.579  13.406 0.3000000119
19652  24.104  -54.973  14.083 0.4000000060
19674  25.826  -53.763  10.325 0.5000000000
19686  25.852  -54.683  8.946 0.5000000000
19694  25.836  -54.828  8.233 0.4000000060
19703  25.889  -54.550  7.534 0.4000000060
19713  25.848  -54.618  6.441 0.5000000000
19723  31.938  -54.918  5.308 0.5000000000
19730  38.128  -54.523  4.696 0.4000000060
19731  37.569  -53.878  4.921 0.4000000060
19735  25.210  -54.471  4.272 0.8000000119
19742  32.359  -54.165  3.691 0.6000000238
19744  24.910  -54.380  3.398 0.8000000119
19750  31.587  -54.606  2.337 0.6999999881
19760  30.080  -54.542  1.218 0.6000000238
19762  27.620  -54.711  1.668 0.6000000238
19763  25.760  -54.323  2.363 0.8000000119
19765  30.443  -55.250  0.956 0.6999999881
20576  25.139  -53.999  12.766 0.4000000060
20603  26.308  -53.308  9.258 0.4000000060
20612  26.250  -53.539  8.487 0.5000000000
20623  26.411  -53.550  7.640 0.3000000119
20624  26.103  -54.010  7.074 0.4000000060
20641  36.855  -53.648  5.089 0.4000000060
20642  36.160  -53.745  5.294 0.5000000000
20643  35.344  -53.825  5.392 0.5000000000
20644  34.603  -53.883  5.343 0.5000000000
20647  25.705  -53.923  4.801 0.6000000238
20651  38.414  -53.714  4.549 0.4000000060
20653  36.417  -53.144  4.766 0.5000000000
20654  35.055  -53.177  4.311 0.5000000000
20655  34.304  -53.500  4.443 0.6000000238
20662  39.876  -53.225  3.889 0.4000000060
20664  34.278  -53.086  3.450 0.6000000238
20665  33.523  -53.429  3.610 0.6000000238
20666  32.730  -53.588  3.200 0.6999999881
20673  33.984  -52.746  2.892 0.6999999881
20676  26.696  -53.147  2.138 0.6999999881
20678  25.145  -53.664  2.862 0.8000000119
20681  31.096  -54.238  1.738 0.6999999881
20684  28.632  -53.735  1.642 0.6000000238
21533  26.053  -52.720  12.612 0.4000000060
21540  26.026  -53.063  11.856 0.4000000060
21547  26.347  -53.014  10.882 0.4000000060
21557  27.585  -52.421  9.643 0.4000000060
21558  26.782  -52.841  9.412 0.4000000060
21567  26.765  -53.097  8.140 0.4000000060
21576  28.145  -52.370  8.119 0.3000000119
21577  27.509  -52.746  6.798 0.3000000119
21587  26.917  -53.132  6.240 0.3000000119
21594  27.987  -51.919  5.262 0.3000000119
21595  26.969  -52.316  4.836 0.5000000000
21602  25.758  -51.787  3.918 0.6000000238
21604  25.227  -52.912  3.312 0.6999999881
21609  37.351  -52.281  3.501 0.4000000060
21610  36.397  -52.498  3.245 0.5000000000
21614  25.145  -52.832  3.030 0.6999999881
21623  36.945  -52.311  2.344 0.5000000000
21625  35.312  -52.433  2.384 0.6000000238
21628  32.661  -52.767  2.650 0.6999999881
21629  31.104  -52.248  2.515 0.6999999881
21630  29.048  -52.241  2.173 0.6000000238
21632  26.625  -52.288  2.216 0.6999999881
21633  25.736  -52.501  2.486 0.8000000119
21641  36.495  -52.174  1.079 0.6000000238
21642  29.942  -53.046  1.922 0.6000000238
21644  27.718  -53.004  1.977 0.6000000238
21645  37.166  -52.139  0.708 0.5000000000
22483  29.231  -51.032  10.974 0.3000000119
22485  27.833  -52.001  11.681 0.3000000119
22494  28.013  -52.111  10.921 0.4000000060
22504  28.673  -51.840  9.596 0.4000000060
22521  29.462  -51.227  7.113 0.4000000060
22522  28.875  -51.944  7.432 0.3000000119
22530  29.367  -51.002  6.244 0.3000000119
22531  29.089  -51.617  6.604 0.3000000119
22544  27.085  -50.743  4.350 0.5000000000
22546  25.323  -50.825  3.209 0.6999999881
22548  39.891  -51.831  3.183 0.4000000060
22550  25.266  -51.082  2.942 0.6999999881
22554  40.450  -51.451  2.620 0.4000000060
22555  39.644  -51.455  2.361 0.4000000060
22557  33.984  -51.315  2.315 0.6999999881
22558  32.860  -52.031  2.562 0.6999999881
22563  25.651  -51.636  2.549 0.8000000119
22581  38.392  -51.777  0.157 0.4000000060
22587  38.116  -51.390  -0.187 0.5000000000
23413  29.668  -50.411  9.608 0.4000000060
23422  29.701  -50.462  8.698 0.4000000060
23446  28.636  -50.197  5.051 0.3000000119
23453  25.400  -49.933  3.262 0.5000000000
23460  25.515  -49.738  2.598 0.6999999881
23467  40.817  -50.857  0.748 0.4000000060
23477  37.267  -51.317  -0.025 0.6000000238
24189  29.677  -49.595  10.078 0.3000000119
24211  29.660  -49.876  7.390 0.4000000060
24217  29.401  -49.510  6.770 0.4000000060
24225  29.324  -49.758  6.152 0.4000000060
24233  26.589  -49.180  4.155 0.5000000000
24241  30.070  -49.037  2.887 0.6000000238
24243  26.962  -48.988  2.310 0.6000000238
24245  25.240  -49.308  2.806 0.6999999881
24248  34.281  -49.000  1.546 0.6999999881
24253  35.495  -49.016  0.642 0.6999999881
24263  38.192  -49.680  -0.420 0.5000000000
24264  37.470  -49.697  -0.302 0.5000000000
24265  36.983  -49.237  -0.177 0.6000000238
25038  29.437  -48.886  8.342 0.3000000119
25046  29.374  -49.065  7.474 0.4000000060
25054  29.003  -48.841  6.734 0.3000000119
25055  28.293  -48.267  6.237 0.4000000060
25072  25.425  -48.743  2.997 0.5000000000
25079  32.652  -47.759  1.961 0.6000000238
25080  31.913  -48.273  2.505 0.6000000238
25083  28.405  -48.268  2.666 0.6000000238
25084  26.094  -48.383  2.676 0.5000000000
25096  39.763  -48.473  -0.065 0.5000000000
25099  36.821  -48.389  -0.077 0.6000000238
25109  38.574  -48.762  -0.334 0.6000000238
25110  37.644  -48.711  -0.291 0.6000000238
25842  27.741  -46.776  8.668 0.3000000119
25856  28.205  -47.639  7.664 0.3000000119
25886  28.106  -47.346  3.293 0.6000000238
25895  38.593  -47.713  2.338 0.6000000238
25899  30.126  -47.850  3.058 0.6999999881
25902  26.588  -47.765  2.952 0.5000000000
25910  37.584  -47.296  1.028 0.6000000238
25911  36.595  -46.910  0.799 0.6000000238
25922  34.842  -47.083  0.828 0.6000000238
26643  27.253  -46.277  8.268 0.4000000060
26662  26.971  -45.908  6.460 0.3000000119
26663  26.819  -45.530  7.072 0.3000000119
26671  31.821  -46.363  5.479 0.5000000000
26696  31.394  -47.077  3.038 0.6000000238
26697  29.700  -47.048  3.882 0.6000000238
26710  32.705  -46.668  1.970 0.4000000060
26715  36.864  -46.916  1.715 0.4000000060
26717  35.289  -46.351  1.177 0.4000000060
26718  34.650  -46.513  1.091 0.4000000060
26723  35.870  -46.595  0.874 0.5000000000
26724  35.409  -46.711  0.824 0.5000000000
27440  30.573  -45.177  6.309 0.5000000000
27448  33.217  -45.389  5.891 0.5000000000
27453  27.870  -45.460  5.900 0.4000000060
27462  33.822  -46.024  4.211 0.5000000000
27471  34.391  -45.893  3.484 0.5000000000
28173  27.093  -44.798  6.685 0.3000000119
28174  26.821  -44.412  7.158 0.4000000060
28192  34.888  -44.886  5.097 0.4000000060
28905  30.475  -43.523  6.222 0.4000000060
29696  29.627  -42.223  5.827 0.4000000060
31525  30.163  -40.142  4.385 0.3000000119
110422  26.908  -52.688  10.213 0.4000000060
110581  34.004  -46.477  1.410 0.5000000000
110853  34.688  -55.747  5.911 0.4000000060
111645  23.187  -61.613  5.112 0.6000000238
112148  28.829  -51.492  5.783 0.3000000119
112433  32.698  -54.876  5.773 0.5000000000
112434  24.769  -55.131  2.910 0.8999999762
112550  25.624  -58.211  7.045 0.6999999881
114383  26.192  -55.929  9.917 0.5000000000
115006  36.609  -47.538  0.272 0.6000000238
115278  21.467  -62.268  10.794 0.5000000000
115447  24.689  -55.094  3.183 0.8000000119
115502  33.543  -45.833  5.071 0.5000000000
115826  25.133  -57.353  2.378 0.6999999881
116449  25.110  -58.023  3.899 0.6999999881
116580  30.895  -56.777  0.836 0.6000000238
117013  21.550  -61.613  5.927 0.5000000000
117286  25.747  -55.902  7.234 0.6000000238
117498  30.405  -50.109  3.027 0.6000000238
117606  35.812  -50.212  0.604 0.6000000238
117723  25.257  -57.907  5.261 0.6000000238
117919  29.300  -54.315  1.330 0.6000000238
118368  30.281  -58.568  3.655 0.6000000238
118531  25.385  -60.154  6.777 0.6000000238
118623  25.689  -58.938  8.742 0.5000000000
118645  25.671  -59.260  4.923 0.6999999881
118688  23.220  -61.592  1.644 0.5000000000
118952  26.236  -56.174  9.239 0.5000000000
119125  22.658  -61.376  9.184 0.5000000000
119257  41.085  -50.912  1.808 0.4000000060
119589  30.835  -51.088  2.941 0.6999999881
119902  32.128  -52.328  2.586 0.8000000119
120614  26.627  -53.045  8.804 0.4000000060
121066  36.451  -52.346  1.707 0.5000000000
121082  26.372  -47.693  3.675 0.4000000060
121681  25.388  -59.560  8.698 0.5000000000
121817  31.150  -47.873  2.690 0.6999999881
121819  37.300  -47.891  -0.080 0.6000000238
122221  31.112  -55.484  1.351 0.6000000238
122320  26.315  -53.456  5.382 0.5000000000
122434  16.916  -61.004  14.120 0.5000000000
123059  22.030  -61.715  6.833 0.5000000000
123131  14.848  -63.344  13.306 0.4000000060
123446  18.725  -63.569  15.049 0.5000000000
124331  24.951  -61.249  1.753 0.6000000238
124972  29.504  -51.155  8.411 0.4000000060
125005  37.918  -53.265  4.575 0.4000000060
125821  22.869  -61.548  3.731 0.6000000238
126146  27.151  -45.797  6.143 0.3000000119
126150  24.998  -61.127  4.783 0.6999999881
126550  38.253  -51.873  1.497 0.4000000060
127341  34.968  -53.449  5.003 0.5000000000
128428  25.155  -52.320  3.129 0.6999999881
129335  20.055  -59.045  14.854 0.4000000060
130287  25.638  -59.608  5.551 0.6000000238
130534  22.326  -61.560  8.722 0.5000000000
130580  34.651  -53.182  3.904 0.6000000238
130691  20.751  -62.414  13.388 0.5000000000
130700  38.324  -51.768  2.270 0.4000000060
130708  35.248  -52.072  1.989 0.6000000238
130780  30.395  -57.245  3.610 0.5000000000
130841  26.346  -52.704  12.189 0.4000000060
130901  25.401  -54.332  12.044 0.4000000060
131046  21.507  -61.524  5.262 0.5000000000
131669  24.785  -56.140  2.671 0.8000000119
131762  32.348  -46.917  1.975 0.6000000238
132280  20.342  -62.505  6.680 0.4000000060
132493  36.260  -51.755  0.760 0.6000000238
133179  34.021  -45.672  4.781 0.5000000000
