#!ascii label  , from subject sub-fsm08un vox2ras=TkReg
356
63465  -30.619  -21.824  2.422 0.0000000000
66342  -28.764  -17.814  -0.491 0.0000000000
77596  -27.694  -5.619  -2.972 0.0000000000
74217  -29.754  -8.891  -2.405 0.0000000000
123132  -32.358  -13.281  0.687 0.0000000000
67213  -34.389  -17.403  2.399 0.0000000000
127699  -25.867  -5.050  -2.752 0.0000000000
119051  -30.879  -11.335  -0.758 0.0000000000
69798  -28.811  -13.999  -2.139 0.0000000000
65371  -29.594  -19.732  0.640 0.0000000000
67227  -30.940  -17.367  0.512 0.0000000000
65357  -32.723  -19.829  2.434 0.0000000000
59832  -27.612  -26.196  2.165 0.0000000000
123022  -28.350  -21.698  1.178 0.0000000000
83534  -26.055  1.331  -2.540 0.0000000000
113909  -26.427  -0.632  -3.590 0.0000000000
80266  -27.540  -3.080  -3.842 0.0000000000
80268  -29.024  -3.454  -3.657 0.0000000000
78467  -30.500  -4.848  -3.107 0.0000000000
75925  -28.621  -6.900  -3.262 0.0000000000
76745  -31.405  -6.196  -0.996 0.0000000000
75070  -33.059  -7.778  0.478 0.0000000000
73334  -33.873  -10.361  1.482 0.0000000000
70574  -35.680  -13.426  1.924 0.0000000000
68931  -30.692  -15.553  -0.268 0.0000000000
68901  -33.687  -15.583  1.972 0.0000000000
71538  -28.338  -12.731  -2.654 0.0000000000
69796  -27.483  -14.145  -2.390 0.0000000000
63487  -30.087  -20.987  2.038 0.0000000000
65373  -30.936  -19.158  1.430 0.0000000000
64447  -31.977  -20.254  2.386 0.0000000000
56308  -27.558  -29.014  3.124 0.0000000000
118453  -27.763  -28.576  2.524 0.0000000000
57202  -28.312  -28.140  2.119 0.0000000000
63501  -27.978  -21.059  0.534 0.0000000000
63484  -27.001  -21.797  0.963 0.0000000000
81180  -27.455  -2.181  -4.269 0.0000000000
77588  -26.139  -5.539  -2.866 0.0000000000
128252  -27.518  -4.423  -2.907 0.0000000000
78476  -28.197  -5.066  -2.989 0.0000000000
79379  -29.376  -4.003  -3.506 0.0000000000
122049  -28.923  -5.314  -3.295 0.0000000000
75085  -29.282  -8.182  -3.141 0.0000000000
76743  -30.379  -6.829  -2.743 0.0000000000
75910  -30.872  -7.675  -1.316 0.0000000000
75899  -32.151  -7.404  -0.074 0.0000000000
75069  -31.546  -8.426  -0.463 0.0000000000
120031  -31.777  -12.062  0.300 0.0000000000
73333  -32.849  -10.325  1.019 0.0000000000
72439  -33.165  -12.028  1.253 0.0000000000
72441  -34.823  -11.856  1.760 0.0000000000
122826  -34.400  -13.010  1.833 0.0000000000
68107  -27.896  -16.950  -1.137 0.0000000000
136796  -28.501  -16.126  -1.384 0.0000000000
68108  -29.053  -16.913  -0.734 0.0000000000
67212  -33.315  -17.337  2.149 0.0000000000
68100  -32.005  -16.142  0.947 0.0000000000
68085  -33.751  -16.523  2.167 0.0000000000
68902  -34.707  -15.119  2.237 0.0000000000
68087  -36.096  -16.788  2.108 0.0000000000
114278  -28.542  -26.627  1.787 0.0000000000
60718  -27.315  -24.999  2.369 0.0000000000
60719  -28.662  -25.074  2.426 0.0000000000
61705  -28.861  -24.229  2.414 0.0000000000
73358  -28.847  -10.492  -2.955 0.0000000000
74202  -30.928  -9.749  -0.982 0.0000000000
72463  -29.374  -11.725  -2.190 0.0000000000
71513  -30.535  -12.182  -1.032 0.0000000000
71514  -30.816  -12.990  -0.638 0.0000000000
66327  -28.680  -18.587  -0.275 0.0000000000
67226  -30.141  -17.505  0.049 0.0000000000
66311  -30.387  -18.654  0.607 0.0000000000
66313  -32.352  -18.228  1.933 0.0000000000
66314  -33.224  -18.560  2.353 0.0000000000
123708  -28.334  -27.201  1.652 0.0000000000
66341  -28.030  -18.680  -0.413 0.0000000000
132226  -27.819  -19.695  0.039 0.0000000000
63502  -28.724  -20.868  0.808 0.0000000000
63486  -29.289  -21.478  1.670 0.0000000000
84286  -26.197  1.980  -3.831 0.0000000000
82753  -24.969  0.624  -1.555 0.0000000000
82760  -26.188  0.343  -3.050 0.0000000000
123104  -27.540  -0.597  -4.962 0.0000000000
82034  -28.096  -1.139  -4.826 0.0000000000
81188  -28.925  -2.330  -4.209 0.0000000000
79375  -26.904  -4.137  -2.948 0.0000000000
80267  -28.126  -3.415  -3.665 0.0000000000
124409  -29.319  -2.405  -4.045 0.0000000000
123331  -30.060  -2.883  -3.642 0.0000000000
79381  -31.251  -3.184  -3.288 0.0000000000
79367  -31.954  -3.453  -2.683 0.0000000000
76759  -28.067  -6.691  -3.113 0.0000000000
77599  -29.424  -5.933  -3.330 0.0000000000
78454  -31.296  -4.987  -2.284 0.0000000000
78456  -33.041  -4.101  -1.439 0.0000000000
77567  -33.032  -5.379  -0.341 0.0000000000
75057  -34.763  -7.891  0.869 0.0000000000
74203  -31.504  -9.734  -0.232 0.0000000000
74194  -33.750  -9.011  1.154 0.0000000000
69785  -27.970  -14.947  -2.090 0.0000000000
69774  -29.889  -14.731  -1.175 0.0000000000
69763  -31.291  -14.616  0.052 0.0000000000
68110  -30.497  -16.435  -0.128 0.0000000000
68918  -31.654  -15.327  0.479 0.0000000000
69747  -32.653  -14.271  1.063 0.0000000000
69749  -34.248  -14.232  1.951 0.0000000000
69765  -36.286  -14.207  1.731 0.0000000000
62614  -27.936  -22.503  1.514 0.0000000000
62615  -28.809  -22.423  1.898 0.0000000000
62597  -30.429  -22.934  2.463 0.0000000000
64446  -31.119  -20.762  2.340 0.0000000000
128698  -32.072  -21.014  2.487 0.0000000000
63466  -31.681  -21.719  2.529 0.0000000000
56294  -28.010  -29.166  3.833 0.0000000000
57191  -28.205  -28.639  2.969 0.0000000000
116340  -26.895  -5.567  -2.973 0.0000000000
129545  -27.517  -5.039  -2.865 0.0000000000
78477  -28.702  -4.936  -3.243 0.0000000000
77597  -28.454  -5.597  -3.085 0.0000000000
74216  -29.153  -8.999  -3.035 0.0000000000
74226  -28.431  -8.560  -3.356 0.0000000000
75086  -30.057  -8.086  -2.539 0.0000000000
75077  -30.665  -8.214  -1.636 0.0000000000
75078  -31.067  -8.224  -0.934 0.0000000000
125102  -30.430  -8.814  -1.723 0.0000000000
71503  -32.402  -12.455  0.685 0.0000000000
71495  -34.011  -12.502  1.657 0.0000000000
71494  -33.078  -12.901  1.185 0.0000000000
67239  -28.442  -17.319  -0.776 0.0000000000
68121  -28.472  -16.646  -1.114 0.0000000000
134973  -28.864  -17.390  -0.599 0.0000000000
68086  -35.018  -16.704  2.399 0.0000000000
67214  -35.567  -17.570  2.308 0.0000000000
67228  -36.427  -17.621  1.588 0.0000000000
115622  -28.169  -25.603  2.293 0.0000000000
125007  -28.263  -11.137  -3.123 0.0000000000
73348  -29.448  -10.835  -2.241 0.0000000000
72475  -28.605  -11.916  -2.674 0.0000000000
120660  -28.794  -13.267  -2.293 0.0000000000
71526  -29.093  -12.587  -2.250 0.0000000000
70609  -29.500  -13.365  -1.775 0.0000000000
118088  -30.221  -12.962  -1.263 0.0000000000
70597  -30.243  -13.860  -1.094 0.0000000000
65388  -29.542  -18.855  0.164 0.0000000000
65372  -30.188  -19.294  0.801 0.0000000000
65356  -31.801  -19.391  2.150 0.0000000000
121506  -31.662  -18.643  1.700 0.0000000000
65374  -32.511  -18.966  2.266 0.0000000000
65375  -33.457  -19.381  2.460 0.0000000000
66315  -34.174  -18.863  2.448 0.0000000000
56293  -27.335  -29.562  3.860 0.0000000000
56292  -26.613  -30.038  3.902 0.0000000000
58115  -28.682  -27.501  1.681 0.0000000000
58984  -29.025  -27.086  1.481 0.0000000000
65386  -28.231  -19.270  -0.109 0.0000000000
84277  -26.104  2.030  -2.797 0.0000000000
83541  -26.134  1.110  -3.384 0.0000000000
82001  -25.969  -0.525  -2.899 0.0000000000
82772  -26.454  0.177  -3.880 0.0000000000
82773  -26.764  -0.640  -4.198 0.0000000000
82782  -26.949  -0.063  -4.658 0.0000000000
81186  -27.879  -1.801  -4.594 0.0000000000
81187  -28.393  -2.142  -4.417 0.0000000000
81181  -28.026  -2.700  -4.243 0.0000000000
79365  -26.180  -4.441  -2.866 0.0000000000
79377  -28.215  -4.076  -3.188 0.0000000000
120794  -28.572  -3.651  -3.547 0.0000000000
80280  -29.038  -2.859  -3.893 0.0000000000
80281  -29.488  -2.813  -3.796 0.0000000000
80269  -29.545  -3.378  -3.616 0.0000000000
78480  -29.901  -4.414  -3.459 0.0000000000
79380  -30.184  -3.571  -3.492 0.0000000000
79366  -30.875  -3.998  -3.210 0.0000000000
78468  -31.489  -4.285  -2.572 0.0000000000
75092  -27.943  -7.949  -3.265 0.0000000000
75924  -27.869  -7.313  -3.177 0.0000000000
76760  -28.514  -6.243  -3.150 0.0000000000
76761  -29.026  -6.342  -3.299 0.0000000000
76744  -30.841  -6.313  -2.142 0.0000000000
76752  -30.158  -6.122  -3.068 0.0000000000
77582  -31.314  -5.609  -1.772 0.0000000000
125572  -31.849  -5.063  -1.559 0.0000000000
77583  -32.100  -5.514  -1.050 0.0000000000
78439  -33.564  -4.671  -0.738 0.0000000000
122689  -32.337  -5.983  -0.493 0.0000000000
75900  -33.039  -6.957  0.344 0.0000000000
75887  -34.007  -7.374  0.661 0.0000000000
136299  -34.776  -7.353  0.673 0.0000000000
75056  -33.903  -8.222  0.891 0.0000000000
73341  -30.596  -10.501  -1.202 0.0000000000
73342  -31.233  -10.536  -0.480 0.0000000000
130105  -33.528  -9.721  1.289 0.0000000000
121870  -34.382  -9.634  1.448 0.0000000000
123895  -35.390  -9.662  1.463 0.0000000000
138054  -35.420  -12.238  1.762 0.0000000000
70586  -36.538  -13.393  1.480 0.0000000000
69784  -27.435  -14.908  -2.060 0.0000000000
68929  -29.320  -15.799  -1.145 0.0000000000
68944  -29.310  -15.199  -1.385 0.0000000000
68930  -29.911  -15.397  -0.934 0.0000000000
69775  -30.515  -14.670  -0.626 0.0000000000
68099  -30.463  -16.993  0.099 0.0000000000
122731  -31.143  -16.679  0.426 0.0000000000
121544  -32.924  -16.004  1.650 0.0000000000
68900  -32.711  -15.102  1.295 0.0000000000
69764  -32.093  -14.496  0.644 0.0000000000
69748  -33.315  -14.260  1.462 0.0000000000
125716  -33.706  -14.855  1.818 0.0000000000
68919  -36.633  -15.974  1.490 0.0000000000
68903  -35.968  -15.063  2.079 0.0000000000
120983  -36.786  -14.956  1.255 0.0000000000
132229  -29.598  -24.289  2.442 0.0000000000
62596  -29.417  -23.324  2.398 0.0000000000
61706  -30.278  -23.965  2.450 0.0000000000
70620  -28.248  -13.504  -2.511 0.0000000000
64464  -30.343  -20.001  1.548 0.0000000000
64465  -31.204  -19.853  2.071 0.0000000000
64448  -32.878  -20.777  2.489 0.0000000000
63467  -32.589  -21.668  2.450 0.0000000000
58113  -27.159  -27.768  1.948 0.0000000000
64477  -27.579  -20.362  0.279 0.0000000000
64476  -26.775  -20.483  0.433 0.0000000000
63500  -27.295  -21.150  0.598 0.0000000000
63485  -27.605  -21.777  0.974 0.0000000000
83524  -25.288  1.422  -1.277 0.0000000000
82014  -26.383  -1.607  -3.394 0.0000000000
82029  -26.838  -1.493  -4.039 0.0000000000
81179  -26.913  -2.509  -3.785 0.0000000000
80265  -26.993  -3.407  -3.338 0.0000000000
78475  -26.699  -4.899  -2.818 0.0000000000
136645  -28.030  -4.628  -2.954 0.0000000000
79378  -28.793  -4.229  -3.399 0.0000000000
78478  -29.199  -4.789  -3.438 0.0000000000
78479  -29.669  -5.022  -3.444 0.0000000000
75916  -29.187  -7.404  -3.340 0.0000000000
75926  -29.241  -6.854  -3.374 0.0000000000
75917  -29.862  -7.292  -3.125 0.0000000000
120016  -30.822  -7.061  -1.825 0.0000000000
134942  -30.989  -6.665  -1.388 0.0000000000
76731  -32.174  -6.636  -0.285 0.0000000000
76730  -31.280  -7.065  -0.795 0.0000000000
75898  -31.491  -7.841  -0.574 0.0000000000
132603  -32.157  -8.160  0.067 0.0000000000
72445  -31.519  -11.335  0.010 0.0000000000
73332  -31.885  -10.525  0.318 0.0000000000
115245  -32.411  -11.419  0.713 0.0000000000
72446  -33.395  -11.134  1.392 0.0000000000
125773  -34.347  -11.062  1.607 0.0000000000
72440  -33.939  -11.693  1.572 0.0000000000
71496  -35.021  -12.698  1.947 0.0000000000
68120  -28.063  -16.238  -1.476 0.0000000000
131933  -28.951  -16.273  -1.117 0.0000000000
126820  -29.749  -16.234  -0.734 0.0000000000
67211  -32.418  -17.524  1.699 0.0000000000
68083  -31.788  -17.067  1.031 0.0000000000
68084  -32.670  -16.751  1.646 0.0000000000
125706  -34.529  -15.969  2.295 0.0000000000
127764  -35.541  -15.931  2.305 0.0000000000
68102  -37.015  -16.578  0.152 0.0000000000
68101  -36.674  -16.899  1.236 0.0000000000
61704  -27.936  -24.338  2.314 0.0000000000
60720  -29.369  -25.060  2.332 0.0000000000
74215  -28.677  -9.566  -3.272 0.0000000000
74211  -29.492  -9.837  -2.534 0.0000000000
115487  -30.284  -9.628  -1.686 0.0000000000
73349  -30.009  -10.427  -1.820 0.0000000000
132635  -30.137  -11.339  -1.566 0.0000000000
71527  -29.840  -12.370  -1.688 0.0000000000
120035  -31.218  -12.141  -0.354 0.0000000000
71502  -31.596  -12.938  0.155 0.0000000000
66343  -29.350  -17.544  -0.369 0.0000000000
122336  -29.203  -18.158  -0.228 0.0000000000
66328  -29.855  -18.110  0.078 0.0000000000
66312  -30.652  -18.013  0.525 0.0000000000
126930  -31.037  -18.464  1.060 0.0000000000
132104  -31.541  -17.897  1.184 0.0000000000
129014  -32.999  -17.923  2.177 0.0000000000
126419  -33.831  -18.058  2.402 0.0000000000
127126  -34.875  -18.276  2.407 0.0000000000
65358  -33.553  -20.221  2.450 0.0000000000
55377  -26.807  -30.466  4.591 0.0000000000
119004  -26.775  -26.306  2.318 0.0000000000
58114  -27.951  -27.706  1.766 0.0000000000
58983  -27.529  -27.075  1.879 0.0000000000
137313  -28.032  -26.849  1.794 0.0000000000
125091  -28.252  -18.016  -0.592 0.0000000000
65387  -28.892  -19.462  0.105 0.0000000000
64478  -28.300  -20.122  0.261 0.0000000000
64479  -29.026  -20.180  0.482 0.0000000000
64463  -29.498  -20.534  1.182 0.0000000000
117123  -29.931  -21.623  2.197 0.0000000000
83526  -26.551  2.082  -2.009 0.0000000000
82750  -24.355  1.258  -0.861 0.0000000000
82754  -25.697  0.672  -2.215 0.0000000000
83551  -26.391  0.975  -4.339 0.0000000000
82030  -27.314  -1.158  -4.581 0.0000000000
137996  -27.770  -1.168  -4.749 0.0000000000
82043  -28.441  -0.582  -5.324 0.0000000000
82035  -28.782  -1.476  -4.674 0.0000000000
81198  -29.526  -1.647  -4.459 0.0000000000
80253  -26.357  -3.678  -3.048 0.0000000000
79376  -27.595  -3.767  -3.238 0.0000000000
80279  -28.592  -2.994  -3.941 0.0000000000
81189  -29.826  -2.076  -4.092 0.0000000000
80270  -30.860  -2.197  -3.787 0.0000000000
134953  -30.757  -2.879  -3.529 0.0000000000
76757  -26.595  -6.713  -3.191 0.0000000000
121945  -27.887  -6.199  -3.054 0.0000000000
77598  -28.928  -5.796  -3.252 0.0000000000
77589  -29.889  -5.496  -3.323 0.0000000000
76751  -29.670  -6.541  -3.314 0.0000000000
77590  -30.640  -5.569  -2.700 0.0000000000
79352  -32.280  -3.929  -2.076 0.0000000000
125632  -32.989  -6.161  0.166 0.0000000000
134235  -33.753  -5.775  0.195 0.0000000000
76719  -35.561  -6.548  0.243 0.0000000000
75888  -35.474  -7.372  0.552 0.0000000000
137076  -30.700  -9.266  -1.308 0.0000000000
74204  -31.976  -8.970  0.104 0.0000000000
74192  -32.192  -9.806  0.423 0.0000000000
74193  -32.859  -9.379  0.785 0.0000000000
75055  -32.964  -8.570  0.625 0.0000000000
72447  -35.319  -11.111  1.630 0.0000000000
69797  -28.162  -14.239  -2.332 0.0000000000
69786  -28.656  -14.916  -1.826 0.0000000000
68942  -28.280  -15.610  -1.667 0.0000000000
69787  -29.415  -14.382  -1.612 0.0000000000
70598  -31.073  -13.822  -0.326 0.0000000000
70584  -31.780  -13.828  0.357 0.0000000000
68109  -29.849  -16.966  -0.368 0.0000000000
136365  -31.199  -16.041  0.254 0.0000000000
70571  -32.895  -13.667  1.140 0.0000000000
70572  -33.789  -13.434  1.615 0.0000000000
70573  -34.742  -13.481  2.037 0.0000000000
69750  -35.303  -14.244  2.184 0.0000000000
62613  -27.236  -22.425  1.403 0.0000000000
62595  -28.362  -23.336  2.144 0.0000000000
63464  -29.749  -22.252  2.276 0.0000000000
65398  -27.769  -19.202  -0.181 0.0000000000
68943  -28.805  -15.703  -1.446 0.0000000000
70585  -32.370  -13.895  0.746 0.0000000000
70619  -27.764  -13.631  -2.583 0.0000000000
75068  -31.082  -8.915  -0.891 0.0000000000
75093  -28.540  -7.679  -3.311 0.0000000000
75909  -30.507  -7.550  -2.273 0.0000000000
76718  -34.775  -6.812  0.529 0.0000000000
77595  -27.113  -6.178  -3.152 0.0000000000
78438  -32.612  -4.855  -1.127 0.0000000000
78455  -32.072  -4.513  -1.807 0.0000000000
80282  -30.084  -2.366  -3.865 0.0000000000
81169  -26.388  -2.687  -3.208 0.0000000000
117913  -26.880  -25.479  2.394 0.0000000000
120085  -29.281  -5.404  -3.398 0.0000000000
123544  -28.911  -11.233  -2.624 0.0000000000
124340  -28.439  -4.583  -3.152 0.0000000000
136883  -29.608  -7.717  -3.116 0.0000000000
