#!ascii label  , from subject sub-fsm08un vox2ras=TkReg
635
22333  31.431  -71.850  0.620 0.6000000238
20576  30.379  -72.921  7.567 0.6999999881
117547  30.761  -73.003  6.055 0.6999999881
20618  31.420  -73.680  3.759 0.8999999762
21480  31.343  -72.815  3.304 0.8000000119
124187  31.510  -72.954  2.412 0.8000000119
22342  30.933  -70.870  0.733 0.6000000238
23187  31.124  -70.400  0.172 0.6999999881
24077  31.462  -70.126  0.028 0.6999999881
21433  30.438  -72.140  7.468 0.6999999881
21421  30.223  -72.399  8.104 0.6999999881
21447  30.664  -72.296  6.173 0.6999999881
119813  30.606  -71.622  5.939 0.6000000238
126727  30.807  -72.400  5.429 0.6999999881
132647  30.978  -73.265  5.410 0.6999999881
122733  31.148  -72.990  4.758 0.8000000119
22317  30.964  -71.694  3.256 0.8000000119
21487  31.270  -72.158  2.397 0.8000000119
22324  31.154  -71.589  1.531 0.6000000238
24068  30.704  -69.905  0.669 0.6000000238
24067  30.890  -69.391  0.319 0.6999999881
24066  31.904  -70.024  0.011 0.6999999881
22251  30.227  -71.694  8.137 0.5000000000
21422  29.657  -72.172  8.673 0.6000000238
23114  30.442  -70.494  7.332 0.4000000060
22280  30.515  -71.043  6.595 0.6000000238
23143  30.537  -70.729  5.743 0.5000000000
22295  30.648  -71.393  5.033 0.6000000238
120345  30.873  -72.162  4.703 0.8000000119
118558  30.628  -70.801  3.601 0.6999999881
23162  30.521  -69.905  3.001 0.6999999881
23171  30.608  -70.049  1.966 0.6999999881
135945  30.571  -69.182  0.771 0.5000000000
24955  30.961  -68.454  0.245 0.6000000238
118777  31.442  -69.307  0.204 0.6000000238
24954  32.629  -69.016  0.801 0.5000000000
24873  30.378  -68.851  7.971 0.5000000000
23104  29.748  -70.344  8.675 0.6000000238
23087  29.224  -70.781  9.124 0.6000000238
23979  30.276  -69.921  8.086 0.5000000000
125552  30.540  -70.398  4.879 0.5000000000
24028  30.502  -69.562  4.555 0.6000000238
132847  30.485  -69.455  3.713 0.6000000238
24937  30.422  -68.347  1.937 0.6000000238
24049  30.485  -69.230  2.029 0.5000000000
24058  30.403  -68.731  1.218 0.5000000000
122695  30.659  -67.694  0.567 0.6000000238
25777  30.698  -67.054  0.535 0.6000000238
25775  31.651  -67.457  0.529 0.5000000000
25770  32.329  -67.444  0.831 0.5000000000
129751  33.500  -68.077  1.518 0.5000000000
24947  32.760  -68.181  1.060 0.5000000000
23980  29.803  -69.336  8.790 0.5000000000
23966  29.233  -69.961  9.227 0.5000000000
23990  30.460  -69.611  7.222 0.5000000000
24006  30.503  -69.440  6.445 0.4000000060
25735  30.788  -67.657  5.658 0.3000000119
133211  30.621  -68.320  5.615 0.4000000060
130439  30.711  -68.104  4.860 0.3000000119
24911  30.548  -68.888  5.109 0.5000000000
24919  30.555  -68.676  3.998 0.5000000000
25752  30.607  -67.141  2.791 0.5000000000
131533  30.322  -66.969  1.155 0.5000000000
25771  30.435  -67.004  0.843 0.6000000238
26622  30.463  -66.548  0.785 0.6000000238
25776  31.258  -67.006  0.496 0.5000000000
26614  32.087  -66.817  0.767 0.5000000000
25769  33.164  -67.206  1.334 0.5000000000
24860  29.466  -68.599  9.304 0.5000000000
122305  30.332  -67.897  8.341 0.5000000000
24884  30.553  -67.931  7.363 0.5000000000
124678  30.712  -67.152  7.116 0.4000000060
125135  30.520  -68.790  6.914 0.5000000000
130693  30.791  -67.342  6.404 0.4000000060
26564  31.084  -66.900  5.757 0.3000000119
25743  30.970  -67.316  4.812 0.3000000119
26596  30.719  -66.257  2.813 0.4000000060
26603  30.399  -66.505  1.701 0.5000000000
25761  30.406  -67.453  1.829 0.4000000060
26621  30.790  -66.481  0.633 0.5000000000
27452  31.032  -65.754  0.819 0.5000000000
119715  31.587  -66.389  0.730 0.5000000000
26612  33.847  -66.377  1.439 0.5000000000
130631  33.227  -66.436  1.257 0.4000000060
26620  32.829  -66.198  1.108 0.5000000000
25700  29.854  -67.765  9.197 0.5000000000
25699  30.338  -67.171  8.685 0.5000000000
25708  30.570  -67.251  7.896 0.5000000000
26549  30.939  -66.572  7.129 0.4000000060
26563  31.233  -66.271  6.428 0.4000000060
27401  31.494  -65.506  5.942 0.3000000119
26584  31.306  -65.862  4.628 0.3000000119
26585  31.090  -66.013  3.826 0.4000000060
125630  30.490  -65.829  2.181 0.4000000060
120774  30.375  -65.797  1.374 0.5000000000
27441  30.452  -65.544  1.130 0.5000000000
27453  30.440  -65.983  0.899 0.6000000238
28258  32.526  -64.892  1.019 0.4000000060
27451  32.336  -65.707  1.006 0.5000000000
26526  30.404  -66.473  8.951 0.4000000060
27375  30.895  -66.304  7.757 0.4000000060
26540  30.624  -66.666  8.229 0.4000000060
27390  31.408  -65.611  6.697 0.4000000060
27410  31.445  -65.319  5.007 0.4000000060
28224  31.320  -64.467  4.504 0.4000000060
27411  31.192  -65.209  4.052 0.4000000060
27419  30.781  -65.257  2.913 0.4000000060
28235  30.489  -64.246  2.508 0.4000000060
27429  30.453  -65.065  2.094 0.5000000000
119931  30.449  -65.106  1.542 0.5000000000
123029  30.564  -64.910  1.397 0.6000000238
28259  31.020  -65.128  1.098 0.5000000000
136328  30.863  -63.909  1.449 0.4000000060
29111  31.514  -64.496  1.224 0.4000000060
27353  30.412  -65.715  9.200 0.4000000060
27365  31.143  -65.663  7.937 0.4000000060
27366  30.751  -66.009  8.473 0.4000000060
128046  31.445  -65.268  7.317 0.4000000060
28216  31.577  -64.653  5.477 0.4000000060
28225  30.910  -64.359  3.495 0.4000000060
29078  30.579  -63.489  3.126 0.4000000060
28241  30.402  -64.280  1.733 0.5000000000
121034  30.506  -64.204  1.622 0.4000000060
28248  30.705  -64.533  1.397 0.6000000238
28181  30.938  -65.121  8.738 0.4000000060
28180  31.441  -64.266  8.492 0.4000000060
28190  31.731  -64.336  7.450 0.4000000060
28206  31.633  -64.797  6.492 0.4000000060
125234  31.740  -64.086  5.896 0.4000000060
29066  31.476  -63.687  5.026 0.4000000060
128985  31.152  -62.885  4.303 0.5000000000
29077  31.066  -63.615  3.992 0.4000000060
129775  30.726  -62.935  3.616 0.3000000119
124553  30.275  -62.669  3.010 0.3000000119
29088  30.230  -63.360  2.353 0.4000000060
29093  30.287  -63.422  1.887 0.4000000060
30017  30.151  -62.594  1.888 0.4000000060
29099  30.496  -63.680  1.667 0.5000000000
28170  30.343  -64.905  9.481 0.4000000060
125419  31.863  -63.992  6.564 0.4000000060
29057  31.850  -63.277  5.932 0.4000000060
127323  31.506  -62.862  5.062 0.3000000119
29989  31.237  -62.208  4.596 0.3000000119
29990  30.606  -62.205  3.761 0.3000000119
29999  30.024  -61.886  3.071 0.3000000119
30007  29.964  -62.442  2.403 0.3000000119
30920  29.875  -61.493  1.815 0.4000000060
29034  31.940  -63.496  8.079 0.3000000119
29953  32.240  -62.700  7.562 0.3000000119
29968  32.140  -62.574  6.500 0.3000000119
30871  32.059  -61.756  6.022 0.3000000119
29977  31.730  -62.345  5.500 0.3000000119
125275  31.487  -61.494  4.942 0.3000000119
30891  30.857  -61.627  4.168 0.4000000060
32714  30.403  -60.349  3.646 0.4000000060
30892  30.280  -61.414  3.594 0.3000000119
30902  29.689  -61.204  3.152 0.3000000119
30000  29.658  -61.584  2.675 0.3000000119
30909  29.483  -61.186  2.324 0.4000000060
31808  29.558  -60.605  2.007 0.4000000060
129714  30.011  -60.739  1.647 0.4000000060
31780  30.769  -60.934  4.080 0.4000000060
132189  30.487  -59.857  3.596 0.4000000060
31789  30.022  -60.731  3.423 0.4000000060
31790  29.501  -60.527  3.012 0.3000000119
31796  29.356  -60.485  2.506 0.4000000060
32728  29.547  -59.133  2.327 0.4000000060
32739  29.569  -59.142  2.033 0.4000000060
130912  29.440  -59.810  2.203 0.4000000060
31807  29.843  -59.897  1.729 0.4000000060
32724  29.867  -59.934  3.189 0.4000000060
33728  29.720  -59.009  2.679 0.5000000000
33734  29.616  -58.575  2.265 0.4000000060
33746  29.541  -58.631  2.168 0.4000000060
32737  30.668  -59.525  1.502 0.3000000119
33745  29.745  -58.438  1.870 0.3000000119
136652  31.531  -72.570  1.477 0.6999999881
130211  31.286  -73.118  4.102 0.8000000119
23179  30.615  -70.220  1.201 0.6000000238
117847  30.687  -70.765  2.653 0.6999999881
22334  30.759  -70.806  1.706 0.6999999881
135334  31.796  -68.363  0.474 0.6000000238
23129  30.505  -70.179  6.479 0.4000000060
24019  30.515  -69.730  5.598 0.4000000060
23152  30.496  -70.155  4.026 0.6999999881
117301  30.496  -69.528  1.252 0.6999999881
24038  30.514  -68.948  2.922 0.5000000000
117886  30.759  -67.708  3.871 0.4000000060
26615  30.329  -66.285  0.987 0.6000000238
28260  30.625  -65.402  1.049 0.6000000238
28169  30.881  -64.203  9.264 0.4000000060
30903  29.409  -61.009  2.782 0.3000000119
130842  29.533  -59.803  2.647 0.3000000119
32738  29.951  -59.134  1.714 0.3000000119
136783  32.572  -79.234  3.896 0.6000000238
15106  32.651  -79.718  3.310 0.6000000238
15141  34.038  -79.540  1.429 0.6000000238
15140  34.592  -79.421  0.968 0.6000000238
13352  30.602  -81.158  2.623 0.5000000000
15093  32.132  -79.664  4.126 0.6000000238
17013  32.167  -77.474  4.634 0.6999999881
16062  32.339  -78.624  4.457 0.6999999881
15107  31.891  -80.347  3.397 0.6000000238
139994  33.383  -78.003  3.617 0.6000000238
16095  33.644  -78.504  3.008 0.6000000238
17041  33.807  -77.587  3.169 0.6000000238
16094  34.247  -78.143  2.485 0.6000000238
16109  34.617  -78.696  1.664 0.6000000238
16108  35.249  -78.104  1.322 0.6000000238
17060  35.830  -77.720  0.897 0.6999999881
14210  30.554  -80.613  4.559 0.6000000238
16050  31.229  -78.355  5.637 0.6999999881
15094  31.316  -80.357  4.243 0.5000000000
15079  31.495  -79.301  5.074 0.6999999881
17028  32.471  -76.848  4.221 0.6999999881
16077  32.834  -77.793  4.176 0.6999999881
17052  34.827  -77.714  1.970 0.6000000238
17897  35.449  -76.454  1.461 0.6000000238
17051  35.396  -77.298  1.475 0.6999999881
17905  35.984  -76.108  0.851 0.6999999881
17904  36.607  -76.598  0.411 0.6999999881
136875  36.490  -75.838  0.320 0.6999999881
17918  41.452  -76.790  -1.821 0.4000000060
18834  39.188  -75.268  -1.989 0.5000000000
18828  38.761  -75.451  -1.633 0.6000000238
18825  38.029  -75.282  -1.196 0.6000000238
18826  37.329  -75.233  -0.672 0.6999999881
124933  29.397  -80.557  5.793 0.5000000000
15081  29.923  -80.010  6.120 0.5000000000
16035  30.707  -78.528  6.166 0.6000000238
14194  30.109  -80.454  5.263 0.5000000000
17001  31.298  -77.393  5.447 0.6999999881
130391  30.913  -79.073  5.762 0.5000000000
15095  30.899  -80.135  5.001 0.6000000238
17868  31.239  -76.572  5.169 0.6999999881
17014  31.624  -77.017  4.927 0.6999999881
17884  32.015  -76.117  4.106 0.6999999881
17027  33.191  -77.113  3.771 0.6999999881
17040  34.362  -77.162  2.629 0.6000000238
17898  34.905  -76.029  1.905 0.6000000238
18809  35.265  -75.408  1.263 0.6999999881
18819  36.004  -75.225  0.493 0.6999999881
18818  36.666  -75.166  -0.116 0.6999999881
18829  37.184  -74.454  -1.173 0.6000000238
131688  36.682  -74.583  -0.640 0.6000000238
16976  29.200  -77.977  7.915 0.5000000000
136835  28.174  -80.661  6.669 0.4000000060
16990  30.031  -77.800  7.163 0.5000000000
15049  28.829  -79.411  7.432 0.5000000000
16036  30.173  -78.644  6.770 0.5000000000
17862  30.173  -76.889  6.981 0.6000000238
16989  30.527  -77.288  6.410 0.6000000238
18776  30.941  -75.431  5.384 0.6999999881
117959  30.890  -76.927  5.753 0.6000000238
17877  31.237  -75.863  4.889 0.6999999881
18792  31.621  -75.546  4.184 0.6999999881
17883  32.733  -76.186  3.680 0.6999999881
17890  33.658  -76.436  3.186 0.6999999881
18799  33.731  -75.641  2.637 0.6999999881
18810  34.302  -75.290  1.956 0.6999999881
19730  34.429  -74.626  1.055 0.6999999881
19743  34.249  -74.121  0.105 0.8000000119
132803  35.988  -74.496  -0.186 0.6999999881
18835  38.318  -74.649  -1.822 0.5000000000
117461  36.029  -74.016  -0.906 0.6000000238
132872  28.045  -79.414  7.953 0.4000000060
16955  29.561  -77.150  7.729 0.6000000238
18745  30.171  -75.639  7.175 0.6000000238
19685  30.665  -74.881  5.968 0.6000000238
19705  31.276  -74.630  4.625 0.6999999881
19704  31.486  -74.889  4.115 0.6999999881
119553  31.776  -75.047  3.588 0.6999999881
116239  32.196  -75.413  3.406 0.6999999881
18801  32.042  -74.760  2.896 0.8000000119
19721  32.167  -74.423  2.165 0.8000000119
19732  33.047  -74.486  1.447 0.6000000238
19744  33.608  -74.286  0.752 0.6000000238
19752  34.349  -73.706  -0.555 0.8000000119
19751  35.100  -74.030  -0.379 0.6999999881
130791  38.810  -74.409  -2.165 0.5000000000
19756  37.431  -74.155  -1.644 0.6000000238
124298  35.782  -73.459  -1.244 0.6999999881
20656  38.149  -73.541  -2.111 0.6000000238
139563  28.442  -76.760  8.641 0.5000000000
16957  27.943  -77.295  8.782 0.4000000060
16958  26.389  -77.797  8.774 0.4000000060
17835  29.125  -76.552  8.254 0.5000000000
16956  28.822  -77.297  8.354 0.5000000000
19672  30.092  -74.833  7.507 0.6000000238
125025  30.466  -74.353  6.739 0.6000000238
20601  30.783  -73.960  5.850 0.6000000238
128972  31.178  -73.940  4.935 0.6999999881
19712  31.654  -74.409  3.417 0.8000000119
20617  31.598  -73.641  2.900 0.8000000119
19734  32.008  -73.969  1.603 0.6000000238
20632  32.291  -73.666  0.754 0.6000000238
20639  33.217  -73.579  -0.342 0.6999999881
20646  33.338  -73.122  -0.963 0.6999999881
21513  34.448  -72.772  -1.315 0.6999999881
19762  36.865  -73.484  -1.736 0.6000000238
21512  35.314  -72.666  -1.419 0.6000000238
22344  35.783  -71.505  -1.182 0.6000000238
20657  37.389  -73.337  -1.965 0.6000000238
21511  36.234  -72.345  -1.583 0.6000000238
135954  29.598  -73.676  8.500 0.5000000000
18727  28.437  -75.198  8.940 0.5000000000
18728  27.614  -75.752  9.114 0.5000000000
17838  26.224  -76.340  8.999 0.5000000000
19660  29.568  -74.418  8.323 0.5000000000
20589  30.547  -73.456  6.779 0.6000000238
20624  31.737  -73.486  1.960 0.6999999881
119950  31.688  -72.594  0.520 0.6000000238
20641  32.011  -73.010  0.015 0.6000000238
21507  32.228  -72.434  -0.619 0.6000000238
21514  33.638  -72.712  -1.238 0.6999999881
21506  32.875  -72.575  -0.999 0.6000000238
22357  34.057  -72.305  -1.285 0.6000000238
22356  35.538  -72.128  -1.389 0.6999999881
21520  37.595  -72.854  -2.010 0.5000000000
23201  36.586  -71.229  -1.202 0.4000000060
20550  29.175  -73.109  8.967 0.5000000000
20551  28.512  -73.656  9.171 0.5000000000
20552  27.633  -73.845  9.316 0.5000000000
19650  26.738  -74.432  9.251 0.5000000000
19663  25.322  -74.888  8.540 0.5000000000
118758  24.836  -74.940  7.861 0.5000000000
22341  31.517  -71.342  -0.074 0.6000000238
121146  32.438  -72.000  -0.870 0.6000000238
23193  33.084  -71.098  -0.416 0.4000000060
23192  34.120  -71.214  -0.564 0.5000000000
23184  34.616  -70.618  -0.015 0.4000000060
23190  36.181  -70.811  -0.856 0.4000000060
23191  35.193  -71.071  -0.779 0.5000000000
22233  29.231  -71.515  9.085 0.6000000238
120198  28.165  -72.882  9.357 0.5000000000
119702  27.252  -73.066  9.388 0.5000000000
20553  26.652  -73.594  9.305 0.5000000000
20565  25.821  -73.417  9.101 0.5000000000
20566  24.994  -73.272  8.628 0.5000000000
20578  24.346  -73.438  7.824 0.4000000060
20590  24.063  -73.578  6.854 0.5000000000
20602  24.151  -73.570  5.834 0.4000000060
20612  24.261  -73.286  4.787 0.4000000060
19714  25.214  -74.662  2.750 0.4000000060
23186  32.608  -70.376  0.121 0.6000000238
24065  33.066  -69.818  0.665 0.4000000060
24076  35.616  -70.410  -0.263 0.4000000060
118632  28.078  -71.978  9.468 0.5000000000
21409  27.324  -72.277  9.432 0.4000000060
22236  26.551  -71.726  9.319 0.4000000060
125900  25.762  -72.074  9.098 0.5000000000
22254  24.532  -71.672  8.476 0.4000000060
21424  24.360  -72.578  8.188 0.5000000000
22265  23.882  -71.877  7.870 0.4000000060
21435  23.529  -71.679  7.055 0.5000000000
21448  23.810  -72.951  6.217 0.5000000000
22281  23.528  -71.223  6.131 0.3000000119
21461  23.933  -72.443  4.880 0.3000000119
127513  24.485  -72.558  3.255 0.3000000119
24057  33.500  -69.044  1.242 0.4000000060
23089  27.847  -70.400  9.647 0.5000000000
139038  27.218  -70.636  9.561 0.5000000000
23090  26.570  -70.757  9.409 0.4000000060
133945  29.169  -69.267  9.378 0.4000000060
116706  28.052  -68.953  9.920 0.4000000060
117688  27.022  -70.080  9.658 0.4000000060
119314  25.953  -69.059  9.646 0.4000000060
118391  29.060  -67.970  9.790 0.4000000060
24845  28.097  -68.118  10.103 0.4000000060
24862  27.340  -68.679  10.005 0.4000000060
25678  28.546  -67.257  10.117 0.4000000060
24846  27.237  -67.930  10.111 0.4000000060
134080  25.772  -68.526  9.649 0.4000000060
126522  25.539  -68.017  9.597 0.4000000060
132098  29.352  -67.193  9.756 0.3000000119
26518  27.133  -66.481  10.146 0.4000000060
26528  26.330  -66.557  9.894 0.4000000060
25691  25.228  -67.234  9.378 0.4000000060
26527  29.532  -66.595  9.722 0.4000000060
25692  24.618  -67.192  8.733 0.4000000060
27356  24.628  -65.721  8.530 0.4000000060
28171  29.689  -64.739  9.988 0.3000000119
27342  29.185  -65.354  10.097 0.4000000060
27343  28.263  -65.321  10.273 0.4000000060
27344  27.427  -65.661  10.221 0.4000000060
122311  25.937  -65.916  9.711 0.4000000060
27355  25.194  -65.600  9.250 0.4000000060
124866  25.917  -65.040  9.746 0.3000000119
21501  31.746  -72.186  -0.136 0.6000000238
20577  30.183  -73.838  7.740 0.5000000000
23194  32.145  -70.795  -0.306 0.6000000238
24064  34.072  -69.971  0.731 0.4000000060
121047  33.389  -79.730  1.941 0.6000000238
19742  35.206  -74.569  0.417 0.6999999881
18833  40.007  -75.767  -2.015 0.5000000000
131609  37.975  -74.732  -1.517 0.6000000238
14179  28.992  -80.248  6.542 0.5000000000
18791  33.026  -75.465  3.033 0.6999999881
138796  36.289  -73.401  -1.501 0.6000000238
17861  30.584  -76.532  6.254 0.6000000238
18811  33.358  -74.992  2.201 0.6999999881
19753  33.817  -73.773  -0.324 0.8000000119
19758  35.040  -73.561  -0.841 0.6999999881
122576  27.739  -78.729  8.430 0.4000000060
19733  32.486  -74.214  1.491 0.6000000238
19745  32.923  -74.004  0.547 0.6000000238
20652  34.055  -73.130  -1.122 0.6999999881
19759  34.378  -73.387  -0.903 0.6999999881
21519  38.530  -72.912  -2.116 0.5000000000
20655  39.121  -73.672  -2.279 0.5000000000
20651  34.951  -73.129  -1.169 0.6999999881
20650  36.000  -73.034  -1.545 0.6000000238
20633  31.852  -73.257  1.011 0.6999999881
20640  32.563  -73.491  0.014 0.6999999881
22345  34.737  -71.800  -1.171 0.6000000238
21521  36.809  -72.868  -1.849 0.6000000238
22355  36.803  -71.651  -1.517 0.6000000238
19649  28.393  -74.381  9.095 0.5000000000
18713  27.568  -74.835  9.214 0.5000000000
18714  26.628  -75.437  9.158 0.4000000060
126005  31.934  -71.865  -0.576 0.6000000238
22346  33.611  -71.738  -0.959 0.6000000238
19706  24.987  -74.775  3.804 0.3000000119
23185  33.573  -70.593  0.147 0.5000000000
24063  35.081  -69.969  0.536 0.4000000060
21423  25.063  -72.338  8.758 0.5000000000
122107  23.973  -72.979  5.452 0.4000000060
20619  24.492  -73.249  3.738 0.4000000060
127913  28.977  -66.580  10.072 0.4000000060
26517  28.097  -66.358  10.241 0.4000000060
9321  35.917  -86.661  7.196 0.3000000119
9332  36.246  -86.010  6.796 0.3000000119
14314  39.075  -80.962  -3.067 0.4000000060
13398  41.006  -81.758  -2.317 0.4000000060
11824  40.326  -82.957  -2.491 0.4000000060
11807  40.724  -83.327  -1.749 0.4000000060
15205  39.604  -80.090  -2.598 0.4000000060
14304  38.889  -80.611  -2.882 0.4000000060
15206  38.778  -80.149  -2.656 0.4000000060
120487  38.464  -79.606  -2.104 0.5000000000
118395  36.924  -80.262  -2.831 0.5000000000
15189  37.492  -79.762  -2.047 0.5000000000
14301  41.406  -80.245  -2.241 0.4000000060
127066  39.905  -80.787  -2.872 0.5000000000
15190  36.506  -80.023  -2.096 0.5000000000
13410  41.043  -81.009  -2.454 0.5000000000
13411  40.360  -81.422  -2.804 0.5000000000
13397  41.596  -81.194  -1.910 0.5000000000
12568  40.907  -82.559  -2.044 0.4000000060
11806  41.361  -82.801  -1.306 0.4000000060
130725  40.494  -83.894  -1.425 0.4000000060
11777  40.504  -84.163  -0.667 0.4000000060
11760  39.329  -84.059  0.485 0.3000000119
10959  38.794  -84.239  2.305 0.4000000060
16167  41.176  -78.358  -2.083 0.4000000060
16157  39.936  -78.743  -2.072 0.4000000060
125519  41.412  -78.753  -2.096 0.4000000060
126845  40.922  -79.213  -2.311 0.4000000060
123902  40.226  -79.409  -2.352 0.4000000060
15187  39.403  -79.510  -2.247 0.4000000060
15188  38.953  -78.779  -1.619 0.5000000000
15171  37.964  -79.144  -1.302 0.5000000000
15204  41.422  -79.372  -2.178 0.4000000060
126094  40.969  -79.850  -2.451 0.4000000060
14303  40.303  -80.065  -2.532 0.4000000060
15172  36.989  -79.435  -1.216 0.5000000000
16145  36.364  -79.013  -0.386 0.6000000238
16124  36.815  -78.274  -0.014 0.6000000238
15173  35.485  -79.687  -0.613 0.6000000238
17911  37.099  -76.030  -0.136 0.6000000238
17059  36.609  -77.518  0.362 0.6000000238
15155  35.609  -78.969  0.230 0.5000000000
11790  41.547  -83.266  -0.557 0.4000000060
16126  35.135  -78.900  0.906 0.5000000000
10983  40.791  -84.433  0.224 0.4000000060
10971  40.172  -84.620  0.918 0.4000000060
17072  39.655  -78.008  -1.665 0.4000000060
135161  39.380  -77.272  -1.467 0.5000000000
17073  38.860  -77.844  -1.212 0.5000000000
17909  38.786  -76.881  -1.108 0.5000000000
16144  37.320  -78.676  -0.597 0.5000000000
17910  37.958  -76.259  -0.736 0.5000000000
17058  37.398  -77.886  -0.266 0.6000000238
17903  37.338  -76.977  -0.111 0.6000000238
8675  35.854  -87.454  7.449 0.3000000119
9330  38.212  -86.407  6.772 0.3000000119
9364  40.159  -86.555  3.977 0.3000000119
16166  41.651  -78.128  -1.884 0.4000000060
17076  41.436  -77.496  -1.870 0.4000000060
17077  40.900  -77.819  -2.002 0.4000000060
17078  40.372  -77.974  -1.935 0.4000000060
17914  39.968  -77.078  -1.765 0.4000000060
17915  39.288  -76.424  -1.520 0.5000000000
17921  39.657  -76.064  -1.777 0.4000000060
17916  38.642  -76.016  -1.253 0.5000000000
16125  36.178  -78.306  0.397 0.6000000238
131753  35.621  -78.386  0.808 0.5000000000
126341  40.565  -77.298  -1.885 0.4000000060
117998  36.047  -79.845  -1.284 0.5000000000
10109  39.865  -85.859  3.325 0.3000000119
16168  40.661  -78.624  -2.168 0.4000000060
16143  38.123  -78.331  -0.889 0.5000000000
17066  38.075  -77.405  -0.709 0.6000000238
30018  29.752  -61.841  2.214 0.3000000119
9331  37.163  -85.998  6.863 0.3000000119
11791  40.996  -83.641  -1.023 0.4000000060
14166  27.321  -79.912  7.854 0.4000000060
14195  28.583  -80.974  5.891 0.5000000000
14196  27.682  -81.190  6.335 0.4000000060
14226  31.171  -80.799  3.333 0.5000000000
14242  31.434  -80.778  2.573 0.6000000238
14302  40.663  -80.521  -2.579 0.5000000000
15062  30.368  -79.277  6.245 0.5000000000
15063  29.567  -79.487  6.838 0.5000000000
15064  28.914  -79.836  7.043 0.5000000000
15080  30.628  -79.713  5.578 0.5000000000
15105  33.003  -78.769  3.631 0.6000000238
15125  33.305  -79.314  2.798 0.6000000238
15999  28.329  -78.034  8.466 0.5000000000
16020  29.450  -78.700  7.395 0.5000000000
16021  28.641  -78.748  7.990 0.5000000000
16063  31.775  -78.021  5.131 0.6999999881
17002  30.891  -77.725  5.991 0.6000000238
17039  34.929  -76.827  2.048 0.6000000238
17050  35.989  -76.947  0.943 0.6999999881
17836  27.719  -76.559  8.956 0.4000000060
17837  26.982  -76.256  9.135 0.5000000000
17849  29.814  -76.341  7.533 0.6000000238
17869  30.914  -76.175  5.552 0.6000000238
17875  31.905  -76.685  4.520 0.6999999881
17876  31.559  -76.263  4.615 0.6999999881
17889  34.363  -76.217  2.477 0.6000000238
18744  30.401  -75.093  6.686 0.6000000238
18762  30.594  -75.716  6.233 0.6000000238
18763  30.308  -76.238  6.812 0.6000000238
18784  31.264  -75.199  4.707 0.6999999881
18800  32.553  -74.793  2.387 0.6999999881
19651  26.089  -74.073  9.174 0.5000000000
19661  28.974  -74.686  8.739 0.5000000000
19662  25.922  -74.781  9.068 0.5000000000
19664  24.844  -74.151  8.245 0.5000000000
19674  24.482  -74.229  7.390 0.4000000060
19687  24.400  -74.253  6.357 0.5000000000
19696  31.023  -74.692  5.214 0.6999999881
19698  24.474  -74.167  5.321 0.4000000060
19707  24.620  -74.067  4.291 0.3000000119
19713  31.379  -74.241  4.220 0.8999999762
19715  24.773  -73.990  3.254 0.4000000060
19722  31.855  -74.208  2.465 0.8000000119
19731  33.728  -74.659  1.495 0.6000000238
19757  36.586  -73.787  -1.398 0.6000000238
19761  37.783  -73.937  -1.943 0.6000000238
20563  29.930  -73.044  8.341 0.6999999881
20564  29.071  -74.005  8.879 0.5000000000
20645  33.835  -73.459  -0.756 0.8000000119
20647  32.641  -73.062  -0.587 0.6999999881
21410  26.409  -72.700  9.273 0.4000000060
21434  23.788  -72.664  7.240 0.5000000000
21449  23.584  -72.145  6.255 0.5000000000
21462  23.753  -72.457  5.591 0.4000000060
21473  31.086  -72.399  4.090 0.8000000119
21515  33.187  -72.174  -1.083 0.6999999881
22234  28.497  -71.225  9.411 0.5000000000
22235  27.443  -71.291  9.508 0.4000000060
22238  24.991  -70.887  8.891 0.4000000060
22252  29.713  -71.226  8.651 0.6000000238
22264  30.448  -71.348  7.411 0.6999999881
22297  23.678  -71.645  5.233 0.3000000119
22307  30.770  -71.554  4.187 0.6999999881
22325  30.947  -71.386  2.321 0.8000000119
22347  32.698  -71.588  -0.737 0.4000000060
22348  32.028  -71.421  -0.526 0.6000000238
22360  38.009  -72.178  -1.833 0.5000000000
23088  28.675  -70.399  9.431 0.5000000000
23103  30.247  -70.830  8.099 0.5000000000
23195  31.628  -70.818  -0.193 0.6000000238
23967  27.577  -69.505  9.821 0.4000000060
24861  28.716  -68.762  9.704 0.4000000060
24863  26.382  -68.263  9.905 0.4000000060
24874  30.005  -68.488  8.750 0.5000000000
24898  30.612  -68.061  6.405 0.5000000000
24927  30.581  -68.050  2.870 0.5000000000
24948  30.348  -67.772  1.080 0.5000000000
24956  30.626  -68.496  0.669 0.5000000000
25679  27.641  -67.247  10.181 0.4000000060
25680  26.761  -67.297  10.043 0.4000000060
25689  29.939  -66.916  9.338 0.3000000119
25690  25.957  -67.310  9.790 0.4000000060
26516  29.409  -66.032  9.904 0.4000000060
26529  25.591  -66.510  9.554 0.4000000060
26530  24.857  -66.427  9.042 0.4000000060
26548  31.173  -65.992  7.220 0.4000000060
26574  31.349  -66.112  5.442 0.3000000119
26575  31.197  -66.547  4.740 0.3000000119
26613  32.715  -66.801  1.069 0.5000000000
27345  26.599  -65.788  10.008 0.4000000060
27354  29.866  -65.502  9.734 0.4000000060
28162  26.427  -64.283  10.001 0.3000000119
29021  31.418  -63.330  9.056 0.4000000060
29042  32.097  -63.422  7.019 0.3000000119
33733  29.647  -58.064  2.127 0.4000000060
115931  26.889  -77.081  9.026 0.4000000060
117577  30.954  -66.858  3.822 0.4000000060
118324  30.559  -71.847  6.720 0.6000000238
118404  28.478  -69.611  9.616 0.4000000060
119407  41.355  -82.049  -1.748 0.4000000060
121398  25.958  -77.134  8.786 0.5000000000
121607  34.826  -72.397  -1.356 0.6999999881
124085  25.478  -74.101  8.827 0.5000000000
125001  29.416  -75.509  8.223 0.5000000000
125029  30.515  -77.989  6.518 0.6000000238
125369  30.517  -68.875  6.013 0.4000000060
125561  31.636  -65.221  1.059 0.5000000000
125627  29.957  -66.216  9.503 0.4000000060
125847  26.731  -69.253  9.808 0.4000000060
126922  31.088  -67.656  0.311 0.5000000000
127137  24.254  -72.382  3.999 0.3000000119
127341  30.601  -70.840  4.352 0.6999999881
127483  28.806  -65.933  10.150 0.4000000060
128190  32.184  -69.508  0.366 0.6999999881
128834  30.568  -72.613  6.780 0.6999999881
130661  28.836  -72.155  9.245 0.5000000000
131984  30.942  -66.848  6.589 0.4000000060
134013  33.539  -73.973  0.105 0.6999999881
134075  30.739  -66.779  7.615 0.4000000060
134382  39.575  -80.520  -2.782 0.4000000060
134722  32.233  -66.321  0.901 0.5000000000
135626  31.302  -73.622  4.384 0.8000000119
135631  28.488  -76.097  8.748 0.5000000000
135635  27.326  -77.966  8.774 0.4000000060
135753  36.209  -71.789  -1.406 0.6000000238
136491  31.413  -64.977  8.020 0.4000000060
136518  25.580  -72.758  9.027 0.5000000000
137287  30.658  -67.581  6.824 0.4000000060
137993  24.015  -71.382  8.165 0.4000000060
