#!ascii label  , from subject sub-fsm27uz vox2ras=TkReg
1571
59682  -42.284  -21.231  61.355 0.0000000000
69664  -58.315  -10.252  53.903 0.0000000000
66681  -49.097  -13.851  57.699 0.0000000000
43517  -15.369  -36.675  85.631 0.0000000000
62575  -38.311  -19.330  67.673 0.0000000000
139395  -25.149  -26.159  82.140 0.0000000000
53417  -34.063  -26.352  82.026 0.0000000000
144241  -41.330  -25.702  75.777 0.0000000000
58404  -41.814  -21.221  73.537 0.0000000000
49571  -20.937  -31.081  78.575 0.0000000000
52362  -21.490  -27.282  82.388 0.0000000000
52400  -24.017  -26.958  77.045 0.0000000000
134450  -31.105  -27.019  77.060 0.0000000000
53531  -36.145  -26.476  76.915 0.0000000000
58466  -45.252  -21.824  68.809 0.0000000000
127611  -48.769  -20.483  64.878 0.0000000000
142711  -53.379  -12.561  56.170 0.0000000000
61712  -45.400  -18.424  58.940 0.0000000000
71610  -57.497  -9.518  48.584 0.0000000000
42598  -11.637  -38.013  86.481 0.0000000000
61590  -42.654  -19.425  71.333 0.0000000000
130056  -39.962  -21.186  65.412 0.0000000000
54602  -26.102  -26.722  76.291 0.0000000000
53412  -29.810  -26.907  82.520 0.0000000000
63606  -51.485  -17.380  63.077 0.0000000000
77085  -57.801  -2.310  42.548 0.0000000000
54639  -38.554  -25.524  73.164 0.0000000000
55582  -40.344  -24.102  71.529 0.0000000000
50590  -22.756  -29.507  77.356 0.0000000000
52428  -34.148  -26.734  73.758 0.0000000000
133125  -36.401  -26.202  74.227 0.0000000000
53533  -38.884  -26.492  76.211 0.0000000000
143167  -43.495  -21.883  65.055 0.0000000000
142447  -46.725  -20.689  66.654 0.0000000000
59651  -45.624  -20.905  63.272 0.0000000000
68667  -55.626  -11.147  55.366 0.0000000000
69625  -55.810  -10.897  58.797 0.0000000000
71584  -59.835  -8.390  52.534 0.0000000000
43539  -12.984  -36.896  83.077 0.0000000000
43500  -13.212  -37.051  85.825 0.0000000000
59524  -39.858  -19.988  70.364 0.0000000000
60560  -41.745  -19.545  72.536 0.0000000000
61603  -40.419  -19.182  69.402 0.0000000000
60624  -41.278  -19.515  68.633 0.0000000000
61631  -38.943  -19.116  66.919 0.0000000000
54514  -23.020  -25.913  82.243 0.0000000000
54475  -22.309  -25.486  84.612 0.0000000000
55409  -24.379  -25.109  85.714 0.0000000000
136010  -25.925  -25.696  85.653 0.0000000000
55517  -25.404  -25.725  74.314 0.0000000000
54622  -26.834  -26.759  74.430 0.0000000000
53468  -33.033  -26.678  79.452 0.0000000000
125738  -30.496  -27.108  79.932 0.0000000000
144688  -31.784  -26.885  81.848 0.0000000000
125524  -30.885  -25.780  85.185 0.0000000000
46449  -18.103  -33.985  81.273 0.0000000000
48497  -18.334  -32.144  83.967 0.0000000000
48471  -17.711  -31.526  86.349 0.0000000000
63670  -47.493  -16.189  58.313 0.0000000000
61698  -48.530  -18.137  60.633 0.0000000000
64575  -49.939  -15.973  60.096 0.0000000000
75196  -59.871  -4.558  41.022 0.0000000000
43475  -15.900  -36.205  88.981 0.0000000000
135597  -41.863  -24.261  78.029 0.0000000000
127674  -42.237  -22.295  76.831 0.0000000000
131322  -41.829  -23.779  73.894 0.0000000000
57453  -40.449  -22.370  70.703 0.0000000000
50549  -20.122  -30.560  81.022 0.0000000000
50515  -20.526  -28.835  82.211 0.0000000000
51494  -21.552  -28.539  80.689 0.0000000000
52378  -22.731  -27.153  80.155 0.0000000000
54565  -24.351  -26.435  80.090 0.0000000000
53577  -29.071  -27.519  74.010 0.0000000000
52439  -31.753  -27.160  73.822 0.0000000000
53528  -33.319  -26.628  76.237 0.0000000000
53469  -35.497  -26.621  79.598 0.0000000000
53488  -37.849  -26.665  78.593 0.0000000000
54580  -40.937  -26.329  78.735 0.0000000000
47506  -19.752  -32.485  78.744 0.0000000000
59505  -46.917  -20.878  72.209 0.0000000000
61561  -50.892  -18.840  72.762 0.0000000000
59529  -48.418  -20.301  70.209 0.0000000000
131725  -50.321  -19.770  67.497 0.0000000000
67694  -50.312  -13.351  57.100 0.0000000000
66660  -51.675  -13.323  60.007 0.0000000000
68633  -53.337  -11.264  59.542 0.0000000000
38909  -9.406  -41.204  90.629 0.0000000000
60730  -43.862  -19.970  60.084 0.0000000000
63688  -44.515  -15.831  56.936 0.0000000000
143407  -47.855  -13.520  54.793 0.0000000000
67733  -50.193  -13.093  54.109 0.0000000000
68691  -52.958  -12.275  53.076 0.0000000000
68717  -56.354  -11.661  52.180 0.0000000000
69699  -58.490  -10.514  51.459 0.0000000000
69718  -55.722  -10.603  49.365 0.0000000000
43474  -13.685  -36.972  89.292 0.0000000000
42565  -11.601  -37.930  90.274 0.0000000000
136240  -10.196  -39.063  91.164 0.0000000000
61507  -46.153  -18.882  76.246 0.0000000000
60534  -42.762  -19.460  75.369 0.0000000000
144770  -43.506  -18.718  74.385 0.0000000000
61543  -45.611  -18.924  73.630 0.0000000000
59526  -44.144  -21.270  70.362 0.0000000000
58477  -42.876  -21.600  67.166 0.0000000000
58529  -41.359  -21.916  63.495 0.0000000000
53380  -20.750  -26.979  84.514 0.0000000000
141346  -25.347  -26.489  76.669 0.0000000000
54568  -25.693  -26.929  79.665 0.0000000000
53502  -28.546  -27.704  77.075 0.0000000000
53465  -28.071  -27.500  79.949 0.0000000000
143890  -27.076  -26.777  82.875 0.0000000000
148549  -28.430  -26.294  84.982 0.0000000000
44471  -15.147  -36.119  82.111 0.0000000000
132282  -16.715  -35.504  81.707 0.0000000000
44449  -16.787  -35.982  85.039 0.0000000000
60703  -47.296  -20.022  62.010 0.0000000000
59655  -50.806  -20.561  63.463 0.0000000000
135024  -54.302  -20.503  64.160 0.0000000000
65589  -52.802  -15.257  62.774 0.0000000000
71598  -60.192  -8.413  50.179 0.0000000000
74246  -60.794  -5.699  48.535 0.0000000000
76079  -60.848  -3.036  46.261 0.0000000000
77044  -57.759  -1.986  44.227 0.0000000000
77947  -61.888  -1.772  45.089 0.0000000000
54651  -38.273  -25.300  72.348 0.0000000000
55580  -38.969  -24.895  71.765 0.0000000000
54674  -37.244  -25.104  70.188 0.0000000000
128769  -35.783  -26.261  72.852 0.0000000000
53594  -36.642  -25.897  72.927 0.0000000000
54623  -37.915  -25.710  73.662 0.0000000000
58531  -43.360  -21.655  63.320 0.0000000000
58517  -45.157  -21.326  64.620 0.0000000000
58532  -44.243  -21.276  62.899 0.0000000000
69653  -56.886  -10.752  54.595 0.0000000000
129105  -57.073  -10.151  56.403 0.0000000000
69644  -57.835  -9.872  55.716 0.0000000000
131254  -59.290  -8.793  54.876 0.0000000000
70677  -59.140  -9.400  53.472 0.0000000000
43540  -13.684  -36.833  83.835 0.0000000000
43526  -12.890  -36.983  84.050 0.0000000000
128526  -13.938  -36.878  85.838 0.0000000000
60605  -39.013  -19.714  69.181 0.0000000000
61586  -39.976  -19.454  70.035 0.0000000000
62568  -39.624  -19.342  68.848 0.0000000000
61622  -39.936  -19.248  67.887 0.0000000000
61620  -38.203  -19.132  67.186 0.0000000000
128637  -18.773  -30.374  84.332 0.0000000000
54516  -24.067  -25.740  82.486 0.0000000000
125112  -23.573  -25.302  83.842 0.0000000000
54498  -24.203  -25.504  83.331 0.0000000000
54458  -25.194  -25.445  85.165 0.0000000000
125940  -25.832  -26.073  83.885 0.0000000000
53451  -33.456  -26.678  80.208 0.0000000000
125737  -32.020  -26.909  80.483 0.0000000000
53434  -33.136  -26.630  81.655 0.0000000000
54502  -32.722  -26.091  83.904 0.0000000000
49527  -19.302  -31.297  82.054 0.0000000000
48498  -18.731  -31.602  83.436 0.0000000000
48488  -18.469  -31.231  84.308 0.0000000000
136597  -48.194  -19.101  75.727 0.0000000000
138586  -48.099  -15.311  58.174 0.0000000000
64589  -48.933  -16.043  59.188 0.0000000000
65645  -49.689  -14.730  59.077 0.0000000000
55491  -41.771  -24.814  76.722 0.0000000000
134741  -41.994  -23.977  76.185 0.0000000000
126280  -41.638  -24.830  74.940 0.0000000000
56480  -40.531  -23.371  71.089 0.0000000000
142265  -39.820  -22.499  70.031 0.0000000000
58452  -39.395  -21.311  69.564 0.0000000000
48542  -20.574  -31.028  79.477 0.0000000000
50550  -20.630  -29.949  80.833 0.0000000000
50564  -21.522  -29.705  79.491 0.0000000000
52409  -23.600  -28.019  77.155 0.0000000000
144077  -23.009  -28.245  78.409 0.0000000000
53479  -23.634  -27.013  78.583 0.0000000000
54564  -23.885  -26.544  79.721 0.0000000000
53480  -24.118  -26.710  78.310 0.0000000000
126389  -31.058  -27.281  73.269 0.0000000000
127592  -35.541  -26.482  75.143 0.0000000000
53546  -33.773  -26.670  75.421 0.0000000000
150461  -34.900  -26.505  76.418 0.0000000000
53508  -34.497  -26.503  77.714 0.0000000000
53509  -35.480  -26.526  77.653 0.0000000000
138792  -36.875  -26.574  79.612 0.0000000000
126892  -37.015  -26.614  78.084 0.0000000000
53552  -40.390  -26.391  75.940 0.0000000000
53513  -39.961  -26.766  77.515 0.0000000000
53515  -41.199  -26.150  77.172 0.0000000000
55474  -41.623  -25.137  78.159 0.0000000000
48554  -20.403  -31.709  78.723 0.0000000000
58441  -46.423  -21.600  70.260 0.0000000000
59518  -48.204  -20.618  71.261 0.0000000000
59545  -47.075  -21.215  69.829 0.0000000000
132671  -47.839  -20.188  65.967 0.0000000000
59575  -48.515  -19.896  67.650 0.0000000000
59593  -49.197  -19.919  66.285 0.0000000000
60658  -51.375  -20.448  66.844 0.0000000000
59614  -50.328  -20.764  65.209 0.0000000000
67706  -51.936  -12.826  57.233 0.0000000000
67697  -51.946  -12.260  58.066 0.0000000000
68647  -53.577  -11.938  57.921 0.0000000000
70613  -57.245  -9.868  60.090 0.0000000000
66746  -48.418  -13.317  54.134 0.0000000000
130929  -48.825  -12.748  53.491 0.0000000000
68712  -51.388  -11.867  52.241 0.0000000000
68714  -53.183  -12.050  52.285 0.0000000000
68692  -54.745  -11.946  53.087 0.0000000000
68728  -54.403  -11.802  51.336 0.0000000000
68739  -55.671  -11.454  50.641 0.0000000000
130065  -11.465  -37.967  84.816 0.0000000000
41730  -10.605  -38.859  86.478 0.0000000000
44387  -16.021  -35.576  91.111 0.0000000000
149100  -14.546  -36.769  89.233 0.0000000000
44386  -15.140  -36.088  91.538 0.0000000000
43452  -13.246  -37.131  92.269 0.0000000000
144300  -11.905  -37.884  91.829 0.0000000000
41708  -10.508  -38.692  90.793 0.0000000000
41698  -11.314  -38.861  91.955 0.0000000000
39910  -11.447  -39.622  91.923 0.0000000000
58375  -42.170  -21.684  75.267 0.0000000000
58360  -42.355  -21.437  76.287 0.0000000000
59487  -42.010  -20.750  74.209 0.0000000000
62555  -42.284  -19.382  72.433 0.0000000000
61540  -42.716  -19.218  73.509 0.0000000000
62551  -43.273  -19.026  73.456 0.0000000000
62542  -44.360  -18.534  74.227 0.0000000000
60561  -44.047  -19.746  72.182 0.0000000000
125905  -44.839  -19.949  72.532 0.0000000000
60591  -43.110  -19.948  70.851 0.0000000000
60655  -40.883  -20.307  67.028 0.0000000000
59573  -42.354  -21.016  67.715 0.0000000000
59588  -41.402  -21.124  66.649 0.0000000000
143183  -41.550  -21.918  65.186 0.0000000000
58513  -40.254  -21.769  64.629 0.0000000000
52371  -21.001  -28.027  82.101 0.0000000000
52354  -20.549  -27.632  83.924 0.0000000000
53391  -20.954  -27.156  83.673 0.0000000000
54601  -25.663  -26.437  75.714 0.0000000000
55497  -25.130  -26.076  75.426 0.0000000000
54590  -25.552  -26.556  76.704 0.0000000000
54578  -25.293  -26.593  78.413 0.0000000000
54591  -26.039  -26.999  77.872 0.0000000000
53544  -30.412  -27.420  75.687 0.0000000000
53542  -28.488  -27.621  75.236 0.0000000000
133459  -30.268  -27.422  76.991 0.0000000000
53449  -30.241  -27.058  80.749 0.0000000000
53484  -28.934  -27.561  79.419 0.0000000000
125740  -28.844  -27.337  80.271 0.0000000000
53430  -27.569  -27.119  81.496 0.0000000000
53410  -27.849  -26.971  82.336 0.0000000000
53382  -27.924  -26.483  84.513 0.0000000000
134510  -28.778  -26.746  83.592 0.0000000000
54540  -38.491  -25.511  81.606 0.0000000000
45423  -17.256  -34.992  81.365 0.0000000000
127633  -17.462  -35.123  82.970 0.0000000000
44462  -16.888  -35.766  83.184 0.0000000000
48463  -17.545  -31.715  87.854 0.0000000000
60746  -44.750  -19.307  59.568 0.0000000000
60716  -46.119  -19.874  61.080 0.0000000000
60733  -46.584  -19.350  60.590 0.0000000000
62673  -50.144  -18.039  62.129 0.0000000000
149526  -49.757  -18.720  62.117 0.0000000000
61661  -50.978  -18.888  62.976 0.0000000000
147288  -52.228  -20.705  63.671 0.0000000000
61662  -52.495  -18.964  63.307 0.0000000000
66648  -53.296  -12.998  61.645 0.0000000000
65620  -52.246  -14.461  61.218 0.0000000000
65590  -53.714  -13.983  62.842 0.0000000000
70708  -57.827  -9.996  49.258 0.0000000000
70702  -59.110  -9.740  50.398 0.0000000000
71611  -58.679  -8.788  48.539 0.0000000000
73385  -59.634  -6.797  47.163 0.0000000000
74255  -59.633  -5.772  45.893 0.0000000000
75125  -60.716  -4.505  47.399 0.0000000000
75145  -59.569  -4.427  44.826 0.0000000000
77074  -56.648  -2.483  43.350 0.0000000000
77059  -56.365  -2.103  43.980 0.0000000000
77972  -57.636  -1.845  43.496 0.0000000000
132355  -59.504  -1.823  43.658 0.0000000000
78864  -59.954  -1.469  42.859 0.0000000000
77997  -60.536  -2.123  41.973 0.0000000000
75205  -61.281  -4.657  40.511 0.0000000000
54625  -39.886  -25.788  74.236 0.0000000000
55541  -40.690  -25.224  73.629 0.0000000000
142131  -40.219  -24.940  72.770 0.0000000000
55581  -39.575  -24.432  71.272 0.0000000000
50576  -22.143  -29.883  78.078 0.0000000000
52442  -34.188  -26.707  72.936 0.0000000000
53566  -35.692  -26.423  74.238 0.0000000000
53548  -36.451  -26.332  75.451 0.0000000000
53532  -37.561  -26.374  76.460 0.0000000000
53569  -38.102  -25.979  75.042 0.0000000000
54610  -39.182  -26.011  74.934 0.0000000000
134254  -44.556  -21.805  67.311 0.0000000000
130978  -46.430  -21.090  68.090 0.0000000000
58507  -45.286  -21.380  65.533 0.0000000000
59611  -46.767  -20.655  65.219 0.0000000000
59630  -47.367  -20.585  64.479 0.0000000000
68666  -54.723  -11.681  55.715 0.0000000000
68648  -54.543  -11.723  57.700 0.0000000000
69642  -55.893  -10.921  56.918 0.0000000000
69627  -57.200  -9.994  58.180 0.0000000000
72480  -60.483  -6.834  52.867 0.0000000000
135175  -12.043  -37.539  84.920 0.0000000000
42599  -12.104  -37.691  86.246 0.0000000000
59502  -41.203  -20.313  72.243 0.0000000000
130148  -41.558  -19.851  72.817 0.0000000000
60575  -40.920  -19.363  71.269 0.0000000000
61569  -41.120  -19.190  70.947 0.0000000000
132004  -41.514  -19.201  70.977 0.0000000000
60607  -42.172  -19.612  69.824 0.0000000000
61614  -40.899  -19.283  68.916 0.0000000000
60640  -40.369  -19.583  67.495 0.0000000000
149111  -39.120  -19.911  65.896 0.0000000000
53408  -22.503  -26.263  82.223 0.0000000000
126304  -21.778  -26.391  83.312 0.0000000000
54496  -22.652  -25.592  83.702 0.0000000000
55407  -22.692  -25.182  85.236 0.0000000000
55399  -25.188  -25.239  86.985 0.0000000000
55518  -25.822  -25.871  74.113 0.0000000000
139917  -26.411  -26.605  75.049 0.0000000000
53506  -32.262  -26.719  77.881 0.0000000000
53504  -30.662  -27.292  77.724 0.0000000000
125734  -31.612  -26.921  78.986 0.0000000000
53450  -31.070  -26.991  80.555 0.0000000000
53413  -30.667  -26.903  82.505 0.0000000000
53397  -30.246  -26.514  83.794 0.0000000000
53398  -31.096  -26.621  83.359 0.0000000000
46474  -18.572  -33.611  79.760 0.0000000000
46450  -18.531  -33.361  81.193 0.0000000000
47450  -18.156  -33.010  83.618 0.0000000000
132840  -17.787  -33.206  84.923 0.0000000000
48487  -18.006  -31.921  84.716 0.0000000000
62720  -46.482  -17.268  58.481 0.0000000000
61714  -47.347  -18.073  59.678 0.0000000000
62706  -47.669  -17.368  59.257 0.0000000000
62690  -49.602  -17.329  60.823 0.0000000000
63623  -50.844  -16.655  61.560 0.0000000000
71626  -55.985  -8.063  46.511 0.0000000000
71628  -57.720  -8.128  46.979 0.0000000000
72531  -56.405  -7.025  45.835 0.0000000000
75187  -57.067  -4.113  42.584 0.0000000000
146680  -59.069  -3.126  41.641 0.0000000000
74313  -58.143  -5.550  42.221 0.0000000000
73459  -59.220  -6.575  41.556 0.0000000000
44421  -16.256  -36.390  86.522 0.0000000000
43494  -15.671  -36.616  87.249 0.0000000000
57353  -42.110  -22.676  78.377 0.0000000000
56413  -42.113  -23.271  76.923 0.0000000000
57390  -42.116  -22.695  75.312 0.0000000000
140707  -41.889  -22.094  73.815 0.0000000000
55560  -41.383  -23.858  72.709 0.0000000000
57425  -41.478  -22.990  72.314 0.0000000000
58415  -41.356  -22.062  72.133 0.0000000000
58426  -40.447  -21.220  70.826 0.0000000000
140544  -38.764  -19.948  69.142 0.0000000000
49513  -19.607  -30.457  82.361 0.0000000000
128183  -19.595  -29.792  83.046 0.0000000000
50514  -20.059  -29.587  82.301 0.0000000000
51487  -20.969  -28.657  81.466 0.0000000000
144536  -21.445  -28.074  81.376 0.0000000000
51505  -22.073  -29.299  78.937 0.0000000000
52384  -22.243  -27.986  80.020 0.0000000000
53427  -22.172  -26.868  81.747 0.0000000000
54549  -23.431  -26.283  80.926 0.0000000000
54550  -23.995  -26.213  80.872 0.0000000000
129484  -24.461  -26.251  81.132 0.0000000000
127682  -30.830  -27.318  74.191 0.0000000000
52418  -31.873  -26.958  75.311 0.0000000000
52427  -33.318  -26.895  74.070 0.0000000000
144053  -32.652  -26.841  75.189 0.0000000000
53527  -32.510  -26.702  76.540 0.0000000000
143895  -32.935  -26.557  78.075 0.0000000000
125732  -34.000  -26.639  79.444 0.0000000000
53453  -35.289  -26.487  80.534 0.0000000000
54537  -35.845  -25.873  81.951 0.0000000000
128195  -36.313  -26.481  80.193 0.0000000000
53454  -37.286  -26.380  80.219 0.0000000000
54555  -38.809  -25.986  80.773 0.0000000000
125826  -38.397  -26.677  77.865 0.0000000000
53473  -39.447  -26.719  79.309 0.0000000000
54557  -40.506  -26.154  80.180 0.0000000000
147564  -41.006  -25.565  80.416 0.0000000000
47494  -19.573  -32.320  79.643 0.0000000000
60552  -47.834  -19.466  73.261 0.0000000000
60565  -48.455  -19.749  72.760 0.0000000000
60579  -49.457  -19.635  71.746 0.0000000000
60593  -50.056  -19.379  70.482 0.0000000000
59561  -47.980  -20.228  68.352 0.0000000000
60627  -49.591  -19.624  68.774 0.0000000000
66695  -49.630  -13.574  57.530 0.0000000000
66669  -49.956  -13.911  58.692 0.0000000000
67678  -51.075  -12.960  58.673 0.0000000000
67667  -52.097  -12.579  59.913 0.0000000000
67658  -53.328  -12.051  61.176 0.0000000000
68634  -54.036  -11.011  59.435 0.0000000000
69593  -54.567  -10.486  61.561 0.0000000000
137677  -41.976  -20.897  60.629 0.0000000000
128356  -43.225  -20.901  61.274 0.0000000000
148873  -42.465  -20.046  59.595 0.0000000000
60761  -43.296  -19.065  58.789 0.0000000000
62718  -44.198  -17.835  58.063 0.0000000000
62728  -44.831  -17.243  57.743 0.0000000000
63678  -46.028  -16.012  57.444 0.0000000000
64608  -46.592  -15.309  57.318 0.0000000000
65673  -47.351  -13.765  56.582 0.0000000000
66712  -48.523  -13.523  56.477 0.0000000000
130676  -49.004  -13.466  56.084 0.0000000000
66731  -50.495  -13.635  55.434 0.0000000000
67734  -51.833  -13.157  54.770 0.0000000000
68688  -50.068  -11.968  52.725 0.0000000000
67746  -52.033  -12.767  53.975 0.0000000000
67736  -53.490  -12.333  54.533 0.0000000000
126206  -54.913  -11.741  54.110 0.0000000000
68693  -55.619  -11.651  53.564 0.0000000000
68694  -57.181  -11.013  53.546 0.0000000000
69689  -58.478  -10.497  52.356 0.0000000000
68731  -57.035  -11.397  51.499 0.0000000000
69708  -56.920  -10.913  50.117 0.0000000000
69726  -56.195  -10.140  48.883 0.0000000000
70726  -55.883  -9.163  47.635 0.0000000000
43492  -14.052  -36.952  87.652 0.0000000000
43491  -13.160  -37.320  87.492 0.0000000000
42582  -12.567  -37.645  88.306 0.0000000000
43465  -13.627  -36.865  90.941 0.0000000000
42572  -12.229  -37.696  89.407 0.0000000000
134843  -11.707  -37.981  88.661 0.0000000000
42570  -10.954  -38.497  89.082 0.0000000000
41717  -9.756  -39.304  88.848 0.0000000000
40843  -9.039  -39.818  89.536 0.0000000000
39913  -9.691  -40.123  91.024 0.0000000000
62521  -47.140  -18.300  75.280 0.0000000000
60527  -43.654  -19.238  76.773 0.0000000000
141302  -42.259  -19.690  74.038 0.0000000000
61516  -43.165  -18.851  75.085 0.0000000000
130003  -44.646  -18.446  75.387 0.0000000000
129623  -45.907  -18.247  75.049 0.0000000000
61528  -47.074  -18.303  74.491 0.0000000000
60563  -46.471  -20.237  72.852 0.0000000000
59515  -45.351  -21.379  71.386 0.0000000000
58454  -44.876  -21.783  69.681 0.0000000000
59543  -42.717  -20.392  69.368 0.0000000000
59558  -43.262  -21.131  68.977 0.0000000000
58479  -44.082  -21.805  68.034 0.0000000000
58493  -43.397  -21.847  66.525 0.0000000000
58514  -42.771  -21.940  64.565 0.0000000000
125927  -42.074  -21.793  63.061 0.0000000000
126694  -37.059  -18.978  66.034 0.0000000000
61639  -37.539  -19.063  66.131 0.0000000000
60673  -37.876  -19.980  64.951 0.0000000000
59626  -38.472  -20.714  64.637 0.0000000000
58512  -38.868  -21.487  63.853 0.0000000000
58528  -40.157  -21.865  63.140 0.0000000000
58550  -40.628  -21.811  62.510 0.0000000000
58583  -41.393  -21.280  61.010 0.0000000000
53381  -21.218  -26.294  84.759 0.0000000000
53540  -23.878  -26.808  75.261 0.0000000000
55496  -24.853  -26.191  75.834 0.0000000000
55487  -24.707  -26.476  76.642 0.0000000000
55471  -24.905  -26.493  78.215 0.0000000000
133817  -25.080  -26.525  79.203 0.0000000000
54552  -25.566  -26.665  81.082 0.0000000000
53558  -27.607  -27.129  74.021 0.0000000000
53523  -27.676  -27.404  75.633 0.0000000000
135542  -27.651  -27.448  76.470 0.0000000000
53503  -29.598  -27.713  77.664 0.0000000000
53483  -28.431  -27.747  78.056 0.0000000000
53482  -27.355  -27.562  78.180 0.0000000000
147663  -26.460  -27.272  79.916 0.0000000000
53429  -26.468  -26.968  81.448 0.0000000000
54518  -25.732  -26.203  82.824 0.0000000000
54479  -26.588  -26.301  84.312 0.0000000000
54461  -27.251  -25.989  85.933 0.0000000000
43552  -13.582  -36.614  82.345 0.0000000000
43541  -14.665  -36.608  83.692 0.0000000000
45431  -16.118  -35.375  80.008 0.0000000000
44498  -15.469  -35.720  80.567 0.0000000000
44472  -16.204  -35.979  82.458 0.0000000000
144285  -16.241  -36.194  83.317 0.0000000000
44448  -16.123  -36.432  84.747 0.0000000000
44435  -16.872  -35.891  85.928 0.0000000000
47419  -17.389  -32.205  87.005 0.0000000000
131185  -44.653  -20.538  61.380 0.0000000000
59668  -46.790  -20.478  62.578 0.0000000000
59654  -48.216  -20.535  63.325 0.0000000000
60718  -48.122  -18.817  61.045 0.0000000000
59671  -49.377  -20.168  62.863 0.0000000000
125999  -49.833  -20.662  63.610 0.0000000000
146675  -52.045  -21.046  64.306 0.0000000000
65634  -50.792  -14.760  60.126 0.0000000000
64560  -51.552  -15.833  61.585 0.0000000000
63607  -51.945  -16.726  63.236 0.0000000000
70693  -59.100  -9.856  51.882 0.0000000000
71591  -60.148  -8.167  51.748 0.0000000000
142426  -60.870  -6.874  50.525 0.0000000000
71620  -59.060  -8.123  48.101 0.0000000000
72512  -60.561  -7.324  49.123 0.0000000000
142927  -61.221  -5.639  50.702 0.0000000000
75113  -61.144  -4.938  49.220 0.0000000000
76060  -61.930  -3.260  48.690 0.0000000000
77060  -58.052  -2.231  44.263 0.0000000000
76103  -59.613  -3.041  44.375 0.0000000000
77035  -61.541  -2.149  46.161 0.0000000000
77106  -61.011  -3.284  41.318 0.0000000000
54649  -37.232  -25.566  72.067 0.0000000000
54664  -38.067  -25.068  71.484 0.0000000000
53593  -36.231  -25.988  72.196 0.0000000000
54662  -36.516  -25.749  71.400 0.0000000000
58552  -42.787  -21.633  62.757 0.0000000000
58553  -43.467  -21.429  62.576 0.0000000000
143953  -57.694  -10.545  54.211 0.0000000000
69654  -57.522  -10.329  54.939 0.0000000000
69655  -58.172  -10.016  54.728 0.0000000000
70664  -58.752  -9.285  55.398 0.0000000000
70669  -58.806  -9.565  54.271 0.0000000000
132316  -59.329  -8.951  54.115 0.0000000000
70676  -58.711  -9.955  53.520 0.0000000000
43528  -14.196  -36.791  84.546 0.0000000000
43516  -14.495  -36.785  85.347 0.0000000000
61611  -38.389  -19.553  68.166 0.0000000000
139515  -39.072  -19.622  68.917 0.0000000000
62576  -38.965  -19.368  68.257 0.0000000000
62583  -38.809  -19.225  67.677 0.0000000000
50471  -18.974  -29.587  84.518 0.0000000000
50493  -19.154  -30.042  83.718 0.0000000000
126648  -24.526  -26.045  81.923 0.0000000000
54517  -24.764  -25.856  82.696 0.0000000000
54499  -25.036  -25.707  83.587 0.0000000000
145215  -33.754  -26.580  81.050 0.0000000000
49499  -18.916  -30.792  83.619 0.0000000000
65653  -48.629  -14.510  57.971 0.0000000000
64602  -48.905  -15.189  58.739 0.0000000000
65654  -49.335  -14.301  58.352 0.0000000000
54603  -41.473  -25.591  76.479 0.0000000000
55505  -41.685  -24.970  75.760 0.0000000000
54613  -41.336  -25.446  75.101 0.0000000000
56508  -39.324  -22.958  69.584 0.0000000000
142237  -39.841  -23.295  70.336 0.0000000000
49559  -21.201  -30.425  79.105 0.0000000000
150572  -23.772  -27.360  77.357 0.0000000000
52399  -23.477  -27.656  77.996 0.0000000000
53499  -23.847  -26.953  77.793 0.0000000000
133371  -35.894  -26.460  76.064 0.0000000000
133525  -35.113  -26.520  75.940 0.0000000000
53530  -35.381  -26.486  76.652 0.0000000000
53510  -36.378  -26.548  77.639 0.0000000000
133551  -37.048  -26.478  77.194 0.0000000000
54612  -40.889  -25.968  75.442 0.0000000000
136465  -40.578  -26.528  76.806 0.0000000000
53535  -41.054  -26.159  76.240 0.0000000000
135029  -20.761  -31.640  78.073 0.0000000000
58455  -45.638  -21.760  69.397 0.0000000000
58456  -46.299  -21.585  69.551 0.0000000000
59613  -48.154  -20.269  65.340 0.0000000000
132039  -48.616  -20.104  65.750 0.0000000000
140643  -49.442  -20.396  65.455 0.0000000000
59594  -50.036  -20.173  66.062 0.0000000000
67707  -52.774  -12.753  56.729 0.0000000000
67698  -52.723  -12.359  57.588 0.0000000000
134464  -53.470  -12.391  57.027 0.0000000000
143311  -57.656  -9.748  60.992 0.0000000000
67743  -48.018  -12.879  53.495 0.0000000000
68727  -53.464  -11.811  51.396 0.0000000000
68737  -53.836  -11.469  50.588 0.0000000000
42610  -11.679  -37.912  85.632 0.0000000000
42597  -11.114  -38.425  86.041 0.0000000000
41737  -10.500  -38.902  85.561 0.0000000000
42589  -11.162  -38.419  86.918 0.0000000000
44396  -15.179  -36.274  90.610 0.0000000000
44378  -15.777  -35.768  91.837 0.0000000000
42554  -11.926  -38.229  92.184 0.0000000000
40816  -12.261  -38.933  92.476 0.0000000000
58389  -42.004  -21.519  74.362 0.0000000000
59480  -42.147  -20.899  74.828 0.0000000000
61571  -42.212  -19.293  71.763 0.0000000000
61555  -42.801  -19.270  72.683 0.0000000000
61556  -43.461  -19.172  72.913 0.0000000000
61572  -43.025  -19.352  72.117 0.0000000000
128684  -43.439  -19.820  71.581 0.0000000000
59587  -40.585  -20.944  66.193 0.0000000000
58503  -40.791  -21.689  65.338 0.0000000000
52361  -20.898  -27.674  83.061 0.0000000000
53406  -21.361  -26.931  83.131 0.0000000000
134640  -26.062  -26.852  77.157 0.0000000000
125913  -25.584  -26.681  77.706 0.0000000000
53525  -30.735  -27.222  76.369 0.0000000000
53524  -29.868  -27.643  76.277 0.0000000000
125741  -30.174  -26.983  81.675 0.0000000000
142246  -29.292  -27.136  81.036 0.0000000000
125971  -29.329  -26.995  81.911 0.0000000000
53431  -28.531  -27.072  81.706 0.0000000000
53411  -28.838  -26.911  82.647 0.0000000000
53396  -29.567  -26.767  83.298 0.0000000000
46407  -17.692  -33.908  85.134 0.0000000000
60747  -45.392  -18.931  59.457 0.0000000000
61696  -46.102  -18.987  59.926 0.0000000000
61673  -51.124  -18.002  63.031 0.0000000000
138978  -50.665  -18.225  62.668 0.0000000000
62643  -51.758  -18.197  63.303 0.0000000000
66634  -53.752  -13.167  62.395 0.0000000000
66633  -53.288  -13.827  62.077 0.0000000000
70720  -58.297  -9.430  48.904 0.0000000000
148716  -57.985  -9.050  48.283 0.0000000000
74263  -59.063  -5.250  44.910 0.0000000000
74264  -59.967  -4.897  45.618 0.0000000000
74276  -58.839  -4.471  44.477 0.0000000000
77084  -57.197  -2.593  42.814 0.0000000000
146693  -57.321  -2.052  43.065 0.0000000000
77984  -58.050  -1.745  42.821 0.0000000000
77973  -58.537  -1.560  43.104 0.0000000000
77985  -58.848  -1.624  42.631 0.0000000000
77987  -60.233  -1.712  42.432 0.0000000000
77995  -59.324  -1.922  42.092 0.0000000000
55540  -39.570  -25.472  73.369 0.0000000000
55558  -39.256  -25.132  72.569 0.0000000000
132467  -38.756  -24.635  70.966 0.0000000000
55600  -38.536  -24.286  70.205 0.0000000000
53591  -34.722  -26.551  71.867 0.0000000000
53580  -36.099  -26.224  73.576 0.0000000000
150170  -35.270  -26.458  72.759 0.0000000000
53568  -37.032  -26.079  74.757 0.0000000000
54624  -38.703  -25.793  74.076 0.0000000000
145440  -44.622  -21.696  65.926 0.0000000000
58495  -45.198  -21.540  66.547 0.0000000000
58533  -44.903  -21.222  63.681 0.0000000000
59610  -45.960  -20.937  64.982 0.0000000000
59628  -45.909  -20.938  64.011 0.0000000000
59629  -46.565  -20.763  64.504 0.0000000000
125718  -46.807  -20.712  63.839 0.0000000000
68657  -55.419  -11.233  56.361 0.0000000000
70636  -58.003  -9.493  57.893 0.0000000000
133590  -57.788  -9.688  58.693 0.0000000000
71575  -60.179  -7.495  54.162 0.0000000000
72464  -60.634  -6.742  53.760 0.0000000000
71585  -60.103  -7.586  53.219 0.0000000000
43514  -12.843  -37.113  84.937 0.0000000000
42622  -12.326  -37.308  84.308 0.0000000000
42611  -12.440  -37.457  85.699 0.0000000000
144764  -40.331  -20.261  70.936 0.0000000000
138885  -40.775  -19.853  71.496 0.0000000000
59512  -40.393  -19.598  70.778 0.0000000000
61587  -40.635  -19.156  70.098 0.0000000000
61568  -40.556  -19.288  70.479 0.0000000000
61588  -41.073  -19.103  70.500 0.0000000000
61604  -40.901  -19.063  69.904 0.0000000000
61621  -39.216  -19.182  67.540 0.0000000000
60639  -39.627  -19.319  67.205 0.0000000000
60654  -40.110  -19.965  66.730 0.0000000000
60653  -39.371  -19.619  66.509 0.0000000000
54513  -22.412  -25.983  82.990 0.0000000000
128151  -23.069  -25.646  82.957 0.0000000000
55417  -23.390  -25.169  84.627 0.0000000000
55408  -23.489  -25.036  85.465 0.0000000000
54459  -25.187  -25.308  86.099 0.0000000000
125500  -25.896  -25.510  86.529 0.0000000000
133008  -26.193  -26.283  74.450 0.0000000000
125733  -32.458  -26.725  78.710 0.0000000000
126955  -31.784  -26.887  78.347 0.0000000000
53467  -32.209  -26.851  79.577 0.0000000000
53433  -32.307  -26.831  81.383 0.0000000000
53432  -31.512  -26.941  81.216 0.0000000000
125970  -30.813  -26.986  81.203 0.0000000000
53414  -31.538  -26.813  82.509 0.0000000000
46462  -18.789  -33.180  80.371 0.0000000000
129715  -18.935  -32.594  81.043 0.0000000000
47451  -18.527  -32.331  83.272 0.0000000000
47440  -17.966  -32.743  84.439 0.0000000000
49487  -18.346  -30.509  85.067 0.0000000000
49476  -17.932  -30.951  85.743 0.0000000000
128740  -46.829  -16.664  58.248 0.0000000000
142721  -47.840  -16.710  58.885 0.0000000000
63659  -49.288  -16.429  59.783 0.0000000000
63642  -49.743  -16.743  60.449 0.0000000000
63622  -50.114  -16.986  61.133 0.0000000000
63643  -50.372  -16.321  60.759 0.0000000000
137107  -56.445  -7.669  46.246 0.0000000000
75186  -56.408  -4.133  43.063 0.0000000000
144528  -56.699  -4.893  42.834 0.0000000000
75195  -57.909  -4.343  42.229 0.0000000000
74305  -57.295  -5.206  42.533 0.0000000000
44415  -16.389  -36.198  87.495 0.0000000000
45339  -16.766  -34.859  91.143 0.0000000000
56384  -41.899  -23.557  78.857 0.0000000000
56397  -42.022  -23.446  77.801 0.0000000000
56428  -41.872  -24.166  75.222 0.0000000000
138444  -42.040  -23.443  75.480 0.0000000000
56443  -41.946  -23.388  74.633 0.0000000000
57403  -41.991  -22.398  74.512 0.0000000000
57415  -41.876  -22.976  73.712 0.0000000000
134979  -40.991  -24.607  72.940 0.0000000000
55559  -40.738  -24.358  72.246 0.0000000000
57437  -41.050  -22.724  71.544 0.0000000000
58427  -40.923  -21.734  71.426 0.0000000000
59541  -38.964  -20.617  69.297 0.0000000000
50532  -20.112  -30.127  81.603 0.0000000000
50551  -21.249  -29.410  80.284 0.0000000000
51493  -20.952  -29.166  80.951 0.0000000000
50577  -22.673  -29.012  78.302 0.0000000000
52385  -22.799  -27.571  79.518 0.0000000000
51500  -22.576  -28.381  79.134 0.0000000000
52377  -22.077  -27.551  80.936 0.0000000000
53444  -22.741  -26.696  80.890 0.0000000000
53445  -23.347  -26.586  80.256 0.0000000000
129196  -23.839  -26.370  80.406 0.0000000000
144632  -24.095  -26.144  81.229 0.0000000000
127464  -24.327  -26.318  80.765 0.0000000000
52438  -30.331  -27.416  73.523 0.0000000000
53562  -31.010  -27.230  75.085 0.0000000000
144026  -31.595  -27.126  74.571 0.0000000000
52441  -33.418  -26.864  73.232 0.0000000000
53563  -33.226  -26.808  74.861 0.0000000000
53545  -33.108  -26.727  75.501 0.0000000000
129528  -32.536  -26.767  75.838 0.0000000000
132635  -32.950  -26.580  77.243 0.0000000000
145712  -34.911  -26.558  78.325 0.0000000000
53486  -34.214  -26.558  78.510 0.0000000000
125968  -34.824  -26.625  79.066 0.0000000000
130204  -34.788  -26.640  79.813 0.0000000000
128695  -36.968  -26.671  78.903 0.0000000000
53471  -37.604  -26.602  79.493 0.0000000000
53455  -38.185  -26.409  80.157 0.0000000000
53472  -38.508  -26.661  79.389 0.0000000000
144033  -38.278  -26.463  76.566 0.0000000000
53511  -37.961  -26.495  77.165 0.0000000000
53512  -38.915  -26.652  77.107 0.0000000000
53491  -40.539  -26.623  78.272 0.0000000000
53490  -39.765  -26.793  78.490 0.0000000000
53474  -40.384  -26.589  79.244 0.0000000000
53457  -39.900  -26.540  79.927 0.0000000000
54569  -41.072  -25.914  79.504 0.0000000000
54570  -41.484  -25.158  79.112 0.0000000000
145131  -41.718  -24.497  78.743 0.0000000000
49542  -19.834  -31.225  80.787 0.0000000000
60564  -47.480  -20.202  72.783 0.0000000000
139131  -48.897  -20.005  71.088 0.0000000000
145828  -49.561  -19.612  70.989 0.0000000000
60580  -50.198  -19.249  71.361 0.0000000000
126732  -49.246  -19.766  70.290 0.0000000000
59574  -46.924  -20.663  67.392 0.0000000000
131211  -47.216  -20.648  68.216 0.0000000000
136643  -47.718  -20.248  67.502 0.0000000000
60643  -49.434  -19.697  67.796 0.0000000000
128825  -50.268  -19.612  68.290 0.0000000000
60628  -50.468  -19.471  69.101 0.0000000000
145895  -50.933  -19.592  68.699 0.0000000000
60644  -50.972  -19.766  68.046 0.0000000000
60659  -52.309  -20.736  67.013 0.0000000000
150186  -50.130  -13.434  57.496 0.0000000000
66683  -50.377  -13.380  58.150 0.0000000000
67695  -50.747  -13.198  57.716 0.0000000000
68640  -52.717  -11.713  59.152 0.0000000000
67690  -52.046  -12.035  58.785 0.0000000000
68632  -52.809  -11.650  59.777 0.0000000000
67668  -52.687  -12.197  60.338 0.0000000000
68623  -53.265  -11.449  60.358 0.0000000000
68643  -55.183  -11.349  58.251 0.0000000000
68642  -54.198  -11.465  58.643 0.0000000000
69624  -54.932  -11.078  59.140 0.0000000000
151226  -54.996  -10.084  61.230 0.0000000000
39920  -8.620  -40.825  90.270 0.0000000000
38908  -8.177  -41.375  90.014 0.0000000000
37989  -8.775  -41.235  90.324 0.0000000000
61726  -42.720  -18.640  58.310 0.0000000000
135180  -44.111  -18.616  58.596 0.0000000000
61727  -43.384  -18.323  58.206 0.0000000000
129171  -43.980  -17.118  57.446 0.0000000000
63676  -44.640  -16.545  57.273 0.0000000000
63677  -45.443  -16.668  57.587 0.0000000000
64606  -45.252  -15.912  57.155 0.0000000000
64607  -45.838  -15.231  57.049 0.0000000000
65659  -46.396  -14.668  56.911 0.0000000000
65660  -47.160  -14.526  57.047 0.0000000000
65672  -46.541  -13.994  56.537 0.0000000000
66711  -47.668  -13.464  56.201 0.0000000000
66729  -48.135  -13.437  55.756 0.0000000000
66747  -49.308  -13.219  54.142 0.0000000000
66741  -49.839  -13.558  54.780 0.0000000000
66742  -50.571  -13.409  54.670 0.0000000000
66732  -51.518  -13.457  55.665 0.0000000000
66743  -51.135  -13.446  54.911 0.0000000000
146818  -51.655  -12.198  52.811 0.0000000000
68690  -52.199  -12.399  53.232 0.0000000000
67735  -52.629  -12.742  54.644 0.0000000000
67747  -52.803  -12.472  53.852 0.0000000000
143799  -54.113  -12.018  53.876 0.0000000000
128946  -55.636  -11.788  52.647 0.0000000000
145868  -56.404  -11.541  53.080 0.0000000000
68718  -57.140  -11.354  52.522 0.0000000000
69706  -55.235  -11.018  49.953 0.0000000000
68740  -56.525  -11.328  50.708 0.0000000000
69707  -56.116  -11.007  50.025 0.0000000000
69719  -56.573  -10.583  49.482 0.0000000000
41729  -10.134  -39.191  86.881 0.0000000000
43485  -15.848  -36.458  88.117 0.0000000000
43493  -14.764  -36.846  87.007 0.0000000000
43484  -15.011  -36.784  87.878 0.0000000000
43483  -14.310  -36.880  88.515 0.0000000000
43482  -13.448  -37.182  88.366 0.0000000000
146032  -12.971  -37.352  89.014 0.0000000000
43459  -14.512  -36.422  91.944 0.0000000000
42561  -12.363  -37.504  91.359 0.0000000000
43464  -12.916  -37.165  90.723 0.0000000000
42566  -12.294  -37.577  90.441 0.0000000000
42571  -11.490  -38.068  89.487 0.0000000000
42580  -11.233  -38.376  87.918 0.0000000000
41712  -10.361  -38.766  89.962 0.0000000000
41707  -9.909  -39.128  90.662 0.0000000000
41711  -9.724  -39.231  89.835 0.0000000000
40836  -9.394  -39.764  90.511 0.0000000000
147992  -9.490  -39.973  90.894 0.0000000000
40825  -9.866  -39.628  91.069 0.0000000000
39915  -11.635  -40.055  91.795 0.0000000000
146977  -46.951  -18.911  76.098 0.0000000000
131954  -47.633  -18.964  75.885 0.0000000000
62510  -46.662  -18.620  75.803 0.0000000000
135747  -42.250  -21.986  77.857 0.0000000000
58347  -42.460  -21.298  77.310 0.0000000000
59470  -42.453  -20.519  75.649 0.0000000000
59471  -42.703  -20.508  76.803 0.0000000000
60526  -42.944  -19.647  76.366 0.0000000000
59460  -43.314  -19.827  77.323 0.0000000000
60549  -41.916  -19.846  73.291 0.0000000000
128107  -43.179  -18.930  73.837 0.0000000000
61526  -43.044  -18.881  74.265 0.0000000000
62530  -43.601  -18.635  74.908 0.0000000000
61517  -43.729  -18.648  75.577 0.0000000000
62517  -44.077  -18.531  75.417 0.0000000000
62518  -44.437  -18.568  75.800 0.0000000000
62531  -44.079  -18.495  74.757 0.0000000000
61542  -44.686  -18.833  73.661 0.0000000000
62532  -45.060  -18.351  74.810 0.0000000000
61527  -45.997  -18.369  74.456 0.0000000000
60550  -46.266  -19.448  73.317 0.0000000000
60562  -45.645  -19.746  72.998 0.0000000000
59514  -44.594  -21.136  71.256 0.0000000000
60577  -45.100  -20.848  71.944 0.0000000000
58428  -45.106  -21.604  70.668 0.0000000000
60625  -42.002  -19.895  68.991 0.0000000000
60608  -42.891  -20.111  70.131 0.0000000000
59557  -42.547  -20.707  68.549 0.0000000000
58478  -43.206  -21.424  68.063 0.0000000000
58464  -43.802  -21.577  68.652 0.0000000000
132269  -43.693  -21.816  67.283 0.0000000000
58492  -42.621  -21.749  66.397 0.0000000000
125583  -41.223  -21.952  64.444 0.0000000000
125727  -42.050  -21.974  64.647 0.0000000000
125726  -42.082  -21.918  63.880 0.0000000000
60666  -36.826  -19.160  65.526 0.0000000000
59625  -37.576  -20.378  64.301 0.0000000000
58526  -38.421  -21.583  62.973 0.0000000000
58527  -39.319  -21.782  63.073 0.0000000000
128707  -38.926  -21.751  62.112 0.0000000000
58567  -40.568  -21.635  61.600 0.0000000000
51476  -19.991  -28.929  83.039 0.0000000000
50494  -19.470  -29.310  83.772 0.0000000000
54495  -21.900  -25.973  84.034 0.0000000000
54474  -21.653  -25.775  85.151 0.0000000000
148941  -25.182  -26.351  76.051 0.0000000000
55488  -25.174  -26.424  76.629 0.0000000000
55480  -24.870  -26.467  77.380 0.0000000000
55481  -25.208  -26.509  77.430 0.0000000000
146636  -25.299  -26.636  79.148 0.0000000000
54567  -25.133  -26.580  79.868 0.0000000000
54551  -25.010  -26.469  80.669 0.0000000000
145253  -25.413  -26.721  80.369 0.0000000000
53559  -28.382  -27.481  74.402 0.0000000000
137768  -28.710  -27.694  76.153 0.0000000000
125735  -30.784  -27.098  79.138 0.0000000000
126957  -30.275  -27.423  78.473 0.0000000000
148513  -28.680  -27.744  78.743 0.0000000000
128957  -27.965  -27.657  78.959 0.0000000000
147225  -27.064  -27.536  78.847 0.0000000000
53464  -27.184  -27.481  79.573 0.0000000000
151262  -27.061  -26.967  82.101 0.0000000000
53447  -27.163  -27.295  80.557 0.0000000000
53409  -26.399  -26.650  82.323 0.0000000000
53393  -26.493  -26.449  83.432 0.0000000000
54480  -27.257  -26.374  84.650 0.0000000000
125051  -27.728  -26.198  85.322 0.0000000000
54500  -30.965  -26.143  84.296 0.0000000000
54483  -30.140  -26.102  84.622 0.0000000000
54538  -36.673  -25.709  81.827 0.0000000000
43553  -14.468  -36.385  82.692 0.0000000000
46461  -18.215  -33.918  80.438 0.0000000000
45433  -17.603  -34.552  80.005 0.0000000000
132317  -17.689  -34.521  80.896 0.0000000000
142675  -16.817  -35.250  81.139 0.0000000000
44499  -16.323  -35.477  80.910 0.0000000000
44485  -15.805  -35.857  81.482 0.0000000000
132702  -16.726  -36.062  84.080 0.0000000000
47427  -17.583  -32.382  86.015 0.0000000000
61548  -50.697  -18.757  73.518 0.0000000000
127231  -43.521  -20.480  60.599 0.0000000000
147991  -43.933  -20.639  61.171 0.0000000000
59703  -44.317  -20.257  60.677 0.0000000000
59685  -46.442  -20.225  61.829 0.0000000000
144541  -47.045  -20.599  63.195 0.0000000000
59669  -47.683  -20.418  62.767 0.0000000000
139112  -47.762  -18.450  60.344 0.0000000000
61684  -48.859  -18.577  61.300 0.0000000000
60687  -50.285  -19.894  62.937 0.0000000000
60706  -49.637  -19.399  62.435 0.0000000000
59633  -50.580  -20.891  64.242 0.0000000000
59634  -51.444  -20.900  63.895 0.0000000000
59657  -52.999  -20.453  63.621 0.0000000000
59635  -52.767  -20.983  64.242 0.0000000000
59636  -53.587  -20.781  64.199 0.0000000000
66659  -50.992  -13.884  59.748 0.0000000000
65646  -50.348  -14.310  59.413 0.0000000000
65635  -51.561  -14.382  60.531 0.0000000000
64561  -52.230  -15.184  61.854 0.0000000000
64543  -52.069  -15.946  62.559 0.0000000000
64527  -52.512  -16.143  63.432 0.0000000000
71597  -59.666  -9.125  50.337 0.0000000000
132102  -59.999  -8.701  50.990 0.0000000000
72503  -60.536  -7.705  50.942 0.0000000000
130666  -60.614  -7.588  49.953 0.0000000000
72524  -58.601  -7.822  47.288 0.0000000000
73386  -60.140  -6.414  47.535 0.0000000000
72526  -59.989  -6.965  47.925 0.0000000000
73378  -60.468  -6.402  48.163 0.0000000000
73371  -60.898  -6.674  49.772 0.0000000000
149896  -60.949  -5.770  49.045 0.0000000000
151406  -61.374  -4.922  50.042 0.0000000000
75133  -60.504  -4.215  46.422 0.0000000000
76059  -61.305  -3.687  48.134 0.0000000000
76068  -61.066  -3.394  47.262 0.0000000000
76069  -61.780  -2.945  47.880 0.0000000000
77024  -61.649  -2.627  47.047 0.0000000000
77958  -56.890  -1.826  44.263 0.0000000000
77945  -57.198  -1.807  44.791 0.0000000000
77043  -57.509  -2.108  44.968 0.0000000000
76102  -58.737  -2.881  44.059 0.0000000000
77061  -58.624  -2.043  43.820 0.0000000000
77961  -60.542  -1.740  43.907 0.0000000000
77063  -60.437  -1.937  44.265 0.0000000000
77046  -61.685  -1.834  45.497 0.0000000000
77940  -62.003  -2.006  45.952 0.0000000000
77047  -62.262  -2.125  45.603 0.0000000000
76141  -59.414  -3.806  41.371 0.0000000000
76142  -59.876  -3.163  41.353 0.0000000000
76153  -60.619  -3.644  41.054 0.0000000000
53592  -35.422  -26.366  72.200 0.0000000000
53581  -37.042  -25.908  73.786 0.0000000000
54650  -37.599  -25.637  72.997 0.0000000000
58515  -43.469  -21.783  64.133 0.0000000000
58516  -44.278  -21.628  64.376 0.0000000000
144087  -44.058  -21.560  63.673 0.0000000000
59650  -45.081  -20.941  62.924 0.0000000000
68668  -56.358  -10.762  55.259 0.0000000000
69643  -56.982  -10.414  55.500 0.0000000000
70657  -59.291  -8.698  56.283 0.0000000000
70665  -59.432  -8.561  55.649 0.0000000000
71558  -59.871  -8.039  55.387 0.0000000000
71574  -59.631  -8.490  53.508 0.0000000000
43515  -13.673  -36.895  85.172 0.0000000000
60589  -39.930  -19.487  70.134 0.0000000000
60588  -39.535  -19.527  69.522 0.0000000000
143313  -39.719  -19.393  69.320 0.0000000000
61602  -40.114  -19.248  69.427 0.0000000000
62569  -40.004  -19.179  68.942 0.0000000000
61612  -39.553  -19.280  68.278 0.0000000000
125130  -38.658  -19.116  67.199 0.0000000000
132681  -18.679  -30.035  84.807 0.0000000000
54515  -23.567  -25.799  82.333 0.0000000000
54497  -23.578  -25.543  83.058 0.0000000000
54477  -24.327  -25.292  84.493 0.0000000000
136044  -25.279  -25.658  84.372 0.0000000000
54478  -25.922  -25.904  84.770 0.0000000000
125969  -32.730  -26.776  80.101 0.0000000000
130205  -32.905  -26.746  80.809 0.0000000000
53415  -32.460  -26.681  82.294 0.0000000000
54519  -32.999  -26.309  83.075 0.0000000000
54503  -33.554  -25.908  83.756 0.0000000000
64601  -47.329  -15.322  57.709 0.0000000000
63671  -48.314  -16.061  58.765 0.0000000000
64590  -49.499  -15.596  59.427 0.0000000000
64591  -50.113  -15.139  59.796 0.0000000000
55482  -41.777  -24.752  77.472 0.0000000000
133197  -41.959  -24.093  77.178 0.0000000000
136433  -41.750  -24.309  74.399 0.0000000000
56479  -39.960  -23.884  70.938 0.0000000000
58439  -39.905  -21.563  70.123 0.0000000000
57467  -39.437  -22.129  69.512 0.0000000000
134725  -20.377  -30.715  80.367 0.0000000000
49543  -20.915  -30.193  79.926 0.0000000000
130727  -23.162  -28.561  77.694 0.0000000000
52391  -23.137  -27.597  78.856 0.0000000000
53462  -23.349  -26.945  79.451 0.0000000000
54575  -23.910  -26.716  79.035 0.0000000000
54576  -24.423  -26.585  78.975 0.0000000000
53565  -34.848  -26.608  74.384 0.0000000000
53564  -33.993  -26.727  74.610 0.0000000000
53547  -34.607  -26.606  75.258 0.0000000000
53529  -34.345  -26.549  76.165 0.0000000000
133527  -33.928  -26.528  77.020 0.0000000000
133526  -34.758  -26.493  76.933 0.0000000000
53487  -35.533  -26.608  78.705 0.0000000000
53470  -36.238  -26.633  79.238 0.0000000000
126893  -36.264  -26.613  78.371 0.0000000000
53551  -39.538  -26.398  75.683 0.0000000000
53534  -39.737  -26.636  76.523 0.0000000000
53514  -40.734  -26.535  77.561 0.0000000000
53492  -41.084  -26.297  78.039 0.0000000000
54581  -41.296  -25.836  78.572 0.0000000000
141536  -41.382  -25.820  77.854 0.0000000000
54593  -41.571  -25.409  77.304 0.0000000000
48541  -19.994  -31.755  79.477 0.0000000000
59516  -46.640  -21.305  71.514 0.0000000000
59506  -47.906  -20.571  72.126 0.0000000000
59527  -46.886  -21.395  70.784 0.0000000000
59528  -47.642  -20.931  70.539 0.0000000000
149457  -47.787  -20.687  69.750 0.0000000000
59591  -47.432  -20.351  66.701 0.0000000000
59592  -48.310  -19.958  66.695 0.0000000000
59576  -49.030  -19.802  67.056 0.0000000000
60656  -49.762  -19.827  66.882 0.0000000000
146075  -50.997  -20.002  67.384 0.0000000000
60657  -50.553  -20.084  66.750 0.0000000000
59595  -50.899  -20.660  65.975 0.0000000000
59596  -51.876  -20.976  65.985 0.0000000000
67705  -51.120  -13.220  57.217 0.0000000000
67696  -51.369  -12.743  57.863 0.0000000000
68646  -52.676  -11.938  58.418 0.0000000000
68641  -53.327  -11.553  58.828 0.0000000000
69615  -56.442  -10.415  59.386 0.0000000000
69614  -55.571  -10.664  59.687 0.0000000000
69605  -56.211  -10.177  60.292 0.0000000000
75101  -62.025  -4.593  51.270 0.0000000000
64616  -45.026  -15.091  56.631 0.0000000000
142395  -47.686  -13.280  54.069 0.0000000000
66740  -48.860  -13.670  54.973 0.0000000000
67744  -49.692  -12.622  53.451 0.0000000000
68713  -52.251  -12.056  52.405 0.0000000000
125697  -53.769  -12.168  53.044 0.0000000000
68715  -54.099  -11.998  52.214 0.0000000000
68716  -54.972  -11.879  52.079 0.0000000000
128828  -55.663  -11.783  51.914 0.0000000000
68730  -56.089  -11.637  51.372 0.0000000000
68729  -55.261  -11.738  51.308 0.0000000000
68738  -54.780  -11.502  50.580 0.0000000000
44397  -15.950  -35.904  89.977 0.0000000000
142573  -15.214  -36.482  89.594 0.0000000000
125324  -14.307  -36.736  90.131 0.0000000000
43453  -14.031  -36.896  92.313 0.0000000000
42555  -12.535  -37.611  92.153 0.0000000000
42560  -11.696  -37.850  91.174 0.0000000000
42564  -10.968  -38.322  90.110 0.0000000000
41704  -11.353  -38.263  91.735 0.0000000000
41703  -10.773  -38.762  91.465 0.0000000000
40826  -10.513  -39.429  91.445 0.0000000000
40815  -11.689  -39.147  92.146 0.0000000000
39911  -12.130  -39.471  92.163 0.0000000000
128419  -42.239  -22.234  75.942 0.0000000000
60541  -42.280  -20.042  74.608 0.0000000000
61554  -41.933  -19.442  72.397 0.0000000000
61539  -42.218  -19.456  73.060 0.0000000000
62549  -42.383  -19.404  72.917 0.0000000000
62550  -42.940  -19.076  73.181 0.0000000000
125491  -43.669  -18.691  74.082 0.0000000000
61541  -43.886  -18.830  73.616 0.0000000000
61557  -44.282  -19.222  73.026 0.0000000000
60576  -44.253  -20.366  71.807 0.0000000000
60592  -43.809  -20.580  71.073 0.0000000000
60641  -41.109  -19.858  67.813 0.0000000000
60642  -41.835  -20.229  68.160 0.0000000000
59572  -41.610  -20.654  67.387 0.0000000000
59589  -42.118  -21.333  66.946 0.0000000000
58491  -41.948  -21.611  66.307 0.0000000000
58504  -41.401  -21.628  65.909 0.0000000000
51477  -20.565  -28.357  82.780 0.0000000000
51466  -20.314  -28.219  83.470 0.0000000000
141731  -22.046  -25.414  85.465 0.0000000000
55498  -25.364  -26.045  75.152 0.0000000000
135054  -25.311  -26.356  75.918 0.0000000000
55473  -25.353  -26.560  77.519 0.0000000000
54579  -25.741  -26.881  78.616 0.0000000000
53561  -30.147  -27.499  74.919 0.0000000000
53560  -29.235  -27.633  74.728 0.0000000000
53543  -29.481  -27.672  75.523 0.0000000000
132917  -29.420  -27.725  76.829 0.0000000000
125736  -29.923  -27.379  79.282 0.0000000000
125739  -29.626  -27.262  80.117 0.0000000000
53448  -28.265  -27.248  80.842 0.0000000000
53394  -27.349  -26.613  83.848 0.0000000000
53395  -28.004  -26.825  83.201 0.0000000000
148485  -28.142  -26.679  83.907 0.0000000000
53383  -28.662  -26.519  84.360 0.0000000000
45414  -17.778  -34.450  81.729 0.0000000000
145597  -17.815  -34.399  82.592 0.0000000000
45413  -17.391  -35.039  82.146 0.0000000000
44473  -16.977  -35.540  82.485 0.0000000000
45402  -17.425  -35.341  83.832 0.0000000000
142662  -17.277  -35.549  84.579 0.0000000000
45390  -17.328  -35.334  85.314 0.0000000000
127450  -17.722  -31.233  87.220 0.0000000000
60731  -44.624  -19.771  60.124 0.0000000000
59704  -45.227  -19.985  60.760 0.0000000000
60732  -45.346  -19.444  60.033 0.0000000000
140216  -45.897  -19.559  60.456 0.0000000000
60717  -46.942  -19.692  61.279 0.0000000000
61685  -49.524  -18.324  61.620 0.0000000000
131714  -50.257  -18.864  62.556 0.0000000000
60688  -51.041  -19.885  63.119 0.0000000000
59656  -51.608  -20.338  63.326 0.0000000000
60689  -51.690  -19.385  63.149 0.0000000000
140173  -52.391  -19.979  63.245 0.0000000000
60690  -53.151  -19.665  63.384 0.0000000000
66661  -52.376  -13.072  60.526 0.0000000000
65636  -52.105  -13.784  60.729 0.0000000000
66647  -52.749  -13.663  61.280 0.0000000000
146459  -53.271  -14.507  62.557 0.0000000000
65572  -53.538  -14.806  63.433 0.0000000000
69710  -58.431  -10.382  50.506 0.0000000000
147662  -58.937  -10.011  51.053 0.0000000000
70709  -58.610  -9.831  49.684 0.0000000000
70710  -59.274  -9.384  49.834 0.0000000000
71604  -59.670  -8.810  49.621 0.0000000000
73394  -59.962  -6.116  46.836 0.0000000000
74251  -60.491  -5.634  47.614 0.0000000000
74256  -60.267  -5.254  46.609 0.0000000000
75146  -60.227  -3.942  45.485 0.0000000000
77073  -55.871  -2.629  43.808 0.0000000000
77971  -56.949  -1.982  43.621 0.0000000000
77960  -58.369  -1.839  43.576 0.0000000000
78853  -59.201  -1.607  43.278 0.0000000000
78843  -59.832  -1.687  43.466 0.0000000000
78845  -60.849  -1.652  43.619 0.0000000000
145225  -60.923  -1.635  43.224 0.0000000000
75203  -60.493  -4.636  40.558 0.0000000000
75204  -60.838  -4.479  40.526 0.0000000000
75213  -61.262  -5.198  40.019 0.0000000000
54626  -40.770  -25.668  74.599 0.0000000000
127330  -39.889  -24.692  71.994 0.0000000000
55601  -39.311  -24.073  70.570 0.0000000000
49572  -21.533  -30.561  78.298 0.0000000000
51510  -23.286  -28.844  76.767 0.0000000000
51519  -23.649  -28.209  76.245 0.0000000000
52410  -23.814  -27.455  76.667 0.0000000000
52459  -33.484  -26.787  72.464 0.0000000000
53578  -34.810  -26.570  72.571 0.0000000000
53579  -35.107  -26.542  73.382 0.0000000000
139331  -36.729  -26.386  76.293 0.0000000000
53549  -37.323  -26.234  75.655 0.0000000000
137979  -38.125  -26.288  75.908 0.0000000000
149301  -37.743  -25.857  74.265 0.0000000000
53550  -38.747  -26.258  75.539 0.0000000000
54611  -40.162  -26.114  75.104 0.0000000000
58480  -44.881  -21.833  68.077 0.0000000000
58481  -45.657  -21.553  68.058 0.0000000000
136172  -45.283  -21.629  67.419 0.0000000000
146208  -46.038  -21.102  67.170 0.0000000000
59590  -46.128  -20.884  66.015 0.0000000000
136076  -47.068  -20.501  65.982 0.0000000000
59612  -47.535  -20.418  65.303 0.0000000000
126728  -48.029  -20.422  64.805 0.0000000000
68655  -54.052  -12.103  56.382 0.0000000000
134025  -54.090  -12.009  57.165 0.0000000000
68656  -54.727  -11.728  56.767 0.0000000000
68649  -55.330  -11.363  57.301 0.0000000000
69634  -56.006  -10.877  57.790 0.0000000000
69635  -56.496  -10.484  57.041 0.0000000000
137148  -56.674  -10.373  57.755 0.0000000000
69626  -56.556  -10.478  58.485 0.0000000000
69616  -57.186  -10.014  59.045 0.0000000000
70625  -58.034  -9.625  59.512 0.0000000000
71564  -60.376  -7.442  55.060 0.0000000000
73356  -60.967  -6.004  53.205 0.0000000000
73360  -60.873  -6.140  52.382 0.0000000000
42634  -12.222  -37.263  83.533 0.0000000000
42621  -11.643  -37.752  84.055 0.0000000000
58416  -41.481  -21.256  72.662 0.0000000000
59503  -41.562  -20.476  73.013 0.0000000000
60559  -41.296  -19.687  72.044 0.0000000000
61553  -41.446  -19.491  71.809 0.0000000000
61570  -41.704  -19.367  71.702 0.0000000000
61589  -42.018  -19.191  70.991 0.0000000000
60590  -42.389  -19.461  70.600 0.0000000000
61605  -41.532  -19.161  70.407 0.0000000000
60606  -41.400  -19.270  69.500 0.0000000000
61613  -40.175  -19.173  68.702 0.0000000000
60623  -40.564  -19.309  68.299 0.0000000000
59586  -39.731  -20.369  66.017 0.0000000000
53407  -21.936  -26.595  82.619 0.0000000000
151041  -23.146  -25.414  83.524 0.0000000000
54476  -22.940  -25.288  84.225 0.0000000000
55398  -24.421  -25.026  86.700 0.0000000000
147833  -25.530  -25.619  73.844 0.0000000000
55499  -25.825  -26.152  74.894 0.0000000000
135129  -26.115  -26.570  75.535 0.0000000000
53505  -31.479  -26.943  77.759 0.0000000000
126956  -31.090  -27.069  78.402 0.0000000000
53466  -31.363  -26.976  79.772 0.0000000000
128739  -30.279  -26.788  83.099 0.0000000000
53399  -32.109  -26.479  83.190 0.0000000000
54501  -31.832  -26.151  84.042 0.0000000000
54484  -31.672  -25.768  84.886 0.0000000000
46439  -18.208  -33.640  82.070 0.0000000000
46418  -17.869  -33.679  84.267 0.0000000000
47434  -17.796  -32.529  85.201 0.0000000000
48478  -17.827  -31.754  85.505 0.0000000000
49486  -18.013  -31.240  85.034 0.0000000000
62704  -46.048  -17.956  58.854 0.0000000000
61713  -46.568  -18.362  59.465 0.0000000000
62705  -46.898  -17.694  59.062 0.0000000000
62688  -48.140  -17.707  59.922 0.0000000000
63658  -48.493  -16.838  59.398 0.0000000000
62689  -49.017  -17.313  60.266 0.0000000000
62671  -49.214  -17.871  61.023 0.0000000000
62672  -49.852  -17.661  61.387 0.0000000000
62656  -50.882  -17.464  62.401 0.0000000000
70727  -57.149  -8.891  47.652 0.0000000000
71627  -56.812  -8.220  46.704 0.0000000000
72532  -57.220  -7.541  46.175 0.0000000000
76120  -56.110  -3.298  43.381 0.0000000000
76132  -56.804  -3.242  42.867 0.0000000000
76133  -57.628  -3.222  42.393 0.0000000000
77094  -58.440  -2.762  42.086 0.0000000000
76140  -58.529  -3.603  41.868 0.0000000000
74314  -58.876  -4.668  41.650 0.0000000000
74315  -59.558  -5.480  41.272 0.0000000000
143312  -15.836  -36.581  86.035 0.0000000000
43503  -15.430  -36.693  86.428 0.0000000000
57367  -42.147  -22.751  77.539 0.0000000000
57377  -42.190  -22.998  76.093 0.0000000000
55525  -41.344  -25.060  74.320 0.0000000000
55542  -41.473  -24.415  73.551 0.0000000000
56453  -41.702  -23.666  73.339 0.0000000000
56464  -41.013  -23.594  71.867 0.0000000000
57426  -41.689  -23.175  72.977 0.0000000000
135858  -41.699  -22.281  72.998 0.0000000000
144768  -41.164  -21.213  71.987 0.0000000000
59513  -40.811  -20.727  71.482 0.0000000000
59542  -39.553  -20.626  69.936 0.0000000000
59523  -39.315  -19.881  69.693 0.0000000000
60622  -38.433  -19.807  68.618 0.0000000000
50533  -20.559  -29.402  81.574 0.0000000000
52372  -21.635  -27.571  81.708 0.0000000000
49560  -21.694  -29.978  78.793 0.0000000000
51499  -21.876  -28.888  79.770 0.0000000000
53428  -22.902  -26.237  81.569 0.0000000000
54532  -23.633  -26.040  81.565 0.0000000000
54533  -24.030  -25.959  81.741 0.0000000000
52456  -30.363  -27.319  72.767 0.0000000000
52425  -29.859  -27.538  74.119 0.0000000000
139158  -31.120  -27.086  75.771 0.0000000000
52440  -32.606  -27.018  73.528 0.0000000000
52426  -32.449  -26.984  74.466 0.0000000000
53526  -31.670  -26.886  76.302 0.0000000000
133421  -31.983  -26.774  77.137 0.0000000000
53507  -33.655  -26.507  77.868 0.0000000000
53485  -33.377  -26.584  78.675 0.0000000000
53452  -34.322  -26.603  80.385 0.0000000000
53435  -34.638  -26.401  81.228 0.0000000000
54536  -35.029  -26.093  82.026 0.0000000000
53436  -35.375  -26.222  81.366 0.0000000000
53437  -36.073  -26.153  81.123 0.0000000000
54553  -36.947  -26.031  80.969 0.0000000000
54554  -37.858  -25.956  80.879 0.0000000000
142759  -37.640  -26.592  77.782 0.0000000000
133676  -39.193  -26.780  77.925 0.0000000000
53489  -38.867  -26.760  78.607 0.0000000000
53456  -39.113  -26.472  80.052 0.0000000000
54556  -39.776  -26.128  80.612 0.0000000000
54542  -40.533  -25.486  81.198 0.0000000000
54558  -41.388  -25.039  80.089 0.0000000000
47493  -19.114  -33.043  79.456 0.0000000000
47480  -19.252  -32.481  80.278 0.0000000000
47481  -19.689  -31.829  80.200 0.0000000000
61546  -48.525  -18.779  73.686 0.0000000000
60578  -48.719  -20.151  71.969 0.0000000000
60566  -49.222  -19.533  72.417 0.0000000000
61560  -50.135  -19.068  72.437 0.0000000000
61573  -50.950  -18.977  71.793 0.0000000000
59559  -46.758  -21.142  68.927 0.0000000000
59560  -47.518  -20.693  69.038 0.0000000000
59546  -48.230  -20.248  69.205 0.0000000000
60626  -48.754  -19.859  68.525 0.0000000000
60609  -48.962  -19.831  69.427 0.0000000000
60610  -49.813  -19.545  69.643 0.0000000000
60611  -50.709  -19.298  69.948 0.0000000000
60645  -51.724  -20.173  67.829 0.0000000000
66682  -49.699  -13.756  58.043 0.0000000000
66670  -50.578  -13.506  59.019 0.0000000000
66671  -51.152  -13.178  59.322 0.0000000000
67689  -51.508  -12.484  58.441 0.0000000000
67679  -51.626  -12.545  59.218 0.0000000000
67657  -52.862  -12.787  61.018 0.0000000000
67646  -53.737  -12.355  61.987 0.0000000000
149001  -53.679  -11.257  59.124 0.0000000000
69613  -54.634  -10.690  59.973 0.0000000000
68624  -53.849  -10.890  60.199 0.0000000000
134359  -53.826  -11.050  61.116 0.0000000000
39929  -8.262  -40.600  89.689 0.0000000000
59702  -42.699  -20.724  60.589 0.0000000000
59718  -43.008  -20.176  59.908 0.0000000000
130504  -42.773  -19.674  59.269 0.0000000000
60745  -43.547  -19.636  59.459 0.0000000000
61710  -44.114  -19.181  59.176 0.0000000000
61711  -44.768  -18.788  59.043 0.0000000000
61728  -44.824  -18.258  58.534 0.0000000000
62719  -44.990  -17.759  58.196 0.0000000000
61729  -45.391  -17.978  58.523 0.0000000000
62729  -45.633  -17.388  58.180 0.0000000000
63669  -46.177  -16.670  57.986 0.0000000000
64600  -46.740  -16.039  57.841 0.0000000000
65652  -47.910  -14.592  57.538 0.0000000000
140809  -47.822  -14.103  56.994 0.0000000000
66710  -46.704  -13.463  56.008 0.0000000000
66693  -48.132  -13.712  56.731 0.0000000000
66694  -48.860  -13.576  57.102 0.0000000000
132559  -49.424  -13.422  56.925 0.0000000000
66713  -49.885  -13.535  56.319 0.0000000000
66730  -49.607  -13.636  55.490 0.0000000000
66714  -50.818  -13.531  56.409 0.0000000000
66715  -51.533  -13.313  56.569 0.0000000000
67719  -52.189  -13.134  56.277 0.0000000000
149769  -52.799  -12.890  55.999 0.0000000000
67760  -49.149  -12.068  52.908 0.0000000000
67745  -50.588  -12.568  53.424 0.0000000000
140156  -51.444  -12.522  53.388 0.0000000000
131467  -51.134  -13.040  54.161 0.0000000000
67720  -53.104  -12.631  55.373 0.0000000000
68665  -53.869  -12.224  55.484 0.0000000000
68678  -54.358  -11.915  54.773 0.0000000000
143954  -55.030  -11.543  54.891 0.0000000000
68679  -55.612  -11.397  54.455 0.0000000000
128560  -56.321  -11.257  54.005 0.0000000000
131651  -57.914  -10.658  53.538 0.0000000000
69673  -58.390  -10.410  53.166 0.0000000000
69672  -57.853  -10.863  52.849 0.0000000000
69688  -57.840  -10.985  51.952 0.0000000000
69698  -57.808  -10.910  51.060 0.0000000000
68741  -57.201  -11.102  50.731 0.0000000000
69709  -57.652  -10.748  50.283 0.0000000000
69720  -57.363  -10.502  49.633 0.0000000000
69727  -57.024  -10.074  49.032 0.0000000000
127844  -56.608  -9.597  48.362 0.0000000000
70719  -55.834  -9.736  48.343 0.0000000000
71618  -56.266  -8.600  47.055 0.0000000000
43502  -14.619  -36.814  86.160 0.0000000000
43501  -13.757  -36.970  86.660 0.0000000000
127690  -12.738  -37.419  86.591 0.0000000000
146453  -12.103  -37.751  86.791 0.0000000000
42590  -11.716  -37.997  87.229 0.0000000000
44377  -15.106  -36.067  91.986 0.0000000000
43466  -14.409  -36.544  91.183 0.0000000000
129084  -13.479  -36.988  90.160 0.0000000000
43457  -12.991  -37.060  91.623 0.0000000000
43473  -12.929  -37.287  89.814 0.0000000000
42581  -11.908  -37.922  87.890 0.0000000000
41724  -10.588  -38.849  87.374 0.0000000000
139154  -10.244  -38.909  89.204 0.0000000000
40835  -8.861  -40.277  90.245 0.0000000000
39921  -9.218  -40.302  90.657 0.0000000000
142188  -9.228  -40.677  90.667 0.0000000000
39914  -10.348  -39.972  91.405 0.0000000000
38904  -9.850  -40.593  91.014 0.0000000000
60528  -47.685  -19.478  75.886 0.0000000000
61509  -48.308  -18.546  75.449 0.0000000000
58336  -42.922  -21.043  79.203 0.0000000000
59493  -41.903  -20.154  73.661 0.0000000000
61525  -42.524  -19.309  73.737 0.0000000000
60542  -42.669  -19.270  74.489 0.0000000000
61503  -43.320  -18.974  75.933 0.0000000000
61504  -43.957  -18.781  76.245 0.0000000000
62508  -45.024  -18.540  75.910 0.0000000000
62509  -45.823  -18.587  75.908 0.0000000000
62519  -45.457  -18.392  75.438 0.0000000000
62520  -46.289  -18.384  75.405 0.0000000000
62533  -46.684  -18.165  74.977 0.0000000000
62534  -47.591  -18.046  74.934 0.0000000000
61545  -47.515  -18.797  73.839 0.0000000000
60551  -47.039  -19.529  73.309 0.0000000000
59504  -45.697  -20.546  72.507 0.0000000000
148986  -46.260  -20.773  72.415 0.0000000000
140960  -45.992  -21.179  71.917 0.0000000000
58429  -46.026  -21.647  71.015 0.0000000000
58440  -45.713  -21.747  70.124 0.0000000000
59544  -43.395  -20.893  69.791 0.0000000000
58453  -43.980  -21.491  69.392 0.0000000000
58465  -44.484  -21.762  68.784 0.0000000000
58494  -44.232  -21.827  66.561 0.0000000000
58506  -43.892  -21.858  65.850 0.0000000000
58505  -42.348  -21.927  65.514 0.0000000000
146302  -43.140  -21.899  65.871 0.0000000000
125725  -42.794  -21.866  63.909 0.0000000000
58530  -42.625  -21.785  63.378 0.0000000000
126464  -42.173  -21.612  62.260 0.0000000000
60620  -37.853  -19.444  67.664 0.0000000000
61629  -37.603  -19.110  66.676 0.0000000000
61630  -38.223  -19.075  66.662 0.0000000000
61640  -38.100  -19.206  66.034 0.0000000000
60667  -37.652  -19.407  65.512 0.0000000000
60652  -38.699  -19.366  66.260 0.0000000000
59608  -38.444  -19.862  65.525 0.0000000000
59609  -39.183  -20.599  65.371 0.0000000000
59649  -38.014  -21.035  63.688 0.0000000000
59627  -39.393  -21.335  64.661 0.0000000000
125072  -39.747  -21.783  63.881 0.0000000000
58549  -39.870  -21.810  62.362 0.0000000000
150935  -40.814  -21.899  63.127 0.0000000000
58551  -41.371  -21.789  62.636 0.0000000000
58568  -41.476  -21.592  61.828 0.0000000000
50472  -19.345  -28.916  84.459 0.0000000000
52353  -20.092  -28.066  84.166 0.0000000000
53392  -21.327  -26.615  83.884 0.0000000000
52417  -23.788  -27.503  75.790 0.0000000000
53522  -23.954  -26.899  76.255 0.0000000000
137490  -24.315  -26.705  76.667 0.0000000000
54589  -24.377  -26.681  77.411 0.0000000000
134492  -24.563  -26.577  78.053 0.0000000000
54577  -24.857  -26.511  79.198 0.0000000000
55472  -25.182  -26.543  78.322 0.0000000000
54566  -24.745  -26.462  80.172 0.0000000000
54534  -25.045  -26.317  81.457 0.0000000000
133564  -27.074  -26.637  73.693 0.0000000000
53541  -27.615  -27.316  74.831 0.0000000000
140162  -27.013  -27.049  75.162 0.0000000000
54609  -26.779  -27.004  75.839 0.0000000000
54592  -26.765  -27.156  76.777 0.0000000000
144487  -29.338  -27.711  78.598 0.0000000000
53501  -27.559  -27.511  77.349 0.0000000000
53500  -26.679  -27.265  77.600 0.0000000000
53481  -26.499  -27.297  78.364 0.0000000000
53463  -26.388  -27.288  79.168 0.0000000000
53446  -26.049  -27.072  80.542 0.0000000000
54535  -25.725  -26.452  81.868 0.0000000000
125580  -26.739  -26.092  85.257 0.0000000000
53384  -29.444  -26.506  84.117 0.0000000000
54482  -29.260  -26.160  85.044 0.0000000000
150884  -13.872  -36.655  83.136 0.0000000000
43529  -15.206  -36.646  84.716 0.0000000000
44484  -14.825  -35.976  81.174 0.0000000000
44460  -15.416  -36.306  83.026 0.0000000000
44461  -15.766  -36.457  83.916 0.0000000000
151358  -15.748  -36.572  85.169 0.0000000000
44434  -16.199  -36.428  85.583 0.0000000000
44422  -16.844  -35.719  86.861 0.0000000000
59683  -43.912  -20.990  61.941 0.0000000000
59666  -44.874  -20.790  62.220 0.0000000000
59684  -45.546  -20.384  61.612 0.0000000000
59667  -45.833  -20.672  62.511 0.0000000000
59652  -46.343  -20.740  63.222 0.0000000000
59653  -47.575  -20.601  63.609 0.0000000000
59631  -48.289  -20.611  64.087 0.0000000000
129259  -46.965  -18.729  60.124 0.0000000000
61697  -47.358  -19.089  60.805 0.0000000000
142584  -47.747  -19.482  61.465 0.0000000000
61672  -49.190  -18.978  61.916 0.0000000000
60719  -48.506  -19.254  61.672 0.0000000000
60704  -48.132  -19.883  62.137 0.0000000000
59670  -48.557  -20.277  62.775 0.0000000000
131614  -48.911  -20.560  63.440 0.0000000000
59632  -49.679  -20.738  64.583 0.0000000000
59615  -51.361  -20.997  64.936 0.0000000000
59616  -52.386  -21.145  65.066 0.0000000000
64576  -50.583  -15.584  60.405 0.0000000000
64577  -51.218  -15.270  60.787 0.0000000000
64559  -50.913  -15.925  61.020 0.0000000000
63624  -51.488  -16.665  62.391 0.0000000000
63592  -51.983  -17.399  63.598 0.0000000000
63593  -52.411  -16.926  63.948 0.0000000000
62644  -52.608  -17.830  63.834 0.0000000000
61663  -53.336  -18.772  63.543 0.0000000000
142285  -58.886  -9.930  52.835 0.0000000000
70686  -59.406  -9.227  52.656 0.0000000000
130787  -59.481  -9.463  51.063 0.0000000000
71590  -59.707  -9.022  51.794 0.0000000000
149955  -60.194  -7.663  52.448 0.0000000000
72493  -60.508  -7.190  51.954 0.0000000000
73365  -60.892  -6.479  51.413 0.0000000000
71619  -58.220  -8.497  47.793 0.0000000000
71612  -59.459  -8.475  48.870 0.0000000000
72525  -59.383  -7.447  47.617 0.0000000000
72520  -59.911  -7.676  48.478 0.0000000000
71605  -60.134  -8.102  49.346 0.0000000000
149330  -61.646  -4.945  51.393 0.0000000000
74239  -61.755  -4.554  50.667 0.0000000000
74242  -61.728  -4.166  49.839 0.0000000000
75120  -60.930  -4.704  48.333 0.0000000000
75114  -61.520  -3.902  49.012 0.0000000000
76050  -62.026  -3.668  49.402 0.0000000000
76051  -62.133  -3.807  49.457 0.0000000000
75157  -58.388  -3.853  44.411 0.0000000000
75158  -59.145  -3.808  44.278 0.0000000000
76090  -59.829  -3.711  44.759 0.0000000000
76091  -60.387  -2.941  45.207 0.0000000000
77062  -59.515  -2.281  43.999 0.0000000000
143885  -60.910  -2.433  45.810 0.0000000000
132000  -62.051  -2.413  46.772 0.0000000000
77096  -59.993  -2.395  41.706 0.0000000000
77097  -60.900  -2.626  41.692 0.0000000000
150290  -61.331  -4.296  40.830 0.0000000000
39909  -11.034  -39.522  91.773 0.0000000000
42559  -11.048  -38.206  91.022 0.0000000000
42591  -12.378  -37.701  87.381 0.0000000000
43458  -13.765  -36.774  91.787 0.0000000000
43527  -13.449  -36.910  84.513 0.0000000000
53416  -33.300  -26.440  82.395 0.0000000000
53567  -36.211  -26.316  74.759 0.0000000000
54457  -22.164  -25.295  86.097 0.0000000000
58467  -46.027  -21.560  68.792 0.0000000000
58569  -42.986  -21.350  62.003 0.0000000000
59517  -47.393  -21.034  71.431 0.0000000000
59525  -43.448  -20.614  70.456 0.0000000000
59658  -53.763  -20.189  63.692 0.0000000000
60529  -48.477  -19.553  75.649 0.0000000000
60705  -48.910  -19.680  62.286 0.0000000000
61544  -46.576  -18.823  73.825 0.0000000000
61558  -45.014  -19.307  73.149 0.0000000000
62511  -47.473  -18.600  75.630 0.0000000000
62543  -45.119  -18.505  74.186 0.0000000000
62721  -47.206  -17.007  58.705 0.0000000000
65607  -52.796  -14.507  61.927 0.0000000000
65619  -51.798  -15.051  61.169 0.0000000000
65661  -48.415  -13.968  57.329 0.0000000000
67680  -52.268  -12.028  59.528 0.0000000000
67688  -51.081  -12.946  58.166 0.0000000000
67718  -52.370  -13.046  55.446 0.0000000000
67748  -53.444  -12.272  53.678 0.0000000000
68613  -53.827  -11.665  61.695 0.0000000000
68680  -56.141  -11.019  54.730 0.0000000000
69603  -54.458  -10.507  60.774 0.0000000000
69721  -58.017  -10.364  49.832 0.0000000000
71603  -59.023  -9.138  49.237 0.0000000000
75174  -55.653  -4.280  43.490 0.0000000000
75206  -61.617  -4.682  40.815 0.0000000000
76061  -62.145  -3.505  48.861 0.0000000000
76104  -60.247  -2.392  44.572 0.0000000000
76143  -60.529  -2.937  41.439 0.0000000000
76152  -60.233  -3.992  40.913 0.0000000000
76154  -61.080  -3.995  40.847 0.0000000000
77036  -62.295  -2.465  46.444 0.0000000000
77045  -60.974  -2.002  45.269 0.0000000000
77086  -58.557  -2.070  42.290 0.0000000000
77095  -59.181  -2.505  41.785 0.0000000000
77946  -61.304  -1.778  44.753 0.0000000000
77959  -57.518  -1.873  44.102 0.0000000000
77962  -61.410  -1.693  44.250 0.0000000000
77974  -61.422  -1.734  43.624 0.0000000000
77986  -59.582  -1.611  42.514 0.0000000000
77988  -61.235  -1.810  42.856 0.0000000000
77996  -59.933  -1.883  42.089 0.0000000000
77998  -61.109  -2.199  42.183 0.0000000000
78844  -60.254  -1.673  43.457 0.0000000000
78854  -59.784  -1.521  43.193 0.0000000000
78855  -60.375  -1.585  43.196 0.0000000000
78863  -59.287  -1.419  42.947 0.0000000000
78865  -60.597  -1.613  42.820 0.0000000000
126752  -49.109  -20.703  64.100 0.0000000000
128763  -60.786  -6.447  48.929 0.0000000000
128776  -44.187  -19.592  59.668 0.0000000000
130206  -31.082  -26.947  81.826 0.0000000000
130609  -44.476  -21.686  65.206 0.0000000000
134319  -60.777  -1.851  42.422 0.0000000000
134709  -61.075  -5.764  49.596 0.0000000000
138002  -40.586  -21.922  63.799 0.0000000000
138315  -58.835  -5.761  41.788 0.0000000000
141141  -60.410  -7.015  48.500 0.0000000000
141147  -45.917  -18.552  59.309 0.0000000000
142169  -50.398  -17.372  61.701 0.0000000000
145319  -7.977  -41.119  89.904 0.0000000000
146340  -41.012  -21.720  62.145 0.0000000000
147270  -56.858  -9.872  60.894 0.0000000000
148157  -10.081  -39.810  91.273 0.0000000000
148356  -26.411  -26.535  82.852 0.0000000000
148988  -40.006  -20.705  70.448 0.0000000000
149033  -42.424  -21.933  64.240 0.0000000000
150263  -60.539  -2.514  41.668 0.0000000000
150376  -8.431  -41.672  90.051 0.0000000000
