#!ascii label  , from subject sub-fsm93cs vox2ras=TkReg
715
36389  24.699  -63.406  73.231 0.0000000000
51132  42.644  -48.539  60.162 0.0000000000
55986  50.512  -43.869  60.211 0.0000000000
119507  45.027  -59.170  64.880 0.0000000000
32343  31.532  -67.136  67.764 0.0000000000
31302  28.331  -67.770  71.995 0.0000000000
54087  46.145  -45.767  61.328 0.0000000000
50183  48.103  -49.759  64.356 0.0000000000
36416  41.161  -62.768  66.614 0.0000000000
30326  36.471  -69.545  67.477 0.0000000000
62244  50.104  -36.517  55.754 0.0000000000
56940  48.810  -41.876  57.363 0.0000000000
43428  41.175  -56.721  63.660 0.0000000000
46516  45.074  -53.665  64.546 0.0000000000
35364  28.128  -65.115  71.160 0.0000000000
34343  26.392  -65.203  73.278 0.0000000000
52093  44.100  -46.924  60.925 0.0000000000
52059  46.991  -47.479  63.720 0.0000000000
120130  45.102  -49.025  62.829 0.0000000000
32420  42.398  -67.357  62.701 0.0000000000
30306  31.814  -69.402  69.977 0.0000000000
31358  34.015  -68.487  68.160 0.0000000000
28230  34.529  -71.447  67.609 0.0000000000
62227  48.509  -36.312  56.571 0.0000000000
60356  49.384  -38.009  55.354 0.0000000000
60326  48.900  -38.567  56.836 0.0000000000
55030  47.835  -44.668  58.187 0.0000000000
56034  47.471  -43.156  55.918 0.0000000000
137044  50.281  -42.518  58.780 0.0000000000
56925  51.655  -42.600  57.418 0.0000000000
55027  52.270  -44.727  57.953 0.0000000000
38429  43.075  -60.836  65.961 0.0000000000
40456  40.997  -59.542  66.332 0.0000000000
42401  43.908  -58.251  66.414 0.0000000000
45530  43.185  -54.935  63.779 0.0000000000
43393  45.506  -56.751  65.689 0.0000000000
44481  47.664  -55.211  64.454 0.0000000000
42478  46.709  -57.541  63.047 0.0000000000
33356  30.245  -66.994  70.608 0.0000000000
54132  46.419  -45.518  57.889 0.0000000000
54993  48.517  -44.846  61.423 0.0000000000
53093  49.221  -46.542  62.091 0.0000000000
50205  49.026  -49.366  62.362 0.0000000000
136564  39.686  -66.561  66.416 0.0000000000
34447  41.671  -66.031  65.955 0.0000000000
127880  42.641  -64.039  64.559 0.0000000000
115619  44.056  -62.107  63.027 0.0000000000
39467  45.175  -60.266  61.893 0.0000000000
32354  37.388  -67.685  66.496 0.0000000000
30369  38.981  -69.752  65.890 0.0000000000
61307  50.585  -37.497  53.493 0.0000000000
58613  47.170  -39.962  56.165 0.0000000000
58603  50.197  -40.420  57.211 0.0000000000
56033  51.330  -43.174  55.734 0.0000000000
48408  44.412  -51.308  62.258 0.0000000000
48392  46.660  -51.782  65.026 0.0000000000
46537  47.944  -53.417  62.977 0.0000000000
118588  24.548  -64.013  73.527 0.0000000000
36378  25.425  -63.983  73.502 0.0000000000
34344  25.844  -64.969  73.477 0.0000000000
52094  43.458  -47.338  60.476 0.0000000000
52075  44.893  -47.604  62.357 0.0000000000
51124  43.699  -48.791  61.270 0.0000000000
29281  33.055  -70.239  69.143 0.0000000000
61282  47.198  -36.562  55.969 0.0000000000
61270  48.528  -37.196  56.754 0.0000000000
121902  47.777  -37.748  56.847 0.0000000000
55998  49.441  -43.618  59.473 0.0000000000
56006  49.098  -43.504  58.604 0.0000000000
55997  50.335  -43.334  59.753 0.0000000000
56004  51.367  -42.967  58.930 0.0000000000
39419  44.200  -60.091  65.179 0.0000000000
40454  43.455  -59.690  66.406 0.0000000000
40452  44.610  -58.747  66.026 0.0000000000
43394  44.664  -57.238  65.868 0.0000000000
42435  45.668  -57.695  65.617 0.0000000000
42452  46.523  -57.402  64.550 0.0000000000
40481  45.925  -58.617  63.776 0.0000000000
34384  29.007  -65.871  70.613 0.0000000000
32294  29.550  -67.699  71.686 0.0000000000
30296  30.336  -69.191  70.732 0.0000000000
54102  45.100  -45.931  60.035 0.0000000000
122029  44.997  -45.883  57.901 0.0000000000
54112  45.759  -45.773  59.455 0.0000000000
54110  47.471  -45.097  60.103 0.0000000000
54099  47.632  -45.046  61.201 0.0000000000
54084  48.826  -45.245  61.926 0.0000000000
54067  47.422  -45.703  62.479 0.0000000000
51106  47.516  -48.118  63.919 0.0000000000
51104  48.549  -48.193  63.268 0.0000000000
50192  48.909  -49.641  63.120 0.0000000000
49296  48.942  -49.975  61.919 0.0000000000
49281  48.965  -50.475  63.105 0.0000000000
31366  40.260  -67.986  66.009 0.0000000000
33414  40.508  -66.312  66.564 0.0000000000
32370  41.504  -67.499  65.363 0.0000000000
34468  42.760  -65.679  63.447 0.0000000000
37523  43.473  -62.781  63.417 0.0000000000
31341  35.238  -68.858  68.002 0.0000000000
31356  35.624  -68.576  67.527 0.0000000000
113866  37.098  -68.386  67.078 0.0000000000
31354  37.795  -68.251  66.836 0.0000000000
30357  37.773  -69.659  66.715 0.0000000000
63164  49.917  -35.301  56.062 0.0000000000
128960  50.171  -37.013  54.867 0.0000000000
58632  49.694  -39.535  55.540 0.0000000000
56941  47.959  -42.400  56.476 0.0000000000
56953  47.189  -42.469  55.636 0.0000000000
57816  47.440  -41.537  56.073 0.0000000000
58622  46.954  -40.804  55.709 0.0000000000
58621  47.655  -40.577  56.471 0.0000000000
58612  48.510  -40.073  57.147 0.0000000000
57800  49.344  -40.771  57.537 0.0000000000
56020  51.898  -43.225  56.819 0.0000000000
56938  51.553  -42.432  56.783 0.0000000000
36426  40.996  -63.644  66.629 0.0000000000
38419  40.827  -62.042  66.668 0.0000000000
42437  41.218  -57.747  65.070 0.0000000000
41484  40.381  -58.520  64.262 0.0000000000
45528  44.597  -54.536  64.702 0.0000000000
46529  43.290  -53.971  62.796 0.0000000000
46528  43.941  -53.553  63.291 0.0000000000
130806  43.996  -51.840  62.043 0.0000000000
47464  44.999  -52.158  63.681 0.0000000000
48400  45.512  -51.237  63.969 0.0000000000
47463  46.303  -52.594  64.929 0.0000000000
43425  47.552  -55.869  63.062 0.0000000000
127753  48.058  -54.052  63.645 0.0000000000
136004  47.559  -54.617  62.732 0.0000000000
46550  47.648  -53.559  61.938 0.0000000000
35354  27.357  -64.987  72.647 0.0000000000
116557  27.652  -66.386  72.743 0.0000000000
31311  27.587  -67.983  71.726 0.0000000000
33318  26.793  -66.434  72.811 0.0000000000
53112  44.824  -46.536  61.348 0.0000000000
53095  46.894  -46.222  62.943 0.0000000000
52083  45.178  -46.812  62.150 0.0000000000
52060  46.174  -47.727  63.446 0.0000000000
50195  46.607  -48.949  64.001 0.0000000000
32314  32.104  -68.054  69.549 0.0000000000
32342  32.390  -67.693  67.942 0.0000000000
31331  33.220  -68.909  69.256 0.0000000000
30316  34.076  -69.410  68.662 0.0000000000
29314  35.642  -70.675  67.441 0.0000000000
29326  36.754  -70.768  66.791 0.0000000000
27163  35.341  -71.938  66.752 0.0000000000
121118  49.652  -35.788  56.245 0.0000000000
114284  49.495  -37.179  56.009 0.0000000000
61281  49.086  -37.105  56.460 0.0000000000
60334  48.864  -37.948  56.627 0.0000000000
123671  49.845  -39.463  56.364 0.0000000000
55038  47.159  -44.902  57.399 0.0000000000
55037  48.230  -43.755  57.202 0.0000000000
56014  48.851  -43.262  57.812 0.0000000000
56927  49.215  -42.424  57.853 0.0000000000
57789  50.592  -41.647  58.022 0.0000000000
56916  50.958  -42.291  58.539 0.0000000000
56013  51.941  -43.274  57.646 0.0000000000
130750  42.015  -61.582  66.535 0.0000000000
39404  41.681  -60.789  66.855 0.0000000000
128242  42.130  -60.009  66.899 0.0000000000
41460  42.565  -58.517  66.721 0.0000000000
42436  42.349  -57.343  65.928 0.0000000000
44484  42.259  -55.926  63.931 0.0000000000
43408  43.415  -56.526  65.787 0.0000000000
115274  44.434  -55.951  65.575 0.0000000000
45519  45.831  -54.821  65.232 0.0000000000
46505  46.756  -53.822  65.212 0.0000000000
43407  46.792  -55.984  65.275 0.0000000000
128496  47.317  -56.315  63.832 0.0000000000
42477  46.809  -56.812  62.491 0.0000000000
35379  28.045  -65.241  69.271 0.0000000000
33391  29.196  -65.904  69.080 0.0000000000
33375  31.090  -67.121  69.271 0.0000000000
31319  31.291  -68.775  70.515 0.0000000000
126824  31.090  -70.001  70.132 0.0000000000
55031  47.134  -45.224  58.408 0.0000000000
113953  48.367  -44.583  59.950 0.0000000000
55007  49.904  -44.333  60.780 0.0000000000
54083  49.569  -45.533  61.560 0.0000000000
53109  49.606  -46.250  61.593 0.0000000000
125327  49.618  -47.258  61.146 0.0000000000
52057  48.050  -46.975  63.274 0.0000000000
51115  48.984  -47.921  62.578 0.0000000000
34424  39.256  -66.264  65.888 0.0000000000
126179  39.952  -65.464  66.028 0.0000000000
34422  41.082  -65.052  66.639 0.0000000000
35410  42.130  -64.597  66.322 0.0000000000
33444  42.553  -66.623  64.445 0.0000000000
34458  42.582  -65.396  64.991 0.0000000000
36435  42.001  -63.012  66.138 0.0000000000
37487  42.621  -62.163  65.537 0.0000000000
37503  43.315  -61.795  64.739 0.0000000000
39439  44.763  -60.385  63.824 0.0000000000
39438  45.321  -59.952  63.217 0.0000000000
38492  44.837  -60.931  62.100 0.0000000000
32337  38.413  -67.544  66.471 0.0000000000
31352  39.254  -67.900  66.579 0.0000000000
30368  39.719  -69.458  65.620 0.0000000000
28241  37.884  -70.871  66.019 0.0000000000
29347  38.930  -70.868  64.966 0.0000000000
61306  51.595  -37.573  53.258 0.0000000000
60348  46.590  -38.375  55.698 0.0000000000
60336  47.939  -38.596  56.998 0.0000000000
59438  49.159  -39.163  56.955 0.0000000000
135014  50.216  -40.059  56.718 0.0000000000
57798  50.888  -41.348  57.375 0.0000000000
56939  51.177  -41.654  56.736 0.0000000000
56962  50.402  -41.865  55.467 0.0000000000
40466  40.151  -60.082  65.325 0.0000000000
49299  43.207  -50.946  60.805 0.0000000000
50212  43.994  -49.767  61.597 0.0000000000
50206  44.651  -49.833  62.293 0.0000000000
49275  46.305  -50.096  64.310 0.0000000000
49273  47.669  -50.387  64.855 0.0000000000
46514  47.109  -53.030  65.204 0.0000000000
135782  47.979  -51.979  64.794 0.0000000000
48399  48.688  -51.895  63.402 0.0000000000
47478  48.601  -52.002  62.607 0.0000000000
40501  45.860  -58.842  62.395 0.0000000000
41511  45.991  -58.309  62.041 0.0000000000
36379  24.150  -63.549  73.452 0.0000000000
35344  25.290  -64.338  73.511 0.0000000000
51131  43.218  -48.158  60.655 0.0000000000
61272  46.965  -37.454  56.202 0.0000000000
55987  49.760  -43.872  60.242 0.0000000000
55996  51.034  -43.352  59.647 0.0000000000
55018  51.128  -44.124  59.910 0.0000000000
40464  44.608  -59.476  65.337 0.0000000000
123441  44.498  -59.192  65.877 0.0000000000
40463  44.971  -58.866  65.456 0.0000000000
41458  45.080  -58.251  65.738 0.0000000000
117648  45.378  -58.817  64.880 0.0000000000
40472  45.776  -58.493  64.527 0.0000000000
40473  45.436  -59.132  64.272 0.0000000000
33316  28.277  -66.856  72.417 0.0000000000
33315  28.978  -67.254  72.055 0.0000000000
31301  28.922  -68.054  71.819 0.0000000000
31309  28.748  -68.415  71.620 0.0000000000
54101  45.910  -45.759  60.384 0.0000000000
54100  46.762  -45.435  60.766 0.0000000000
54086  47.045  -45.432  61.738 0.0000000000
50194  47.827  -48.957  64.160 0.0000000000
50193  48.465  -49.095  63.699 0.0000000000
49282  48.657  -50.089  63.825 0.0000000000
31380  40.680  -68.449  65.542 0.0000000000
32371  40.893  -67.745  65.688 0.0000000000
31379  41.312  -68.155  65.215 0.0000000000
30327  35.634  -69.421  67.810 0.0000000000
31340  36.041  -68.891  67.609 0.0000000000
126938  36.398  -68.504  67.247 0.0000000000
31355  36.797  -68.856  67.365 0.0000000000
30342  37.252  -69.247  67.203 0.0000000000
29312  37.022  -70.019  67.045 0.0000000000
62236  50.344  -35.629  56.038 0.0000000000
63163  50.641  -35.189  55.845 0.0000000000
129294  50.918  -35.855  55.790 0.0000000000
61287  50.938  -36.330  55.275 0.0000000000
57808  48.263  -41.165  56.970 0.0000000000
56031  52.157  -44.005  56.329 0.0000000000
36417  41.177  -62.937  66.795 0.0000000000
37453  40.903  -62.953  66.589 0.0000000000
125440  41.227  -61.899  66.685 0.0000000000
42453  41.180  -57.214  64.363 0.0000000000
119246  40.647  -57.260  63.653 0.0000000000
46517  44.314  -53.927  64.037 0.0000000000
46527  44.683  -53.147  63.831 0.0000000000
47471  44.262  -52.766  63.008 0.0000000000
116166  45.493  -52.811  64.446 0.0000000000
46515  45.921  -53.444  64.913 0.0000000000
44509  47.371  -55.833  62.729 0.0000000000
44508  47.614  -55.184  63.002 0.0000000000
44520  47.309  -55.303  62.393 0.0000000000
45565  47.461  -54.400  62.133 0.0000000000
35355  26.764  -64.551  72.958 0.0000000000
35366  27.092  -64.416  72.248 0.0000000000
35341  26.878  -65.224  73.126 0.0000000000
34358  27.487  -65.734  72.828 0.0000000000
33303  27.020  -65.808  73.036 0.0000000000
33317  27.233  -66.393  72.809 0.0000000000
33304  26.486  -65.738  73.100 0.0000000000
52103  43.144  -46.979  59.776 0.0000000000
53133  43.636  -46.466  59.365 0.0000000000
53123  43.825  -46.651  60.144 0.0000000000
53122  44.556  -46.340  60.505 0.0000000000
52084  44.461  -47.251  61.671 0.0000000000
51117  44.774  -48.353  62.416 0.0000000000
51116  45.363  -48.069  62.963 0.0000000000
51107  46.745  -48.262  63.887 0.0000000000
119234  45.962  -48.666  63.540 0.0000000000
31332  32.513  -68.625  69.599 0.0000000000
30318  32.551  -69.141  69.636 0.0000000000
29298  33.597  -70.810  68.495 0.0000000000
29280  33.708  -70.012  68.791 0.0000000000
29297  34.432  -70.226  68.354 0.0000000000
29296  35.242  -70.103  67.878 0.0000000000
28215  34.898  -70.814  67.719 0.0000000000
28229  35.327  -71.406  67.245 0.0000000000
62238  47.502  -35.895  55.601 0.0000000000
63160  48.397  -35.728  56.184 0.0000000000
63159  49.162  -35.733  56.357 0.0000000000
62226  49.118  -36.359  56.500 0.0000000000
60335  48.434  -38.147  56.934 0.0000000000
59447  49.281  -38.766  56.566 0.0000000000
55044  47.595  -44.256  56.757 0.0000000000
130975  47.866  -44.356  57.455 0.0000000000
56005  49.883  -42.985  59.110 0.0000000000
56918  49.533  -42.820  58.394 0.0000000000
56917  50.019  -42.123  58.367 0.0000000000
56003  51.844  -43.412  58.456 0.0000000000
56012  52.200  -43.995  57.838 0.0000000000
37468  42.388  -61.605  66.203 0.0000000000
39402  42.380  -60.537  66.648 0.0000000000
39401  43.110  -60.385  66.352 0.0000000000
41448  43.586  -58.808  66.538 0.0000000000
41449  42.947  -59.030  66.790 0.0000000000
42402  43.317  -58.360  66.605 0.0000000000
42420  42.025  -57.958  66.360 0.0000000000
42419  42.873  -57.754  66.507 0.0000000000
43409  42.651  -56.704  65.404 0.0000000000
43396  43.207  -57.032  66.184 0.0000000000
44447  44.969  -56.484  65.628 0.0000000000
44464  45.264  -55.541  65.423 0.0000000000
44446  45.602  -56.004  65.562 0.0000000000
44463  45.959  -55.358  65.436 0.0000000000
44445  46.048  -55.926  65.658 0.0000000000
42464  46.631  -57.501  63.734 0.0000000000
42451  46.847  -56.850  64.104 0.0000000000
42463  47.008  -56.840  63.381 0.0000000000
35380  27.411  -64.814  69.435 0.0000000000
133148  27.750  -65.134  68.687 0.0000000000
35373  28.085  -65.087  70.107 0.0000000000
33357  29.559  -66.394  70.596 0.0000000000
34395  29.283  -65.973  69.887 0.0000000000
33377  29.870  -66.390  69.578 0.0000000000
33376  30.540  -66.860  69.669 0.0000000000
32316  30.914  -67.421  70.173 0.0000000000
32306  30.598  -67.796  70.928 0.0000000000
54122  45.557  -45.805  58.485 0.0000000000
55009  48.201  -44.745  60.739 0.0000000000
55008  49.036  -44.329  60.784 0.0000000000
54992  49.348  -44.794  61.364 0.0000000000
54065  49.073  -45.916  62.123 0.0000000000
52082  49.493  -46.910  61.666 0.0000000000
52073  46.486  -46.927  63.239 0.0000000000
53078  47.342  -46.822  63.385 0.0000000000
114813  48.912  -48.779  62.898 0.0000000000
52072  48.583  -47.389  62.954 0.0000000000
114246  49.310  -47.639  61.840 0.0000000000
118851  49.146  -48.506  62.100 0.0000000000
33402  39.202  -66.801  66.271 0.0000000000
34423  39.818  -66.084  66.291 0.0000000000
33413  41.055  -66.544  66.189 0.0000000000
34438  40.575  -65.641  66.622 0.0000000000
34437  41.075  -65.645  66.643 0.0000000000
35411  41.291  -64.696  66.750 0.0000000000
34436  41.755  -65.255  66.298 0.0000000000
32387  42.405  -67.321  64.258 0.0000000000
33461  42.690  -66.787  63.712 0.0000000000
127177  42.726  -65.067  63.739 0.0000000000
34457  42.731  -65.543  64.166 0.0000000000
35440  42.680  -64.864  64.418 0.0000000000
35427  42.517  -64.495  65.149 0.0000000000
36447  42.477  -63.698  65.226 0.0000000000
36434  42.305  -63.033  65.668 0.0000000000
119427  42.729  -62.969  64.814 0.0000000000
123925  43.240  -62.592  64.152 0.0000000000
37522  43.735  -61.886  63.819 0.0000000000
38458  44.096  -61.065  64.237 0.0000000000
38475  44.395  -61.273  63.430 0.0000000000
38474  44.897  -60.695  62.940 0.0000000000
38493  44.515  -61.510  62.632 0.0000000000
32324  33.200  -68.218  68.399 0.0000000000
114503  32.831  -67.715  67.120 0.0000000000
32341  33.484  -68.047  67.568 0.0000000000
114669  36.458  -67.820  66.303 0.0000000000
33417  37.176  -67.359  65.811 0.0000000000
33416  37.995  -67.190  66.133 0.0000000000
33404  38.009  -67.505  66.412 0.0000000000
30356  38.579  -69.327  66.453 0.0000000000
31368  38.916  -68.543  66.558 0.0000000000
30355  39.336  -69.012  66.129 0.0000000000
28242  37.156  -71.177  66.320 0.0000000000
29346  39.573  -70.377  64.625 0.0000000000
61296  50.823  -36.966  54.440 0.0000000000
133403  49.548  -38.230  52.120 0.0000000000
56023  47.236  -43.927  56.031 0.0000000000
56035  46.801  -43.395  55.361 0.0000000000
115792  46.590  -40.033  55.396 0.0000000000
59449  46.818  -39.209  55.944 0.0000000000
59459  46.174  -39.191  55.083 0.0000000000
60337  47.226  -38.414  56.500 0.0000000000
59448  47.515  -39.221  56.599 0.0000000000
58604  49.383  -39.824  57.215 0.0000000000
135176  48.807  -39.414  57.127 0.0000000000
58611  50.709  -40.804  56.745 0.0000000000
56926  51.228  -42.098  57.785 0.0000000000
57799  50.235  -41.055  57.727 0.0000000000
57797  51.389  -41.997  57.235 0.0000000000
56951  51.589  -42.946  56.359 0.0000000000
56952  51.139  -42.264  56.105 0.0000000000
57826  50.775  -41.253  56.148 0.0000000000
40445  41.395  -60.169  66.781 0.0000000000
128867  40.626  -60.323  66.237 0.0000000000
40465  40.531  -59.599  65.742 0.0000000000
44483  43.036  -55.548  64.354 0.0000000000
46539  42.941  -53.618  62.063 0.0000000000
48409  43.804  -51.306  61.520 0.0000000000
49298  43.732  -50.505  61.296 0.0000000000
49291  44.249  -50.576  61.898 0.0000000000
49290  44.822  -50.620  62.617 0.0000000000
124866  46.331  -50.942  64.663 0.0000000000
131461  45.805  -50.559  64.083 0.0000000000
49274  46.943  -50.230  64.773 0.0000000000
48391  47.169  -51.033  65.118 0.0000000000
45517  46.904  -54.480  65.260 0.0000000000
46504  47.410  -53.768  64.968 0.0000000000
46526  48.178  -53.407  63.464 0.0000000000
46513  48.019  -53.518  64.244 0.0000000000
47460  48.343  -52.578  64.052 0.0000000000
48390  48.391  -51.557  64.292 0.0000000000
47470  48.429  -52.699  63.100 0.0000000000
113660  48.170  -52.643  62.537 0.0000000000
46563  47.664  -53.053  61.019 0.0000000000
39451  45.300  -60.158  62.462 0.0000000000
40491  45.647  -59.427  62.748 0.0000000000
40502  45.511  -59.592  61.990 0.0000000000
36377  26.143  -64.184  73.277 0.0000000000
35343  25.900  -64.598  73.476 0.0000000000
34345  25.067  -64.653  73.439 0.0000000000
52085  43.810  -47.733  61.182 0.0000000000
51123  44.264  -48.102  61.869 0.0000000000
51118  44.386  -48.982  62.047 0.0000000000
29282  32.274  -70.422  69.442 0.0000000000
29267  32.458  -69.748  69.583 0.0000000000
28203  32.739  -70.978  68.846 0.0000000000
28217  33.165  -71.617  68.345 0.0000000000
62228  47.852  -36.216  56.308 0.0000000000
61271  47.778  -36.872  56.599 0.0000000000
55019  48.600  -44.269  58.995 0.0000000000
55029  48.439  -44.030  57.984 0.0000000000
56910  50.784  -42.843  59.184 0.0000000000
55995  51.562  -43.720  59.220 0.0000000000
39420  43.554  -60.442  65.704 0.0000000000
39411  43.358  -60.162  66.215 0.0000000000
39410  43.971  -59.717  65.901 0.0000000000
40453  44.135  -59.169  66.198 0.0000000000
41447  44.197  -58.541  66.275 0.0000000000
42418  43.836  -57.604  66.354 0.0000000000
41459  44.599  -58.302  66.074 0.0000000000
42416  45.086  -57.619  65.738 0.0000000000
42415  45.861  -57.259  65.862 0.0000000000
43392  46.160  -56.652  65.508 0.0000000000
41471  45.920  -57.827  64.845 0.0000000000
41483  46.272  -58.036  64.141 0.0000000000
41494  46.384  -58.153  63.366 0.0000000000
34385  28.500  -65.492  70.601 0.0000000000
34371  29.160  -66.316  71.332 0.0000000000
33335  29.536  -66.991  71.504 0.0000000000
33334  30.045  -67.544  71.306 0.0000000000
32293  30.073  -68.128  71.356 0.0000000000
119716  30.049  -68.691  71.113 0.0000000000
54123  44.536  -45.988  58.660 0.0000000000
54113  45.040  -45.913  59.248 0.0000000000
54121  46.436  -45.591  58.847 0.0000000000
54111  46.561  -45.529  59.778 0.0000000000
54085  47.966  -45.190  62.002 0.0000000000
54066  48.324  -45.736  62.449 0.0000000000
52058  47.619  -47.390  63.629 0.0000000000
133280  48.123  -48.390  63.786 0.0000000000
135223  48.966  -50.039  62.546 0.0000000000
125259  48.884  -50.657  62.316 0.0000000000
48415  48.718  -51.365  62.058 0.0000000000
32353  39.823  -67.555  66.422 0.0000000000
32335  40.111  -66.902  66.481 0.0000000000
32352  40.515  -67.177  66.226 0.0000000000
32351  41.102  -67.172  65.799 0.0000000000
33428  41.635  -66.806  65.595 0.0000000000
33460  42.755  -66.244  63.176 0.0000000000
35450  42.863  -64.464  63.392 0.0000000000
36462  42.964  -63.587  63.909 0.0000000000
36474  43.230  -63.698  63.023 0.0000000000
31342  34.382  -68.877  68.441 0.0000000000
32340  34.280  -68.230  67.346 0.0000000000
31357  34.839  -68.547  67.874 0.0000000000
32355  35.466  -68.018  66.377 0.0000000000
130973  36.041  -68.226  67.068 0.0000000000
119110  36.845  -68.051  66.956 0.0000000000
32338  37.550  -67.913  66.707 0.0000000000
133256  37.366  -68.716  67.116 0.0000000000
30341  38.001  -68.786  66.855 0.0000000000
61297  49.852  -37.489  54.028 0.0000000000
59458  49.552  -38.665  55.926 0.0000000000
57817  46.781  -41.694  55.293 0.0000000000
125031  47.785  -39.830  56.741 0.0000000000
36427  40.774  -63.634  66.357 0.0000000000
41473  41.319  -58.305  65.865 0.0000000000
41474  40.809  -58.971  65.741 0.0000000000
42438  40.757  -58.410  65.055 0.0000000000
45529  43.778  -54.894  64.371 0.0000000000
45539  43.646  -54.343  63.624 0.0000000000
46538  43.621  -53.234  62.477 0.0000000000
47480  43.865  -52.481  62.224 0.0000000000
47479  44.453  -52.005  62.664 0.0000000000
48401  44.922  -51.336  63.079 0.0000000000
128743  45.867  -51.891  64.556 0.0000000000
44480  48.006  -55.249  63.903 0.0000000000
45526  47.871  -54.470  64.235 0.0000000000
45538  47.895  -54.706  63.451 0.0000000000
45551  47.737  -54.296  63.050 0.0000000000
46549  47.834  -53.197  62.476 0.0000000000
45564  47.666  -53.890  62.640 0.0000000000
35374  27.487  -64.701  70.612 0.0000000000
36402  27.017  -64.205  71.348 0.0000000000
35365  27.561  -64.762  71.729 0.0000000000
34373  27.987  -65.380  72.217 0.0000000000
34357  28.166  -66.178  72.508 0.0000000000
32282  27.883  -67.029  72.499 0.0000000000
31303  27.789  -67.529  72.158 0.0000000000
32283  27.292  -66.946  72.541 0.0000000000
53132  44.356  -46.169  59.588 0.0000000000
53121  45.301  -46.016  60.921 0.0000000000
53110  46.478  -45.887  62.216 0.0000000000
53111  45.606  -46.178  61.789 0.0000000000
53096  46.006  -46.463  62.594 0.0000000000
52074  45.629  -47.215  62.856 0.0000000000
51097  47.191  -48.890  64.189 0.0000000000
50184  47.449  -49.611  64.521 0.0000000000
31394  41.659  -68.444  64.552 0.0000000000
32326  31.773  -67.519  68.817 0.0000000000
32325  32.573  -68.046  68.981 0.0000000000
31344  33.113  -68.533  69.098 0.0000000000
31343  33.677  -68.737  68.797 0.0000000000
30317  33.289  -69.413  69.182 0.0000000000
31330  33.767  -69.004  68.924 0.0000000000
30328  34.868  -69.412  68.281 0.0000000000
133527  35.891  -70.049  67.585 0.0000000000
29313  36.357  -70.400  67.289 0.0000000000
28228  36.071  -71.064  66.988 0.0000000000
28244  35.857  -71.530  66.776 0.0000000000
27162  35.999  -71.877  66.307 0.0000000000
62237  49.617  -36.319  56.250 0.0000000000
60347  49.196  -37.889  56.247 0.0000000000
58620  50.295  -40.289  56.070 0.0000000000
55045  46.855  -44.675  56.415 0.0000000000
56022  47.893  -43.445  56.500 0.0000000000
56021  48.552  -42.913  57.107 0.0000000000
124247  49.701  -41.596  57.914 0.0000000000
56915  51.545  -42.741  58.166 0.0000000000
56019  52.235  -43.886  57.050 0.0000000000
129624  41.525  -62.061  66.541 0.0000000000
38417  41.616  -61.474  66.658 0.0000000000
38416  41.978  -61.201  66.693 0.0000000000
39403  41.781  -60.653  66.888 0.0000000000
40455  41.662  -59.451  66.753 0.0000000000
121787  42.830  -59.984  66.655 0.0000000000
41450  42.317  -59.262  66.872 0.0000000000
41461  41.818  -58.692  66.599 0.0000000000
132687  41.707  -57.673  65.679 0.0000000000
43410  41.834  -57.122  65.091 0.0000000000
43418  41.816  -56.593  64.304 0.0000000000
117886  42.187  -56.670  64.850 0.0000000000
43417  42.514  -56.258  64.656 0.0000000000
44466  43.199  -56.113  65.171 0.0000000000
43395  44.093  -56.695  66.053 0.0000000000
44465  43.807  -56.156  65.629 0.0000000000
44482  43.835  -55.529  65.079 0.0000000000
130121  44.588  -55.231  65.207 0.0000000000
45520  45.186  -54.861  65.210 0.0000000000
46507  45.534  -54.258  64.999 0.0000000000
46506  46.228  -54.061  65.134 0.0000000000
45518  46.299  -54.608  65.274 0.0000000000
44461  47.146  -55.180  65.149 0.0000000000
43416  46.903  -56.895  65.045 0.0000000000
43406  47.233  -56.314  64.455 0.0000000000
44497  47.820  -55.895  64.026 0.0000000000
43426  47.480  -56.197  63.445 0.0000000000
43436  47.244  -56.459  62.869 0.0000000000
33405  30.686  -66.696  67.669 0.0000000000
34396  28.628  -65.597  69.702 0.0000000000
134670  29.716  -66.212  68.666 0.0000000000
33390  30.411  -66.638  68.718 0.0000000000
33389  31.131  -66.952  68.441 0.0000000000
32315  31.534  -67.759  69.800 0.0000000000
31333  31.803  -68.467  70.108 0.0000000000
31318  31.909  -68.953  70.117 0.0000000000
31307  30.763  -69.011  70.729 0.0000000000
30307  31.301  -69.218  70.380 0.0000000000
117758  31.702  -69.915  69.869 0.0000000000
55021  47.086  -45.330  59.215 0.0000000000
55020  47.768  -44.920  59.106 0.0000000000
120842  49.052  -44.040  59.976 0.0000000000
55006  50.608  -44.609  60.441 0.0000000000
54082  50.115  -45.093  61.022 0.0000000000
53108  50.132  -45.927  61.028 0.0000000000
53094  47.797  -46.242  62.991 0.0000000000
127645  48.610  -46.538  62.631 0.0000000000
52071  49.099  -47.143  62.321 0.0000000000
127682  39.458  -65.642  65.589 0.0000000000
35412  39.982  -64.728  65.720 0.0000000000
33401  40.141  -66.102  66.565 0.0000000000
125355  40.499  -65.352  66.359 0.0000000000
35397  40.501  -64.604  66.097 0.0000000000
35396  40.729  -64.292  66.583 0.0000000000
35395  41.177  -64.075  66.697 0.0000000000
36425  41.147  -63.346  66.668 0.0000000000
32388  41.884  -67.768  64.775 0.0000000000
32369  42.077  -67.074  64.960 0.0000000000
33427  42.298  -66.255  65.191 0.0000000000
33443  42.769  -66.155  63.922 0.0000000000
126478  42.654  -66.008  64.541 0.0000000000
34446  42.189  -65.587  65.666 0.0000000000
35428  42.259  -64.889  65.765 0.0000000000
36448  42.149  -63.936  65.925 0.0000000000
36424  41.474  -63.032  66.492 0.0000000000
126635  42.171  -62.413  66.095 0.0000000000
38445  43.083  -61.239  65.582 0.0000000000
38444  43.737  -60.788  64.978 0.0000000000
126632  44.360  -60.407  64.550 0.0000000000
39428  44.812  -59.750  64.542 0.0000000000
39427  45.220  -59.687  63.852 0.0000000000
130202  44.523  -61.732  62.012 0.0000000000
38509  44.470  -61.484  61.463 0.0000000000
32359  31.978  -67.313  66.840 0.0000000000
32357  33.573  -67.858  66.543 0.0000000000
33415  38.741  -66.613  65.787 0.0000000000
33403  38.634  -67.066  66.169 0.0000000000
32336  39.272  -67.252  66.526 0.0000000000
31353  38.597  -68.015  66.688 0.0000000000
31367  39.619  -68.279  66.286 0.0000000000
30354  39.975  -68.684  65.767 0.0000000000
30367  40.420  -69.179  65.355 0.0000000000
29325  37.486  -70.476  66.556 0.0000000000
29324  38.265  -70.147  66.253 0.0000000000
28255  38.180  -71.190  65.330 0.0000000000
29338  38.639  -70.546  65.673 0.0000000000
29337  39.379  -70.213  65.367 0.0000000000
37384  23.929  -63.055  73.377 0.0000000000
60327  48.583  -38.864  56.998 0.0000000000
59439  48.206  -39.311  57.022 0.0000000000
117796  49.771  -39.578  56.913 0.0000000000
50219  42.650  -49.438  60.222 0.0000000000
38418  41.288  -61.397  66.762 0.0000000000
38430  40.644  -61.260  66.505 0.0000000000
48417  43.259  -51.699  61.089 0.0000000000
49304  42.690  -50.356  60.282 0.0000000000
50213  43.311  -49.835  60.847 0.0000000000
51125  43.077  -48.944  60.651 0.0000000000
49284  45.353  -50.626  63.386 0.0000000000
49283  45.751  -50.003  63.697 0.0000000000
50197  45.667  -49.409  63.380 0.0000000000
50196  46.183  -49.418  63.942 0.0000000000
47454  46.595  -53.228  65.110 0.0000000000
47462  46.901  -52.477  65.205 0.0000000000
136715  47.243  -52.503  65.201 0.0000000000
125773  47.653  -52.723  64.893 0.0000000000
47461  47.374  -51.925  65.161 0.0000000000
119858  47.856  -51.227  64.955 0.0000000000
49272  48.290  -50.656  64.426 0.0000000000
48398  48.781  -51.005  63.714 0.0000000000
48407  48.900  -51.280  62.860 0.0000000000
47489  48.415  -52.031  61.880 0.0000000000
46562  47.943  -52.738  61.838 0.0000000000
40482  45.621  -59.243  63.470 0.0000000000
40490  46.037  -58.766  63.058 0.0000000000
41503  46.326  -58.138  62.649 0.0000000000
123034  45.666  -58.885  61.844 0.0000000000
117528  46.306  -57.772  62.189 0.0000000000
28216  34.270  -70.997  68.041 0.0000000000
28231  33.871  -71.515  67.979 0.0000000000
28243  36.456  -71.397  66.555 0.0000000000
31320  30.655  -68.483  70.909 0.0000000000
32281  28.527  -67.447  72.113 0.0000000000
32305  31.180  -68.160  70.505 0.0000000000
32404  42.636  -66.821  62.957 0.0000000000
32405  42.500  -67.428  63.476 0.0000000000
32419  42.465  -66.751  62.358 0.0000000000
33336  28.814  -66.611  72.055 0.0000000000
35342  26.384  -64.782  73.293 0.0000000000
35394  41.499  -63.789  66.612 0.0000000000
37452  41.234  -62.373  66.595 0.0000000000
37469  42.032  -62.139  66.310 0.0000000000
37551  44.177  -62.259  61.563 0.0000000000
38415  42.492  -61.192  66.393 0.0000000000
40441  43.850  -59.086  66.381 0.0000000000
40442  43.223  -59.408  66.625 0.0000000000
40443  42.602  -59.666  66.771 0.0000000000
40444  41.890  -59.921  66.958 0.0000000000
41462  41.279  -58.958  66.304 0.0000000000
41472  45.501  -58.336  65.233 0.0000000000
42417  44.454  -57.950  66.170 0.0000000000
42434  46.079  -57.247  65.197 0.0000000000
43427  41.683  -56.220  63.623 0.0000000000
43447  47.033  -56.153  62.436 0.0000000000
44462  46.423  -55.201  65.413 0.0000000000
44496  47.753  -55.541  63.464 0.0000000000
45527  47.418  -54.605  64.893 0.0000000000
47490  43.553  -52.121  61.563 0.0000000000
50185  46.786  -49.524  64.346 0.0000000000
51105  48.100  -47.709  63.533 0.0000000000
117112  46.594  -57.410  62.560 0.0000000000
121770  31.276  -69.606  70.195 0.0000000000
122737  47.902  -53.979  63.283 0.0000000000
123921  29.507  -68.171  71.571 0.0000000000
124308  24.808  -63.875  73.528 0.0000000000
130478  41.137  -60.791  66.759 0.0000000000
130979  44.326  -58.740  66.203 0.0000000000
133237  46.914  -57.048  62.853 0.0000000000
133499  45.231  -49.930  63.007 0.0000000000
135110  44.184  -55.033  64.871 0.0000000000
135364  44.055  -54.401  64.191 0.0000000000
136249  42.741  -64.450  63.997 0.0000000000
136595  47.405  -55.739  64.706 0.0000000000
136624  32.968  -67.894  67.753 0.0000000000
137153  29.110  -67.738  71.890 0.0000000000
