#!ascii label  , from subject sub-fsm42wk vox2ras=TkReg
1122
74451  -45.957  -8.289  36.844 0.0000000000
76109  -58.016  -5.320  23.899 0.0000000000
76727  -51.892  -5.227  43.078 0.0000000000
73703  -54.520  -8.064  31.282 0.0000000000
72799  -54.243  -9.772  40.510 0.0000000000
78327  -53.889  -2.960  32.276 0.0000000000
79880  -55.784  0.623  37.758 0.0000000000
79017  -46.809  -1.222  40.430 0.0000000000
70237  -49.270  -11.486  46.802 0.0000000000
72871  -49.407  -8.874  33.645 0.0000000000
76053  -52.705  -5.947  29.755 0.0000000000
76017  -50.185  -5.653  34.611 0.0000000000
78987  -53.785  -1.632  46.450 0.0000000000
78222  -56.587  -2.082  41.608 0.0000000000
110730  -54.032  0.073  43.012 0.0000000000
79042  -51.432  -0.807  38.569 0.0000000000
80587  -49.745  0.689  43.192 0.0000000000
78411  -54.793  -2.548  24.304 0.0000000000
73602  -44.587  -8.169  40.685 0.0000000000
75209  -49.173  -6.094  39.397 0.0000000000
74491  -59.048  -6.619  33.746 0.0000000000
73638  -53.971  -8.534  35.765 0.0000000000
71155  -49.096  -11.413  37.727 0.0000000000
69496  -49.933  -13.146  41.980 0.0000000000
78373  -56.843  -2.598  27.606 0.0000000000
79983  -57.195  0.285  29.374 0.0000000000
77511  -53.022  -4.060  37.503 0.0000000000
79079  -57.627  -1.352  35.712 0.0000000000
102855  -53.850  0.853  31.917 0.0000000000
79922  -50.769  -0.155  33.046 0.0000000000
100860  -47.018  -2.649  34.035 0.0000000000
73653  -47.719  -8.618  34.954 0.0000000000
74475  -49.277  -7.080  33.680 0.0000000000
75234  -48.354  -6.764  35.539 0.0000000000
79763  -53.824  0.754  47.687 0.0000000000
79788  -56.008  -0.489  45.894 0.0000000000
79784  -53.525  0.907  45.795 0.0000000000
111830  -52.051  -0.253  43.044 0.0000000000
105682  -56.535  -3.137  24.091 0.0000000000
73587  -44.274  -8.433  42.293 0.0000000000
74405  -46.691  -7.952  42.094 0.0000000000
72829  -53.665  -8.937  37.986 0.0000000000
72024  -51.847  -9.590  36.948 0.0000000000
71999  -51.610  -10.558  38.759 0.0000000000
109232  -49.322  -12.137  44.084 0.0000000000
111642  -44.658  -14.429  41.491 0.0000000000
70298  -42.651  -12.214  40.131 0.0000000000
68698  -42.306  -13.746  42.053 0.0000000000
74545  -56.227  -7.760  29.193 0.0000000000
77573  -52.713  -3.979  30.893 0.0000000000
109374  -54.525  -4.283  28.270 0.0000000000
78341  -54.408  -2.882  29.918 0.0000000000
79169  -57.565  -0.874  28.259 0.0000000000
79130  -56.370  -1.586  31.187 0.0000000000
75978  -50.587  -5.797  41.564 0.0000000000
76738  -51.087  -4.890  38.918 0.0000000000
76736  -52.330  -4.366  40.159 0.0000000000
106428  -57.999  -0.076  40.024 0.0000000000
78243  -57.401  -2.170  38.006 0.0000000000
80636  -57.995  0.640  36.669 0.0000000000
80679  -57.287  1.019  33.767 0.0000000000
80653  -55.558  1.027  34.736 0.0000000000
80686  -52.398  0.719  32.185 0.0000000000
101222  -53.185  -0.253  35.357 0.0000000000
79039  -49.174  -1.545  38.933 0.0000000000
78272  -49.414  -2.074  36.212 0.0000000000
110142  -47.074  -2.664  37.413 0.0000000000
77544  -44.984  -3.341  34.821 0.0000000000
78251  -45.505  -2.781  38.123 0.0000000000
73671  -51.827  -8.615  32.387 0.0000000000
73712  -53.111  -7.718  30.629 0.0000000000
74513  -51.015  -7.145  31.565 0.0000000000
76029  -50.957  -5.491  32.151 0.0000000000
76779  -52.219  -4.423  34.031 0.0000000000
77468  -53.244  -3.687  44.575 0.0000000000
77494  -54.257  -3.417  42.031 0.0000000000
78214  -56.147  -1.812  44.319 0.0000000000
79826  -57.163  -0.215  42.846 0.0000000000
80611  -55.498  0.430  40.156 0.0000000000
79877  -52.891  -0.525  38.226 0.0000000000
79844  -52.525  -0.197  40.488 0.0000000000
79842  -50.809  -0.588  40.995 0.0000000000
113289  -48.672  -0.377  41.834 0.0000000000
78397  -53.141  -2.291  24.714 0.0000000000
74438  -44.963  -7.752  38.957 0.0000000000
75206  -46.916  -6.852  38.166 0.0000000000
74432  -46.953  -7.281  40.188 0.0000000000
75184  -48.517  -6.945  41.799 0.0000000000
75964  -49.924  -5.536  43.200 0.0000000000
77478  -47.992  -3.404  43.623 0.0000000000
77465  -50.708  -3.720  44.599 0.0000000000
106028  -56.856  -7.679  32.485 0.0000000000
73657  -56.131  -7.705  34.674 0.0000000000
72876  -53.728  -8.578  33.869 0.0000000000
72847  -51.597  -9.391  35.069 0.0000000000
72032  -49.432  -10.013  35.463 0.0000000000
71957  -54.281  -10.430  43.313 0.0000000000
71942  -50.983  -10.030  45.903 0.0000000000
103673  -51.614  -11.433  43.789 0.0000000000
70281  -51.623  -12.012  41.410 0.0000000000
70289  -49.700  -12.749  39.903 0.0000000000
72005  -45.242  -10.274  37.486 0.0000000000
76101  -60.599  -3.748  24.716 0.0000000000
75304  -54.965  -6.288  27.938 0.0000000000
76824  -57.605  -4.268  26.346 0.0000000000
77612  -59.333  -2.595  24.916 0.0000000000
78400  -57.525  -1.743  24.892 0.0000000000
80013  -56.335  -0.995  26.516 0.0000000000
80005  -55.173  -0.763  27.640 0.0000000000
75993  -49.503  -5.825  37.350 0.0000000000
76765  -51.834  -4.703  36.400 0.0000000000
77538  -53.662  -3.575  35.381 0.0000000000
115031  -54.891  -3.061  39.406 0.0000000000
78274  -55.480  -2.826  36.940 0.0000000000
78303  -55.294  -2.314  34.399 0.0000000000
79120  -57.652  -0.224  32.796 0.0000000000
80716  -56.230  0.710  30.308 0.0000000000
79995  -52.829  -0.654  29.131 0.0000000000
79077  -51.449  -1.136  35.387 0.0000000000
78316  -49.060  -1.884  33.853 0.0000000000
79113  -46.449  -1.212  31.861 0.0000000000
79111  -44.774  -1.155  32.033 0.0000000000
79096  -43.113  -1.190  33.052 0.0000000000
73644  -46.674  -8.722  35.941 0.0000000000
74462  -47.649  -7.527  35.475 0.0000000000
74453  -47.116  -7.413  36.190 0.0000000000
80554  -54.277  0.729  47.164 0.0000000000
79798  -52.461  0.599  44.893 0.0000000000
76850  -57.396  -3.712  23.916 0.0000000000
72810  -53.621  -9.532  39.287 0.0000000000
107922  -52.339  -10.145  38.943 0.0000000000
71992  -52.474  -10.576  39.759 0.0000000000
120334  -45.038  -14.651  42.055 0.0000000000
68709  -43.828  -14.286  41.577 0.0000000000
73715  -55.809  -7.939  30.700 0.0000000000
74531  -55.594  -7.835  29.931 0.0000000000
77568  -53.359  -3.383  31.690 0.0000000000
77575  -53.679  -3.402  29.983 0.0000000000
78333  -53.965  -2.914  31.437 0.0000000000
78335  -55.433  -2.148  30.836 0.0000000000
78328  -54.621  -2.500  32.074 0.0000000000
75975  -51.259  -5.540  42.020 0.0000000000
76735  -51.707  -4.802  40.604 0.0000000000
76733  -52.541  -4.608  41.833 0.0000000000
79865  -56.701  0.723  38.640 0.0000000000
79866  -58.073  0.426  38.626 0.0000000000
80634  -56.700  0.967  37.327 0.0000000000
116262  -56.976  1.131  36.000 0.0000000000
107764  -54.945  0.379  36.252 0.0000000000
79913  -53.586  0.226  34.735 0.0000000000
103683  -54.074  -0.074  36.401 0.0000000000
106919  -47.974  -1.511  39.923 0.0000000000
105823  -48.117  -2.119  38.158 0.0000000000
78230  -46.922  -2.167  39.187 0.0000000000
78252  -46.362  -2.779  37.799 0.0000000000
78229  -46.033  -2.206  39.307 0.0000000000
73670  -50.314  -8.684  32.980 0.0000000000
120372  -51.312  -8.324  32.153 0.0000000000
117667  -50.125  -8.230  32.743 0.0000000000
107120  -49.648  -6.320  33.999 0.0000000000
75257  -49.807  -6.619  33.163 0.0000000000
76023  -50.237  -5.838  33.549 0.0000000000
76783  -51.457  -4.872  32.616 0.0000000000
76772  -51.611  -4.750  34.513 0.0000000000
78177  -53.256  -2.481  45.788 0.0000000000
77469  -54.318  -3.147  44.409 0.0000000000
78199  -54.811  -2.414  45.220 0.0000000000
104013  -55.671  0.289  45.033 0.0000000000
79814  -56.711  -0.276  44.379 0.0000000000
120121  -56.295  0.333  43.554 0.0000000000
80601  -56.616  0.396  41.742 0.0000000000
79835  -54.609  0.254  41.458 0.0000000000
79845  -53.409  0.040  40.164 0.0000000000
79834  -53.445  0.017  41.154 0.0000000000
79809  -50.785  -0.050  43.353 0.0000000000
79821  -51.224  -0.337  42.630 0.0000000000
79820  -50.229  -0.287  42.583 0.0000000000
79830  -49.626  -0.483  41.868 0.0000000000
79807  -49.386  0.301  42.765 0.0000000000
78410  -53.510  -2.658  24.261 0.0000000000
74429  -44.742  -7.865  39.736 0.0000000000
74431  -46.311  -7.295  39.421 0.0000000000
74421  -45.467  -7.986  40.587 0.0000000000
75177  -47.347  -7.312  42.201 0.0000000000
75183  -47.807  -7.393  41.941 0.0000000000
75178  -48.256  -6.808  42.251 0.0000000000
75179  -49.125  -6.576  42.130 0.0000000000
75972  -48.790  -6.103  42.589 0.0000000000
77477  -47.003  -3.084  43.563 0.0000000000
77479  -48.855  -3.524  43.914 0.0000000000
78194  -49.404  -2.553  44.765 0.0000000000
78195  -50.379  -2.837  45.008 0.0000000000
79001  -49.777  -2.052  45.396 0.0000000000
74502  -57.833  -7.261  32.560 0.0000000000
74490  -57.904  -6.991  33.459 0.0000000000
74454  -56.090  -7.608  36.471 0.0000000000
73639  -54.817  -8.236  35.838 0.0000000000
73656  -55.239  -8.132  34.262 0.0000000000
73646  -53.809  -8.563  34.825 0.0000000000
72859  -53.003  -8.792  34.573 0.0000000000
72848  -52.408  -9.054  35.230 0.0000000000
72010  -50.110  -10.590  37.245 0.0000000000
72023  -50.439  -10.102  36.456 0.0000000000
119527  -49.092  -10.669  36.689 0.0000000000
71933  -50.399  -10.463  46.542 0.0000000000
71101  -50.793  -11.694  43.877 0.0000000000
108848  -50.955  -12.450  42.475 0.0000000000
70275  -51.692  -12.096  42.275 0.0000000000
70280  -50.861  -12.499  41.260 0.0000000000
70291  -51.148  -12.020  40.625 0.0000000000
69518  -49.602  -13.190  40.645 0.0000000000
71997  -44.078  -10.364  38.358 0.0000000000
71140  -43.847  -10.965  38.657 0.0000000000
76102  -61.089  -4.673  24.880 0.0000000000
75284  -52.610  -6.710  30.107 0.0000000000
74557  -54.114  -7.078  28.907 0.0000000000
76054  -53.283  -6.052  29.289 0.0000000000
77588  -55.740  -3.194  28.029 0.0000000000
76815  -55.552  -4.712  27.485 0.0000000000
113173  -57.012  -3.736  26.686 0.0000000000
76839  -58.979  -3.208  25.524 0.0000000000
77603  -58.585  -2.366  25.522 0.0000000000
78401  -58.585  -2.226  25.157 0.0000000000
78387  -58.054  -1.802  26.039 0.0000000000
79984  -57.448  -0.242  29.020 0.0000000000
80008  -57.250  -0.717  27.271 0.0000000000
80007  -56.940  -0.387  27.746 0.0000000000
79180  -55.457  -1.155  26.673 0.0000000000
79998  -56.297  0.198  28.816 0.0000000000
75208  -48.464  -6.382  38.896 0.0000000000
75217  -48.284  -6.338  37.936 0.0000000000
75989  -49.177  -6.011  38.276 0.0000000000
76744  -52.051  -4.426  38.236 0.0000000000
76749  -51.632  -4.733  37.291 0.0000000000
76750  -52.311  -4.386  37.501 0.0000000000
77537  -53.013  -4.074  35.638 0.0000000000
77526  -53.634  -3.697  36.210 0.0000000000
78221  -55.302  -2.731  41.808 0.0000000000
77498  -54.493  -3.194  41.064 0.0000000000
78232  -55.487  -2.758  40.040 0.0000000000
79069  -57.922  -1.439  36.582 0.0000000000
78258  -56.269  -2.571  37.613 0.0000000000
79068  -57.056  -1.914  36.166 0.0000000000
78287  -55.576  -2.302  35.210 0.0000000000
79090  -57.188  -1.435  34.740 0.0000000000
111490  -56.972  -1.305  33.117 0.0000000000
79104  -57.746  -0.544  34.240 0.0000000000
102856  -55.671  1.126  32.583 0.0000000000
80689  -56.527  1.005  32.047 0.0000000000
100942  -55.336  0.796  30.917 0.0000000000
79981  -54.368  -0.032  29.386 0.0000000000
80714  -53.353  0.429  30.528 0.0000000000
79979  -52.287  -0.281  29.718 0.0000000000
101709  -52.716  0.554  30.901 0.0000000000
105831  -51.416  0.305  32.891 0.0000000000
79950  -50.845  0.412  31.597 0.0000000000
100867  -52.071  -0.797  37.994 0.0000000000
79055  -51.892  -0.980  37.174 0.0000000000
117187  -51.071  -1.314  36.926 0.0000000000
101017  -48.045  -2.548  34.976 0.0000000000
78284  -49.395  -2.128  35.408 0.0000000000
118393  -48.418  -2.276  34.274 0.0000000000
79097  -47.826  -1.699  32.635 0.0000000000
78326  -46.963  -1.817  32.553 0.0000000000
79112  -45.619  -1.203  31.929 0.0000000000
78313  -45.721  -2.478  33.291 0.0000000000
77532  -43.719  -3.204  35.618 0.0000000000
78295  -43.819  -2.700  33.824 0.0000000000
78293  -42.343  -2.096  34.560 0.0000000000
79910  -42.168  -0.240  33.743 0.0000000000
72855  -48.718  -9.082  34.277 0.0000000000
74487  -49.187  -7.787  33.536 0.0000000000
74474  -48.624  -7.615  34.231 0.0000000000
75246  -48.622  -6.955  34.828 0.0000000000
75235  -49.023  -6.386  35.154 0.0000000000
78989  -55.562  -0.882  46.358 0.0000000000
79786  -55.187  0.301  46.849 0.0000000000
79800  -54.893  0.456  45.669 0.0000000000
79812  -54.017  0.156  44.208 0.0000000000
108234  -52.887  -0.134  43.066 0.0000000000
79811  -52.614  -0.027  43.774 0.0000000000
79797  -51.486  0.326  44.066 0.0000000000
77623  -55.700  -2.710  24.178 0.0000000000
108413  -44.519  -8.437  41.604 0.0000000000
73594  -45.432  -8.330  41.492 0.0000000000
74412  -45.263  -8.426  42.049 0.0000000000
100435  -53.269  -8.926  37.148 0.0000000000
105586  -52.565  -9.176  36.627 0.0000000000
72827  -52.500  -9.423  37.420 0.0000000000
72011  -51.309  -10.356  38.131 0.0000000000
71157  -50.550  -10.727  37.951 0.0000000000
71094  -49.731  -11.354  45.228 0.0000000000
69487  -48.363  -13.121  43.467 0.0000000000
69513  -44.632  -13.726  40.161 0.0000000000
70299  -43.459  -12.771  39.862 0.0000000000
69512  -43.791  -13.479  40.305 0.0000000000
69502  -42.586  -13.482  41.255 0.0000000000
76799  -52.433  -4.696  30.312 0.0000000000
76806  -53.481  -4.780  28.954 0.0000000000
77581  -53.463  -4.040  29.372 0.0000000000
77582  -54.152  -3.457  29.263 0.0000000000
78357  -55.512  -2.810  28.694 0.0000000000
78359  -57.425  -1.625  27.935 0.0000000000
78348  -56.062  -2.198  29.319 0.0000000000
79150  -57.093  -1.351  29.712 0.0000000000
79151  -57.545  -0.455  29.994 0.0000000000
75982  -49.920  -6.043  41.018 0.0000000000
75987  -50.417  -5.329  38.953 0.0000000000
111541  -50.817  -5.206  39.706 0.0000000000
76739  -51.587  -4.712  39.649 0.0000000000
77500  -53.250  -3.731  38.904 0.0000000000
79022  -58.081  -1.154  40.289 0.0000000000
112190  -57.542  -1.915  39.951 0.0000000000
79033  -58.271  -1.247  39.541 0.0000000000
79058  -58.501  -0.272  37.868 0.0000000000
79891  -58.110  0.157  36.495 0.0000000000
79915  -57.868  0.246  34.716 0.0000000000
80655  -57.624  1.006  35.566 0.0000000000
80666  -56.431  1.181  34.187 0.0000000000
80677  -54.632  1.011  33.139 0.0000000000
80687  -53.086  0.786  32.016 0.0000000000
80676  -53.507  0.763  33.244 0.0000000000
104833  -52.475  0.094  33.924 0.0000000000
79911  -51.929  -0.326  34.171 0.0000000000
79030  -49.991  -1.232  39.060 0.0000000000
79053  -50.347  -1.451  37.512 0.0000000000
78240  -48.931  -1.779  38.196 0.0000000000
78271  -48.451  -2.309  36.625 0.0000000000
77523  -46.963  -2.940  36.057 0.0000000000
77545  -45.879  -3.143  34.782 0.0000000000
110439  -46.216  -3.151  36.126 0.0000000000
77522  -45.517  -3.204  36.603 0.0000000000
78267  -43.893  -3.006  36.936 0.0000000000
73690  -53.143  -8.482  32.270 0.0000000000
112309  -53.773  -7.957  30.962 0.0000000000
73702  -52.942  -8.158  31.458 0.0000000000
73701  -52.368  -7.659  31.004 0.0000000000
75278  -51.570  -6.266  30.928 0.0000000000
75263  -50.102  -7.030  32.499 0.0000000000
76036  -50.765  -6.091  31.843 0.0000000000
76037  -51.240  -5.768  31.444 0.0000000000
76789  -51.544  -5.021  31.704 0.0000000000
77560  -52.708  -3.973  32.790 0.0000000000
77555  -53.282  -3.590  33.356 0.0000000000
77481  -52.694  -4.375  44.093 0.0000000000
76729  -53.009  -4.415  42.527 0.0000000000
77482  -53.544  -3.920  43.815 0.0000000000
78217  -55.034  -2.872  42.831 0.0000000000
78218  -56.147  -2.171  42.616 0.0000000000
79002  -56.404  -0.880  45.094 0.0000000000
79010  -56.832  -0.917  44.048 0.0000000000
79013  -57.377  -0.772  42.353 0.0000000000
80602  -57.424  0.086  41.462 0.0000000000
80608  -56.928  0.526  40.070 0.0000000000
79864  -55.217  0.393  38.542 0.0000000000
79879  -54.361  0.045  37.747 0.0000000000
79863  -53.836  -0.074  38.517 0.0000000000
79862  -53.021  -0.330  38.879 0.0000000000
79031  -51.660  -0.559  39.358 0.0000000000
79822  -52.121  -0.300  42.317 0.0000000000
79843  -51.660  -0.423  40.759 0.0000000000
79021  -51.040  -0.637  40.086 0.0000000000
79020  -49.572  -0.927  40.446 0.0000000000
79019  -48.624  -1.180  40.341 0.0000000000
79839  -47.243  -0.683  41.035 0.0000000000
74444  -45.581  -7.998  37.495 0.0000000000
75215  -46.767  -7.021  37.365 0.0000000000
105830  -46.430  -7.131  38.611 0.0000000000
75197  -47.136  -6.939  39.172 0.0000000000
75198  -47.660  -6.890  40.048 0.0000000000
74422  -46.908  -7.831  41.080 0.0000000000
74416  -47.996  -7.231  41.417 0.0000000000
75190  -48.611  -6.790  41.020 0.0000000000
75977  -49.887  -6.271  41.971 0.0000000000
75974  -50.509  -5.809  42.557 0.0000000000
75965  -50.752  -5.418  43.376 0.0000000000
76725  -48.164  -5.128  42.878 0.0000000000
118065  -48.822  -4.974  43.169 0.0000000000
104579  -50.154  -4.991  43.745 0.0000000000
76715  -50.952  -4.902  43.962 0.0000000000
77466  -51.487  -3.975  44.719 0.0000000000
78175  -51.294  -2.707  45.397 0.0000000000
104232  -51.607  -2.062  46.149 0.0000000000
74515  -57.155  -7.680  31.806 0.0000000000
73692  -55.446  -8.115  32.451 0.0000000000
74465  -57.533  -6.924  35.695 0.0000000000
111486  -58.090  -6.808  34.146 0.0000000000
73676  -56.169  -7.809  33.733 0.0000000000
73675  -55.416  -8.118  33.289 0.0000000000
113188  -54.167  -8.470  33.013 0.0000000000
73673  -53.355  -8.647  33.032 0.0000000000
72874  -51.876  -9.084  33.563 0.0000000000
72856  -50.433  -9.463  34.142 0.0000000000
72837  -51.899  -9.355  36.014 0.0000000000
72846  -50.764  -9.639  34.903 0.0000000000
72845  -49.044  -9.671  34.802 0.0000000000
72844  -48.255  -9.465  34.997 0.0000000000
72753  -52.355  -9.225  46.218 0.0000000000
71090  -50.340  -10.765  45.556 0.0000000000
71096  -51.545  -10.786  44.538 0.0000000000
71949  -52.208  -10.312  44.762 0.0000000000
115256  -53.171  -11.058  43.309 0.0000000000
71109  -53.274  -11.175  41.926 0.0000000000
71123  -53.105  -10.867  41.043 0.0000000000
71135  -52.001  -11.048  40.045 0.0000000000
70318  -50.637  -11.586  39.287 0.0000000000
71145  -49.375  -11.732  38.294 0.0000000000
72826  -45.297  -9.581  37.233 0.0000000000
73629  -44.821  -9.088  37.614 0.0000000000
73621  -44.254  -8.921  38.333 0.0000000000
73612  -43.922  -8.181  39.795 0.0000000000
73601  -43.539  -8.377  40.732 0.0000000000
75341  -60.311  -5.821  24.155 0.0000000000
76111  -60.384  -4.711  23.952 0.0000000000
116835  -60.235  -3.904  23.857 0.0000000000
74543  -54.372  -7.434  29.309 0.0000000000
74558  -55.253  -7.054  28.179 0.0000000000
76063  -54.518  -5.643  28.184 0.0000000000
76073  -55.953  -5.485  27.261 0.0000000000
76086  -57.861  -5.236  26.302 0.0000000000
76825  -60.076  -3.669  25.295 0.0000000000
76840  -60.041  -3.048  24.784 0.0000000000
76851  -58.445  -3.332  23.656 0.0000000000
108372  -57.792  -2.870  23.887 0.0000000000
77624  -56.937  -2.525  24.203 0.0000000000
78412  -56.160  -2.234  24.407 0.0000000000
78375  -57.603  -1.418  26.855 0.0000000000
79191  -56.797  -1.208  26.007 0.0000000000
78398  -55.585  -1.886  24.777 0.0000000000
79189  -54.591  -1.619  25.811 0.0000000000
79188  -53.667  -1.720  26.335 0.0000000000
79187  -53.025  -1.869  26.804 0.0000000000
112683  -47.276  -6.837  36.834 0.0000000000
76000  -48.915  -6.106  36.755 0.0000000000
76001  -49.651  -5.800  36.482 0.0000000000
75990  -50.128  -5.515  38.059 0.0000000000
76758  -51.038  -5.106  36.747 0.0000000000
76764  -51.103  -5.098  35.887 0.0000000000
110909  -51.731  -4.737  35.440 0.0000000000
121333  -52.785  -4.116  34.321 0.0000000000
78301  -53.830  -3.195  33.884 0.0000000000
77493  -53.374  -4.036  41.867 0.0000000000
77497  -53.786  -3.568  40.440 0.0000000000
77505  -54.153  -3.376  38.731 0.0000000000
78233  -56.188  -2.555  39.389 0.0000000000
78257  -55.374  -3.016  37.775 0.0000000000
116737  -54.655  -3.244  37.267 0.0000000000
77539  -54.292  -3.250  35.863 0.0000000000
78302  -54.387  -2.860  34.435 0.0000000000
78318  -54.616  -2.596  33.600 0.0000000000
79118  -56.313  -1.583  32.608 0.0000000000
79966  -57.562  0.101  30.626 0.0000000000
80691  -57.473  0.635  33.092 0.0000000000
80706  -57.383  0.474  32.054 0.0000000000
80727  -56.875  0.573  29.781 0.0000000000
79982  -55.466  0.095  29.084 0.0000000000
79996  -53.687  -0.578  28.853 0.0000000000
80712  -51.386  0.346  30.747 0.0000000000
79899  -53.309  -0.436  36.093 0.0000000000
107510  -52.405  -0.737  35.607 0.0000000000
79087  -51.222  -0.905  34.419 0.0000000000
78273  -50.121  -1.791  36.301 0.0000000000
78300  -49.786  -1.847  34.672 0.0000000000
79100  -50.157  -0.818  33.206 0.0000000000
79115  -48.270  -1.060  31.876 0.0000000000
79129  -47.581  -0.665  31.201 0.0000000000
79957  -45.585  -0.077  30.167 0.0000000000
78312  -44.703  -2.494  33.323 0.0000000000
78311  -43.804  -1.947  33.100 0.0000000000
79828  -46.696  -0.212  41.076 0.0000000000
79016  -45.971  -1.027  40.284 0.0000000000
79025  -45.426  -1.620  39.577 0.0000000000
79052  -43.968  -1.963  38.346 0.0000000000
118096  -43.479  -1.999  37.781 0.0000000000
74452  -46.499  -8.049  36.365 0.0000000000
74461  -47.033  -8.109  35.706 0.0000000000
110739  -57.225  -4.771  24.180 0.0000000000
72800  -54.881  -9.187  40.343 0.0000000000
72811  -54.286  -9.247  39.640 0.0000000000
108226  -53.652  -9.879  39.975 0.0000000000
71993  -53.049  -10.006  39.466 0.0000000000
100956  -44.985  -14.623  42.771 0.0000000000
73704  -55.434  -8.035  31.501 0.0000000000
73714  -55.078  -7.923  30.653 0.0000000000
78334  -54.697  -2.475  31.203 0.0000000000
113247  -51.887  -5.192  42.384 0.0000000000
76728  -52.434  -4.866  42.802 0.0000000000
80623  -57.247  0.846  37.934 0.0000000000
79890  -55.792  0.707  36.868 0.0000000000
79889  -54.711  0.148  37.001 0.0000000000
79027  -47.252  -1.643  39.875 0.0000000000
78231  -47.781  -1.812  39.349 0.0000000000
79026  -46.385  -1.722  39.830 0.0000000000
72872  -50.074  -9.146  33.555 0.0000000000
121630  -49.833  -8.762  33.303 0.0000000000
76018  -50.862  -5.213  34.046 0.0000000000
115763  -50.972  -5.088  35.002 0.0000000000
78178  -54.301  -2.142  45.873 0.0000000000
79813  -55.356  0.356  43.880 0.0000000000
80596  -55.291  0.357  42.754 0.0000000000
80600  -55.603  0.406  41.963 0.0000000000
119371  -54.864  0.290  42.027 0.0000000000
79824  -54.151  0.137  42.060 0.0000000000
79808  -49.987  0.124  43.077 0.0000000000
79819  -49.424  -0.137  42.449 0.0000000000
117007  -54.692  -2.865  24.130 0.0000000000
77622  -53.778  -2.924  24.087 0.0000000000
103630  -47.602  -6.478  42.450 0.0000000000
75971  -48.060  -6.061  42.587 0.0000000000
78193  -48.567  -2.374  44.644 0.0000000000
104588  -59.553  -6.711  33.111 0.0000000000
104853  -58.692  -6.881  33.044 0.0000000000
73647  -54.597  -8.323  35.029 0.0000000000
72849  -53.171  -8.771  35.430 0.0000000000
72009  -49.243  -10.929  37.184 0.0000000000
72021  -48.466  -10.728  36.719 0.0000000000
71154  -48.444  -11.292  37.400 0.0000000000
71089  -49.760  -11.054  46.164 0.0000000000
70273  -50.255  -12.757  42.572 0.0000000000
70274  -50.595  -12.773  41.882 0.0000000000
69507  -50.150  -12.983  41.280 0.0000000000
70312  -44.905  -11.779  38.468 0.0000000000
71141  -44.451  -11.076  38.320 0.0000000000
71133  -44.045  -11.739  38.866 0.0000000000
75318  -58.401  -5.990  26.375 0.0000000000
75285  -53.163  -6.638  29.570 0.0000000000
77595  -56.205  -3.709  27.306 0.0000000000
77596  -57.312  -2.819  26.824 0.0000000000
77602  -57.991  -3.083  26.197 0.0000000000
117936  -58.059  -2.171  26.303 0.0000000000
78374  -57.721  -1.766  27.032 0.0000000000
79999  -57.083  0.031  28.560 0.0000000000
104817  -56.647  -0.067  28.335 0.0000000000
80733  -56.796  0.359  29.006 0.0000000000
77503  -52.753  -4.113  38.204 0.0000000000
77525  -52.764  -4.223  36.641 0.0000000000
78225  -55.456  -2.690  40.847 0.0000000000
78226  -56.480  -2.297  40.460 0.0000000000
79078  -56.580  -1.877  35.453 0.0000000000
79091  -57.927  -0.540  35.214 0.0000000000
80688  -54.625  0.963  32.233 0.0000000000
101152  -55.510  0.988  31.746 0.0000000000
80703  -54.480  0.840  31.497 0.0000000000
80715  -54.266  0.627  30.740 0.0000000000
80702  -53.414  0.722  31.314 0.0000000000
105290  -50.831  0.306  32.304 0.0000000000
79936  -50.212  -0.126  32.385 0.0000000000
101110  -51.244  -1.113  37.769 0.0000000000
101897  -47.755  -2.450  34.149 0.0000000000
78315  -47.413  -2.233  33.369 0.0000000000
78314  -46.594  -2.374  33.304 0.0000000000
78297  -46.231  -2.865  34.012 0.0000000000
78266  -43.095  -2.889  36.196 0.0000000000
78282  -43.006  -2.912  35.158 0.0000000000
73654  -48.299  -8.475  34.438 0.0000000000
74473  -47.895  -7.981  34.780 0.0000000000
74463  -48.199  -7.388  34.934 0.0000000000
79772  -54.278  -0.030  47.573 0.0000000000
79785  -54.405  0.751  46.340 0.0000000000
79799  -53.394  0.351  44.937 0.0000000000
80573  -51.705  0.980  44.656 0.0000000000
111783  -56.189  -4.276  24.497 0.0000000000
73623  -54.463  -8.562  38.180 0.0000000000
72828  -53.006  -9.295  37.865 0.0000000000
100515  -51.900  -10.095  38.361 0.0000000000
71147  -50.935  -10.944  38.621 0.0000000000
68719  -45.955  -14.309  40.788 0.0000000000
68718  -45.063  -14.222  40.785 0.0000000000
69514  -45.509  -13.894  40.086 0.0000000000
69504  -44.207  -14.050  40.856 0.0000000000
76800  -52.969  -4.659  29.607 0.0000000000
77580  -52.984  -3.955  30.096 0.0000000000
78347  -54.954  -2.853  29.266 0.0000000000
78342  -55.250  -2.422  30.018 0.0000000000
79137  -56.207  -1.825  30.282 0.0000000000
79138  -57.168  -1.140  30.631 0.0000000000
75983  -50.614  -5.518  40.586 0.0000000000
115764  -52.266  -4.558  40.976 0.0000000000
76740  -52.359  -4.206  39.102 0.0000000000
77496  -53.088  -3.888  39.827 0.0000000000
102570  -58.300  -0.284  39.256 0.0000000000
79881  -58.036  0.633  37.828 0.0000000000
79882  -58.211  0.335  37.231 0.0000000000
79070  -58.375  -0.581  36.990 0.0000000000
80656  -57.947  0.644  35.993 0.0000000000
80654  -56.502  1.144  35.248 0.0000000000
80665  -55.166  1.011  34.032 0.0000000000
104751  -53.742  0.864  32.522 0.0000000000
80664  -54.058  0.728  33.991 0.0000000000
79925  -53.148  0.362  33.980 0.0000000000
79912  -52.660  -0.238  34.666 0.0000000000
79040  -49.763  -1.501  38.278 0.0000000000
78253  -47.838  -2.396  37.438 0.0000000000
77524  -47.818  -2.631  35.896 0.0000000000
78270  -47.451  -2.640  36.710 0.0000000000
78269  -46.486  -2.899  36.864 0.0000000000
78268  -45.734  -2.979  37.384 0.0000000000
108976  -44.822  -3.035  37.435 0.0000000000
77521  -44.652  -3.261  36.523 0.0000000000
73689  -52.459  -8.471  32.111 0.0000000000
73700  -51.141  -7.820  31.807 0.0000000000
102776  -51.938  -8.146  31.688 0.0000000000
74514  -51.634  -7.445  31.294 0.0000000000
74527  -52.018  -6.929  30.708 0.0000000000
112725  -51.440  -6.863  31.162 0.0000000000
74488  -49.631  -7.440  33.049 0.0000000000
76028  -50.400  -6.138  32.554 0.0000000000
76784  -52.122  -4.421  33.145 0.0000000000
77554  -52.758  -4.074  33.642 0.0000000000
105234  -55.280  -2.416  44.636 0.0000000000
78213  -55.189  -2.703  43.862 0.0000000000
105828  -55.858  -2.218  43.416 0.0000000000
78180  -55.939  -1.126  45.800 0.0000000000
79825  -56.850  0.052  43.651 0.0000000000
79815  -56.993  -0.386  43.617 0.0000000000
79011  -57.112  -0.837  43.151 0.0000000000
79015  -57.604  -0.690  41.615 0.0000000000
79836  -57.400  -0.275  42.102 0.0000000000
80606  -55.552  0.411  41.116 0.0000000000
80607  -56.636  0.444  40.864 0.0000000000
79853  -56.116  0.580  39.354 0.0000000000
79852  -54.711  0.281  39.281 0.0000000000
79850  -52.595  -0.272  39.568 0.0000000000
79849  -51.885  -0.405  40.035 0.0000000000
79823  -53.092  -0.097  42.136 0.0000000000
79831  -50.522  -0.508  41.840 0.0000000000
79832  -51.427  -0.444  41.652 0.0000000000
109855  -50.302  -0.751  40.499 0.0000000000
102403  -50.177  -0.935  39.825 0.0000000000
79014  -49.080  -0.749  41.138 0.0000000000
79840  -48.174  -0.795  41.083 0.0000000000
107461  -47.839  -0.371  41.535 0.0000000000
77621  -52.730  -2.992  24.070 0.0000000000
73622  -44.868  -8.217  38.113 0.0000000000
74440  -46.212  -7.269  37.851 0.0000000000
74439  -45.645  -7.501  38.545 0.0000000000
74413  -46.097  -8.266  41.894 0.0000000000
101296  -46.210  -8.137  41.314 0.0000000000
74414  -46.780  -8.022  41.754 0.0000000000
75191  -49.239  -6.555  41.488 0.0000000000
75973  -49.603  -6.026  42.603 0.0000000000
76724  -47.565  -4.011  43.130 0.0000000000
76713  -48.616  -4.304  43.381 0.0000000000
77464  -49.751  -3.426  44.337 0.0000000000
106265  -49.523  -4.275  43.843 0.0000000000
77480  -50.369  -4.300  44.159 0.0000000000
76708  -51.069  -4.357  44.367 0.0000000000
76709  -51.763  -4.594  44.170 0.0000000000
78985  -50.639  -2.102  45.728 0.0000000000
78176  -52.243  -2.652  45.650 0.0000000000
74517  -59.446  -7.157  31.596 0.0000000000
73705  -56.231  -7.924  32.040 0.0000000000
73649  -56.096  -7.654  35.560 0.0000000000
74464  -56.744  -7.333  35.902 0.0000000000
74476  -56.874  -7.309  35.140 0.0000000000
74477  -57.785  -6.871  34.850 0.0000000000
74489  -57.104  -7.287  34.165 0.0000000000
118365  -54.392  -8.392  34.315 0.0000000000
73655  -54.627  -8.346  33.607 0.0000000000
73674  -54.854  -8.290  32.898 0.0000000000
72858  -52.161  -9.101  34.384 0.0000000000
72875  -52.766  -8.845  33.711 0.0000000000
72857  -51.309  -9.363  34.225 0.0000000000
117445  -51.254  -9.757  36.503 0.0000000000
103155  -49.757  -10.213  36.067 0.0000000000
72033  -50.233  -9.929  35.561 0.0000000000
72045  -49.911  -9.743  34.798 0.0000000000
72031  -48.625  -9.976  35.506 0.0000000000
71964  -54.447  -10.442  42.542 0.0000000000
71934  -51.001  -9.923  47.086 0.0000000000
71935  -51.634  -9.529  46.644 0.0000000000
71943  -51.818  -9.772  45.656 0.0000000000
70259  -49.712  -11.706  44.561 0.0000000000
103983  -51.012  -11.152  44.387 0.0000000000
71097  -52.148  -10.969  44.097 0.0000000000
71955  -52.813  -10.761  43.984 0.0000000000
71102  -52.492  -11.355  43.338 0.0000000000
119691  -52.086  -11.853  41.834 0.0000000000
70276  -52.471  -11.647  42.330 0.0000000000
71113  -52.434  -11.471  41.385 0.0000000000
71122  -52.500  -11.003  40.516 0.0000000000
71121  -51.854  -11.514  40.647 0.0000000000
70306  -50.239  -12.217  39.759 0.0000000000
70307  -50.748  -11.956  40.019 0.0000000000
70317  -49.720  -12.141  39.107 0.0000000000
71151  -45.245  -11.069  37.872 0.0000000000
113962  -45.727  -10.633  37.413 0.0000000000
72006  -45.746  -10.074  37.068 0.0000000000
72825  -44.848  -9.813  37.613 0.0000000000
72816  -43.804  -9.604  38.603 0.0000000000
110156  -43.333  -11.975  39.464 0.0000000000
71131  -42.730  -11.294  39.667 0.0000000000
72808  -42.623  -9.497  39.946 0.0000000000
73600  -42.807  -8.776  40.435 0.0000000000
73592  -42.744  -8.679  41.150 0.0000000000
74596  -60.755  -6.580  24.603 0.0000000000
75342  -61.173  -5.653  24.656 0.0000000000
76112  -61.030  -4.917  24.494 0.0000000000
76853  -60.769  -4.048  24.357 0.0000000000
74529  -53.865  -7.642  30.076 0.0000000000
74530  -54.739  -7.733  29.904 0.0000000000
75293  -54.390  -6.550  28.473 0.0000000000
105871  -54.661  -7.212  28.732 0.0000000000
76807  -54.136  -4.892  28.446 0.0000000000
76816  -56.442  -4.583  26.987 0.0000000000
76074  -56.808  -5.348  26.789 0.0000000000
110523  -58.656  -4.313  25.799 0.0000000000
77613  -59.696  -2.828  24.611 0.0000000000
76852  -59.426  -3.532  23.692 0.0000000000
111479  -59.135  -2.795  24.063 0.0000000000
78402  -58.958  -2.515  24.657 0.0000000000
79201  -58.161  -2.029  24.757 0.0000000000
78413  -57.301  -2.044  24.493 0.0000000000
78399  -56.718  -1.755  24.767 0.0000000000
78360  -57.622  -1.220  27.484 0.0000000000
80014  -56.959  -0.723  26.852 0.0000000000
79195  -56.438  -1.513  25.254 0.0000000000
79190  -55.752  -1.431  25.696 0.0000000000
119966  -55.032  -1.766  25.171 0.0000000000
79179  -54.415  -1.351  26.976 0.0000000000
79178  -53.495  -1.542  27.345 0.0000000000
75216  -47.481  -6.616  37.618 0.0000000000
75992  -48.808  -6.141  37.453 0.0000000000
76742  -50.792  -5.129  38.317 0.0000000000
76748  -50.891  -5.131  37.596 0.0000000000
77547  -53.142  -3.878  34.841 0.0000000000
112062  -53.274  -3.749  34.119 0.0000000000
77548  -53.738  -3.391  34.633 0.0000000000
77489  -53.692  -3.925  42.827 0.0000000000
113088  -53.759  -3.664  41.229 0.0000000000
77501  -54.626  -3.115  40.206 0.0000000000
115626  -53.924  -3.441  39.570 0.0000000000
107861  -57.534  -2.065  38.983 0.0000000000
77513  -54.412  -3.364  37.916 0.0000000000
77527  -54.428  -3.271  36.608 0.0000000000
113878  -54.960  -2.888  36.234 0.0000000000
107832  -54.841  -2.651  34.950 0.0000000000
113845  -55.491  -2.093  33.678 0.0000000000
78319  -55.290  -2.131  32.862 0.0000000000
113574  -57.550  -0.648  33.340 0.0000000000
79119  -57.293  -0.974  32.475 0.0000000000
79132  -57.595  -0.304  32.007 0.0000000000
80680  -57.713  0.668  34.198 0.0000000000
80704  -56.351  0.872  31.194 0.0000000000
80705  -57.060  0.741  31.556 0.0000000000
80717  -56.967  0.700  30.657 0.0000000000
80726  -56.222  0.464  29.459 0.0000000000
79166  -52.979  -1.256  28.303 0.0000000000
79165  -51.988  -1.749  27.955 0.0000000000
80701  -52.365  0.668  31.516 0.0000000000
80700  -51.479  0.520  31.283 0.0000000000
79962  -50.062  0.004  30.583 0.0000000000
80699  -50.787  0.355  30.961 0.0000000000
79878  -53.463  -0.408  37.782 0.0000000000
79067  -53.581  -0.386  37.004 0.0000000000
79056  -52.733  -0.681  37.462 0.0000000000
79065  -51.705  -1.131  36.289 0.0000000000
78256  -49.824  -1.744  36.881 0.0000000000
79054  -50.433  -1.569  36.741 0.0000000000
79085  -49.792  -1.475  33.793 0.0000000000
79099  -49.397  -1.238  33.057 0.0000000000
79116  -49.009  -0.997  32.330 0.0000000000
79098  -48.655  -1.511  32.871 0.0000000000
79114  -47.306  -1.198  31.823 0.0000000000
79128  -46.749  -0.662  31.214 0.0000000000
79946  -46.210  -0.314  30.710 0.0000000000
79127  -45.933  -0.630  31.273 0.0000000000
79126  -45.108  -0.568  31.404 0.0000000000
79934  -44.301  -0.419  31.662 0.0000000000
78296  -45.359  -3.042  34.032 0.0000000000
114112  -44.560  -3.078  34.131 0.0000000000
78310  -43.041  -2.070  33.701 0.0000000000
79921  -43.037  -0.201  32.544 0.0000000000
80604  -45.541  0.421  40.098 0.0000000000
109842  -45.264  -0.496  39.826 0.0000000000
79860  -44.127  -1.022  38.644 0.0000000000
73645  -47.208  -8.699  35.442 0.0000000000
118266  -47.468  -8.210  35.233 0.0000000000
75233  -47.789  -6.828  36.213 0.0000000000
113423  -53.822  1.318  46.725 0.0000000000
80561  -52.937  1.490  45.780 0.0000000000
81293  -52.137  1.927  45.156 0.0000000000
74402  -44.130  -7.846  42.670 0.0000000000
74403  -44.941  -7.960  42.365 0.0000000000
73613  -54.700  -8.645  38.989 0.0000000000
72819  -53.962  -9.037  38.789 0.0000000000
72818  -53.152  -9.515  38.640 0.0000000000
71991  -51.848  -10.793  39.414 0.0000000000
68700  -44.339  -14.568  42.232 0.0000000000
101445  -56.557  -7.879  30.216 0.0000000000
111632  -53.022  -3.664  31.297 0.0000000000
77574  -53.358  -3.434  30.833 0.0000000000
78340  -54.097  -2.912  30.623 0.0000000000
113441  -54.736  -2.563  30.510 0.0000000000
114006  -55.586  -1.961  31.827 0.0000000000
75979  -51.189  -5.284  41.091 0.0000000000
76732  -51.800  -4.991  41.479 0.0000000000
79854  -57.456  0.542  39.357 0.0000000000
80635  -57.647  0.900  37.187 0.0000000000
80647  -57.647  0.945  36.361 0.0000000000
80646  -56.829  1.068  36.667 0.0000000000
79902  -56.018  0.954  36.095 0.0000000000
79901  -55.244  0.743  35.453 0.0000000000
79914  -54.575  0.660  34.759 0.0000000000
79900  -54.088  0.146  35.595 0.0000000000
79028  -48.551  -1.538  39.514 0.0000000000
78239  -48.377  -1.828  38.819 0.0000000000
119064  -47.673  -2.115  38.759 0.0000000000
78238  -47.179  -2.485  38.232 0.0000000000
78237  -46.209  -2.539  38.634 0.0000000000
78236  -45.362  -2.368  38.906 0.0000000000
72887  -51.113  -8.728  32.667 0.0000000000
73688  -50.624  -8.166  32.389 0.0000000000
74500  -50.556  -7.456  32.097 0.0000000000
75247  -49.078  -6.720  34.410 0.0000000000
76024  -50.826  -5.332  33.050 0.0000000000
76778  -51.493  -4.804  33.563 0.0000000000
78197  -52.798  -3.284  45.197 0.0000000000
78198  -53.790  -2.939  45.180 0.0000000000
102154  -56.305  -0.130  45.237 0.0000000000
80588  -56.419  0.185  44.388 0.0000000000
80597  -56.626  0.306  42.728 0.0000000000
80598  -57.201  0.106  42.204 0.0000000000
79846  -54.402  0.228  40.627 0.0000000000
79810  -51.677  -0.093  43.497 0.0000000000
79841  -49.954  -0.676  41.154 0.0000000000
79818  -48.780  0.196  42.390 0.0000000000
74430  -45.528  -7.606  39.588 0.0000000000
103806  -46.233  -7.694  40.383 0.0000000000
74406  -47.237  -7.780  41.971 0.0000000000
76726  -49.138  -5.461  42.969 0.0000000000
78212  -48.977  -2.930  44.316 0.0000000000
74503  -59.212  -6.956  32.388 0.0000000000
74501  -56.977  -7.488  33.201 0.0000000000
109250  -55.486  -7.931  35.952 0.0000000000
73648  -55.378  -7.997  35.215 0.0000000000
100508  -51.047  -10.114  37.296 0.0000000000
72022  -49.611  -10.500  36.659 0.0000000000
113249  -49.028  -10.401  36.168 0.0000000000
70266  -49.699  -12.562  43.292 0.0000000000
70260  -50.039  -11.917  43.956 0.0000000000
70267  -50.522  -12.282  43.229 0.0000000000
70268  -51.285  -12.024  43.124 0.0000000000
71108  -51.945  -11.780  42.988 0.0000000000
102325  -51.184  -12.431  41.846 0.0000000000
70290  -50.368  -12.560  40.503 0.0000000000
70313  -45.746  -11.941  38.226 0.0000000000
71998  -44.683  -10.406  37.903 0.0000000000
71990  -43.482  -10.347  38.847 0.0000000000
76103  -61.328  -5.332  24.877 0.0000000000
76088  -60.709  -4.463  25.299 0.0000000000
74541  -53.135  -7.275  29.981 0.0000000000
74542  -53.697  -7.177  29.430 0.0000000000
75292  -53.693  -6.568  29.021 0.0000000000
77594  -55.142  -4.025  27.822 0.0000000000
79197  -57.927  -1.742  25.392 0.0000000000
110885  -57.513  -0.789  29.141 0.0000000000
80000  -57.267  -0.516  28.057 0.0000000000
80006  -56.309  -0.558  27.417 0.0000000000
107551  -55.821  -0.227  28.306 0.0000000000
75207  -47.701  -6.614  38.499 0.0000000000
105712  -51.682  -4.567  38.798 0.0000000000
76743  -51.417  -4.770  38.122 0.0000000000
115438  -51.848  -4.577  37.773 0.0000000000
119562  -52.129  -4.507  36.952 0.0000000000
76766  -52.379  -4.456  35.815 0.0000000000
79057  -58.186  -1.411  37.508 0.0000000000
78259  -56.971  -2.222  36.979 0.0000000000
78275  -55.885  -2.364  36.099 0.0000000000
113940  -56.142  -1.909  34.792 0.0000000000
79089  -56.224  -1.783  34.137 0.0000000000
79103  -57.105  -1.314  33.811 0.0000000000
80678  -56.807  1.061  32.961 0.0000000000
80725  -55.135  0.467  29.990 0.0000000000
80724  -54.053  0.300  30.083 0.0000000000
79980  -53.286  -0.083  29.734 0.0000000000
79965  -52.551  0.227  30.344 0.0000000000
79937  -52.153  0.573  32.724 0.0000000000
80685  -51.603  0.624  32.072 0.0000000000
100558  -50.169  0.195  31.262 0.0000000000
78283  -48.691  -2.348  35.669 0.0000000000
109000  -48.213  -2.070  33.523 0.0000000000
78325  -46.108  -1.863  32.554 0.0000000000
78324  -45.243  -1.863  32.589 0.0000000000
77533  -44.579  -3.350  35.676 0.0000000000
77543  -43.960  -3.191  34.772 0.0000000000
78294  -43.184  -2.682  34.367 0.0000000000
79095  -42.481  -1.195  33.762 0.0000000000
79084  -41.907  -0.977  34.487 0.0000000000
73668  -48.924  -8.382  33.814 0.0000000000
117583  -49.517  -6.151  34.731 0.0000000000
76010  -49.743  -5.833  35.516 0.0000000000
78988  -54.790  -1.304  46.518 0.0000000000
78972  -54.366  -0.882  47.075 0.0000000000
78973  -55.045  -0.476  46.909 0.0000000000
79787  -55.577  -0.256  46.461 0.0000000000
79801  -55.798  0.098  46.012 0.0000000000
108696  -52.239  0.152  44.199 0.0000000000
80572  -50.644  0.625  43.747 0.0000000000
74404  -45.865  -8.022  42.191 0.0000000000
75176  -46.379  -7.275  42.317 0.0000000000
73631  -54.241  -8.522  37.235 0.0000000000
73630  -53.810  -8.631  36.573 0.0000000000
72838  -53.226  -8.812  36.256 0.0000000000
72000  -52.454  -9.716  38.169 0.0000000000
72012  -51.833  -9.854  37.749 0.0000000000
71156  -49.768  -11.124  37.825 0.0000000000
70252  -49.137  -11.624  45.772 0.0000000000
100915  -49.141  -11.868  44.856 0.0000000000
70258  -48.513  -12.432  44.300 0.0000000000
70265  -48.972  -12.620  43.601 0.0000000000
69488  -49.089  -13.081  42.972 0.0000000000
69527  -44.244  -13.100  39.644 0.0000000000
105320  -43.938  -12.456  39.342 0.0000000000
69511  -42.975  -13.136  40.520 0.0000000000
69503  -43.367  -13.824  40.993 0.0000000000
70288  -42.216  -12.716  40.861 0.0000000000
76046  -52.322  -5.472  30.171 0.0000000000
113879  -53.135  -5.391  29.359 0.0000000000
77586  -53.961  -4.119  28.694 0.0000000000
77587  -54.783  -3.535  28.534 0.0000000000
78358  -56.467  -2.375  28.422 0.0000000000
79168  -57.151  -1.538  28.804 0.0000000000
113689  -57.490  0.088  29.828 0.0000000000
75200  -49.241  -6.313  40.474 0.0000000000
75986  -49.990  -5.730  39.857 0.0000000000
75984  -51.180  -5.094  40.319 0.0000000000
78227  -57.532  -1.483  40.970 0.0000000000
79043  -58.425  -1.163  38.582 0.0000000000
79080  -58.116  -0.597  36.134 0.0000000000
79903  -57.981  0.191  35.657 0.0000000000
80668  -57.873  0.676  35.151 0.0000000000
80667  -57.462  1.051  34.670 0.0000000000
115954  -56.679  1.173  33.571 0.0000000000
104752  -55.919  1.178  33.405 0.0000000000
80675  -52.913  0.719  32.638 0.0000000000
105832  -51.987  0.182  33.447 0.0000000000
79923  -51.346  -0.267  33.620 0.0000000000
79041  -50.608  -1.178  38.400 0.0000000000
78255  -49.454  -1.726  37.548 0.0000000000
107312  -49.165  -1.951  36.947 0.0000000000
78254  -48.665  -2.029  37.479 0.0000000000
77536  -47.223  -2.832  35.304 0.0000000000
77546  -46.693  -2.918  34.712 0.0000000000
77535  -46.432  -3.079  35.448 0.0000000000
77534  -45.542  -3.299  35.652 0.0000000000
118902  -45.084  -3.349  36.121 0.0000000000
77520  -43.987  -3.214  36.215 0.0000000000
104188  -53.807  -8.273  31.758 0.0000000000
74528  -52.634  -7.280  30.459 0.0000000000
75279  -52.141  -6.122  30.373 0.0000000000
73669  -49.643  -8.254  33.163 0.0000000000
74499  -50.081  -7.781  32.615 0.0000000000
75270  -50.583  -6.722  31.937 0.0000000000
75271  -51.081  -6.476  31.461 0.0000000000
76045  -51.816  -5.378  30.805 0.0000000000
76795  -52.155  -4.517  31.255 0.0000000000
76790  -52.110  -4.437  32.218 0.0000000000
77567  -52.738  -3.896  31.805 0.0000000000
77561  -53.286  -3.468  32.510 0.0000000000
78317  -53.839  -3.021  33.090 0.0000000000
76717  -52.202  -4.848  43.543 0.0000000000
76718  -52.939  -4.462  43.310 0.0000000000
116536  -54.309  -3.427  42.764 0.0000000000
77490  -54.336  -3.382  43.433 0.0000000000
78179  -55.274  -1.653  45.905 0.0000000000
78200  -55.754  -1.761  45.234 0.0000000000
78215  -56.667  -1.551  43.398 0.0000000000
78219  -57.021  -1.440  42.522 0.0000000000
78223  -57.377  -1.295  41.839 0.0000000000
79847  -57.828  -0.462  40.836 0.0000000000
116183  -57.448  0.258  40.654 0.0000000000
79851  -53.588  0.007  39.372 0.0000000000
79032  -52.259  -0.531  38.754 0.0000000000
79833  -52.343  -0.248  41.393 0.0000000000
115057  -50.812  -0.862  39.207 0.0000000000
79029  -49.357  -1.253  39.692 0.0000000000
79018  -47.675  -1.220  40.472 0.0000000000
74445  -46.256  -7.634  37.080 0.0000000000
109138  -47.906  -6.679  39.306 0.0000000000
75199  -48.454  -6.566  39.977 0.0000000000
74415  -47.387  -7.670  41.585 0.0000000000
74423  -47.536  -7.386  40.880 0.0000000000
75189  -48.059  -6.950  40.694 0.0000000000
105879  -51.336  -5.513  42.882 0.0000000000
76716  -51.487  -5.149  43.534 0.0000000000
76714  -49.366  -4.976  43.441 0.0000000000
77467  -52.328  -3.978  44.679 0.0000000000
111100  -51.139  -3.356  45.000 0.0000000000
78196  -51.886  -3.380  45.128 0.0000000000
78986  -52.711  -1.904  46.377 0.0000000000
78969  -50.867  -1.332  46.531 0.0000000000
74516  -58.313  -7.354  31.601 0.0000000000
101913  -57.377  -7.720  30.957 0.0000000000
106356  -56.406  -7.909  31.196 0.0000000000
73693  -56.176  -7.898  32.857 0.0000000000
73691  -54.588  -8.278  32.190 0.0000000000
118642  -53.822  -8.456  32.465 0.0000000000
73672  -52.440  -8.778  32.851 0.0000000000
121269  -51.656  -8.953  32.964 0.0000000000
72873  -50.978  -9.168  33.405 0.0000000000
121364  -52.641  -8.994  35.924 0.0000000000
72034  -51.036  -9.703  35.746 0.0000000000
113503  -49.568  -9.391  34.145 0.0000000000
72854  -48.038  -8.997  34.716 0.0000000000
72843  -47.543  -9.197  35.291 0.0000000000
72842  -46.962  -9.144  35.721 0.0000000000
73637  -46.105  -8.798  36.470 0.0000000000
71982  -54.183  -10.256  41.266 0.0000000000
72744  -52.421  -9.247  47.480 0.0000000000
72754  -53.080  -8.815  46.730 0.0000000000
72763  -53.140  -9.254  45.650 0.0000000000
71095  -50.342  -11.291  44.651 0.0000000000
71091  -50.912  -10.666  45.028 0.0000000000
71948  -51.466  -10.271  45.165 0.0000000000
71944  -52.524  -9.683  45.362 0.0000000000
71950  -53.194  -10.035  44.664 0.0000000000
71956  -53.580  -10.610  43.718 0.0000000000
71963  -53.741  -10.902  42.763 0.0000000000
71103  -53.071  -11.305  42.713 0.0000000000
71971  -54.043  -10.705  41.945 0.0000000000
103290  -53.664  -10.694  41.400 0.0000000000
71981  -53.664  -10.334  40.736 0.0000000000
71980  -53.081  -10.454  40.239 0.0000000000
71134  -51.365  -11.427  39.881 0.0000000000
111825  -51.284  -11.053  39.179 0.0000000000
71146  -50.174  -11.391  38.499 0.0000000000
106077  -48.686  -13.762  40.717 0.0000000000
69533  -49.113  -13.224  40.092 0.0000000000
70305  -49.029  -12.836  39.426 0.0000000000
70304  -48.207  -12.913  39.092 0.0000000000
70316  -48.823  -12.345  38.695 0.0000000000
71144  -48.561  -11.852  38.011 0.0000000000
72834  -45.843  -9.417  36.750 0.0000000000
73636  -45.461  -8.829  37.040 0.0000000000
120149  -45.150  -8.558  37.515 0.0000000000
72817  -44.376  -9.700  38.033 0.0000000000
110564  -44.345  -8.195  38.963 0.0000000000
71132  -43.348  -11.156  39.108 0.0000000000
73611  -43.210  -8.713  39.827 0.0000000000
73593  -43.563  -8.592  41.776 0.0000000000
73585  -42.698  -8.838  41.997 0.0000000000
73586  -43.382  -8.666  42.521 0.0000000000
112645  -58.972  -6.584  23.934 0.0000000000
116443  -59.514  -5.554  23.858 0.0000000000
76110  -59.262  -4.704  23.689 0.0000000000
73713  -54.394  -7.865  30.579 0.0000000000
74544  -55.246  -7.557  29.035 0.0000000000
74559  -56.047  -7.445  28.346 0.0000000000
76062  -53.742  -5.704  28.753 0.0000000000
76814  -54.795  -4.848  27.942 0.0000000000
115728  -56.382  -6.079  27.146 0.0000000000
75317  -57.182  -6.142  26.794 0.0000000000
76087  -59.213  -4.915  25.754 0.0000000000
76841  -60.188  -3.299  24.318 0.0000000000
106786  -58.300  -4.172  23.652 0.0000000000
77625  -58.128  -2.393  24.304 0.0000000000
111360  -57.461  -1.293  26.402 0.0000000000
79181  -57.551  -0.966  27.394 0.0000000000
79196  -57.217  -1.477  25.390 0.0000000000
110384  -54.298  -2.077  24.760 0.0000000000
78386  -53.679  -1.915  25.398 0.0000000000
101795  -52.811  -2.042  25.800 0.0000000000
75224  -46.739  -7.345  36.743 0.0000000000
75225  -48.084  -6.362  36.994 0.0000000000
104412  -48.424  -6.416  36.297 0.0000000000
76009  -49.001  -6.169  35.957 0.0000000000
100663  -49.760  -5.694  38.902 0.0000000000
75994  -50.284  -5.472  37.077 0.0000000000
76002  -50.403  -5.457  36.203 0.0000000000
76011  -50.483  -5.410  35.454 0.0000000000
76773  -52.411  -4.334  34.950 0.0000000000
77492  -53.019  -4.113  40.881 0.0000000000
77504  -53.541  -3.746  38.058 0.0000000000
78242  -56.298  -2.585  38.385 0.0000000000
78241  -55.200  -3.045  38.588 0.0000000000
77512  -53.744  -3.653  37.161 0.0000000000
78286  -54.924  -2.751  35.596 0.0000000000
77549  -54.261  -3.074  35.140 0.0000000000
109146  -54.422  -2.621  32.794 0.0000000000
111495  -56.587  -1.441  31.942 0.0000000000
79102  -56.206  -1.686  33.374 0.0000000000
79139  -57.552  -0.363  31.065 0.0000000000
79926  -57.740  0.190  33.587 0.0000000000
79938  -57.614  0.231  32.534 0.0000000000
80690  -57.167  0.765  32.341 0.0000000000
79951  -57.592  0.153  31.573 0.0000000000
80728  -57.270  0.388  30.216 0.0000000000
79997  -54.747  -0.410  28.547 0.0000000000
79167  -54.091  -1.048  27.989 0.0000000000
80713  -52.022  0.447  30.838 0.0000000000
79963  -50.960  0.074  30.377 0.0000000000
79066  -52.594  -0.768  36.599 0.0000000000
79088  -51.931  -0.719  34.855 0.0000000000
79101  -50.790  -0.712  33.692 0.0000000000
79064  -50.805  -1.549  36.041 0.0000000000
78285  -50.055  -1.885  35.618 0.0000000000
79076  -50.650  -1.523  35.048 0.0000000000
79086  -50.419  -1.275  34.145 0.0000000000
79117  -49.574  -0.587  32.366 0.0000000000
79935  -48.970  -0.561  31.695 0.0000000000
79948  -48.314  -0.575  31.236 0.0000000000
79947  -47.030  -0.426  30.707 0.0000000000
79944  -44.569  -0.050  31.079 0.0000000000
117153  -44.483  -1.729  32.649 0.0000000000
79920  -42.395  0.214  33.050 0.0000000000
81304  -50.169  1.238  43.612 0.0000000000
80595  -48.307  0.724  42.352 0.0000000000
79817  -48.004  0.098  41.998 0.0000000000
79829  -47.273  -0.024  41.526 0.0000000000
112370  -46.509  -0.656  40.713 0.0000000000
80599  -46.675  0.552  41.196 0.0000000000
79024  -44.742  -1.082  39.275 0.0000000000
79038  -44.628  -1.849  38.953 0.0000000000
78235  -44.657  -2.531  38.327 0.0000000000
78250  -43.950  -2.546  37.718 0.0000000000
78298  -47.345  -2.697  34.650 0.0000000000
78299  -48.922  -2.220  34.819 0.0000000000
79924  -52.689  0.485  33.314 0.0000000000
80718  -57.344  0.428  31.111 0.0000000000
113987  -52.627  -5.226  29.758 0.0000000000
115400  -54.263  0.210  39.898 0.0000000000
