#!ascii label  , from subject sub-fsm42wk vox2ras=TkReg
1208
6378  -24.798  -83.461  -5.515 0.5000000000
6377  -24.218  -83.688  -5.591 0.6000000238
6454  -31.879  -84.429  -11.025 0.3000000119
4854  -23.930  -84.935  -5.846 0.5000000000
7162  -29.093  -83.452  -9.250 0.4000000060
6436  -29.663  -83.883  -10.013 0.4000000060
6452  -30.187  -84.209  -10.772 0.4000000060
6453  -31.012  -84.315  -10.764 0.3000000119
7178  -29.435  -83.924  -10.876 0.4000000060
7937  -23.916  -81.415  -8.330 0.5000000000
7902  -23.875  -82.027  -6.896 0.5000000000
107612  -24.683  -82.549  -5.981 0.5000000000
7936  -22.926  -81.330  -8.041 0.6000000238
7901  -23.195  -82.014  -6.714 0.5000000000
6395  -23.548  -82.880  -6.034 0.6000000238
5703  -32.773  -84.450  -11.506 0.3000000119
6394  -22.953  -83.157  -6.294 0.5000000000
7161  -28.304  -83.186  -9.576 0.5000000000
7144  -28.501  -83.154  -8.581 0.5000000000
6470  -32.242  -83.717  -11.871 0.3000000119
7105  -23.033  -82.518  -6.431 0.6000000238
5638  -23.053  -83.983  -6.219 0.5000000000
7177  -28.187  -82.957  -10.532 0.5000000000
6435  -28.916  -83.518  -10.259 0.4000000060
6468  -29.981  -83.910  -11.435 0.4000000060
119598  -30.618  -84.195  -11.311 0.3000000119
6469  -31.360  -84.002  -11.568 0.3000000119
111297  -28.823  -83.248  -10.982 0.4000000060
7200  -29.377  -83.299  -11.338 0.4000000060
8806  -23.298  -80.296  -12.015 0.6999999881
102650  -23.670  -80.600  -10.977 0.6999999881
8774  -23.845  -80.830  -10.098 0.6999999881
7107  -25.454  -82.514  -6.156 0.5000000000
8805  -22.160  -80.035  -12.428 0.6999999881
8793  -22.754  -80.424  -11.273 0.6999999881
8772  -23.069  -80.858  -9.650 0.8000000119
8748  -23.259  -81.136  -8.847 0.5000000000
8747  -22.381  -80.987  -8.868 0.6999999881
7108  -26.446  -82.594  -6.475 0.5000000000
106858  -22.303  -80.589  -10.408 0.6999999881
7128  -26.358  -82.589  -7.571 0.4000000060
7143  -27.701  -82.968  -8.901 0.5000000000
6471  -33.161  -83.625  -12.248 0.3000000119
118202  -21.903  -81.333  -7.773 0.6000000238
7142  -26.949  -82.537  -9.112 0.5000000000
7160  -27.544  -82.715  -9.847 0.5000000000
7176  -27.351  -82.493  -10.889 0.5000000000
107093  -27.594  -82.534  -12.423 0.4000000060
116083  -27.390  -82.464  -11.754 0.4000000060
120922  -29.426  -82.668  -11.809 0.4000000060
7201  -30.062  -82.644  -11.876 0.4000000060
106696  -30.843  -83.178  -11.863 0.4000000060
7220  -28.273  -82.665  -12.410 0.3000000119
7198  -28.037  -82.745  -11.525 0.4000000060
11599  -21.607  -78.196  -13.989 0.5000000000
10612  -21.164  -78.838  -14.042 0.6000000238
9668  -21.755  -79.013  -14.336 0.6000000238
8812  -22.767  -79.911  -13.211 0.6000000238
103453  -22.295  -77.325  -11.967 0.5000000000
11566  -21.258  -77.481  -12.694 0.5000000000
11581  -21.091  -77.838  -13.516 0.6000000238
107398  -20.955  -78.989  -14.012 0.6000000238
9659  -21.582  -79.380  -13.646 0.6999999881
115879  -24.715  -81.746  -8.251 0.6000000238
6475  -36.848  -84.016  -11.893 0.3000000119
11540  -20.985  -77.685  -9.780 0.6999999881
11565  -20.489  -77.666  -12.167 0.6000000238
119512  -19.802  -78.059  -12.773 0.6000000238
11597  -19.970  -78.626  -13.466 0.6000000238
9657  -19.794  -79.020  -13.418 0.6999999881
8804  -20.647  -79.906  -11.758 0.6999999881
7955  -25.415  -81.564  -9.530 0.6000000238
7939  -25.494  -81.942  -8.598 0.6000000238
7127  -25.633  -82.389  -7.090 0.5000000000
101064  -21.910  -77.679  -9.989 0.6999999881
102439  -20.148  -77.760  -10.914 0.6000000238
11564  -19.607  -78.164  -12.084 0.6000000238
10599  -19.519  -78.562  -12.996 0.6000000238
9650  -19.516  -79.302  -12.451 0.6999999881
8792  -21.175  -80.388  -10.769 0.6999999881
7940  -26.311  -82.453  -8.451 0.5000000000
5718  -33.748  -84.464  -11.874 0.3000000119
115522  -21.188  -77.735  -8.772 0.6999999881
11539  -19.751  -77.772  -10.115 0.6999999881
10588  -18.769  -78.915  -12.065 0.6000000238
105467  -18.827  -79.003  -12.232 0.6000000238
8771  -21.612  -80.691  -9.624 0.6999999881
106308  -26.038  -81.719  -10.205 0.5000000000
7973  -26.606  -81.963  -10.926 0.5000000000
11538  -18.906  -78.160  -10.421 0.6000000238
10587  -18.052  -78.954  -10.926 0.6000000238
103433  -19.431  -80.196  -10.416 0.6000000238
115360  -20.834  -80.764  -9.190 0.6000000238
7935  -20.934  -81.306  -7.891 0.6000000238
104490  -25.841  -81.382  -11.188 0.5000000000
7202  -32.518  -82.886  -12.396 0.3000000119
11531  -20.276  -77.628  -9.013 0.6999999881
10560  -19.040  -77.689  -9.382 0.6000000238
11549  -18.495  -78.684  -11.082 0.6000000238
9642  -18.378  -79.063  -11.460 0.6000000238
8790  -18.342  -79.687  -10.622 0.5000000000
107281  -20.129  -81.492  -8.121 0.5000000000
105038  -21.274  -81.702  -7.377 0.5000000000
7197  -26.990  -82.235  -11.538 0.5000000000
108452  -29.135  -82.131  -14.004 0.3000000119
7221  -28.592  -82.408  -13.218 0.3000000119
110562  -29.040  -82.474  -12.372 0.3000000119
7989  -29.729  -81.943  -12.261 0.4000000060
7916  -20.610  -81.906  -7.580 0.5000000000
8010  -28.276  -82.365  -14.024 0.3000000119
7232  -27.848  -82.572  -13.247 0.3000000119
7199  -28.793  -82.783  -11.635 0.4000000060
11568  -24.186  -77.228  -12.162 0.5000000000
120466  -22.877  -77.244  -13.414 0.5000000000
11583  -23.562  -77.093  -13.323 0.5000000000
11600  -22.810  -77.680  -14.248 0.5000000000
10590  -23.988  -77.788  -10.444 0.5000000000
102260  -23.879  -77.441  -11.398 0.5000000000
11553  -23.187  -77.496  -11.147 0.5000000000
11582  -22.110  -77.441  -13.315 0.5000000000
10613  -22.198  -78.634  -14.389 0.5000000000
9670  -23.826  -79.340  -14.509 0.6000000238
9661  -23.312  -79.712  -13.965 0.6000000238
10589  -23.189  -77.700  -10.277 0.5000000000
8813  -23.825  -80.191  -12.804 0.6000000238
8795  -24.482  -80.856  -10.618 0.8000000119
102897  -37.591  -83.850  -11.467 0.3000000119
108625  -23.070  -78.010  -8.829 0.6000000238
11541  -22.717  -77.771  -9.707 0.6000000238
11552  -22.341  -77.557  -10.749 0.6000000238
117284  -24.634  -80.485  -12.534 0.4000000060
6455  -37.454  -83.245  -11.803 0.3000000119
10562  -21.697  -77.857  -8.162 0.6999999881
8796  -25.063  -80.934  -11.086 0.5000000000
7954  -24.626  -81.125  -9.785 0.6000000238
6473  -35.248  -83.779  -12.408 0.3000000119
6472  -34.246  -83.564  -12.444 0.3000000119
8007  -26.056  -81.274  -13.310 0.4000000060
10561  -20.761  -77.727  -8.082 0.6000000238
11522  -19.678  -77.554  -8.193 0.6999999881
8000  -25.956  -81.307  -12.295 0.4000000060
107091  -31.744  -83.130  -12.164 0.3000000119
10540  -20.213  -77.733  -7.220 0.6000000238
10539  -18.901  -77.543  -7.271 0.6999999881
10575  -18.240  -78.322  -10.225 0.6000000238
9641  -17.293  -78.990  -10.483 0.5000000000
103254  -17.885  -79.173  -10.769 0.5000000000
8745  -19.612  -81.056  -8.797 0.6000000238
8008  -26.702  -81.860  -13.629 0.4000000060
8001  -26.583  -81.885  -12.757 0.4000000060
8832  -29.074  -81.689  -15.069 0.3000000119
8018  -29.382  -81.881  -14.678 0.3000000119
8011  -29.990  -81.624  -14.463 0.3000000119
100377  -29.581  -81.584  -13.429 0.3000000119
8002  -29.242  -82.040  -12.986 0.4000000060
119127  -17.251  -77.690  -8.765 0.6000000238
9637  -16.818  -78.512  -10.101 0.5000000000
8788  -16.682  -79.114  -10.426 0.5000000000
104173  -18.125  -80.309  -10.010 0.5000000000
8744  -18.657  -80.994  -9.312 0.5000000000
7934  -19.247  -81.770  -8.515 0.6000000238
7141  -19.360  -82.666  -8.367 0.5000000000
8009  -27.436  -82.259  -13.901 0.3000000119
8016  -27.806  -81.874  -14.626 0.3000000119
10558  -16.804  -77.967  -9.402 0.5000000000
7933  -18.352  -81.616  -9.285 0.5000000000
7953  -17.349  -81.343  -9.928 0.5000000000
11555  -25.528  -77.829  -10.999 0.5000000000
11554  -24.656  -77.651  -11.165 0.5000000000
11584  -24.524  -76.990  -13.069 0.5000000000
12586  -24.987  -76.863  -13.895 0.5000000000
11601  -24.030  -77.235  -14.256 0.5000000000
11612  -23.567  -77.876  -14.812 0.5000000000
10578  -24.339  -78.127  -9.525 0.5000000000
11569  -25.101  -77.367  -11.939 0.5000000000
10625  -24.621  -78.332  -15.032 0.4000000060
10577  -23.536  -77.940  -9.581 0.5000000000
9678  -24.226  -78.857  -14.870 0.4000000060
5708  -38.076  -84.207  -10.793 0.3000000119
6456  -38.252  -83.199  -11.327 0.3000000119
10563  -23.849  -78.141  -8.876 0.6000000238
9671  -24.826  -79.669  -14.391 0.4000000060
8820  -24.427  -80.126  -13.617 0.4000000060
116501  -23.177  -78.180  -7.965 0.6000000238
114567  -22.481  -77.982  -8.306 0.6000000238
7205  -36.833  -82.994  -12.123 0.3000000119
7204  -35.874  -83.104  -12.323 0.3000000119
117419  -22.297  -78.054  -7.583 0.6000000238
8821  -25.440  -80.561  -13.875 0.4000000060
105478  -22.018  -78.168  -6.711 0.6000000238
118178  -26.539  -80.821  -14.638 0.4000000060
8822  -26.215  -81.126  -14.112 0.4000000060
7203  -33.474  -82.773  -12.444 0.3000000119
117855  -21.319  -77.933  -7.328 0.6999999881
8015  -26.969  -81.586  -14.392 0.3000000119
8831  -28.213  -81.266  -15.166 0.3000000119
11585  -25.440  -76.945  -12.810 0.5000000000
12587  -25.821  -76.560  -13.718 0.5000000000
118477  -25.510  -76.809  -14.290 0.4000000060
10591  -24.955  -78.061  -10.259 0.5000000000
12598  -25.656  -76.989  -14.577 0.4000000060
11614  -25.198  -77.657  -14.937 0.4000000060
10592  -25.853  -78.252  -10.183 0.6000000238
10626  -25.581  -78.540  -15.006 0.4000000060
9679  -25.212  -79.163  -14.801 0.4000000060
10541  -22.934  -78.229  -7.067 0.6000000238
8829  -25.781  -80.211  -14.482 0.4000000060
103345  -26.456  -79.881  -14.926 0.4000000060
9680  -27.462  -80.471  -15.131 0.4000000060
8830  -27.219  -81.063  -14.922 0.3000000119
8836  -29.085  -81.041  -15.427 0.3000000119
117986  -20.850  -77.995  -6.268 0.6000000238
11570  -25.983  -77.375  -11.738 0.5000000000
12572  -26.365  -76.722  -12.590 0.5000000000
12588  -26.774  -76.015  -13.552 0.4000000060
12599  -26.158  -76.500  -14.274 0.4000000060
11556  -26.394  -77.816  -10.824 0.5000000000
11571  -26.856  -77.171  -11.460 0.5000000000
12604  -26.340  -76.610  -14.526 0.4000000060
10579  -25.237  -78.366  -9.315 0.6000000238
10580  -26.288  -78.446  -9.455 0.6000000238
11557  -27.213  -77.587  -10.434 0.6000000238
11615  -25.961  -77.225  -14.813 0.4000000060
118444  -24.944  -78.469  -8.381 0.6000000238
10565  -25.902  -78.659  -8.627 0.6000000238
11619  -26.577  -77.682  -15.086 0.4000000060
10630  -26.616  -78.730  -15.087 0.4000000060
10542  -23.763  -78.363  -7.350 0.6000000238
10632  -28.290  -78.992  -15.451 0.4000000060
9683  -27.254  -79.728  -15.147 0.4000000060
120707  -28.940  -78.986  -15.614 0.4000000060
109752  -35.060  -83.121  -12.397 0.3000000119
7181  -36.368  -82.377  -11.948 0.3000000119
10515  -23.472  -78.483  -6.526 0.6000000238
9684  -29.147  -79.929  -15.628 0.4000000060
7993  -33.745  -82.013  -11.866 0.3000000119
7179  -34.419  -82.601  -12.197 0.3000000119
10514  -22.715  -78.356  -6.328 0.6000000238
119802  -22.460  -78.565  -5.188 0.6999999881
9575  -23.805  -79.173  -5.120 0.6999999881
105298  -21.973  -78.331  -5.704 0.6000000238
9574  -22.854  -78.900  -4.647 0.6999999881
9560  -23.721  -79.376  -4.226 0.6999999881
10472  -21.027  -78.166  -4.040 0.6000000238
9561  -24.517  -79.412  -4.676 0.6999999881
118319  -25.144  -79.345  -4.377 0.6000000238
10453  -22.047  -78.668  -3.887 0.6999999881
9550  -24.491  -79.421  -3.878 0.6999999881
13530  -27.569  -75.237  -13.055 0.5000000000
12560  -27.482  -76.828  -11.055 0.5000000000
12574  -27.969  -75.992  -11.088 0.5000000000
12573  -27.326  -76.226  -12.146 0.5000000000
13544  -27.874  -74.483  -13.500 0.5000000000
13543  -27.448  -75.244  -13.872 0.4000000060
12600  -26.864  -76.001  -14.229 0.4000000060
10566  -26.869  -78.509  -8.787 0.6000000238
11542  -27.639  -77.585  -9.734 0.6000000238
12561  -27.864  -76.924  -10.284 0.6000000238
120767  -28.322  -75.427  -10.670 0.6000000238
12609  -27.403  -76.507  -14.963 0.4000000060
10544  -25.551  -78.727  -7.769 0.6000000238
11543  -28.125  -77.088  -9.420 0.6000000238
117768  -28.338  -76.038  -9.973 0.6000000238
11620  -27.320  -77.393  -15.159 0.4000000060
10543  -24.611  -78.539  -7.573 0.6000000238
10546  -27.283  -78.371  -8.055 0.6000000238
11523  -27.796  -77.783  -8.103 0.6000000238
12551  -28.511  -76.377  -8.950 0.6000000238
117383  -27.982  -78.019  -15.349 0.4000000060
11623  -30.648  -77.987  -15.602 0.4000000060
9588  -25.234  -78.889  -6.906 0.6000000238
10545  -26.141  -78.891  -7.134 0.6000000238
11512  -27.583  -77.925  -7.256 0.6000000238
11524  -28.163  -77.238  -7.706 0.6000000238
13495  -29.414  -75.292  -7.835 0.6000000238
10633  -28.798  -78.195  -15.509 0.4000000060
10516  -24.296  -78.662  -6.778 0.6000000238
9589  -25.857  -79.069  -6.395 0.5000000000
10518  -27.093  -78.291  -6.498 0.6000000238
11513  -28.076  -77.118  -6.845 0.6000000238
12534  -28.556  -76.561  -7.347 0.6000000238
13486  -30.041  -74.825  -7.306 0.6999999881
9587  -24.814  -79.045  -6.229 0.6000000238
9563  -26.198  -78.959  -5.761 0.6000000238
103244  -27.541  -77.601  -6.312 0.6000000238
13485  -29.579  -75.356  -6.824 0.6000000238
14380  -30.640  -74.574  -6.910 0.6000000238
14397  -31.267  -74.301  -7.247 0.6000000238
11501  -28.014  -76.856  -5.889 0.6000000238
12516  -28.596  -76.261  -5.844 0.6000000238
13479  -30.109  -74.902  -6.460 0.6000000238
14381  -31.205  -74.274  -6.409 0.6000000238
9562  -25.816  -79.118  -4.921 0.6000000238
103689  -27.105  -78.010  -5.752 0.6000000238
12507  -28.338  -76.346  -5.051 0.5000000000
12517  -29.011  -75.833  -5.476 0.6000000238
13471  -30.232  -74.891  -5.564 0.6000000238
11500  -27.160  -77.685  -5.036 0.5000000000
9559  -22.932  -79.191  -3.649 0.6999999881
9551  -25.094  -79.252  -3.723 0.6999999881
10455  -26.145  -78.482  -3.675 0.5000000000
10456  -26.775  -77.978  -4.226 0.6000000238
11486  -27.326  -77.290  -4.430 0.5000000000
12508  -28.941  -75.828  -4.674 0.5000000000
11470  -27.219  -77.291  -3.650 0.6000000238
14367  -21.429  -74.437  -5.713 0.6000000238
107022  -21.249  -74.456  -5.017 0.6000000238
14352  -20.528  -74.493  -4.516 0.6000000238
13531  -28.020  -74.555  -12.656 0.5000000000
114449  -27.853  -75.355  -12.112 0.5000000000
14484  -28.128  -73.968  -13.065 0.5000000000
116531  -27.839  -74.994  -14.282 0.5000000000
12606  -27.620  -75.663  -14.614 0.4000000060
13505  -28.792  -75.462  -9.250 0.5000000000
13518  -28.700  -74.913  -10.276 0.5000000000
14454  -29.267  -74.296  -10.271 0.5000000000
13559  -28.374  -75.354  -14.763 0.4000000060
12612  -30.150  -76.016  -15.288 0.4000000060
14455  -29.927  -74.009  -10.224 0.5000000000
11621  -28.119  -77.250  -15.278 0.4000000060
102654  -30.906  -76.931  -15.528 0.4000000060
14411  -29.616  -74.737  -8.662 0.5000000000
14412  -30.232  -74.412  -8.659 0.5000000000
14429  -29.742  -74.354  -9.412 0.5000000000
105315  -29.931  -77.052  -15.467 0.4000000060
13496  -29.972  -74.686  -8.034 0.6000000238
14396  -30.649  -74.447  -7.822 0.6000000238
106004  -31.396  -74.238  -7.936 0.5000000000
105601  -31.804  -74.074  -6.868 0.4000000060
15264  -32.631  -73.723  -6.890 0.4000000060
15275  -32.809  -73.770  -7.930 0.4000000060
109822  -31.218  -74.260  -5.161 0.6000000238
14382  -31.956  -73.897  -6.252 0.6000000238
15265  -33.396  -73.215  -6.336 0.5000000000
15266  -34.142  -72.723  -6.607 0.4000000060
15277  -34.434  -72.834  -7.288 0.4000000060
16231  -34.764  -72.293  -6.951 0.4000000060
109244  -21.299  -78.325  -3.108 0.6999999881
13470  -29.579  -75.404  -5.078 0.6000000238
14372  -32.087  -73.754  -5.630 0.5000000000
16219  -34.412  -71.986  -6.238 0.4000000060
10454  -25.467  -78.859  -3.310 0.6000000238
105386  -28.477  -76.168  -4.258 0.5000000000
13462  -30.142  -75.055  -4.586 0.5000000000
14358  -31.854  -73.864  -4.955 0.5000000000
15256  -32.610  -73.449  -5.236 0.5000000000
16218  -33.761  -72.554  -5.730 0.4000000060
17171  -34.543  -71.309  -6.503 0.4000000060
11469  -26.621  -77.877  -3.239 0.6000000238
14341  -30.676  -74.684  -4.054 0.5000000000
14369  -23.432  -74.104  -6.212 0.6999999881
102627  -22.959  -74.285  -5.308 0.6000000238
15253  -23.805  -73.824  -5.449 0.6999999881
14354  -22.545  -74.297  -4.643 0.6000000238
15244  -24.744  -73.264  -4.562 0.6000000238
14353  -21.713  -74.445  -4.284 0.6000000238
15243  -23.972  -73.600  -4.060 0.6000000238
15233  -24.602  -73.343  -3.789 0.6000000238
111740  -26.252  -72.388  -3.659 0.6000000238
16182  -26.921  -71.709  -3.366 0.6000000238
102111  -19.980  -74.544  -3.698 0.5000000000
14339  -22.764  -74.133  -3.144 0.6000000238
15232  -23.976  -73.699  -3.065 0.6000000238
114072  -24.974  -73.244  -3.241 0.6000000238
16168  -26.580  -72.331  -2.941 0.6000000238
13550  -27.822  -74.656  -13.933 0.5000000000
14337  -20.325  -74.560  -2.861 0.5000000000
101758  -21.094  -74.518  -2.765 0.5000000000
15222  -24.780  -73.616  -2.415 0.5000000000
16155  -26.354  -72.774  -2.097 0.5000000000
120874  -28.313  -74.874  -11.464 0.4000000060
14472  -28.973  -73.660  -12.013 0.5000000000
13555  -29.525  -74.301  -14.560 0.5000000000
13560  -29.304  -75.173  -14.881 0.4000000060
14323  -21.689  -74.535  -2.284 0.5000000000
14324  -22.409  -74.360  -2.568 0.5000000000
15211  -24.716  -74.005  -1.630 0.5000000000
15212  -25.450  -73.525  -1.813 0.5000000000
116407  -29.627  -73.502  -11.893 0.5000000000
13561  -30.312  -75.030  -15.048 0.4000000060
107584  -31.104  -74.883  -15.167 0.4000000060
13563  -32.651  -75.440  -15.486 0.4000000060
14321  -19.829  -74.674  -2.230 0.5000000000
14311  -22.474  -74.588  -1.789 0.5000000000
14312  -23.368  -74.508  -1.516 0.6000000238
15201  -25.186  -74.108  -0.995 0.6000000238
12613  -31.192  -75.777  -15.407 0.4000000060
13406  -21.675  -75.297  -0.965 0.6000000238
14297  -23.445  -74.915  -0.881 0.6000000238
14313  -24.204  -74.483  -1.127 0.6999999881
14430  -30.503  -74.185  -9.456 0.4000000060
14432  -31.947  -74.088  -9.096 0.5000000000
113734  -19.486  -77.110  -0.565 0.6000000238
14414  -32.027  -74.089  -8.375 0.5000000000
15288  -33.629  -73.496  -8.398 0.4000000060
10417  -21.178  -78.031  -1.084 0.6000000238
10428  -21.634  -78.342  -1.600 0.6000000238
9524  -22.923  -79.022  -1.970 0.6000000238
16245  -34.973  -72.582  -7.685 0.4000000060
10440  -24.484  -78.784  -2.176 0.6000000238
106847  -22.934  -79.204  -2.765 0.6999999881
11455  -27.062  -77.300  -2.705 0.6000000238
12479  -28.102  -76.369  -2.432 0.6000000238
12495  -28.403  -76.184  -3.397 0.5000000000
12496  -28.886  -75.839  -3.956 0.5000000000
107438  -24.256  -73.624  -6.158 0.6999999881
15245  -25.451  -72.694  -4.999 0.6999999881
16193  -26.198  -71.780  -4.596 0.6000000238
16181  -26.087  -72.230  -4.508 0.6000000238
17140  -26.803  -71.269  -3.573 0.6000000238
17130  -27.235  -71.312  -2.912 0.6000000238
17121  -27.347  -71.222  -1.845 0.6999999881
16169  -27.133  -71.959  -2.600 0.6000000238
15349  -29.842  -73.319  -12.631 0.5000000000
107716  -29.251  -73.338  -13.125 0.5000000000
14491  -28.238  -73.948  -13.630 0.5000000000
119100  -28.932  -73.751  -14.025 0.5000000000
16156  -27.000  -72.498  -1.466 0.6000000238
16157  -27.422  -71.832  -1.233 0.5000000000
15373  -29.479  -73.458  -13.697 0.5000000000
14506  -30.570  -74.333  -14.743 0.5000000000
14507  -31.524  -74.430  -14.978 0.4000000060
15202  -27.431  -73.653  -0.280 0.6000000238
112992  -26.769  -73.435  -0.706 0.6000000238
16145  -27.950  -72.123  -0.383 0.5000000000
15318  -30.206  -73.688  -11.035 0.5000000000
12440  -19.999  -76.531  -0.560 0.6000000238
115129  -20.375  -75.997  -0.621 0.4000000060
13405  -20.990  -75.704  -0.708 0.6000000238
107631  -24.140  -75.061  -0.672 0.6000000238
14299  -25.374  -74.701  -0.650 0.6000000238
108300  -28.035  -73.057  0.032 0.6000000238
115264  -31.638  -73.877  -10.279 0.4000000060
106735  -31.228  -73.707  -11.020 0.4000000060
11430  -20.999  -76.727  -0.488 0.5000000000
113286  -22.129  -76.956  -0.487 0.5000000000
112770  -22.804  -76.308  -0.553 0.6000000238
13408  -23.602  -75.716  -0.613 0.6999999881
13410  -25.675  -75.440  -0.589 0.6000000238
108830  -26.833  -74.861  -0.531 0.6000000238
107526  -26.751  -74.187  -0.458 0.6000000238
15302  -32.256  -73.908  -9.798 0.5000000000
112476  -20.699  -77.616  -0.753 0.6000000238
12441  -23.555  -76.731  -0.614 0.6000000238
12442  -24.376  -76.291  -0.626 0.6000000238
13412  -27.289  -75.399  -0.700 0.6000000238
116379  -28.424  -74.552  -0.296 0.6000000238
110502  -28.980  -74.140  0.034 0.6000000238
15287  -32.812  -73.818  -9.002 0.4000000060
112050  -22.963  -78.413  -1.246 0.5000000000
11433  -23.351  -77.623  -0.774 0.6000000238
12459  -25.746  -76.983  -0.967 0.6000000238
13429  -27.678  -76.009  -1.136 0.6000000238
102552  -28.260  -75.309  -0.781 0.6000000238
10418  -22.049  -78.235  -1.104 0.6000000238
10430  -23.730  -78.714  -1.721 0.6000000238
10419  -23.909  -78.104  -1.097 0.6000000238
107622  -26.121  -77.470  -1.600 0.6000000238
12460  -26.520  -76.803  -1.198 0.6000000238
11454  -26.416  -77.740  -2.362 0.6000000238
10442  -25.960  -78.312  -2.851 0.6000000238
13449  -29.212  -75.607  -3.215 0.5000000000
13450  -30.024  -75.135  -3.621 0.5000000000
15262  -24.944  -73.054  -6.565 0.6999999881
15255  -25.458  -72.510  -5.840 0.6999999881
16230  -24.464  -72.645  -8.144 0.6999999881
17170  -25.188  -71.911  -6.663 0.6999999881
15263  -25.351  -72.341  -6.464 0.6999999881
17152  -25.902  -71.598  -5.023 0.6999999881
18119  -26.609  -71.117  -3.785 0.6000000238
18097  -26.428  -70.633  -2.744 0.6000000238
18087  -26.361  -70.415  -1.709 0.5000000000
18098  -27.134  -70.890  -2.488 0.6999999881
18088  -27.101  -70.682  -1.408 0.5000000000
118175  -27.495  -70.811  -1.002 0.5000000000
18075  -28.010  -70.686  -0.691 0.5000000000
15361  -30.070  -73.319  -13.344 0.4000000060
15375  -31.568  -73.658  -14.261 0.5000000000
15376  -32.648  -73.679  -14.535 0.5000000000
14497  -32.069  -74.018  -14.791 0.5000000000
14498  -33.065  -74.029  -15.094 0.4000000060
15335  -30.558  -73.469  -11.876 0.4000000060
15363  -32.151  -73.455  -13.882 0.4000000060
16146  -28.588  -72.416  0.181 0.6000000238
15203  -28.865  -73.300  0.300 0.6000000238
16135  -29.241  -72.628  0.382 0.6000000238
120697  -29.665  -74.259  -0.263 0.6000000238
15191  -29.606  -73.065  0.378 0.6000000238
13430  -28.444  -75.947  -1.668 0.6000000238
108982  -29.011  -75.416  -1.310 0.6000000238
15192  -30.295  -73.203  0.204 0.6000000238
12478  -27.470  -76.798  -2.172 0.6000000238
14302  -30.101  -74.520  -0.881 0.5000000000
13442  -28.686  -75.964  -2.574 0.6000000238
13443  -29.208  -75.598  -2.129 0.5000000000
13444  -29.909  -75.140  -2.581 0.5000000000
17191  -24.291  -72.141  -8.619 0.6999999881
119295  -24.717  -71.780  -7.064 0.6999999881
18128  -24.746  -71.184  -5.474 0.6999999881
17162  -25.385  -71.571  -5.783 0.6999999881
18117  -25.020  -70.909  -4.644 0.6000000238
18118  -26.050  -71.082  -4.387 0.6999999881
18096  -25.430  -70.531  -2.993 0.4000000060
17190  -23.853  -71.680  -9.172 0.6999999881
17178  -23.974  -71.548  -7.551 0.6999999881
18127  -23.546  -70.996  -5.833 0.6000000238
18116  -23.819  -70.787  -4.846 0.6000000238
18171  -23.372  -71.389  -10.711 0.6999999881
18160  -23.240  -70.931  -9.647 0.6999999881
18074  -26.530  -69.935  -0.893 0.5000000000
105553  -22.961  -70.562  -10.346 0.6999999881
19025  -27.585  -69.418  -0.599 0.5000000000
105223  -22.485  -70.085  -10.420 0.6000000238
19124  -22.850  -68.286  -10.214 0.6000000238
19123  -22.090  -68.895  -10.208 0.6000000238
21061  -20.868  -67.353  -9.287 0.5000000000
22062  -21.245  -66.502  -9.076 0.5000000000
15364  -33.224  -73.395  -13.972 0.4000000060
15377  -33.674  -73.662  -14.797 0.4000000060
112331  -30.975  -73.312  -0.411 0.6000000238
110251  -23.928  -70.285  -3.004 0.5000000000
108139  -24.601  -70.471  -3.237 0.5000000000
18147  -22.967  -70.894  -7.948 0.6000000238
18139  -23.184  -71.065  -6.864 0.6000000238
18106  -23.077  -70.279  -4.173 0.6000000238
19061  -23.310  -70.006  -3.252 0.6000000238
19037  -24.284  -69.880  -1.873 0.5000000000
18086  -25.248  -70.276  -1.951 0.5000000000
18073  -25.531  -69.799  -1.062 0.5000000000
102757  -22.944  -70.598  -8.955 0.6999999881
18138  -22.494  -70.363  -7.229 0.6000000238
18126  -22.585  -70.485  -6.188 0.6000000238
19068  -22.432  -69.693  -4.511 0.6000000238
101736  -22.322  -68.980  -4.005 0.6000000238
19988  -26.470  -68.484  -0.416 0.5000000000
18159  -22.779  -69.731  -9.750 0.6999999881
18146  -22.650  -69.870  -8.560 0.6000000238
102144  -22.365  -68.946  -6.696 0.6000000238
20056  -22.438  -68.378  -5.807 0.6000000238
100945  -22.394  -68.225  -4.090 0.6000000238
19108  -23.055  -68.454  -10.017 0.6000000238
102436  -23.014  -68.637  -8.677 0.6000000238
20062  -22.867  -68.458  -7.726 0.6000000238
21033  -22.969  -67.521  -5.927 0.6000000238
107538  -23.515  -66.990  -9.407 0.6000000238
21052  -23.462  -67.510  -8.619 0.6000000238
21042  -23.066  -67.741  -7.041 0.6000000238
21070  -22.765  -67.495  -10.159 0.5000000000
21062  -22.203  -67.037  -9.794 0.5000000000
21063  -23.225  -67.123  -9.877 0.5000000000
21053  -23.746  -66.629  -8.964 0.6000000238
21034  -23.687  -66.821  -6.679 0.6000000238
15365  -34.268  -73.410  -14.343 0.4000000060
21051  -19.941  -66.748  -8.505 0.5000000000
22063  -22.653  -66.372  -9.455 0.5000000000
22054  -24.011  -65.941  -8.780 0.6000000238
22042  -24.204  -65.879  -7.662 0.6000000238
22052  -20.394  -65.995  -8.344 0.5000000000
22053  -21.721  -65.744  -8.872 0.5000000000
23037  -23.040  -65.621  -9.103 0.4000000060
23038  -23.744  -65.527  -8.983 0.5000000000
23028  -24.109  -64.966  -8.552 0.6000000238
19051  -23.618  -69.765  -2.356 0.6000000238
19021  -24.006  -68.992  -0.793 0.5000000000
19022  -24.862  -69.108  -0.596 0.5000000000
19036  -23.130  -69.073  -1.898 0.6000000238
20006  -23.375  -68.706  -1.193 0.5000000000
19023  -25.858  -69.075  -0.470 0.5000000000
20993  -22.531  -67.984  -2.373 0.6999999881
20972  -22.709  -67.542  -1.591 0.6999999881
114385  -22.555  -67.853  -5.018 0.6000000238
21017  -22.513  -67.546  -3.361 0.6999999881
22031  -23.234  -66.931  -5.312 0.6000000238
22021  -22.979  -66.777  -4.162 0.6999999881
22022  -23.652  -66.066  -4.958 0.6000000238
22002  -23.205  -66.054  -3.844 0.6999999881
22032  -24.109  -65.996  -6.277 0.6000000238
22040  -19.168  -66.238  -6.879 0.5000000000
23025  -20.940  -65.279  -8.128 0.5000000000
23027  -23.377  -64.929  -8.797 0.4000000060
22999  -24.333  -65.136  -5.833 0.6000000238
23011  -20.397  -65.077  -7.155 0.5000000000
23964  -22.761  -64.482  -8.446 0.4000000060
23965  -23.602  -64.326  -8.356 0.5000000000
19987  -25.146  -68.557  -0.252 0.5000000000
19986  -24.363  -68.330  -0.307 0.5000000000
20005  -22.858  -68.349  -1.670 0.6000000238
20955  -23.628  -67.556  -0.366 0.5000000000
20944  -24.757  -66.819  0.271 0.5000000000
102877  -22.560  -67.114  -2.349 0.6999999881
21978  -22.649  -66.276  -2.314 0.6999999881
22961  -22.865  -65.983  -3.018 0.6000000238
22987  -23.733  -65.302  -4.491 0.6999999881
22962  -23.219  -65.405  -3.404 0.6000000238
23013  -24.472  -64.842  -7.358 0.6000000238
23938  -24.348  -64.306  -5.197 0.6000000238
23954  -20.907  -64.427  -6.745 0.5000000000
23955  -22.755  -63.962  -8.024 0.4000000060
23957  -24.381  -63.895  -7.593 0.6000000238
23946  -21.454  -63.692  -6.364 0.4000000060
24862  -22.705  -63.414  -7.410 0.4000000060
24863  -23.697  -62.970  -7.306 0.5000000000
23956  -23.811  -63.661  -7.847 0.5000000000
20954  -22.972  -67.134  -0.904 0.6000000238
21952  -23.955  -66.696  0.112 0.5000000000
21950  -22.945  -66.281  -0.831 0.6000000238
21939  -23.444  -66.066  -0.222 0.5000000000
22912  -22.767  -65.726  -1.568 0.6000000238
118132  -22.883  -65.035  -2.048 0.6000000238
113884  -23.292  -64.437  -1.031 0.5000000000
23911  -23.202  -64.297  -2.053 0.6000000238
23921  -23.915  -64.024  -4.046 0.6999999881
103838  -23.523  -64.023  -3.086 0.5000000000
23947  -24.665  -64.077  -6.709 0.6000000238
103185  -24.752  -63.344  -6.300 0.5000000000
24853  -24.586  -62.677  -6.637 0.5000000000
27553  -16.090  -59.415  -1.387 0.4000000060
28535  -16.454  -58.467  -1.265 0.3000000119
28536  -17.374  -58.457  -1.845 0.4000000060
105588  -24.633  -64.647  0.406 0.5000000000
27567  -17.772  -60.363  -2.370 0.3000000119
28555  -18.139  -59.536  -2.314 0.4000000060
24793  -23.732  -63.857  -0.540 0.5000000000
23870  -24.109  -64.172  0.103 0.5000000000
26713  -19.145  -61.421  -3.085 0.3000000119
110296  -19.304  -59.695  -2.616 0.4000000060
24802  -23.577  -63.593  -1.502 0.5000000000
26722  -19.746  -61.467  -3.638 0.3000000119
24824  -24.040  -63.276  -3.847 0.6000000238
24839  -24.537  -63.352  -5.110 0.6999999881
25791  -24.279  -62.697  -6.948 0.5000000000
120534  -24.800  -62.728  -6.011 0.5000000000
24840  -24.795  -62.142  -6.151 0.4000000060
25758  -24.755  -62.361  -5.015 0.4000000060
29480  -15.740  -58.028  0.628 0.3000000119
29517  -15.949  -57.715  -0.321 0.3000000119
30474  -16.998  -56.708  -0.674 0.3000000119
29519  -17.564  -57.443  -1.530 0.3000000119
29533  -18.395  -58.509  -2.158 0.4000000060
24794  -24.217  -63.473  -0.123 0.5000000000
27583  -19.587  -60.783  -3.158 0.4000000060
29534  -19.474  -58.483  -2.325 0.4000000060
108059  -20.173  -60.212  -3.329 0.4000000060
28556  -20.291  -59.282  -2.856 0.4000000060
25737  -23.967  -62.728  -2.092 0.5000000000
24803  -24.072  -62.944  -0.891 0.5000000000
118385  -20.676  -60.438  -3.918 0.4000000060
25752  -24.220  -62.571  -3.376 0.5000000000
25753  -24.563  -61.984  -2.779 0.5000000000
26749  -22.701  -61.628  -5.987 0.3000000119
26751  -24.234  -61.242  -6.282 0.4000000060
25767  -24.999  -61.704  -5.717 0.4000000060
25759  -24.878  -61.817  -4.046 0.4000000060
28510  -16.600  -58.545  0.915 0.3000000119
30460  -16.425  -57.056  -0.203 0.3000000119
30475  -17.772  -56.481  -1.138 0.4000000060
29520  -18.523  -57.403  -1.896 0.4000000060
23854  -26.823  -64.226  0.560 0.4000000060
30488  -19.566  -57.395  -2.083 0.4000000060
24776  -27.340  -63.567  0.774 0.4000000060
29535  -20.457  -58.280  -2.515 0.4000000060
25717  -25.385  -62.788  0.330 0.4000000060
29546  -21.168  -58.846  -3.220 0.4000000060
25738  -24.470  -62.127  -1.607 0.5000000000
28573  -20.921  -59.724  -3.652 0.4000000060
27599  -21.837  -60.682  -4.998 0.3000000119
27619  -24.707  -60.722  -6.059 0.3000000119
118933  -16.258  -57.613  0.508 0.3000000119
31360  -17.130  -56.535  0.139 0.3000000119
31389  -17.518  -56.159  -0.276 0.3000000119
31390  -18.245  -55.805  -0.762 0.4000000060
30476  -18.696  -56.446  -1.507 0.4000000060
31393  -20.919  -55.344  -2.137 0.3000000119
30477  -19.636  -56.367  -1.791 0.4000000060
23857  -29.330  -64.239  0.623 0.4000000060
114059  -30.110  -64.328  0.563 0.4000000060
30489  -20.569  -57.297  -2.280 0.4000000060
111271  -26.568  -63.505  0.696 0.4000000060
25729  -24.641  -62.831  -0.088 0.4000000060
25730  -25.207  -62.070  -0.256 0.4000000060
27585  -21.375  -60.155  -4.371 0.3000000119
28574  -21.904  -59.204  -4.208 0.3000000119
104323  -23.443  -59.816  -5.543 0.3000000119
102748  -25.142  -61.616  -5.061 0.4000000060
29481  -18.290  -57.624  0.641 0.3000000119
31376  -18.385  -55.655  -0.257 0.4000000060
31391  -18.950  -55.212  -0.685 0.4000000060
31392  -19.704  -55.262  -1.450 0.4000000060
23874  -32.052  -64.631  -0.113 0.4000000060
31406  -21.622  -56.179  -2.683 0.4000000060
24778  -29.054  -63.427  1.022 0.4000000060
29536  -21.343  -57.962  -2.813 0.4000000060
25718  -26.211  -62.763  0.595 0.4000000060
25720  -28.371  -62.794  0.960 0.4000000060
29547  -21.997  -58.316  -3.629 0.3000000119
121620  -26.668  -62.079  0.464 0.4000000060
28575  -22.796  -58.426  -4.419 0.3000000119
25739  -25.127  -61.641  -1.180 0.5000000000
28590  -23.039  -59.142  -4.986 0.3000000119
26702  -25.885  -61.095  -1.887 0.5000000000
27602  -25.395  -60.328  -5.221 0.3000000119
26714  -25.298  -61.354  -3.412 0.4000000060
26752  -24.777  -61.487  -6.121 0.4000000060
119272  -18.465  -56.816  0.549 0.3000000119
32331  -21.431  -54.518  -2.381 0.3000000119
105622  -21.861  -55.371  -2.766 0.3000000119
23859  -31.926  -64.251  0.601 0.4000000060
30491  -22.181  -56.774  -3.128 0.3000000119
104871  -30.001  -63.757  1.025 0.4000000060
23858  -30.959  -64.046  0.874 0.3000000119
108747  -27.815  -62.417  0.761 0.4000000060
24779  -30.585  -63.326  1.207 0.4000000060
29548  -23.487  -57.729  -4.477 0.3000000119
29549  -24.197  -57.898  -4.751 0.3000000119
26692  -26.047  -61.307  -0.763 0.4000000060
28591  -24.102  -59.190  -5.469 0.3000000119
27603  -25.423  -59.734  -4.982 0.3000000119
27586  -25.841  -60.298  -4.353 0.3000000119
26716  -26.463  -60.528  -2.519 0.3000000119
119864  -22.844  -54.064  -3.081 0.3000000119
31407  -22.649  -55.932  -3.347 0.3000000119
104221  -29.143  -62.329  0.889 0.4000000060
114525  -30.728  -62.683  1.245 0.4000000060
111003  -24.368  -57.512  -4.436 0.3000000119
26684  -27.456  -61.721  0.408 0.4000000060
29562  -24.530  -58.700  -5.126 0.3000000119
28576  -25.126  -59.022  -4.973 0.3000000119
26703  -26.608  -60.744  -1.697 0.3000000119
27569  -26.202  -60.433  -3.376 0.3000000119
30492  -24.478  -56.752  -3.617 0.3000000119
29550  -24.693  -58.222  -4.690 0.3000000119
113844  -29.193  -61.491  0.542 0.3000000119
26686  -29.827  -61.713  0.808 0.3000000119
29551  -25.233  -58.632  -4.339 0.3000000119
106256  -27.485  -61.033  -0.272 0.3000000119
28557  -26.217  -59.926  -3.637 0.3000000119
27554  -27.065  -60.280  -2.038 0.3000000119
31409  -24.772  -56.661  -2.612 0.3000000119
31395  -25.148  -56.512  -1.525 0.3000000119
117248  -25.318  -58.340  -3.577 0.3000000119
26695  -28.880  -60.903  0.118 0.3000000119
30478  -25.410  -57.518  -1.966 0.3000000119
30462  -25.857  -57.208  -0.993 0.3000000119
26737  -25.194  -61.028  -5.622 0.4000000060
27618  -23.865  -60.485  -6.033 0.3000000119
28592  -24.968  -59.543  -5.491 0.3000000119
8773  -23.929  -81.087  -9.275 0.6000000238
7920  -25.092  -82.140  -7.723 0.5000000000
7106  -23.872  -82.420  -6.263 0.5000000000
7126  -24.691  -82.272  -6.788 0.5000000000
112548  -27.931  -82.993  -8.083 0.5000000000
8794  -23.164  -80.652  -10.455 0.6999999881
8807  -24.342  -80.574  -11.655 0.6999999881
101045  -21.670  -80.224  -11.569 0.6999999881
120868  -22.380  -80.763  -9.626 0.6999999881
118101  -27.035  -82.665  -7.153 0.4000000060
7159  -26.812  -82.192  -10.032 0.5000000000
7219  -27.166  -82.346  -13.077 0.3000000119
116304  -23.509  -78.746  -14.894 0.6000000238
9660  -22.412  -79.366  -14.094 0.6000000238
10624  -23.825  -78.320  -15.037 0.5000000000
115401  -21.547  -77.438  -11.649 0.6000000238
115678  -20.797  -79.544  -12.788 0.6999999881
5721  -36.057  -84.545  -11.906 0.3000000119
9649  -19.343  -78.942  -12.854 0.6000000238
7972  -25.272  -81.237  -10.361 0.5000000000
7956  -26.210  -82.023  -9.301 0.6000000238
9643  -18.915  -79.445  -11.506 0.6000000238
108516  -20.547  -80.499  -10.071 0.6999999881
10574  -17.427  -78.470  -10.075 0.5000000000
8769  -18.983  -80.538  -9.689 0.5000000000
100733  -31.735  -82.218  -12.109 0.3000000119
104592  -18.632  -77.502  -8.397 0.6000000238
7987  -25.223  -80.843  -11.894 0.5000000000
8768  -17.312  -80.472  -10.164 0.5000000000
115475  -25.888  -77.901  -15.078 0.4000000060
10495  -23.064  -78.623  -5.640 0.6999999881
9577  -25.449  -79.220  -5.722 0.6000000238
10474  -26.226  -78.645  -4.398 0.6000000238
10567  -27.656  -77.921  -8.915 0.6000000238
14453  -28.828  -74.173  -11.226 0.5000000000
12610  -28.250  -76.292  -15.107 0.4000000060
13494  -28.875  -75.784  -8.413 0.6000000238
107829  -29.177  -75.161  -8.686 0.5000000000
14398  -31.991  -74.062  -7.543 0.4000000060
9537  -22.100  -78.730  -2.308 0.6000000238
9538  -23.703  -79.175  -2.467 0.6999999881
106267  -22.576  -74.164  -3.916 0.6000000238
14485  -28.633  -73.587  -12.907 0.4000000060
15319  -30.805  -73.922  -10.243 0.4000000060
101603  -34.365  -73.116  -8.001 0.4000000060
14356  -30.726  -74.603  -4.935 0.4000000060
10439  -21.067  -78.200  -2.272 0.6000000238
113625  -24.119  -73.606  -4.840 0.6000000238
14325  -23.186  -74.191  -2.446 0.6000000238
14496  -31.010  -73.934  -14.492 0.5000000000
101079  -21.586  -74.827  -1.543 0.5000000000
16144  -27.438  -72.754  -0.589 0.6000000238
111138  -20.858  -75.088  -1.234 0.4000000060
11453  -25.718  -78.094  -2.068 0.5000000000
15320  -32.397  -73.759  -10.843 0.5000000000
12444  -26.103  -76.192  -0.763 0.6000000238
11434  -24.585  -77.756  -1.082 0.5000000000
18169  -21.552  -69.917  -10.450 0.6000000238
19060  -22.681  -69.523  -3.606 0.5000000000
103891  -22.242  -69.875  -6.611 0.6000000238
101772  -22.217  -69.611  -5.625 0.6000000238
20025  -22.720  -68.681  -2.330 0.6000000238
20069  -23.282  -67.802  -9.623 0.6000000238
22041  -19.866  -65.743  -7.470 0.5000000000
19985  -23.645  -68.342  -0.673 0.5000000000
111279  -23.629  -64.712  -3.867 0.6000000238
23012  -21.611  -64.503  -7.889 0.5000000000
28554  -17.117  -59.396  -2.018 0.3000000119
22897  -23.166  -65.358  -0.707 0.5000000000
25778  -23.420  -62.258  -6.640 0.3000000119
118285  -26.160  -64.137  0.601 0.4000000060
24775  -25.743  -63.532  0.569 0.4000000060
25779  -24.402  -62.044  -6.522 0.4000000060
26750  -23.269  -61.066  -6.063 0.3000000119
26701  -25.142  -61.491  -2.270 0.5000000000
24777  -28.107  -63.558  0.864 0.4000000060
30444  -17.646  -56.711  0.429 0.3000000119
26683  -26.741  -61.388  -0.055 0.4000000060
26725  -25.801  -60.813  -3.778 0.3000000119
30505  -22.991  -56.964  -3.882 0.3000000119
26715  -25.832  -60.922  -2.903 0.4000000060
30445  -19.270  -56.470  0.492 0.3000000119
30506  -23.948  -57.026  -4.315 0.3000000119
103899  -25.033  -57.616  -3.060 0.3000000119
7139  -14.400  -81.487  -9.023 0.5000000000
7155  -14.467  -81.201  -10.047 0.5000000000
7951  -14.701  -80.460  -10.078 0.5000000000
7952  -15.881  -80.470  -10.379 0.4000000060
104483  -15.000  -82.631  -8.420 0.5000000000
7122  -15.212  -81.836  -7.893 0.5000000000
7950  -14.457  -80.503  -9.381 0.5000000000
103896  -14.823  -79.657  -9.695 0.5000000000
6406  -15.803  -82.873  -7.425 0.4000000060
8742  -14.597  -79.960  -8.743 0.5000000000
8767  -15.857  -79.355  -10.242 0.4000000060
7102  -16.200  -82.079  -7.002 0.5000000000
7915  -15.540  -81.067  -7.432 0.5000000000
7931  -14.698  -80.789  -8.353 0.5000000000
7897  -16.424  -81.253  -6.762 0.5000000000
7932  -15.017  -80.066  -7.801 0.5000000000
113695  -15.608  -79.451  -7.468 0.5000000000
9620  -15.966  -78.306  -8.929 0.4000000060
118628  -16.701  -81.853  -6.544 0.5000000000
8734  -16.383  -79.379  -6.747 0.5000000000
9603  -16.140  -78.608  -7.675 0.5000000000
10537  -16.777  -77.931  -8.315 0.5000000000
7084  -18.598  -82.429  -4.070 0.5000000000
7898  -17.171  -81.583  -6.141 0.5000000000
7885  -17.897  -81.672  -5.374 0.5000000000
8725  -16.810  -80.501  -6.416 0.5000000000
8711  -17.662  -80.736  -5.819 0.5000000000
8726  -17.262  -79.681  -6.072 0.5000000000
120547  -16.660  -78.699  -6.978 0.5000000000
7874  -18.508  -81.710  -4.646 0.5000000000
7875  -19.018  -81.656  -3.934 0.5000000000
104178  -19.503  -80.619  -2.998 0.5000000000
8699  -18.348  -80.881  -5.151 0.5000000000
9558  -19.005  -79.745  -4.209 0.5000000000
119080  -19.364  -79.914  -3.481 0.5000000000
9572  -17.852  -79.009  -5.810 0.5000000000
9573  -18.492  -79.108  -4.953 0.5000000000
10491  -18.908  -78.402  -4.804 0.5000000000
10511  -17.816  -78.303  -6.333 0.5000000000
10490  -18.410  -78.413  -5.547 0.5000000000
9586  -17.125  -78.818  -6.464 0.5000000000
9604  -17.109  -78.142  -7.174 0.5000000000
10538  -17.737  -77.618  -7.979 0.5000000000
9523  -19.800  -78.390  -1.633 0.5000000000
9536  -20.168  -78.211  -2.203 0.6000000238
101549  -19.515  -79.539  -2.852 0.5000000000
119686  -18.949  -78.786  -4.313 0.5000000000
10452  -20.275  -78.033  -3.395 0.5000000000
107587  -19.967  -77.906  -5.558 0.5000000000
10493  -20.763  -78.104  -5.037 0.5000000000
10512  -18.583  -77.869  -6.249 0.5000000000
10513  -19.598  -77.790  -6.315 0.5000000000
100797  -17.973  -77.776  -6.926 0.5000000000
110915  -19.006  -77.756  -0.647 0.5000000000
10416  -20.163  -78.062  -1.101 0.5000000000
101876  -20.043  -74.252  -6.958 0.5000000000
107019  -20.692  -74.362  -6.314 0.6000000238
14392  -20.317  -74.269  -7.771 0.5000000000
101875  -20.962  -74.226  -7.113 0.5000000000
108275  -21.675  -74.357  -6.499 0.6000000238
103764  -21.997  -74.316  -7.295 0.6000000238
14393  -21.304  -74.275  -7.930 0.5000000000
14394  -22.413  -74.267  -8.103 0.6000000238
14409  -22.879  -74.181  -8.905 0.5000000000
14379  -23.481  -74.088  -7.019 0.6000000238
15273  -23.859  -73.772  -7.743 0.6000000238
15301  -23.700  -73.472  -9.490 0.5000000000
112219  -24.235  -73.281  -8.222 0.6000000238
16217  -24.917  -72.491  -7.150 0.6000000238
112745  -23.712  -73.043  -10.150 0.5000000000
15286  -24.200  -73.076  -9.021 0.5000000000
17211  -23.231  -71.589  -11.204 0.5000000000
18182  -22.899  -70.923  -10.859 0.6000000238
18180  -20.898  -70.546  -10.828 0.6000000238
17200  -23.762  -71.924  -10.362 0.6000000238
17201  -24.009  -72.043  -9.544 0.5000000000
18181  -22.109  -70.609  -10.954 0.5000000000
113431  -20.848  -69.380  -10.020 0.6000000238
20090  -21.427  -68.076  -9.855 0.6000000238
7991  -31.170  -81.189  -11.358 0.3000000119
117684  -30.470  -79.744  -11.040 0.3000000119
8808  -29.750  -80.767  -11.915 0.3000000119
10601  -30.744  -78.091  -11.811 0.3000000119
8815  -29.548  -81.192  -12.515 0.3000000119
7990  -30.265  -81.389  -11.750 0.3000000119
103900  -30.800  -82.008  -12.012 0.3000000119
9635  -15.447  -78.834  -9.515 0.4000000060
107211  -19.110  -77.977  -5.479 0.5000000000
10471  -19.997  -78.002  -4.108 0.5000000000
14366  -20.535  -74.440  -5.475 0.5000000000
8743  -15.158  -79.125  -8.510 0.5000000000
6375  -18.060  -82.482  -4.820 0.5000000000
7075  -18.970  -82.283  -3.321 0.5000000000
8688  -19.287  -80.780  -3.740 0.5000000000
8713  -18.579  -80.101  -4.848 0.5000000000
9662  -29.755  -79.924  -12.605 0.3000000119
9652  -29.919  -79.822  -11.788 0.3000000119
8797  -30.358  -80.484  -11.349 0.3000000119
10600  -30.050  -78.971  -12.307 0.3000000119
25722  -30.524  -61.949  1.092 0.3000000119
5639  -23.759  -84.238  -5.756 0.6000000238
5655  -23.355  -84.774  -6.291 0.5000000000
6376  -23.627  -83.457  -5.857 0.6000000238
6474  -36.079  -83.825  -12.271 0.3000000119
7092  -24.283  -82.990  -5.763 0.5000000000
7093  -25.172  -82.903  -5.696 0.5000000000
7123  -19.893  -82.237  -7.896 0.5000000000
7218  -27.036  -82.286  -12.257 0.5000000000
7857  -19.321  -81.512  -3.174 0.5000000000
7917  -22.623  -81.667  -7.176 0.6000000238
7918  -23.455  -81.682  -7.407 0.5000000000
7919  -24.284  -81.873  -7.565 0.5000000000
7921  -25.770  -82.393  -7.922 0.5000000000
7938  -24.707  -81.438  -8.964 0.6000000238
7988  -26.530  -81.842  -11.816 0.5000000000
8017  -28.697  -82.023  -14.688 0.3000000119
8700  -18.892  -80.869  -4.470 0.5000000000
8712  -18.073  -79.916  -5.475 0.5000000000
8724  -15.855  -80.268  -7.004 0.5000000000
8746  -21.370  -80.973  -8.602 0.6999999881
8770  -19.993  -80.697  -9.367 0.6999999881
8789  -17.502  -79.617  -10.423 0.5000000000
8791  -20.043  -79.951  -11.164 0.6000000238
8814  -25.304  -80.740  -12.911 0.4000000060
8833  -29.762  -81.538  -15.107 0.3000000119
9512  -19.478  -78.529  -1.198 0.5000000000
9539  -24.619  -79.208  -3.034 0.6999999881
9546  -19.255  -78.861  -3.603 0.5000000000
9548  -22.291  -78.895  -3.119 0.6999999881
9549  -23.727  -79.400  -3.319 0.6999999881
9576  -24.653  -79.266  -5.455 0.6000000238
9636  -16.158  -78.490  -9.861 0.4000000060
9651  -29.663  -80.413  -12.234 0.3000000119
9658  -20.521  -79.067  -13.757 0.6999999881
9667  -20.284  -78.927  -13.708 0.6999999881
9669  -22.795  -79.004  -14.649 0.6000000238
10415  -19.369  -78.280  -0.879 0.5000000000
10427  -20.693  -78.158  -1.640 0.6000000238
10429  -22.354  -78.622  -1.622 0.6000000238
10431  -24.523  -78.290  -1.523 0.6000000238
10432  -25.070  -78.349  -1.906 0.5000000000
10441  -25.235  -78.633  -2.542 0.6000000238
10470  -19.296  -78.323  -4.152 0.5000000000
10473  -25.665  -79.007  -4.061 0.5000000000
10492  -19.586  -78.036  -4.796 0.5000000000
10494  -21.871  -78.422  -4.751 0.6999999881
10496  -24.021  -78.837  -5.966 0.6999999881
10497  -26.597  -78.453  -5.140 0.6000000238
10517  -26.492  -78.753  -6.500 0.6000000238
10559  -17.807  -77.704  -9.239 0.6000000238
10564  -24.469  -78.289  -8.837 0.6000000238
10576  -22.048  -77.810  -9.048 0.6999999881
10581  -27.137  -78.180  -9.611 0.6000000238
10593  -26.632  -78.139  -10.110 0.6000000238
10606  -19.762  -78.885  -13.350 0.6000000238
10623  -23.097  -78.409  -14.832 0.5000000000
10631  -27.388  -78.321  -15.236 0.4000000060
11429  -19.831  -77.673  -0.767 0.6000000238
11431  -21.605  -77.635  -0.697 0.6000000238
11432  -22.506  -77.742  -0.730 0.5000000000
11435  -24.927  -77.081  -0.871 0.6000000238
11442  -25.280  -77.771  -1.375 0.5000000000
11443  -26.845  -77.179  -1.862 0.6000000238
11487  -27.643  -76.978  -5.037 0.5000000000
11532  -28.201  -77.216  -8.548 0.6000000238
11550  -19.180  -78.281  -11.192 0.6000000238
11551  -21.165  -77.584  -10.904 0.6000000238
11567  -23.161  -77.212  -12.376 0.5000000000
11598  -20.620  -78.486  -13.697 0.6000000238
11602  -24.922  -77.196  -14.528 0.5000000000
11613  -24.309  -77.746  -14.892 0.5000000000
11616  -26.668  -76.827  -14.848 0.4000000060
11622  -28.998  -77.175  -15.390 0.4000000060
12439  -19.200  -76.392  -0.621 0.6000000238
12443  -25.275  -76.232  -0.678 0.6000000238
12445  -26.896  -76.117  -0.919 0.6000000238
12461  -27.216  -76.580  -1.462 0.6000000238
12462  -27.800  -76.379  -1.725 0.6000000238
12494  -27.671  -76.745  -3.097 0.6000000238
12506  -27.837  -76.666  -4.152 0.6000000238
12527  -28.565  -76.433  -6.556 0.6000000238
12528  -29.074  -75.853  -6.291 0.6000000238
12535  -29.040  -75.927  -7.102 0.6000000238
12542  -28.560  -76.552  -8.118 0.6000000238
12543  -28.892  -76.016  -7.756 0.6000000238
12605  -26.976  -76.149  -14.518 0.4000000060
12611  -29.163  -76.169  -15.206 0.4000000060
13404  -19.689  -75.864  -0.745 0.4000000060
13407  -22.639  -75.391  -0.805 0.6000000238
13409  -24.806  -75.399  -0.593 0.6000000238
13411  -26.475  -75.463  -0.640 0.6000000238
13431  -29.716  -75.079  -1.541 0.6000000238
13461  -29.472  -75.479  -4.195 0.5000000000
13478  -29.610  -75.361  -5.948 0.6000000238
13506  -29.200  -74.751  -9.390 0.5000000000
13549  -27.433  -75.429  -14.175 0.4000000060
13554  -28.422  -74.439  -14.307 0.5000000000
13562  -31.831  -75.095  -15.353 0.4000000060
14295  -22.220  -74.954  -1.207 0.5000000000
14296  -22.836  -74.846  -1.180 0.6000000238
14298  -24.702  -74.702  -0.743 0.6999999881
14300  -27.571  -74.552  -0.366 0.6000000238
14301  -28.182  -73.892  0.038 0.6000000238
14310  -20.056  -74.967  -1.554 0.4000000060
14322  -20.748  -74.641  -2.014 0.5000000000
14326  -24.023  -74.082  -1.999 0.6000000238
14336  -19.502  -74.628  -2.985 0.5000000000
14338  -21.890  -74.393  -3.219 0.6000000238
14340  -23.284  -73.863  -3.630 0.6000000238
14355  -23.298  -73.935  -4.557 0.6000000238
14368  -22.418  -74.392  -5.906 0.6000000238
14370  -30.878  -74.432  -5.671 0.6000000238
14371  -31.501  -74.076  -5.691 0.6000000238
14391  -19.472  -74.312  -7.582 0.5000000000
14395  -23.359  -74.039  -8.343 0.5000000000
14410  -23.506  -73.859  -9.036 0.5000000000
14413  -31.151  -74.245  -8.703 0.6000000238
14428  -23.208  -73.960  -9.656 0.5000000000
14431  -31.390  -74.066  -9.586 0.4000000060
14471  -28.461  -74.021  -12.263 0.5000000000
14473  -29.405  -73.821  -11.105 0.5000000000
14495  -29.922  -73.781  -14.255 0.5000000000
15204  -29.629  -73.691  0.176 0.6000000238
15205  -30.297  -73.902  -0.289 0.6000000238
15213  -26.098  -73.400  -1.162 0.6000000238
15223  -25.668  -72.938  -2.773 0.5000000000
15234  -25.425  -72.884  -4.064 0.6000000238
15254  -24.782  -73.276  -5.535 0.6999999881
15261  -24.142  -73.690  -6.894 0.6000000238
15274  -24.521  -73.182  -7.481 0.6000000238
15276  -33.684  -73.328  -7.331 0.4000000060
15285  -23.851  -73.606  -8.672 0.6000000238
15300  -23.360  -73.578  -10.359 0.5000000000
15348  -29.206  -73.419  -12.572 0.5000000000
15362  -31.100  -73.428  -13.618 0.4000000060
15374  -30.445  -73.518  -13.981 0.5000000000
16136  -30.014  -72.370  0.427 0.6000000238
16137  -30.950  -72.541  0.130 0.6000000238
16170  -27.294  -71.653  -2.172 0.6000000238
16192  -25.939  -72.093  -5.227 0.6000000238
16206  -25.674  -71.956  -5.895 0.6999999881
16220  -34.856  -71.723  -6.815 0.4000000060
16244  -24.237  -72.476  -9.016 0.5000000000
16261  -23.924  -72.555  -9.762 0.5000000000
17100  -29.198  -71.867  0.312 0.6000000238
17110  -27.716  -71.325  -0.812 0.5000000000
17111  -28.444  -71.418  -0.183 0.5000000000
17153  -26.368  -71.398  -4.154 0.6000000238
17161  -24.515  -71.473  -6.479 0.6999999881
17179  -24.644  -72.052  -7.618 0.6999999881
17210  -22.515  -71.351  -11.386 0.6000000238
17212  -23.594  -71.859  -10.915 0.5000000000
18085  -24.456  -70.257  -2.524 0.5000000000
18107  -25.346  -70.697  -3.870 0.6999999881
18108  -26.363  -70.822  -3.650 0.6000000238
18109  -27.025  -70.974  -3.376 0.6000000238
18115  -22.806  -70.447  -5.155 0.6000000238
18129  -25.528  -71.294  -5.087 0.6999999881
18141  -34.588  -70.675  -6.967 0.4000000060
18170  -22.657  -69.266  -10.080 0.6000000238
19024  -26.862  -69.284  -0.594 0.5000000000
19038  -24.567  -69.596  -1.242 0.5000000000
19050  -22.899  -69.320  -2.722 0.6000000238
19082  -22.486  -69.451  -7.546 0.6000000238
19092  -23.058  -68.792  -9.509 0.6000000238
20050  -22.250  -68.800  -4.795 0.6000000238
20081  -23.113  -67.777  -10.182 0.5000000000
20091  -22.551  -67.945  -10.229 0.5000000000
20956  -24.497  -67.485  0.072 0.5000000000
20973  -23.092  -67.973  -0.977 0.6000000238
21027  -22.686  -67.456  -4.371 0.6000000238
21043  -23.886  -66.732  -8.036 0.6000000238
21064  -23.576  -66.323  -9.290 0.5000000000
21069  -22.005  -67.551  -10.005 0.5000000000
21940  -24.580  -66.124  0.354 0.5000000000
21951  -23.352  -66.745  -0.422 0.6000000238
21963  -22.684  -66.676  -1.542 0.6000000238
22001  -22.722  -66.630  -3.156 0.6999999881
22883  -23.671  -65.372  0.006 0.5000000000
22884  -24.319  -65.397  0.333 0.5000000000
22936  -22.845  -65.527  -2.500 0.6000000238
22937  -23.186  -64.765  -2.868 0.6000000238
23026  -22.245  -65.017  -8.666 0.4000000060
23852  -24.011  -64.838  0.192 0.5000000000
23853  -25.461  -64.402  0.533 0.4000000060
23855  -27.594  -64.189  0.561 0.4000000060
23856  -28.444  -64.155  0.611 0.4000000060
23869  -23.616  -64.667  -0.264 0.5000000000
23891  -22.996  -64.965  -1.447 0.6000000238
23966  -24.106  -64.236  -8.080 0.6000000238
24774  -24.837  -63.672  0.345 0.4000000060
24817  -23.675  -63.402  -2.614 0.5000000000
24864  -24.457  -63.243  -7.225 0.5000000000
25719  -27.104  -62.724  0.763 0.4000000060
25721  -29.986  -62.761  1.141 0.4000000060
26682  -25.966  -61.985  0.198 0.4000000060
26685  -28.422  -61.800  0.560 0.4000000060
26693  -27.135  -60.728  -1.044 0.3000000119
26694  -28.130  -60.994  -0.036 0.3000000119
26724  -25.506  -61.121  -4.556 0.3000000119
27566  -16.920  -60.168  -2.117 0.3000000119
27584  -20.198  -60.926  -3.768 0.4000000060
27601  -24.444  -59.952  -5.844 0.3000000119
28589  -22.363  -59.902  -4.961 0.3000000119
29500  -16.016  -57.576  0.245 0.3000000119
29518  -16.677  -57.516  -1.053 0.3000000119
29561  -23.756  -58.448  -5.002 0.3000000119
30443  -16.519  -57.019  0.196 0.3000000119
30461  -16.845  -56.604  -0.098 0.3000000119
30490  -21.448  -57.080  -2.633 0.3000000119
30504  -22.114  -57.525  -3.296 0.3000000119
30507  -24.240  -56.895  -4.074 0.3000000119
30508  -24.756  -57.659  -4.122 0.3000000119
31363  -19.667  -55.710  0.375 0.3000000119
31405  -20.662  -56.296  -2.127 0.4000000060
32332  -22.592  -54.754  -3.111 0.3000000119
101011  -22.476  -68.617  -3.181 0.6000000238
101429  -23.581  -71.438  -10.083 0.6000000238
101877  -19.233  -74.332  -6.835 0.5000000000
101878  -20.911  -74.513  -3.558 0.5000000000
103402  -25.679  -68.182  -0.192 0.5000000000
103909  -26.006  -74.055  -0.682 0.6000000238
104057  -24.092  -70.545  -3.858 0.5000000000
104663  -26.899  -78.593  -7.241 0.6000000238
104859  -27.094  -82.876  -8.109 0.5000000000
104925  -25.022  -68.009  -0.002 0.5000000000
105159  -29.705  -78.049  -15.571 0.4000000060
105708  -26.499  -78.716  -7.939 0.6000000238
105873  -23.690  -61.650  -6.385 0.4000000060
106114  -31.215  -63.182  1.250 0.3000000119
106155  -17.857  -58.287  0.721 0.3000000119
106288  -23.772  -69.360  -1.497 0.6000000238
106502  -22.093  -74.453  -5.127 0.6000000238
107088  -27.414  -70.080  -0.777 0.5000000000
107960  -28.153  -80.141  -15.388 0.4000000060
108187  -32.645  -73.530  -5.992 0.5000000000
108195  -21.877  -76.032  -0.562 0.6000000238
108488  -17.049  -57.334  0.564 0.3000000119
108725  -27.744  -63.033  0.934 0.4000000060
108770  -26.151  -74.756  -0.555 0.6000000238
109659  -18.896  -55.681  -1.217 0.4000000060
109679  -23.498  -71.283  -8.603 0.6999999881
109953  -22.690  -57.804  -3.958 0.3000000119
110791  -20.460  -78.119  -2.769 0.6000000238
111166  -24.140  -71.796  -8.311 0.6999999881
111200  -29.506  -78.997  -15.665 0.4000000060
111341  -24.056  -78.274  -8.192 0.6000000238
112285  -24.144  -77.300  -0.802 0.6000000238
113039  -25.050  -60.290  -5.755 0.3000000119
113050  -27.552  -79.207  -15.240 0.4000000060
113163  -23.033  -74.241  -7.519 0.6000000238
113178  -26.709  -78.514  -5.926 0.6000000238
113810  -20.489  -81.013  -8.568 0.6000000238
114033  -31.367  -64.534  0.205 0.4000000060
114528  -25.341  -79.096  -6.334 0.5000000000
114703  -30.592  -74.603  -6.203 0.6000000238
114826  -22.715  -74.325  -6.722 0.6000000238
115209  -33.166  -73.148  -5.615 0.4000000060
115243  -25.152  -79.396  -5.024 0.6999999881
115322  -28.810  -73.550  -13.465 0.5000000000
115544  -23.936  -65.941  0.209 0.5000000000
115998  -26.554  -71.733  -4.019 0.6000000238
116184  -22.892  -77.092  -0.580 0.5000000000
116421  -24.621  -62.280  -0.735 0.4000000060
116509  -27.477  -77.413  -5.608 0.6000000238
116754  -20.233  -77.174  -0.584 0.6000000238
117160  -29.199  -74.814  -0.652 0.6000000238
118142  -21.849  -63.954  -7.346 0.4000000060
118871  -19.621  -78.257  -3.601 0.5000000000
119271  -20.346  -77.713  -11.496 0.6000000238
119386  -20.200  -77.980  -13.206 0.6000000238
119560  -14.388  -82.123  -9.104 0.5000000000
119834  -24.231  -75.593  -0.594 0.6999999881
120148  -23.915  -73.068  -9.599 0.5000000000
120435  -25.564  -72.866  -3.431 0.6000000238
121340  -23.282  -73.935  -3.071 0.6000000238
121405  -23.556  -78.175  -8.456 0.6000000238
121487  -23.532  -64.396  -3.413 0.5000000000
