#!ascii label  , from subject sub-fsm42wk vox2ras=TkReg
1925
7941  -36.518  -80.668  -9.644 0.1000000015
7978  -36.819  -81.706  -11.388 0.1000000015
7959  -35.669  -81.038  -9.924 0.1000000015
7976  -34.592  -81.810  -11.321 0.1000000015
8778  -34.227  -80.812  -9.622 0.1000000015
119791  -33.912  -81.600  -11.256 0.1000000015
8777  -33.284  -80.753  -9.933 0.1000000015
8776  -32.348  -80.442  -9.863 0.1000000015
8800  -32.636  -80.937  -10.589 0.1000000015
8799  -31.854  -80.710  -10.624 0.1000000015
8775  -31.556  -80.056  -9.981 0.1000000015
8798  -31.028  -80.307  -10.681 0.1000000015
7991  -31.170  -81.189  -11.358 0.1000000015
9645  -31.008  -79.366  -10.382 0.1000000015
11586  -31.257  -77.993  -12.551 0.1000000015
9652  -29.919  -79.822  -11.788 0.1000000015
117684  -30.470  -79.744  -11.040 0.1000000015
118776  -35.132  -79.588  -7.749 0.1000000015
118786  -36.259  -80.072  -8.834 0.1000000015
9625  -35.700  -79.768  -8.304 0.1000000015
9607  -34.285  -79.540  -7.653 0.1000000015
8751  -34.556  -80.406  -8.893 0.1000000015
8779  -34.966  -80.811  -9.484 0.1000000015
9623  -33.572  -79.676  -8.099 0.1000000015
8749  -32.740  -80.166  -9.075 0.1000000015
9639  -31.990  -79.775  -9.292 0.1000000015
12592  -37.801  -76.659  -13.020 0.1000000015
11590  -35.931  -77.329  -13.297 0.1000000015
106039  -35.365  -76.984  -12.796 0.1000000015
11589  -34.614  -77.060  -12.459 0.1000000015
11588  -33.171  -77.773  -12.738 0.1000000015
11573  -32.617  -77.263  -11.826 0.1000000015
11572  -31.634  -77.585  -11.865 0.1000000015
11558  -31.496  -77.709  -11.009 0.1000000015
10601  -30.744  -78.091  -11.811 0.1000000015
9644  -30.423  -78.972  -11.307 0.1000000015
9592  -36.519  -79.106  -6.767 0.1000000015
105745  -33.840  -78.450  -6.099 0.2000000030
10521  -34.692  -78.837  -6.118 0.2000000030
9608  -35.917  -79.361  -7.482 0.1000000015
9590  -34.066  -79.014  -6.806 0.1000000015
9591  -34.934  -79.262  -7.019 0.1000000015
10520  -33.375  -78.540  -6.801 0.1000000015
17196  -48.681  -71.892  -8.574 0.1000000015
16253  -48.223  -72.759  -8.874 0.1000000015
10547  -32.851  -78.544  -7.471 0.1000000015
9605  -32.910  -79.299  -7.930 0.1000000015
102424  -33.032  -79.805  -8.463 0.1000000015
15297  -47.652  -73.288  -9.452 0.1000000015
15296  -46.630  -73.680  -9.315 0.1000000015
15295  -45.439  -73.809  -9.350 0.1000000015
15309  -43.879  -73.787  -9.684 0.1000000015
108614  -42.502  -73.797  -9.992 0.1000000015
14436  -41.141  -74.510  -10.723 0.1000000015
110590  -32.500  -78.083  -8.018 0.1000000015
10568  -32.184  -78.502  -8.589 0.1000000015
9638  -31.537  -79.373  -9.675 0.1000000015
14440  -44.532  -74.005  -9.913 0.1000000015
14459  -42.612  -74.803  -11.247 0.1000000015
14437  -41.988  -74.296  -10.493 0.1000000015
14456  -39.661  -74.774  -10.979 0.1000000015
109002  -38.192  -75.323  -11.089 0.1000000015
13520  -36.935  -75.705  -10.727 0.1000000015
109206  -35.705  -76.120  -11.599 0.1000000015
10583  -31.912  -78.227  -9.279 0.1000000015
10582  -31.454  -78.719  -9.825 0.1000000015
14458  -41.840  -74.880  -11.305 0.1000000015
13533  -38.883  -75.626  -11.873 0.1000000015
114456  -37.940  -75.791  -11.841 0.1000000015
12566  -36.384  -75.932  -11.361 0.1000000015
12575  -33.330  -76.891  -11.330 0.1000000015
116314  -32.086  -77.343  -11.193 0.1000000015
12591  -36.757  -76.330  -12.357 0.1000000015
12590  -35.988  -76.614  -12.498 0.1000000015
12589  -35.127  -76.497  -11.986 0.1000000015
10594  -31.066  -78.401  -10.698 0.1000000015
10498  -33.709  -77.804  -5.517 0.1000000015
10499  -34.274  -78.343  -5.410 0.2000000030
117535  -36.064  -78.866  -5.696 0.1000000015
10477  -36.475  -78.598  -4.782 0.2000000030
113674  -36.945  -78.753  -5.456 0.2000000030
12518  -33.569  -77.071  -5.731 0.1000000015
11514  -33.306  -77.728  -6.352 0.1000000015
19118  -49.768  -69.748  -8.639 0.1000000015
18164  -49.609  -70.620  -8.841 0.1000000015
11525  -33.025  -77.392  -7.114 0.1000000015
10519  -32.754  -77.835  -7.484 0.1000000015
11534  -32.847  -77.377  -7.997 0.1000000015
16252  -47.252  -73.164  -8.722 0.1000000015
15294  -44.357  -73.595  -9.204 0.1000000015
15293  -43.422  -73.405  -9.180 0.1000000015
101602  -42.545  -73.409  -9.262 0.1000000015
15306  -41.021  -73.807  -9.983 0.1000000015
120395  -39.099  -74.638  -10.403 0.1000000015
13509  -36.690  -75.609  -9.817 0.1000000015
12555  -35.099  -76.110  -9.859 0.1000000015
12552  -32.774  -77.067  -9.924 0.1000000015
11533  -32.403  -77.805  -8.721 0.1000000015
12562  -32.705  -77.022  -10.852 0.1000000015
11544  -31.681  -77.993  -10.106 0.1000000015
14359  -35.654  -74.863  -4.486 0.1000000015
13464  -34.999  -75.461  -4.158 0.1000000015
13473  -35.113  -75.432  -5.144 0.1000000015
13472  -34.461  -76.037  -4.653 0.1000000015
12509  -34.175  -76.720  -4.352 0.1000000015
11488  -34.374  -77.549  -4.270 0.2000000030
11489  -35.050  -78.095  -4.049 0.2000000030
11503  -34.065  -77.856  -4.917 0.2000000030
10457  -35.945  -78.305  -4.002 0.2000000030
10458  -36.913  -78.426  -3.980 0.2000000030
12530  -33.885  -76.501  -6.016 0.1000000015
111195  -34.942  -75.674  -5.919 0.1000000015
13480  -34.468  -76.026  -6.351 0.1000000015
13487  -34.673  -75.986  -7.190 0.1000000015
18163  -49.252  -70.455  -8.156 0.1000000015
18162  -47.917  -71.451  -7.982 0.1000000015
17187  -46.755  -71.605  -7.895 0.1000000015
17186  -45.638  -71.683  -7.876 0.1000000015
12529  -33.430  -76.935  -6.569 0.1000000015
12546  -34.073  -76.347  -7.810 0.1000000015
20089  -50.133  -69.152  -8.981 0.1000000015
108393  -50.264  -68.653  -8.878 0.1000000015
17195  -47.635  -72.316  -8.314 0.1000000015
106417  -46.446  -72.467  -8.257 0.1000000015
16249  -43.812  -72.981  -8.691 0.1000000015
16248  -42.689  -72.833  -8.508 0.1000000015
15291  -40.840  -73.408  -8.877 0.1000000015
14417  -38.623  -74.459  -8.514 0.1000000015
102373  -36.292  -75.634  -8.955 0.1000000015
13507  -35.408  -75.937  -8.941 0.1000000015
12545  -33.417  -76.756  -8.404 0.1000000015
108100  -50.204  -68.619  -9.122 0.1000000015
14435  -39.680  -74.298  -10.094 0.1000000015
14433  -38.108  -74.916  -9.287 0.1000000015
13508  -35.912  -75.885  -9.757 0.1000000015
12553  -33.485  -76.689  -9.437 0.1000000015
21080  -50.141  -67.866  -9.451 0.1000000015
22075  -50.091  -67.007  -9.708 0.1000000015
22074  -48.718  -66.967  -9.617 0.1000000015
23048  -49.033  -66.095  -9.622 0.1000000015
15251  -38.321  -73.088  -4.970 0.1000000015
14360  -36.420  -74.385  -4.763 0.1000000015
16209  -38.957  -72.744  -5.314 0.1000000015
15257  -37.885  -73.663  -5.385 0.1000000015
106469  -36.069  -74.258  -3.976 0.1000000015
13463  -34.619  -76.187  -3.722 0.1000000015
115125  -34.825  -77.557  -3.591 0.2000000030
15258  -38.589  -73.349  -5.701 0.1000000015
14374  -36.766  -74.549  -5.537 0.1000000015
14373  -36.010  -74.928  -5.329 0.1000000015
11472  -35.488  -77.786  -3.373 0.2000000030
16211  -40.116  -72.364  -6.204 0.1000000015
15267  -38.140  -73.938  -6.137 0.1000000015
115759  -51.854  -66.673  -9.127 0.1000000015
107568  -51.274  -67.397  -9.006 0.1000000015
21066  -50.300  -68.453  -8.542 0.1000000015
20077  -49.694  -68.826  -7.974 0.1000000015
19117  -49.511  -69.581  -8.019 0.1000000015
19103  -48.427  -69.840  -7.703 0.1000000015
19102  -47.342  -70.004  -7.674 0.1000000015
16222  -40.539  -72.467  -6.658 0.1000000015
15269  -39.465  -73.296  -6.733 0.1000000015
13482  -35.995  -75.354  -6.703 0.1000000015
106353  -35.203  -75.657  -6.596 0.1000000015
20088  -50.029  -69.019  -8.553 0.1000000015
17185  -44.622  -71.735  -7.850 0.1000000015
110351  -43.832  -71.851  -7.813 0.1000000015
16237  -43.349  -72.353  -8.069 0.1000000015
14400  -38.003  -74.631  -7.661 0.1000000015
14399  -37.148  -75.039  -7.449 0.1000000015
13488  -35.507  -75.656  -7.368 0.1000000015
119743  -52.170  -65.367  -9.604 0.1000000015
17194  -45.300  -72.487  -8.243 0.1000000015
16238  -44.273  -72.441  -8.237 0.1000000015
16235  -41.671  -72.615  -7.801 0.1000000015
14402  -39.254  -73.991  -8.195 0.1000000015
14401  -38.842  -74.108  -7.618 0.1000000015
13499  -36.708  -75.360  -8.162 0.1000000015
13498  -35.863  -75.656  -8.148 0.1000000015
23050  -51.819  -66.313  -9.533 0.1000000015
22076  -51.009  -67.138  -9.545 0.1000000015
23986  -51.584  -65.781  -10.062 0.1000000015
104597  -50.537  -66.394  -9.824 0.1000000015
108146  -50.939  -65.846  -10.027 0.1000000015
24901  -49.182  -63.987  -9.615 0.1000000015
23047  -47.460  -65.872  -9.395 0.1000000015
15249  -36.801  -73.742  -4.192 0.1000000015
16210  -39.670  -72.302  -5.675 0.1000000015
17165  -39.506  -71.510  -5.016 0.1000000015
16196  -38.019  -72.743  -4.308 0.1000000015
13452  -35.024  -75.562  -3.466 0.1000000015
17173  -40.347  -71.870  -6.020 0.1000000015
18142  -40.784  -71.245  -6.066 0.1000000015
120878  -36.351  -73.841  -3.668 0.1000000015
13451  -34.958  -75.960  -2.985 0.1000000015
18144  -42.143  -70.708  -6.735 0.1000000015
18143  -41.398  -70.998  -6.369 0.1000000015
12480  -35.160  -76.432  -2.537 0.2000000030
22068  -51.447  -67.139  -8.823 0.1000000015
20076  -48.501  -68.963  -7.704 0.1000000015
17183  -42.373  -71.521  -7.170 0.1000000015
15270  -40.107  -73.021  -7.096 0.1000000015
116551  -35.325  -75.633  -2.246 0.1000000015
12463  -35.624  -76.308  -1.802 0.2000000030
22067  -50.802  -67.708  -8.501 0.1000000015
18153  -45.902  -70.784  -7.722 0.1000000015
18152  -44.912  -70.886  -7.650 0.1000000015
17184  -43.126  -71.654  -7.548 0.1000000015
16236  -42.489  -72.224  -7.673 0.1000000015
15279  -39.571  -73.593  -7.545 0.1000000015
24904  -52.129  -64.347  -10.108 0.1000000015
112018  -51.637  -64.868  -10.190 0.1000000015
24903  -50.900  -63.502  -10.242 0.1000000015
24902  -50.643  -64.714  -10.084 0.1000000015
105198  -49.574  -63.183  -9.827 0.1000000015
19087  -41.858  -69.059  -6.280 0.1000000015
18135  -40.845  -70.402  -5.916 0.1000000015
18134  -40.152  -70.941  -5.444 0.1000000015
120073  -42.500  -69.327  -6.627 0.1000000015
118833  -39.919  -71.683  -5.546 0.1000000015
18133  -39.562  -70.619  -4.791 0.1000000015
15238  -37.338  -73.039  -3.887 0.1000000015
117058  -42.167  -69.844  -6.554 0.1000000015
17155  -38.839  -71.709  -4.382 0.1000000015
14330  -35.938  -74.080  -3.138 0.1000000015
19099  -43.475  -70.026  -7.239 0.1000000015
19088  -42.729  -70.005  -6.869 0.1000000015
16185  -37.774  -72.282  -3.588 0.1000000015
23972  -52.381  -65.301  -9.045 0.1000000015
23042  -51.642  -66.523  -8.650 0.1000000015
22061  -50.752  -66.837  -8.238 0.1000000015
21059  -49.774  -68.020  -7.960 0.1000000015
21058  -48.459  -68.063  -7.784 0.1000000015
19101  -46.146  -69.779  -7.674 0.1000000015
113853  -45.217  -70.106  -7.630 0.1000000015
100879  -44.364  -70.028  -7.502 0.1000000015
18150  -42.943  -70.843  -7.173 0.1000000015
16184  -37.128  -72.696  -3.245 0.1000000015
101497  -35.439  -74.803  -2.613 0.1000000015
24893  -52.503  -64.753  -9.549 0.1000000015
20075  -47.095  -69.085  -7.679 0.1000000015
102765  -35.454  -74.813  -1.706 0.1000000015
25833  -52.529  -63.741  -9.788 0.1000000015
25834  -52.996  -62.407  -9.855 0.1000000015
25832  -51.678  -63.045  -10.214 0.1000000015
117126  -51.323  -61.953  -10.225 0.1000000015
27669  -50.784  -60.510  -9.733 0.1000000015
25831  -50.609  -62.080  -10.158 0.1000000015
27668  -49.568  -60.207  -9.728 0.1000000015
19079  -41.039  -69.376  -5.851 0.1000000015
19078  -40.267  -69.753  -5.329 0.1000000015
20065  -42.607  -68.539  -6.520 0.1000000015
19077  -39.877  -70.276  -5.086 0.1000000015
19089  -43.107  -69.194  -6.914 0.1000000015
21054  -44.028  -67.624  -6.868 0.1000000015
19071  -39.651  -69.763  -4.704 0.1000000015
17144  -38.290  -71.600  -3.708 0.1000000015
19100  -43.929  -69.113  -7.245 0.1000000015
20073  -44.358  -68.252  -7.197 0.1000000015
18122  -38.692  -70.932  -3.860 0.1000000015
24884  -52.549  -63.917  -9.354 0.1000000015
106716  -45.895  -68.821  -7.604 0.1000000015
104829  -44.975  -69.141  -7.522 0.1000000015
20074  -45.263  -68.169  -7.421 0.1000000015
18112  -38.180  -70.883  -3.233 0.1000000015
15226  -36.129  -73.494  -2.609 0.1000000015
25820  -52.981  -63.249  -9.511 0.1000000015
24883  -52.235  -64.364  -8.716 0.1000000015
103597  -51.265  -64.528  -8.227 0.1000000015
101723  -49.665  -67.025  -7.917 0.1000000015
101519  -48.278  -66.961  -7.694 0.1000000015
21057  -47.410  -68.282  -7.673 0.1000000015
16172  -36.569  -72.731  -2.531 0.1000000015
25835  -53.585  -61.713  -9.708 0.1000000015
27671  -53.075  -60.643  -9.528 0.1000000015
26795  -53.990  -60.956  -9.700 0.1000000015
117471  -52.922  -60.277  -9.151 0.1000000015
27670  -52.044  -60.762  -9.736 0.1000000015
27656  -52.100  -60.255  -9.238 0.1000000015
28647  -50.004  -59.790  -9.422 0.1000000015
28642  -51.166  -59.763  -8.782 0.1000000015
22059  -45.000  -66.762  -6.956 0.1000000015
21048  -44.210  -66.971  -6.708 0.1000000015
21047  -43.494  -67.269  -6.513 0.1000000015
20060  -41.276  -68.370  -5.741 0.1000000015
22060  -45.938  -66.573  -7.157 0.1000000015
108604  -40.579  -68.675  -5.338 0.1000000015
119448  -48.682  -66.378  -7.675 0.1000000015
23034  -47.814  -65.769  -7.411 0.1000000015
23033  -46.918  -66.296  -7.304 0.1000000015
21055  -44.705  -67.499  -7.123 0.1000000015
19072  -39.933  -68.846  -4.818 0.1000000015
25812  -54.210  -62.316  -8.959 0.1000000015
111050  -52.976  -63.205  -8.850 0.1000000015
23036  -50.486  -65.771  -8.128 0.1000000015
101505  -46.929  -67.345  -7.527 0.1000000015
107195  -38.498  -70.144  -3.395 0.1000000015
25822  -54.179  -61.640  -9.514 0.1000000015
17143  -37.783  -71.512  -3.090 0.1000000015
15216  -35.852  -73.230  -1.823 0.1000000015
27658  -54.623  -60.558  -9.238 0.1000000015
27648  -54.274  -60.211  -8.753 0.1000000015
102112  -53.613  -60.096  -7.809 0.1000000015
27647  -53.209  -60.135  -8.610 0.1000000015
27646  -52.172  -59.981  -8.608 0.1000000015
27640  -52.317  -60.040  -7.528 0.1000000015
112262  -51.827  -60.281  -6.229 0.1000000015
28641  -50.180  -59.510  -8.968 0.1000000015
21046  -42.753  -67.626  -6.325 0.1000000015
21045  -41.997  -67.999  -6.074 0.1000000015
21039  -42.161  -67.130  -5.767 0.1000000015
20059  -40.818  -67.800  -5.226 0.1000000015
100359  -54.079  -62.598  -7.954 0.1000000015
24873  -50.944  -63.736  -7.661 0.1000000015
118535  -49.347  -65.026  -7.666 0.1000000015
119491  -55.172  -60.630  -9.108 0.1000000015
26783  -55.313  -61.154  -9.159 0.1000000015
25813  -54.916  -62.040  -8.630 0.1000000015
25811  -52.063  -63.440  -7.974 0.1000000015
23035  -49.232  -65.906  -7.769 0.1000000015
110163  -39.091  -70.125  -4.104 0.1000000015
116371  -55.155  -60.246  -8.814 0.1000000015
100125  -54.770  -59.964  -8.188 0.1000000015
114148  -54.639  -60.280  -6.211 0.1000000015
100232  -54.109  -60.171  -7.015 0.1000000015
100324  -53.394  -60.549  -5.790 0.1000000015
100225  -52.919  -60.319  -6.615 0.1000000015
100123  -52.778  -60.729  -4.874 0.1000000015
27630  -52.378  -60.592  -5.454 0.1000000015
27616  -51.456  -60.558  -5.089 0.1000000015
23032  -46.134  -65.782  -6.832 0.1000000015
22049  -44.479  -66.203  -6.445 0.1000000015
22048  -43.686  -66.462  -6.238 0.1000000015
22047  -42.914  -66.780  -6.024 0.1000000015
23020  -44.016  -65.654  -5.778 0.1000000015
23024  -47.185  -64.949  -6.824 0.1000000015
100420  -55.746  -59.920  -8.458 0.1000000015
100285  -56.349  -60.336  -8.438 0.1000000015
100247  -55.310  -59.808  -7.619 0.1000000015
100122  -54.607  -60.399  -5.258 0.1000000015
114215  -51.776  -60.765  -3.685 0.1000000015
22050  -45.315  -65.991  -6.644 0.1000000015
23021  -44.814  -65.386  -6.051 0.1000000015
23969  -48.235  -64.798  -7.176 0.1000000015
100404  -55.842  -61.514  -8.584 0.1000000015
100130  -54.706  -62.370  -7.418 0.1000000015
100804  -52.630  -62.892  -7.657 0.1000000015
23970  -49.095  -64.305  -7.240 0.1000000015
114124  -55.944  -59.564  -7.173 0.1000000015
114166  -55.489  -59.969  -6.035 0.1000000015
100399  -53.617  -60.627  -4.877 0.1000000015
100328  -53.238  -60.491  -3.921 0.1000000015
27596  -52.323  -60.529  -3.429 0.1000000015
23962  -47.493  -64.332  -6.469 0.1000000015
24872  -49.810  -63.408  -6.815 0.1000000015
24861  -49.766  -62.874  -5.899 0.1000000015
23963  -48.244  -63.866  -6.421 0.1000000015
100230  -57.005  -60.406  -7.837 0.1000000015
100237  -56.479  -61.437  -7.951 0.1000000015
100127  -53.564  -62.453  -6.818 0.1000000015
25801  -51.605  -62.760  -6.764 0.1000000015
114167  -56.350  -59.711  -8.017 0.1000000015
114229  -53.847  -60.037  -3.743 0.1000000015
27581  -52.928  -60.144  -3.307 0.1000000015
120177  -53.166  -58.877  -2.953 0.1000000015
25788  -51.587  -62.474  -5.565 0.1000000015
100133  -55.565  -62.212  -7.544 0.1000000015
100496  -54.796  -62.368  -6.567 0.1000000015
107346  -53.160  -62.361  -5.904 0.1000000015
100251  -56.505  -59.459  -6.702 0.1000000015
100134  -55.196  -60.121  -5.075 0.1000000015
100132  -54.817  -59.750  -4.315 0.1000000015
28571  -53.449  -59.451  -3.298 0.1000000015
106388  -53.809  -58.538  -3.290 0.1000000015
114168  -57.267  -59.645  -6.772 0.1000000015
114160  -56.041  -59.541  -5.821 0.1000000015
114151  -55.847  -59.397  -5.024 0.1000000015
28586  -55.486  -58.773  -4.250 0.1000000015
28585  -54.344  -59.192  -3.729 0.1000000015
29557  -54.766  -58.185  -3.608 0.1000000015
29544  -54.056  -57.512  -3.170 0.1000000015
30511  -55.271  -57.228  -3.368 0.1000000015
100241  -56.780  -59.080  -5.913 0.1000000015
28587  -56.329  -58.280  -4.343 0.1000000015
105536  -55.848  -57.881  -3.828 0.1000000015
107879  -36.401  -81.246  -10.515 0.1000000015
7977  -35.734  -81.685  -11.044 0.1000000015
7958  -34.870  -81.267  -10.260 0.1000000015
7957  -34.034  -81.275  -10.559 0.1000000015
8750  -33.636  -80.286  -8.859 0.1000000015
7975  -33.263  -81.393  -11.160 0.1000000015
9624  -34.882  -79.940  -8.318 0.1000000015
8752  -35.510  -80.428  -8.994 0.1000000015
120627  -32.498  -78.779  -8.058 0.1000000015
9621  -31.778  -78.992  -9.098 0.1000000015
109542  -37.228  -76.679  -12.940 0.1000000015
103250  -34.222  -77.842  -12.909 0.1000000015
11574  -33.666  -77.128  -12.125 0.1000000015
10522  -35.575  -79.079  -6.480 0.1000000015
10500  -35.056  -78.645  -5.394 0.2000000030
9606  -33.483  -79.161  -7.411 0.1000000015
104667  -48.782  -71.166  -8.134 0.1000000015
16251  -46.045  -73.282  -8.658 0.1000000015
117993  -40.453  -74.174  -10.252 0.1000000015
13522  -40.293  -75.195  -11.496 0.1000000015
13532  -37.550  -75.599  -11.085 0.1000000015
114822  -37.160  -75.858  -11.685 0.1000000015
109173  -37.566  -75.303  -10.154 0.1000000015
12565  -35.705  -75.977  -10.633 0.1000000015
12576  -34.197  -76.602  -11.426 0.1000000015
12564  -34.898  -76.176  -10.904 0.1000000015
11545  -32.269  -77.625  -9.550 0.1000000015
12563  -33.553  -76.664  -10.505 0.1000000015
11559  -32.137  -77.438  -10.416 0.1000000015
11502  -33.838  -77.221  -4.947 0.1000000015
10475  -34.655  -78.221  -4.743 0.2000000030
10476  -35.514  -78.500  -4.747 0.2000000030
12519  -33.981  -76.586  -5.179 0.1000000015
12536  -33.381  -76.840  -7.438 0.1000000015
12544  -32.820  -77.212  -8.978 0.1000000015
16250  -44.876  -73.183  -8.690 0.1000000015
15307  -41.765  -73.579  -9.555 0.1000000015
14434  -38.868  -74.524  -9.557 0.1000000015
13500  -37.239  -75.275  -8.979 0.1000000015
13481  -35.632  -75.346  -5.963 0.1000000015
13497  -34.968  -75.963  -8.069 0.1000000015
21067  -50.755  -67.881  -8.984 0.1000000015
15292  -41.754  -73.122  -8.658 0.1000000015
15281  -41.069  -72.981  -8.135 0.1000000015
14418  -39.367  -74.076  -9.018 0.1000000015
14416  -37.890  -74.906  -8.486 0.1000000015
12554  -34.365  -76.298  -8.925 0.1000000015
21079  -48.531  -67.839  -9.601 0.1000000015
16198  -39.167  -72.179  -4.961 0.1000000015
15250  -37.604  -73.383  -4.629 0.1000000015
14361  -37.153  -73.975  -5.066 0.1000000015
15268  -38.840  -73.590  -6.409 0.1000000015
11457  -35.926  -77.386  -2.590 0.2000000030
14385  -37.586  -74.553  -6.679 0.1000000015
17175  -41.776  -71.456  -6.800 0.1000000015
15278  -39.050  -73.759  -7.020 0.1000000015
14386  -38.423  -74.123  -6.898 0.1000000015
13489  -36.342  -75.373  -7.428 0.1000000015
18151  -43.879  -70.997  -7.531 0.1000000015
16223  -41.207  -72.381  -7.086 0.1000000015
14329  -35.643  -74.067  -2.189 0.1000000015
109212  -51.561  -61.340  -10.064 0.1000000015
25830  -49.579  -62.063  -9.907 0.1000000015
26793  -52.422  -61.600  -10.057 0.1000000015
26791  -49.517  -61.063  -9.910 0.1000000015
21056  -45.635  -67.385  -7.328 0.1000000015
28623  -51.275  -59.728  -7.831 0.1000000015
27629  -50.763  -60.114  -5.889 0.1000000015
24882  -49.967  -63.999  -7.452 0.1000000015
18020  -46.989  -69.635  4.015 0.5000000000
12427  -44.986  -76.730  0.771 0.5000000000
12428  -45.920  -76.408  0.283 0.5000000000
18950  -45.820  -69.584  5.012 0.5000000000
18039  -47.046  -69.889  3.452 0.5000000000
12414  -44.980  -75.805  1.235 0.5000000000
18938  -43.580  -69.145  6.821 0.5000000000
18001  -45.117  -69.684  5.653 0.5000000000
18951  -46.441  -69.594  4.440 0.5000000000
13379  -45.143  -74.983  1.732 0.5000000000
18949  -45.300  -69.045  4.886 0.5000000000
112545  -44.664  -69.182  5.532 0.5000000000
18968  -45.933  -69.022  4.250 0.5000000000
18978  -46.372  -69.338  3.874 0.4000000060
12412  -43.003  -76.214  1.987 0.5000000000
12424  -41.620  -76.544  1.587 0.5000000000
12411  -42.079  -76.243  2.155 0.5000000000
12410  -41.352  -76.183  2.085 0.5000000000
117913  -40.245  -75.457  2.836 0.5000000000
113850  -40.794  -75.590  3.032 0.5000000000
120067  -39.247  -74.422  3.710 0.4000000060
16081  -38.597  -72.430  4.307 0.4000000060
12416  -49.012  -76.146  0.947 0.1000000015
120215  -46.751  -76.492  -0.103 0.5000000000
18002  -45.575  -70.231  5.785 0.5000000000
104093  -46.225  -70.196  5.277 0.5000000000
17081  -47.243  -70.642  2.591 0.4000000060
13386  -45.662  -75.496  0.936 0.5000000000
18939  -44.353  -69.648  6.371 0.5000000000
19896  -42.956  -68.689  7.340 0.5000000000
19887  -42.058  -68.066  8.605 0.5000000000
19895  -41.880  -67.805  7.616 0.5000000000
19906  -43.085  -68.391  6.390 0.5000000000
107605  -41.340  -67.393  8.167 0.4000000060
105816  -42.411  -68.139  7.063 0.3000000119
18948  -43.932  -68.902  5.870 0.5000000000
19919  -44.573  -68.508  4.948 0.4000000060
18967  -45.367  -68.476  4.211 0.4000000060
19905  -42.451  -67.824  6.457 0.3000000119
17079  -45.348  -71.071  3.146 0.6999999881
16107  -45.250  -72.197  3.115 0.5000000000
20864  -41.356  -67.164  7.282 0.3000000119
19904  -41.910  -67.567  6.825 0.3000000119
19918  -43.591  -68.177  5.457 0.3000000119
18038  -46.178  -69.784  3.337 0.5000000000
16106  -44.451  -72.246  3.605 0.6000000238
15167  -44.539  -73.178  3.561 0.6000000238
14269  -45.456  -74.082  2.171 0.6000000238
20868  -42.110  -67.332  6.140 0.3000000119
19935  -44.065  -67.817  4.698 0.3000000119
111118  -45.696  -69.242  3.491 0.4000000060
115563  -44.364  -71.591  3.504 0.5000000000
14258  -43.453  -74.428  3.740 0.6000000238
13377  -43.493  -75.588  2.457 0.5000000000
13376  -42.560  -75.733  2.701 0.5000000000
19936  -44.815  -67.929  4.195 0.4000000060
105396  -44.887  -70.502  3.209 0.5000000000
16105  -43.741  -72.190  3.957 0.5000000000
14234  -43.003  -73.933  4.274 0.5000000000
14257  -42.586  -74.621  3.961 0.5000000000
13375  -41.538  -75.788  2.771 0.5000000000
20903  -43.682  -67.226  4.388 0.4000000060
20919  -44.681  -67.538  3.551 0.4000000060
18037  -44.679  -69.851  3.049 0.5000000000
17059  -42.942  -72.015  4.104 0.5000000000
16085  -42.337  -72.564  4.404 0.4000000060
14256  -41.670  -74.719  4.117 0.5000000000
13362  -41.204  -75.282  3.566 0.5000000000
18050  -44.372  -69.622  2.641 0.4000000060
118171  -43.951  -70.662  3.197 0.5000000000
113968  -41.544  -72.366  4.438 0.4000000060
14231  -40.277  -74.062  4.451 0.4000000060
14255  -40.758  -74.722  4.113 0.5000000000
18035  -42.052  -71.041  3.096 0.5000000000
117143  -41.375  -71.814  4.217 0.4000000060
16083  -40.268  -72.636  4.614 0.4000000060
15141  -38.979  -73.253  4.391 0.4000000060
17075  -40.740  -71.368  4.064 0.4000000060
17074  -39.889  -71.128  4.089 0.3000000119
18032  -39.392  -70.629  3.788 0.3000000119
18031  -38.556  -70.698  3.890 0.3000000119
13380  -48.984  -75.923  1.852 0.1000000015
12415  -48.384  -76.929  1.270 0.1000000015
13381  -49.879  -75.272  1.374 0.1000000015
118139  -49.598  -74.937  0.443 0.4000000060
13398  -48.375  -75.689  0.145 0.4000000060
13397  -47.569  -76.459  -0.169 0.4000000060
14287  -47.622  -75.220  0.083 0.5000000000
13387  -46.582  -75.635  0.265 0.5000000000
120962  -45.905  -70.647  5.897 0.5000000000
18003  -46.957  -70.291  4.757 0.5000000000
17082  -47.773  -70.474  3.151 0.4000000060
14278  -46.815  -74.493  0.649 0.5000000000
18932  -43.343  -69.309  7.748 0.5000000000
102837  -43.901  -69.858  7.349 0.5000000000
18933  -44.460  -70.232  7.089 0.5000000000
119963  -42.275  -68.330  9.215 0.5000000000
121368  -42.489  -68.497  8.378 0.5000000000
14270  -46.188  -73.947  1.392 0.6000000238
20849  -41.012  -66.965  9.587 0.4000000060
20855  -40.890  -66.846  8.705 0.2000000030
22801  -40.519  -65.397  9.140 0.2000000030
20863  -40.855  -66.674  7.804 0.3000000119
20878  -41.727  -66.734  5.792 0.3000000119
20879  -42.417  -67.120  5.439 0.4000000060
21835  -40.528  -65.976  8.363 0.3000000119
112144  -41.246  -66.397  6.181 0.3000000119
23762  -40.554  -64.649  7.915 0.3000000119
22837  -41.015  -65.227  5.815 0.4000000060
21883  -42.015  -66.462  5.070 0.4000000060
21902  -41.744  -65.845  4.822 0.3000000119
21904  -43.315  -66.608  3.977 0.4000000060
121008  -44.529  -67.193  3.305 0.4000000060
18991  -44.666  -68.924  2.444 0.4000000060
21903  -42.386  -66.080  4.244 0.3000000119
21915  -43.758  -66.380  3.262 0.3000000119
20937  -44.682  -67.684  2.173 0.3000000119
18049  -43.525  -70.349  2.622 0.4000000060
19968  -44.602  -68.542  1.859 0.3000000119
108177  -42.939  -70.431  1.795 0.3000000119
18047  -41.550  -70.623  2.476 0.4000000060
18033  -40.267  -70.716  3.564 0.3000000119
20949  -44.748  -68.145  1.177 0.2000000030
19014  -43.607  -70.027  0.924 0.2000000030
18058  -41.848  -70.447  1.718 0.3000000119
18046  -40.632  -70.332  2.703 0.3000000119
19978  -44.823  -68.934  0.053 0.1000000015
18065  -42.812  -70.377  0.289 0.2000000030
18990  -41.189  -70.178  1.896 0.4000000060
23894  -45.979  -64.919  -1.336 0.1000000015
14272  -50.485  -74.454  1.365 0.1000000015
13389  -50.058  -74.814  0.757 0.1000000015
14280  -50.373  -74.283  0.781 0.2000000030
15184  -50.034  -73.665  0.559 0.5000000000
14288  -48.564  -74.712  0.125 0.4000000060
14279  -47.739  -74.078  0.287 0.4000000060
120422  -46.404  -71.087  6.045 0.5000000000
17060  -48.075  -70.867  3.786 0.4000000060
17087  -48.168  -71.051  2.306 0.4000000060
15176  -47.742  -72.280  1.086 0.5000000000
15182  -48.072  -73.106  0.520 0.5000000000
17983  -43.688  -69.913  8.141 0.5000000000
17984  -44.337  -70.373  8.011 0.5000000000
100449  -44.976  -70.614  7.332 0.4000000060
15175  -47.003  -73.278  1.004 0.4000000060
20842  -41.590  -67.796  10.475 0.4000000060
105065  -41.962  -67.976  9.633 0.4000000060
18920  -42.609  -68.723  8.898 0.5000000000
21792  -40.852  -66.788  11.074 0.4000000060
20850  -41.426  -67.479  9.836 0.5000000000
109068  -40.629  -66.036  11.042 0.3000000119
21808  -40.738  -66.378  10.224 0.3000000119
23740  -40.555  -64.956  9.840 0.3000000119
24618  -40.871  -64.237  9.966 0.2000000030
23753  -40.498  -65.001  8.459 0.2000000030
24594  -41.574  -63.574  10.193 0.1000000015
24619  -41.196  -63.815  9.202 0.3000000119
24620  -41.983  -63.310  9.327 0.1000000015
23763  -40.764  -64.023  7.724 0.3000000119
120305  -40.902  -64.670  6.127 0.3000000119
24635  -41.253  -63.601  8.386 0.2000000030
24651  -41.433  -63.415  7.669 0.2000000030
118597  -41.543  -63.458  6.082 0.2000000030
22857  -42.451  -65.276  3.479 0.2000000030
119162  -43.589  -65.602  2.246 0.2000000030
24709  -42.074  -63.519  4.519 0.2000000030
22865  -42.793  -64.901  2.736 0.2000000030
21931  -44.399  -66.505  1.690 0.2000000030
24723  -42.403  -63.638  3.535 0.2000000030
23823  -43.368  -64.153  1.603 0.1000000015
103700  -44.677  -67.111  0.968 0.2000000030
112852  -44.537  -69.108  0.766 0.2000000030
25708  -43.949  -63.058  1.900 0.1000000015
22889  -44.052  -64.863  0.506 0.1000000015
21943  -44.796  -66.699  0.015 0.1000000015
20966  -45.180  -68.898  -0.777 0.1000000015
25725  -44.976  -63.232  0.964 0.1000000015
24796  -44.950  -63.878  -0.093 0.1000000015
21956  -45.227  -67.613  -0.726 0.1000000015
24797  -45.817  -63.835  -0.449 0.1000000015
22905  -45.596  -65.478  -1.205 0.1000000015
107803  -47.250  -63.916  -0.332 0.1000000015
23839  -48.593  -64.500  1.268 0.1000000015
15177  -50.638  -73.883  1.219 0.3000000119
16128  -50.231  -73.221  1.122 0.3000000119
16065  -49.239  -72.546  5.085 0.3000000119
16087  -49.378  -72.365  4.003 0.3000000119
16116  -49.706  -72.547  1.607 0.3000000119
16127  -49.414  -72.754  0.886 0.3000000119
117507  -48.538  -73.794  0.203 0.4000000060
17038  -48.467  -72.133  5.714 0.3000000119
111790  -49.292  -72.062  3.102 0.3000000119
111002  -49.031  -71.805  2.288 0.5000000000
16126  -48.558  -72.552  0.788 0.5000000000
112137  -46.761  -71.406  7.101 0.4000000060
17031  -47.267  -71.527  6.445 0.5000000000
17083  -48.486  -71.176  3.006 0.4000000060
16115  -48.601  -71.894  1.430 0.5000000000
18883  -42.222  -68.848  11.294 0.4000000060
18903  -42.970  -69.221  9.553 0.4000000060
17967  -43.915  -70.033  8.870 0.5000000000
104496  -45.196  -70.648  8.210 0.5000000000
120718  -41.048  -67.268  13.181 0.4000000060
20813  -41.021  -67.405  12.645 0.4000000060
19870  -42.120  -68.409  10.479 0.4000000060
104936  -40.838  -66.783  12.830 0.4000000060
115937  -40.715  -66.389  11.628 0.4000000060
21765  -41.180  -66.633  13.549 0.4000000060
22738  -41.684  -65.396  13.696 0.3000000119
22750  -40.735  -65.426  12.552 0.3000000119
23683  -40.904  -64.670  12.604 0.3000000119
107095  -40.642  -64.972  11.934 0.3000000119
24551  -41.663  -63.521  12.674 0.3000000119
24550  -41.154  -64.010  12.401 0.2000000030
25544  -42.529  -62.354  11.609 0.1000000015
25566  -42.051  -62.963  10.956 0.1000000015
25592  -42.439  -62.938  9.332 0.1000000015
25605  -42.456  -63.034  8.745 0.1000000015
24652  -42.347  -63.044  7.675 0.2000000030
120302  -42.941  -62.847  8.453 0.1000000015
24637  -42.846  -62.981  8.181 0.1000000015
24670  -42.448  -62.877  6.684 0.2000000030
24653  -43.469  -63.062  7.604 0.2000000030
25642  -42.869  -62.664  5.850 0.2000000030
25679  -42.706  -62.954  4.056 0.1000000015
25667  -44.252  -62.645  4.694 0.1000000015
25695  -43.642  -62.849  2.751 0.1000000015
105987  -45.223  -62.723  3.551 0.1000000015
25709  -44.731  -62.973  1.742 0.1000000015
24787  -45.495  -63.487  0.339 0.1000000015
25697  -46.321  -63.149  2.803 0.1000000015
25710  -46.577  -63.341  1.970 0.1000000015
110797  -48.158  -64.093  1.958 0.1000000015
24742  -48.357  -63.874  2.974 0.1000000015
23824  -48.888  -64.372  2.255 0.1000000015
22867  -50.293  -65.212  3.182 0.1000000015
22868  -50.835  -65.741  2.562 0.1000000015
22869  -51.465  -66.248  3.143 0.1000000015
21916  -52.488  -66.983  4.130 0.1000000015
16061  -50.120  -72.814  5.516 0.3000000119
16066  -50.520  -73.151  4.174 0.2000000030
16060  -49.084  -72.347  6.212 0.3000000119
17027  -47.503  -71.403  7.577 0.4000000060
17006  -47.189  -71.164  8.408 0.3000000119
110551  -42.684  -69.347  11.327 0.3000000119
18884  -42.754  -69.071  10.495 0.3000000119
18904  -43.456  -69.601  10.119 0.4000000060
17969  -45.658  -70.511  8.985 0.4000000060
19815  -41.576  -68.284  13.738 0.3000000119
19853  -41.773  -68.752  12.098 0.3000000119
17948  -45.114  -70.353  9.638 0.4000000060
17005  -46.504  -70.867  8.861 0.4000000060
16986  -46.542  -71.188  9.518 0.3000000119
21751  -42.995  -65.968  13.990 0.3000000119
20796  -41.411  -67.476  13.736 0.3000000119
22731  -42.115  -66.065  14.084 0.3000000119
21766  -43.776  -65.873  13.759 0.3000000119
22739  -42.499  -65.303  13.813 0.3000000119
23673  -43.706  -64.522  13.508 0.3000000119
118694  -41.554  -64.814  13.440 0.3000000119
108970  -42.116  -63.664  13.233 0.3000000119
24534  -42.255  -63.074  12.813 0.2000000030
25525  -42.647  -62.486  12.433 0.1000000015
26522  -43.816  -61.510  12.321 0.1000000015
26542  -44.245  -60.885  11.868 0.1000000015
26540  -43.035  -61.805  11.170 0.1000000015
27424  -44.072  -60.718  11.100 0.1000000015
112624  -42.982  -62.009  10.140 0.1000000015
26578  -43.514  -61.595  9.648 0.1000000015
25606  -43.526  -62.836  8.270 0.1000000015
24671  -44.452  -63.525  7.425 0.2000000030
118085  -44.789  -63.619  7.642 0.2000000030
25668  -44.879  -63.455  5.888 0.1000000015
104529  -44.951  -64.222  7.491 0.1000000015
115864  -45.424  -63.834  5.860 0.1000000015
25681  -46.043  -63.095  3.775 0.1000000015
25669  -45.930  -64.640  6.544 0.1000000015
25670  -46.376  -63.976  5.360 0.1000000015
110433  -46.899  -63.550  4.203 0.1000000015
117120  -46.869  -64.715  5.880 0.1000000015
24725  -47.647  -63.713  3.663 0.1000000015
24726  -48.380  -64.494  4.606 0.1000000015
23825  -49.647  -64.737  2.634 0.1000000015
106455  -50.841  -65.776  3.810 0.1000000015
23810  -50.013  -65.435  4.602 0.1000000015
22860  -51.511  -66.301  4.276 0.1000000015
22854  -50.982  -66.028  5.010 0.1000000015
118118  -52.027  -66.749  3.534 0.1000000015
21905  -52.098  -66.500  4.705 0.1000000015
21906  -53.039  -67.137  4.430 0.1000000015
20906  -55.051  -68.230  4.254 0.1000000015
16054  -50.921  -73.033  5.964 0.2000000030
16062  -51.283  -73.365  4.794 0.2000000030
15113  -50.651  -72.915  7.222 0.2000000030
16052  -48.897  -72.120  7.210 0.3000000119
15101  -49.086  -72.679  8.638 0.2000000030
16040  -49.487  -72.494  7.689 0.3000000119
18885  -43.241  -69.651  10.970 0.3000000119
17928  -43.891  -70.082  10.614 0.3000000119
16987  -47.147  -71.288  9.078 0.3000000119
18825  -41.815  -69.038  13.630 0.3000000119
18841  -41.900  -69.342  12.852 0.3000000119
18862  -42.258  -69.420  12.015 0.3000000119
17913  -43.489  -70.347  11.433 0.3000000119
17930  -45.237  -70.685  10.201 0.3000000119
16985  -45.865  -70.823  9.694 0.3000000119
20776  -43.118  -67.230  14.467 0.3000000119
19795  -42.464  -68.129  14.624 0.3000000119
16974  -44.849  -71.051  10.822 0.3000000119
16975  -45.525  -71.309  10.510 0.3000000119
16976  -46.217  -71.535  10.181 0.2000000030
16025  -46.896  -71.762  9.827 0.2000000030
21768  -45.209  -66.403  13.375 0.2000000030
21752  -43.650  -66.585  14.098 0.2000000030
109951  -45.010  -65.796  13.276 0.3000000119
22741  -44.347  -65.355  13.446 0.3000000119
23674  -44.659  -64.548  13.235 0.3000000119
24535  -42.949  -63.693  13.383 0.3000000119
24536  -44.092  -63.669  13.303 0.2000000030
25526  -43.366  -62.205  12.696 0.1000000015
24552  -44.749  -62.859  13.021 0.2000000030
25528  -45.053  -61.935  12.682 0.1000000015
26524  -45.373  -61.254  12.254 0.1000000015
28381  -46.314  -60.021  11.304 0.1000000015
27442  -47.870  -60.119  11.194 0.1000000015
28401  -49.511  -59.692  10.851 0.1000000015
119363  -45.620  -59.643  10.894 0.1000000015
103322  -46.321  -59.244  10.644 0.1000000015
118951  -47.182  -59.121  10.667 0.1000000015
102306  -49.741  -58.143  10.329 0.1000000015
29375  -50.595  -58.225  10.430 0.1000000015
30334  -52.174  -57.732  10.467 0.1000000015
28397  -44.727  -59.899  9.908 0.1000000015
28398  -45.395  -59.356  10.225 0.1000000015
29389  -47.277  -58.004  9.977 0.1000000015
30331  -48.856  -58.063  10.293 0.1000000015
30332  -50.252  -57.298  10.038 0.1000000015
31246  -50.960  -56.834  9.984 0.1000000015
26590  -44.312  -61.311  8.602 0.1000000015
28413  -44.836  -59.888  9.027 0.1000000015
26601  -45.163  -61.988  7.513 0.2000000030
25620  -45.124  -63.463  7.615 0.1000000015
26612  -46.379  -62.418  6.963 0.1000000015
25646  -46.221  -64.696  7.148 0.1000000015
25647  -46.920  -64.601  6.991 0.1000000015
24690  -46.600  -64.911  6.737 0.1000000015
24691  -47.332  -64.980  6.568 0.1000000015
23796  -48.633  -65.256  5.680 0.1000000015
23783  -49.329  -65.302  6.006 0.1000000015
23797  -49.218  -65.325  5.635 0.1000000015
23799  -50.671  -65.640  5.342 0.1000000015
22838  -51.475  -65.962  5.213 0.1000000015
22839  -52.349  -66.266  5.111 0.1000000015
15055  -47.604  -73.405  11.495 0.2000000030
15091  -48.691  -73.020  9.520 0.2000000030
16039  -48.652  -72.053  8.104 0.3000000119
16038  -47.879  -71.563  8.487 0.3000000119
15054  -46.730  -73.259  11.754 0.2000000030
115627  -48.179  -73.459  11.008 0.2000000030
15090  -47.970  -72.729  9.840 0.2000000030
16027  -48.333  -72.282  9.009 0.3000000119
16026  -47.599  -71.988  9.429 0.3000000119
18826  -42.236  -69.724  13.688 0.3000000119
17886  -42.579  -70.446  13.580 0.3000000119
17898  -43.049  -70.683  12.238 0.3000000119
16963  -43.708  -71.092  11.846 0.3000000119
103426  -42.872  -68.690  14.854 0.3000000119
109947  -42.558  -69.328  14.510 0.3000000119
16948  -42.796  -70.976  13.093 0.3000000119
16953  -43.327  -71.410  12.613 0.3000000119
16965  -45.105  -71.778  11.213 0.3000000119
111538  -46.222  -67.375  13.239 0.2000000030
20778  -44.861  -67.756  14.229 0.3000000119
16010  -45.806  -72.069  10.857 0.2000000030
21769  -45.966  -66.582  13.021 0.2000000030
22743  -45.648  -65.868  12.966 0.2000000030
22752  -46.480  -65.941  12.537 0.2000000030
22742  -45.208  -65.245  13.067 0.3000000119
22751  -45.936  -65.240  12.720 0.3000000119
23675  -45.472  -64.529  12.888 0.3000000119
24537  -44.963  -63.822  13.107 0.2000000030
23685  -46.210  -64.523  12.557 0.3000000119
23686  -46.934  -64.583  12.248 0.2000000030
24554  -46.570  -63.873  12.379 0.2000000030
25530  -46.644  -62.865  12.267 0.2000000030
26545  -47.602  -61.589  11.651 0.1000000015
29401  -46.131  -58.376  8.353 0.1000000015
30347  -47.282  -57.657  9.148 0.1000000015
30362  -47.936  -57.040  8.990 0.1000000015
31266  -48.854  -56.622  9.202 0.1000000015
27462  -45.493  -59.671  7.765 0.1000000015
29412  -46.000  -58.766  7.646 0.1000000015
30369  -46.526  -58.068  7.630 0.1000000015
31293  -48.385  -56.613  7.441 0.1000000015
27471  -45.254  -60.721  7.619 0.1000000015
28444  -46.074  -59.308  7.043 0.1000000015
100799  -46.795  -58.878  6.635 0.1000000015
29416  -47.076  -58.032  6.753 0.1000000015
30374  -47.765  -57.683  6.594 0.1000000015
27482  -45.668  -61.059  7.148 0.1000000015
27483  -46.125  -61.331  6.855 0.1000000015
28453  -48.158  -59.578  5.933 0.1000000015
27490  -47.655  -60.815  6.079 0.1000000015
26613  -47.121  -62.084  6.524 0.1000000015
26626  -47.554  -63.097  6.691 0.1000000015
26627  -48.485  -62.753  6.214 0.1000000015
25648  -47.836  -64.257  6.703 0.1000000015
24692  -48.194  -64.917  6.351 0.1000000015
24712  -48.665  -65.267  6.108 0.1000000015
23798  -50.077  -65.515  5.394 0.1000000015
14112  -46.096  -74.049  14.259 0.3000000119
15029  -45.494  -73.635  13.814 0.3000000119
15040  -45.643  -73.452  12.877 0.3000000119
15053  -45.879  -73.174  12.013 0.2000000030
15075  -46.988  -72.922  10.956 0.2000000030
16011  -47.265  -72.489  10.192 0.2000000030
15028  -44.829  -73.241  13.330 0.3000000119
15039  -45.053  -72.949  12.390 0.3000000119
15992  -45.429  -72.525  11.599 0.3000000119
106529  -43.673  -68.679  15.045 0.3000000119
17864  -43.481  -70.492  15.013 0.3000000119
15974  -43.703  -72.243  13.614 0.3000000119
15991  -44.649  -72.223  11.937 0.3000000119
100847  -46.552  -72.267  10.541 0.2000000030
19816  -46.452  -68.224  13.668 0.2000000030
104995  -44.609  -68.579  14.825 0.3000000119
18813  -45.189  -69.249  15.031 0.3000000119
20799  -47.000  -67.709  12.917 0.2000000030
20814  -47.643  -67.247  12.311 0.2000000030
21781  -47.345  -66.338  12.219 0.2000000030
22753  -47.280  -65.424  12.146 0.3000000119
23687  -47.681  -64.601  11.906 0.2000000030
24555  -47.282  -63.809  12.073 0.2000000030
27491  -48.482  -60.474  5.756 0.1000000015
26628  -49.392  -62.229  5.794 0.1000000015
25649  -48.958  -63.822  6.362 0.1000000015
102126  -46.312  -73.951  15.667 0.1000000015
15013  -46.332  -73.387  16.054 0.2000000030
14095  -46.118  -74.098  15.099 0.3000000119
15020  -45.514  -73.635  14.764 0.3000000119
15965  -45.141  -72.962  15.265 0.3000000119
16919  -43.875  -71.182  15.120 0.3000000119
16920  -44.598  -71.345  15.518 0.3000000119
118987  -46.290  -68.733  14.165 0.3000000119
18814  -46.110  -69.250  14.576 0.3000000119
18796  -45.777  -70.094  15.216 0.3000000119
17866  -45.096  -70.742  15.628 0.3000000119
19817  -47.349  -68.520  13.252 0.2000000030
20800  -47.703  -68.035  12.672 0.2000000030
105714  -48.401  -67.266  11.873 0.1000000015
22754  -47.884  -65.934  11.909 0.2000000030
20831  -49.833  -67.185  11.256 0.1000000015
22769  -48.670  -65.961  11.580 0.2000000030
22768  -48.097  -65.296  11.752 0.2000000030
106030  -48.746  -65.200  11.494 0.3000000119
15953  -45.761  -72.585  15.844 0.3000000119
119466  -46.016  -71.509  15.805 0.3000000119
110697  -45.903  -70.992  15.634 0.3000000119
112272  -47.431  -69.872  14.020 0.3000000119
17877  -46.803  -70.009  14.585 0.3000000119
18827  -47.758  -69.397  13.475 0.2000000030
19818  -48.253  -68.819  12.761 0.2000000030
19834  -49.850  -69.246  11.948 0.1000000015
121607  -50.037  -67.840  11.272 0.1000000015
20832  -50.716  -67.604  10.868 0.1000000015
21793  -49.640  -66.346  11.250 0.1000000015
16923  -47.642  -71.684  15.378 0.3000000119
16924  -48.446  -71.922  15.115 0.2000000030
16922  -46.677  -71.444  15.605 0.3000000119
17867  -46.594  -70.674  15.153 0.3000000119
17868  -47.280  -71.055  14.963 0.3000000119
18828  -48.570  -69.833  13.157 0.2000000030
18816  -48.096  -70.263  13.747 0.3000000119
120083  -47.077  -70.583  14.741 0.3000000119
18842  -49.870  -69.933  12.402 0.2000000030
18829  -49.393  -70.301  12.935 0.2000000030
18844  -52.542  -69.986  11.320 0.1000000015
18843  -50.854  -69.887  11.860 0.1000000015
18845  -54.310  -70.096  10.989 0.1000000015
18863  -51.620  -69.411  11.192 0.1000000015
19835  -50.698  -69.024  11.393 0.1000000015
114045  -50.727  -68.303  11.038 0.1000000015
18864  -52.724  -69.294  10.618 0.1000000015
19854  -51.652  -68.808  10.795 0.1000000015
20833  -51.664  -68.142  10.542 0.1000000015
21795  -51.631  -67.409  10.449 0.1000000015
120119  -48.653  -71.658  14.490 0.2000000030
17879  -49.245  -71.609  13.972 0.2000000030
17869  -48.010  -71.354  14.697 0.2000000030
17888  -49.721  -71.090  13.326 0.2000000030
108315  -48.406  -71.062  14.097 0.2000000030
17889  -51.054  -71.164  12.894 0.1000000015
18830  -50.368  -70.657  12.695 0.2000000030
17899  -53.141  -70.675  11.986 0.1000000015
113663  -53.826  -69.607  10.545 0.1000000015
19855  -52.763  -68.662  10.309 0.1000000015
19871  -53.654  -68.478  10.099 0.1000000015
20843  -52.737  -68.016  10.172 0.1000000015
103666  -55.460  -69.853  11.038 0.1000000015
18865  -54.750  -69.459  10.473 0.1000000015
19857  -54.698  -68.846  10.253 0.1000000015
19872  -54.294  -68.530  10.086 0.1000000015
19836  -55.275  -69.160  10.709 0.1000000015
16108  -46.176  -71.239  2.718 0.4000000060
17080  -46.488  -70.327  2.979 0.5000000000
110522  -46.829  -72.254  1.702 0.5000000000
16114  -47.591  -71.447  1.801 0.4000000060
12413  -44.056  -76.166  1.575 0.5000000000
14277  -45.902  -74.747  1.168 0.5000000000
16113  -46.027  -72.243  2.431 0.6000000238
13378  -44.363  -75.321  2.118 0.5000000000
12425  -42.454  -76.682  1.521 0.5000000000
11407  -45.224  -78.011  0.404 0.5000000000
18977  -45.645  -68.767  3.851 0.4000000060
14254  -39.907  -74.638  3.941 0.4000000060
106620  -39.571  -74.999  3.098 0.4000000060
15142  -39.815  -73.334  4.578 0.4000000060
18019  -39.151  -71.253  4.234 0.3000000119
16082  -39.405  -72.567  4.547 0.4000000060
13388  -49.397  -75.403  0.685 0.2000000030
18021  -47.469  -70.156  3.913 0.5000000000
118518  -46.766  -71.483  2.210 0.4000000060
21852  -40.928  -66.412  6.902 0.3000000119
20880  -43.217  -67.502  5.096 0.4000000060
14259  -44.250  -74.130  3.453 0.6000000238
14260  -44.860  -73.837  3.009 0.6000000238
15168  -45.343  -73.139  2.773 0.6000000238
15174  -46.085  -73.160  1.929 0.6000000238
14268  -44.666  -74.551  2.631 0.5000000000
103641  -45.030  -68.875  3.282 0.4000000060
17078  -43.647  -71.403  3.581 0.5000000000
15166  -43.765  -73.661  4.015 0.6000000238
15146  -43.846  -72.908  4.076 0.5000000000
13364  -43.055  -75.156  3.295 0.5000000000
13365  -43.912  -74.909  3.023 0.5000000000
20904  -44.380  -67.482  4.124 0.4000000060
20902  -42.809  -66.860  4.698 0.4000000060
16086  -43.151  -72.717  4.296 0.5000000000
14233  -42.135  -74.027  4.462 0.4000000060
15145  -42.604  -73.320  4.465 0.5000000000
13363  -42.122  -75.281  3.471 0.5000000000
20918  -44.184  -67.027  3.681 0.4000000060
17077  -42.564  -71.499  3.650 0.5000000000
15144  -41.649  -73.211  4.618 0.4000000060
14232  -41.195  -74.060  4.521 0.5000000000
18036  -43.023  -70.989  3.085 0.5000000000
17058  -42.077  -71.921  4.118 0.4000000060
15143  -40.691  -73.347  4.636 0.4000000060
17057  -40.813  -72.093  4.466 0.4000000060
18048  -42.437  -70.629  2.270 0.4000000060
19004  -43.642  -69.894  1.943 0.4000000060
17076  -41.656  -71.439  3.757 0.4000000060
17056  -39.897  -71.822  4.438 0.4000000060
17036  -47.193  -71.166  5.485 0.5000000000
19880  -42.455  -68.611  9.710 0.5000000000
21822  -40.648  -66.250  9.293 0.3000000119
23741  -40.660  -64.561  9.175 0.2000000030
21851  -40.596  -66.039  7.531 0.3000000119
21882  -41.343  -66.011  5.527 0.4000000060
22825  -40.716  -65.026  6.482 0.3000000119
23770  -40.942  -64.046  6.704 0.3000000119
23782  -41.218  -64.388  5.642 0.3000000119
22853  -41.843  -65.266  4.314 0.3000000119
21914  -42.990  -66.019  3.540 0.3000000119
20929  -44.650  -67.337  2.895 0.3000000119
20928  -44.399  -66.819  3.027 0.3000000119
21921  -44.042  -66.209  2.462 0.3000000119
22858  -43.238  -65.618  2.815 0.2000000030
19005  -44.136  -69.409  1.422 0.3000000119
116242  -44.644  -67.297  1.704 0.2000000030
18060  -43.116  -70.404  0.999 0.3000000119
19015  -44.046  -69.893  0.138 0.2000000030
18059  -42.432  -70.421  1.167 0.3000000119
19002  -41.645  -70.096  1.063 0.2000000030
109826  -44.935  -67.977  0.187 0.2000000030
117252  -44.529  -69.589  -0.237 0.2000000030
21968  -45.939  -66.513  -1.437 0.1000000015
17025  -46.110  -71.184  7.289 0.4000000060
17985  -45.540  -70.900  7.561 0.4000000060
18004  -47.651  -70.936  4.676 0.5000000000
18921  -43.227  -69.431  8.695 0.5000000000
109417  -41.191  -67.527  11.225 0.4000000060
104898  -40.627  -65.250  11.182 0.3000000119
24571  -41.056  -63.962  11.653 0.2000000030
101797  -42.197  -62.998  9.984 0.1000000015
24593  -41.492  -63.482  11.284 0.1000000015
103429  -41.643  -63.255  6.973 0.2000000030
24636  -42.068  -63.159  8.318 0.2000000030
24688  -41.659  -63.724  5.268 0.2000000030
24689  -42.164  -63.104  5.536 0.2000000030
23808  -42.477  -64.388  3.104 0.2000000030
23795  -42.012  -64.443  3.869 0.2000000030
22866  -43.230  -64.967  2.030 0.2000000030
114480  -43.098  -62.599  5.363 0.2000000030
24739  -42.733  -63.700  2.838 0.1000000015
24724  -42.928  -63.102  3.118 0.1000000015
24740  -43.285  -63.471  2.238 0.1000000015
24759  -43.801  -63.612  1.374 0.1000000015
22876  -43.654  -64.858  1.172 0.2000000030
22877  -44.289  -65.838  0.828 0.2000000030
24760  -44.338  -63.296  1.299 0.1000000015
25696  -44.515  -62.720  2.577 0.1000000015
23864  -44.361  -64.351  0.175 0.1000000015
22890  -44.545  -65.371  -0.154 0.1000000015
115105  -45.396  -63.059  1.611 0.1000000015
22904  -45.025  -65.229  -0.752 0.1000000015
115338  -45.642  -67.243  -1.271 0.1000000015
24788  -46.521  -63.567  0.172 0.1000000015
24789  -47.437  -63.860  0.414 0.1000000015
23840  -49.397  -64.935  1.629 0.1000000015
105900  -50.904  -73.656  2.483 0.3000000119
16109  -50.047  -72.707  2.399 0.3000000119
16088  -50.337  -72.925  3.172 0.3000000119
17061  -48.393  -71.807  4.677 0.3000000119
17037  -47.786  -71.679  5.627 0.3000000119
17032  -48.181  -71.835  6.705 0.3000000119
119423  -48.674  -71.608  3.687 0.3000000119
17970  -45.966  -70.898  8.201 0.4000000060
17026  -46.738  -71.066  7.970 0.4000000060
20829  -41.673  -68.230  11.287 0.4000000060
104356  -43.540  -69.681  9.419 0.4000000060
17968  -44.802  -70.274  8.999 0.4000000060
19814  -41.225  -67.879  13.073 0.4000000060
22737  -41.101  -65.167  13.238 0.3000000119
23672  -42.889  -64.644  13.629 0.3000000119
25543  -41.894  -62.932  12.034 0.2000000030
26521  -43.137  -61.855  12.050 0.1000000015
25568  -42.597  -62.604  9.783 0.1000000015
116788  -43.001  -62.532  9.087 0.1000000015
26589  -43.710  -61.961  8.788 0.1000000015
24654  -44.292  -63.183  7.776 0.2000000030
25628  -43.609  -63.018  6.787 0.1000000015
25643  -43.621  -62.748  5.920 0.1000000015
113597  -43.450  -62.682  3.747 0.1000000015
109973  -45.029  -62.862  4.621 0.1000000015
102038  -45.733  -63.315  4.859 0.1000000015
103702  -45.464  -62.865  2.497 0.1000000015
25698  -46.994  -63.392  2.897 0.1000000015
24762  -46.936  -63.564  1.162 0.1000000015
24741  -47.461  -63.684  2.218 0.1000000015
24743  -49.092  -64.395  3.421 0.1000000015
116719  -49.697  -64.873  3.682 0.1000000015
16053  -49.848  -72.548  6.691 0.2000000030
15147  -51.333  -73.879  3.179 0.2000000030
16051  -48.249  -71.706  7.648 0.3000000119
17912  -42.808  -69.957  11.777 0.3000000119
17947  -44.246  -69.987  9.725 0.4000000060
19794  -41.891  -67.825  14.320 0.3000000119
21750  -42.630  -66.711  14.277 0.3000000119
25510  -43.662  -62.819  13.126 0.1000000015
26541  -43.629  -61.271  11.622 0.1000000015
25527  -44.178  -62.035  12.799 0.1000000015
27414  -44.935  -60.667  11.924 0.1000000015
27425  -44.662  -60.373  11.335 0.1000000015
26559  -43.540  -61.314  10.656 0.1000000015
26560  -44.081  -60.726  10.081 0.1000000015
27441  -44.960  -59.842  10.770 0.1000000015
27454  -44.424  -60.515  9.191 0.1000000015
25607  -44.202  -62.376  8.184 0.1000000015
116786  -44.742  -64.187  6.899 0.1000000015
25645  -45.402  -64.570  7.095 0.1000000015
25629  -45.755  -64.069  7.403 0.1000000015
24710  -47.501  -64.570  5.417 0.1000000015
15102  -49.988  -73.023  8.337 0.2000000030
18810  -42.139  -68.648  14.359 0.3000000119
17897  -42.431  -70.137  12.737 0.3000000119
20797  -44.599  -66.907  13.858 0.3000000119
20777  -43.901  -67.404  14.413 0.3000000119
20798  -45.435  -67.137  13.556 0.3000000119
24553  -45.756  -63.580  12.711 0.2000000030
104399  -45.624  -62.610  12.642 0.1000000015
26525  -46.136  -61.291  12.057 0.1000000015
26543  -45.793  -60.663  11.808 0.1000000015
27426  -47.220  -60.295  11.343 0.1000000015
114590  -47.178  -59.694  11.023 0.1000000015
28400  -48.774  -59.499  10.841 0.1000000015
28399  -47.944  -59.425  10.825 0.1000000015
29374  -49.242  -58.886  10.588 0.1000000015
29371  -46.770  -58.604  10.210 0.1000000015
29373  -48.411  -58.776  10.532 0.1000000015
29390  -48.040  -58.014  10.229 0.1000000015
30349  -49.289  -57.318  9.918 0.1000000015
30333  -51.227  -57.689  10.342 0.1000000015
31247  -51.776  -56.902  10.128 0.1000000015
28414  -45.342  -59.314  9.268 0.1000000015
29370  -45.930  -58.782  9.817 0.1000000015
29387  -45.874  -58.725  9.016 0.1000000015
107976  -47.778  -57.580  9.690 0.1000000015
29388  -46.551  -58.242  9.291 0.1000000015
30348  -48.432  -57.373  9.793 0.1000000015
30350  -49.638  -56.678  9.535 0.1000000015
31270  -52.183  -56.039  9.833 0.1000000015
27461  -44.848  -60.417  8.336 0.1000000015
29400  -45.624  -59.056  8.390 0.1000000015
26600  -44.720  -61.558  7.961 0.1000000015
26611  -45.695  -62.435  7.263 0.1000000015
25630  -46.686  -63.803  7.222 0.1000000015
24711  -48.057  -65.240  6.097 0.1000000015
14134  -47.258  -73.640  12.295 0.2000000030
15077  -48.391  -73.290  10.337 0.2000000030
15041  -46.464  -73.554  12.545 0.3000000119
15076  -47.709  -73.090  10.624 0.2000000030
17876  -42.792  -70.116  14.395 0.3000000119
16954  -43.969  -71.802  12.270 0.3000000119
19797  -44.034  -68.071  14.718 0.3000000119
18811  -43.345  -69.487  15.092 0.3000000119
16949  -43.247  -71.615  13.425 0.3000000119
17887  -42.998  -71.003  14.095 0.3000000119
15982  -43.603  -72.002  12.918 0.3000000119
20779  -45.725  -67.788  13.789 0.3000000119
21780  -46.756  -66.857  12.652 0.2000000030
111187  -46.562  -65.168  12.423 0.3000000119
25545  -46.773  -61.807  12.017 0.1000000015
25546  -47.404  -62.329  11.858 0.2000000030
26544  -46.815  -60.897  11.693 0.1000000015
30360  -46.786  -57.806  8.393 0.1000000015
30361  -47.370  -57.349  8.421 0.1000000015
31267  -49.579  -56.078  8.935 0.1000000015
29415  -46.498  -58.399  7.091 0.1000000015
30370  -47.153  -57.439  7.604 0.1000000015
30373  -47.331  -57.389  6.955 0.1000000015
104015  -46.113  -60.305  6.823 0.1000000015
28445  -47.261  -59.687  6.297 0.1000000015
27484  -46.756  -60.836  6.517 0.1000000015
105272  -48.145  -61.642  5.985 0.1000000015
15030  -46.245  -73.823  13.369 0.3000000119
14122  -47.019  -73.903  13.047 0.3000000119
15019  -44.866  -73.232  14.349 0.3000000119
15983  -44.190  -72.581  12.854 0.3000000119
15975  -44.242  -72.806  13.888 0.3000000119
18812  -44.234  -69.311  15.252 0.3000000119
16939  -43.568  -71.658  14.359 0.3000000119
18795  -44.743  -69.968  15.428 0.3000000119
16940  -44.164  -71.883  15.058 0.3000000119
19798  -45.623  -68.487  14.349 0.3000000119
21782  -48.116  -66.600  11.876 0.2000000030
23700  -48.446  -64.574  11.585 0.2000000030
24573  -48.074  -63.839  11.697 0.2000000030
106586  -48.429  -63.167  11.543 0.2000000030
14102  -46.724  -74.572  14.663 0.1000000015
15919  -46.622  -72.761  16.202 0.2000000030
15012  -45.806  -73.475  15.497 0.3000000119
15964  -44.492  -72.576  14.808 0.3000000119
15952  -44.868  -72.151  15.550 0.3000000119
18815  -46.904  -69.102  13.989 0.3000000119
20801  -48.339  -67.945  12.195 0.2000000030
20830  -48.937  -66.849  11.558 0.1000000015
20815  -49.160  -67.742  11.644 0.1000000015
16885  -47.173  -72.236  16.060 0.3000000119
112377  -46.223  -72.029  15.946 0.3000000119
19819  -49.124  -69.469  12.535 0.2000000030
19833  -49.049  -68.619  12.072 0.2000000030
20816  -49.873  -68.459  11.555 0.1000000015
17878  -47.600  -70.593  14.393 0.3000000119
18817  -48.879  -70.732  13.502 0.2000000030
18831  -51.604  -70.633  12.267 0.1000000015
17880  -50.174  -71.698  13.747 0.2000000030
17890  -52.050  -71.227  12.847 0.1000000015
19856  -53.990  -69.039  10.181 0.1000000015
11404  -41.944  -77.132  0.990 0.3000000119
11419  -42.542  -78.311  0.705 0.3000000119
11418  -41.865  -77.842  0.424 0.3000000119
8682  -44.086  -80.514  -3.035 0.2000000030
115468  -43.042  -81.483  -2.676 0.2000000030
9504  -42.334  -79.331  0.418 0.4000000060
9528  -42.158  -79.755  -0.996 0.3000000119
10433  -41.902  -78.508  -0.930 0.3000000119
9529  -42.863  -80.299  -1.752 0.3000000119
104929  -41.609  -77.488  -0.573 0.4000000060
9540  -43.658  -79.145  -2.502 0.3000000119
9541  -44.560  -79.829  -3.293 0.2000000030
116614  -41.383  -77.063  0.570 0.4000000060
104291  -41.302  -77.148  -0.069 0.4000000060
10434  -42.716  -77.875  -1.874 0.4000000060
105331  -41.146  -76.667  1.012 0.4000000060
8694  -44.738  -79.517  -3.704 0.3000000119
12433  -40.895  -76.472  0.256 0.4000000060
10443  -43.784  -77.390  -2.762 0.3000000119
10444  -44.648  -78.442  -3.454 0.4000000060
12423  -40.885  -76.265  1.549 0.4000000060
11436  -41.416  -76.551  -0.856 0.4000000060
11463  -44.218  -77.151  -3.430 0.3000000119
13374  -40.687  -75.831  2.269 0.4000000060
12451  -40.979  -76.085  -0.675 0.4000000060
12470  -42.353  -75.981  -2.141 0.4000000060
13385  -40.218  -75.794  1.425 0.4000000060
12469  -41.498  -75.828  -1.617 0.4000000060
11479  -43.606  -76.541  -3.385 0.3000000119
12450  -40.386  -75.728  -0.219 0.4000000060
12485  -42.884  -76.169  -2.694 0.4000000060
13396  -39.980  -75.563  0.555 0.4000000060
12468  -40.656  -75.631  -1.199 0.4000000060
12498  -42.584  -76.066  -3.147 0.3000000119
108877  -40.931  -75.572  -1.977 0.4000000060
12484  -41.920  -75.797  -2.456 0.3000000119
105421  -43.014  -76.489  -3.940 0.2000000030
13373  -39.856  -75.414  2.166 0.3000000119
13384  -39.547  -75.289  1.254 0.4000000060
13395  -39.393  -75.182  0.398 0.4000000060
12467  -40.082  -75.580  -1.465 0.4000000060
12483  -40.941  -75.854  -2.720 0.4000000060
11478  -41.900  -76.435  -3.775 0.2000000030
11477  -40.712  -76.587  -3.540 0.2000000030
10481  -41.371  -77.793  -5.155 0.3000000119
14253  -38.744  -74.392  3.120 0.3000000119
14267  -38.963  -74.826  2.080 0.3000000119
13383  -38.849  -74.847  0.998 0.3000000119
12482  -39.937  -75.972  -2.278 0.3000000119
11491  -41.071  -77.213  -4.357 0.2000000030
110854  -41.651  -78.304  -6.044 0.2000000030
118340  -38.735  -73.863  3.887 0.3000000119
13417  -39.289  -75.267  -0.329 0.4000000060
11461  -40.061  -76.426  -2.987 0.1000000015
15165  -38.252  -73.088  3.965 0.3000000119
14276  -38.182  -74.442  1.516 0.3000000119
13394  -38.647  -75.004  0.194 0.2000000030
120236  -38.539  -75.884  -1.191 0.2000000030
110633  -40.470  -77.885  -4.809 0.1000000015
113220  -40.408  -78.333  -5.597 0.2000000030
116039  -37.531  -74.353  1.137 0.2000000030
13393  -37.702  -75.106  0.107 0.2000000030
12466  -38.164  -76.574  -1.734 0.1000000015
11460  -39.252  -76.792  -2.808 0.1000000015
10480  -39.670  -78.182  -4.800 0.1000000015
16104  -37.864  -72.241  3.919 0.2000000030
15172  -37.598  -73.420  2.583 0.3000000119
14275  -37.435  -73.860  1.743 0.3000000119
18976  -38.829  -70.096  3.364 0.2000000030
17072  -37.627  -71.408  3.624 0.1000000015
16103  -37.376  -72.096  3.230 0.3000000119
15181  -36.737  -73.362  1.425 0.2000000030
13415  -37.215  -75.676  -0.408 0.1000000015
120605  -38.826  -77.430  -3.218 0.1000000015
112052  -38.957  -78.424  -4.875 0.1000000015
10502  -39.412  -78.470  -5.447 0.1000000015
18975  -38.059  -70.207  3.391 0.2000000030
17086  -37.127  -71.387  2.811 0.2000000030
16111  -36.823  -71.981  2.260 0.2000000030
14274  -36.757  -74.124  0.952 0.1000000015
13392  -36.791  -75.181  0.039 0.1000000015
12448  -37.639  -76.139  -1.013 0.1000000015
11446  -37.446  -77.155  -2.197 0.1000000015
11475  -38.140  -77.824  -3.274 0.1000000015
115844  -38.494  -78.614  -5.648 0.1000000015
10525  -38.693  -78.595  -6.805 0.1000000015
18044  -37.078  -70.491  2.377 0.1000000015
16139  -36.297  -72.704  1.086 0.2000000030
15194  -36.239  -73.470  0.730 0.1000000015
13414  -36.355  -75.605  -0.464 0.1000000015
11445  -36.588  -77.056  -2.057 0.1000000015
10459  -37.859  -78.369  -3.944 0.1000000015
10478  -37.508  -78.597  -4.876 0.1000000015
9594  -38.225  -78.755  -7.302 0.1000000015
14284  -35.867  -74.478  -0.203 0.1000000015
11444  -35.961  -76.861  -2.021 0.1000000015
11458  -36.874  -77.596  -2.645 0.1000000015
10523  -37.087  -78.918  -6.196 0.1000000015
9593  -37.429  -78.946  -7.069 0.1000000015
11473  -36.397  -77.977  -3.287 0.1000000015
23702  -49.944  -64.861  11.017 0.2000000030
105465  -39.958  -69.885  2.500 0.2000000030
18988  -39.150  -69.618  2.670 0.1000000015
18030  -37.525  -70.619  3.187 0.1000000015
103922  -37.617  -69.323  1.919 0.1000000015
110198  -36.103  -71.945  0.589 0.1000000015
18057  -36.734  -70.480  1.530 0.1000000015
16138  -35.948  -72.844  0.331 0.1000000015
13413  -35.822  -75.248  -0.635 0.1000000015
10501  -37.586  -78.735  -5.733 0.1000000015
11474  -37.308  -78.025  -3.277 0.1000000015
13433  -35.569  -75.485  -1.319 0.1000000015
10420  -41.670  -78.385  -0.072 0.3000000119
8671  -43.841  -80.564  -2.670 0.3000000119
103362  -42.500  -79.184  -1.553 0.3000000119
11448  -42.990  -76.518  -2.334 0.4000000060
11462  -43.580  -76.576  -2.905 0.3000000119
12432  -40.516  -76.134  0.769 0.4000000060
13434  -39.960  -75.418  -0.776 0.4000000060
12497  -41.666  -75.944  -3.111 0.2000000030
11492  -42.209  -77.061  -4.589 0.2000000030
113802  -39.182  -75.939  -1.660 0.2000000030
15173  -38.133  -73.679  3.267 0.3000000119
12481  -38.948  -76.499  -2.230 0.2000000030
11490  -40.027  -77.529  -4.160 0.1000000015
12449  -39.304  -75.492  -0.997 0.4000000060
14286  -38.054  -74.693  0.743 0.2000000030
13416  -38.360  -75.455  -0.517 0.2000000030
10526  -39.632  -78.523  -6.434 0.1000000015
11459  -38.342  -77.187  -2.577 0.1000000015
118255  -38.923  -78.035  -3.990 0.1000000015
16112  -37.194  -72.616  2.580 0.3000000119
113014  -37.626  -77.595  -2.767 0.1000000015
10479  -38.339  -78.469  -4.642 0.1000000015
18987  -38.350  -69.668  2.832 0.1000000015
112850  -36.442  -71.948  1.491 0.1000000015
112945  -36.438  -74.645  0.298 0.1000000015
12447  -36.672  -76.201  -0.903 0.1000000015
10524  -37.910  -78.743  -6.472 0.1000000015
12446  -35.888  -75.989  -0.989 0.1000000015
16148  -35.732  -73.036  -0.371 0.1000000015
17096  -36.403  -71.199  1.130 0.1000000015
10401  -46.181  -79.380  0.633 0.3000000119
10400  -45.322  -79.870  0.847 0.2000000030
9494  -45.147  -80.593  1.567 0.3000000119
101515  -44.321  -79.985  0.949 0.2000000030
12429  -47.002  -77.401  -0.161 0.4000000060
11408  -46.646  -78.428  0.171 0.2000000030
119551  -45.028  -78.918  0.610 0.3000000119
9493  -44.026  -80.815  1.284 0.2000000030
105882  -45.908  -77.418  0.124 0.4000000060
10399  -44.392  -79.138  0.779 0.2000000030
120388  -43.172  -80.599  0.753 0.2000000030
8642  -43.277  -81.431  1.190 0.1000000015
10398  -43.448  -78.766  0.872 0.3000000119
8641  -42.536  -81.798  0.334 0.1000000015
8655  -42.421  -81.807  -0.749 0.1000000015
9518  -42.484  -80.902  -0.649 0.1000000015
7046  -42.227  -82.249  -0.673 0.1000000015
7058  -42.149  -82.322  -1.204 0.1000000015
7836  -42.517  -81.852  -1.474 0.1000000015
11406  -44.011  -77.959  0.831 0.3000000119
10405  -43.194  -79.731  0.853 0.2000000030
9505  -42.689  -80.752  0.321 0.2000000030
7835  -42.543  -81.966  -1.908 0.1000000015
7057  -41.895  -82.382  -1.673 0.1000000015
12426  -43.401  -76.780  1.286 0.2000000030
7850  -43.093  -81.424  -2.284 0.1000000015
7848  -41.557  -82.148  -2.295 0.1000000015
7849  -42.314  -82.006  -2.237 0.1000000015
9517  -41.951  -79.658  -0.215 0.3000000119
115095  -43.648  -81.003  -2.645 0.1000000015
7867  -42.242  -81.732  -2.920 0.1000000015
7851  -43.749  -80.902  -2.855 0.1000000015
11405  -42.891  -77.485  0.998 0.2000000030
8692  -43.761  -80.851  -3.344 0.1000000015
8693  -44.276  -80.217  -3.338 0.1000000015
7880  -41.897  -81.293  -3.900 0.1000000015
7881  -42.997  -81.298  -3.581 0.1000000015
8705  -44.642  -79.926  -3.973 0.1000000015
115139  -44.204  -80.381  -3.781 0.1000000015
9564  -44.628  -79.573  -4.625 0.1000000015
8702  -41.407  -80.801  -4.905 0.1000000015
8703  -42.571  -80.863  -4.791 0.1000000015
8704  -43.673  -80.716  -4.145 0.1000000015
109054  -44.264  -80.155  -4.492 0.1000000015
10460  -44.776  -77.734  -3.976 0.3000000119
8716  -42.668  -80.593  -5.930 0.1000000015
105845  -44.270  -77.005  0.947 0.3000000119
8670  -42.988  -81.248  -1.818 0.1000000015
112442  -43.525  -80.323  -5.377 0.1000000015
8701  -40.841  -80.945  -4.096 0.1000000015
10461  -44.970  -78.697  -3.984 0.2000000030
8729  -43.572  -79.870  -6.495 0.1000000015
8728  -43.377  -80.213  -7.625 0.1000000015
9595  -43.484  -79.411  -7.165 0.2000000030
7923  -43.070  -81.294  -8.543 0.1000000015
10504  -44.347  -78.375  -5.758 0.2000000030
9596  -44.137  -79.124  -6.188 0.2000000030
8735  -43.303  -80.425  -8.454 0.2000000030
10529  -43.677  -78.734  -6.588 0.1000000015
8758  -42.903  -80.562  -9.056 0.1000000015
9615  -43.172  -79.539  -8.174 0.2000000030
10551  -42.856  -78.875  -7.503 0.1000000015
10483  -44.902  -78.572  -4.543 0.2000000030
9631  -42.735  -79.733  -8.931 0.1000000015
9614  -42.316  -79.044  -8.453 0.1000000015
11494  -44.594  -77.510  -4.434 0.2000000030
10482  -44.799  -78.074  -5.002 0.2000000030
113158  -42.844  -78.411  -6.505 0.1000000015
10550  -41.624  -78.634  -7.670 0.1000000015
10503  -43.689  -78.108  -6.035 0.1000000015
11480  -44.349  -77.074  -3.885 0.2000000030
11493  -43.982  -76.885  -4.236 0.2000000030
113409  -43.252  -77.050  -4.721 0.2000000030
10528  -41.960  -78.538  -6.898 0.1000000015
11504  -42.722  -77.732  -5.519 0.1000000015
9578  -44.752  -78.906  -5.178 0.1000000015
11420  -47.587  -78.367  0.388 0.2000000030
9495  -46.046  -80.182  1.317 0.1000000015
14236  -51.346  -74.045  2.864 0.1000000015
14135  -47.946  -73.736  12.159 0.1000000015
109930  -51.663  -73.303  7.319 0.1000000015
15114  -51.788  -73.240  6.314 0.1000000015
15092  -49.497  -73.310  9.253 0.1000000015
14124  -48.570  -74.160  12.465 0.2000000030
14155  -48.406  -73.734  11.648 0.1000000015
15104  -52.265  -73.697  8.080 0.1000000015
14123  -47.763  -74.023  12.786 0.2000000030
14156  -48.830  -73.707  10.945 0.1000000015
15093  -50.365  -73.638  9.046 0.1000000015
15103  -50.991  -73.440  8.177 0.1000000015
11421  -48.003  -77.564  0.066 0.2000000030
14263  -50.951  -74.125  2.027 0.1000000015
14173  -49.131  -73.578  10.110 0.1000000015
14113  -46.765  -74.262  13.791 0.2000000030
15115  -52.784  -73.469  6.805 0.1000000015
14157  -49.718  -74.059  10.792 0.1000000015
120055  -47.970  -78.242  0.558 0.1000000015
10402  -47.217  -79.250  0.742 0.1000000015
16925  -49.200  -72.116  14.814 0.1000000015
16887  -48.981  -72.284  15.748 0.1000000015
118524  -47.833  -72.589  16.456 0.1000000015
14990  -47.570  -73.458  16.847 0.1000000015
16886  -48.124  -72.190  15.865 0.1000000015
15924  -51.236  -72.452  15.925 0.1000000015
15923  -50.434  -72.503  16.588 0.1000000015
15922  -49.528  -72.532  16.723 0.1000000015
14972  -48.593  -73.398  17.439 0.1000000015
16888  -50.022  -72.378  15.564 0.1000000015
14971  -48.083  -73.037  17.021 0.1000000015
13172  -47.414  -74.806  16.168 0.1000000015
16926  -50.849  -72.334  14.837 0.1000000015
15885  -50.134  -73.234  18.065 0.1000000015
15898  -50.309  -72.722  17.394 0.1000000015
15897  -48.904  -72.876  17.267 0.1000000015
113404  -48.719  -73.938  17.705 0.1000000015
16941  -50.693  -72.048  14.137 0.1000000015
16942  -51.473  -72.112  14.205 0.1000000015
16870  -52.123  -72.488  16.786 0.1000000015
15899  -51.165  -72.572  17.122 0.1000000015
16889  -52.445  -72.412  15.755 0.1000000015
17881  -51.121  -71.646  13.528 0.1000000015
23701  -49.187  -64.674  11.327 0.1000000015
24574  -48.956  -63.806  11.392 0.1000000015
25569  -49.893  -62.492  10.881 0.1000000015
16928  -52.910  -72.243  14.793 0.1000000015
22770  -49.427  -65.476  11.270 0.1000000015
105929  -47.688  -63.050  11.833 0.1000000015
25547  -48.273  -62.324  11.528 0.1000000015
23720  -50.280  -64.117  10.834 0.1000000015
26563  -50.668  -61.660  10.737 0.1000000015
26546  -49.135  -61.926  11.181 0.1000000015
120567  -50.265  -62.034  10.782 0.1000000015
112961  -51.949  -72.738  17.629 0.1000000015
15886  -51.174  -73.055  18.109 0.1000000015
14989  -46.982  -73.446  16.482 0.1000000015
14096  -46.724  -74.455  15.524 0.1000000015
15920  -47.366  -72.924  16.551 0.1000000015
111696  -50.002  -72.148  14.449 0.1000000015
114042  -49.082  -62.851  11.235 0.1000000015
15921  -48.556  -72.545  16.568 0.1000000015
14079  -47.385  -74.160  16.694 0.1000000015
16927  -51.825  -72.369  14.935 0.1000000015
24595  -49.726  -63.437  11.005 0.1000000015
19001  -40.742  -69.680  1.478 0.1000000015
19012  -41.021  -69.409  0.766 0.1000000015
19003  -42.300  -70.221  0.482 0.1000000015
11394  -46.576  -78.844  2.653 0.1000000015
9482  -46.053  -80.171  2.356 0.1000000015
9488  -46.327  -80.216  1.718 0.1000000015
10390  -45.827  -79.262  2.983 0.1000000015
9481  -45.190  -80.126  2.864 0.1000000015
10394  -46.721  -79.696  2.187 0.1000000015
11389  -45.907  -78.056  3.363 0.1000000015
11390  -46.851  -77.929  2.816 0.1000000015
11395  -47.363  -79.009  1.929 0.1000000015
10381  -44.950  -78.190  3.729 0.1000000015
11383  -45.221  -77.180  4.203 0.1000000015
12399  -46.158  -77.025  3.730 0.1000000015
12318  -48.108  -77.184  8.839 0.1000000015
101992  -48.717  -78.336  8.340 0.1000000015
8574  -46.302  -80.369  6.342 0.1000000015
9447  -45.334  -80.289  6.409 0.1000000015
9417  -44.501  -79.403  6.830 0.1000000015
10395  -47.090  -79.547  1.414 0.1000000015
9445  -43.110  -79.944  6.813 0.1000000015
113756  -43.882  -78.664  7.114 0.1000000015
11382  -44.218  -77.314  4.530 0.1000000015
10330  -42.590  -78.972  6.886 0.1000000015
10353  -42.192  -78.065  6.528 0.1000000015
11367  -42.331  -77.345  5.772 0.1000000015
11381  -43.232  -77.440  4.795 0.1000000015
12370  -43.583  -76.677  5.468 0.1000000015
12386  -44.712  -76.417  5.151 0.1000000015
12387  -45.642  -76.353  4.604 0.1000000015
9443  -41.421  -79.400  6.443 0.1000000015
10366  -41.300  -78.238  5.515 0.1000000015
12371  -45.000  -75.951  5.849 0.1000000015
111992  -48.412  -79.023  8.235 0.1000000015
9419  -48.036  -79.701  7.413 0.1000000015
103585  -47.356  -79.869  6.523 0.1000000015
11396  -47.749  -77.784  1.807 0.1000000015
11409  -47.887  -78.839  1.035 0.1000000015
10354  -46.241  -79.853  6.281 0.1000000015
9418  -45.418  -79.433  6.632 0.1000000015
10355  -46.876  -79.602  6.242 0.1000000015
9489  -46.727  -79.855  1.130 0.1000000015
11335  -42.915  -77.490  6.703 0.1000000015
11359  -43.007  -76.916  6.358 0.1000000015
12369  -42.875  -76.829  5.970 0.1000000015
12336  -44.160  -76.688  6.679 0.1000000015
12355  -43.647  -76.528  6.210 0.1000000015
103939  -44.253  -76.229  5.851 0.1000000015
12372  -45.440  -75.978  5.312 0.1000000015
121168  -49.035  -77.465  8.586 0.1000000015
12304  -49.837  -76.952  9.351 0.1000000015
11275  -50.033  -77.205  10.270 0.1000000015
9399  -48.303  -79.455  7.946 0.1000000015
10314  -48.736  -78.960  7.839 0.1000000015
12400  -47.129  -76.827  3.152 0.1000000015
9420  -48.330  -79.332  7.195 0.1000000015
101315  -47.379  -79.644  6.389 0.1000000015
10333  -46.097  -78.891  6.685 0.1000000015
10332  -44.765  -78.482  7.087 0.1000000015
11337  -44.370  -77.332  7.069 0.1000000015
113305  -43.693  -77.825  7.111 0.1000000015
11338  -45.394  -77.705  7.094 0.1000000015
13322  -45.385  -75.981  6.164 0.1000000015
12337  -44.923  -76.796  6.893 0.1000000015
12357  -45.512  -76.432  6.580 0.1000000015
12401  -48.053  -76.475  2.431 0.1000000015
12319  -49.691  -77.361  8.624 0.1000000015
11253  -50.711  -77.864  10.949 0.1000000015
10263  -50.906  -78.646  11.857 0.1000000015
13366  -47.512  -75.842  3.730 0.1000000015
11318  -49.315  -78.307  8.097 0.1000000015
12388  -46.525  -76.129  4.193 0.1000000015
10356  -47.894  -79.266  6.600 0.1000000015
13330  -45.902  -75.696  5.809 0.1000000015
13344  -46.115  -75.722  5.008 0.1000000015
13323  -46.190  -76.015  6.312 0.1000000015
11339  -46.435  -77.876  6.926 0.1000000015
112867  -45.749  -77.049  6.988 0.1000000015
12277  -50.811  -77.346  9.525 0.1000000015
12320  -50.484  -77.442  8.692 0.1000000015
13345  -47.001  -75.460  4.733 0.1000000015
12430  -48.357  -76.914  0.552 0.1000000015
13331  -46.658  -75.473  5.458 0.1000000015
11340  -47.289  -77.926  6.748 0.1000000015
10334  -47.244  -78.965  6.425 0.1000000015
104927  -48.020  -78.536  6.553 0.1000000015
13332  -47.670  -75.258  5.383 0.1000000015
14261  -49.422  -74.833  3.704 0.1000000015
11319  -49.948  -78.069  8.028 0.1000000015
12358  -47.239  -76.207  6.417 0.1000000015
13324  -46.896  -75.552  6.052 0.1000000015
13325  -47.899  -75.597  6.034 0.1000000015
10315  -49.181  -78.431  7.709 0.1000000015
12339  -47.733  -77.274  6.667 0.1000000015
10335  -48.798  -78.758  7.316 0.1000000015
11360  -48.690  -77.851  6.466 0.1000000015
14216  -48.911  -74.837  4.721 0.1000000015
14218  -51.004  -74.541  4.058 0.1000000015
13326  -48.959  -75.815  5.947 0.1000000015
13333  -48.731  -75.196  5.411 0.1000000015
12360  -49.333  -77.136  6.129 0.1000000015
12361  -50.145  -77.328  5.852 0.1000000015
12359  -48.291  -76.515  6.357 0.1000000015
10357  -48.603  -78.709  6.829 0.1000000015
13327  -49.985  -75.225  5.178 0.1000000015
104805  -49.938  -76.529  5.627 0.1000000015
12373  -50.903  -76.296  5.121 0.1000000015
11361  -49.405  -77.976  6.461 0.1000000015
10336  -49.273  -78.364  7.314 0.1000000015
103678  -52.230  -74.532  4.257 0.1000000015
118528  -51.636  -79.610  13.695 0.1000000015
10247  -51.568  -79.242  12.732 0.1000000015
120301  -51.508  -78.958  12.206 0.1000000015
8575  -46.970  -80.223  6.605 0.1000000015
9416  -43.520  -79.254  6.970 0.1000000015
10331  -43.045  -78.318  7.008 0.1000000015
109183  -41.878  -78.851  6.613 0.1000000015
11358  -42.466  -77.321  6.211 0.1000000015
11368  -42.819  -77.079  5.478 0.1000000015
10379  -42.813  -78.211  4.421 0.1000000015
12338  -46.596  -76.881  6.811 0.1000000015
13346  -48.104  -75.137  4.368 0.1000000015
14217  -49.668  -74.831  4.710 0.1000000015
10231  -50.692  -79.721  13.334 0.1000000015
3477  -36.965  -87.381  -4.993 0.1000000015
3466  -37.745  -87.441  -4.209 0.1000000015
4880  -33.403  -85.489  -6.669 0.1000000015
111690  -33.953  -86.130  -6.462 0.1000000015
119077  -34.073  -85.621  -6.784 0.1000000015
4881  -34.823  -86.077  -6.674 0.1000000015
4143  -35.324  -87.366  -5.631 0.1000000015
113053  -32.650  -85.338  -6.583 0.1000000015
5657  -31.301  -84.388  -6.556 0.1000000015
5656  -30.543  -84.244  -6.365 0.1000000015
3478  -38.200  -87.096  -5.018 0.1000000015
4136  -38.421  -86.991  -4.050 0.1000000015
4145  -37.225  -87.043  -5.836 0.1000000015
4163  -35.500  -86.722  -6.243 0.1000000015
4144  -36.210  -87.105  -5.748 0.1000000015
4162  -34.649  -86.787  -6.139 0.1000000015
5659  -32.930  -84.826  -6.826 0.1000000015
5668  -32.395  -84.309  -7.017 0.1000000015
6397  -31.661  -84.048  -6.855 0.1000000015
109555  -30.644  -83.645  -6.713 0.1000000015
7886  -35.863  -82.183  -5.015 0.1000000015
5628  -36.153  -83.711  -4.366 0.1000000015
6383  -36.199  -82.737  -5.377 0.1000000015
4146  -38.706  -86.453  -4.580 0.1000000015
4127  -38.589  -86.221  -3.834 0.1000000015
4835  -38.278  -85.841  -3.004 0.1000000015
5620  -37.933  -85.166  -3.492 0.1000000015
5619  -37.207  -84.777  -3.192 0.1000000015
5629  -37.116  -84.322  -4.215 0.1000000015
4165  -38.175  -86.765  -6.027 0.1000000015
4126  -38.314  -86.557  -3.313 0.1000000015
4164  -36.411  -86.762  -6.486 0.1000000015
7887  -36.594  -82.189  -5.398 0.1000000015
6367  -36.539  -83.494  -5.066 0.1000000015
7877  -37.097  -81.799  -5.262 0.1000000015
4844  -38.463  -85.597  -3.947 0.1000000015
5630  -38.173  -84.871  -4.457 0.1000000015
117576  -38.782  -85.927  -4.368 0.1000000015
4177  -35.782  -86.354  -7.042 0.1000000015
4897  -35.330  -85.932  -7.703 0.1000000015
4896  -34.555  -85.539  -7.486 0.1000000015
4895  -33.675  -85.085  -7.284 0.1000000015
5669  -33.008  -84.556  -7.308 0.1000000015
112132  -37.344  -86.764  -6.728 0.1000000015
6366  -35.702  -83.201  -4.806 0.1000000015
4178  -36.634  -86.534  -7.399 0.1000000015
103006  -38.759  -86.406  -5.400 0.1000000015
6365  -35.063  -83.068  -4.522 0.1000000015
4898  -38.158  -86.176  -7.608 0.1000000015
4918  -38.349  -85.671  -8.346 0.1000000015
6368  -37.574  -83.965  -5.207 0.1000000015
4845  -38.747  -85.399  -4.762 0.1000000015
113531  -38.956  -85.874  -5.008 0.1000000015
4166  -38.760  -86.270  -6.259 0.1000000015
4860  -39.143  -85.731  -5.800 0.1000000015
117097  -38.651  -86.137  -6.955 0.1000000015
4899  -38.879  -85.746  -7.378 0.1000000015
5647  -39.275  -85.075  -5.569 0.1000000015
5646  -38.580  -84.538  -5.290 0.1000000015
5648  -39.598  -85.063  -6.389 0.1000000015
4882  -39.158  -85.745  -6.601 0.1000000015
6357  -35.439  -83.504  -4.111 0.1000000015
7087  -35.357  -82.581  -4.843 0.1000000015
7942  -42.461  -81.286  -9.163 0.1000000015
8797  -30.358  -80.484  -11.349 0.1000000015
9448  -46.917  -79.949  6.246 0.1000000015
9449  -47.804  -79.665  6.760 0.1000000015
9542  -44.870  -79.209  -3.700 0.3000000119
9565  -44.865  -79.207  -4.269 0.1000000015
9610  -37.869  -79.038  -7.898 0.1000000015
9622  -32.383  -79.382  -8.568 0.1000000015
11317  -47.865  -78.207  8.616 0.1000000015
11336  -43.550  -77.009  6.761 0.1000000015
11357  -41.798  -77.763  6.009 0.1000000015
11410  -48.182  -77.902  0.772 0.1000000015
11447  -42.064  -76.746  -1.443 0.4000000060
11456  -35.029  -77.175  -2.898 0.2000000030
11471  -34.503  -77.013  -3.563 0.1000000015
11476  -39.607  -77.172  -3.439 0.1000000015
11495  -44.888  -78.084  -4.397 0.2000000030
11505  -44.111  -77.525  -5.216 0.1000000015
11591  -36.632  -76.903  -13.174 0.1000000015
12356  -44.631  -76.272  6.319 0.1000000015
12435  -48.727  -76.046  0.418 0.2000000030
12464  -36.270  -76.559  -1.500 0.1000000015
12465  -37.107  -76.694  -1.507 0.1000000015
12537  -33.919  -76.416  -6.880 0.1000000015
12577  -37.556  -76.300  -12.450 0.1000000015
12578  -38.343  -76.255  -12.529 0.1000000015
13361  -40.390  -75.177  3.482 0.5000000000
13399  -49.053  -75.325  0.323 0.4000000060
13418  -39.834  -75.366  -0.110 0.4000000060
13510  -38.432  -74.896  -10.261 0.1000000015
13519  -36.307  -75.831  -10.428 0.1000000015
13521  -38.939  -74.970  -11.120 0.1000000015
14064  -48.068  -73.935  17.258 0.1000000015
14078  -46.761  -74.116  16.151 0.1000000015
14230  -39.443  -73.986  4.276 0.4000000060
14266  -38.160  -74.124  2.405 0.3000000119
14285  -37.162  -74.719  0.590 0.1000000015
14289  -49.274  -74.787  0.235 0.4000000060
14290  -49.908  -74.456  0.395 0.4000000060
14304  -36.175  -75.074  -0.148 0.1000000015
14343  -35.456  -74.891  -3.544 0.1000000015
14375  -37.448  -74.249  -5.820 0.1000000015
14383  -36.411  -75.023  -6.067 0.1000000015
14384  -36.778  -75.038  -6.741 0.1000000015
14415  -37.405  -75.068  -8.125 0.1000000015
14419  -40.164  -73.825  -9.455 0.1000000015
14438  -42.934  -74.350  -10.484 0.1000000015
14439  -43.741  -74.233  -10.288 0.1000000015
14457  -41.084  -75.031  -11.403 0.1000000015
14973  -49.277  -73.473  17.817 0.1000000015
15164  -37.672  -72.879  3.333 0.3000000119
15171  -37.129  -73.199  2.043 0.3000000119
15183  -49.029  -73.219  0.376 0.4000000060
15193  -35.867  -73.639  0.054 0.1000000015
15195  -49.306  -74.100  0.198 0.5000000000
15206  -35.632  -73.845  -0.616 0.1000000015
15237  -36.620  -73.369  -3.333 0.1000000015
15259  -39.270  -73.039  -6.013 0.1000000015
15280  -40.364  -73.231  -7.899 0.1000000015
15290  -39.906  -73.680  -8.463 0.1000000015
15308  -43.181  -73.789  -9.844 0.1000000015
15963  -43.975  -72.275  14.368 0.3000000119
15993  -46.216  -72.732  11.272 0.2000000030
16084  -40.994  -72.715  4.611 0.4000000060
16117  -50.573  -73.420  1.766 0.3000000119
16125  -36.742  -72.646  1.823 0.2000000030
16173  -37.268  -72.080  -2.827 0.1000000015
16186  -38.343  -72.176  -4.117 0.1000000015
16197  -38.634  -72.457  -4.655 0.1000000015
16221  -39.877  -72.757  -6.394 0.1000000015
16234  -40.816  -72.779  -7.433 0.1000000015
16921  -45.453  -71.611  15.768 0.3000000119
16964  -44.406  -71.449  11.527 0.3000000119
17055  -39.041  -71.901  4.423 0.3000000119
17073  -38.327  -71.506  4.151 0.2000000030
17085  -36.709  -71.231  1.953 0.1000000015
17174  -41.144  -71.837  -6.565 0.1000000015
17182  -41.776  -72.037  -7.180 0.1000000015
17865  -44.286  -70.593  15.425 0.3000000119
17914  -44.187  -70.707  11.118 0.3000000119
17929  -44.628  -70.396  10.358 0.3000000119
17990  -44.975  -70.259  6.454 0.5000000000
17991  -45.592  -70.785  6.611 0.5000000000
18034  -41.158  -70.900  3.312 0.4000000060
18045  -39.709  -70.167  3.137 0.3000000119
18064  -36.555  -70.542  0.736 0.1000000015
18066  -43.371  -70.272  0.118 0.2000000030
18123  -39.164  -71.004  -4.404 0.1000000015
18154  -47.010  -70.717  -7.711 0.1000000015
18155  -48.200  -70.661  -7.774 0.1000000015
18794  -43.999  -69.950  15.370 0.3000000119
18931  -42.829  -68.837  8.152 0.5000000000
18985  -37.149  -69.796  1.836 0.1000000015
18986  -37.636  -69.817  2.613 0.1000000015
18989  -40.491  -69.897  2.086 0.2000000030
19064  -38.772  -69.398  -3.559 0.1000000015
19065  -39.271  -68.897  -4.095 0.1000000015
19796  -43.162  -67.955  14.787 0.3000000119
19831  -41.292  -67.943  12.178 0.4000000060
19832  -41.496  -68.607  12.935 0.3000000119
19917  -42.797  -67.730  5.836 0.3000000119
19946  -45.019  -68.182  3.527 0.4000000060
19956  -44.799  -67.929  2.759 0.4000000060
20066  -43.457  -68.207  -6.806 0.1000000015
20775  -42.441  -67.492  14.478 0.3000000119
20828  -40.862  -67.047  11.986 0.4000000060
20841  -41.117  -67.183  10.397 0.4000000060
20856  -41.404  -67.492  9.084 0.5000000000
20867  -41.511  -66.949  6.502 0.3000000119
20905  -53.920  -67.573  4.443 0.1000000015
21038  -41.453  -67.486  -5.526 0.1000000015
21068  -51.244  -67.263  -9.218 0.1000000015
21749  -41.814  -66.919  14.144 0.3000000119
21764  -40.843  -65.989  13.097 0.3000000119
21767  -44.458  -66.148  13.607 0.2000000030
21779  -40.701  -66.225  12.333 0.3000000119
21865  -40.617  -65.601  6.989 0.3000000119
21866  -40.889  -65.818  6.271 0.3000000119
21922  -44.543  -66.958  2.353 0.3000000119
21930  -43.857  -65.652  1.718 0.2000000030
21957  -45.209  -66.242  -0.843 0.1000000015
22069  -51.475  -66.977  -9.357 0.1000000015
22740  -43.371  -65.279  13.719 0.3000000119
22767  -40.627  -65.712  11.781 0.3000000119
22783  -40.590  -65.503  10.437 0.3000000119
22818  -40.515  -65.352  7.731 0.3000000119
22824  -40.599  -64.765  7.235 0.3000000119
22852  -41.422  -65.227  5.108 0.3000000119
22859  -50.676  -65.860  4.784 0.1000000015
23023  -46.380  -65.052  -6.504 0.1000000015
23043  -52.180  -66.147  -9.124 0.1000000015
23049  -51.326  -66.458  -9.824 0.1000000015
23671  -42.122  -64.505  13.539 0.3000000119
23684  -41.435  -64.267  13.143 0.3000000119
23699  -40.783  -64.542  11.352 0.2000000030
23718  -40.695  -64.718  10.588 0.3000000119
23754  -40.708  -64.218  8.474 0.3000000119
23784  -50.108  -65.289  5.766 0.1000000015
23794  -41.619  -64.439  4.731 0.2000000030
23809  -49.165  -65.011  4.689 0.1000000015
23822  -42.910  -64.246  2.389 0.2000000030
23838  -43.831  -64.169  0.842 0.1000000015
23879  -44.779  -64.633  -0.397 0.1000000015
23880  -45.403  -64.557  -0.830 0.1000000015
23881  -46.094  -64.345  -1.042 0.1000000015
23971  -51.631  -65.628  -8.540 0.1000000015
23985  -49.481  -65.179  -9.655 0.1000000015
24572  -41.405  -63.526  12.046 0.2000000030
24592  -41.015  -64.042  10.826 0.2000000030
24761  -45.959  -63.240  1.116 0.1000000015
24763  -47.762  -63.965  1.261 0.1000000015
24786  -44.407  -63.683  0.680 0.1000000015
24790  -48.110  -64.278  0.606 0.1000000015
24806  -46.712  -64.032  -0.799 0.1000000015
24871  -49.133  -63.735  -6.799 0.1000000015
25509  -42.868  -62.853  13.061 0.2000000030
25529  -45.934  -61.933  12.367 0.1000000015
25567  -42.549  -62.438  10.612 0.1000000015
25619  -44.709  -62.849  7.782 0.2000000030
25644  -44.432  -63.648  6.881 0.1000000015
25665  -42.665  -62.822  4.991 0.2000000030
25666  -43.397  -62.576  4.886 0.1000000015
25680  -44.338  -62.569  3.561 0.1000000015
25800  -50.704  -63.078  -6.861 0.1000000015
25802  -53.221  -62.654  -7.435 0.1000000015
25821  -53.549  -62.571  -9.380 0.1000000015
25823  -54.732  -61.655  -9.234 0.1000000015
26523  -44.564  -61.318  12.372 0.1000000015
26579  -43.989  -61.191  9.248 0.1000000015
26782  -54.764  -61.013  -9.464 0.1000000015
26792  -50.562  -61.150  -9.971 0.1000000015
26794  -53.093  -61.289  -9.869 0.1000000015
27440  -44.488  -60.265  10.669 0.1000000015
27639  -51.309  -59.915  -6.885 0.1000000015
27655  -51.033  -60.036  -9.356 0.1000000015
27657  -53.779  -60.442  -9.270 0.1000000015
27659  -55.672  -60.469  -8.801 0.1000000015
28421  -45.199  -59.652  8.521 0.1000000015
28443  -45.683  -60.117  7.214 0.1000000015
29372  -47.599  -58.659  10.438 0.1000000015
31280  -47.783  -56.916  7.982 0.1000000015
31292  -47.683  -57.028  7.266 0.1000000015
100129  -53.935  -62.344  -6.200 0.1000000015
100131  -54.201  -60.355  -4.466 0.1000000015
100305  -52.023  -60.798  -4.486 0.1000000015
100383  -52.606  -60.738  -4.145 0.1000000015
100732  -39.578  -75.296  -11.537 0.1000000015
101337  -52.552  -62.519  -6.454 0.1000000015
101493  -48.129  -65.118  -9.404 0.1000000015
101498  -45.934  -63.077  1.942 0.1000000015
101600  -42.428  -68.342  7.853 0.5000000000
101730  -35.207  -75.360  -2.960 0.1000000015
101854  -46.304  -68.140  -7.575 0.1000000015
102728  -50.234  -64.765  -7.904 0.1000000015
105853  -52.172  -62.382  -10.158 0.1000000015
106400  -46.582  -59.728  6.619 0.1000000015
106869  -49.207  -71.145  -8.554 0.1000000015
107135  -41.234  -65.859  13.510 0.4000000060
107331  -48.926  -63.234  -6.052 0.1000000015
107367  -41.576  -66.172  13.850 0.4000000060
107457  -48.447  -59.949  11.103 0.1000000015
108084  -34.274  -76.361  -10.045 0.1000000015
108127  -40.391  -74.645  -10.863 0.1000000015
108983  -41.561  -70.068  -6.306 0.1000000015
110771  -34.410  -76.026  -5.525 0.1000000015
111777  -40.569  -65.706  9.780 0.3000000119
112431  -40.831  -64.401  12.006 0.3000000119
112900  -49.602  -72.884  17.498 0.1000000015
113205  -37.029  -74.702  -6.161 0.1000000015
113361  -44.278  -63.016  5.867 0.1000000015
113512  -34.169  -79.963  -8.361 0.1000000015
113688  -43.290  -73.325  4.283 0.5000000000
113950  -48.359  -57.338  6.562 0.1000000015
114109  -35.526  -76.867  -2.337 0.2000000030
114159  -56.873  -59.658  -7.512 0.1000000015
114185  -56.520  -58.738  -4.919 0.1000000015
115030  -47.642  -61.835  6.242 0.1000000015
115291  -45.328  -60.136  11.376 0.1000000015
116522  -34.776  -76.576  -3.102 0.1000000015
116896  -53.475  -62.781  -8.425 0.1000000015
117328  -41.833  -63.356  8.829 0.2000000030
117539  -46.856  -57.790  7.123 0.1000000015
117693  -46.824  -65.545  -7.022 0.1000000015
118058  -32.932  -78.003  -6.974 0.1000000015
118563  -37.943  -70.819  3.775 0.1000000015
118651  -36.175  -74.097  0.389 0.1000000015
118799  -52.427  -64.660  -9.679 0.1000000015
119014  -44.916  -63.522  0.459 0.1000000015
119436  -42.541  -63.294  13.167 0.2000000030
119937  -37.086  -72.026  2.747 0.2000000030
120078  -48.843  -75.137  0.199 0.4000000060
120093  -50.447  -71.296  13.230 0.2000000030
120237  -38.610  -69.390  2.452 0.1000000015
120295  -35.339  -78.873  -5.901 0.1000000015
120509  -34.235  -76.407  -10.701 0.1000000015
120760  -36.208  -76.135  -12.031 0.1000000015
121214  -51.139  -58.303  10.508 0.1000000015
121411  -43.456  -71.096  14.673 0.3000000119
121615  -42.114  -69.234  14.096 0.3000000119
