#!ascii label  , from subject sub-fsm64ps vox2ras=TkReg
530
47759  20.865  -36.259  0.682 0.1428571492
48530  20.191  -36.303  0.957 0.1428571492
49323  20.451  -34.564  0.454 0.1428571492
47758  21.436  -36.576  0.883 0.1428571492
49322  21.237  -34.937  0.201 0.2857142985
48542  20.542  -35.500  0.611 0.1428571492
48541  22.369  -35.621  0.386 0.1428571492
50114  20.857  -33.235  -0.044 0.5714285970
49321  22.589  -34.953  -0.037 0.1428571492
50099  23.737  -33.940  -0.187 0.2857142985
49331  22.841  -34.219  -0.392 0.2857142985
50110  24.039  -33.156  -0.501 0.1428571492
51744  24.409  -31.018  -1.347 0.2857142985
51731  24.360  -31.733  -1.079 0.2857142985
104515  25.198  -28.938  -1.513 0.2857142985
52517  25.091  -30.390  -1.182 0.2857142985
101889  25.203  -28.054  -1.718 0.2857142985
55757  25.247  -26.222  -2.459 0.2857142985
57324  25.313  -24.275  -3.630 0.8571428657
56533  25.516  -25.442  -2.435 0.4285714328
54984  25.561  -27.134  -1.711 0.2857142985
58824  25.748  -22.430  -3.941 0.7142857313
58812  25.876  -22.909  -3.285 0.7142857313
58074  25.768  -23.618  -2.892 0.7142857313
56549  25.152  -25.093  -3.411 0.7142857313
59563  26.130  -21.498  -3.701 0.8571428657
59574  25.613  -21.840  -4.722 0.8571428657
58086  25.425  -23.389  -4.049 0.7142857313
105979  26.477  -19.755  -3.540 0.4285714328
96994  26.252  -20.611  -3.886 0.7142857313
62565  26.839  -17.407  -3.076 0.2857142985
62576  26.463  -17.514  -3.742 0.5714285970
61069  26.172  -19.053  -4.480 0.8571428657
101500  26.568  -18.799  -3.554 0.7142857313
60304  26.082  -20.094  -4.594 0.8571428657
102230  26.671  -16.066  -3.173 0.1428571492
63307  27.023  -16.698  -2.779 0.1428571492
63318  26.565  -16.811  -3.477 0.4285714328
61835  26.350  -18.216  -4.044 0.5714285970
64782  26.171  -14.629  -3.940 0.1428571492
64018  26.847  -15.328  -2.823 0.1428571492
64030  26.400  -15.369  -3.579 0.1428571492
102229  26.214  -16.198  -4.025 0.4285714328
101975  26.035  -18.238  -4.695 0.8571428657
98639  26.265  -13.127  -3.797 0.1428571492
65517  26.371  -13.921  -3.438 0.1428571492
65530  26.032  -13.876  -4.326 0.1428571492
64041  26.036  -15.349  -4.396 0.1428571492
64042  25.762  -15.378  -5.277 0.4285714328
102426  25.889  -15.990  -4.818 0.5714285970
63329  25.911  -16.838  -4.798 0.7142857313
61843  25.671  -18.613  -5.452 0.8571428657
102159  26.002  -13.116  -4.760 0.1428571492
66286  25.961  -12.381  -5.162 0.1428571492
65531  25.821  -13.861  -5.279 0.1428571492
64793  25.681  -14.648  -5.780 0.5714285970
63342  25.649  -16.304  -5.710 0.8571428657
62590  25.792  -17.710  -5.133 0.8571428657
102000  25.626  -17.152  -5.600 0.8571428657
67021  26.152  -11.660  -4.718 0.1428571492
66297  25.785  -12.362  -5.994 0.2857142985
102110  25.803  -13.091  -5.682 0.1428571492
65541  25.637  -13.872  -6.373 0.8571428657
64052  25.574  -15.472  -6.270 0.8571428657
67045  25.573  -11.480  -7.057 0.1428571492
67744  25.637  -10.583  -6.819 0.1428571492
66308  25.585  -12.251  -6.799 0.4285714328
65563  25.264  -13.265  -8.058 0.8571428657
65552  25.485  -13.550  -7.324 0.8571428657
64805  25.541  -14.765  -6.772 0.8571428657
64065  25.371  -15.514  -7.245 0.8571428657
95203  25.270  -14.086  -7.919 0.8571428657
100175  25.479  -14.231  -7.244 0.8571428657
64817  24.783  -14.747  -8.215 0.8571428657
67754  25.430  -10.920  -7.707 0.1428571492
68458  25.346  -10.127  -7.730 0.2857142985
67054  25.249  -11.615  -8.166 0.5714285970
66327  25.231  -12.473  -8.134 0.8571428657
65573  24.258  -12.956  -8.489 0.8571428657
65564  24.589  -13.723  -8.405 0.8571428657
68478  24.814  -10.185  -8.700 0.2857142985
67762  24.333  -10.632  -8.984 0.7142857313
67761  25.029  -10.815  -8.484 0.5714285970
67063  24.535  -11.353  -8.751 0.8571428657
66320  23.842  -12.500  -8.399 0.8571428657
66309  23.303  -12.617  -7.751 0.8571428657
65565  23.748  -13.239  -8.261 0.8571428657
96969  23.978  -11.115  -9.018 0.8571428657
67055  23.554  -11.191  -8.552 0.8571428657
102126  23.475  -11.893  -8.061 0.8571428657
67046  23.108  -11.291  -7.499 0.7142857313
102338  23.011  -12.030  -7.364 0.7142857313
67755  23.609  -10.460  -9.008 0.8571428657
67745  23.152  -10.595  -8.136 0.8571428657
67746  22.958  -10.572  -7.096 0.8571428657
68459  22.901  -10.117  -7.717 0.8571428657
102309  22.812  -11.088  -6.572 0.7142857313
68480  22.902  -9.468  -8.713 0.7142857313
68471  22.774  -9.542  -7.834 0.8571428657
69184  22.620  -8.874  -8.156 0.8571428657
69175  22.690  -8.812  -6.822 0.8571428657
69912  22.441  -8.038  -7.311 0.7142857313
70664  22.228  -7.050  -10.471 0.1428571492
70645  21.980  -7.350  -7.792 0.7142857313
71306  20.985  -5.758  -10.175 0.1428571492
70652  21.832  -7.559  -8.988 0.5714285970
70653  21.415  -6.712  -8.374 0.5714285970
97224  21.012  -5.511  -7.193 0.5714285970
71299  20.904  -6.128  -9.164 0.1428571492
71932  21.398  -4.279  -10.820 0.1428571492
71908  20.343  -5.071  -7.862 0.5714285970
71924  20.208  -4.234  -9.321 0.1428571492
72506  20.944  -4.040  -10.009 0.1428571492
71294  20.345  -5.288  -8.708 0.1428571492
100616  21.055  -3.208  -8.876 0.1428571492
73152  20.451  -3.753  -9.258 0.1428571492
72497  19.564  -3.704  -8.701 0.1428571492
73135  21.216  -2.604  -8.229 0.1428571492
72498  19.151  -3.141  -8.488 0.1428571492
47752  20.726  -36.897  1.019 0.1428571492
47753  19.965  -37.071  1.287 0.1428571492
97976  21.907  -35.185  0.034 0.2857142985
49320  23.444  -34.690  0.134 0.2857142985
51730  25.135  -31.334  -0.835 0.2857142985
96494  24.849  -32.042  -0.684 0.2857142985
50865  24.245  -32.404  -0.794 0.1428571492
55745  25.266  -26.725  -2.165 0.2857142985
54985  24.931  -27.330  -2.265 0.2857142985
57313  25.612  -24.517  -2.735 0.4285714328
59562  26.536  -20.704  -2.894 0.2857142985
61814  26.877  -18.520  -2.990 0.1428571492
60316  25.591  -20.479  -5.433 0.8571428657
62589  26.142  -17.583  -4.410 0.7142857313
66285  26.202  -12.366  -4.278 0.1428571492
63351  25.388  -16.246  -6.835 0.8571428657
64816  25.304  -14.832  -7.625 0.8571428657
68479  23.374  -9.635  -9.091 0.8571428657
69195  22.865  -8.953  -9.298 0.8571428657
106229  21.432  -6.947  -9.327 0.2857142985
71923  20.731  -4.763  -10.052 0.1428571492
101880  22.056  -2.770  -9.628 0.1428571492
97470  21.899  -34.421  -0.281 0.4285714328
50111  23.152  -33.451  -0.731 0.2857142985
50112  22.258  -33.584  -0.623 0.4285714328
50113  21.523  -33.636  -0.331 0.2857142985
52510  25.732  -30.782  -0.767 0.2857142985
102979  25.436  -29.568  -1.225 0.2857142985
53286  24.608  -29.612  -1.697 0.2857142985
52518  24.325  -30.372  -1.637 0.2857142985
64771  26.569  -14.654  -3.171 0.1428571492
67022  25.916  -11.694  -5.552 0.1428571492
67034  25.735  -11.777  -6.277 0.2857142985
100692  25.827  -11.113  -6.102 0.1428571492
100039  25.624  -12.984  -6.587 0.8571428657
99164  25.361  -17.065  -6.469 0.8571428657
68469  25.057  -9.491  -8.313 0.1428571492
105083  24.197  -9.715  -9.174 0.2857142985
69194  23.488  -9.009  -9.449 0.5714285970
69917  22.306  -8.231  -8.569 0.7142857313
69934  22.625  -7.830  -10.200 0.2857142985
102572  21.870  -7.501  -9.928 0.2857142985
70665  21.425  -6.678  -10.051 0.1428571492
71909  19.807  -4.539  -8.562 0.2857142985
97389  19.662  -4.195  -8.892 0.1428571492
73136  19.616  -2.676  -8.398 0.1428571492
69204  23.627  -8.445  -9.732 0.4285714328
69205  23.008  -8.514  -9.929 0.4285714328
69925  22.426  -8.179  -9.658 0.5714285970
105730  21.494  -35.804  0.421 0.1428571492
93549  19.399  -36.334  1.463 0.1428571492
48543  19.911  -34.926  0.792 0.2857142985
50100  21.043  -34.087  0.054 0.5714285970
50866  23.447  -32.678  -1.040 0.1428571492
60305  25.895  -20.985  -4.661 0.8571428657
61825  26.697  -18.078  -3.368 0.5714285970
63328  26.253  -16.985  -4.083 0.5714285970
64783  25.889  -14.613  -4.818 0.2857142985
94100  25.468  -12.787  -7.464 0.8571428657
67064  24.047  -11.808  -8.725 0.8571428657
66328  24.754  -12.092  -8.571 0.8571428657
68470  23.049  -10.002  -8.525 0.8571428657
71305  21.830  -6.184  -10.733 0.1428571492
71293  20.882  -5.872  -8.036 0.5714285970
70646  21.595  -6.348  -7.136 0.5714285970
72505  21.632  -3.516  -10.660 0.1428571492
71917  20.123  -4.684  -9.226 0.1428571492
73167  21.404  -3.325  -9.587 0.1428571492
71916  20.519  -5.317  -9.510 0.1428571492
95968  20.026  -3.284  -8.771 0.1428571492
51729  26.038  -31.444  -0.420 0.1428571492
54149  24.008  -29.309  -2.288 0.5714285970
72487  19.336  -3.873  -8.449 0.1428571492
53297  23.287  -29.368  -2.486 0.5714285970
53298  22.388  -29.339  -2.319 0.5714285970
53290  20.670  -29.440  -1.460 0.2857142985
54162  23.748  -28.618  -2.671 0.5714285970
54164  21.763  -28.568  -2.319 0.5714285970
52522  20.843  -30.429  -1.182 0.4285714328
54163  22.791  -28.672  -2.650 0.5714285970
106776  21.015  -28.803  -1.865 0.4285714328
54999  24.332  -27.337  -2.949 0.4285714328
55000  23.852  -27.866  -2.984 0.5714285970
94295  22.331  -28.007  -2.713 0.5714285970
55002  21.536  -27.664  -2.536 0.4285714328
55773  24.300  -26.685  -3.409 0.5714285970
55774  23.662  -26.384  -3.778 0.5714285970
55759  22.360  -27.197  -3.044 0.4285714328
106638  23.171  -25.906  -3.876 0.4285714328
96765  24.249  -26.117  -3.887 0.4285714328
54151  20.324  -28.565  -1.581 0.2857142985
57334  24.417  -24.702  -4.504 0.7142857313
57336  22.647  -24.411  -4.278 0.4285714328
58096  23.649  -23.673  -4.873 0.7142857313
58835  23.284  -23.012  -5.087 0.5714285970
58836  22.355  -22.809  -4.780 0.2857142985
109472  24.915  -24.772  -4.107 0.5714285970
57325  24.993  -24.172  -4.492 0.5714285970
58095  24.362  -23.987  -4.851 0.7142857313
58834  24.739  -22.653  -5.394 0.7142857313
102262  23.284  -21.681  -5.707 0.7142857313
59586  24.021  -21.367  -6.045 0.7142857313
100382  23.131  -20.947  -5.989 0.7142857313
59587  22.517  -21.441  -5.526 0.4285714328
60330  23.049  -20.161  -6.262 0.4285714328
98598  24.946  -23.443  -4.975 0.5714285970
59585  24.849  -21.390  -6.013 0.5714285970
60329  24.418  -20.530  -6.308 0.7142857313
60340  23.686  -19.890  -6.428 0.7142857313
97578  24.140  -18.986  -6.706 0.7142857313
61084  23.120  -19.511  -6.389 0.5714285970
61855  23.122  -18.472  -6.567 0.5714285970
60328  25.141  -20.810  -6.054 0.5714285970
61083  25.094  -19.961  -6.177 0.7142857313
61853  24.502  -18.477  -6.771 0.8571428657
61085  22.507  -19.592  -6.178 0.4285714328
62610  24.164  -17.729  -7.097 0.7142857313
98901  23.409  -18.006  -6.833 0.7142857313
62612  22.833  -17.875  -6.534 0.5714285970
62611  23.309  -17.280  -6.942 0.7142857313
61070  25.706  -19.585  -5.392 0.5714285970
60339  24.271  -19.607  -6.508 0.7142857313
62609  25.010  -17.815  -6.860 0.8571428657
63353  24.043  -16.779  -7.513 0.7142857313
97335  23.400  -16.513  -7.304 0.5714285970
64067  22.393  -15.825  -6.490 0.2857142985
62601  25.433  -17.841  -6.010 0.7142857313
63352  24.842  -16.884  -7.309 0.7142857313
64806  23.212  -14.435  -7.543 0.7142857313
63361  24.574  -16.138  -7.829 0.8571428657
100096  23.755  -14.048  -8.159 0.8571428657
63362  23.793  -15.920  -7.896 0.8571428657
102584  23.285  -15.212  -7.586 0.5714285970
64807  22.703  -14.048  -6.931 0.8571428657
64075  25.052  -15.529  -7.920 0.8571428657
108483  24.239  -14.382  -8.336 0.8571428657
65553  23.111  -13.470  -7.456 0.8571428657
66310  22.749  -12.626  -6.960 0.7142857313
67736  22.746  -10.504  -6.087 0.7142857313
67724  22.313  -10.521  -5.159 0.7142857313
68460  22.863  -9.773  -6.695 0.5714285970
67725  21.415  -10.435  -4.679 0.7142857313
68452  22.629  -9.775  -5.587 0.7142857313
98152  22.752  -9.158  -5.986 0.7142857313
69170  22.628  -8.566  -5.847 0.8571428657
69901  22.358  -8.093  -5.122 0.7142857313
69162  21.677  -8.848  -4.506 0.7142857313
70622  22.029  -7.361  -4.778 0.7142857313
70623  21.556  -7.047  -4.123 0.7142857313
70624  20.887  -7.256  -3.709 0.5714285970
70631  22.233  -7.223  -5.578 0.7142857313
70632  21.855  -6.626  -4.959 0.7142857313
71272  21.444  -6.097  -4.329 0.5714285970
70610  20.958  -6.396  -3.626 0.5714285970
70611  20.136  -7.122  -3.578 0.5714285970
71281  21.556  -5.776  -5.246 0.5714285970
71264  21.117  -5.607  -3.898 0.5714285970
71265  20.575  -5.513  -3.552 0.5714285970
95732  19.963  -6.215  -3.385 0.4285714328
71267  18.926  -6.057  -3.272 0.5714285970
70612  19.156  -6.988  -3.463 0.4285714328
71266  19.687  -5.213  -3.246 0.5714285970
71885  21.262  -5.225  -4.542 0.5714285970
109964  18.133  -5.887  -3.102 0.4285714328
70613  18.083  -6.808  -3.291 0.4285714328
71256  18.659  -5.178  -3.003 0.5714285970
72457  18.698  -3.530  -2.764 0.4285714328
57312  26.023  -24.073  -2.282 0.2857142985
72465  19.655  -3.509  -3.266 0.2857142985
71873  18.175  -4.367  -2.685 0.4285714328
53289  22.035  -29.992  -2.008 0.5714285970
52521  21.720  -30.582  -1.595 0.5714285970
54161  24.428  -28.019  -2.472 0.2857142985
55775  22.825  -26.451  -3.532 0.5714285970
54986  20.092  -27.748  -1.764 0.2857142985
55003  20.651  -27.290  -2.285 0.2857142985
57326  23.086  -25.190  -4.166 0.5714285970
99100  26.221  -22.873  -2.596 0.2857142985
95516  21.912  -23.315  -4.423 0.2857142985
58846  22.866  -22.250  -5.324 0.7142857313
63360  25.116  -16.103  -7.573 0.8571428657
64066  23.009  -15.846  -7.229 0.7142857313
100836  22.467  -11.209  -5.739 0.7142857313
69902  21.700  -7.918  -4.348 0.7142857313
70637  22.207  -7.172  -6.623 0.5714285970
70638  21.890  -6.410  -5.947 0.5714285970
71288  21.388  -5.579  -6.285 0.5714285970
71880  20.858  -4.896  -3.925 0.5714285970
72464  20.377  -4.058  -3.772 0.2857142985
55776  21.885  -26.266  -3.228 0.4285714328
54148  24.535  -28.758  -2.044 0.2857142985
61852  25.163  -18.555  -6.382 0.7142857313
99731  25.324  -19.209  -6.053 0.7142857313
64076  24.448  -15.492  -8.121 0.7142857313
69908  22.538  -7.936  -6.194 0.8571428657
56534  24.846  -25.977  -3.225 0.5714285970
56550  24.486  -25.424  -4.068 0.5714285970
66298  22.288  -12.581  -6.032 0.7142857313
58833  25.311  -22.691  -4.881 0.5714285970
53288  22.870  -30.031  -2.306 0.4285714328
54150  21.517  -29.343  -1.927 0.5714285970
93698  21.333  -29.952  -1.624 0.5714285970
55001  23.144  -27.953  -2.986 0.5714285970
51747  21.426  -31.222  -1.182 0.5714285970
54165  20.873  -28.116  -2.079 0.4285714328
55015  23.512  -27.174  -3.353 0.5714285970
55760  21.302  -26.811  -2.752 0.4285714328
56551  23.787  -25.766  -4.168 0.5714285970
56560  23.884  -25.164  -4.418 0.5714285970
57335  23.550  -24.415  -4.575 0.7142857313
58097  22.746  -23.654  -4.593 0.4285714328
57337  21.943  -23.971  -4.158 0.4285714328
93180  24.218  -23.221  -5.194 0.7142857313
58845  23.891  -22.339  -5.570 0.7142857313
59575  25.117  -22.028  -5.497 0.7142857313
58844  24.572  -21.964  -5.736 0.7142857313
104696  23.667  -20.570  -6.261 0.7142857313
59584  25.398  -21.300  -5.482 0.5714285970
61094  23.547  -19.113  -6.571 0.7142857313
61093  24.763  -19.154  -6.498 0.5714285970
61854  23.782  -18.496  -6.824 0.7142857313
61856  22.470  -18.369  -6.231 0.2857142985
63354  22.789  -16.575  -6.780 0.5714285970
64818  23.893  -14.931  -8.143 0.8571428657
69161  22.459  -9.014  -5.229 0.7142857313
71881  19.896  -4.394  -3.267 0.5714285970
55761  20.423  -26.465  -2.488 0.1428571492
56535  20.975  -25.996  -2.968 0.4285714328
50101  20.274  -33.724  0.365 0.4285714328
54141  25.798  -28.602  -1.215 0.1428571492
56520  26.185  -25.399  -1.631 0.1428571492
54976  26.139  -27.706  -1.185 0.1428571492
54140  26.534  -28.535  -0.815 0.1428571492
55744  25.737  -26.244  -1.787 0.1428571492
104217  26.172  -26.828  -1.346 0.1428571492
57298  26.015  -24.700  -2.020 0.1428571492
58800  26.476  -22.270  -2.374 0.2857142985
60287  26.833  -21.153  -2.164 0.1428571492
67047  22.648  -11.825  -6.527 0.5714285970
73785  20.343  -1.166  -7.410 0.1428571492
74445  20.054  -0.085  -7.039 0.1428571492
67023  21.776  -11.216  -4.995 0.4285714328
67726  20.441  -10.355  -4.520 0.4285714328
73786  18.014  -1.825  -7.320 0.2857142985
72471  20.347  -3.359  -5.270 0.2857142985
71886  20.826  -4.241  -4.748 0.2857142985
72478  19.862  -3.350  -6.503 0.2857142985
67728  18.852  -10.502  -4.307 0.1428571492
68442  20.920  -9.610  -4.438 0.5714285970
73109  19.874  -2.564  -4.570 0.2857142985
71893  21.186  -4.882  -5.556 0.4285714328
68444  19.155  -9.811  -4.148 0.4285714328
69152  19.859  -8.581  -3.841 0.5714285970
72468  20.400  -3.453  -4.390 0.2857142985
68435  18.637  -9.205  -3.765 0.4285714328
69154  18.044  -8.516  -3.569 0.2857142985
104794  20.118  -3.178  -3.796 0.1428571492
69155  17.157  -8.598  -3.350 0.1428571492
69895  18.498  -7.771  -3.528 0.4285714328
73101  19.584  -2.562  -3.565 0.1428571492
73758  19.236  -1.744  -4.001 0.1428571492
69896  17.435  -7.749  -3.339 0.2857142985
92410  18.116  -2.889  -2.521 0.2857142985
72459  17.061  -3.567  -1.511 0.1428571492
73093  18.906  -2.686  -2.978 0.1428571492
73102  18.803  -1.901  -3.225 0.1428571492
73094  18.030  -1.994  -2.366 0.1428571492
50853  20.084  -32.867  0.303 0.4285714328
50870  19.797  -32.011  0.130 0.2857142985
53279  26.132  -29.293  -0.906 0.1428571492
55743  26.555  -26.123  -1.242 0.1428571492
57297  26.448  -24.118  -1.756 0.1428571492
67035  22.032  -11.901  -5.525 0.2857142985
109913  20.039  -3.963  -7.021 0.2857142985
73767  19.171  -1.724  -4.894 0.2857142985
73113  19.764  -2.752  -5.828 0.2857142985
50854  19.294  -32.561  0.617 0.2857142985
105028  25.021  -32.742  -0.249 0.1428571492
100505  25.910  -30.095  -0.837 0.1428571492
101820  26.712  -29.946  -0.604 0.1428571492
59551  26.477  -21.618  -2.634 0.1428571492
58063  26.322  -23.466  -2.116 0.1428571492
66299  21.515  -12.512  -5.364 0.4285714328
68445  18.321  -9.844  -3.929 0.2857142985
69893  20.359  -7.884  -3.767 0.5714285970
73775  18.550  -1.394  -5.955 0.2857142985
73114  19.148  -2.088  -5.924 0.2857142985
73124  17.813  -1.650  -8.046 0.1428571492
73797  17.659  -1.021  -8.021 0.1428571492
73137  18.493  -2.374  -8.173 0.1428571492
73795  19.097  -1.751  -8.209 0.1428571492
72488  18.893  -3.175  -8.323 0.1428571492
60286  27.092  -20.497  -2.068 0.2857142985
92079  19.747  -4.298  -7.867 0.4285714328
73776  17.889  -0.821  -6.666 0.2857142985
72479  19.085  -3.464  -7.816 0.2857142985
73123  18.334  -2.542  -7.988 0.1428571492
58823  26.160  -22.258  -3.068 0.4285714328
71902  20.700  -4.732  -6.801 0.2857142985
67024  20.873  -11.087  -4.698 0.4285714328
68441  22.037  -9.731  -4.768 0.5714285970
107841  20.864  -9.029  -4.282 0.5714285970
69903  21.097  -7.742  -3.944 0.5714285970
71872  19.204  -4.345  -2.995 0.4285714328
72458  17.718  -3.589  -2.290 0.2857142985
69163  20.814  -8.477  -4.089 0.5714285970
69894  19.467  -7.864  -3.636 0.5714285970
94776  26.857  -27.837  -0.718 0.1428571492
108596  26.511  -24.746  -1.530 0.1428571492
95756  20.618  -4.041  -5.957 0.2857142985
68443  19.934  -9.738  -4.319 0.4285714328
69164  19.475  -9.213  -3.932 0.4285714328
94253  20.247  -9.132  -4.158 0.5714285970
69153  18.990  -8.565  -3.682 0.5714285970
57296  27.026  -24.332  -1.251 0.1428571492
66300  20.648  -12.386  -4.971 0.2857142985
73122  18.835  -2.727  -7.067 0.2857142985
73796  17.995  -1.332  -8.216 0.1428571492
61095  22.801  -18.960  -6.350 0.4285714328
108447  17.700  0.645  -5.054 0.1428571492
74410  18.056  -0.518  -2.569 0.1428571492
75092  17.732  0.539  -4.081 0.1428571492
74429  17.851  0.033  -5.334 0.1428571492
107245  17.948  -0.940  -2.941 0.1428571492
74420  18.062  -0.345  -4.206 0.1428571492
75080  17.979  0.283  -2.875 0.1428571492
75103  17.673  1.188  -4.971 0.1428571492
73759  18.339  -1.056  -3.588 0.1428571492
104184  17.920  -0.343  -3.351 0.1428571492
75710  18.701  1.760  -2.421 0.1428571492
75724  17.764  1.595  -4.092 0.1428571492
102105  22.562  -17.238  -6.433 0.2857142985
76296  18.303  2.116  -3.296 0.1428571492
91513  17.871  1.508  -5.708 0.1428571492
73768  18.502  -0.931  -4.861 0.1428571492
74437  17.746  -0.046  -6.614 0.1428571492
75711  18.154  1.195  -3.132 0.1428571492
75079  18.580  0.842  -2.297 0.1428571492
55758  24.839  -26.717  -2.735 0.4285714328
51746  22.290  -31.281  -1.577 0.4285714328
50876  22.970  -31.992  -1.484 0.2857142985
51732  23.753  -32.078  -1.228 0.1428571492
97211  23.089  -31.173  -1.858 0.2857142985
51745  23.729  -31.483  -1.511 0.1428571492
107094  23.212  -30.565  -2.109 0.2857142985
51733  21.961  -32.033  -1.191 0.2857142985
53287  23.742  -30.038  -2.140 0.2857142985
52519  23.752  -30.785  -1.789 0.1428571492
52520  22.544  -30.618  -1.954 0.4285714328
50869  20.605  -32.381  -0.222 0.2857142985
51734  21.099  -31.843  -0.707 0.2857142985
51735  20.291  -31.532  -0.405 0.2857142985
103856  20.753  -31.145  -0.808 0.2857142985
56552  22.410  -25.668  -3.644 0.2857142985
57327  22.014  -24.789  -3.769 0.2857142985
59576  21.970  -22.037  -5.014 0.1428571492
63355  22.237  -16.588  -6.174 0.1428571492
64794  22.197  -14.104  -6.214 0.1428571492
64795  21.867  -15.037  -5.925 0.1428571492
98855  21.417  -14.038  -5.566 0.1428571492
67037  20.333  -11.630  -4.728 0.1428571492
67026  18.493  -11.297  -4.412 0.1428571492
67025  19.463  -11.282  -4.550 0.1428571492
70599  17.398  -6.150  -2.892 0.1428571492
70614  17.194  -6.924  -3.059 0.1428571492
71257  17.684  -5.246  -2.735 0.1428571492
71258  16.836  -5.576  -2.296 0.1428571492
50102  19.519  -33.400  0.701 0.2857142985
50868  21.555  -32.788  -0.585 0.1428571492
65554  22.487  -13.341  -6.532 0.2857142985
101154  21.022  -13.170  -5.249 0.1428571492
67727  19.650  -10.411  -4.421 0.1428571492
56553  21.499  -25.470  -3.394 0.2857142985
98684  21.173  -24.839  -3.497 0.2857142985
59577  21.664  -21.192  -5.242 0.1428571492
61096  22.011  -18.962  -6.033 0.1428571492
61844  21.718  -18.261  -5.813 0.1428571492
62613  22.253  -17.745  -6.068 0.1428571492
63343  21.532  -16.587  -5.675 0.1428571492
64068  21.883  -15.961  -5.927 0.1428571492
64053  21.243  -15.678  -5.579 0.1428571492
64796  20.919  -14.786  -5.418 0.1428571492
56554  20.679  -25.235  -3.159 0.2857142985
60331  22.266  -20.466  -5.828 0.1428571492
98301  22.635  -14.923  -6.872 0.1428571492
65542  21.872  -13.288  -5.745 0.1428571492
67036  21.179  -11.821  -4.981 0.1428571492
58087  21.240  -24.182  -3.712 0.1428571492
63344  20.771  -16.204  -5.393 0.1428571492
50103  18.792  -33.099  1.098 0.1428571492
50841  18.175  -32.805  1.502 0.1428571492
50855  18.586  -32.273  1.016 0.1428571492
52511  20.146  -30.721  -0.634 0.1428571492
60297  26.906  -19.869  -2.561 0.1428571492
69193  24.179  -8.713  -9.348 0.1428571492
49309  19.244  -34.763  1.192 0.1428571492
51718  19.009  -31.710  0.470 0.1428571492
51736  19.445  -31.066  -0.125 0.1428571492
53291  19.801  -29.069  -1.117 0.1428571492
69183  24.789  -8.830  -8.605 0.1428571492
90978  19.709  -34.222  0.740 0.1428571492
61047  26.868  -19.134  -2.869 0.1428571492
53280  20.045  -29.903  -0.884 0.1428571492
49324  18.978  -33.927  1.142 0.1428571492
102301  19.533  -30.281  -0.469 0.1428571492
65572  24.841  -12.834  -8.461 0.8571428657
66319  25.437  -12.125  -7.572 0.4285714328
66329  24.337  -12.432  -8.554 0.8571428657
95444  20.317  -4.820  -3.501 0.5714285970
100940  20.133  -10.944  -4.571 0.1428571492
109172  25.637  -29.099  -1.217 0.1428571492
