#!ascii label  , from subject sub-fsm85fp vox2ras=TkReg
1835
10203  -11.244  -73.329  3.686 0.5000000000
11065  -16.077  -72.451  2.906 0.5000000000
10205  -16.351  -73.305  3.215 0.5000000000
9456  -16.592  -74.294  3.379 0.5000000000
11928  -10.065  -71.964  4.906 0.5000000000
10190  -10.314  -73.291  4.627 0.5000000000
11907  -10.666  -72.557  5.417 0.5000000000
11029  -11.601  -73.179  5.289 0.5000000000
11010  -11.295  -72.882  5.705 0.6000000238
10192  -11.949  -73.174  4.393 0.5000000000
8695  -17.592  -75.564  2.440 0.5000000000
11046  -14.910  -71.791  3.358 0.5000000000
136713  -17.672  -76.156  3.090 0.5000000000
10204  -15.876  -72.677  3.849 0.6000000238
8680  -16.973  -75.302  3.449 0.6000000238
10193  -15.731  -72.862  4.739 0.6000000238
141087  -16.494  -74.688  4.042 0.6000000238
145472  -17.994  -76.609  3.596 0.6999999881
10194  -16.034  -73.685  5.050 0.6999999881
8661  -16.724  -75.344  4.430 0.6999999881
8649  -16.579  -75.184  5.396 0.6999999881
8662  -17.233  -75.952  4.924 0.6999999881
7917  -18.079  -76.689  4.488 0.6999999881
12831  -10.727  -70.984  4.758 0.5000000000
11908  -11.193  -72.161  6.008 0.6000000238
12848  -11.645  -70.216  4.389 0.6000000238
12808  -12.057  -70.726  6.112 0.6000000238
11031  -13.722  -72.430  4.833 0.5000000000
7182  -18.328  -77.283  3.659 0.5000000000
148369  -17.797  -78.467  2.798 0.5000000000
5755  -15.561  -80.024  4.448 0.6999999881
6437  -18.032  -78.317  3.758 0.6999999881
142409  -17.162  -79.046  4.421 0.6999999881
150267  -15.057  -71.935  4.049 0.6000000238
11013  -15.275  -72.476  5.300 0.6999999881
132600  -17.815  -78.436  4.939 0.6999999881
10182  -15.716  -73.073  5.667 0.6999999881
10172  -16.047  -73.855  6.150 0.6999999881
137637  -18.239  -77.831  5.524 0.6999999881
8637  -16.701  -75.191  6.301 0.6999999881
8650  -17.198  -75.825  5.847 0.6999999881
7906  -17.926  -76.489  5.473 0.6999999881
6419  -18.040  -78.106  6.450 0.6999999881
8638  -17.292  -75.684  6.721 0.6999999881
7894  -17.923  -76.188  7.248 0.6999999881
7895  -18.304  -76.896  6.870 0.6999999881
7882  -18.320  -76.813  8.070 0.6999999881
133198  -11.594  -69.818  3.605 0.5000000000
13700  -12.274  -69.649  3.562 0.6000000238
13701  -13.157  -69.436  3.429 0.6000000238
13682  -12.596  -69.826  4.391 0.6000000238
13683  -13.462  -69.570  4.438 0.6000000238
11909  -11.727  -71.659  6.491 0.6000000238
12832  -12.856  -69.994  5.446 0.6000000238
10997  -12.290  -72.347  6.869 0.6000000238
5095  -15.153  -80.691  4.683 0.6999999881
11012  -13.372  -72.599  6.336 0.6999999881
5756  -16.139  -79.592  4.992 0.6999999881
3894  -15.346  -81.814  4.179 0.6999999881
4490  -16.308  -81.933  4.081 0.6999999881
10999  -13.847  -72.447  7.071 0.6999999881
4464  -15.572  -80.893  5.216 0.6999999881
3908  -16.796  -82.291  3.187 0.6999999881
11000  -15.141  -72.551  6.430 0.6999999881
133505  -14.663  -72.425  7.456 0.6999999881
6417  -16.900  -79.186  5.493 0.6999999881
5740  -16.214  -79.857  5.833 0.6999999881
4465  -16.249  -81.087  5.539 0.6999999881
4478  -16.788  -81.568  4.750 0.6999999881
151281  -15.681  -73.110  6.511 0.6999999881
10158  -15.643  -72.972  8.113 0.6999999881
6418  -17.530  -78.642  6.000 0.6999999881
4466  -17.301  -81.214  5.452 0.6999999881
8626  -16.820  -75.066  7.172 0.6999999881
6399  -17.396  -78.913  6.854 0.6999999881
5069  -16.637  -80.034  6.406 0.6999999881
134649  -17.407  -75.538  7.609 0.6999999881
6400  -17.915  -78.414  7.308 0.6999999881
5057  -17.673  -79.723  7.270 0.6999999881
7881  -17.975  -75.972  8.175 0.6999999881
6385  -18.250  -78.553  8.007 0.6999999881
7094  -18.755  -77.126  9.086 0.6999999881
13718  -11.750  -69.299  2.862 0.5000000000
13720  -13.131  -69.002  2.280 0.6000000238
130414  -13.824  -68.771  2.048 0.6000000238
14619  -13.330  -68.437  1.393 0.5000000000
14599  -14.599  -68.755  2.282 0.6000000238
15504  -12.175  -67.493  1.352 0.5000000000
145670  -12.685  -68.457  1.575 0.5000000000
13702  -13.913  -69.317  3.738 0.6000000238
14600  -15.644  -68.607  1.839 0.6000000238
13684  -14.404  -69.251  4.502 0.6000000238
141233  -15.366  -68.725  3.082 0.6000000238
12793  -12.310  -71.228  6.866 0.6000000238
10985  -12.641  -72.075  7.300 0.6999999881
12794  -12.982  -70.709  7.153 0.6999999881
10986  -13.887  -72.117  7.986 0.6999999881
11872  -13.241  -71.834  7.718 0.6999999881
4504  -17.620  -81.954  2.762 0.6999999881
10987  -14.955  -72.377  8.159 0.6999999881
11856  -13.958  -71.521  8.293 0.6999999881
4492  -18.098  -81.494  3.314 0.6999999881
3922  -17.832  -82.040  1.796 0.6999999881
10971  -15.377  -72.395  9.011 0.6999999881
4479  -17.815  -81.413  4.377 0.6999999881
4505  -18.240  -81.554  2.321 0.6999999881
3945  -17.617  -82.487  0.267 0.6999999881
138606  -16.390  -73.396  9.264 0.6000000238
5085  -17.799  -80.813  6.140 0.6999999881
5096  -18.607  -81.030  3.846 0.6999999881
5125  -18.785  -81.144  1.696 0.6999999881
4515  -18.507  -81.560  0.795 0.6999999881
3946  -18.169  -81.946  0.118 0.6999999881
9423  -17.017  -74.920  8.096 0.6999999881
5071  -18.190  -80.471  6.684 0.6999999881
5086  -18.745  -80.551  5.998 0.6000000238
5097  -19.185  -80.558  4.226 0.6999999881
5108  -19.203  -80.616  3.318 0.6999999881
7869  -18.374  -76.359  8.990 0.6000000238
131086  -18.599  -77.728  8.464 0.6999999881
5701  -18.856  -78.935  8.220 0.6999999881
5059  -18.846  -79.820  7.333 0.6999999881
5723  -19.515  -79.682  6.949 0.6000000238
133644  -19.306  -80.360  5.122 0.6000000238
7095  -19.492  -77.175  9.348 0.6000000238
7111  -19.025  -77.707  9.024 0.6000000238
5711  -19.307  -79.288  7.763 0.6000000238
5724  -20.221  -79.273  6.395 0.5000000000
5742  -19.616  -79.971  5.988 0.5000000000
5743  -20.462  -79.274  5.415 0.5000000000
7112  -19.703  -77.826  8.920 0.6000000238
7127  -21.047  -77.647  8.030 0.5000000000
6387  -20.597  -78.370  7.602 0.5000000000
14620  -14.121  -68.448  1.304 0.6000000238
16372  -14.222  -67.542  0.706 0.6000000238
14639  -16.226  -68.297  0.580 0.5000000000
15519  -17.677  -67.508  0.398 0.6999999881
16371  -13.307  -67.300  0.957 0.5000000000
16354  -14.078  -66.425  1.317 0.6000000238
17235  -15.072  -66.149  1.379 0.6000000238
150021  -13.049  -65.488  2.632 0.6000000238
16353  -13.002  -66.277  1.829 0.6000000238
14601  -16.729  -68.623  1.866 0.4000000060
17210  -13.760  -65.596  2.343 0.6000000238
131389  -16.278  -68.501  2.904 0.5000000000
14552  -15.300  -68.753  4.142 0.6000000238
13662  -14.478  -69.381  5.541 0.6000000238
12766  -14.127  -71.002  8.524 0.6999999881
12795  -13.896  -70.179  7.313 0.6000000238
11857  -14.701  -71.234  8.998 0.6999999881
10972  -16.016  -72.731  9.565 0.6000000238
11841  -15.557  -71.174  9.737 0.6000000238
9406  -17.452  -74.350  9.710 0.6000000238
129788  -19.637  -80.213  3.684 0.6000000238
5118  -19.280  -80.600  2.375 0.6000000238
5126  -19.371  -80.503  1.392 0.6999999881
5131  -18.932  -80.959  0.656 0.6999999881
141421  -17.969  -81.289  -0.455 0.6999999881
8614  -17.901  -75.148  9.530 0.6000000238
5757  -19.783  -80.025  4.359 0.6000000238
5135  -16.922  -80.361  -0.973 0.6999999881
7856  -19.960  -76.520  9.715 0.6000000238
6401  -20.856  -78.792  6.002 0.4000000060
6450  -20.970  -78.967  3.880 0.4000000060
5771  -20.246  -79.627  3.564 0.5000000000
5780  -20.308  -79.585  2.608 0.6000000238
5132  -19.341  -80.287  0.453 0.6000000238
134917  -17.894  -80.120  -0.837 0.6000000238
7113  -20.587  -77.381  8.789 0.5000000000
7128  -21.788  -77.164  7.601 0.5000000000
6388  -21.377  -77.922  7.203 0.5000000000
127754  -20.777  -78.610  6.761 0.5000000000
6459  -20.879  -79.017  2.983 0.4000000060
129537  -20.800  -79.101  2.183 0.6000000238
17237  -16.922  -65.996  1.314 0.6000000238
16386  -16.039  -67.501  0.462 0.6000000238
16376  -18.333  -66.969  0.796 0.6000000238
17211  -14.638  -65.575  2.166 0.6000000238
17212  -15.515  -65.477  2.094 0.5000000000
18128  -16.829  -64.660  2.497 0.6000000238
19080  -16.600  -63.364  3.359 0.6000000238
14623  -17.683  -68.405  0.599 0.6000000238
17191  -13.458  -64.868  3.061 0.6999999881
138924  -15.383  -63.556  3.564 0.6000000238
19066  -16.123  -62.986  3.930 0.6000000238
14575  -17.192  -68.441  2.841 0.5000000000
147884  -17.924  -68.631  1.120 0.6000000238
129897  -13.067  -64.134  3.640 0.6000000238
19065  -15.242  -63.148  4.189 0.6999999881
14553  -16.293  -68.292  4.800 0.5000000000
19064  -14.382  -63.337  4.323 0.6999999881
14533  -16.090  -68.434  5.871 0.6000000238
19048  -14.246  -63.557  5.138 0.6000000238
12778  -14.317  -70.369  8.112 0.6000000238
13649  -15.609  -68.958  6.677 0.6000000238
13624  -16.180  -69.428  8.317 0.6000000238
143837  -15.238  -70.655  9.247 0.6000000238
10959  -16.434  -72.355  10.202 0.6000000238
10120  -18.088  -73.094  10.436 0.6000000238
9417  -20.235  -74.341  9.264 0.6000000238
8592  -19.309  -75.173  10.297 0.6000000238
8627  -21.123  -75.394  8.070 0.6000000238
139199  -20.741  -76.473  9.156 0.6000000238
6466  -20.609  -79.131  1.451 0.6000000238
5792  -19.702  -79.579  0.214 0.6000000238
5795  -19.231  -79.123  -0.521 0.6000000238
8617  -21.380  -76.081  8.337 0.5000000000
7129  -22.343  -76.876  7.185 0.5000000000
7140  -22.135  -77.454  6.883 0.5000000000
6480  -18.367  -78.304  -1.378 0.6000000238
6460  -21.405  -78.647  2.393 0.4000000060
6475  -21.049  -78.573  0.955 0.6000000238
6473  -19.967  -78.806  -0.132 0.6000000238
17214  -17.388  -65.305  1.926 0.6000000238
19090  -19.171  -63.455  2.589 0.5000000000
18130  -18.947  -64.282  2.285 0.6000000238
18118  -19.595  -63.933  2.944 0.5000000000
17213  -16.416  -65.387  2.024 0.6000000238
19082  -18.826  -62.892  2.729 0.6000000238
17238  -17.899  -66.019  1.300 0.5000000000
17240  -19.236  -65.875  1.859 0.5000000000
16355  -19.560  -66.354  2.116 0.5000000000
19081  -17.716  -63.127  3.023 0.5000000000
18129  -17.872  -64.480  2.311 0.6000000238
20087  -17.112  -62.651  3.587 0.5000000000
15509  -18.726  -67.655  1.019 0.6000000238
125764  -15.216  -63.268  5.069 0.6999999881
20062  -16.048  -62.901  4.643 0.6000000238
19050  -16.474  -62.566  6.189 0.6000000238
14534  -16.867  -68.113  5.687 0.5000000000
18068  -14.871  -64.662  6.658 0.5000000000
19049  -15.822  -63.635  6.125 0.6999999881
13650  -16.647  -68.521  6.732 0.5000000000
12768  -16.882  -70.186  9.258 0.5000000000
12754  -16.540  -70.780  9.967 0.6000000238
10961  -19.400  -73.193  9.729 0.6000000238
10947  -18.536  -72.685  10.261 0.5000000000
9416  -20.103  -74.170  8.259 0.6000000238
10137  -19.742  -73.872  9.957 0.6000000238
8628  -21.780  -75.821  7.517 0.5000000000
7202  -22.497  -77.864  1.481 0.5000000000
7201  -21.718  -77.974  0.759 0.5000000000
6482  -20.286  -77.959  -0.418 0.6000000238
7217  -19.820  -77.210  -1.208 0.6000000238
20090  -19.821  -62.192  3.223 0.6000000238
19083  -19.659  -63.116  3.004 0.6000000238
21094  -19.710  -61.496  3.371 0.6000000238
17216  -19.824  -65.156  2.901 0.5000000000
20088  -18.228  -62.358  3.160 0.6000000238
146392  -18.062  -61.020  3.982 0.6999999881
15488  -19.393  -67.510  1.824 0.6000000238
128908  -16.714  -61.764  5.847 0.6000000238
20072  -16.770  -62.376  4.313 0.6000000238
14603  -18.512  -68.599  1.725 0.6000000238
19018  -16.310  -62.873  6.893 0.6000000238
20051  -16.441  -62.042  6.695 0.6000000238
141347  -17.115  -68.098  4.707 0.5000000000
13625  -16.849  -69.530  8.425 0.5000000000
18046  -15.228  -64.745  7.607 0.5000000000
18047  -15.713  -64.002  7.484 0.6000000238
12755  -17.348  -70.883  9.879 0.5000000000
10973  -18.726  -72.180  8.822 0.6000000238
133919  -18.344  -71.750  9.598 0.5000000000
9424  -19.772  -74.153  7.145 0.5000000000
9425  -20.488  -74.764  7.615 0.5000000000
7211  -22.230  -77.513  0.590 0.6000000238
7219  -21.559  -77.207  -0.195 0.6000000238
21086  -20.044  -61.106  3.827 0.6000000238
20074  -20.007  -61.861  3.542 0.5000000000
19067  -19.844  -62.745  3.366 0.5000000000
22027  -19.809  -60.449  4.201 0.6999999881
18106  -19.691  -63.929  3.323 0.5000000000
22020  -17.933  -59.556  4.741 0.6999999881
128165  -18.574  -60.182  4.209 0.6000000238
18107  -19.963  -65.032  3.669 0.5000000000
21077  -17.541  -60.491  4.699 0.6000000238
16356  -19.927  -65.913  2.764 0.5000000000
15463  -19.797  -67.873  2.675 0.6000000238
22010  -16.093  -60.267  6.511 0.6999999881
14577  -18.843  -68.795  2.738 0.6000000238
21054  -16.004  -61.276  7.057 0.6000000238
145932  -17.717  -68.534  4.412 0.6000000238
20017  -15.094  -62.853  8.114 0.6999999881
20036  -15.587  -62.608  7.763 0.6999999881
14508  -17.116  -68.753  7.043 0.5000000000
14535  -17.402  -68.405  5.289 0.5000000000
18030  -15.462  -64.272  8.006 0.6000000238
13635  -17.268  -69.330  7.633 0.5000000000
19002  -14.132  -63.912  8.683 0.5000000000
11873  -17.756  -70.807  8.407 0.6000000238
12769  -17.303  -69.981  8.515 0.5000000000
18028  -14.297  -65.080  8.933 0.6000000238
11858  -17.855  -71.122  9.298 0.5000000000
10160  -19.416  -73.426  7.801 0.6000000238
148054  -19.713  -74.683  5.684 0.5000000000
21078  -20.000  -60.855  4.659 0.6999999881
20064  -20.044  -61.756  4.388 0.5000000000
127118  -19.530  -62.947  5.178 0.5000000000
22881  -18.797  -58.919  5.732 0.8000000119
22891  -19.338  -59.536  5.232 0.6999999881
140237  -19.648  -63.665  4.224 0.5000000000
18090  -19.612  -64.803  4.862 0.5000000000
23803  -16.928  -58.208  6.044 0.6999999881
22889  -18.270  -58.882  5.027 0.6999999881
22899  -18.896  -59.523  4.600 0.8000000119
22019  -17.096  -59.888  5.322 0.6999999881
18091  -20.198  -65.348  4.474 0.5000000000
22879  -15.472  -59.183  6.700 0.6999999881
22880  -16.483  -59.293  6.021 0.6999999881
15464  -20.318  -67.237  3.305 0.6000000238
17181  -20.479  -65.770  4.230 0.5000000000
21996  -14.159  -59.758  7.108 0.6000000238
21997  -15.243  -60.178  6.878 0.6000000238
13703  -19.101  -69.146  3.657 0.6000000238
147758  -13.769  -61.663  7.427 0.6999999881
21053  -14.994  -60.997  7.196 0.6999999881
13651  -17.491  -69.100  6.674 0.6000000238
13685  -18.204  -69.133  4.760 0.6000000238
20016  -14.191  -62.661  8.042 0.6000000238
138099  -17.709  -69.837  6.939 0.6000000238
10988  -18.456  -72.014  7.846 0.6000000238
18012  -13.550  -65.457  9.302 0.6000000238
10989  -18.850  -72.657  7.841 0.6000000238
10173  -19.166  -73.571  6.575 0.5000000000
22882  -19.261  -59.516  6.263 0.6000000238
21065  -19.754  -60.698  5.744 0.5000000000
20052  -19.761  -61.743  5.684 0.5000000000
18071  -19.112  -64.207  5.444 0.5000000000
23805  -18.285  -58.191  6.245 0.8000000119
17171  -19.298  -65.117  5.875 0.5000000000
23788  -16.227  -57.657  6.791 0.6999999881
14579  -20.148  -68.192  3.486 0.6000000238
17995  -8.496  -64.683  10.323 0.6000000238
22864  -14.557  -58.814  7.223 0.8000000119
146804  -8.510  -64.513  9.693 0.6000000238
21995  -13.153  -60.136  7.191 0.6999999881
128544  -13.850  -58.739  7.557 0.8000000119
14578  -19.448  -68.617  3.049 0.6000000238
17088  -10.620  -65.458  9.717 0.6000000238
20034  -12.979  -61.861  7.411 0.6000000238
12810  -18.015  -69.922  6.124 0.6000000238
12811  -18.590  -70.737  5.818 0.6000000238
18026  -11.074  -64.169  8.757 0.6000000238
18027  -12.833  -64.606  9.160 0.6000000238
20015  -13.028  -62.794  8.043 0.6000000238
11874  -18.097  -71.352  7.387 0.6000000238
11891  -18.468  -71.529  6.347 0.6000000238
131982  -13.642  -64.595  9.038 0.5000000000
11002  -18.811  -72.972  6.143 0.5000000000
10195  -19.221  -73.722  4.848 0.5000000000
11034  -19.377  -73.314  4.755 0.5000000000
21998  -19.497  -60.128  7.179 0.5000000000
20038  -19.555  -61.893  6.997 0.5000000000
23806  -18.723  -58.730  6.718 0.6000000238
22865  -19.171  -59.327  7.410 0.5000000000
24775  -17.011  -57.430  6.599 0.8000000119
129747  -18.293  -57.878  7.115 0.6999999881
24762  -15.771  -57.336  7.384 0.8000000119
23787  -15.264  -58.061  7.109 0.8000000119
17182  -20.883  -66.236  4.687 0.6000000238
17156  -19.993  -65.573  6.442 0.5000000000
18956  -6.902  -63.457  10.706 0.6000000238
23786  -14.327  -58.188  7.675 0.8000000119
16305  -21.273  -66.426  5.279 0.5000000000
18985  -8.065  -63.435  9.151 0.6999999881
17994  -7.660  -64.076  10.501 0.6000000238
22862  -12.568  -59.639  7.705 0.8000000119
14556  -19.784  -69.030  3.885 0.6000000238
14557  -20.576  -68.484  4.294 0.6000000238
16317  -21.066  -66.856  4.671 0.6000000238
18986  -8.788  -63.399  8.683 0.6000000238
12833  -19.083  -70.183  5.234 0.6000000238
13686  -18.854  -69.539  4.486 0.6000000238
13688  -20.302  -69.463  4.825 0.6000000238
18009  -10.536  -64.708  9.126 0.6000000238
20033  -12.087  -62.007  7.385 0.6000000238
21994  -12.382  -60.355  7.355 0.5000000000
12812  -19.398  -70.963  5.658 0.6000000238
19016  -11.891  -62.908  8.004 0.6000000238
11014  -18.766  -72.311  5.992 0.6000000238
11911  -19.660  -71.727  5.606 0.6000000238
11016  -19.650  -72.563  5.216 0.5000000000
11036  -20.704  -72.718  3.785 0.5000000000
10196  -19.553  -73.827  4.021 0.5000000000
11050  -21.181  -72.445  2.722 0.5000000000
23789  -18.796  -58.442  7.706 0.6000000238
24750  -17.367  -56.802  8.110 0.6999999881
18943  -5.077  -63.123  12.362 0.6000000238
18944  -6.459  -63.415  11.464 0.6000000238
24748  -15.578  -57.248  7.937 0.8000000119
17157  -21.255  -65.830  6.573 0.5000000000
18955  -6.285  -62.986  10.947 0.6000000238
23759  -14.455  -58.210  8.778 0.8000000119
16283  -21.966  -65.997  6.964 0.5000000000
18972  -7.340  -63.352  9.884 0.6999999881
22833  -13.066  -59.042  8.740 0.8000000119
15435  -21.583  -67.900  5.732 0.6000000238
136488  -21.738  -66.787  5.926 0.6000000238
20002  -8.412  -62.594  8.823 0.8000000119
21982  -11.977  -59.848  8.075 0.6999999881
13687  -19.397  -69.605  4.536 0.6000000238
14536  -21.470  -68.927  5.884 0.6000000238
20012  -9.172  -62.584  8.409 0.6999999881
20013  -10.000  -62.434  7.995 0.6999999881
21049  -11.462  -61.333  7.452 0.6000000238
13666  -19.806  -70.264  5.319 0.6000000238
13652  -21.753  -69.693  6.379 0.6000000238
18025  -10.431  -63.347  8.260 0.6000000238
130821  -21.287  -70.468  5.863 0.5000000000
11912  -20.631  -71.845  5.471 0.5000000000
24751  -18.207  -57.066  8.537 0.6000000238
23777  -18.932  -57.913  8.636 0.5000000000
19938  -3.800  -62.943  13.813 0.6000000238
24737  -17.676  -56.891  9.024 0.6999999881
18942  -4.485  -63.033  12.879 0.6000000238
24735  -15.947  -57.239  8.587 0.6999999881
23761  -16.527  -57.458  9.419 0.6000000238
19968  -5.993  -62.678  11.332 0.6000000238
19954  -4.888  -62.380  12.683 0.6000000238
23760  -15.482  -58.002  9.279 0.6000000238
22835  -14.779  -58.652  9.466 0.6999999881
20993  -7.070  -61.494  10.460 0.8000000119
22834  -13.915  -58.937  9.224 0.6999999881
22817  -14.679  -59.397  9.953 0.6000000238
20001  -7.702  -62.545  9.392 0.8000000119
21968  -12.267  -59.580  8.879 0.8000000119
21950  -13.587  -60.349  10.063 0.6999999881
21020  -9.695  -61.111  8.801 0.6999999881
21034  -10.140  -61.548  8.053 0.6999999881
21021  -10.991  -60.442  9.034 0.6000000238
21022  -11.739  -60.319  9.383 0.8000000119
19922  -3.536  -62.954  14.507 0.6000000238
19939  -4.257  -62.647  13.368 0.6000000238
20970  -5.963  -61.960  11.472 0.6999999881
21952  -15.435  -59.989  10.583 0.6000000238
20971  -6.606  -61.274  11.146 0.6999999881
20972  -7.370  -60.620  10.955 0.6999999881
21951  -14.484  -60.283  10.314 0.6999999881
21000  -14.137  -61.178  10.607 0.6000000238
20994  -8.332  -60.838  10.033 0.8000000119
20995  -9.096  -60.447  10.577 0.6000000238
20996  -9.942  -60.694  9.819 0.5000000000
20999  -13.184  -61.166  10.385 0.6999999881
20977  -13.725  -61.929  11.035 0.6999999881
20978  -14.671  -61.901  11.205 0.6000000238
130336  -9.103  -60.926  9.575 0.8000000119
20997  -10.885  -60.941  10.611 0.6000000238
140026  -11.328  -60.819  9.977 0.6000000238
134136  -3.580  -62.951  16.127 0.6000000238
19901  -3.738  -62.219  15.223 0.6000000238
20945  -5.064  -61.114  13.959 0.6999999881
19923  -3.999  -62.331  14.172 0.6000000238
130788  -5.235  -61.421  13.075 0.6999999881
21924  -6.661  -60.380  12.540 0.6999999881
21936  -6.975  -60.378  11.694 0.6999999881
21937  -7.836  -60.123  11.571 0.6000000238
21001  -15.065  -61.037  10.823 0.6000000238
21938  -8.717  -60.254  11.489 0.6000000238
20975  -10.558  -61.119  11.661 0.6000000238
19972  -15.169  -62.436  11.821 0.5000000000
139763  -14.256  -62.528  11.876 0.6000000238
19959  -14.918  -62.833  12.360 0.5000000000
18945  -15.180  -63.135  13.008 0.5000000000
19958  -13.547  -62.695  12.572 0.6000000238
19944  -14.405  -63.032  12.845 0.5000000000
19869  -5.441  -62.742  17.421 0.6000000238
128413  -3.960  -62.331  16.535 0.6000000238
20932  -4.401  -61.587  14.615 0.6999999881
135535  -4.282  -61.472  15.783 0.6999999881
21913  -5.664  -60.669  14.173 0.6999999881
150634  -5.656  -60.829  13.480 0.6999999881
149938  -7.059  -60.177  13.082 0.6000000238
21925  -7.456  -60.103  12.403 0.5000000000
21917  -8.806  -60.870  13.173 0.6999999881
150230  -9.125  -61.339  13.698 0.6000000238
21927  -9.214  -60.695  12.345 0.6000000238
20960  -10.576  -61.578  12.637 0.6000000238
20947  -10.666  -62.140  13.502 0.6000000238
19956  -11.824  -62.027  12.282 0.6000000238
19942  -12.902  -62.748  13.330 0.5000000000
143937  -13.089  -63.218  14.249 0.5000000000
19927  -13.833  -63.401  14.548 0.5000000000
21811  -8.151  -60.062  19.981 0.6999999881
22711  -7.094  -60.101  19.704 0.6999999881
151728  -7.575  -58.491  20.399 0.6999999881
20877  -5.576  -61.651  17.950 0.6000000238
21825  -6.012  -60.232  19.338 0.6999999881
23627  -6.067  -58.468  20.146 0.6999999881
23626  -5.421  -57.504  20.092 0.6999999881
133653  -5.475  -56.521  19.334 0.6000000238
20889  -4.782  -61.517  17.281 0.6999999881
21836  -5.603  -60.594  18.691 0.6999999881
22720  -5.027  -59.336  18.819 0.6999999881
24612  -5.077  -57.730  19.411 0.6999999881
21860  -4.573  -61.235  16.582 0.6999999881
21835  -5.156  -60.561  17.969 0.6999999881
23645  -4.948  -58.613  18.984 0.6999999881
21903  -6.322  -60.429  14.376 0.6999999881
21905  -7.732  -60.603  14.370 0.6000000238
21916  -7.865  -60.378  13.317 0.6000000238
20935  -9.837  -62.282  15.105 0.6000000238
19879  -10.137  -62.154  16.296 0.6000000238
20946  -9.749  -61.474  13.263 0.6000000238
20936  -10.161  -62.237  14.245 0.6000000238
19903  -10.347  -62.497  15.813 0.6000000238
19925  -11.525  -63.036  14.958 0.5000000000
19904  -11.141  -62.866  15.859 0.6000000238
127543  -12.553  -62.022  16.673 0.6000000238
19941  -11.435  -62.566  13.817 0.5000000000
19905  -12.043  -63.149  15.935 0.5000000000
19881  -12.634  -62.808  16.337 0.5000000000
130344  -8.265  -59.038  20.562 0.6999999881
23628  -6.869  -57.696  20.506 0.6999999881
25608  -5.495  -56.669  20.173 0.6000000238
26542  -6.613  -55.410  19.351 0.6000000238
26557  -6.791  -55.625  18.498 0.6000000238
128189  -7.574  -55.432  17.860 0.4000000060
24643  -5.634  -57.077  18.024 0.6000000238
25640  -5.788  -56.506  18.536 0.5000000000
26576  -6.332  -56.060  18.234 0.5000000000
26578  -8.194  -55.458  16.888 0.4000000060
26592  -9.752  -55.304  16.313 0.5000000000
20921  -4.955  -60.929  15.876 0.6999999881
22755  -5.316  -60.114  17.552 0.8000000119
126311  -5.027  -59.162  18.534 0.6999999881
24644  -6.298  -57.131  17.221 0.5000000000
25670  -7.558  -56.542  16.293 0.4000000060
26590  -8.044  -55.911  16.092 0.4000000060
132780  -9.569  -55.483  15.548 0.4000000060
27468  -10.622  -55.149  14.663 0.4000000060
21889  -5.656  -60.584  16.009 0.8000000119
22756  -6.144  -59.732  17.073 0.8000000119
22731  -5.404  -59.335  17.777 0.8000000119
138666  -5.999  -58.544  17.484 0.8000000119
138859  -6.533  -57.756  17.223 0.6000000238
24658  -7.839  -57.073  16.181 0.5000000000
25671  -8.223  -56.494  15.749 0.4000000060
26601  -9.222  -55.911  15.181 0.4000000060
21890  -6.341  -60.439  15.316 0.6999999881
21904  -7.028  -60.366  14.771 0.8000000119
125548  -7.860  -60.424  16.366 0.6999999881
20898  -8.730  -60.940  16.485 0.5000000000
24671  -8.522  -56.908  15.557 0.5000000000
25683  -9.515  -56.431  14.823 0.4000000060
26615  -10.319  -55.716  14.240 0.4000000060
150992  -8.297  -60.939  15.873 0.6000000238
20922  -8.925  -61.457  15.862 0.5000000000
20899  -9.576  -61.495  16.529 0.5000000000
21867  -11.036  -61.025  16.958 0.6000000238
19880  -10.826  -62.342  16.387 0.6000000238
127390  -11.778  -61.573  16.736 0.6000000238
23629  -8.182  -58.001  20.784 0.6000000238
24591  -8.231  -57.266  21.188 0.5000000000
25609  -5.941  -56.135  20.479 0.5000000000
26541  -6.149  -55.436  19.981 0.4000000060
26543  -7.489  -55.202  19.102 0.5000000000
150486  -8.072  -55.223  18.602 0.5000000000
26579  -9.142  -55.285  17.044 0.5000000000
26560  -10.821  -55.055  17.951 0.5000000000
27445  -11.562  -54.602  16.380 0.5000000000
28336  -12.360  -53.903  15.920 0.5000000000
27455  -10.452  -55.122  15.615 0.5000000000
28351  -12.550  -53.531  15.132 0.5000000000
22732  -6.657  -59.240  17.293 0.6999999881
23665  -7.152  -58.578  17.309 0.6000000238
141213  -9.050  -58.079  17.241 0.5000000000
24646  -8.371  -57.778  17.036 0.5000000000
27469  -11.108  -54.810  14.332 0.5000000000
28369  -12.268  -53.737  14.205 0.5000000000
149052  -6.338  -60.372  16.101 0.8000000119
22757  -7.546  -59.798  17.061 0.6999999881
21864  -8.501  -60.304  17.035 0.6000000238
24659  -8.927  -57.447  16.334 0.5000000000
24672  -9.286  -56.992  15.185 0.4000000060
25691  -10.108  -56.334  14.315 0.5000000000
27480  -10.862  -55.168  13.972 0.4000000060
28381  -11.814  -54.357  13.608 0.5000000000
21846  -9.712  -60.058  17.318 0.5000000000
22758  -10.610  -59.276  16.996 0.5000000000
23668  -10.095  -58.739  17.205 0.6000000238
24660  -9.981  -57.567  16.074 0.5000000000
24685  -10.670  -57.348  14.452 0.5000000000
25704  -10.952  -56.252  13.412 0.5000000000
21866  -10.457  -60.127  17.162 0.5000000000
23687  -11.242  -58.941  16.253 0.5000000000
23686  -10.484  -58.376  16.617 0.5000000000
23697  -10.891  -57.944  15.536 0.5000000000
22759  -11.371  -60.021  16.757 0.6000000238
22775  -12.066  -59.396  15.941 0.6000000238
25585  -8.225  -56.658  21.745 0.5000000000
25602  -7.607  -55.904  21.536 0.5000000000
25601  -6.427  -55.549  20.969 0.5000000000
27391  -6.470  -54.939  20.671 0.4000000060
27401  -7.928  -54.596  19.823 0.4000000060
25584  -8.014  -55.736  22.253 0.5000000000
27383  -6.415  -55.053  20.989 0.4000000060
27412  -8.544  -55.039  19.207 0.5000000000
26559  -9.868  -55.195  18.149 0.6000000238
27415  -11.292  -54.436  18.536 0.5000000000
27432  -11.595  -54.589  17.585 0.5000000000
28322  -12.792  -53.287  16.744 0.4000000060
29271  -13.090  -52.979  15.900 0.4000000060
29285  -13.466  -52.338  15.262 0.4000000060
27384  -6.861  -54.455  21.332 0.4000000060
27392  -6.901  -54.285  20.825 0.4000000060
27393  -7.439  -54.219  20.437 0.4000000060
27402  -9.068  -54.497  19.679 0.5000000000
27414  -10.486  -54.816  18.851 0.5000000000
28303  -11.274  -53.648  18.838 0.5000000000
28298  -9.451  -53.710  19.968 0.4000000060
28299  -10.408  -53.386  19.465 0.4000000060
29246  -10.909  -52.549  18.796 0.5000000000
29247  -11.646  -52.981  18.324 0.4000000060
29258  -12.344  -52.884  17.616 0.4000000060
29272  -13.379  -51.936  16.210 0.4000000060
143128  -13.683  -51.567  15.618 0.4000000060
134714  -7.077  -53.686  21.884 0.4000000060
28290  -7.478  -53.586  20.910 0.4000000060
28297  -8.353  -53.824  20.305 0.4000000060
29227  -8.167  -51.942  21.307 0.4000000060
149241  -8.359  -52.295  20.947 0.4000000060
28291  -8.906  -53.069  20.365 0.4000000060
29244  -10.244  -52.248  19.283 0.4000000060
30186  -11.392  -51.811  18.082 0.5000000000
30197  -12.216  -51.653  17.402 0.4000000060
30212  -12.752  -51.327  16.824 0.4000000060
30185  -10.474  -51.514  18.690 0.4000000060
31141  -11.710  -50.194  17.263 0.4000000060
31151  -12.358  -50.377  16.816 0.4000000060
30213  -13.265  -50.833  16.245 0.4000000060
29211  -7.288  -52.587  22.254 0.4000000060
30157  -7.868  -51.409  21.704 0.3000000119
131220  -9.250  -51.528  20.074 0.3000000119
30178  -9.849  -51.505  19.372 0.4000000060
31124  -8.538  -50.019  20.831 0.4000000060
30168  -8.379  -51.030  21.039 0.3000000119
30169  -8.961  -50.672  20.269 0.3000000119
30177  -9.540  -50.770  19.502 0.4000000060
151690  -10.533  -49.185  18.298 0.5000000000
32085  -11.500  -49.403  17.342 0.4000000060
32086  -12.003  -49.670  16.920 0.4000000060
32094  -12.670  -49.643  16.366 0.4000000060
33086  -13.406  -48.430  15.631 0.3000000119
33037  -10.690  -47.932  18.380 0.5000000000
32093  -11.978  -48.621  16.862 0.4000000060
140643  -12.739  -48.509  16.187 0.3000000119
31118  -8.130  -50.415  21.548 0.4000000060
32060  -8.365  -49.100  21.589 0.4000000060
32065  -8.766  -48.885  20.788 0.4000000060
32080  -9.710  -49.261  19.227 0.5000000000
32081  -10.158  -48.558  18.848 0.5000000000
33015  -9.127  -47.622  20.959 0.4000000060
138894  -9.765  -47.827  19.645 0.5000000000
33029  -10.877  -46.393  18.986 0.5000000000
33038  -11.232  -46.806  18.215 0.4000000060
34040  -12.175  -45.870  17.441 0.4000000060
33058  -12.336  -47.318  16.705 0.3000000119
34005  -10.954  -45.942  19.506 0.3000000119
34006  -11.405  -45.641  18.958 0.3000000119
34976  -11.925  -45.303  18.413 0.3000000119
137421  -7.897  -49.797  22.237 0.4000000060
33988  -9.680  -46.677  21.287 0.3000000119
33016  -10.095  -46.424  21.068 0.4000000060
35005  -12.604  -45.501  17.238 0.3000000119
33966  -9.021  -47.238  22.398 0.3000000119
33005  -10.181  -46.978  21.754 0.3000000119
142034  -15.114  -67.622  0.545 0.6000000238
17236  -15.979  -66.037  1.385 0.5000000000
19970  -12.322  -61.932  11.584 0.6000000238
19969  -11.464  -61.521  11.541 0.6000000238
134115  -16.776  -73.886  2.681 0.5000000000
131777  -16.181  -73.713  4.152 0.6000000238
11030  -12.620  -72.920  5.141 0.5000000000
9444  -16.336  -74.527  4.759 0.6999999881
7170  -18.336  -77.588  4.575 0.6999999881
7151  -18.386  -77.044  5.325 0.6999999881
10159  -16.003  -73.566  7.220 0.6999999881
7907  -18.278  -76.810  5.983 0.6999999881
128293  -17.874  -76.334  6.332 0.6999999881
13647  -13.559  -69.930  6.246 0.5000000000
5084  -16.785  -80.636  6.158 0.6999999881
10148  -15.907  -73.055  8.845 0.6999999881
131400  -16.210  -73.605  8.307 0.6999999881
5070  -17.351  -80.216  6.853 0.6999999881
129941  -17.574  -75.370  8.517 0.6999999881
15516  -15.699  -68.104  0.515 0.6000000238
131660  -18.437  -80.925  5.042 0.6999999881
10134  -16.988  -73.599  9.894 0.6000000238
136166  -19.040  -75.739  10.126 0.6000000238
6372  -19.477  -78.587  8.318 0.5000000000
18125  -14.270  -64.871  2.867 0.6999999881
9407  -18.183  -74.471  10.215 0.6000000238
5779  -19.851  -80.068  2.063 0.6000000238
145158  -19.167  -79.932  -0.201 0.6000000238
8603  -20.321  -75.595  9.770 0.5000000000
7883  -21.971  -76.447  7.546 0.5000000000
130699  -21.138  -78.762  1.736 0.5000000000
18127  -15.906  -64.763  2.580 0.6000000238
19079  -14.426  -63.567  3.721 0.6999999881
14576  -18.101  -68.670  2.674 0.6000000238
11826  -17.553  -71.613  10.273 0.5000000000
10121  -19.203  -73.809  10.334 0.5000000000
150053  -20.515  -74.992  9.381 0.6000000238
9408  -20.131  -74.732  9.926 0.5000000000
6481  -19.437  -78.093  -0.895 0.6000000238
7210  -21.040  -77.957  0.083 0.6000000238
7212  -22.933  -77.353  0.879 0.5000000000
151443  -16.607  -60.308  5.956 0.6000000238
17172  -20.867  -65.913  5.023 0.5000000000
17074  -9.319  -65.309  10.476 0.6000000238
18011  -12.471  -65.255  9.508 0.6000000238
11001  -18.549  -72.299  6.847 0.6000000238
18008  -9.617  -64.730  9.246 0.6000000238
22848  -13.683  -58.547  8.450 0.8000000119
18999  -9.573  -63.312  8.391 0.6000000238
132724  -20.545  -70.207  5.480 0.6000000238
20032  -11.354  -62.100  7.516 0.6000000238
12813  -20.385  -71.052  5.685 0.6000000238
143826  -13.949  -59.669  9.822 0.8000000119
15425  -22.114  -67.505  6.642 0.6000000238
21967  -11.524  -60.150  8.581 0.6000000238
21035  -10.804  -61.079  7.876 0.6999999881
136328  -10.431  -60.674  9.444 0.6000000238
20974  -9.629  -60.620  11.512 0.6000000238
130116  -11.870  -61.412  10.810 0.6999999881
147886  -11.155  -61.628  12.215 0.6000000238
19943  -13.695  -63.110  13.503 0.5000000000
20934  -8.599  -61.135  14.129 0.5000000000
20948  -11.276  -62.094  12.906 0.6000000238
18898  -13.440  -63.367  15.564 0.5000000000
151732  -6.983  -60.584  19.442 0.6999999881
20861  -6.846  -61.041  19.117 0.6000000238
22710  -5.712  -59.353  19.676 0.6999999881
22730  -5.129  -59.817  18.336 0.8000000119
23664  -5.724  -57.731  17.722 0.6000000238
24602  -6.141  -56.843  20.549 0.6000000238
26589  -7.446  -55.896  16.804 0.5000000000
25658  -6.256  -56.511  17.648 0.5000000000
26628  -10.833  -55.685  13.598 0.5000000000
25610  -6.787  -56.302  20.979 0.5000000000
27456  -11.345  -54.572  15.075 0.5000000000
22733  -8.470  -59.571  17.358 0.6000000238
22734  -9.241  -59.372  17.446 0.6000000238
23698  -11.693  -58.640  15.420 0.5000000000
26523  -6.997  -54.901  21.611 0.5000000000
28304  -11.950  -53.834  18.137 0.5000000000
27403  -10.053  -54.378  19.489 0.6000000238
125611  -7.209  -53.050  21.964 0.4000000060
29235  -7.841  -52.770  21.248 0.4000000060
136134  -8.258  -52.962  20.758 0.4000000060
29236  -8.839  -52.292  20.509 0.4000000060
133483  -11.449  -50.839  17.592 0.5000000000
145710  -12.067  -50.814  17.217 0.4000000060
30184  -10.061  -50.757  18.818 0.4000000060
30196  -10.710  -50.687  18.147 0.4000000060
32123  -13.332  -49.316  15.804 0.4000000060
31125  -8.957  -49.705  20.267 0.3000000119
31130  -9.353  -49.940  19.671 0.5000000000
31136  -10.213  -49.868  18.579 0.4000000060
131191  -11.304  -48.261  17.611 0.5000000000
31139  -10.692  -49.883  18.067 0.4000000060
34019  -11.764  -45.716  18.107 0.5000000000
33057  -11.732  -47.105  17.426 0.4000000060
33020  -9.607  -47.078  20.485 0.5000000000
33021  -10.002  -46.628  20.234 0.4000000060
34987  -12.300  -45.338  17.797 0.4000000060
33996  -10.529  -46.274  20.294 0.4000000060
33978  -9.741  -46.723  21.669 0.3000000119
33006  -10.808  -46.967  21.106 0.3000000119
33989  -10.832  -46.179  20.408 0.3000000119
4542  -16.017  -81.476  -3.787 0.5000000000
4547  -16.544  -82.173  -4.289 0.5000000000
4002  -18.033  -82.630  -5.211 0.5000000000
4548  -17.430  -82.038  -4.580 0.5000000000
4554  -18.869  -82.270  -5.634 0.5000000000
4549  -18.344  -81.780  -4.905 0.5000000000
4555  -19.729  -81.890  -6.041 0.6000000238
4541  -15.271  -81.335  -3.456 0.5000000000
4543  -16.762  -81.287  -3.852 0.5000000000
5151  -17.729  -81.141  -4.084 0.5000000000
5152  -18.653  -80.898  -4.415 0.5000000000
4560  -20.395  -82.043  -6.465 0.6000000238
5153  -19.559  -80.521  -4.674 0.6000000238
4550  -19.200  -81.430  -5.253 0.6000000238
4540  -14.498  -81.446  -3.121 0.4000000060
2937  -14.574  -84.009  0.042 0.4000000060
137328  -14.686  -83.193  -0.369 0.4000000060
3957  -13.513  -82.403  -0.826 0.5000000000
3972  -13.728  -81.581  -1.552 0.5000000000
3983  -13.343  -81.793  -2.223 0.5000000000
4533  -14.540  -80.971  -1.527 0.5000000000
148831  -15.310  -81.435  -0.932 0.5000000000
4532  -13.966  -81.104  -2.116 0.5000000000
5138  -14.536  -80.532  -2.048 0.5000000000
4562  -21.696  -81.590  -6.611 0.6000000238
4564  -23.178  -81.543  -6.659 0.6000000238
5144  -15.656  -79.781  -2.224 0.5000000000
5819  -16.366  -79.515  -2.609 0.5000000000
5805  -16.332  -79.119  -2.090 0.5000000000
4557  -21.310  -81.074  -6.252 0.6000000238
132143  -16.930  -80.290  -3.377 0.5000000000
5148  -18.871  -80.034  -3.824 0.6000000238
147525  -20.284  -80.494  -5.123 0.6000000238
5166  -22.632  -80.936  -6.537 0.6000000238
137189  -21.076  -79.713  -4.507 0.6000000238
133642  -22.007  -80.495  -6.063 0.6000000238
5160  -23.802  -80.278  -6.053 0.6999999881
5842  -22.326  -79.927  -5.423 0.6000000238
5843  -23.106  -79.821  -5.439 0.6999999881
3919  -15.179  -82.803  2.960 0.6000000238
3382  -15.859  -83.387  2.070 0.6000000238
3933  -16.738  -83.048  1.557 0.6000000238
3403  -15.587  -84.084  0.690 0.5000000000
3415  -15.480  -83.758  -0.034 0.5000000000
3405  -16.897  -83.127  0.467 0.6000000238
3958  -14.680  -82.002  -0.816 0.5000000000
3416  -16.363  -83.091  -0.230 0.5000000000
3959  -16.814  -82.342  -0.483 0.5000000000
4534  -15.384  -80.673  -1.298 0.5000000000
5134  -16.298  -80.830  -0.946 0.5000000000
5797  -15.740  -79.577  -1.954 0.5000000000
4010  -23.741  -82.642  -6.144 0.6999999881
4018  -23.957  -81.966  -6.492 0.6000000238
144693  -24.843  -81.442  -6.246 0.8000000119
5806  -16.779  -78.896  -2.334 0.5000000000
5821  -18.130  -79.231  -3.207 0.5000000000
5822  -19.065  -79.177  -3.419 0.6000000238
5167  -23.328  -80.803  -6.484 0.6999999881
5161  -24.705  -80.538  -6.103 0.6999999881
5834  -20.277  -79.888  -4.425 0.6000000238
142288  -23.809  -79.720  -5.338 0.6999999881
5824  -20.619  -79.241  -3.772 0.6000000238
128123  -21.840  -79.659  -4.507 0.6000000238
5825  -22.371  -79.536  -3.548 0.6999999881
5837  -23.212  -79.672  -4.468 0.6999999881
5827  -25.224  -79.587  -4.292 0.6000000238
3905  -14.392  -82.266  3.253 0.5000000000
3920  -16.277  -82.778  2.619 0.6000000238
3934  -17.462  -82.589  1.135 0.6000000238
3417  -17.142  -82.725  -0.132 0.6000000238
4528  -17.076  -81.542  -0.683 0.6000000238
5141  -17.070  -79.472  -1.316 0.6000000238
4011  -24.466  -82.483  -5.940 0.6999999881
5798  -16.307  -79.380  -1.709 0.5000000000
147977  -17.615  -78.999  -1.345 0.5000000000
4012  -25.345  -82.268  -5.565 0.5000000000
4004  -25.716  -82.747  -4.546 0.6000000238
6488  -17.015  -78.514  -2.061 0.6000000238
6511  -18.450  -78.381  -2.832 0.5000000000
138587  -25.386  -80.695  -6.000 0.6000000238
6512  -19.368  -78.324  -3.084 0.5000000000
5844  -24.578  -79.902  -5.622 0.6999999881
5845  -25.498  -80.057  -5.663 0.6000000238
5808  -20.953  -78.572  -3.303 0.5000000000
142154  -25.151  -79.634  -5.226 0.6000000238
5828  -26.234  -79.449  -4.269 0.6000000238
6504  -21.355  -77.896  -2.922 0.5000000000
5809  -21.847  -79.018  -2.941 0.6000000238
139035  -24.406  -79.734  -3.134 0.5000000000
6492  -24.650  -78.761  -1.686 0.5000000000
5802  -25.888  -79.280  -1.696 0.5000000000
4489  -14.703  -81.622  3.884 0.6000000238
3906  -14.983  -82.210  3.679 0.6000000238
5107  -15.048  -80.503  3.917 0.4000000060
5136  -18.556  -79.581  -0.729 0.5000000000
4013  -26.198  -81.979  -5.255 0.6000000238
6489  -17.690  -77.973  -2.084 0.5000000000
4559  -26.535  -81.062  -5.584 0.5000000000
6502  -19.785  -77.516  -2.772 0.5000000000
5846  -26.374  -79.885  -5.391 0.5000000000
5164  -27.411  -80.193  -5.204 0.5000000000
4552  -27.675  -80.890  -4.948 0.5000000000
7236  -20.258  -76.813  -2.535 0.5000000000
5839  -25.953  -79.572  -5.163 0.5000000000
5829  -27.222  -79.319  -4.280 0.5000000000
7237  -20.860  -77.007  -2.772 0.6000000238
7238  -22.257  -77.120  -2.755 0.6000000238
140257  -25.357  -79.682  -2.950 0.5000000000
5813  -26.336  -79.506  -2.653 0.6000000238
7239  -23.263  -76.971  -2.679 0.6000000238
7240  -24.100  -77.283  -2.408 0.5000000000
6448  -17.287  -79.040  3.332 0.4000000060
7227  -18.890  -77.114  -2.045 0.5000000000
5155  -27.951  -80.067  -4.918 0.5000000000
7235  -19.544  -76.842  -2.244 0.5000000000
7988  -20.171  -76.346  -2.090 0.5000000000
5830  -28.231  -79.273  -4.270 0.5000000000
5831  -29.003  -79.214  -4.119 0.5000000000
5150  -29.627  -79.576  -3.679 0.5000000000
5817  -30.719  -79.209  -2.632 0.5000000000
6486  -32.102  -78.662  -0.942 0.5000000000
8742  -21.457  -75.585  -2.103 0.6000000238
8743  -22.335  -75.284  -2.246 0.6000000238
5814  -27.612  -79.151  -3.169 0.5000000000
7991  -23.105  -75.705  -2.690 0.6000000238
6484  -27.938  -78.141  -0.886 0.5000000000
8745  -23.751  -75.261  -2.725 0.5000000000
126724  -24.713  -75.830  -2.812 0.5000000000
7966  -22.416  -76.912  0.004 0.5000000000
6514  -29.597  -78.984  -3.639 0.5000000000
143089  -30.507  -78.985  -2.938 0.5000000000
5818  -31.360  -78.891  -1.974 0.5000000000
7975  -21.730  -76.247  -0.839 0.5000000000
7976  -22.665  -75.995  -0.586 0.6000000238
5815  -28.772  -78.868  -3.398 0.5000000000
6508  -29.516  -78.612  -2.628 0.5000000000
6498  -31.338  -78.469  -1.900 0.5000000000
6487  -32.320  -77.976  -0.577 0.5000000000
6477  -32.342  -77.814  0.062 0.5000000000
8744  -23.066  -74.922  -2.388 0.5000000000
6495  -28.366  -78.620  -1.699 0.5000000000
6485  -29.267  -77.608  -0.820 0.5000000000
7967  -23.261  -76.750  0.377 0.5000000000
7223  -31.476  -77.312  -1.187 0.5000000000
7234  -31.850  -77.968  -1.451 0.5000000000
7225  -32.358  -77.511  -0.667 0.5000000000
8710  -32.069  -75.896  1.569 0.4000000060
7981  -32.498  -76.947  -0.438 0.4000000060
14597  -11.472  -68.353  2.218 0.4000000060
17980  -8.262  -64.501  11.327 0.5000000000
18929  -5.320  -63.796  12.916 0.5000000000
17968  -5.916  -63.488  12.243 0.5000000000
18913  -3.345  -63.804  14.674 0.5000000000
17952  -3.993  -63.944  13.510 0.5000000000
17969  -6.958  -63.908  12.306 0.5000000000
21812  -8.361  -60.793  20.077 0.5000000000
22699  -8.342  -59.853  20.477 0.5000000000
22658  -8.478  -58.692  21.034 0.5000000000
7973  -20.263  -76.513  -1.512 0.5000000000
7228  -19.544  -76.689  -1.856 0.5000000000
4556  -20.512  -81.446  -6.151 0.6000000238
5147  -17.978  -80.234  -3.577 0.6000000238
136170  -21.294  -80.499  -5.717 0.6000000238
5823  -19.869  -79.178  -3.628 0.6000000238
3395  -16.204  -83.705  1.064 0.6000000238
5807  -17.492  -78.499  -2.447 0.5000000000
127589  -21.430  -79.315  -3.695 0.6000000238
5826  -23.390  -79.662  -3.238 0.6000000238
6506  -23.329  -78.895  -2.203 0.6000000238
4003  -24.809  -82.873  -5.126 0.6999999881
7226  -18.212  -77.568  -2.102 0.5000000000
6503  -20.547  -77.651  -2.943 0.5000000000
150962  -21.791  -77.610  -2.791 0.6000000238
138335  -22.993  -78.080  -2.448 0.6000000238
5800  -24.222  -79.111  -1.891 0.5000000000
5803  -26.863  -79.215  -1.784 0.5000000000
5840  -26.807  -79.504  -5.026 0.5000000000
5156  -28.389  -79.610  -4.497 0.5000000000
7989  -20.881  -76.195  -2.345 0.5000000000
7992  -23.955  -76.293  -2.735 0.5000000000
7984  -20.729  -75.986  -1.806 0.5000000000
8734  -22.152  -75.174  -1.964 0.5000000000
8724  -21.860  -75.552  -1.510 0.5000000000
140320  -30.847  -78.474  -2.230 0.5000000000
6497  -30.201  -78.153  -1.779 0.5000000000
7233  -31.110  -77.921  -1.708 0.5000000000
145797  -32.348  -77.199  0.463 0.5000000000
7222  -30.362  -77.392  -0.994 0.4000000060
7961  -32.547  -76.402  0.445 0.4000000060
135755  -27.238  -82.878  -1.298 0.5000000000
3979  -27.538  -82.743  -1.709 0.6000000238
3991  -28.141  -82.283  -2.211 0.6000000238
3978  -26.846  -82.923  -2.145 0.6000000238
3430  -25.745  -83.083  -2.744 0.4000000060
147053  -28.912  -81.832  -1.726 0.4000000060
4545  -28.696  -80.857  -3.862 0.4000000060
3999  -28.089  -81.854  -3.204 0.5000000000
3989  -26.850  -82.800  -3.054 0.6000000238
3998  -27.416  -82.253  -3.516 0.5000000000
4544  -27.980  -81.396  -4.155 0.4000000060
3438  -26.284  -82.995  -2.847 0.5000000000
4006  -27.290  -81.878  -4.371 0.5000000000
3437  -25.602  -83.072  -3.535 0.6000000238
3445  -24.217  -83.102  -4.675 0.6000000238
3452  -23.819  -82.997  -5.570 0.6000000238
136548  -22.905  -83.242  -5.637 0.6000000238
3456  -23.203  -82.431  -6.480 0.6000000238
3450  -22.172  -83.521  -5.963 0.6000000238
4016  -21.791  -82.319  -6.671 0.5000000000
4015  -20.828  -82.703  -6.584 0.5000000000
4014  -20.065  -82.503  -6.396 0.4000000060
4008  -18.641  -83.105  -5.733 0.5000000000
7960  -31.781  -76.867  1.433 0.3000000119
4001  -17.049  -82.928  -4.879 0.4000000060
16296  -22.112  -66.460  6.838 0.4000000060
15426  -22.675  -67.168  7.503 0.4000000060
14520  -21.914  -68.679  6.565 0.5000000000
21869  -13.398  -61.347  16.471 0.5000000000
21868  -12.453  -61.145  16.580 0.5000000000
21894  -13.531  -60.234  16.093 0.5000000000
22777  -13.480  -59.349  15.459 0.4000000060
23711  -12.508  -58.283  14.315 0.4000000060
23689  -15.064  -58.309  16.422 0.4000000060
151717  -11.963  -57.772  13.917 0.4000000060
23722  -12.596  -57.768  13.705 0.4000000060
23712  -13.048  -58.365  14.240 0.4000000060
24686  -11.269  -57.340  13.851 0.4000000060
24701  -12.375  -57.208  13.211 0.4000000060
24674  -14.385  -57.461  15.221 0.4000000060
25717  -11.977  -56.333  12.695 0.4000000060
25719  -13.083  -56.242  12.507 0.4000000060
139162  -14.741  -55.195  14.107 0.4000000060
26644  -11.849  -55.811  12.635 0.4000000060
25718  -12.489  -56.005  12.444 0.4000000060
27481  -11.366  -55.029  13.342 0.4000000060
27498  -12.544  -54.638  12.339 0.4000000060
29284  -12.932  -53.075  14.749 0.3000000119
29296  -12.768  -53.200  13.878 0.4000000060
30225  -13.895  -50.873  15.473 0.3000000119
126811  -13.676  -52.244  13.493 0.3000000119
127937  -13.868  -51.780  14.624 0.3000000119
23688  -14.521  -58.561  15.808 0.4000000060
23701  -14.091  -58.253  15.090 0.4000000060
23700  -13.471  -58.697  14.862 0.4000000060
22778  -14.071  -59.028  15.514 0.4000000060
24688  -13.972  -57.522  14.388 0.4000000060
24703  -13.647  -57.116  13.566 0.4000000060
26593  -14.926  -55.960  16.263 0.4000000060
25684  -14.400  -56.721  14.916 0.4000000060
26630  -14.457  -55.815  13.486 0.4000000060
25706  -13.351  -56.705  12.908 0.4000000060
3899  -31.633  -83.197  5.081 0.3000000119
147703  -32.185  -83.723  4.542 0.3000000119
3887  -30.987  -82.424  5.542 0.4000000060
3366  -31.528  -83.738  4.412 0.3000000119
134062  -32.108  -83.989  3.967 0.4000000060
3896  -28.865  -82.385  4.134 0.3000000119
3365  -30.817  -83.686  4.077 0.3000000119
3372  -30.947  -84.129  3.185 0.4000000060
4498  -27.876  -81.961  3.889 0.3000000119
3913  -29.383  -83.144  3.512 0.3000000119
3371  -30.030  -83.850  2.833 0.3000000119
3912  -28.484  -82.688  3.299 0.3000000119
3927  -29.134  -83.364  2.609 0.3000000119
3384  -29.811  -83.920  1.987 0.3000000119
3911  -27.670  -82.384  3.017 0.3000000119
148502  -28.254  -82.946  1.784 0.3000000119
3398  -28.925  -83.446  1.661 0.3000000119
4518  -26.975  -82.059  1.976 0.3000000119
3940  -27.286  -82.223  1.175 0.3000000119
3942  -28.201  -82.980  1.063 0.3000000119
4507  -24.976  -81.988  2.689 0.3000000119
4508  -25.755  -82.003  2.152 0.3000000119
4517  -26.405  -81.935  1.522 0.3000000119
3951  -26.663  -82.087  0.462 0.3000000119
3952  -27.610  -82.713  0.199 0.3000000119
4516  -25.222  -82.077  1.617 0.4000000060
3374  -32.446  -83.756  3.525 0.3000000119
3886  -30.161  -82.265  5.227 0.4000000060
3386  -31.308  -84.016  2.623 0.4000000060
3385  -30.607  -84.073  2.303 0.4000000060
3399  -29.720  -83.759  1.308 0.4000000060
3407  -29.048  -83.473  0.848 0.4000000060
4496  -26.441  -81.764  3.176 0.3000000119
3953  -28.433  -83.041  0.200 0.4000000060
4494  -24.337  -81.595  3.525 0.3000000119
139694  -25.145  -81.476  3.461 0.4000000060
3967  -27.782  -82.862  -0.569 0.4000000060
3966  -26.871  -82.694  -0.618 0.3000000119
4481  -23.738  -81.244  4.353 0.3000000119
3367  -32.895  -83.610  4.255 0.3000000119
3375  -33.303  -83.288  3.582 0.3000000119
3915  -34.443  -82.352  3.910 0.3000000119
3388  -32.770  -83.369  2.968 0.3000000119
3928  -32.817  -82.856  2.531 0.3000000119
5090  -29.150  -80.703  5.752 0.4000000060
3402  -31.596  -83.710  2.247 0.3000000119
3944  -32.358  -82.595  1.971 0.3000000119
4483  -28.506  -81.598  4.634 0.3000000119
4469  -28.987  -81.335  5.225 0.4000000060
3401  -31.290  -83.530  1.640 0.4000000060
3943  -31.696  -82.760  1.434 0.3000000119
3409  -30.240  -83.487  0.902 0.4000000060
3410  -30.966  -83.059  0.942 0.4000000060
128713  -27.250  -81.333  3.936 0.3000000119
148523  -26.810  -79.755  4.409 0.3000000119
3419  -29.050  -83.169  0.363 0.4000000060
3954  -29.724  -83.133  0.454 0.4000000060
5110  -25.816  -81.230  3.676 0.3000000119
5760  -25.501  -79.768  4.583 0.3000000119
3969  -29.209  -82.729  -0.216 0.4000000060
4529  -29.554  -81.860  -0.896 0.5000000000
5100  -25.364  -80.536  4.144 0.3000000119
144322  -27.787  -82.845  -1.037 0.4000000060
3980  -28.213  -82.621  -1.286 0.4000000060
4480  -22.916  -81.773  4.638 0.3000000119
3929  -33.420  -82.686  2.971 0.3000000119
5114  -34.448  -81.677  3.848 0.3000000119
135829  -28.425  -79.886  5.422 0.4000000060
4525  -31.392  -82.021  0.813 0.4000000060
4531  -31.126  -81.103  0.134 0.4000000060
5088  -27.596  -79.938  4.690 0.4000000060
3970  -29.994  -82.389  -0.062 0.4000000060
4530  -30.452  -81.287  -0.550 0.5000000000
5142  -30.124  -80.586  -2.077 0.4000000060
5761  -26.287  -79.332  4.647 0.3000000119
151395  -29.624  -81.250  -1.702 0.4000000060
5745  -25.784  -79.147  5.103 0.3000000119
4539  -29.521  -80.912  -2.501 0.4000000060
4546  -29.383  -80.366  -3.480 0.4000000060
5759  -24.836  -80.211  4.624 0.3000000119
5098  -23.372  -81.134  4.988 0.3000000119
4468  -23.031  -81.743  5.421 0.3000000119
4510  -32.937  -82.186  2.357 0.3000000119
4520  -32.476  -81.795  1.866 0.3000000119
148462  -31.865  -81.080  1.149 0.3000000119
5747  -27.807  -78.991  5.160 0.4000000060
5143  -30.631  -80.422  -1.466 0.4000000060
5746  -26.553  -78.701  5.139 0.4000000060
144823  -30.629  -79.929  -2.254 0.4000000060
5725  -24.829  -79.962  6.073 0.3000000119
5074  -24.279  -80.807  6.176 0.3000000119
3885  -23.614  -82.806  5.799 0.3000000119
4456  -23.671  -81.591  6.009 0.3000000119
5128  -32.166  -81.107  1.523 0.3000000119
5127  -31.718  -80.377  0.935 0.4000000060
5133  -31.516  -80.090  0.003 0.4000000060
133430  -25.440  -79.923  6.884 0.3000000119
5060  -25.433  -80.674  7.537 0.3000000119
5075  -25.209  -80.734  6.859 0.3000000119
4450  -25.570  -81.500  7.448 0.3000000119
4457  -24.721  -81.438  6.569 0.3000000119
4444  -25.493  -81.272  7.965 0.3000000119
3860  -25.852  -82.163  7.945 0.3000000119
3875  -25.953  -82.317  7.338 0.3000000119
131477  -25.173  -82.038  6.716 0.3000000119
146705  -31.559  -78.661  1.804 0.3000000119
5794  -31.726  -79.413  0.308 0.4000000060
3847  -25.608  -82.538  8.391 0.3000000119
3327  -25.910  -83.212  8.420 0.3000000119
6441  -31.490  -78.086  4.055 0.3000000119
6453  -31.370  -78.293  3.039 0.3000000119
6468  -31.814  -78.673  0.668 0.3000000119
7186  -31.182  -77.371  3.623 0.3000000119
7197  -31.255  -77.427  2.438 0.3000000119
22760  -12.290  -60.307  16.387 0.5000000000
28382  -12.485  -53.688  13.237 0.5000000000
27482  -12.068  -54.449  12.918 0.4000000060
22787  -12.997  -58.865  14.814 0.4000000060
3446  -25.067  -83.062  -4.347 0.6000000238
132824  -26.893  -82.497  -3.795 0.5000000000
5149  -29.068  -79.737  -4.182 0.4000000060
5804  -31.214  -79.539  -1.671 0.4000000060
5796  -31.830  -79.184  -0.427 0.4000000060
6476  -32.075  -78.605  -0.234 0.4000000060
138852  -31.736  -77.816  1.141 0.3000000119
21870  -14.284  -60.785  16.380 0.5000000000
21895  -14.163  -59.803  16.046 0.4000000060
24661  -14.681  -57.824  15.838 0.4000000060
3897  -29.911  -82.891  4.382 0.3000000119
3925  -27.046  -82.053  2.699 0.3000000119
4495  -25.761  -81.862  2.967 0.3000000119
4470  -29.644  -81.511  5.564 0.4000000060
5089  -28.392  -80.774  5.046 0.4000000060
4482  -27.714  -81.056  4.439 0.3000000119
5102  -27.028  -80.566  4.186 0.3000000119
4524  -30.715  -82.140  0.330 0.4000000060
5744  -24.925  -79.803  5.170 0.3000000119
5137  -31.142  -80.261  -0.750 0.4000000060
5073  -23.654  -80.966  5.545 0.3000000119
5787  -31.744  -79.523  1.147 0.4000000060
5726  -25.533  -79.180  5.931 0.3000000119
3341  -24.584  -82.525  6.216 0.3000000119
5781  -31.881  -79.628  1.806 0.3000000119
3848  -26.120  -82.767  8.093 0.3000000119
143415  -20.868  -83.517  -6.336 0.5000000000
2960  -21.242  -83.933  -5.866 0.5000000000
3442  -21.545  -83.922  -5.333 0.5000000000
3444  -23.122  -83.232  -4.927 0.5000000000
3436  -24.632  -83.135  -3.784 0.4000000060
8717  -23.569  -76.176  -0.004 0.4000000060
128646  -26.518  -82.904  -1.501 0.3000000119
3949  -24.694  -82.204  0.196 0.3000000119
4523  -25.864  -81.860  0.927 0.3000000119
3950  -25.801  -82.092  -0.053 0.3000000119
6422  -26.136  -78.656  5.600 0.3000000119
148252  -27.257  -77.671  5.942 0.3000000119
6424  -27.293  -78.289  5.390 0.3000000119
4471  -30.411  -81.682  5.907 0.3000000119
7143  -26.965  -77.319  6.408 0.3000000119
6425  -28.003  -78.383  5.596 0.3000000119
5748  -28.468  -79.023  5.796 0.3000000119
5749  -29.026  -79.815  6.183 0.3000000119
144986  -30.269  -80.570  6.651 0.3000000119
5728  -29.536  -79.602  6.883 0.3000000119
7157  -27.816  -77.774  5.932 0.3000000119
6391  -28.971  -78.143  7.077 0.3000000119
5727  -28.958  -79.007  6.571 0.3000000119
5714  -30.002  -79.231  7.597 0.3000000119
5076  -29.942  -81.005  6.158 0.3000000119
4472  -31.342  -81.658  6.215 0.3000000119
7144  -28.291  -77.424  6.622 0.3000000119
4458  -30.750  -81.012  6.487 0.3000000119
5077  -30.888  -80.456  7.005 0.3000000119
4007  -17.854  -83.442  -5.246 0.3000000119
3429  -24.990  -83.119  -2.941 0.5000000000
3435  -23.447  -83.082  -4.026 0.4000000060
3443  -22.196  -83.488  -5.131 0.5000000000
3965  -26.011  -82.672  -0.910 0.3000000119
26603  -14.913  -55.193  16.086 0.3000000119
26602  -14.658  -55.936  15.511 0.3000000119
26660  -13.862  -54.865  11.752 0.3000000119
3449  -20.459  -83.987  -6.043 0.4000000060
2956  -21.122  -84.466  -5.283 0.4000000060
2451  -22.807  -85.600  -1.372 0.4000000060
2458  -21.734  -85.067  -2.376 0.4000000060
2946  -20.741  -84.092  -3.023 0.4000000060
3985  -21.426  -83.142  -3.261 0.4000000060
3996  -22.604  -82.861  -3.271 0.4000000060
2951  -21.189  -84.694  -4.059 0.4000000060
126363  -21.517  -83.570  -4.312 0.4000000060
3434  -22.210  -83.145  -4.173 0.4000000060
2440  -24.739  -85.744  0.607 0.3000000119
2450  -21.475  -85.098  -0.576 0.4000000060
2938  -20.579  -84.051  -1.524 0.4000000060
125863  -21.278  -84.233  -4.687 0.4000000060
139209  -21.885  -85.173  -1.633 0.4000000060
2467  -21.578  -85.176  -3.312 0.4000000060
2446  -24.250  -85.768  -0.168 0.3000000119
2939  -20.934  -84.524  -1.258 0.4000000060
2941  -20.791  -84.282  -2.302 0.4000000060
3433  -20.984  -83.774  -3.627 0.4000000060
3427  -20.815  -83.583  -2.675 0.4000000060
3986  -22.028  -82.709  -2.552 0.4000000060
2439  -23.472  -85.622  0.793 0.3000000119
2445  -22.702  -85.511  -0.158 0.3000000119
129626  -20.856  -84.599  -0.078 0.3000000119
2444  -21.237  -85.163  0.820 0.3000000119
3974  -22.319  -82.652  -1.546 0.3000000119
3975  -23.592  -82.643  -1.435 0.3000000119
3973  -21.284  -82.981  -2.205 0.3000000119
3988  -25.322  -82.975  -2.204 0.3000000119
3987  -24.316  -82.843  -2.246 0.3000000119
134491  -23.150  -82.710  -2.359 0.3000000119
3428  -23.940  -83.000  -3.117 0.3000000119
3257  -25.627  -83.436  15.138 0.3000000119
3256  -25.021  -83.193  14.838 0.3000000119
135509  -24.975  -80.066  8.385 0.3000000119
3776  -23.383  -82.207  15.252 0.3000000119
3790  -22.108  -82.342  14.476 0.3000000119
4404  -21.412  -81.900  12.753 0.3000000119
135447  -21.676  -81.284  12.269 0.3000000119
4414  -22.031  -81.358  11.525 0.3000000119
5020  -22.972  -80.499  10.274 0.3000000119
5032  -23.476  -79.999  9.735 0.3000000119
5033  -24.212  -80.046  9.058 0.3000000119
4381  -21.817  -81.638  14.758 0.3000000119
4380  -21.459  -81.210  14.258 0.3000000119
143695  -21.449  -81.198  12.933 0.3000000119
5014  -22.017  -80.585  11.853 0.3000000119
5019  -22.407  -80.596  11.096 0.3000000119
3418  -20.781  -83.630  -0.908 0.3000000119
3792  -24.343  -83.100  14.644 0.3000000119
3809  -21.486  -82.708  12.509 0.3000000119
138249  -22.722  -83.073  14.211 0.3000000119
3791  -23.609  -82.793  14.717 0.3000000119
3266  -21.817  -82.792  13.762 0.3000000119
3789  -21.551  -82.034  14.042 0.3000000119
4985  -21.465  -80.349  14.492 0.3000000119
2932  -14.898  -84.287  0.546 0.5000000000
2955  -20.571  -84.818  -5.174 0.4000000060
3268  -25.406  -83.891  14.608 0.3000000119
3353  -32.574  -83.235  5.096 0.3000000119
3364  -30.210  -83.579  3.613 0.3000000119
3373  -31.732  -84.015  3.333 0.3000000119
3387  -32.284  -83.307  2.406 0.3000000119
3400  -30.601  -83.720  1.415 0.4000000060
3404  -16.157  -83.642  0.292 0.5000000000
3408  -29.660  -83.558  0.904 0.4000000060
3422  -20.600  -83.927  -2.230 0.4000000060
3423  -20.758  -83.542  -1.792 0.4000000060
3424  -26.130  -83.030  -2.176 0.4000000060
3451  -23.088  -83.012  -6.079 0.6000000238
3453  -20.156  -83.240  -6.361 0.4000000060
3454  -21.581  -83.236  -6.389 0.5000000000
3455  -22.443  -82.844  -6.415 0.6000000238
3775  -22.507  -81.956  15.126 0.3000000119
3800  -21.469  -82.409  13.287 0.3000000119
3861  -26.301  -82.814  7.708 0.3000000119
3873  -23.166  -82.245  5.759 0.3000000119
3874  -23.985  -82.087  6.226 0.3000000119
3898  -30.803  -83.097  4.858 0.3000000119
3907  -15.753  -82.350  3.524 0.6000000238
3914  -33.897  -82.718  3.586 0.3000000119
3921  -17.180  -82.467  2.174 0.6000000238
3926  -28.311  -82.863  2.423 0.3000000119
3935  -18.067  -82.113  0.876 0.6999999881
3941  -27.641  -82.475  2.032 0.3000000119
3955  -30.344  -82.917  0.511 0.4000000060
3960  -17.560  -82.157  -0.278 0.6000000238
3961  -21.312  -83.020  -1.209 0.3000000119
3964  -25.137  -82.482  -0.736 0.3000000119
3968  -28.406  -82.824  -0.429 0.4000000060
3976  -24.693  -82.701  -1.440 0.3000000119
3977  -25.678  -82.846  -1.533 0.3000000119
3981  -28.828  -82.460  -0.886 0.5000000000
3984  -13.882  -81.631  -2.727 0.5000000000
3990  -27.438  -82.577  -2.603 0.6000000238
3995  -15.752  -82.232  -4.074 0.5000000000
3997  -26.324  -82.818  -3.660 0.5000000000
4005  -26.586  -82.341  -4.451 0.5000000000
4009  -19.413  -82.744  -6.139 0.4000000060
4017  -22.606  -82.176  -6.671 0.6000000238
4393  -21.408  -81.590  13.494 0.3000000119
4413  -21.625  -82.053  11.981 0.3000000119
4467  -22.566  -82.151  5.076 0.3000000119
4476  -15.040  -81.194  4.574 0.6999999881
4477  -15.747  -81.433  4.854 0.6999999881
4484  -29.328  -81.992  4.897 0.4000000060
4491  -17.298  -81.809  3.749 0.6999999881
4497  -27.141  -81.802  3.400 0.3000000119
4499  -34.020  -82.118  3.348 0.3000000119
4509  -26.383  -81.955  2.447 0.3000000119
4519  -31.963  -81.790  1.371 0.4000000060
4522  -18.543  -81.360  0.094 0.6999999881
4526  -15.893  -82.301  -0.640 0.5000000000
4527  -16.182  -81.560  -0.791 0.5000000000
4535  -30.070  -81.071  -1.337 0.4000000060
4536  -14.313  -80.964  -2.419 0.5000000000
4537  -14.940  -80.535  -2.543 0.4000000060
4538  -28.801  -81.382  -2.840 0.5000000000
4551  -26.955  -81.543  -5.070 0.5000000000
4553  -28.357  -80.359  -4.559 0.5000000000
4558  -25.761  -81.300  -5.856 0.6000000238
4561  -21.048  -81.841  -6.612 0.6000000238
4563  -22.331  -81.607  -6.661 0.6000000238
4565  -23.995  -81.053  -6.487 0.6999999881
5013  -21.680  -80.578  12.593 0.3000000119
5058  -18.167  -80.093  7.242 0.6999999881
5072  -18.869  -80.199  6.760 0.6000000238
5083  -16.136  -80.419  5.750 0.6999999881
5087  -24.297  -80.372  5.515 0.3000000119
5094  -14.623  -80.988  4.028 0.4000000060
5099  -24.104  -80.534  4.895 0.3000000119
5101  -26.176  -80.258  4.144 0.3000000119
5111  -26.617  -81.209  3.780 0.3000000119
5117  -18.722  -81.084  2.818 0.6999999881
5139  -15.122  -80.041  -1.916 0.5000000000
5140  -15.896  -80.066  -1.460 0.5000000000
5145  -30.090  -79.911  -2.980 0.4000000060
5146  -15.878  -80.477  -3.160 0.5000000000
5154  -20.868  -80.219  -5.155 0.6000000238
5157  -19.984  -81.088  -5.549 0.6000000238
5158  -20.698  -80.779  -5.696 0.6000000238
5159  -22.884  -80.330  -6.091 0.6999999881
5162  -26.074  -80.474  -5.739 0.5000000000
5163  -26.779  -80.297  -5.467 0.5000000000
5165  -22.009  -81.115  -6.505 0.6000000238
5710  -18.346  -79.432  7.699 0.6999999881
5712  -20.064  -79.057  7.260 0.5000000000
5722  -17.198  -79.593  6.902 0.6999999881
5739  -15.647  -80.244  5.280 0.6999999881
5741  -16.887  -79.482  6.361 0.6999999881
5758  -20.397  -79.443  4.488 0.6000000238
5762  -27.039  -79.020  4.743 0.4000000060
5769  -16.375  -79.543  3.947 0.6999999881
5770  -19.742  -80.121  2.939 0.6000000238
5786  -19.939  -79.783  1.168 0.6000000238
5793  -20.317  -79.097  0.660 0.6000000238
5799  -17.374  -78.148  -1.959 0.5000000000
5810  -23.805  -79.430  -2.451 0.5000000000
5811  -24.704  -79.527  -2.238 0.5000000000
5816  -30.079  -79.134  -3.353 0.5000000000
5820  -17.164  -79.313  -2.966 0.5000000000
5832  -29.435  -79.249  -3.849 0.5000000000
5833  -19.554  -79.781  -3.975 0.6000000238
5835  -21.559  -80.048  -5.285 0.6000000238
5836  -22.551  -79.670  -4.706 0.6999999881
5838  -24.251  -79.615  -4.565 0.6999999881
5841  -27.610  -79.613  -4.853 0.5000000000
5847  -27.025  -79.804  -5.205 0.5000000000
6373  -20.251  -78.151  8.347 0.5000000000
6384  -17.652  -79.094  7.398 0.6999999881
6386  -19.938  -78.763  7.917 0.5000000000
6406  -28.453  -78.221  6.180 0.3000000119
6438  -20.973  -78.923  4.669 0.4000000060
6467  -21.707  -78.375  1.643 0.5000000000
6474  -20.577  -78.511  0.245 0.6000000238
6490  -18.101  -77.611  -1.941 0.5000000000
6491  -18.860  -77.276  -1.751 0.5000000000
6496  -28.912  -78.185  -1.187 0.5000000000
6499  -31.848  -78.521  -1.446 0.5000000000
6500  -32.240  -78.005  -1.047 0.5000000000
6501  -18.801  -77.543  -2.415 0.5000000000
6505  -22.334  -78.470  -2.642 0.6000000238
6507  -23.898  -78.295  -2.066 0.5000000000
6509  -30.330  -78.822  -2.888 0.5000000000
6510  -30.841  -78.803  -2.472 0.5000000000
6513  -20.196  -78.386  -3.250 0.5000000000
7096  -20.141  -77.148  9.318 0.6000000238
7114  -21.333  -76.827  8.326 0.5000000000
7126  -18.264  -77.677  7.675 0.6999999881
7139  -18.209  -77.654  6.921 0.6999999881
7152  -18.340  -77.323  6.133 0.6999999881
7173  -31.565  -77.277  4.502 0.3000000119
7204  -32.648  -77.019  -0.091 0.5000000000
7213  -32.471  -77.409  -0.370 0.5000000000
7218  -20.635  -77.136  -0.726 0.5000000000
7224  -32.227  -77.342  -0.960 0.4000000060
7855  -19.118  -76.441  9.710 0.6000000238
7934  -31.180  -76.654  3.334 0.3000000119
7974  -20.965  -76.385  -1.137 0.5000000000
7982  -19.613  -76.607  -1.997 0.5000000000
7983  -20.174  -76.297  -1.942 0.5000000000
7990  -21.727  -76.000  -2.517 0.6000000238
8593  -19.884  -75.136  10.174 0.5000000000
8601  -18.637  -75.187  10.181 0.6000000238
8602  -19.626  -75.786  10.099 0.5000000000
8615  -18.511  -75.803  9.667 0.6000000238
8616  -20.879  -75.541  8.971 0.6000000238
8629  -22.402  -76.001  7.128 0.5000000000
8681  -17.349  -76.034  3.987 0.6999999881
8732  -20.759  -75.920  -1.977 0.5000000000
8733  -21.282  -75.598  -1.948 0.6000000238
9396  -18.495  -73.807  10.403 0.5000000000
9397  -18.924  -74.506  10.397 0.6000000238
9398  -19.606  -74.520  10.239 0.5000000000
9414  -16.799  -74.186  8.855 0.6000000238
9415  -17.329  -74.807  8.917 0.6999999881
9430  -16.402  -74.467  6.735 0.6999999881
9431  -19.414  -74.212  6.100 0.5000000000
9438  -16.220  -74.300  5.481 0.6999999881
9439  -19.310  -74.277  5.202 0.5000000000
10119  -17.216  -72.828  10.355 0.6000000238
10135  -17.741  -73.682  10.279 0.6000000238
10136  -19.159  -73.182  10.157 0.5000000000
10149  -19.778  -73.612  9.062 0.6000000238
10171  -15.389  -72.792  7.267 0.6999999881
10181  -10.636  -73.062  5.231 0.5000000000
10183  -19.072  -73.620  5.612 0.5000000000
10191  -11.063  -73.402  4.603 0.5000000000
10945  -17.009  -71.973  10.460 0.6000000238
10946  -17.778  -72.322  10.388 0.5000000000
10958  -15.691  -72.020  9.819 0.6000000238
10960  -18.884  -72.498  9.839 0.5000000000
10970  -14.638  -71.833  8.673 0.6999999881
10974  -19.264  -72.876  8.914 0.6000000238
10996  -11.803  -72.370  6.469 0.6000000238
10998  -12.842  -72.479  6.979 0.6000000238
11011  -12.292  -72.785  6.175 0.6000000238
11015  -19.006  -72.995  5.419 0.6000000238
11017  -20.730  -72.413  4.965 0.5000000000
11028  -10.076  -72.839  4.857 0.5000000000
11032  -14.748  -72.174  4.829 0.6000000238
11033  -15.358  -72.295  4.366 0.6000000238
11035  -19.848  -73.136  4.288 0.5000000000
11047  -15.475  -72.100  3.543 0.5000000000
11048  -20.056  -73.495  3.298 0.5000000000
11825  -16.937  -71.327  10.312 0.6000000238
11827  -18.238  -71.971  10.149 0.5000000000
11842  -16.337  -71.586  10.212 0.6000000238
11859  -18.221  -71.524  8.568 0.5000000000
11889  -12.159  -71.946  7.035 0.6000000238
11890  -12.743  -71.566  7.379 0.6999999881
11910  -18.950  -71.611  5.840 0.6000000238
11913  -21.670  -71.887  5.455 0.5000000000
11929  -10.729  -71.790  5.453 0.5000000000
12767  -15.601  -70.006  8.877 0.6000000238
12777  -13.479  -71.076  7.917 0.6999999881
12779  -15.253  -69.754  8.200 0.6000000238
12780  -17.695  -70.317  7.590 0.6000000238
12781  -18.018  -70.687  6.625 0.6000000238
12807  -11.329  -71.094  5.598 0.6000000238
12809  -12.692  -70.468  6.413 0.6000000238
13632  -14.929  -69.607  7.405 0.6000000238
13633  -15.951  -69.100  7.539 0.6000000238
13634  -16.780  -68.973  7.664 0.5000000000
13648  -14.623  -69.519  6.499 0.6000000238
13663  -15.324  -68.856  5.126 0.6000000238
13664  -17.784  -69.114  5.710 0.6000000238
13665  -18.486  -69.837  5.317 0.6000000238
13667  -21.089  -69.610  5.568 0.6000000238
13719  -12.564  -69.310  2.824 0.6000000238
14519  -17.230  -68.481  6.259 0.5000000000
14521  -22.515  -68.441  7.287 0.5000000000
14554  -16.775  -68.192  3.862 0.5000000000
14555  -18.470  -68.894  3.695 0.6000000238
14558  -21.070  -68.702  5.141 0.6000000238
14573  -13.891  -69.109  2.889 0.6000000238
14574  -14.566  -69.032  3.451 0.6000000238
14598  -12.265  -68.786  2.134 0.5000000000
14602  -17.665  -68.702  1.789 0.6000000238
14604  -19.214  -68.346  2.141 0.6000000238
14618  -12.116  -68.105  1.511 0.5000000000
14621  -15.558  -68.403  0.838 0.6000000238
14622  -16.388  -68.596  0.987 0.5000000000
14624  -18.370  -68.305  0.921 0.6000000238
14625  -18.921  -68.162  1.409 0.6000000238
14640  -16.921  -68.411  0.532 0.5000000000
15450  -20.716  -67.503  4.054 0.6000000238
15451  -21.131  -67.733  4.816 0.6000000238
15489  -19.940  -66.898  2.615 0.6000000238
15503  -11.640  -67.512  1.763 0.5000000000
15505  -12.750  -67.906  1.002 0.5000000000
15506  -13.678  -68.047  0.819 0.6000000238
15507  -14.728  -68.135  0.732 0.6000000238
15508  -18.083  -67.874  0.468 0.6000000238
15517  -16.542  -68.081  0.318 0.5000000000
15518  -17.349  -68.053  0.244 0.6000000238
16316  -20.627  -66.474  3.950 0.6000000238
16330  -20.243  -66.391  3.212 0.6000000238
16370  -12.485  -67.065  1.301 0.6000000238
16373  -15.552  -66.752  0.804 0.6000000238
16374  -16.466  -66.714  0.746 0.6000000238
16375  -17.408  -66.765  0.690 0.6999999881
16377  -19.076  -66.728  1.408 0.5000000000
16387  -16.933  -67.516  0.332 0.6999999881
17062  -8.962  -65.043  11.143 0.6000000238
17087  -9.681  -65.334  9.893 0.6000000238
17104  -14.165  -65.923  8.977 0.6000000238
17154  -14.591  -65.348  7.267 0.5000000000
17155  -19.116  -65.335  6.674 0.5000000000
17192  -20.140  -65.599  3.407 0.5000000000
17209  -12.350  -65.697  2.594 0.6000000238
17215  -19.538  -65.317  2.407 0.5000000000
17239  -18.739  -65.972  1.485 0.5000000000
17941  -4.116  -64.522  13.804 0.5000000000
17953  -4.644  -64.177  13.397 0.5000000000
17954  -6.447  -64.183  13.135 0.5000000000
17979  -7.353  -63.973  11.431 0.6000000238
17996  -8.972  -64.889  9.730 0.6000000238
18006  -8.055  -64.099  9.701 0.6000000238
18007  -8.665  -64.214  9.180 0.6000000238
18024  -10.054  -64.081  8.693 0.6000000238
18069  -15.578  -64.214  6.808 0.6000000238
18070  -18.746  -64.696  6.580 0.5000000000
18089  -15.038  -64.001  5.905 0.6000000238
18114  -13.915  -64.132  3.430 0.6999999881
18115  -14.734  -64.170  3.245 0.6999999881
18116  -15.440  -64.260  3.045 0.6000000238
18117  -16.215  -64.067  3.016 0.6000000238
18119  -19.784  -64.662  3.117 0.5000000000
18126  -15.082  -64.860  2.710 0.6000000238
18131  -19.596  -64.506  2.780 0.5000000000
18150  -18.411  -65.192  1.851 0.6000000238
18151  -19.125  -65.155  1.986 0.5000000000
18883  -12.800  -63.247  15.990 0.5000000000
18899  -14.284  -63.404  15.402 0.5000000000
18926  -3.650  -63.561  13.947 0.6000000238
18927  -4.047  -63.303  13.347 0.6000000238
18928  -4.527  -63.518  13.044 0.6000000238
18931  -15.022  -63.345  13.746 0.5000000000
18932  -15.685  -63.231  13.680 0.5000000000
18954  -5.769  -63.010  11.610 0.6000000238
18971  -6.698  -62.957  10.401 0.6000000238
18987  -9.288  -63.988  8.771 0.6000000238
19000  -11.229  -63.404  8.276 0.6000000238
19001  -12.956  -63.784  8.680 0.6000000238
19003  -15.068  -63.680  8.390 0.5000000000
19004  -15.607  -63.501  7.956 0.6000000238
19017  -16.008  -63.230  7.413 0.6999999881
19033  -16.072  -63.584  6.922 0.6000000238
19051  -19.966  -62.505  4.014 0.5000000000
19078  -13.627  -63.561  3.926 0.6000000238
19088  -17.247  -63.892  2.828 0.5000000000
19089  -18.336  -63.664  2.591 0.5000000000
19091  -19.462  -63.764  2.750 0.6000000238
19868  -4.394  -62.358  16.976 0.6000000238
19882  -13.375  -63.062  16.215 0.5000000000
19902  -9.624  -62.074  15.836 0.6000000238
19924  -10.613  -62.689  15.091 0.6000000238
19926  -12.600  -63.318  15.162 0.5000000000
19940  -10.865  -62.584  14.321 0.5000000000
19955  -5.510  -62.552  11.903 0.6000000238
19957  -12.662  -62.356  12.418 0.6000000238
19971  -13.240  -62.258  11.682 0.6000000238
19987  -6.447  -62.353  10.773 0.6000000238
19988  -7.074  -62.417  10.063 0.8000000119
20014  -10.885  -62.637  7.843 0.6000000238
20031  -10.749  -61.845  7.680 0.6000000238
20035  -14.786  -61.946  7.628 0.6999999881
20037  -16.127  -62.352  7.307 0.6000000238
20063  -16.573  -62.324  5.231 0.6000000238
20073  -17.578  -61.863  3.799 0.6999999881
20089  -19.373  -62.185  2.994 0.6000000238
20101  -19.559  -62.905  2.868 0.6000000238
20897  -4.231  -61.667  16.720 0.6000000238
20900  -10.514  -61.646  16.731 0.6000000238
20901  -11.197  -61.827  16.729 0.6000000238
20933  -4.994  -61.013  14.902 0.6999999881
20944  -4.584  -61.856  13.600 0.6000000238
20958  -5.554  -61.694  12.230 0.6999999881
20959  -9.957  -61.088  12.285 0.6000000238
20961  -15.960  -62.230  12.012 0.5000000000
20973  -8.185  -60.364  10.805 0.6000000238
20976  -12.774  -61.721  10.917 0.6999999881
20979  -15.538  -61.709  11.416 0.5000000000
20998  -12.238  -61.047  10.206 0.6999999881
21017  -7.639  -61.603  9.871 0.8000000119
21018  -8.292  -61.658  9.310 0.8000000119
21019  -8.960  -61.759  8.768 0.6999999881
21033  -9.526  -61.884  8.283 0.6999999881
21050  -12.255  -61.240  7.186 0.5000000000
21051  -13.016  -61.062  7.106 0.6999999881
21052  -13.927  -60.935  7.142 0.6999999881
21064  -16.504  -61.133  6.332 0.6000000238
21076  -16.920  -60.861  5.496 0.6000000238
21085  -19.485  -60.235  4.158 0.6999999881
21093  -18.757  -61.549  3.330 0.6000000238
21095  -19.930  -61.490  3.492 0.6000000238
21791  -8.476  -60.698  20.754 0.5000000000
21824  -5.204  -59.670  19.078 0.6999999881
21826  -7.915  -60.910  19.595 0.6999999881
21844  -4.866  -61.179  17.236 0.6999999881
21845  -9.064  -60.009  17.336 0.6000000238
21861  -5.090  -60.775  16.925 0.6999999881
21862  -5.805  -60.254  16.710 0.8000000119
21863  -6.807  -60.101  16.527 0.8000000119
21865  -9.285  -60.649  17.050 0.5000000000
21891  -7.049  -60.374  15.748 0.8000000119
21892  -7.668  -60.626  15.356 0.6000000238
21893  -12.964  -60.570  16.248 0.5000000000
21902  -5.632  -60.654  15.054 0.6999999881
21914  -6.345  -60.440  13.453 0.6999999881
21915  -7.037  -60.297  13.846 0.6000000238
21923  -5.920  -60.866  12.765 0.6999999881
21926  -8.334  -60.252  12.360 0.6000000238
21949  -12.648  -60.299  9.713 0.6999999881
21966  -10.421  -60.857  8.517 0.6999999881
21969  -13.170  -59.545  9.426 0.8000000119
21981  -11.377  -60.503  7.927 0.6000000238
21993  -11.806  -60.569  7.494 0.6000000238
22011  -19.569  -59.956  5.607 0.6999999881
22021  -19.715  -60.113  4.862 0.6999999881
22028  -19.841  -60.916  3.741 0.6999999881
22698  -7.474  -59.304  20.096 0.6999999881
22709  -5.046  -59.103  19.229 0.6999999881
22735  -9.958  -59.361  17.350 0.5000000000
22776  -12.895  -59.656  15.664 0.4000000060
22818  -15.476  -58.949  10.046 0.6999999881
22832  -12.641  -59.257  8.311 0.8000000119
22847  -13.640  -58.461  8.006 0.8000000119
22863  -13.187  -59.112  7.710 0.8000000119
22888  -17.390  -58.969  5.355 0.6999999881
22890  -18.920  -59.139  5.063 0.8000000119
22900  -19.435  -59.813  4.632 0.6999999881
23616  -8.380  -57.867  21.172 0.5000000000
23637  -5.187  -58.466  19.612 0.6999999881
23663  -5.219  -58.489  18.200 0.6999999881
23666  -8.447  -58.631  17.400 0.5000000000
23667  -9.482  -58.692  17.361 0.5000000000
23685  -9.763  -58.070  16.993 0.6000000238
23699  -12.404  -58.794  15.052 0.4000000060
23710  -11.635  -58.022  14.575 0.4000000060
23721  -11.863  -57.307  13.455 0.4000000060
23762  -17.317  -57.102  9.452 0.6000000238
23775  -14.281  -58.052  8.133 0.8000000119
23776  -15.075  -57.678  8.356 0.8000000119
23802  -16.048  -58.413  6.516 0.6999999881
23804  -17.713  -57.957  6.053 0.8000000119
23815  -17.757  -58.425  5.524 0.6999999881
23816  -18.345  -58.530  5.541 0.6999999881
24590  -7.927  -56.645  21.273 0.5000000000
24603  -7.599  -57.094  20.854 0.6000000238
24625  -5.176  -57.757  18.573 0.6000000238
24645  -7.520  -57.815  17.064 0.6000000238
24657  -6.981  -57.098  16.630 0.5000000000
24673  -10.093  -57.258  15.027 0.5000000000
24684  -10.000  -56.813  14.542 0.4000000060
24687  -13.302  -57.808  13.854 0.4000000060
24699  -10.610  -56.731  13.890 0.5000000000
24700  -11.281  -56.774  13.388 0.4000000060
24702  -12.980  -57.324  13.239 0.4000000060
24710  -11.866  -56.785  13.017 0.4000000060
24711  -12.578  -56.711  12.783 0.4000000060
24736  -16.876  -56.890  8.727 0.6999999881
24747  -14.981  -57.683  7.761 0.8000000119
24749  -16.405  -56.880  7.806 0.8000000119
24763  -16.474  -57.123  7.108 0.8000000119
24764  -17.135  -56.964  7.243 0.6999999881
24765  -17.861  -57.157  7.564 0.6999999881
24776  -17.710  -57.520  6.764 0.6999999881
25621  -5.252  -56.920  19.748 0.6999999881
25622  -5.610  -56.146  19.975 0.6000000238
25639  -5.233  -57.063  18.988 0.5000000000
25659  -6.845  -56.567  16.867 0.5000000000
25672  -14.744  -56.814  15.898 0.4000000060
25682  -8.859  -56.476  15.278 0.4000000060
25692  -10.505  -56.178  13.829 0.5000000000
25693  -14.221  -56.641  13.967 0.4000000060
25705  -11.473  -56.274  12.986 0.4000000060
25707  -14.011  -56.420  13.179 0.4000000060
25720  -13.719  -56.052  12.587 0.4000000060
26530  -6.177  -55.557  20.473 0.5000000000
26556  -6.058  -55.950  19.139 0.6000000238
26558  -8.679  -55.217  18.142 0.5000000000
26577  -6.828  -55.940  17.558 0.5000000000
26580  -10.099  -55.241  17.260 0.5000000000
26591  -8.825  -55.563  15.980 0.4000000060
26600  -8.556  -56.016  15.552 0.4000000060
26614  -9.743  -55.985  14.647 0.4000000060
26616  -14.527  -55.921  14.523 0.4000000060
26629  -11.320  -55.714  13.054 0.4000000060
26645  -12.484  -55.320  12.318 0.4000000060
26646  -13.276  -55.544  12.174 0.4000000060
26659  -13.193  -54.844  11.933 0.3000000119
27400  -6.868  -54.816  20.052 0.4000000060
27413  -9.549  -55.000  19.102 0.5000000000
27444  -10.788  -55.078  16.862 0.5000000000
27497  -11.847  -55.145  12.691 0.4000000060
27513  -13.735  -54.399  11.681 0.3000000119
28276  -7.179  -53.050  22.357 0.4000000060
28282  -7.020  -53.883  21.318 0.4000000060
28321  -12.323  -53.974  17.150 0.4000000060
28350  -12.039  -54.033  14.894 0.5000000000
28368  -11.604  -54.377  14.281 0.5000000000
28398  -12.728  -53.958  12.478 0.4000000060
29226  -7.549  -52.421  21.787 0.4000000060
29243  -9.573  -52.533  19.914 0.4000000060
29259  -12.955  -52.368  16.878 0.4000000060
29297  -13.310  -52.606  14.206 0.3000000119
31117  -7.703  -50.771  22.124 0.4000000060
31135  -9.775  -50.185  19.093 0.5000000000
31140  -11.136  -50.079  17.679 0.4000000060
31172  -13.420  -50.119  15.854 0.4000000060
32066  -9.245  -48.651  20.063 0.4000000060
32072  -10.372  -46.882  19.450 0.4000000060
32084  -10.954  -49.211  17.845 0.5000000000
33004  -9.172  -47.132  21.781 0.3000000119
33967  -9.408  -47.097  22.133 0.3000000119
33990  -11.729  -46.157  19.927 0.3000000119
33995  -9.999  -46.397  20.735 0.5000000000
33997  -11.258  -45.859  19.544 0.3000000119
34988  -12.935  -45.293  17.308 0.3000000119
125767  -16.031  -70.334  9.468 0.6000000238
125811  -14.781  -70.509  8.727 0.6000000238
126606  -13.746  -69.593  5.213 0.5000000000
126788  -22.838  -79.259  -2.660 0.6000000238
126896  -23.823  -83.405  14.224 0.3000000119
126946  -6.224  -61.028  11.923 0.6999999881
127355  -19.659  -60.921  6.899 0.5000000000
127523  -9.411  -61.740  14.253 0.6000000238
127580  -12.059  -62.447  13.146 0.5000000000
127707  -17.247  -68.695  1.026 0.4000000060
128229  -5.171  -60.533  17.784 0.6999999881
128317  -19.244  -60.801  3.667 0.6000000238
128890  -11.731  -62.448  16.495 0.6000000238
129389  -22.837  -82.483  14.787 0.3000000119
129539  -14.872  -68.498  1.246 0.6000000238
129583  -7.732  -59.206  17.368 0.6000000238
130359  -11.303  -54.752  13.876 0.5000000000
130403  -15.514  -82.970  -0.424 0.5000000000
130721  -15.243  -69.054  5.916 0.6000000238
130960  -13.165  -72.191  7.479 0.6999999881
131261  -19.898  -79.819  5.075 0.6000000238
131377  -14.791  -63.293  3.906 0.6999999881
131420  -16.787  -78.749  -1.865 0.5000000000
131994  -12.252  -62.945  14.110 0.5000000000
132119  -32.030  -83.808  2.856 0.4000000060
132200  -18.309  -81.680  1.503 0.6999999881
132383  -11.976  -63.914  8.660 0.6000000238
132500  -29.678  -80.325  6.488 0.3000000119
132573  -14.540  -72.451  5.892 0.6999999881
132818  -30.115  -83.768  1.241 0.4000000060
133410  -21.448  -66.094  6.036 0.5000000000
133705  -9.124  -61.666  15.083 0.6000000238
134769  -18.945  -78.307  8.620 0.6000000238
134886  -13.193  -72.702  5.650 0.5000000000
134905  -31.688  -79.400  -0.916 0.4000000060
134962  -18.065  -77.903  -2.314 0.5000000000
135577  -7.321  -53.265  21.534 0.4000000060
135678  -15.998  -68.437  3.794 0.5000000000
135879  -8.370  -61.081  15.118 0.6000000238
136240  -19.167  -72.270  5.651 0.6000000238
136354  -16.171  -63.036  5.617 0.6000000238
136360  -30.967  -83.991  1.922 0.4000000060
136622  -3.824  -62.122  16.091 0.6000000238
136770  -5.150  -59.802  18.568 0.6999999881
137079  -19.379  -64.570  2.468 0.5000000000
137186  -31.498  -84.034  3.767 0.4000000060
137301  -7.706  -60.888  10.386 0.8000000119
137417  -18.718  -80.608  -0.223 0.6000000238
137669  -21.418  -67.072  5.256 0.6000000238
138000  -20.613  -74.832  8.598 0.6000000238
138390  -21.442  -76.875  -2.745 0.6000000238
138413  -31.750  -78.978  -1.417 0.5000000000
138529  -16.376  -74.640  6.004 0.6999999881
138616  -31.590  -81.064  0.749 0.3000000119
139031  -15.581  -61.848  7.466 0.6999999881
139247  -20.457  -65.563  5.497 0.5000000000
139317  -18.423  -57.638  7.898 0.6000000238
140072  -18.868  -73.009  6.965 0.6000000238
140233  -22.301  -69.328  7.022 0.5000000000
140295  -10.823  -54.219  19.189 0.5000000000
140497  -17.542  -68.397  3.711 0.5000000000
140670  -10.117  -60.856  17.073 0.5000000000
140747  -30.322  -83.914  1.637 0.4000000060
140802  -10.012  -60.655  10.726 0.6000000238
141462  -16.381  -69.827  8.930 0.5000000000
142090  -9.916  -55.551  14.932 0.4000000060
142120  -17.440  -70.539  9.132 0.5000000000
143583  -12.073  -70.319  5.193 0.6000000238
143812  -17.923  -71.414  9.964 0.5000000000
143964  -20.319  -79.561  1.900 0.6000000238
144027  -8.663  -51.603  20.703 0.4000000060
144411  -15.164  -71.709  9.290 0.6999999881
144468  -16.545  -73.024  9.992 0.6000000238
144526  -16.507  -74.337  7.707 0.6999999881
144546  -10.932  -73.263  5.180 0.5000000000
144802  -19.817  -64.576  4.002 0.5000000000
144829  -22.502  -76.101  -2.688 0.6000000238
145076  -27.349  -78.617  -1.308 0.5000000000
145224  -29.406  -78.943  7.185 0.3000000119
145356  -18.028  -75.741  8.967 0.6999999881
145649  -27.129  -80.797  -5.344 0.5000000000
145780  -13.541  -58.187  14.439 0.4000000060
145806  -21.232  -75.842  -1.563 0.5000000000
146041  -11.763  -60.849  16.730 0.6000000238
146305  -17.124  -61.511  4.758 0.6000000238
146475  -19.569  -60.240  6.338 0.5000000000
146526  -14.775  -66.864  0.835 0.6000000238
146605  -18.754  -73.282  10.357 0.5000000000
146757  -31.890  -83.232  1.914 0.3000000119
147572  -18.226  -76.931  2.866 0.5000000000
147594  -20.661  -84.109  -0.718 0.3000000119
147897  -11.958  -64.584  9.113 0.6000000238
148028  -28.462  -77.769  -0.764 0.5000000000
148373  -19.696  -61.309  6.339 0.5000000000
149119  -14.755  -63.225  13.289 0.5000000000
149274  -8.182  -59.571  20.263 0.6999999881
149640  -3.587  -62.536  15.738 0.6000000238
149647  -27.770  -79.012  -2.050 0.5000000000
149780  -25.798  -81.953  1.561 0.3000000119
149984  -14.823  -59.473  7.003 0.8000000119
150014  -16.004  -73.731  5.567 0.6999999881
150168  -11.014  -60.580  8.374 0.6999999881
150190  -13.236  -63.405  14.890 0.5000000000
150198  -11.992  -45.342  17.959 0.3000000119
150404  -14.810  -80.425  -1.769 0.5000000000
150569  -13.195  -58.852  8.272 0.8000000119
150705  -14.010  -72.454  5.494 0.6999999881
151215  -9.566  -60.619  10.147 0.6000000238
151403  -16.244  -63.173  6.416 0.6000000238
151720  -8.447  -59.306  20.827 0.6999999881
151729  -9.584  -46.812  21.719 0.3000000119
