#!ascii label  , from subject sub-fsm90ao vox2ras=TkReg
2142
40764  4.060  -18.515  88.520 0.1111110002
41737  2.875  -18.588  89.499 0.2222220004
104184  7.867  -17.601  87.724 0.1111110002
41744  5.901  -17.911  88.114 0.1111110002
40774  5.177  -18.602  87.376 0.1111110002
40784  7.305  -18.384  86.267 0.1111110002
41755  6.124  -18.288  87.228 0.1111110002
41745  4.990  -18.203  88.361 0.1111110002
41769  8.258  -18.052  86.271 0.2222220004
40799  7.530  -18.653  85.384 0.2222220004
41754  7.105  -17.944  87.217 0.1111110002
108090  3.384  -18.941  87.784 0.3333329856
40766  1.874  -18.895  88.482 0.4444440007
40759  1.908  -18.814  89.663 0.4444440007
40767  0.916  -18.862  88.968 0.4444440007
40760  1.098  -19.040  89.872 0.4444440007
40761  0.166  -19.078  89.307 0.2222220004
40775  4.198  -18.870  87.563 0.1111110002
40785  6.403  -18.629  86.377 0.2222220004
40815  7.685  -18.856  84.470 0.2222220004
40800  6.555  -18.912  85.384 0.2222220004
40776  2.445  -18.969  87.515 0.4444440007
40831  7.884  -19.066  83.480 0.2222220004
40777  1.524  -18.811  87.333 0.4444440007
40778  0.676  -18.623  87.792 0.4444440007
100660  0.018  -18.681  88.370 0.3333329856
40762  -0.383  -19.500  89.012 0.2222220004
40769  -0.813  -19.243  88.254 0.3333329856
40027  -1.279  -19.471  87.234 0.2222220004
40816  6.352  -19.255  84.509 0.2222220004
106422  5.777  -18.995  85.704 0.2222220004
40786  5.458  -18.878  86.447 0.2222220004
40788  3.091  -19.190  86.744 0.4444440007
106118  8.319  -19.200  82.008 0.2222220004
40847  7.707  -19.341  82.472 0.2222220004
40832  6.852  -19.293  83.843 0.2222220004
40041  4.499  -19.506  84.663 0.3333329856
40033  3.883  -19.457  85.293 0.3333329856
40789  1.869  -18.835  86.484 0.5555559993
40876  7.682  -19.449  80.634 0.2222220004
40061  6.655  -19.535  82.000 0.2222220004
40040  5.827  -19.508  83.839 0.3333329856
40779  -0.555  -18.147  87.609 0.4444440007
40080  7.820  -19.469  79.738 0.2222220004
40781  -1.141  -18.841  87.514 0.4444440007
102119  -1.267  -19.880  86.563 0.1111110002
40787  4.300  -19.229  86.427 0.4444440007
93574  3.246  -19.362  85.799 0.5555559993
93844  4.904  -19.590  83.920 0.3333329856
40802  2.854  -19.114  84.866 0.5555559993
95988  2.355  -18.967  85.685 0.5555559993
40062  6.155  -19.509  82.944 0.2222220004
40051  5.122  -19.567  82.993 0.3333329856
40053  3.577  -19.192  83.578 0.5555559993
40818  2.990  -18.841  84.000 0.5555559993
40804  1.481  -18.201  85.669 0.6666669846
40790  0.998  -18.315  86.696 0.5555559993
40063  5.443  -19.486  82.061 0.3333329856
40064  4.405  -19.285  82.563 0.5555559993
40833  3.698  -18.901  82.812 0.6666669846
42684  1.287  -17.268  85.590 0.6666669846
40791  0.116  -17.796  87.279 0.6666669846
40088  7.892  -19.402  78.878 0.3333329856
40081  6.956  -19.460  80.000 0.4444440007
41756  0.782  -17.547  86.346 0.7777780294
40805  -1.198  -19.051  86.001 0.1111110002
40925  7.873  -19.059  77.975 0.6666669846
109732  -1.355  -19.238  86.698 0.2222220004
40803  2.127  -18.422  84.905 0.5555559993
40834  3.149  -18.496  83.273 0.5555559993
40819  2.509  -18.524  84.331 0.5555559993
41770  1.810  -17.632  84.941 0.5555559993
40072  5.843  -19.397  81.132 0.5555559993
40073  4.982  -19.036  81.248 0.6666669846
40850  4.026  -18.625  82.110 0.6666669846
41784  2.669  -17.405  83.857 0.7777780294
41746  -0.651  -17.155  87.237 0.5555559993
40877  6.086  -19.222  80.247 0.5555559993
40878  5.268  -18.798  80.494 0.7777780294
41819  4.555  -17.723  81.014 0.8888890147
40780  -0.929  -18.430  87.568 0.4444440007
40923  9.055  -18.934  76.982 0.6666669846
40906  6.627  -18.678  78.717 0.7777780294
41856  5.961  -18.168  79.014 0.7777780294
40792  -1.358  -18.520  86.816 0.2222220004
41805  4.008  -17.882  81.722 0.8888890147
42706  3.449  -17.252  82.865 0.8888890147
41857  5.472  -17.392  79.471 0.8888890147
109780  4.869  -17.330  80.622 0.8888890147
42705  3.989  -17.042  82.272 0.8888890147
104366  6.764  -17.407  77.773 0.7777780294
42712  4.882  -16.773  81.039 0.8888890147
42713  4.384  -17.196  81.544 0.8888890147
92923  9.699  -18.932  76.543 0.6666669846
40924  8.287  -18.740  77.204 0.6666669846
41889  7.457  -18.080  77.255 0.7777780294
42719  5.679  -16.295  79.830 0.8888890147
42720  5.167  -16.930  80.281 0.8888890147
43443  5.372  -15.857  81.513 0.7777780294
103602  5.942  -17.384  78.797 0.8888890147
40943  10.195  -18.939  76.141 0.7777780294
41898  8.435  -17.747  76.209 0.7777780294
40942  11.361  -19.199  75.921 0.7777780294
40962  10.473  -18.806  75.472 0.7777780294
40963  9.602  -18.457  75.704 0.7777780294
43452  5.515  -16.069  80.683 0.8888890147
42735  6.288  -16.894  78.343 0.8888890147
42727  5.967  -16.574  79.041 0.8888890147
43451  6.136  -15.471  80.304 0.7777780294
42748  8.313  -16.670  76.179 0.7777780294
42741  7.237  -16.800  77.199 0.8888890147
106516  13.478  -19.260  75.556 0.5555559993
40960  12.038  -19.241  75.422 0.7777780294
40961  11.170  -18.941  74.959 0.7777780294
40979  10.530  -18.446  74.676 0.7777780294
41907  9.352  -17.590  75.262 0.7777780294
40101  12.811  -19.302  74.870 0.7777780294
40977  11.849  -18.969  74.436 0.7777780294
40978  11.017  -18.347  74.037 0.7777780294
40935  19.464  -18.770  76.511 0.3333329856
109930  18.927  -18.811  75.871 0.4444440007
43476  7.454  -15.719  77.488 0.8888890147
43468  7.207  -15.397  78.290 0.8888890147
43459  7.015  -15.162  79.111 0.8888890147
94808  15.095  -19.071  75.894 0.4444440007
41908  8.847  -17.111  75.690 0.7777780294
43475  8.156  -15.233  77.128 0.8888890147
43467  7.905  -14.888  77.917 0.8888890147
40958  14.230  -19.199  75.698 0.4444440007
41917  9.802  -17.172  74.672 0.8888890147
40099  14.807  -19.447  74.939 0.6666669846
40100  13.794  -19.422  74.868 0.6666669846
40976  12.477  -18.951  73.859 0.7777780294
40991  11.712  -18.446  73.572 0.7777780294
40109  14.198  -19.523  74.076 0.7777780294
40110  13.315  -19.316  74.021 0.7777780294
102389  18.345  -18.697  76.518 0.3333329856
40936  17.557  -18.633  76.711 0.2222220004
40970  20.603  -18.800  74.961 0.4444440007
40953  19.675  -18.867  75.515 0.4444440007
40937  16.916  -18.800  76.324 0.3333329856
40956  16.581  -19.104  75.444 0.4444440007
44193  8.453  -14.180  78.374 0.7777780294
44194  7.724  -14.646  78.756 0.7777780294
44185  7.512  -14.424  79.595 0.6666669846
40986  19.465  -18.993  73.772 0.5555559993
40957  15.720  -19.280  75.288 0.5555559993
96433  15.969  -18.905  76.117 0.3333329856
42747  8.869  -16.116  75.736 0.8888890147
43483  8.460  -15.645  76.374 0.8888890147
105809  20.107  -18.923  73.219 0.5555559993
40974  16.276  -19.397  74.677 0.6666669846
42758  10.354  -16.745  74.119 0.8888890147
43489  9.462  -15.633  75.294 0.8888890147
40975  15.552  -19.473  74.591 0.6666669846
40990  12.299  -18.407  73.032 0.7777780294
41924  11.670  -17.625  73.004 0.8888890147
41925  10.933  -17.360  73.592 0.7777780294
40108  15.061  -19.571  74.020 0.7777780294
40121  13.755  -19.265  73.274 0.7777780294
41004  12.833  -18.390  72.613 0.7777780294
40954  18.212  -18.838  75.662 0.3333329856
107341  17.687  -18.771  76.144 0.5555559993
93504  18.869  -18.909  75.126 0.4444440007
44200  9.304  -14.123  77.190 0.7777780294
40971  19.619  -18.925  74.613 0.5555559993
40972  18.730  -19.020  74.267 0.5555559993
92958  18.019  -18.985  74.852 0.5555559993
40973  17.144  -19.248  74.733 0.5555559993
44227  9.803  -14.754  75.617 0.8888890147
44211  9.524  -14.381  76.402 0.7777780294
43474  8.830  -14.794  76.745 0.7777780294
40987  18.701  -19.260  73.410 0.5555559993
40988  17.779  -19.325  73.892 0.5555559993
40106  16.738  -19.482  73.951 0.5555559993
43500  10.531  -15.718  74.236 0.8888890147
43488  10.127  -15.205  74.881 0.8888890147
95793  20.547  -18.650  71.910 0.5555559993
41001  19.748  -19.009  72.382 0.6666669846
40130  19.041  -19.359  71.703 0.6666669846
40131  18.186  -19.584  71.924 0.6666669846
40117  17.076  -19.562  73.100 0.7777780294
40118  16.218  -19.573  73.237 0.7777780294
40107  15.880  -19.539  73.958 0.7777780294
42757  10.988  -16.262  73.653 0.8888890147
106501  20.649  -17.842  69.748 0.6666669846
97613  19.835  -18.887  70.678 0.6666669846
40149  19.188  -19.232  70.852 0.6666669846
40133  16.345  -19.571  72.383 0.7777780294
101388  15.868  -19.550  72.792 0.7777780294
40136  14.153  -19.167  72.672 0.7777780294
41003  13.498  -18.699  72.480 0.7777780294
41934  12.529  -17.644  72.423 0.7777780294
44297  21.820  -14.348  68.489 0.5555559993
44304  20.707  -14.649  67.161 0.7777780294
44298  20.985  -15.392  68.296 0.6666669846
43546  20.638  -16.162  68.295 0.6666669846
42803  19.649  -16.957  68.211 0.6666669846
94966  20.162  -18.015  69.343 0.6666669846
41030  19.362  -18.936  70.086 0.6666669846
41031  18.812  -18.857  69.675 0.7777780294
43553  20.412  -15.529  67.562 0.7777780294
42815  19.319  -16.490  67.739 0.6666669846
42015  19.164  -16.923  68.121 0.7777780294
44210  10.288  -13.975  76.089 0.8888890147
44243  10.866  -14.834  74.552 0.8888890147
40132  17.295  -19.600  72.159 0.6666669846
42768  11.446  -16.724  73.171 0.8888890147
43511  11.765  -15.842  73.329 0.8888890147
45998  22.639  -13.613  68.285 0.5555559993
46011  22.146  -13.839  67.528 0.5555559993
40150  18.372  -19.484  71.029 0.6666669846
40167  17.725  -19.316  70.368 0.7777780294
108616  16.275  -19.231  71.074 0.7777780294
40154  15.062  -19.137  71.827 0.7777780294
41018  14.315  -18.750  71.902 0.7777780294
41933  13.225  -17.419  71.963 0.8888890147
42776  12.899  -16.830  72.225 0.8888890147
45199  21.652  -14.018  67.426 0.5555559993
45200  21.062  -14.146  66.869 0.8888890147
44314  20.377  -14.487  66.431 0.8888890147
44305  19.895  -15.115  66.716 0.8888890147
41995  19.284  -17.344  68.413 0.6666669846
41996  18.752  -17.219  68.422 0.7777780294
41044  17.805  -18.377  69.425 0.8888890147
41032  17.282  -18.859  69.903 0.8888890147
40169  15.974  -18.892  70.750 0.8888890147
41948  15.036  -17.563  70.816 0.8888890147
41949  14.319  -17.940  71.280 0.8888890147
44315  19.551  -14.533  65.810 0.8888890147
43562  19.121  -15.371  66.537 0.8888890147
100062  18.860  -16.060  67.248 0.8888890147
42816  18.845  -16.605  67.887 0.8888890147
42804  18.353  -16.679  68.246 0.8888890147
41997  18.056  -17.135  68.801 0.8888890147
44316  18.660  -14.817  65.934 0.8888890147
44306  18.317  -15.371  66.801 0.8888890147
103559  11.261  -14.177  74.980 0.8888890147
43498  12.163  -14.919  73.702 0.8888890147
42766  13.173  -16.055  72.526 0.8888890147
97532  22.290  -13.714  66.945 0.6666669846
40168  16.785  -19.228  70.606 0.8888890147
41932  13.867  -17.221  71.516 0.8888890147
42775  13.584  -16.573  71.969 0.8888890147
46022  22.174  -13.668  66.063 0.8888890147
109636  21.525  -13.894  66.460 0.8888890147
45207  20.585  -14.083  65.973 0.8888890147
41980  17.617  -17.605  69.288 0.8888890147
41045  17.062  -18.111  69.672 0.8888890147
41964  16.441  -17.648  70.088 0.8888890147
41965  15.726  -18.076  70.441 0.7777780294
42781  14.520  -17.103  71.194 0.7777780294
46035  21.366  -13.446  65.303 0.8888890147
46036  19.823  -13.396  64.671 0.8888890147
45224  18.336  -12.589  64.719 0.8888890147
45201  17.228  -13.700  67.051 0.7777780294
43556  17.800  -15.457  67.717 0.8888890147
93146  17.598  -15.513  68.597 0.8888890147
44323  18.841  -14.314  65.327 0.8888890147
45208  18.091  -14.026  65.659 0.7777780294
44317  17.887  -14.528  66.373 0.8888890147
44241  12.583  -14.199  74.302 0.7777780294
45142  12.050  -13.245  75.851 0.4444440007
44242  11.680  -14.478  74.371 0.7777780294
43509  13.666  -15.230  73.004 0.7777780294
45983  25.463  -12.635  69.202 0.4444440007
45996  24.827  -12.913  68.391 0.5555559993
108206  23.350  -13.369  67.456 0.5555559993
46009  24.649  -12.977  67.515 0.5555559993
42773  15.619  -15.654  71.771 0.7777780294
42765  14.107  -15.761  72.387 0.7777780294
46020  23.998  -13.119  66.860 0.7777780294
97874  22.759  -13.385  65.732 0.8888890147
42795  17.494  -16.655  69.473 0.8888890147
98158  17.329  -15.731  70.141 0.8888890147
42788  16.625  -16.766  70.294 0.7777780294
42779  16.548  -15.989  70.940 0.7777780294
103081  15.963  -16.107  71.144 0.7777780294
42780  15.209  -16.560  71.079 0.7777780294
111654  21.832  -12.747  64.324 0.8888890147
103471  19.808  -12.004  63.796 0.8888890147
46051  19.260  -12.550  64.185 0.7777780294
46037  17.673  -12.109  65.307 0.7777780294
46024  17.206  -12.219  66.044 0.7777780294
46012  16.807  -12.449  67.090 0.7777780294
44307  17.548  -14.696  67.352 0.7777780294
44299  17.392  -14.819  68.457 0.7777780294
44291  17.392  -15.084  69.596 0.7777780294
45217  17.797  -13.013  65.409 0.8888890147
105617  17.651  -13.934  66.255 0.7777780294
104675  13.902  -14.255  74.118 0.5555559993
44240  13.365  -14.072  74.334 0.4444440007
46851  26.302  -12.258  69.027 0.2222220004
45995  25.830  -12.595  68.347 0.3333329856
43496  14.212  -14.614  73.563 0.5555559993
46008  25.422  -12.780  67.584 0.5555559993
108034  15.467  -14.911  73.004 0.4444440007
43508  14.644  -15.035  72.935 0.6666669846
46007  26.174  -12.498  67.623 0.6666669846
43518  16.319  -15.101  72.181 0.6666669846
42764  15.080  -15.399  72.357 0.7777780294
92819  23.534  -13.113  65.817 0.7777780294
46032  23.894  -12.918  64.919 0.8888890147
44283  17.300  -14.947  70.753 0.7777780294
108918  16.856  -15.476  71.135 0.7777780294
42772  16.249  -15.520  71.494 0.6666669846
46048  22.502  -12.784  64.266 0.8888890147
46069  21.945  -12.298  63.711 0.8888890147
93338  20.735  -11.120  63.400 0.8888890147
47710  19.251  -10.439  64.071 0.7777780294
47711  18.540  -10.901  64.448 0.7777780294
46873  17.368  -11.114  65.751 0.7777780294
46861  16.830  -11.373  66.716 0.7777780294
104877  16.610  -11.517  67.553 0.7777780294
108033  16.593  -12.585  68.781 0.7777780294
93384  16.727  -13.291  69.006 0.7777780294
45179  17.171  -14.224  70.362 0.6666669846
50005  16.379  -7.488  74.197 0.3333329856
47565  16.854  -9.591  74.450 0.2222220004
46778  17.102  -11.004  74.851 0.1111110002
45942  17.346  -12.172  74.936 0.1111110002
45138  17.302  -12.858  75.205 0.1111110002
44221  16.188  -13.683  74.994 0.2222220004
51839  17.492  -5.619  72.573 0.1111110002
50937  16.525  -6.659  72.675 0.3333329856
49178  16.357  -8.094  73.560 0.3333329856
47577  16.873  -10.638  73.315 0.2222220004
46786  17.319  -11.981  73.592 0.2222220004
45950  17.432  -12.569  74.103 0.2222220004
99730  17.098  -13.924  73.996 0.1111110002
44236  16.859  -13.908  74.267 0.2222220004
44238  15.624  -14.090  74.395 0.2222220004
44239  14.670  -14.203  74.234 0.3333329856
44223  14.046  -13.787  74.750 0.2222220004
95010  28.234  -11.449  68.989 0.2222220004
46850  26.706  -12.142  68.164 0.2222220004
50947  19.274  -5.249  72.307 0.1111110002
50964  17.555  -6.373  71.479 0.2222220004
108433  16.364  -7.659  72.545 0.3333329856
111430  16.584  -9.438  72.862 0.2222220004
46787  17.092  -11.437  72.951 0.2222220004
45161  17.488  -13.289  73.534 0.2222220004
44252  17.315  -13.736  73.738 0.2222220004
43493  16.711  -14.277  73.720 0.2222220004
44237  16.438  -14.055  74.273 0.3333329856
43495  15.166  -14.557  73.597 0.3333329856
46848  28.493  -11.392  68.204 0.3333329856
49211  19.472  -6.015  70.404 0.1111110002
50060  17.970  -6.487  70.831 0.2222220004
50061  17.140  -7.129  71.098 0.2222220004
48433  16.539  -8.755  71.358 0.3333329856
95326  16.941  -11.263  72.151 0.2222220004
46798  17.106  -11.924  72.251 0.2222220004
45166  17.454  -13.380  72.737 0.2222220004
44264  17.345  -13.991  73.017 0.2222220004
43506  16.514  -14.678  72.974 0.3333329856
43494  16.082  -14.551  73.527 0.3333329856
107196  27.318  -11.887  67.637 0.4444440007
46860  26.753  -12.197  67.241 0.5555559993
46019  25.461  -12.729  66.001 0.6666669846
110694  21.354  -7.260  67.302 0.5555559993
48456  20.973  -6.952  68.418 0.4444440007
49248  19.117  -6.844  68.800 0.4444440007
94579  18.276  -7.073  69.408 0.4444440007
49232  16.992  -7.817  70.038 0.4444440007
47616  16.470  -10.453  69.992 0.5555559993
46811  16.762  -11.506  71.391 0.4444440007
45966  17.016  -12.519  71.478 0.4444440007
44274  17.296  -14.105  72.202 0.3333329856
44265  17.057  -14.554  72.397 0.5555559993
43507  15.939  -15.068  72.679 0.6666669846
46031  26.180  -12.506  65.731 0.6666669846
48498  20.764  -7.593  66.042 0.7777780294
48471  20.778  -7.169  67.641 0.6666669846
49263  18.834  -7.298  67.974 0.6666669846
49249  18.124  -7.523  68.669 0.5555559993
94330  16.717  -9.167  68.672 0.6666669846
47634  16.506  -10.233  69.035 0.6666669846
46824  16.545  -11.325  70.416 0.5555559993
100291  17.115  -13.398  70.939 0.5555559993
45172  17.278  -14.174  71.333 0.4444440007
43525  16.614  -15.203  71.607 0.5555559993
96491  25.457  -12.691  65.009 0.7777780294
101144  24.656  -12.801  64.746 0.8888890147
46068  22.774  -12.351  63.501 0.8888890147
47725  21.385  -10.685  63.073 0.8888890147
48527  20.489  -9.264  63.888 0.7777780294
48514  19.130  -8.823  65.192 0.7777780294
106278  18.412  -8.330  66.709 0.7777780294
48487  17.689  -8.623  67.110 0.6666669846
47648  16.630  -9.892  68.070 0.6666669846
46852  16.535  -11.079  68.408 0.7777780294
45988  16.620  -12.653  69.572 0.7777780294
103322  16.816  -13.418  69.975 0.5555559993
46045  25.033  -12.648  64.066 0.8888890147
46066  24.500  -12.394  63.402 0.8888890147
46834  28.755  -11.133  69.565 0.1111110002
110919  28.830  -11.116  68.796 0.3333329856
103618  28.041  -11.652  67.514 0.4444440007
46859  27.488  -11.881  66.889 0.5555559993
46872  26.820  -12.193  66.355 0.4444440007
46871  27.590  -11.869  66.011 0.5555559993
46885  26.900  -12.068  65.475 0.5555559993
48497  21.845  -7.450  66.353 0.7777780294
95234  26.344  -12.348  64.816 0.7777780294
48526  21.427  -8.953  63.752 0.7777780294
105851  21.931  -8.251  64.669 0.7777780294
46044  25.803  -12.417  64.096 0.8888890147
99194  24.002  -12.023  62.903 0.8888890147
110091  22.639  -9.532  62.866 0.8888890147
48525  22.457  -8.799  63.786 0.7777780294
47647  29.408  -10.904  69.058 0.2222220004
98092  29.331  -10.956  68.143 0.4444440007
48469  23.177  -7.404  67.540 0.3333329856
95624  28.822  -11.272  67.382 0.4444440007
48483  23.339  -7.537  67.090 0.5555559993
46858  28.350  -11.579  66.579 0.5555559993
92726  23.464  -7.701  66.764 0.6666669846
48510  23.731  -8.162  65.455 0.5555559993
46884  27.567  -11.796  65.144 0.6666669846
106610  26.947  -11.939  64.752 0.6666669846
48511  22.874  -8.168  65.028 0.6666669846
109133  23.892  -8.405  64.698 0.6666669846
46900  27.406  -11.696  64.315 0.6666669846
46901  26.580  -11.985  63.997 0.6666669846
46921  25.632  -11.719  62.890 0.8888890147
46940  23.962  -11.367  62.493 0.8888890147
47723  23.491  -10.010  62.361 0.7777780294
110036  24.062  -9.213  62.783 1.0000000000
46920  26.392  -11.651  63.130 0.8888890147
46938  26.126  -11.221  62.380 1.0000000000
46939  25.297  -11.149  62.270 1.0000000000
47738  24.466  -10.838  62.204 1.0000000000
49224  24.699  -6.778  69.322 0.2222220004
106975  30.866  -10.446  68.536 0.2222220004
49243  24.543  -7.109  68.518 0.3333329856
47646  30.177  -10.710  68.594 0.2222220004
48453  23.722  -7.282  68.122 0.3333329856
104973  24.461  -7.420  67.702 0.4444440007
108633  30.062  -10.706  67.791 0.3333329856
48468  23.833  -7.545  67.364 0.3333329856
48482  23.952  -7.736  66.986 0.4444440007
47663  29.653  -10.868  67.138 0.4444440007
92927  23.859  -7.907  66.467 0.5555559993
47679  28.934  -11.153  65.956 0.5555559993
48509  24.312  -8.223  65.119 0.6666669846
48539  24.517  -8.694  63.144 0.8888890147
49308  24.908  -8.459  62.924 1.0000000000
47694  28.870  -11.160  65.079 0.7777780294
46883  28.151  -11.471  64.700 0.7777780294
47722  24.390  -9.767  62.191 1.0000000000
48554  24.924  -9.400  62.164 1.0000000000
46899  27.936  -11.289  63.838 1.0000000000
46919  27.170  -11.538  63.472 1.0000000000
46937  26.940  -11.231  62.646 1.0000000000
47737  25.817  -10.576  61.844 1.0000000000
94947  25.052  -10.346  61.935 1.0000000000
92336  25.776  -6.210  71.552 0.1111110002
50057  24.993  -6.408  71.129 0.2222220004
92328  24.888  -6.577  70.178 0.2222220004
109372  25.186  -6.922  68.881 0.2222220004
49261  25.175  -7.180  68.281 0.3333329856
48480  24.948  -7.546  67.179 0.4444440007
110477  24.617  -7.555  67.253 0.4444440007
48494  24.761  -7.773  66.646 0.6666669846
48508  24.798  -8.018  65.758 0.6666669846
48465  31.269  -10.074  68.094 0.2222220004
48481  24.465  -7.687  66.997 0.4444440007
47662  30.448  -10.473  67.164 0.3333329856
48478  31.107  -10.039  67.293 0.3333329856
48495  24.328  -8.021  66.124 0.6666669846
48522  24.653  -8.171  64.644 0.6666669846
49292  25.102  -7.852  65.407 0.6666669846
47645  30.661  -10.430  67.913 0.2222220004
49299  24.944  -8.014  64.251 0.8888890147
47677  30.186  -10.567  66.542 0.5555559993
47678  29.614  -10.847  66.260 0.6666669846
47693  29.561  -10.789  65.441 0.8888890147
94517  25.196  -8.189  62.599 1.0000000000
47708  28.695  -10.997  64.203 1.0000000000
49323  25.265  -8.929  62.011 1.0000000000
47721  27.694  -11.064  63.000 1.0000000000
47735  27.475  -10.836  62.300 1.0000000000
47736  26.770  -10.676  61.872 1.0000000000
48553  25.563  -9.703  61.661 1.0000000000
49205  25.838  -6.467  70.486 0.1111110002
105388  25.462  -6.692  69.530 0.2222220004
104210  26.146  -6.593  69.649 0.1111110002
49242  25.848  -6.842  68.911 0.3333329856
48507  25.196  -7.698  66.356 0.6666669846
48477  31.760  -9.605  67.560 0.2222220004
49298  25.332  -7.550  65.119 0.6666669846
49307  25.195  -7.682  63.888 1.0000000000
48492  31.579  -9.490  66.681 0.2222220004
48506  30.787  -9.815  65.364 0.6666669846
47692  30.229  -10.441  65.816 0.7777780294
48520  30.672  -9.566  64.460 1.0000000000
47706  30.158  -10.253  64.946 1.0000000000
48521  30.011  -10.011  64.059 1.0000000000
99915  25.399  -8.379  61.785 1.0000000000
47719  29.305  -10.482  63.641 1.0000000000
47734  28.238  -10.619  62.422 1.0000000000
47747  27.102  -9.982  61.373 1.0000000000
48552  26.300  -9.970  61.459 1.0000000000
48565  26.064  -9.290  61.347 1.0000000000
49344  25.725  -8.841  61.514 1.0000000000
49223  26.882  -6.333  70.249 0.1111110002
49240  27.114  -6.392  69.273 0.2222220004
49271  26.967  -6.440  68.412 0.1111110002
49241  26.371  -6.745  68.719 0.3333329856
50097  26.737  -6.575  67.939 0.2222220004
49260  25.749  -7.115  68.216 0.3333329856
49259  26.187  -6.992  68.167 0.4444440007
49272  26.425  -6.883  68.016 0.2222220004
49281  26.337  -6.903  67.403 0.4444440007
48479  25.331  -7.497  67.050 0.6666669846
49282  25.735  -7.355  66.875 0.6666669846
49290  26.043  -7.034  66.649 0.5555559993
50114  25.757  -7.070  65.856 0.5555559993
49291  25.511  -7.446  66.069 0.6666669846
50124  25.550  -7.058  64.988 0.6666669846
49280  32.026  -8.738  66.122 0.3333329856
48505  31.425  -9.323  65.750 0.5555559993
50137  25.453  -6.980  64.118 1.0000000000
49289  31.260  -9.069  64.836 0.6666669846
48536  30.521  -9.291  63.582 0.6666669846
51063  25.235  -6.772  63.418 1.0000000000
48537  29.856  -9.747  63.135 0.7777780294
48550  29.606  -9.341  62.229 1.0000000000
49322  29.134  -8.800  61.439 1.0000000000
48563  27.925  -9.284  61.157 1.0000000000
50138  25.218  -7.457  63.067 1.0000000000
48538  29.094  -10.220  62.717 1.0000000000
48551  28.719  -9.879  61.816 1.0000000000
48564  26.761  -9.263  61.106 1.0000000000
49343  26.193  -8.581  61.010 1.0000000000
50178  25.658  -7.903  61.222 1.0000000000
93113  25.236  -6.957  61.352 1.0000000000
51072  24.955  -6.745  62.379 1.0000000000
102998  25.000  -5.985  63.221 1.0000000000
97872  24.726  -5.843  62.363 1.0000000000
50104  26.831  -6.345  67.605 0.3333329856
50105  26.450  -6.604  67.061 0.4444440007
50113  26.227  -6.483  66.464 0.4444440007
50123  25.878  -6.588  65.714 0.5555559993
49288  31.876  -8.564  65.165 0.5555559993
51062  25.460  -6.115  64.145 0.8888890147
49296  31.663  -8.472  64.291 0.5555559993
49305  30.905  -8.656  63.226 0.6666669846
49342  27.237  -8.291  60.708 1.0000000000
50177  26.391  -7.698  60.678 1.0000000000
50200  25.852  -6.998  60.687 1.0000000000
51081  24.792  -6.093  61.546 1.0000000000
51028  26.744  -6.111  67.032 0.4444440007
51039  26.570  -5.877  66.628 0.4444440007
51050  26.193  -5.965  66.038 0.4444440007
51051  25.777  -6.219  65.115 0.4444440007
50112  32.212  -8.044  64.579 0.5555559993
51049  32.976  -7.520  64.571 0.2222220004
50121  32.331  -7.870  64.088 0.3333329856
111443  31.414  -8.447  63.642 0.5555559993
50136  31.286  -8.355  63.146 0.6666669846
50135  31.721  -8.146  63.298 0.3333329856
50153  30.428  -8.122  62.111 0.6666669846
49320  30.587  -8.414  62.505 0.7777780294
49321  29.924  -8.433  61.964 0.7777780294
49341  28.513  -8.212  60.848 1.0000000000
51939  24.792  -5.097  62.837 1.0000000000
50151  32.485  -7.962  62.674 0.3333329856
50134  32.203  -7.888  63.450 0.3333329856
50152  31.533  -8.058  62.696 0.3333329856
92608  31.020  -8.210  62.669 0.4444440007
50154  29.951  -8.208  61.672 0.7777780294
50175  28.827  -7.847  60.657 1.0000000000
50176  28.045  -7.589  60.491 1.0000000000
104523  27.224  -7.441  60.467 1.0000000000
50199  26.762  -6.925  60.359 1.0000000000
51949  24.601  -5.199  61.835 0.8888890147
94394  31.872  -8.100  62.143 0.3333329856
94214  30.876  -7.948  62.090 0.4444440007
50173  30.221  -8.085  61.544 0.8888890147
50174  29.484  -8.080  61.055 0.8888890147
50198  27.726  -7.015  60.256 1.0000000000
51090  27.106  -6.519  59.919 1.0000000000
51092  25.298  -6.216  60.736 1.0000000000
51956  24.844  -5.382  60.927 1.0000000000
52727  24.822  -4.297  62.218 0.8888890147
49339  31.131  -8.026  61.694 0.5555559993
50196  29.575  -7.936  60.791 1.0000000000
103080  28.381  -7.410  60.353 1.0000000000
51091  26.171  -6.238  60.093 1.0000000000
52748  25.180  -4.723  60.507 1.0000000000
52736  24.819  -4.469  61.222 0.8888890147
53489  25.345  -3.510  62.588 0.8888890147
49361  31.256  -8.672  60.605 0.7777780294
50195  30.358  -8.116  60.929 1.0000000000
50219  28.388  -7.028  59.764 1.0000000000
50220  27.776  -6.708  59.837 1.0000000000
51107  26.709  -6.001  59.567 1.0000000000
51975  26.224  -5.420  59.604 1.0000000000
52747  25.824  -4.505  59.844 1.0000000000
49362  30.475  -8.555  60.113 0.8888890147
49375  29.788  -8.086  60.156 1.0000000000
51106  27.258  -6.207  59.337 1.0000000000
51974  26.941  -5.414  59.046 1.0000000000
52757  26.493  -4.757  59.293 1.0000000000
51916  26.651  -5.349  66.389 0.4444440007
51926  26.276  -5.369  65.687 0.5555559993
51927  25.852  -5.300  64.882 0.7777780294
103670  25.351  -5.026  63.888 0.8888890147
49318  34.249  -8.293  62.354 0.2222220004
94100  33.928  -7.825  63.051 0.2222220004
51060  33.407  -7.427  64.202 0.2222220004
51061  32.702  -7.611  63.986 0.2222220004
50133  33.105  -7.676  63.435 0.2222220004
52720  25.122  -4.221  63.209 0.8888890147
111392  34.894  -8.689  61.811 0.2222220004
50150  33.382  -7.967  62.708 0.3333329856
49336  34.130  -8.875  61.421 0.3333329856
49319  33.283  -8.349  62.026 0.3333329856
50172  32.500  -8.332  61.889 0.3333329856
53501  26.115  -3.472  60.077 1.0000000000
53493  25.885  -3.042  60.963 0.8888890147
53488  25.829  -2.839  62.006 0.8888890147
49337  33.005  -8.906  61.168 0.4444440007
49338  31.973  -8.552  61.370 0.6666669846
49360  32.287  -9.080  60.457 0.6666669846
49376  29.486  -8.022  59.187 1.0000000000
92492  28.788  -7.483  58.977 1.0000000000
51985  27.624  -5.865  58.738 1.0000000000
52756  27.096  -4.425  58.883 1.0000000000
53515  26.570  -3.942  59.394 1.0000000000
49374  31.074  -8.896  59.536 1.0000000000
50242  29.550  -7.753  58.248 1.0000000000
51117  28.216  -6.344  58.481 1.0000000000
51984  28.273  -5.523  58.258 1.0000000000
53476  26.551  -3.526  65.159 0.5555559993
52715  25.919  -4.294  64.665 0.7777780294
49317  35.279  -8.342  62.347 0.1111110002
52719  25.552  -4.057  63.926 0.8888890147
94922  25.858  -2.865  63.080 0.7777780294
108322  25.563  -3.557  63.418 0.8888890147
49358  34.578  -9.099  60.512 0.3333329856
49359  33.197  -9.283  60.180 0.6666669846
54229  26.603  -2.178  61.429 0.8888890147
92724  34.050  -9.197  59.917 0.4444440007
49373  31.785  -9.108  59.806 0.8888890147
53513  28.406  -3.067  58.946 1.0000000000
53514  27.391  -3.476  59.116 1.0000000000
54239  26.693  -2.641  60.371 1.0000000000
49372  33.513  -9.075  59.337 0.6666669846
94491  32.595  -9.200  59.543 0.6666669846
49388  30.994  -8.734  58.738 0.8888890147
50241  30.481  -8.199  58.220 1.0000000000
111113  29.920  -8.203  58.668 1.0000000000
51116  28.801  -7.006  58.132 1.0000000000
53529  27.934  -3.987  58.537 1.0000000000
49397  31.479  -8.332  58.077 1.0000000000
50263  29.563  -7.128  57.692 1.0000000000
51135  29.365  -6.532  57.661 1.0000000000
51136  28.795  -6.099  57.906 1.0000000000
53470  27.079  -3.232  65.643 0.5555559993
101291  26.956  -2.793  65.166 0.6666669846
53483  26.020  -3.265  64.128 0.7777780294
49316  36.178  -8.357  62.228 0.1111110002
106054  35.667  -8.706  61.677 0.2222220004
54212  26.436  -2.333  63.589 0.7777780294
103705  35.111  -8.948  61.139 0.2222220004
109433  26.968  -1.675  62.173 0.7777780294
54217  26.382  -2.177  62.558 0.7777780294
54250  27.741  -2.466  59.740 0.7777780294
110531  27.968  -1.847  60.268 0.7777780294
95946  27.397  -1.920  60.628 0.6666669846
53528  28.961  -3.615  58.411 1.0000000000
49386  32.972  -8.834  58.679 0.7777780294
51997  29.544  -5.757  57.578 1.0000000000
51983  29.045  -5.169  57.902 1.0000000000
52769  28.514  -4.570  58.198 1.0000000000
49396  32.457  -8.385  57.965 0.8888890147
50262  30.251  -7.464  57.585 1.0000000000
54202  27.391  -2.563  65.480 0.4444440007
54207  27.215  -2.140  64.778 0.5555559993
54964  28.265  -1.105  64.531 0.3333329856
54211  27.021  -1.815  63.972 0.3333329856
50171  37.030  -8.223  62.030 0.1111110002
54975  27.622  -1.267  63.375 0.3333329856
54216  26.941  -1.649  63.036 0.6666669846
49334  36.511  -8.615  61.468 0.1111110002
54987  27.606  -1.201  62.407 0.3333329856
49335  35.958  -8.839  60.872 0.2222220004
55002  29.168  -1.372  60.743 0.4444440007
54998  28.484  -0.901  61.652 0.3333329856
54986  28.349  -0.781  62.755 0.3333329856
49357  35.395  -8.946  60.293 0.3333329856
54249  28.965  -2.360  59.463 0.7777780294
92790  34.853  -8.962  59.722 0.3333329856
103345  34.326  -8.861  59.188 0.3333329856
52768  29.411  -4.171  57.952 1.0000000000
50261  31.097  -7.696  57.501 1.0000000000
51134  30.856  -7.017  57.234 1.0000000000
49333  37.336  -8.446  61.222 0.1111110002
106796  29.516  -0.314  63.494 0.2222220004
93409  29.021  -0.514  63.141 0.3333329856
54974  28.261  -0.886  63.683 0.3333329856
103737  36.768  -8.669  60.620 0.1111110002
55865  30.228  -0.098  63.462 0.3333329856
54985  29.966  -0.372  62.713 0.3333329856
101135  29.248  -0.573  62.259 0.3333329856
49356  36.165  -8.776  60.059 0.3333329856
96750  35.600  -8.779  59.541 0.3333329856
54238  29.721  -1.903  59.953 0.5555559993
55001  30.224  -1.462  60.717 0.4444440007
49385  34.559  -8.560  58.586 0.5555559993
111183  29.681  -2.340  59.425 0.6666669846
49395  33.416  -8.346  57.917 0.7777780294
95346  32.000  -7.779  57.339 0.8888890147
50275  31.608  -7.032  56.989 1.0000000000
51155  30.187  -6.426  57.321 1.0000000000
52785  29.829  -4.794  57.620 0.8888890147
53527  29.999  -3.348  58.333 0.7777780294
50274  32.443  -7.118  56.742 0.8888890147
51154  31.133  -6.299  56.891 1.0000000000
52784  30.532  -4.552  57.284 1.0000000000
52767  30.275  -3.845  57.799 0.8888890147
54996  30.589  -1.068  61.404 0.4444440007
53511  30.656  -2.743  58.831 0.7777780294
54248  30.343  -2.340  59.423 0.5555559993
40765  3.073  -18.750  88.562 0.3333329856
40768  -0.461  -18.934  88.394 0.4444440007
93141  6.980  -18.976  84.692 0.2222220004
40848  7.051  -19.399  82.956 0.2222220004
109235  -0.011  -18.282  87.791 0.4444440007
40021  -1.042  -19.623  88.006 0.2222220004
109435  -1.273  -20.059  87.132 0.2222220004
104790  -1.128  -20.162  87.577 0.2222220004
40801  4.928  -19.315  85.577 0.2222220004
40817  5.561  -19.371  84.814 0.2222220004
40862  7.597  -19.425  81.546 0.2222220004
40042  3.587  -19.363  84.367 0.4444440007
40071  6.795  -19.502  80.919 0.2222220004
40875  8.616  -19.238  80.406 0.2222220004
99490  -1.255  -17.868  87.042 0.4444440007
101833  4.135  -19.520  83.944 0.4444440007
40052  4.276  -19.450  83.274 0.4444440007
40835  2.641  -18.174  83.760 0.5555559993
110225  4.894  -19.444  82.379 0.4444440007
40849  4.638  -19.142  81.921 0.6666669846
40851  3.434  -18.032  82.488 0.7777780294
42677  0.061  -17.024  87.049 0.5555559993
41747  -1.110  -17.279  87.140 0.5555559993
40904  8.602  -19.380  78.595 0.4444440007
40890  7.130  -19.251  79.193 0.4444440007
40891  6.347  -18.956  79.445 0.5555559993
93253  9.007  -19.285  77.904 0.5555559993
40905  7.286  -19.010  78.539 0.6666669846
41795  3.001  -17.745  83.226 0.6666669846
41785  2.243  -17.897  84.311 0.6666669846
42691  2.278  -17.093  84.459 0.6666669846
40879  4.765  -18.375  80.831 0.7777780294
40863  4.406  -18.478  81.408 0.7777780294
42683  1.854  -16.780  85.096 0.7777780294
40892  5.564  -18.461  79.731 0.7777780294
41837  5.010  -17.870  80.285 0.8888890147
41872  6.999  -18.421  78.047 0.7777780294
42698  3.229  -16.915  83.469 0.7777780294
42697  3.880  -16.477  83.091 0.8888890147
42704  4.743  -16.413  81.891 0.8888890147
41873  6.336  -17.855  78.371 0.7777780294
40944  8.998  -18.448  76.254 0.6666669846
41888  8.051  -18.102  76.746 0.7777780294
43460  6.322  -15.702  79.455 0.7777780294
42734  6.819  -16.298  77.899 0.8888890147
40945  8.525  -18.435  76.641 0.7777780294
41897  9.006  -17.900  75.786 0.7777780294
41899  7.818  -17.278  76.657 0.7777780294
41906  9.953  -18.090  74.943 0.7777780294
43469  6.539  -15.961  78.651 0.8888890147
43450  6.806  -14.932  79.944 0.6666669846
42740  7.847  -16.184  76.788 0.8888890147
41916  10.346  -17.735  74.252 0.8888890147
111030  11.257  -17.978  73.470 0.7777780294
42752  9.327  -16.615  75.181 0.8888890147
40989  13.001  -18.891  73.198 0.7777780294
44201  8.607  -14.467  77.541 0.7777780294
44177  7.301  -14.231  80.458 0.6666669846
43482  9.115  -15.185  75.992 0.8888890147
110661  19.376  -19.130  73.081 0.6666669846
43501  9.896  -16.164  74.693 0.8888890147
40120  14.551  -19.460  73.291 0.7777780294
40955  17.431  -18.946  75.523 0.5555559993
44199  9.996  -13.712  76.925 0.6666669846
41016  19.822  -18.968  71.440 0.5555559993
41002  18.854  -19.385  72.569 0.6666669846
40116  17.995  -19.533  72.853 0.6666669846
41015  20.493  -18.561  71.001 0.5555559993
40151  17.490  -19.533  71.232 0.6666669846
40119  15.410  -19.550  73.176 0.7777780294
42767  12.231  -16.558  72.697 0.8888890147
41029  20.192  -18.482  70.037 0.6666669846
41042  19.439  -18.397  69.348 0.6666669846
40166  18.581  -19.219  70.230 0.6666669846
40152  16.648  -19.468  71.473 0.7777780294
40134  15.528  -19.444  72.359 0.7777780294
40135  14.806  -19.337  72.518 0.7777780294
41950  13.620  -18.076  71.769 0.7777780294
97921  13.087  -18.075  72.180 0.7777780294
45193  21.410  -14.223  67.728 0.7777780294
107538  21.137  -14.719  67.995 0.6666669846
42794  20.913  -16.628  69.039 0.6666669846
42814  19.977  -16.377  67.862 0.7777780294
42802  20.294  -16.927  68.465 0.6666669846
41994  19.801  -17.617  68.743 0.6666669846
41055  19.037  -17.869  68.785 0.6666669846
41043  18.577  -18.433  69.274 0.6666669846
40180  18.091  -18.942  69.724 0.7777780294
43554  19.547  -15.879  67.231 0.8888890147
44226  10.561  -14.390  75.276 0.8888890147
44209  11.218  -13.646  75.760 0.7777780294
43499  11.292  -15.294  73.911 0.8888890147
40153  15.788  -19.285  71.507 0.7777780294
41017  15.107  -18.578  71.134 0.8888890147
46023  20.692  -13.602  65.293 0.8888890147
45214  20.014  -13.909  65.289 0.8888890147
41979  18.336  -17.803  68.988 0.7777780294
41033  16.492  -18.525  70.168 0.8888890147
45215  19.295  -13.915  65.007 0.8888890147
45216  18.533  -13.624  64.979 0.8888890147
43555  18.279  -15.883  67.473 0.8888890147
43547  17.925  -16.108  68.143 0.8888890147
43539  17.605  -15.975  69.134 0.8888890147
44225  12.077  -13.722  75.067 0.7777780294
43510  12.687  -15.483  73.115 0.8888890147
46010  22.752  -13.559  67.552 0.7777780294
42774  14.508  -16.282  71.651 0.7777780294
46021  22.970  -13.425  66.684 0.7777780294
41963  17.068  -17.192  69.838 0.8888890147
41947  15.892  -16.950  70.560 0.7777780294
46049  21.400  -12.932  64.619 0.8888890147
46050  20.493  -12.868  64.339 0.8888890147
46905  18.595  -11.810  64.364 0.8888890147
45223  19.027  -13.300  64.554 0.8888890147
93821  17.410  -13.253  66.198 0.7777780294
45194  17.023  -13.942  68.218 0.7777780294
43497  13.207  -14.628  73.683 0.7777780294
92920  23.979  -13.228  67.874 0.4444440007
46034  22.127  -13.150  65.049 0.8888890147
42787  17.034  -16.151  70.425 0.8888890147
43532  17.109  -15.375  71.035 0.7777780294
46033  23.018  -13.031  64.994 0.7777780294
108672  21.230  -12.426  63.972 0.8888890147
46925  19.946  -11.039  63.608 0.8888890147
46904  19.167  -11.458  63.995 0.7777780294
46886  17.991  -11.500  64.884 0.7777780294
47681  17.026  -10.323  66.590 0.7777780294
46000  16.700  -13.009  68.051 0.7777780294
45186  17.022  -14.139  69.301 0.7777780294
108162  25.023  -12.891  66.771 0.6666669846
46018  26.000  -12.600  66.761 0.6666669846
94852  24.578  -12.883  65.735 0.6666669846
46047  23.340  -12.804  64.164 0.8888890147
44275  17.170  -14.761  71.622 0.5555559993
43524  16.927  -15.018  71.714 0.5555559993
46902  21.311  -11.659  63.448 0.8888890147
46903  20.551  -11.871  63.658 0.8888890147
47726  20.577  -10.327  63.454 0.7777780294
48528  19.551  -9.401  64.339 0.7777780294
47695  18.722  -9.851  64.723 0.7777780294
48515  18.289  -9.358  65.532 0.7777780294
47696  18.003  -10.417  65.143 0.7777780294
48500  17.386  -9.431  66.635 0.7777780294
48499  17.938  -8.945  66.309 0.7777780294
47680  17.595  -9.905  65.946 0.7777780294
48488  16.972  -9.569  67.243 0.7777780294
47664  16.668  -10.627  67.413 0.7777780294
98546  16.571  -12.084  68.160 0.7777780294
50024  16.305  -7.112  73.376 0.3333329856
50919  16.336  -6.591  74.020 0.2222220004
49182  16.613  -8.982  73.814 0.2222220004
47564  16.949  -10.446  74.222 0.2222220004
96577  17.260  -11.773  74.477 0.1111110002
109383  17.307  -13.452  74.250 0.1111110002
45137  17.402  -13.024  74.663 0.1111110002
44220  16.752  -13.619  74.790 0.1111110002
50948  18.031  -5.638  71.997 0.1111110002
50949  17.063  -6.123  72.157 0.3333329856
50935  18.478  -5.185  72.753 0.1111110002
50936  16.806  -5.930  72.933 0.2222220004
105260  16.461  -6.398  73.359 0.3333329856
49194  16.455  -8.419  72.109 0.3333329856
48413  16.453  -8.795  72.941 0.3333329856
45956  17.485  -12.677  73.226 0.2222220004
45153  17.456  -13.149  74.185 0.1111110002
44253  17.001  -14.350  73.218 0.2222220004
46849  27.624  -11.730  68.384 0.3333329856
50042  18.555  -5.788  71.441 0.1111110002
50062  16.587  -7.786  71.585 0.3333329856
48423  16.670  -9.954  72.712 0.2222220004
48432  16.589  -9.825  71.817 0.3333329856
47589  16.824  -10.671  72.433 0.2222220004
46797  17.340  -12.129  72.895 0.2222220004
49230  19.135  -6.455  69.643 0.3333329856
49210  20.524  -5.993  70.709 0.3333329856
50059  18.942  -5.893  70.910 0.2222220004
50072  17.449  -7.188  70.398 0.2222220004
49231  17.695  -7.278  69.836 0.2222220004
48443  16.627  -8.569  70.512 0.3333329856
107201  16.538  -10.730  70.807 0.3333329856
107144  16.489  -9.653  70.668 0.3333329856
47603  16.680  -10.640  71.566 0.3333329856
45167  17.300  -13.381  71.869 0.3333329856
45957  17.350  -12.662  72.427 0.2222220004
43517  16.735  -14.759  72.363 0.2222220004
48484  21.905  -7.257  67.179 0.4444440007
108106  20.717  -7.280  67.190 0.5555559993
95544  19.730  -7.299  67.333 0.7777780294
107614  20.048  -6.635  68.710 0.4444440007
49262  19.887  -6.900  68.072 0.6666669846
49229  20.084  -6.225  69.890 0.3333329856
107605  19.766  -6.470  69.249 0.4444440007
49264  17.927  -8.031  67.918 0.5555559993
92351  17.391  -7.818  69.323 0.5555559993
49212  18.351  -6.578  70.155 0.2222220004
48457  16.538  -9.476  69.558 0.6666669846
108713  16.692  -12.020  70.782 0.5555559993
48513  20.233  -8.364  64.959 0.7777780294
48512  21.373  -7.846  65.375 0.7777780294
48485  21.327  -7.317  66.865 0.6666669846
111633  22.157  -7.313  66.917 0.7777780294
48486  19.198  -7.845  66.672 0.7777780294
49274  20.223  -7.463  66.687 0.7777780294
49275  18.602  -7.854  67.290 0.7777780294
48472  17.129  -8.841  67.891 0.5555559993
49250  17.331  -8.281  68.583 0.6666669846
46839  16.503  -11.178  69.481 0.6666669846
98278  16.552  -11.923  69.069 0.6666669846
95028  16.575  -11.977  69.985 0.6666669846
45976  16.769  -12.680  70.484 0.5555559993
46046  24.198  -12.739  64.093 0.8888890147
46924  22.130  -11.564  63.121 0.8888890147
48541  21.814  -9.633  63.027 0.7777780294
47709  19.915  -10.066  63.762 0.7777780294
94342  21.054  -8.468  64.458 0.7777780294
48542  21.096  -9.755  63.345 0.7777780294
49283  19.649  -7.947  65.900 0.7777780294
93055  18.732  -8.499  66.042 0.7777780294
46067  23.663  -12.419  63.422 0.8888890147
47724  22.379  -10.549  62.674 0.8888890147
46923  23.168  -11.622  62.784 0.8888890147
96385  22.584  -7.341  67.221 0.4444440007
48496  22.767  -7.517  66.679 0.5555559993
93898  22.378  -7.719  65.762 0.7777780294
46064  25.948  -12.067  63.487 0.8888890147
46065  25.301  -12.261  63.414 0.8888890147
48524  23.401  -8.524  64.363 0.6666669846
111281  22.524  -7.283  67.744 0.4444440007
110826  29.046  -11.110  66.667 0.5555559993
46870  28.279  -11.573  65.585 0.6666669846
92725  23.209  -7.848  66.131 0.5555559993
48540  23.266  -9.011  63.359 0.6666669846
48523  23.999  -8.687  63.810 0.6666669846
46922  24.751  -11.785  62.738 0.8888890147
48466  25.091  -7.390  67.667 0.4444440007
105762  24.299  -7.837  66.722 0.4444440007
50056  26.676  -6.116  71.218 0.1111110002
49273  25.625  -7.305  67.651 0.4444440007
48493  30.845  -10.048  66.369 0.3333329856
47707  29.467  -10.670  64.559 1.0000000000
47720  28.497  -10.824  63.294 1.0000000000
103959  26.607  -6.548  69.374 0.2222220004
50155  25.216  -7.670  61.959 1.0000000000
47746  27.746  -10.325  61.714 1.0000000000
49258  26.722  -6.607  68.577 0.1111110002
110755  26.073  -7.135  67.847 0.4444440007
99214  25.941  -7.230  67.496 0.4444440007
49297  31.070  -8.867  64.024 0.6666669846
49306  30.241  -9.017  62.799 0.7777780294
49340  29.402  -8.250  61.201 1.0000000000
50122  31.825  -8.216  63.807 0.3333329856
50197  28.828  -7.623  60.398 1.0000000000
51964  25.510  -5.444  60.205 1.0000000000
53502  25.361  -3.889  60.622 1.0000000000
53494  25.233  -3.604  61.566 0.8888890147
50218  29.103  -7.574  60.033 1.0000000000
51105  27.853  -6.520  59.167 1.0000000000
50243  28.321  -6.907  58.881 1.0000000000
52714  26.392  -4.572  65.470 0.7777780294
49389  30.249  -8.534  59.205 1.0000000000
52770  27.670  -4.981  58.528 1.0000000000
53500  26.850  -3.155  59.673 1.0000000000
53482  26.661  -2.599  64.523 0.7777780294
49387  31.885  -8.940  58.866 0.7777780294
54228  27.488  -1.442  61.475 0.4444440007
109376  28.626  -1.843  60.108 0.5555559993
54227  28.161  -1.435  60.764 0.5555559993
99395  33.861  -8.663  58.607 0.6666669846
54965  27.660  -1.466  64.260 0.3333329856
54997  29.645  -0.947  61.450 0.4444440007
53512  29.584  -2.768  58.900 0.8888890147
51996  30.158  -5.419  57.335 1.0000000000
54973  28.878  -0.550  63.973 0.2222220004
55872  30.889  -0.317  62.725 0.2222220004
92380  30.056  -0.599  61.949 0.4444440007
104720  32.927  -7.795  57.253 0.8888890147
52012  30.703  -5.522  57.007 1.0000000000
54984  30.777  -0.557  62.002 0.4444440007
42676  0.709  -16.837  86.310 0.5555559993
42672  -0.513  -16.496  87.250 0.2222220004
43399  -0.430  -15.651  87.312 0.2222220004
42673  -1.014  -16.310  87.134 0.2222220004
42671  0.154  -16.300  87.104 0.2222220004
42675  1.428  -16.469  85.827 0.3333329856
42690  2.983  -16.592  84.151 0.6666669846
42682  2.665  -16.282  84.829 0.6666669846
43398  0.533  -15.387  87.389 0.2222220004
43404  1.027  -16.026  86.719 0.3333329856
43403  1.959  -15.607  86.391 0.3333329856
43411  3.192  -15.518  85.317 0.6666669846
43420  3.495  -15.848  84.594 0.6666669846
42689  3.707  -16.130  83.846 0.6666669846
43419  4.221  -15.383  84.289 0.5555559993
43436  4.616  -16.046  82.714 0.6666669846
43429  4.440  -15.665  83.511 0.4444440007
43428  5.213  -15.100  83.147 0.5555559993
43418  4.880  -14.869  83.944 0.3333329856
43442  5.953  -15.248  81.139 0.5555559993
43435  5.273  -15.569  82.320 0.4444440007
44155  5.489  -14.486  83.745 0.3333329856
43434  5.820  -15.060  81.939 0.3333329856
43427  5.715  -14.879  82.612 0.3333329856
44161  6.866  -13.889  82.084 0.2222220004
44162  6.255  -14.410  82.407 0.2222220004
44154  5.970  -14.292  83.228 0.1111110002
44170  6.432  -14.565  81.621 0.3333329856
44169  7.054  -14.050  81.287 0.2222220004
44178  6.609  -14.730  80.795 0.3333329856
45032  7.464  -13.564  81.774 0.1111110002
45046  8.543  -13.372  80.586 0.1111110002
44176  8.048  -13.815  80.118 0.1111110002
44184  8.278  -13.966  79.251 0.4444440007
44289  22.153  -14.483  69.332 0.2222220004
44290  21.594  -14.935  68.706 0.5555559993
45083  9.162  -13.493  78.853 0.2222220004
44192  9.154  -13.854  77.953 0.3333329856
97493  22.886  -13.850  70.501 0.3333329856
45178  22.518  -14.081  70.014 0.2222220004
45185  22.315  -14.016  69.193 0.4444440007
105517  9.721  -13.616  77.575 0.3333329856
52630  18.350  -3.539  75.890 0.1111110002
52642  17.036  -4.373  75.586 0.1111110002
52641  17.858  -3.999  75.314 0.1111110002
52647  17.339  -4.524  74.719 0.1111110002
51828  18.093  -4.660  73.805 0.1111110002
51836  16.560  -5.732  73.797 0.1111110002
45104  10.426  -13.181  77.675 0.2222220004
45125  10.792  -13.296  76.695 0.5555559993
45999  22.082  -13.987  68.263 0.4444440007
45081  11.262  -12.851  78.385 0.2222220004
103507  11.950  -12.720  77.929 0.3333329856
45103  11.356  -12.851  77.377 0.3333329856
49189  23.653  -6.371  71.437 0.1111110002
49190  22.950  -6.311  71.542 0.2222220004
49191  22.222  -6.218  71.545 0.1111110002
49207  23.424  -6.516  70.707 0.2222220004
49208  22.535  -6.471  70.653 0.2222220004
49225  24.060  -6.635  69.956 0.2222220004
49226  23.171  -6.672  69.736 0.2222220004
48455  22.052  -7.084  68.384 0.2222220004
100070  23.237  -6.957  68.810 0.2222220004
49244  23.914  -6.879  69.036 0.2222220004
49209  21.552  -6.242  70.969 0.2222220004
49228  21.064  -6.311  70.018 0.3333329856
49227  21.957  -6.511  70.000 0.3333329856
49246  21.538  -6.694  69.210 0.3333329856
49245  22.488  -6.798  69.166 0.2222220004
48470  21.786  -7.231  67.670 0.2222220004
52798  30.980  -4.877  56.852 0.8888890147
52010  32.019  -5.315  56.109 0.7777780294
52797  31.454  -4.709  56.488 0.7777780294
52796  31.949  -4.431  55.979 0.7777780294
51038  27.030  -5.477  67.031 0.3333329856
53524  31.998  -2.935  57.990 0.7777780294
53541  31.450  -3.385  57.511 0.6666669846
53542  30.993  -3.613  57.736 0.6666669846
54289  32.708  -1.909  56.052 0.6666669846
54290  32.224  -2.513  56.749 0.6666669846
53540  31.802  -3.063  57.167 0.7777780294
53557  31.526  -3.856  56.653 0.7777780294
52783  31.085  -4.138  57.053 0.6666669846
55058  33.525  -1.319  54.807 0.7777780294
53556  31.956  -3.430  56.050 0.7777780294
55057  34.088  -1.665  54.235 0.7777780294
51905  27.369  -4.900  67.293 0.3333329856
51915  27.102  -4.679  66.695 0.3333329856
52707  26.914  -3.984  66.065 0.4444440007
54272  33.942  -1.742  58.374 0.3333329856
101570  33.132  -2.210  58.478 0.4444440007
53526  30.911  -3.212  58.344 0.5555559993
55038  35.145  -0.589  57.385 0.4444440007
55039  34.147  -0.754  57.071 0.5555559993
54273  32.987  -1.866  57.447 0.5555559993
54274  32.429  -2.539  57.822 0.6666669846
55049  33.790  -0.710  56.236 0.5555559993
55050  33.315  -1.247  55.677 0.6666669846
55932  34.845  -0.478  53.817 0.7777780294
55918  33.841  -0.585  55.389 0.7777780294
55931  35.558  -0.303  53.282 0.7777780294
52706  27.349  -3.940  66.667 0.3333329856
53469  27.478  -3.179  66.225 0.4444440007
54243  35.620  -1.754  59.619 0.1111110002
54247  31.364  -2.363  59.420 0.4444440007
54256  35.521  -1.750  59.052 0.2222220004
111299  34.399  -1.965  58.885 0.3333329856
54245  33.808  -2.239  59.723 0.2222220004
54246  32.637  -2.329  59.450 0.3333329856
95913  32.151  -2.245  59.633 0.3333329856
55888  39.181  -0.366  58.215 0.1111110002
55908  38.442  -0.089  57.673 0.1111110002
97356  37.804  -0.308  57.711 0.3333329856
55900  37.085  -0.541  57.657 0.5555559993
55025  35.618  -1.072  58.069 0.3333329856
107225  32.438  -2.509  58.677 0.5555559993
53525  31.650  -2.946  58.348 0.5555559993
55907  38.768  0.340  57.244 0.1111110002
107872  38.122  0.142  57.276 0.2222220004
55910  36.609  -0.123  57.138 0.4444440007
96430  35.720  -0.164  57.000 0.5555559993
56864  36.805  0.863  55.914 0.3333329856
55916  35.915  0.410  56.313 0.6666669846
55917  35.043  0.451  55.331 0.6666669846
56868  36.183  1.111  54.718 0.7777780294
56869  35.381  0.682  54.488 0.7777780294
110210  35.660  0.323  53.404 0.7777780294
56873  35.263  0.239  53.787 0.7777780294
54200  28.445  -1.708  66.270 0.2222220004
54206  27.763  -1.796  65.068 0.2222220004
54244  34.721  -2.058  59.410 0.2222220004
93928  33.175  -2.256  59.808 0.2222220004
54960  28.336  -1.395  65.377 0.2222220004
54234  34.408  -2.096  60.307 0.1111110002
54236  31.790  -1.912  60.125 0.2222220004
96919  35.108  -1.952  60.053 0.1111110002
54235  33.525  -2.111  60.339 0.2222220004
110407  32.687  -2.042  60.170 0.2222220004
54226  31.213  -1.528  60.780 0.3333329856
54224  33.962  -1.860  60.944 0.1111110002
54225  33.105  -1.679  60.942 0.1111110002
98372  32.189  -1.564  60.895 0.2222220004
54983  31.580  -0.639  62.094 0.3333329856
98423  32.212  -1.151  61.609 0.2222220004
54995  31.451  -1.121  61.463 0.3333329856
109218  32.630  -1.440  61.262 0.1111110002
43538  21.255  -15.751  68.918 0.4444440007
45987  22.629  -13.655  69.090 0.4444440007
45141  12.818  -13.245  75.650 0.3333329856
48454  22.879  -7.204  68.243 0.2222220004
103068  26.698  -4.796  66.087 0.4444440007
54237  30.818  -1.908  60.049 0.4444440007
45124  11.665  -12.994  76.513 0.5555559993
51830  16.598  -5.278  74.625 0.1111110002
43412  2.343  -15.992  85.589 0.4444440007
43397  1.534  -15.130  87.217 0.2222220004
111085  22.536  -6.597  69.899 0.2222220004
55040  33.365  -1.243  56.689 0.5555559993
55066  34.562  -1.199  53.871 0.7777780294
55926  34.182  -0.702  54.434 0.7777780294
55027  33.738  -1.279  57.577 0.4444440007
55026  34.585  -1.159  57.919 0.4444440007
100151  34.992  -1.656  58.625 0.3333329856
54258  33.177  -2.276  59.240 0.5555559993
53510  31.386  -2.722  58.796 0.3333329856
55911  34.658  -0.083  56.304 0.6666669846
55925  34.719  0.111  54.412 0.7777780294
96690  34.348  -0.041  55.125 0.7777780294
56879  36.097  0.430  52.943 0.7777780294
54255  36.233  -1.581  59.114 0.2222220004
55014  35.982  -1.413  58.590 0.2222220004
54257  33.870  -2.129  59.051 0.3333329856
54259  31.999  -2.529  59.073 0.4444440007
55889  38.674  -0.306  57.962 0.1111110002
55023  37.433  -0.847  58.121 0.5555559993
55037  36.191  -0.590  57.605 0.5555559993
55024  36.582  -1.025  58.065 0.5555559993
55909  37.433  -0.035  57.258 0.4444440007
56858  36.938  0.305  56.705 0.2222220004
56857  37.654  0.466  56.715 0.2222220004
56865  35.830  0.775  55.344 0.6666669846
56872  35.830  0.871  53.691 0.7777780294
39245  -0.840  -20.384  88.285 0.1111110002
39247  -1.109  -20.555  87.070 0.1111110002
40756  0.587  -19.317  89.972 0.3333329856
41771  -1.397  -18.061  86.089 0.1111110002
41757  -1.427  -17.327  86.496 0.2222220004
42678  -1.482  -16.326  86.495 0.2222220004
42674  -1.274  -16.378  86.845 0.3333329856
41768  9.184  -17.909  86.073 0.1111110002
41782  10.208  -17.997  84.663 0.1111110002
41767  10.259  -17.748  85.891 0.1111110002
41783  9.295  -18.147  85.011 0.1111110002
40813  9.331  -18.371  84.045 0.1111110002
40814  8.525  -18.610  84.285 0.1111110002
40798  8.400  -18.416  85.240 0.1111110002
40829  9.241  -18.494  83.315 0.1111110002
44141  3.725  -14.820  85.819 0.4444440007
40830  8.698  -18.694  83.568 0.1111110002
41794  10.149  -18.222  83.562 0.1111110002
44140  4.491  -14.430  85.484 0.2222220004
44129  4.201  -14.134  86.282 0.2222220004
40846  8.643  -18.898  82.787 0.1111110002
41802  11.660  -17.965  83.170 0.1111110002
95477  10.933  -18.035  84.254 0.1111110002
41793  11.143  -17.990  83.395 0.1111110002
41803  11.256  -17.830  82.443 0.1111110002
41804  10.529  -18.088  82.648 0.1111110002
41817  11.275  -17.753  81.624 0.1111110002
95899  10.785  -17.877  81.947 0.1111110002
40860  10.025  -18.260  81.908 0.1111110002
40861  9.076  -18.749  81.951 0.1111110002
97652  9.490  -18.650  81.067 0.1111110002
98173  8.464  -19.164  81.265 0.1111110002
106931  11.697  -17.754  80.633 0.1111110002
41816  11.670  -17.725  81.231 0.1111110002
98950  11.335  -17.768  80.890 0.1111110002
41818  10.624  -18.011  81.204 0.1111110002
92609  11.426  -17.855  80.188 0.1111110002
41836  10.893  -17.943  80.528 0.1111110002
40887  10.669  -18.253  79.914 0.1111110002
40888  9.833  -18.859  79.702 0.1111110002
108103  9.403  -18.921  80.231 0.1111110002
92310  10.326  -18.798  79.167 0.1111110002
40889  8.816  -19.338  79.488 0.2222220004
96914  9.445  -19.258  78.884 0.1111110002
96494  12.027  -17.747  80.706 0.1111110002
40916  16.999  -18.402  77.228 0.2222220004
41835  12.001  -17.817  80.127 0.1111110002
41853  12.514  -18.156  79.497 0.1111110002
41854  11.861  -18.043  79.536 0.1111110002
41922  22.349  -17.363  74.249 0.2222220004
41870  12.347  -18.275  78.864 0.1111110002
41923  21.756  -18.063  73.946 0.3333329856
41871  11.574  -18.450  78.733 0.1111110002
41855  11.147  -18.275  79.387 0.1111110002
95052  21.081  -18.613  74.206 0.4444440007
40901  11.104  -18.913  77.816 0.2222220004
40922  10.570  -19.114  76.899 0.3333329856
40903  9.936  -19.199  78.429 0.1111110002
40984  21.019  -18.567  73.353 0.4444440007
93060  10.027  -19.210  77.578 0.4444440007
41883  16.310  -18.064  77.923 0.2222220004
107589  15.602  -17.979  78.650 0.1111110002
41867  14.824  -18.091  78.802 0.1111110002
110771  15.095  -18.072  78.377 0.1111110002
41868  13.957  -18.234  78.761 0.1111110002
40917  16.159  -18.519  77.020 0.2222220004
41884  15.396  -18.210  77.742 0.2222220004
104676  14.520  -18.196  78.097 0.1111110002
41869  13.118  -18.259  78.838 0.1111110002
41852  13.320  -18.264  79.282 0.1111110002
107513  22.894  -16.194  75.008 0.1111110002
104588  22.708  -16.751  74.635 0.2222220004
41885  13.616  -18.342  78.178 0.1111110002
40938  15.318  -18.692  76.775 0.2222220004
40918  14.738  -18.480  77.296 0.1111110002
40919  13.919  -18.599  77.290 0.1111110002
41886  12.832  -18.458  78.204 0.1111110002
98227  21.686  -17.890  72.990 0.3333329856
41887  12.016  -18.639  78.034 0.1111110002
40921  11.535  -19.055  76.995 0.2222220004
41000  20.550  -18.731  72.664 0.4444440007
98280  23.074  -15.349  75.005 0.1111110002
101057  23.232  -14.426  74.522 0.1111110002
43492  22.889  -15.980  74.345 0.1111110002
99962  22.221  -17.269  73.428 0.2222220004
40939  14.505  -18.844  76.551 0.1111110002
40920  12.507  -18.830  77.392 0.2222220004
42756  22.645  -16.616  73.855 0.2222220004
40940  13.691  -18.983  76.320 0.3333329856
102478  13.092  -18.921  76.859 0.4444440007
41931  21.636  -17.724  72.233 0.4444440007
40959  12.895  -19.175  75.925 0.4444440007
40941  12.249  -19.124  76.438 0.5555559993
40999  21.141  -18.295  72.445 0.4444440007
100859  22.856  -15.793  73.519 0.1111110002
98279  23.031  -15.149  74.066 0.1111110002
42762  22.568  -16.454  72.991 0.2222220004
42770  22.378  -16.226  71.986 0.2222220004
42763  22.068  -17.124  72.559 0.4444440007
42771  21.861  -17.151  71.683 0.4444440007
41946  21.224  -17.981  71.508 0.4444440007
41962  20.932  -17.915  70.490 0.4444440007
45136  23.358  -13.621  74.932 0.1111110002
103414  23.204  -14.438  73.764 0.1111110002
43505  23.000  -14.928  73.233 0.1111110002
95007  21.971  -16.396  71.062 0.4444440007
42785  21.701  -16.566  70.340 0.4444440007
41945  21.557  -17.233  70.808 0.4444440007
45934  23.503  -12.911  75.358 0.1111110002
45152  23.405  -13.625  73.931 0.1111110002
44263  23.267  -14.098  73.102 0.1111110002
44272  23.059  -14.616  72.305 0.1111110002
43523  22.432  -15.515  71.124 0.1111110002
42793  21.546  -16.203  69.653 0.4444440007
42786  21.170  -17.138  69.879 0.5555559993
47555  24.325  -11.461  75.988 0.1111110002
100601  23.995  -11.706  76.239 0.1111110002
95518  24.081  -11.838  75.444 0.1111110002
46769  23.790  -12.397  74.975 0.1111110002
45941  23.524  -12.920  74.521 0.1111110002
45160  23.509  -13.373  73.026 0.1111110002
99934  23.303  -13.865  72.429 0.1111110002
107999  23.123  -14.040  71.672 0.1111110002
44222  15.417  -13.572  75.216 0.1111110002
43522  22.786  -15.333  71.849 0.1111110002
44273  22.876  -14.699  71.293 0.1111110002
43531  21.988  -15.760  70.350 0.3333329856
47561  26.424  -10.940  74.874 0.1111110002
47553  25.472  -10.947  75.465 0.1111110002
47554  24.716  -11.214  75.736 0.1111110002
47545  24.549  -11.154  76.551 0.1111110002
45079  12.793  -12.678  78.035 0.2222220004
109612  26.319  -11.089  74.279 0.1111110002
47562  25.673  -11.135  74.681 0.1111110002
94309  24.914  -11.348  74.977 0.1111110002
47563  24.436  -11.627  75.234 0.1111110002
45101  13.081  -12.605  77.095 0.2222220004
45102  12.212  -12.683  77.207 0.2222220004
47573  26.613  -11.228  73.662 0.1111110002
47574  25.828  -11.412  73.951 0.1111110002
47575  25.153  -11.626  74.310 0.1111110002
46775  24.594  -11.908  74.524 0.1111110002
46776  24.121  -12.202  74.581 0.1111110002
46777  23.777  -12.594  74.303 0.1111110002
45121  14.308  -12.988  76.126 0.1111110002
45122  13.431  -12.869  76.273 0.2222220004
45123  12.532  -12.858  76.405 0.2222220004
47602  27.099  -11.609  71.957 0.1111110002
46792  26.231  -11.857  72.293 0.1111110002
46793  25.369  -12.088  72.661 0.1111110002
46783  24.781  -12.095  73.903 0.1111110002
46784  24.227  -12.418  73.702 0.1111110002
46785  23.844  -12.668  73.787 0.1111110002
99090  15.137  -13.171  75.952 0.1111110002
45139  14.596  -13.443  75.397 0.1111110002
45140  13.732  -13.332  75.519 0.1111110002
46805  27.256  -11.720  71.094 0.1111110002
46794  24.675  -12.281  73.113 0.1111110002
46795  24.082  -12.646  72.736 0.1111110002
46796  23.832  -12.816  73.101 0.1111110002
44224  13.094  -13.656  74.897 0.2222220004
46804  27.926  -11.488  70.877 0.1111110002
46806  26.418  -11.939  71.388 0.1111110002
46821  25.757  -12.236  70.769 0.1111110002
46810  23.749  -12.919  72.440 0.1111110002
45965  23.544  -13.274  71.768 0.1111110002
45171  22.853  -14.142  70.787 0.1111110002
105802  14.892  -13.786  74.789 0.1111110002
46819  27.516  -11.663  70.194 0.1111110002
46836  26.800  -11.920  69.625 0.1111110002
46820  26.618  -11.948  70.487 0.1111110002
46838  25.152  -12.589  70.122 0.1111110002
45177  22.734  -13.734  69.902 0.1111110002
46835  27.543  -11.693  69.293 0.1111110002
93827  26.959  -11.897  68.898 0.1111110002
46837  26.018  -12.266  69.873 0.1111110002
44282  22.463  -14.771  70.300 0.2222220004
46807  25.510  -12.166  71.702 0.1111110002
46808  24.552  -12.443  72.068 0.1111110002
46822  24.826  -12.464  71.047 0.1111110002
46809  23.839  -12.835  71.922 0.1111110002
45964  23.613  -13.168  71.247 0.1111110002
45984  24.520  -12.886  69.417 0.2222220004
45973  24.243  -12.837  70.358 0.1111110002
45974  23.559  -13.150  70.549 0.1111110002
45975  23.244  -13.526  70.708 0.1111110002
94636  23.090  -13.268  68.994 0.1111110002
50132  34.155  -7.558  63.722 0.1111110002
50260  33.868  -7.792  57.294 0.6666669846
51150  34.761  -6.785  56.237 0.6666669846
50273  33.390  -7.123  56.584 0.7777780294
51165  35.075  -6.223  55.716 0.6666669846
51166  34.182  -6.225  55.780 0.6666669846
51152  32.774  -6.547  56.269 0.6666669846
52011  31.368  -5.516  56.580 0.6666669846
52027  34.457  -5.596  55.315 0.6666669846
52028  33.478  -5.494  55.458 0.6666669846
52029  32.618  -4.962  55.604 0.6666669846
52809  33.242  -4.375  55.105 0.6666669846
52808  34.762  -4.961  54.893 0.6666669846
53564  32.654  -3.439  55.264 0.6666669846
52810  32.437  -4.161  55.503 0.6666669846
52036  40.200  -5.559  54.516 0.5555559993
51161  39.211  -5.992  55.284 0.5555559993
52039  37.445  -5.190  54.739 0.6666669846
97575  33.044  -1.801  55.157 0.6666669846
52820  39.800  -5.003  54.004 0.5555559993
111600  39.251  -4.869  54.047 0.5555559993
52038  38.279  -5.212  54.623 0.6666669846
97273  36.912  -4.580  54.319 0.6666669846
52807  35.624  -5.026  54.817 0.6666669846
53575  34.561  -3.487  54.272 0.6666669846
53576  33.522  -3.271  54.642 0.6666669846
54298  32.351  -2.738  55.797 0.5555559993
52822  37.778  -4.620  54.241 0.5555559993
53574  35.499  -3.666  54.087 0.6666669846
52837  40.155  -4.640  53.349 0.5555559993
104060  38.657  -4.124  53.504 0.5555559993
54307  33.466  -2.186  54.622 0.6666669846
52821  38.654  -4.666  54.054 0.5555559993
52839  38.036  -4.120  53.725 0.6666669846
53593  36.851  -3.359  53.485 0.6666669846
54305  35.035  -2.873  53.908 0.6666669846
54320  34.816  -2.010  53.740 0.6666669846
54318  36.542  -2.563  53.160 0.6666669846
54319  35.885  -3.002  53.618 0.6666669846
110492  35.316  -2.506  53.624 0.6666669846
55013  36.804  -1.328  58.568 0.1111110002
104381  41.704  -4.724  53.046 0.4444440007
53588  41.361  -4.246  52.559 0.4444440007
52836  40.984  -4.760  53.151 0.5555559993
53589  40.499  -4.157  52.733 0.5555559993
99626  39.803  -4.048  53.052 0.5555559993
53590  39.096  -3.689  53.004 0.6666669846
55065  35.182  -1.195  53.460 0.6666669846
53591  38.226  -3.622  53.214 0.6666669846
53592  37.585  -3.645  53.437 0.6666669846
101231  36.329  -1.853  52.908 0.6666669846
96443  35.656  -2.062  53.281 0.6666669846
53587  42.333  -4.294  52.658 0.3333329856
55064  35.899  -1.195  53.008 0.6666669846
53601  40.904  -3.574  52.191 0.4444440007
53602  39.914  -3.496  52.413 0.5555559993
54330  38.788  -2.569  52.127 0.6666669846
54331  37.898  -2.374  52.361 0.6666669846
54332  37.050  -2.094  52.683 0.6666669846
54317  37.517  -2.964  53.006 0.6666669846
53586  43.332  -4.018  52.684 0.3333329856
53598  43.730  -3.087  52.246 0.3333329856
53599  42.790  -3.404  52.200 0.3333329856
53600  41.852  -3.561  52.148 0.3333329856
55944  36.244  -0.487  52.702 0.6666669846
54326  43.268  -2.656  51.828 0.3333329856
54327  42.334  -2.891  51.735 0.3333329856
54328  41.417  -2.938  51.793 0.4444440007
55080  40.076  -2.236  51.539 0.6666669846
55084  36.585  -1.308  52.562 0.6666669846
55081  39.194  -2.070  51.666 0.6666669846
55082  38.348  -1.850  51.841 0.6666669846
57695  36.569  1.540  53.997 0.6666669846
57704  37.117  1.433  52.480 0.5555559993
57699  36.497  1.217  53.083 0.6666669846
99819  39.479  -0.035  50.262 0.6666669846
100707  37.713  0.375  51.347 0.6666669846
56892  37.298  0.961  51.882 0.5555559993
55076  44.773  -2.466  51.016 0.2222220004
55093  43.262  -1.813  51.276 0.4444440007
55094  42.271  -1.923  51.187 0.5555559993
55959  39.938  -0.953  50.654 0.6666669846
55960  39.052  -0.723  50.873 0.6666669846
55943  36.719  0.014  52.312 0.6666669846
54325  44.201  -2.402  51.683 0.2222220004
55078  42.817  -2.347  51.549 0.3333329856
55079  41.894  -2.502  51.353 0.3333329856
55095  39.591  -1.530  51.185 0.6666669846
55096  38.719  -1.340  51.371 0.6666669846
55962  37.382  -0.441  51.766 0.6666669846
58462  37.609  2.051  52.439 0.5555559993
58466  37.901  2.073  51.750 0.4444440007
58461  38.185  2.598  52.220 0.4444440007
55953  47.224  -1.718  50.540 0.2222220004
55075  46.120  -2.451  50.761 0.2222220004
56900  38.847  0.920  50.248 0.6666669846
56901  38.146  0.988  50.850 0.5555559993
57713  38.486  1.711  50.582 0.5555559993
55952  47.425  -1.042  50.848 0.1111110002
55091  45.349  -2.410  50.530 0.2222220004
55092  44.278  -1.993  50.967 0.4444440007
101504  41.955  -0.993  50.409 0.5555559993
55974  40.304  -0.525  50.279 0.6666669846
93565  45.449  -2.249  50.055 0.2222220004
55955  44.345  -1.692  50.389 0.3333329856
55971  43.431  -1.066  50.131 0.4444440007
55972  42.678  -0.981  50.327 0.5555559993
55973  41.118  -0.608  50.180 0.5555559993
58465  38.345  2.442  51.229 0.5555559993
55966  48.406  -0.500  50.537 0.1111110002
55951  48.074  -0.506  50.901 0.1111110002
58473  38.835  2.380  50.526 0.5555559993
55986  48.825  -0.964  49.947 0.1111110002
55967  47.570  -0.989  50.633 0.1111110002
55969  46.552  -2.249  50.105 0.1111110002
55954  46.181  -2.423  50.415 0.2222220004
56916  39.712  0.891  49.764 0.5555559993
56917  39.274  1.811  50.000 0.5555559993
54350  48.954  -2.320  49.277 0.2222220004
55114  48.407  -1.800  49.657 0.1111110002
55099  47.178  -1.680  50.258 0.1111110002
55101  45.396  -2.091  49.761 0.2222220004
55970  44.596  -1.654  49.845 0.4444440007
94585  42.011  0.134  49.195 0.5555559993
56915  41.205  0.134  49.524 0.5555559993
93347  40.586  0.881  49.363 0.5555559993
54348  50.916  -2.237  49.098 0.2222220004
54349  49.967  -2.349  49.261 0.2222220004
54351  48.058  -2.234  49.245 0.1111110002
55116  46.608  -2.125  49.452 0.2222220004
55117  45.656  -1.957  49.267 0.2222220004
55988  44.188  -1.023  49.253 0.4444440007
55989  43.447  -0.614  49.289 0.5555559993
56922  41.436  0.856  49.024 0.5555559993
57719  40.975  1.659  49.110 0.5555559993
93459  43.060  0.807  48.329 0.5555559993
58464  39.035  3.041  50.970 0.4444440007
57720  40.127  1.694  49.487 0.5555559993
107368  51.133  -2.345  48.374 0.1111110002
54357  50.388  -2.484  48.537 0.2222220004
54360  47.823  -2.246  48.763 0.2222220004
55127  46.166  -1.799  48.723 0.2222220004
55128  45.399  -1.319  48.605 0.3333329856
55999  44.600  -0.626  48.490 0.5555559993
56913  43.396  0.026  48.637 0.5555559993
56921  42.230  0.821  48.682 0.5555559993
55139  53.209  -1.874  46.890 0.1111110002
104509  51.459  -2.261  46.628 0.1111110002
54368  50.019  -2.489  47.892 0.1111110002
54369  48.523  -2.224  48.194 0.2222220004
55137  46.701  -1.469  48.151 0.3333329856
95212  43.943  0.332  48.206 0.5555559993
57724  41.802  1.584  48.728 0.4444440007
55134  49.369  -2.175  47.515 0.2222220004
55136  47.643  -1.773  47.988 0.2222220004
100435  46.367  -0.580  47.701 0.3333329856
56925  46.047  0.328  47.439 0.4444440007
54390  51.735  -2.375  45.561 0.1111110002
59230  41.043  4.101  50.343 0.3333329856
59231  40.392  3.630  50.333 0.3333329856
59232  39.793  3.397  50.684 0.3333329856
98834  41.229  3.029  49.264 0.4444440007
59240  40.766  3.377  49.706 0.4444440007
58471  40.107  2.995  49.947 0.4444440007
59246  42.687  3.361  48.652 0.4444440007
58479  41.894  3.106  48.958 0.4444440007
58482  39.879  2.352  49.760 0.4444440007
58486  42.357  2.333  48.499 0.5555559993
58480  41.461  2.371  48.972 0.4444440007
56927  44.984  0.962  47.551 0.5555559993
57722  43.696  1.206  48.032 0.5555559993
105515  42.489  1.462  48.413 0.5555559993
54400  52.932  -2.782  44.349 0.1111110002
54401  52.036  -2.447  44.618 0.1111110002
55140  50.168  -1.903  46.031 0.2222220004
106543  48.629  -0.967  46.881 0.2222220004
56002  48.013  -0.923  47.224 0.3333329856
54388  53.568  -3.117  45.119 0.1111110002
54389  52.723  -2.643  45.480 0.1111110002
59977  41.850  4.524  50.349 0.3333329856
59984  42.322  4.431  49.678 0.3333329856
59238  42.246  3.783  49.127 0.4444440007
58490  44.885  2.614  47.643 0.4444440007
58484  44.212  3.129  47.964 0.5555559993
58485  43.315  2.744  48.202 0.5555559993
57728  44.905  1.686  47.547 0.5555559993
57721  44.367  1.082  47.786 0.5555559993
57729  44.054  2.019  47.853 0.5555559993
93523  50.285  -1.528  45.354 0.2222220004
55142  49.179  -1.428  46.797 0.2222220004
56924  46.908  0.171  47.260 0.4444440007
57726  46.614  1.101  47.147 0.5555559993
54408  54.362  -2.697  43.462 0.1111110002
55166  52.359  -2.329  43.821 0.1111110002
55152  51.102  -2.026  44.832 0.2222220004
56010  49.257  -0.202  45.804 0.2222220004
56934  48.798  0.046  46.240 0.3333329856
56930  47.714  -0.034  46.967 0.4444440007
55195  54.494  -1.602  42.946 0.2222220004
92493  54.118  -2.167  43.116 0.2222220004
55183  51.928  -1.681  43.538 0.2222220004
55167  51.653  -2.091  44.144 0.2222220004
56021  50.472  -1.000  44.538 0.2222220004
56009  49.816  -0.561  45.173 0.2222220004
56036  53.481  -0.437  42.818 0.4444440007
56037  52.554  -1.056  43.073 0.3333329856
59250  45.704  3.290  47.543 0.4444440007
58488  46.960  2.801  46.910 0.4444440007
105096  46.374  1.998  47.116 0.4444440007
56929  48.301  0.618  46.445 0.4444440007
109654  47.597  1.691  46.696 0.4444440007
57733  47.147  1.827  46.908 0.4444440007
56020  51.179  -1.404  43.989 0.3333329856
93801  50.229  0.279  44.482 0.3333329856
56936  49.522  0.454  45.268 0.3333329856
56933  48.984  0.618  45.903 0.3333329856
57731  48.030  1.566  46.475 0.4444440007
56941  52.427  0.250  43.074 0.4444440007
56038  51.657  -0.708  43.409 0.3333329856
56039  50.916  -0.352  43.888 0.3333329856
57738  49.754  1.264  44.834 0.4444440007
57736  49.198  1.286  45.481 0.3333329856
59253  48.074  3.421  46.327 0.4444440007
59254  47.537  3.352  46.676 0.4444440007
96623  49.353  1.892  45.122 0.4444440007
58492  48.327  2.318  46.136 0.4444440007
56942  51.618  0.894  43.407 0.4444440007
57744  51.126  1.365  43.630 0.4444440007
96905  50.442  1.490  44.100 0.4444440007
96049  53.077  1.312  43.053 0.4444440007
95862  52.231  1.224  43.205 0.4444440007
93067  53.452  2.200  43.064 0.4444440007
57742  52.493  1.959  43.185 0.4444440007
60679  49.309  5.874  47.587 0.1111110002
60683  49.216  5.722  46.799 0.2222220004
59992  48.751  5.338  47.060 0.3333329856
59257  48.988  3.780  45.240 0.2222220004
59999  48.508  3.912  45.944 0.4444440007
59996  48.323  4.503  46.577 0.4444440007
92963  47.749  4.252  46.935 0.4444440007
58496  49.198  2.669  45.112 0.4444440007
59258  48.626  3.052  45.712 0.4444440007
56943  50.935  0.645  43.797 0.4444440007
58500  49.774  2.165  44.573 0.4444440007
58504  53.733  3.104  42.978 0.3333329856
59265  52.983  3.872  43.184 0.4444440007
58505  52.761  2.835  43.154 0.4444440007
58506  51.817  2.498  43.299 0.4444440007
58499  50.325  2.616  43.957 0.4444440007
60678  49.799  6.339  47.962 0.1111110002
108456  49.585  6.156  45.672 0.1111110002
60686  49.295  5.595  45.889 0.2222220004
60688  50.273  5.854  43.992 0.2222220004
60689  49.561  5.653  44.927 0.2222220004
60008  50.623  4.823  43.574 0.2222220004
60001  49.761  4.870  44.196 0.2222220004
102744  49.498  4.076  44.519 0.2222220004
59260  49.631  3.148  44.489 0.4444440007
98898  51.228  4.000  43.343 0.2222220004
59259  50.198  3.818  43.809 0.3333329856
59264  53.665  4.027  42.912 0.3333329856
97044  51.978  3.391  43.234 0.2222220004
59266  51.060  3.058  43.474 0.4444440007
61395  49.985  6.721  47.403 0.1111110002
110303  49.798  6.636  45.851 0.1111110002
61397  49.987  6.975  46.392 0.1111110002
60682  49.603  6.320  46.533 0.1111110002
60695  52.106  5.589  43.399 0.2222220004
60696  51.178  5.479  43.499 0.2222220004
60006  52.644  4.825  43.271 0.2222220004
60007  51.631  4.819  43.323 0.2222220004
62129  50.451  7.074  47.884 0.1111110002
62125  50.636  6.873  48.528 0.1111110002
62128  50.693  7.793  47.383 0.1111110002
62138  50.521  7.527  45.854 0.1111110002
62137  51.410  7.993  45.282 0.1111110002
62145  51.034  7.463  44.798 0.1111110002
100897  50.213  7.056  45.376 0.1111110002
62144  52.178  7.663  44.476 0.1111110002
61403  50.664  6.794  44.357 0.1111110002
60685  49.883  6.451  44.993 0.1111110002
109702  53.239  6.554  43.630 0.1111110002
61401  52.826  7.099  43.942 0.1111110002
61402  51.759  7.022  44.028 0.1111110002
60005  53.434  4.779  43.113 0.2222220004
53651  55.132  -3.625  44.180 0.1111110002
53661  55.297  -2.991  43.336 0.1111110002
106545  20.548  -17.422  69.134 0.5555559993
94917  23.229  -13.356  68.176 0.2222220004
45997  23.849  -13.138  68.759 0.2222220004
51153  31.999  -6.255  56.430 0.6666669846
43402  2.874  -15.194  86.115 0.4444440007
43410  4.015  -15.133  85.057 0.4444440007
43537  21.891  -15.290  69.514 0.3333329856
93591  23.210  -13.762  71.232 0.1111110002
109989  -1.075  -15.932  87.140 0.2222220004
54306  34.212  -2.570  54.213 0.6666669846
56878  36.805  0.765  52.449 0.6666669846
44130  3.396  -14.490  86.627 0.2222220004
44148  4.719  -14.701  84.732 0.2222220004
40845  9.588  -18.433  82.688 0.1111110002
40874  10.185  -18.408  80.452 0.1111110002
40902  10.720  -18.825  78.537 0.1111110002
104463  13.210  -18.615  77.619 0.2222220004
92665  10.812  -19.133  76.273 0.6666669846
45949  23.584  -12.927  73.775 0.1111110002
46782  25.306  -11.916  73.560 0.1111110002
47588  26.046  -11.696  73.177 0.1111110002
47587  26.892  -11.407  72.835 0.1111110002
45100  14.034  -12.584  77.020 0.1111110002
97614  23.619  -13.099  72.628 0.1111110002
95117  23.425  -13.548  72.133 0.1111110002
46823  24.024  -12.802  71.223 0.1111110002
45985  23.650  -13.095  69.671 0.1111110002
45986  23.059  -13.369  69.848 0.1111110002
50272  34.357  -7.307  56.721 0.7777780294
105985  34.012  -6.761  56.241 0.6666669846
51151  33.404  -6.342  55.993 0.6666669846
52009  32.705  -5.826  55.920 0.6666669846
52026  35.337  -5.622  55.238 0.6666669846
93998  33.995  -4.936  55.047 0.6666669846
52824  35.085  -4.321  54.463 0.6666669846
52825  34.154  -4.240  54.661 0.6666669846
54297  32.824  -2.539  55.123 0.6666669846
52022  40.546  -5.904  55.229 0.5555559993
52037  39.227  -5.395  54.540 0.5555559993
52024  37.950  -5.702  55.153 0.6666669846
52838  39.327  -4.466  53.531 0.5555559993
52025  36.548  -5.213  54.852 0.6666669846
53572  37.270  -4.040  53.855 0.6666669846
52823  36.003  -4.453  54.387 0.6666669846
53573  36.399  -3.857  53.947 0.6666669846
54315  39.172  -3.138  52.411 0.6666669846
54316  38.458  -3.088  52.652 0.6666669846
103313  40.493  -2.858  51.947 0.5555559993
54329  39.612  -2.723  52.030 0.5555559993
100225  36.835  -0.719  52.253 0.6666669846
104604  40.982  -2.412  51.433 0.4444440007
55083  37.418  -1.432  52.110 0.6666669846
55097  37.968  -1.137  51.602 0.6666669846
56867  37.153  1.390  55.097 0.4444440007
57710  37.564  1.563  51.848 0.5555559993
55975  38.511  0.156  50.727 0.6666669846
55961  38.172  -0.540  51.217 0.6666669846
56891  37.705  1.119  51.405 0.5555559993
103925  37.164  0.354  51.935 0.6666669846
100999  45.477  -2.501  50.932 0.2222220004
55077  43.864  -2.229  51.540 0.3333329856
55957  42.558  -1.432  50.818 0.5555559993
55958  41.518  -1.415  50.723 0.6666669846
104598  40.685  -1.053  50.553 0.6666669846
108670  40.593  -1.675  51.042 0.6666669846
107147  41.453  -1.986  51.180 0.5555559993
57709  37.992  1.653  51.244 0.5555559993
55941  47.162  -1.287  51.159 0.2222220004
55968  47.256  -1.604  50.465 0.1111110002
55942  46.768  -1.890  51.148 0.2222220004
55956  43.466  -1.439  50.766 0.4444440007
56899  40.360  0.110  49.840 0.5555559993
92343  43.973  -1.195  49.876 0.5555559993
55990  42.684  -0.515  49.596 0.5555559993
55991  41.911  -0.503  49.840 0.5555559993
56890  49.025  -0.165  50.767 0.1111110002
55987  48.039  -1.065  50.192 0.1111110002
55100  46.199  -2.213  49.814 0.1111110002
55115  47.483  -1.798  49.829 0.1111110002
55102  44.862  -1.528  49.204 0.4444440007
54358  49.389  -2.492  48.539 0.2222220004
54359  48.525  -2.396  48.866 0.2222220004
54352  47.328  -2.214  49.175 0.2222220004
55126  46.989  -2.075  48.729 0.2222220004
56000  43.883  -0.414  48.725 0.5555559993
56914  42.780  0.101  48.901 0.5555559993
58472  39.432  2.694  50.240 0.4444440007
58481  40.606  2.513  49.397 0.4444440007
54367  50.766  -2.385  47.586 0.1111110002
54366  51.660  -2.110  47.665 0.1111110002
55997  45.992  -1.160  48.199 0.3333329856
54374  52.417  -2.299  46.282 0.1111110002
110636  53.004  -2.338  46.286 0.1111110002
54375  50.536  -2.245  46.652 0.1111110002
54376  50.115  -2.311  47.258 0.1111110002
55135  48.554  -1.631  47.424 0.2222220004
56003  47.199  -0.811  47.497 0.3333329856
56920  44.769  0.313  47.883 0.5555559993
55998  45.478  -0.394  47.939 0.4444440007
57723  43.123  1.754  48.130 0.5555559993
97573  50.858  -2.216  45.815 0.1111110002
55141  49.790  -1.967  46.641 0.2222220004
56926  45.369  0.501  47.589 0.4444440007
59239  41.576  3.795  49.542 0.4444440007
57727  45.676  1.253  47.346 0.5555559993
54399  53.829  -3.092  44.059 0.1111110002
94321  49.592  -1.202  45.964 0.2222220004
58489  45.607  2.250  47.354 0.5555559993
56005  48.975  -0.650  46.375 0.2222220004
56006  48.412  -0.291  46.678 0.3333329856
57732  47.486  0.986  46.850 0.4444440007
54409  53.357  -2.460  43.497 0.1111110002
54398  54.615  -3.259  43.861 0.1111110002
55181  54.962  -2.140  43.080 0.1111110002
93178  53.541  -1.565  42.969 0.4444440007
55182  52.683  -1.898  43.298 0.3333329856
58493  47.680  2.418  46.573 0.4444440007
96523  48.635  1.408  46.024 0.4444440007
94553  51.464  0.152  43.479 0.4444440007
58497  48.892  2.098  45.615 0.4444440007
57743  51.694  1.676  43.360 0.4444440007
59998  48.839  4.830  46.095 0.3333329856
60002  49.233  4.796  45.113 0.2222220004
58507  51.042  2.108  43.586 0.4444440007
61393  50.274  6.662  48.278 0.1111110002
104571  49.598  6.213  47.311 0.1111110002
102521  52.095  4.168  43.218 0.2222220004
62133  50.300  7.360  46.927 0.1111110002
61408  51.399  6.234  43.669 0.1111110002
61407  52.467  6.383  43.629 0.1111110002
60694  53.150  5.728  43.384 0.1111110002
41748  -1.297  -17.004  86.791 0.2222220004
44131  2.520  -14.840  86.957 0.1111110002
95778  14.437  -12.836  79.000 0.1111110002
102989  13.796  -13.071  79.497 0.1111110002
93361  13.003  -12.917  79.035 0.1111110002
45078  13.634  -12.770  78.564 0.1111110002
44128  4.978  -13.784  85.914 0.1111110002
105102  14.319  -13.467  81.371 0.1111110002
45041  13.878  -13.362  80.554 0.1111110002
45057  14.597  -13.201  79.992 0.1111110002
45058  13.180  -13.141  79.847 0.1111110002
104801  11.671  -13.055  80.009 0.1111110002
45060  11.100  -12.931  79.222 0.1111110002
45909  14.254  -12.629  78.024 0.1111110002
92730  13.534  -13.472  81.570 0.1111110002
92729  12.679  -13.393  81.474 0.1111110002
92817  10.641  -12.976  79.807 0.1111110002
45061  9.709  -13.118  79.718 0.1111110002
45062  8.822  -13.413  79.845 0.1111110002
45082  10.263  -13.090  78.804 0.1111110002
50216  37.809  -8.240  59.669 0.3333329856
50217  37.380  -8.159  59.013 0.3333329856
50238  36.998  -7.921  58.310 0.3333329856
50258  35.691  -7.756  57.528 0.4444440007
50240  35.207  -8.266  58.221 0.5555559993
49394  34.290  -8.286  57.972 0.5555559993
50237  37.822  -7.820  58.413 0.3333329856
50255  38.369  -7.515  57.818 0.2222220004
50256  37.494  -7.583  57.632 0.4444440007
50257  36.586  -7.663  57.577 0.5555559993
50259  34.794  -7.806  57.429 0.5555559993
50270  36.144  -7.305  56.848 0.5555559993
50254  39.301  -7.324  58.082 0.2222220004
51145  39.901  -6.553  56.436 0.2222220004
108131  39.406  -6.751  56.565 0.3333329856
51132  38.073  -7.208  56.916 0.3333329856
51133  37.062  -7.243  56.897 0.4444440007
51149  36.559  -6.755  56.271 0.5555559993
51147  38.293  -6.650  56.158 0.4444440007
51148  37.442  -6.729  56.268 0.5555559993
51164  36.931  -6.223  55.755 0.5555559993
97443  35.648  -6.785  56.241 0.5555559993
52008  39.916  -6.186  55.694 0.2222220004
96503  37.199  -5.737  55.255 0.5555559993
109515  36.036  -5.583  55.175 0.5555559993
108251  39.830  -5.870  55.021 0.4444440007
52021  41.393  -5.795  55.417 0.2222220004
52035  41.094  -5.611  54.567 0.4444440007
52818  41.613  -5.185  53.769 0.4444440007
52819  40.641  -5.172  53.855 0.4444440007
52835  42.243  -4.866  53.315 0.2222220004
53584  45.301  -3.422  52.849 0.1111110002
53585  44.279  -3.710  52.809 0.2222220004
53596  45.418  -2.351  51.970 0.1111110002
105361  44.865  -2.441  51.368 0.1111110002
55073  47.479  -1.442  51.836 0.1111110002
57694  37.424  1.814  54.432 0.4444440007
110078  38.223  2.256  54.355 0.4444440007
57698  37.237  1.919  53.361 0.4444440007
58455  38.015  2.565  53.181 0.3333329856
59225  39.620  3.599  51.677 0.2222220004
58460  38.818  3.148  51.940 0.2222220004
40013  0.033  -19.606  89.697 0.1111110002
40017  -0.685  -19.833  88.713 0.1111110002
40985  20.337  -18.858  74.025 0.3333329856
40014  -0.377  -19.986  89.355 0.1111110002
45105  9.733  -13.397  78.158 0.1111110002
97457  11.725  -12.907  79.167 0.1111110002
45080  12.188  -12.809  78.685 0.1111110002
45919  13.551  -12.616  77.747 0.1111110002
50271  35.244  -7.337  56.805 0.5555559993
52023  38.623  -5.695  55.020 0.4444440007
53597  44.590  -2.766  52.224 0.1111110002
97166  46.119  -2.233  51.204 0.1111110002
59224  40.538  4.052  51.306 0.2222220004
100052  36.038  -6.174  55.655 0.5555559993
51163  37.715  -6.217  55.674 0.5555559993
51162  38.486  -6.159  55.526 0.5555559993
45059  12.424  -13.037  79.551 0.1111110002
93702  12.770  -13.268  80.585 0.1111110002
50239  36.145  -8.061  58.251 0.3333329856
108584  35.820  -8.503  58.870 0.3333329856
95736  38.854  -7.203  57.318 0.2222220004
51146  39.171  -6.512  56.017 0.3333329856
51131  39.584  -6.910  57.144 0.2222220004
51130  40.461  -6.575  57.061 0.2222220004
93322  38.905  -6.906  56.677 0.3333329856
106964  36.566  -5.802  55.337 0.5555559993
52007  40.743  -6.140  56.178 0.2222220004
52020  42.274  -5.562  55.638 0.1111110002
52034  42.012  -5.520  54.705 0.2222220004
52817  42.564  -5.122  54.009 0.2222220004
52833  43.882  -4.461  53.363 0.1111110002
38585  16.050  -21.528  77.430 0.1111110002
41904  22.510  -17.648  75.868 0.1111110002
110584  22.316  -18.085  76.518 0.1111110002
110672  21.642  -18.612  77.725 0.1111110002
40068  17.932  -19.203  81.545 0.1111110002
41905  21.995  -18.103  75.319 0.1111110002
40932  21.795  -18.468  76.822 0.2222220004
40913  20.623  -18.718  77.664 0.2222220004
40886  20.052  -18.440  79.276 0.1111110002
41846  19.389  -18.129  79.882 0.1111110002
41829  18.267  -18.213  80.787 0.1111110002
40858  18.045  -18.739  81.466 0.1111110002
41915  22.022  -17.885  74.660 0.2222220004
40933  21.211  -18.701  76.386 0.2222220004
40914  19.691  -18.639  77.488 0.2222220004
40900  18.994  -18.251  78.231 0.1111110002
41864  19.206  -18.170  79.124 0.1111110002
40952  20.473  -18.810  75.962 0.2222220004
39323  15.574  -20.360  79.070 0.1111110002
39322  16.472  -20.132  79.357 0.1111110002
40069  17.054  -19.069  80.811 0.1111110002
41848  17.598  -17.951  79.910 0.1111110002
41830  17.192  -18.221  80.445 0.1111110002
94385  18.730  -18.496  77.373 0.1111110002
41881  18.083  -18.071  78.147 0.1111110002
98431  17.383  -17.891  78.995 0.1111110002
44147  5.362  -14.294  84.398 0.1111110002
40086  15.150  -19.597  79.621 0.1111110002
40085  15.912  -19.613  79.677 0.1111110002
39310  16.677  -19.498  80.250 0.1111110002
40077  15.984  -18.968  80.200 0.1111110002
40869  16.679  -18.508  80.474 0.1111110002
41882  17.190  -18.021  78.065 0.1111110002
40078  15.030  -19.076  79.771 0.1111110002
40870  15.904  -18.684  80.037 0.1111110002
41831  16.331  -18.226  79.999 0.1111110002
106548  16.760  -17.974  79.725 0.1111110002
41866  16.498  -17.895  78.849 0.1111110002
44146  5.921  -13.965  84.044 0.1111110002
50035  25.034  -6.147  72.023 0.1111110002
49206  24.210  -6.495  70.852 0.1111110002
49355  36.947  -8.519  59.718 0.2222220004
111562  36.232  -8.613  59.408 0.2222220004
49371  36.595  -8.337  58.916 0.2222220004
49384  35.069  -8.672  59.006 0.3333329856
50236  38.597  -7.714  58.665 0.1111110002
99986  38.053  -7.984  59.064 0.2222220004
102696  27.136  -6.222  68.215 0.1111110002
51027  27.080  -5.884  67.471 0.2222220004
52696  27.535  -4.266  67.190 0.2222220004
52834  42.991  -4.693  53.298 0.1111110002
56863  37.845  1.044  56.090 0.1111110002
40915  17.824  -18.388  77.339 0.1111110002
50036  24.270  -6.290  71.725 0.1111110002
42751  22.771  -16.833  75.390 0.1111110002
40969  21.492  -18.405  74.777 0.2222220004
40934  20.441  -18.769  76.841 0.2222220004
40951  21.316  -18.615  75.578 0.2222220004
38569  16.127  -21.223  77.920 0.1111110002
41914  22.444  -17.445  75.012 0.1111110002
41896  21.912  -18.347  76.074 0.1111110002
101382  22.399  -18.169  77.187 0.1111110002
105329  21.164  -18.709  77.076 0.2222220004
40897  21.911  -18.661  78.848 0.1111110002
39309  17.530  -19.609  80.914 0.1111110002
39298  18.090  -19.797  81.568 0.1111110002
108988  17.637  -18.766  81.252 0.1111110002
40898  20.843  -18.737  78.558 0.1111110002
40899  19.906  -18.525  78.371 0.1111110002
41847  18.509  -18.013  80.051 0.1111110002
97804  17.990  -18.056  80.398 0.1111110002
41814  17.829  -18.386  80.938 0.1111110002
40868  17.417  -18.530  80.959 0.1111110002
41865  18.299  -17.974  79.071 0.1111110002
39337  16.312  -20.727  78.618 0.1111110002
39338  15.674  -20.969  78.395 0.1111110002
39336  16.989  -20.611  78.989 0.1111110002
38545  17.410  -20.253  79.859 0.1111110002
41849  15.885  -18.022  79.335 0.1111110002
49269  32.402  -9.098  67.928 0.1111110002
49270  32.158  -8.940  67.038 0.1111110002
49287  32.526  -7.964  65.548 0.2222220004
55012  37.935  -0.904  58.479 0.1111110002
55022  38.125  -0.482  58.042 0.1111110002
97470  38.734  3.073  52.974 0.2222220004
59237  42.887  4.250  49.083 0.2222220004
98935  43.000  4.981  49.823 0.2222220004
59976  42.581  4.914  50.512 0.1111110002
95538  43.646  4.835  49.300 0.2222220004
59990  44.396  4.735  48.876 0.2222220004
59245  43.644  3.908  48.510 0.2222220004
59251  44.961  3.421  47.856 0.3333329856
59989  45.182  4.657  48.598 0.2222220004
59243  45.436  4.075  48.026 0.2222220004
95284  46.012  4.759  48.436 0.1111110002
59988  46.833  4.902  48.246 0.1111110002
59994  47.153  4.391  47.535 0.2222220004
55194  55.289  -1.212  42.741 0.2222220004
56060  54.426  -0.835  42.795 0.2222220004
60668  47.940  5.942  49.417 0.1111110002
60676  47.369  5.539  48.799 0.1111110002
56059  55.158  -0.305  42.601 0.2222220004
56951  55.101  0.492  42.523 0.3333329856
94570  54.901  1.246  42.522 0.3333329856
59986  48.248  5.407  47.992 0.1111110002
96182  47.819  4.880  47.549 0.2222220004
56952  54.431  0.079  42.687 0.2222220004
56940  53.683  0.617  42.836 0.3333329856
104918  54.511  0.835  42.670 0.3333329856
57741  54.115  1.548  42.845 0.3333329856
57746  55.185  1.561  42.231 0.2222220004
59993  48.280  5.045  47.314 0.3333329856
57747  54.650  1.981  42.583 0.3333329856
57740  54.171  2.349  42.851 0.3333329856
58503  54.389  2.736  42.615 0.2222220004
59263  54.112  3.704  42.588 0.1111110002
60004  53.889  4.679  42.794 0.1111110002
60014  54.214  4.580  42.377 0.1111110002
60703  54.386  5.378  42.057 0.1111110002
60711  54.516  5.351  41.137 0.1111110002
98716  54.409  3.887  42.072 0.1111110002
61413  54.369  6.339  42.418 0.1111110002
60692  54.095  5.476  42.689 0.1111110002
60693  53.770  5.578  43.086 0.1111110002
61419  54.605  6.659  41.571 0.1111110002
99528  54.506  6.007  41.615 0.1111110002
109475  46.247  2.767  47.210 0.3333329856
59249  46.575  3.532  47.278 0.3333329856
59248  47.195  3.714  47.003 0.2222220004
59244  44.624  3.987  48.251 0.3333329856
59983  44.401  5.383  49.810 0.2222220004
98655  44.994  5.193  49.205 0.2222220004
59242  46.282  4.212  47.791 0.2222220004
59987  47.599  5.169  48.101 0.1111110002
60675  48.131  5.659  48.674 0.1111110002
56950  55.522  0.838  42.184 0.2222220004
40752  4.530  -18.394  90.757 0.1111110002
104634  3.816  -18.577  91.114 0.1111110002
41725  4.425  -18.104  90.251 0.1111110002
40753  3.533  -18.434  90.660 0.1111110002
41731  3.666  -18.268  90.029 0.1111110002
40747  3.081  -18.741  91.122 0.1111110002
40748  2.282  -19.035  91.058 0.1111110002
40005  2.807  -19.325  91.362 0.1111110002
41726  2.775  -18.602  90.272 0.1111110002
93290  1.926  -18.897  90.412 0.1111110002
40755  1.265  -19.243  90.416 0.1111110002
50083  27.723  -6.101  70.020 0.1111110002
55827  29.570  -0.502  65.901 0.1111110002
55814  30.906  -0.100  67.766 0.1111110002
55826  30.057  -0.339  66.526 0.1111110002
54963  28.884  -0.686  64.810 0.1111110002
54972  32.081  -0.187  63.246 0.1111110002
57688  38.197  1.578  55.379 0.1111110002
57693  39.019  1.934  55.299 0.1111110002
99383  38.730  2.772  53.809 0.1111110002
54416  56.483  -2.318  41.488 0.1111110002
54423  56.625  -2.104  40.828 0.1111110002
56080  56.237  -0.542  41.679 0.1111110002
105380  55.646  0.070  42.306 0.1111110002
50055  27.627  -5.892  71.062 0.1111110002
49257  27.351  -6.266  69.037 0.1111110002
55864  31.130  -0.016  63.398 0.1111110002
108881  31.622  -0.371  62.738 0.1111110002
109902  55.658  -0.577  42.398 0.1111110002
40746  4.361  -18.747  91.238 0.1111110002
40754  2.579  -18.764  90.773 0.1111110002
98644  1.910  -19.036  90.744 0.1111110002
40009  1.491  -19.495  90.836 0.1111110002
54959  28.942  -0.897  65.696 0.1111110002
55825  30.891  0.068  66.896 0.1111110002
55815  30.211  -0.514  67.476 0.1111110002
55840  29.576  -0.309  65.068 0.1111110002
55193  55.969  -1.164  42.233 0.1111110002
55192  56.453  -1.469  41.431 0.1111110002
55201  56.642  -1.504  40.419 0.1111110002
56058  55.955  -0.379  42.124 0.1111110002
44124  1.068  -14.521  87.796 0.1111110002
44125  0.165  -14.739  87.646 0.1111110002
102211  -0.648  -14.894  87.377 0.1111110002
51894  27.382  -5.394  67.657 0.1111110002
51015  27.752  -5.397  68.312 0.1111110002
51882  28.386  -4.785  68.814 0.1111110002
51893  27.786  -4.673  67.866 0.1111110002
50194  37.548  -8.423  60.409 0.1111110002
52695  27.951  -3.849  67.597 0.1111110002
105753  38.219  -8.169  60.248 0.1111110002
50193  38.943  -7.923  60.585 0.1111110002
50215  38.629  -7.918  59.591 0.1111110002
43400  -1.077  -15.557  87.105 0.1111110002
43401  -1.409  -15.664  86.765 0.1111110002
51016  27.283  -5.888  67.971 0.1111110002
52806  42.981  -5.220  54.993 0.1111110002
57021  50.905  0.990  38.862 0.1111110002
57800  51.439  1.657  38.581 0.1111110002
56989  56.139  0.459  40.153 0.1111110002
57769  55.671  1.291  40.624 0.1111110002
57016  55.264  0.407  38.638 0.1111110002
57783  55.637  1.096  39.659 0.1111110002
58529  55.194  2.196  40.733 0.1111110002
101660  54.854  1.214  38.657 0.1111110002
100546  54.050  1.301  38.457 0.1111110002
57019  52.656  0.700  38.553 0.1111110002
57007  50.229  1.087  39.248 0.1111110002
57008  49.599  1.079  39.626 0.1111110002
57798  54.318  2.020  38.609 0.1111110002
100244  52.487  1.643  38.432 0.1111110002
56081  55.982  0.192  41.893 0.1111110002
100089  55.789  0.876  41.506 0.1111110002
57752  55.364  1.729  41.595 0.1111110002
57784  54.967  1.752  39.162 0.1111110002
58542  55.212  1.925  39.911 0.1111110002
58516  54.932  2.620  41.501 0.1111110002
58509  54.870  2.273  42.189 0.1111110002
57770  48.560  1.452  40.227 0.1111110002
57786  49.886  1.688  39.307 0.1111110002
57799  53.477  1.951  38.411 0.1111110002
58557  52.885  2.556  38.336 0.1111110002
58558  51.989  2.410  38.432 0.1111110002
58556  53.696  2.815  38.474 0.1111110002
60680  48.873  5.636  47.898 0.1111110002
58517  54.570  3.115  42.123 0.1111110002
58555  54.408  2.684  38.899 0.1111110002
58530  54.931  2.756  40.011 0.1111110002
111130  55.516  1.259  41.933 0.1111110002
100470  50.546  0.465  39.416 0.1111110002
110909  55.974  0.684  40.844 0.1111110002
57017  54.514  0.668  38.524 0.1111110002
103454  53.276  1.249  38.447 0.1111110002
56970  56.215  0.113  41.065 0.1111110002
57797  55.519  0.849  39.041 0.1111110002
59278  54.874  2.932  40.746 0.1111110002
58543  54.782  2.503  39.440 0.1111110002
59299  54.541  3.338  39.305 0.1111110002
42805  17.895  -16.544  68.749 0.8888890147
43516  22.820  -15.569  72.643 0.1111110002
44219  17.151  -13.448  74.616 0.1111110002
47576  17.100  -11.244  73.905 0.2222220004
48412  16.690  -9.737  73.506 0.2222220004
48424  16.525  -9.193  72.267 0.3333329856
48467  24.265  -7.619  67.192 0.4444440007
49213  16.762  -7.853  70.770 0.3333329856
49247  20.584  -6.522  69.251 0.4444440007
50043  16.750  -6.921  71.842 0.3333329856
51829  17.076  -4.985  74.091 0.1111110002
51835  17.465  -5.255  73.243 0.2222220004
52643  16.722  -4.804  75.122 0.1111110002
54994  32.913  -1.279  61.648 0.1111110002
95333  16.690  -8.635  69.849 0.4444440007
99566  28.240  -7.122  60.164 1.0000000000
99880  17.414  -12.699  74.611 0.1111110002
103839  23.670  -12.950  73.258 0.1111110002
106566  16.859  -8.619  69.161 0.6666669846
107420  16.865  -4.867  74.631 0.1111110002
109564  33.782  -9.138  60.652 0.6666669846
110253  18.471  -16.289  67.744 0.8888890147
111223  30.192  -8.222  62.046 0.7777780294
