#!ascii label  , from subject sub-fsm90ao vox2ras=TkReg
557
45807  17.689  -12.869  11.000 0.0000000000
50781  27.384  -8.103  8.491 0.0000000000
58868  25.959  2.907  5.276 0.0000000000
55592  19.670  -1.037  4.830 0.0000000000
41709  20.063  -18.122  12.632 0.0000000000
43383  24.505  -16.506  10.937 0.0000000000
97644  22.193  -10.543  8.149 0.0000000000
52507  21.371  -5.858  6.139 0.0000000000
55545  26.302  -1.938  7.209 0.0000000000
56503  29.222  -0.417  1.434 0.0000000000
61754  26.786  7.224  3.205 0.0000000000
44103  18.520  -15.225  11.656 0.0000000000
41716  22.512  -17.826  11.675 0.0000000000
93179  21.213  -15.145  10.386 0.0000000000
50798  18.712  -6.497  7.826 0.0000000000
53301  18.196  -4.130  7.136 0.0000000000
57371  22.729  0.357  3.979 0.0000000000
55577  23.584  -1.679  5.127 0.0000000000
57349  25.780  0.783  6.268 0.0000000000
56471  28.717  -0.512  5.494 0.0000000000
58128  28.225  1.882  4.930 0.0000000000
108930  23.246  9.062  2.425 0.0000000000
62513  22.923  7.453  2.431 0.0000000000
63263  26.726  8.899  2.008 0.0000000000
96193  24.436  -9.777  9.096 0.0000000000
101099  25.965  -12.634  9.239 0.0000000000
48236  27.911  -11.093  8.212 0.0000000000
58884  22.679  2.809  3.411 0.0000000000
97713  29.312  -6.233  6.859 0.0000000000
48233  17.405  -10.063  9.721 0.0000000000
97522  20.118  -11.627  8.925 0.0000000000
49061  19.332  -8.869  8.207 0.0000000000
50795  21.879  -7.852  7.081 0.0000000000
51665  24.278  -6.804  7.701 0.0000000000
54069  20.752  -3.097  5.053 0.0000000000
54045  23.602  -4.103  5.770 0.0000000000
53267  27.205  -4.599  8.289 0.0000000000
54799  29.155  -3.135  5.896 0.0000000000
105919  22.923  4.991  2.827 0.0000000000
111282  25.948  4.888  4.500 0.0000000000
63276  27.846  8.535  -0.516 0.0000000000
101363  28.130  6.021  1.094 0.0000000000
110571  28.359  3.645  3.073 0.0000000000
58904  28.305  1.670  0.783 0.0000000000
45814  22.851  -13.586  9.395 0.0000000000
47438  16.724  -11.355  10.896 0.0000000000
46636  16.773  -12.683  11.515 0.0000000000
45798  17.985  -13.748  11.222 0.0000000000
44951  19.557  -14.725  10.765 0.0000000000
45805  19.313  -13.471  10.276 0.0000000000
58129  24.552  1.776  4.947 0.0000000000
57361  24.088  0.819  4.991 0.0000000000
95065  26.181  1.628  6.036 0.0000000000
58114  27.179  1.767  6.033 0.0000000000
58851  27.513  2.415  5.462 0.0000000000
64040  25.560  10.101  1.968 0.0000000000
98693  24.776  9.575  2.392 0.0000000000
64822  26.210  10.408  1.269 0.0000000000
102470  25.418  -8.180  8.814 0.0000000000
49037  26.311  -10.734  9.142 0.0000000000
49896  27.539  -9.106  8.432 0.0000000000
58885  21.531  2.140  3.283 0.0000000000
105022  21.144  2.914  3.027 0.0000000000
108624  18.235  -16.713  12.676 0.0000000000
41690  18.493  -18.169  13.394 0.0000000000
40704  20.069  -19.232  13.300 0.0000000000
40702  21.738  -19.718  13.056 0.0000000000
42663  23.370  -17.537  11.442 0.0000000000
41706  23.498  -18.707  12.188 0.0000000000
49039  18.076  -9.564  9.126 0.0000000000
49901  17.988  -8.196  8.789 0.0000000000
51688  20.147  -6.019  6.763 0.0000000000
50797  20.201  -7.429  7.406 0.0000000000
50804  21.498  -7.054  6.802 0.0000000000
110031  22.843  -7.442  6.956 0.0000000000
51685  22.746  -6.153  6.133 0.0000000000
94289  19.120  -2.435  5.749 0.0000000000
54828  20.365  -2.353  4.973 0.0000000000
55576  24.383  -1.631  5.854 0.0000000000
54803  23.948  -3.140  5.874 0.0000000000
93818  24.633  -3.186  6.520 0.0000000000
53283  24.671  -4.485  7.088 0.0000000000
54029  26.953  -3.247  7.967 0.0000000000
54027  28.607  -3.894  7.371 0.0000000000
55543  28.096  -2.171  7.138 0.0000000000
56495  29.033  -0.309  3.321 0.0000000000
55587  29.450  -1.920  3.852 0.0000000000
62497  24.842  7.623  3.190 0.0000000000
61756  23.042  6.385  2.572 0.0000000000
107111  24.079  6.003  3.270 0.0000000000
61048  24.511  5.200  3.791 0.0000000000
61745  25.850  6.435  3.880 0.0000000000
61069  28.297  4.966  2.052 0.0000000000
59651  27.712  3.250  0.149 0.0000000000
100775  28.256  2.568  1.288 0.0000000000
47444  20.931  -11.724  8.676 0.0000000000
45815  21.464  -13.140  9.223 0.0000000000
46659  22.398  -12.055  8.783 0.0000000000
46649  27.151  -13.303  8.810 0.0000000000
45811  26.036  -13.711  9.293 0.0000000000
44091  17.201  -15.318  12.533 0.0000000000
43386  18.823  -16.409  12.126 0.0000000000
41708  20.938  -18.225  12.372 0.0000000000
43385  20.227  -16.631  11.640 0.0000000000
43394  21.540  -16.190  10.908 0.0000000000
44114  22.751  -15.615  10.339 0.0000000000
51666  17.646  -6.050  8.239 0.0000000000
52498  18.021  -5.385  7.738 0.0000000000
53299  20.027  -4.667  6.233 0.0000000000
56486  21.743  -0.775  3.941 0.0000000000
55590  21.217  -1.539  4.297 0.0000000000
96262  22.681  -0.596  4.144 0.0000000000
56472  24.158  -0.914  5.489 0.0000000000
56452  26.249  -0.667  6.720 0.0000000000
55562  27.717  -1.361  6.908 0.0000000000
57330  27.624  0.141  6.438 0.0000000000
58112  28.417  1.116  5.118 0.0000000000
57370  28.830  0.426  3.088 0.0000000000
62514  21.850  8.042  2.558 0.0000000000
63255  22.906  8.498  2.422 0.0000000000
96825  24.706  8.296  2.861 0.0000000000
63251  26.966  8.183  2.297 0.0000000000
92645  23.183  -9.773  8.323 0.0000000000
47442  23.879  -11.798  9.266 0.0000000000
48230  24.757  -11.173  9.438 0.0000000000
47440  26.304  -12.091  9.113 0.0000000000
56489  19.760  -0.207  4.547 0.0000000000
57373  21.578  0.669  3.590 0.0000000000
58142  22.746  1.270  3.818 0.0000000000
102590  24.501  3.163  4.463 0.0000000000
40721  23.050  -19.252  12.617 0.0000000000
51661  28.344  -7.049  8.003 0.0000000000
107316  28.925  -8.968  7.311 0.0000000000
102919  17.422  -11.488  10.429 0.0000000000
46656  19.089  -12.334  9.748 0.0000000000
48232  18.712  -10.977  9.315 0.0000000000
47455  19.687  -10.837  8.739 0.0000000000
48245  21.086  -10.421  8.054 0.0000000000
49909  19.560  -7.997  7.866 0.0000000000
49908  20.506  -8.427  7.585 0.0000000000
49058  21.930  -9.332  7.597 0.0000000000
49905  23.201  -8.834  7.839 0.0000000000
50784  23.805  -8.267  8.046 0.0000000000
103339  25.504  -7.267  8.573 0.0000000000
54046  18.663  -3.463  6.500 0.0000000000
53311  20.638  -4.533  5.746 0.0000000000
54068  21.633  -3.069  4.686 0.0000000000
54058  22.288  -3.711  4.904 0.0000000000
53298  22.628  -5.468  5.707 0.0000000000
110174  23.835  -5.641  6.607 0.0000000000
52482  25.560  -5.781  8.225 0.0000000000
101138  27.034  -6.178  8.481 0.0000000000
52479  28.066  -5.180  8.163 0.0000000000
53278  29.233  -4.466  6.555 0.0000000000
55560  28.976  -2.280  5.808 0.0000000000
59631  22.845  3.570  3.235 0.0000000000
59620  24.204  3.843  4.137 0.0000000000
59618  26.188  3.791  4.923 0.0000000000
63272  27.692  8.643  0.626 0.0000000000
106344  27.481  7.806  1.841 0.0000000000
62528  28.029  7.015  0.381 0.0000000000
61753  27.376  6.670  3.042 0.0000000000
61743  27.304  6.040  3.629 0.0000000000
60348  27.663  4.764  4.024 0.0000000000
59617  27.201  3.708  4.979 0.0000000000
96358  28.300  2.644  3.909 0.0000000000
58155  28.448  1.311  1.826 0.0000000000
58162  28.633  0.709  0.735 0.0000000000
45804  20.115  -13.603  9.952 0.0000000000
44959  22.573  -14.337  9.743 0.0000000000
44113  23.698  -15.408  10.331 0.0000000000
106653  24.731  -13.152  9.396 0.0000000000
44946  25.031  -14.696  9.867 0.0000000000
46645  17.070  -12.111  10.945 0.0000000000
105195  16.438  -12.020  11.394 0.0000000000
45799  17.165  -13.456  11.613 0.0000000000
44952  18.859  -14.111  10.824 0.0000000000
45806  18.552  -13.291  10.618 0.0000000000
58869  24.984  2.587  4.890 0.0000000000
58115  25.569  2.111  5.455 0.0000000000
58852  26.575  2.364  5.687 0.0000000000
58867  26.879  3.091  5.325 0.0000000000
50782  26.402  -7.594  8.717 0.0000000000
49897  26.560  -8.600  8.858 0.0000000000
104992  18.750  -17.487  12.833 0.0000000000
106559  18.131  -17.360  13.147 0.0000000000
41710  19.297  -18.148  12.932 0.0000000000
41689  19.290  -18.835  13.375 0.0000000000
40725  19.838  -18.631  13.022 0.0000000000
40703  20.878  -19.522  13.142 0.0000000000
40724  20.520  -18.791  12.868 0.0000000000
43384  23.686  -16.701  11.054 0.0000000000
42650  23.853  -18.087  11.786 0.0000000000
42662  24.162  -17.302  11.409 0.0000000000
42661  24.913  -17.066  11.421 0.0000000000
49890  17.635  -8.691  9.147 0.0000000000
50787  17.205  -7.827  9.150 0.0000000000
51687  21.034  -6.287  6.496 0.0000000000
51686  21.752  -6.483  6.397 0.0000000000
107205  22.300  -6.531  6.359 0.0000000000
52506  22.003  -5.890  5.918 0.0000000000
54829  19.769  -1.877  5.141 0.0000000000
55591  20.398  -1.743  4.703 0.0000000000
54801  25.490  -2.113  6.821 0.0000000000
54802  24.656  -2.396  6.310 0.0000000000
111322  25.880  -2.530  7.255 0.0000000000
54030  25.905  -3.264  7.580 0.0000000000
54786  26.622  -2.564  7.575 0.0000000000
54785  27.583  -2.697  7.596 0.0000000000
55544  27.229  -1.946  7.354 0.0000000000
57369  29.030  -0.212  2.338 0.0000000000
56494  29.376  -0.961  2.289 0.0000000000
62496  25.886  7.291  3.488 0.0000000000
61746  24.957  6.732  3.487 0.0000000000
61744  26.654  6.649  3.622 0.0000000000
60398  27.577  4.107  -0.170 0.0000000000
48241  21.559  -10.983  8.288 0.0000000000
47454  21.730  -11.853  8.630 0.0000000000
47453  22.417  -11.265  8.504 0.0000000000
45809  27.414  -13.763  8.925 0.0000000000
44954  26.953  -14.235  9.210 0.0000000000
44104  17.730  -14.924  11.995 0.0000000000
44105  16.944  -14.559  12.256 0.0000000000
43387  18.099  -15.783  12.237 0.0000000000
93471  18.830  -15.825  11.782 0.0000000000
98934  19.468  -16.187  11.691 0.0000000000
44117  20.286  -15.287  10.751 0.0000000000
44116  20.981  -15.801  10.804 0.0000000000
43393  22.305  -16.227  10.810 0.0000000000
53284  17.349  -4.137  7.253 0.0000000000
97178  17.503  -4.704  7.524 0.0000000000
52510  18.629  -4.885  7.192 0.0000000000
96677  19.196  -4.360  6.603 0.0000000000
56496  22.068  0.011  3.737 0.0000000000
57362  23.382  0.065  4.545 0.0000000000
57350  24.823  0.393  5.772 0.0000000000
57351  24.060  -0.122  5.253 0.0000000000
102565  24.629  -0.331  5.839 0.0000000000
56454  24.821  -0.907  6.142 0.0000000000
57332  25.424  -0.168  6.380 0.0000000000
57331  26.609  0.212  6.578 0.0000000000
58113  27.862  1.664  5.590 0.0000000000
58127  28.552  1.158  4.052 0.0000000000
64032  23.597  9.692  2.404 0.0000000000
102513  22.687  9.249  2.498 0.0000000000
64031  25.852  9.302  2.314 0.0000000000
63253  25.181  8.809  2.669 0.0000000000
62511  25.530  8.124  3.123 0.0000000000
110111  23.790  -9.765  8.756 0.0000000000
48238  23.970  -10.358  9.088 0.0000000000
98557  27.170  -10.609  8.642 0.0000000000
48237  27.125  -11.319  8.672 0.0000000000
46658  27.591  -12.738  8.585 0.0000000000
57363  19.274  0.270  4.765 0.0000000000
57375  20.051  0.663  4.292 0.0000000000
56498  20.485  -0.068  4.170 0.0000000000
57374  20.759  0.679  3.781 0.0000000000
100311  22.329  2.079  3.435 0.0000000000
58143  21.940  1.356  3.444 0.0000000000
58883  23.123  2.191  3.886 0.0000000000
59621  23.535  3.114  3.892 0.0000000000
42651  21.486  -17.570  11.788 0.0000000000
41707  21.891  -18.396  12.233 0.0000000000
97621  22.757  -18.620  12.164 0.0000000000
101194  23.959  -19.620  13.255 0.0000000000
51676  28.932  -6.915  7.180 0.0000000000
48223  16.957  -10.640  10.357 0.0000000000
47447  17.833  -10.897  9.847 0.0000000000
108128  18.902  -9.473  8.639 0.0000000000
48243  18.884  -10.186  8.887 0.0000000000
49051  19.761  -9.783  8.318 0.0000000000
49050  20.432  -10.354  8.241 0.0000000000
107172  18.024  -6.825  8.360 0.0000000000
50785  18.731  -7.345  8.109 0.0000000000
106952  19.409  -7.156  7.666 0.0000000000
50796  21.101  -7.692  7.198 0.0000000000
49907  21.479  -8.579  7.402 0.0000000000
49906  22.211  -8.572  7.387 0.0000000000
49057  22.611  -9.167  7.706 0.0000000000
108469  22.715  -8.520  7.464 0.0000000000
51677  23.482  -7.035  7.081 0.0000000000
50792  23.836  -7.534  7.685 0.0000000000
50783  24.577  -7.556  8.300 0.0000000000
51664  25.085  -6.610  8.260 0.0000000000
54816  19.844  -2.624  5.385 0.0000000000
54061  19.377  -3.077  5.859 0.0000000000
54060  20.176  -3.431  5.532 0.0000000000
53300  19.815  -3.915  6.002 0.0000000000
94253  20.785  -3.912  5.347 0.0000000000
55578  22.775  -2.091  4.576 0.0000000000
54826  21.890  -2.289  4.377 0.0000000000
54057  23.127  -3.488  5.205 0.0000000000
53308  22.837  -4.282  5.273 0.0000000000
53309  22.061  -4.447  5.125 0.0000000000
53297  23.202  -4.890  5.689 0.0000000000
52505  23.329  -5.576  6.112 0.0000000000
53296  23.948  -4.857  6.357 0.0000000000
53282  25.511  -4.217  7.683 0.0000000000
52495  25.123  -5.089  7.717 0.0000000000
53268  26.135  -4.935  8.285 0.0000000000
52481  26.377  -5.756  8.420 0.0000000000
52480  27.140  -5.449  8.394 0.0000000000
96372  27.951  -6.159  8.272 0.0000000000
54043  28.935  -3.475  6.650 0.0000000000
54042  29.373  -3.868  5.964 0.0000000000
53294  29.916  -4.547  5.559 0.0000000000
54056  29.699  -3.695  5.234 0.0000000000
56450  28.242  -0.695  6.369 0.0000000000
55561  28.455  -1.721  6.462 0.0000000000
55575  28.834  -1.378  5.682 0.0000000000
110041  22.312  6.202  2.518 0.0000000000
110377  23.278  5.622  2.868 0.0000000000
61059  22.580  5.673  2.600 0.0000000000
60370  22.067  5.032  2.555 0.0000000000
60363  22.475  4.272  2.805 0.0000000000
59637  21.984  3.530  2.830 0.0000000000
60362  23.256  4.366  3.220 0.0000000000
61036  25.453  5.167  4.267 0.0000000000
60361  23.981  4.487  3.736 0.0000000000
60352  24.777  4.523  4.245 0.0000000000
59619  25.086  3.850  4.570 0.0000000000
60351  25.630  4.473  4.537 0.0000000000
64045  27.626  9.512  0.058 0.0000000000
63262  27.368  8.410  1.540 0.0000000000
62523  27.882  7.696  1.060 0.0000000000
61775  27.774  6.020  0.142 0.0000000000
61786  27.665  6.693  -0.546 0.0000000000
61766  28.097  6.805  1.111 0.0000000000
94311  27.951  6.555  2.051 0.0000000000
61058  27.973  5.780  2.747 0.0000000000
60384  28.287  4.165  2.043 0.0000000000
61057  28.288  4.884  2.839 0.0000000000
60360  28.125  4.657  3.459 0.0000000000
59616  27.523  4.192  4.469 0.0000000000
59630  28.145  4.017  3.729 0.0000000000
58882  27.919  3.389  4.414 0.0000000000
96549  28.333  3.063  3.228 0.0000000000
58894  28.375  2.302  2.029 0.0000000000
108976  19.728  -12.149  9.362 0.0000000000
46655  19.730  -12.840  9.679 0.0000000000
45816  20.618  -13.022  9.403 0.0000000000
110666  22.195  -13.187  9.128 0.0000000000
107075  21.931  -13.771  9.481 0.0000000000
44948  23.208  -14.893  10.034 0.0000000000
44958  23.733  -14.086  9.752 0.0000000000
97433  24.567  -11.692  9.427 0.0000000000
46651  23.889  -12.556  9.296 0.0000000000
101136  24.917  -12.434  9.416 0.0000000000
44944  26.525  -14.642  9.654 0.0000000000
44956  25.577  -14.201  9.552 0.0000000000
44945  25.771  -14.786  9.786 0.0000000000
44112  25.147  -15.157  10.093 0.0000000000
44939  17.441  -14.201  11.741 0.0000000000
44938  18.229  -14.499  11.458 0.0000000000
44102  19.378  -15.432  11.306 0.0000000000
44937  18.905  -14.802  11.210 0.0000000000
44950  20.484  -14.454  10.272 0.0000000000
94559  23.301  0.800  4.323 0.0000000000
58116  25.147  1.270  5.610 0.0000000000
57348  26.807  1.060  6.381 0.0000000000
104004  24.494  10.406  2.066 0.0000000000
64039  26.473  9.635  1.656 0.0000000000
49898  24.843  -9.036  9.036 0.0000000000
49047  25.508  -9.833  9.233 0.0000000000
103443  25.782  -9.062  9.088 0.0000000000
49046  26.687  -9.726  8.883 0.0000000000
49045  27.749  -10.083  8.313 0.0000000000
58895  21.933  2.816  3.080 0.0000000000
43372  17.433  -16.124  12.808 0.0000000000
42655  16.946  -16.358  13.282 0.0000000000
42654  17.525  -16.850  13.217 0.0000000000
42630  17.622  -17.633  13.632 0.0000000000
39959  20.750  -20.751  13.940 0.0000000000
39973  21.243  -20.261  13.448 0.0000000000
39972  22.089  -20.424  13.395 0.0000000000
108912  22.103  -17.286  11.463 0.0000000000
111142  23.221  -18.210  11.791 0.0000000000
49040  17.149  -9.192  9.611 0.0000000000
49052  18.446  -8.837  8.704 0.0000000000
51679  19.730  -6.601  7.298 0.0000000000
50805  20.672  -6.829  6.984 0.0000000000
50794  22.490  -7.937  7.175 0.0000000000
50803  22.239  -7.190  6.735 0.0000000000
51678  22.846  -6.825  6.564 0.0000000000
52497  23.398  -6.252  6.542 0.0000000000
54817  19.263  -2.044  5.510 0.0000000000
54814  23.347  -2.622  5.143 0.0000000000
54813  23.980  -2.295  5.665 0.0000000000
54044  24.319  -3.901  6.436 0.0000000000
54031  25.008  -3.635  7.070 0.0000000000
53281  26.470  -3.997  8.107 0.0000000000
105741  27.338  -3.886  8.155 0.0000000000
54028  27.894  -3.469  7.818 0.0000000000
54784  28.380  -3.013  7.269 0.0000000000
54800  28.686  -2.606  6.595 0.0000000000
56485  28.944  -0.388  4.453 0.0000000000
56470  29.071  -1.216  4.679 0.0000000000
56484  29.256  -1.094  3.560 0.0000000000
55601  29.730  -1.776  2.763 0.0000000000
61755  23.992  7.010  2.850 0.0000000000
61049  23.658  5.118  3.313 0.0000000000
61047  25.126  5.901  3.849 0.0000000000
105638  25.879  5.793  4.183 0.0000000000
61083  27.865  5.144  0.512 0.0000000000
61070  28.190  5.495  1.579 0.0000000000
60385  28.088  4.348  1.020 0.0000000000
59636  28.325  3.304  2.245 0.0000000000
59650  28.173  3.324  1.159 0.0000000000
59657  27.951  2.432  0.388 0.0000000000
46654  21.161  -12.446  8.956 0.0000000000
46653  21.956  -12.594  8.891 0.0000000000
46652  22.877  -12.750  9.059 0.0000000000
99937  26.418  -13.249  9.073 0.0000000000
46650  25.626  -13.167  9.302 0.0000000000
45810  26.739  -13.769  9.055 0.0000000000
44955  26.298  -14.198  9.402 0.0000000000
43371  18.950  -16.991  12.443 0.0000000000
42653  19.470  -17.507  12.488 0.0000000000
42652  20.362  -17.420  12.068 0.0000000000
92254  20.929  -16.972  11.574 0.0000000000
44101  20.210  -15.951  11.244 0.0000000000
43395  20.916  -16.407  11.203 0.0000000000
100390  21.707  -16.801  11.257 0.0000000000
42664  22.706  -16.933  11.182 0.0000000000
43392  23.217  -16.143  10.678 0.0000000000
108903  18.345  -5.903  7.780 0.0000000000
51680  19.068  -5.761  7.325 0.0000000000
52509  19.649  -5.181  6.684 0.0000000000
52508  20.631  -5.393  6.233 0.0000000000
56487  20.911  -0.742  4.164 0.0000000000
55589  22.223  -1.478  4.183 0.0000000000
55588  22.977  -1.355  4.473 0.0000000000
56473  23.484  -0.786  4.784 0.0000000000
56453  25.473  -0.940  6.511 0.0000000000
55564  25.885  -1.401  6.818 0.0000000000
55563  26.789  -1.273  7.044 0.0000000000
56451  27.240  -0.567  6.743 0.0000000000
57329  28.297  0.089  6.026 0.0000000000
57347  27.868  0.934  6.063 0.0000000000
57346  28.581  0.312  5.299 0.0000000000
57360  28.750  0.394  4.234 0.0000000000
62512  23.903  7.933  2.564 0.0000000000
63254  24.007  8.838  2.503 0.0000000000
62510  26.480  7.851  2.974 0.0000000000
48240  22.767  -10.494  8.361 0.0000000000
47452  23.181  -11.154  8.804 0.0000000000
48239  23.334  -10.546  8.721 0.0000000000
48231  23.882  -11.090  9.224 0.0000000000
47441  25.417  -11.928  9.408 0.0000000000
49038  25.100  -10.557  9.375 0.0000000000
48229  25.770  -11.372  9.351 0.0000000000
100134  26.778  -12.741  8.856 0.0000000000
56488  20.243  -0.663  4.446 0.0000000000
56497  21.272  -0.067  3.810 0.0000000000
57372  22.231  0.707  3.636 0.0000000000
58130  23.606  1.537  4.406 0.0000000000
58870  24.007  2.391  4.434 0.0000000000
40723  21.369  -18.973  12.726 0.0000000000
40701  22.570  -19.815  13.073 0.0000000000
41688  23.780  -19.220  12.720 0.0000000000
110071  28.071  -7.757  8.129 0.0000000000
50780  28.229  -8.584  7.927 0.0000000000
97535  28.752  -7.972  7.364 0.0000000000
46644  17.802  -12.168  10.528 0.0000000000
46643  18.436  -12.567  10.323 0.0000000000
47446  18.378  -11.743  9.921 0.0000000000
47445  19.291  -11.635  9.314 0.0000000000
105806  18.183  -10.346  9.361 0.0000000000
48242  20.650  -11.008  8.465 0.0000000000
49049  21.702  -10.117  7.896 0.0000000000
50786  17.943  -7.512  8.592 0.0000000000
49900  18.673  -8.124  8.352 0.0000000000
49060  20.117  -9.057  7.896 0.0000000000
49059  20.905  -9.546  7.744 0.0000000000
49048  22.406  -9.894  7.961 0.0000000000
49899  23.877  -9.130  8.550 0.0000000000
50793  23.178  -7.981  7.404 0.0000000000
100771  24.454  -8.433  8.573 0.0000000000
54032  17.637  -3.513  7.088 0.0000000000
52515  21.328  -5.249  5.751 0.0000000000
54827  21.020  -2.373  4.616 0.0000000000
54815  22.528  -2.915  4.718 0.0000000000
54059  21.459  -3.823  5.011 0.0000000000
53310  21.357  -4.545  5.337 0.0000000000
52514  21.958  -5.133  5.452 0.0000000000
99946  24.029  -6.165  7.078 0.0000000000
52496  24.372  -5.343  7.093 0.0000000000
52483  24.715  -5.930  7.703 0.0000000000
51663  26.174  -6.568  8.545 0.0000000000
51662  27.382  -7.038  8.502 0.0000000000
52494  28.724  -5.885  7.571 0.0000000000
53279  28.720  -4.846  7.473 0.0000000000
52493  29.276  -5.443  6.791 0.0000000000
55574  29.183  -2.079  4.870 0.0000000000
54812  29.375  -2.924  5.029 0.0000000000
110791  22.349  3.172  3.124 0.0000000000
105444  23.567  3.862  3.620 0.0000000000
103399  25.343  3.253  4.838 0.0000000000
64046  27.056  9.884  0.858 0.0000000000
110447  27.421  9.308  0.727 0.0000000000
64038  27.189  9.153  1.279 0.0000000000
62509  27.315  7.413  2.511 0.0000000000
96109  27.958  7.702  0.003 0.0000000000
109478  27.775  7.278  1.740 0.0000000000
61034  27.173  5.412  4.120 0.0000000000
61045  27.804  5.306  3.536 0.0000000000
60349  27.047  4.788  4.481 0.0000000000
100598  26.889  4.257  4.788 0.0000000000
99854  27.528  3.104  5.112 0.0000000000
58866  28.040  2.628  4.759 0.0000000000
58881  28.460  2.068  2.965 0.0000000000
58865  28.421  1.943  3.962 0.0000000000
58141  28.618  1.198  2.927 0.0000000000
57383  28.736  0.347  1.799 0.0000000000
58165  28.491  1.136  -0.071 0.0000000000
57389  28.985  0.484  0.052 0.0000000000
57387  29.066  -0.009  0.708 0.0000000000
46642  19.017  -12.914  10.110 0.0000000000
44960  21.011  -13.760  9.677 0.0000000000
102312  21.553  -14.460  9.902 0.0000000000
44949  22.179  -15.097  10.047 0.0000000000
43391  24.096  -15.926  10.611 0.0000000000
47443  23.062  -11.900  8.968 0.0000000000
45813  23.796  -13.298  9.421 0.0000000000
45812  25.284  -13.698  9.447 0.0000000000
110686  24.520  -13.683  9.550 0.0000000000
44957  24.781  -14.187  9.693 0.0000000000
44947  24.206  -14.707  10.071 0.0000000000
105081  24.526  -15.233  10.243 0.0000000000
94673  28.388  -9.491  7.821 0.0000000000
39958  21.609  -20.929  13.806 0.0000000000
40722  22.243  -19.143  12.649 0.0000000000
42665  19.521  -16.861  12.067 0.0000000000
43373  16.711  -15.697  13.067 0.0000000000
44115  21.829  -15.690  10.540 0.0000000000
47451  27.152  -12.063  8.650 0.0000000000
48228  26.550  -11.553  9.002 0.0000000000
49891  16.955  -8.463  9.521 0.0000000000
53280  28.073  -4.276  8.039 0.0000000000
54787  25.252  -2.856  6.915 0.0000000000
55565  25.080  -1.563  6.434 0.0000000000
60350  26.359  4.583  4.617 0.0000000000
60369  28.350  4.139  2.941 0.0000000000
61035  26.366  5.262  4.387 0.0000000000
61046  26.557  5.977  4.057 0.0000000000
63252  26.148  8.565  2.652 0.0000000000
64829  27.241  10.254  0.135 0.0000000000
95996  19.653  -14.081  10.433 0.0000000000
99945  28.516  -6.488  7.815 0.0000000000
101579  27.238  0.623  6.441 0.0000000000
105123  24.853  -15.751  10.464 0.0000000000
106345  20.384  -12.297  9.160 0.0000000000
109645  27.587  -11.649  8.413 0.0000000000
110219  22.537  -4.875  5.395 0.0000000000
110949  20.376  -3.945  5.646 0.0000000000
111254  20.466  -1.169  4.482 0.0000000000
111637  19.910  -8.599  7.862 0.0000000000
