#!ascii label  , from subject sub-fsm90ao vox2ras=TkReg
1368
16880  32.862  -51.001  20.224 0.6000000238
16864  32.274  -51.422  20.975 0.5000000000
16890  36.286  -50.743  18.255 0.6999999881
17602  35.955  -49.986  17.928 0.6000000238
17601  36.553  -50.351  18.110 0.6000000238
16179  34.193  -51.631  20.284 0.6999999881
16878  35.078  -51.151  19.343 0.6000000238
17589  34.895  -50.291  18.670 0.5000000000
103750  35.142  -49.649  17.920 0.5000000000
17616  36.088  -49.715  18.046 0.6000000238
18323  36.216  -49.610  18.206 0.6000000238
16863  33.251  -51.521  20.762 0.5000000000
17590  33.536  -50.558  19.265 0.6000000238
16181  30.765  -51.815  21.527 0.5000000000
16182  30.032  -51.926  21.300 0.5000000000
16861  37.128  -51.251  19.996 0.6000000238
17587  37.053  -50.630  19.043 0.6999999881
16208  37.363  -52.382  18.124 0.6000000238
16889  36.941  -51.659  17.993 0.6999999881
17600  37.182  -50.921  18.077 0.6000000238
18315  36.635  -50.171  18.459 0.6000000238
16178  35.188  -52.173  19.884 0.6000000238
16877  36.113  -51.544  18.765 0.6999999881
109117  36.285  -49.432  18.850 0.6000000238
95873  33.839  -52.417  21.094 0.5000000000
92422  35.784  -49.047  19.766 0.6000000238
16180  32.685  -52.126  21.526 0.5000000000
108904  35.442  -48.561  19.505 0.6000000238
97140  31.689  -51.897  21.646 0.5000000000
19003  35.025  -48.128  19.209 0.6000000238
19004  34.355  -47.889  20.325 0.6999999881
19667  34.140  -47.614  19.355 0.6000000238
19660  33.445  -47.586  20.488 0.6999999881
98574  33.234  -47.530  19.535 0.6000000238
101092  32.354  -47.636  19.888 0.6000000238
20334  29.593  -46.649  19.998 0.5000000000
21000  29.112  -44.942  19.674 0.6999999881
95131  28.609  -45.878  19.577 0.6999999881
16862  36.317  -51.259  21.309 0.6000000238
17580  36.358  -50.392  20.509 0.6999999881
16207  37.670  -52.388  18.141 0.6999999881
16876  37.531  -51.605  18.551 0.6999999881
17588  36.433  -49.820  19.492 0.6999999881
18297  35.518  -49.843  21.372 0.6999999881
16197  36.549  -52.366  18.664 0.6000000238
15529  37.617  -53.038  18.366 0.6000000238
107043  36.494  -54.258  19.244 0.5000000000
15518  35.852  -53.244  19.584 0.5000000000
18309  35.245  -49.061  20.889 0.8000000119
15503  34.714  -53.265  20.732 0.5000000000
18993  34.398  -48.422  21.278 0.8000000119
95519  35.059  -48.457  20.212 0.6000000238
16161  32.075  -52.707  22.197 0.5000000000
107716  33.799  -47.829  21.128 0.8000000119
19661  32.637  -47.440  21.052 0.6999999881
18995  33.128  -47.626  21.452 0.6999999881
19662  31.950  -47.257  21.340 0.6999999881
20322  31.548  -47.194  20.984 0.6000000238
94252  32.109  -47.421  20.726 0.6000000238
19668  32.773  -47.511  20.380 0.6000000238
20314  30.624  -46.591  21.322 0.6999999881
100185  31.374  -47.508  20.409 0.6999999881
20324  29.773  -46.213  20.412 0.6999999881
19669  30.346  -47.078  20.407 0.6000000238
20999  29.427  -45.376  20.285 0.8000000119
97624  29.089  -44.505  20.255 0.8999999762
21693  28.320  -44.397  18.801 0.6999999881
21692  28.782  -44.300  19.251 0.8000000119
21009  28.716  -45.018  19.315 0.6999999881
97974  35.749  -50.618  21.657 0.6999999881
17569  35.043  -50.292  22.452 0.6999999881
16849  36.832  -52.009  20.897 0.6000000238
105429  37.671  -52.939  19.669 0.4000000060
16195  37.754  -52.490  18.509 0.6000000238
16196  37.537  -52.106  19.679 0.6000000238
15517  37.805  -53.450  18.792 0.6000000238
18298  34.746  -49.301  21.908 0.8000000119
14830  37.430  -53.794  18.604 0.5000000000
15530  36.910  -53.165  18.575 0.6000000238
14817  35.253  -54.130  20.434 0.5000000000
18299  34.025  -48.732  22.376 0.8000000119
107912  34.442  -54.058  21.240 0.4000000060
18994  33.611  -48.034  21.912 0.8000000119
15505  33.000  -53.069  21.942 0.5000000000
19654  32.403  -47.392  21.785 0.8000000119
20300  31.302  -46.941  22.646 0.8000000119
19655  31.706  -47.075  21.954 0.6999999881
18988  32.892  -47.732  22.311 0.8000000119
20973  30.256  -46.212  21.885 0.8999999762
20307  30.975  -46.733  21.956 0.6999999881
20315  29.950  -45.943  21.020 0.8999999762
20323  30.921  -46.984  20.922 0.6999999881
105935  30.332  -46.554  20.826 0.6000000238
21680  29.452  -45.189  20.887 0.8999999762
21705  28.484  -43.921  18.653 0.8000000119
21706  28.084  -43.848  18.333 0.8000000119
108546  35.556  -51.321  22.444 0.6999999881
17558  34.514  -50.420  23.505 0.6000000238
18276  34.030  -49.776  23.887 0.6999999881
15502  37.317  -53.300  20.848 0.4000000060
16160  36.691  -52.774  21.578 0.5000000000
16850  36.168  -52.075  22.029 0.6000000238
17570  34.343  -49.571  22.921 0.6999999881
15501  37.770  -53.801  19.798 0.5000000000
18287  33.722  -49.014  23.348 0.6999999881
14095  37.882  -55.068  18.668 0.5000000000
14829  37.694  -53.897  18.631 0.6000000238
14084  36.675  -55.457  19.222 0.4000000060
14083  37.624  -55.810  18.675 0.4000000060
18979  32.683  -47.949  23.257 0.8000000119
18987  33.344  -48.301  22.823 0.8000000119
14067  35.729  -56.028  20.294 0.4000000060
14803  33.894  -54.454  21.823 0.3000000119
20301  30.819  -46.798  23.386 0.8000000119
19645  32.077  -47.419  22.704 0.8000000119
20308  30.570  -46.494  22.649 0.8000000119
20975  29.063  -45.446  22.870 0.8999999762
105634  28.820  -45.024  22.284 0.8999999762
20986  29.501  -45.502  21.833 0.8999999762
21681  29.018  -44.761  21.410 0.8999999762
22415  28.315  -43.406  18.392 0.8000000119
21707  27.542  -43.705  18.186 0.8000000119
22403  28.604  -43.571  19.052 0.8000000119
101370  28.614  -43.792  20.392 0.8000000119
16840  35.177  -51.777  23.462 0.6000000238
17557  34.949  -51.028  23.187 0.6000000238
17547  34.242  -50.558  24.502 0.6000000238
16154  35.644  -52.161  22.881 0.6000000238
15484  36.676  -53.698  22.046 0.4000000060
15469  36.017  -52.968  22.751 0.4000000060
14800  37.439  -54.125  21.029 0.4000000060
14082  38.153  -55.354  18.977 0.5000000000
14799  37.905  -54.689  19.896 0.4000000060
18978  33.139  -48.559  23.796 0.6999999881
13410  38.282  -56.282  19.230 0.5000000000
94792  31.993  -47.816  24.792 0.8000000119
19636  30.372  -46.730  24.169 0.8000000119
19634  32.025  -47.682  23.777 0.8000000119
20964  29.351  -45.873  23.584 0.8000000119
20974  29.810  -45.965  22.694 0.8999999762
20965  28.375  -44.817  23.186 0.8999999762
22386  28.514  -44.079  21.223 1.0000000000
23117  28.120  -42.908  18.115 0.8000000119
22387  28.063  -43.366  21.075 1.0000000000
23104  28.317  -42.818  18.845 0.8000000119
22396  28.394  -43.157  19.911 0.8000000119
110907  34.445  -51.111  24.708 0.6000000238
17532  34.003  -50.363  25.336 0.6000000238
16144  35.011  -52.184  24.490 0.6000000238
105156  33.552  -49.516  25.396 0.6999999881
15468  36.232  -53.964  23.291 0.4000000060
15453  35.769  -53.334  23.763 0.4000000060
16143  35.487  -52.592  23.657 0.4000000060
14784  36.927  -54.501  22.072 0.4000000060
104690  33.082  -48.726  24.823 0.6999999881
14051  37.657  -55.836  21.371 0.5000000000
14768  36.615  -54.706  23.003 0.4000000060
18967  32.547  -48.188  24.270 0.8000000119
19635  31.414  -47.427  24.381 0.8000000119
19617  32.060  -47.787  25.791 0.8000000119
111040  30.031  -46.610  24.868 0.8000000119
109326  30.939  -47.099  24.054 0.8000000119
20948  28.971  -45.652  24.479 0.8000000119
20302  30.094  -46.386  23.451 0.8000000119
21674  28.344  -44.422  22.190 0.8999999762
21641  28.002  -44.152  23.984 0.8999999762
22380  27.890  -43.710  22.059 1.0000000000
22416  27.847  -43.278  18.007 0.8000000119
23080  27.748  -42.523  20.882 1.0000000000
23092  27.937  -42.311  19.763 0.8000000119
16131  34.889  -52.056  25.351 0.6000000238
16831  34.599  -51.577  24.961 0.6000000238
17531  34.368  -51.013  25.217 0.6000000238
18952  33.080  -48.790  25.817 0.6999999881
97661  35.508  -53.032  24.540 0.5000000000
18936  32.643  -48.217  26.235 0.8000000119
109680  36.557  -54.212  22.632 0.4000000060
18953  32.527  -48.278  25.292 0.8000000119
14036  36.849  -55.404  23.393 0.4000000060
95570  36.481  -54.759  24.144 0.4000000060
19618  31.425  -47.434  25.369 0.8000000119
19619  30.701  -47.086  24.924 0.8000000119
20292  29.633  -46.288  24.313 0.8000000119
20949  28.428  -44.948  24.239 0.8999999762
21661  27.806  -44.032  22.978 1.0000000000
22369  27.617  -43.341  22.776 1.0000000000
22368  27.759  -43.328  23.629 1.0000000000
23074  27.565  -42.817  22.065 1.0000000000
24467  27.471  -40.869  21.857 1.0000000000
23105  27.927  -42.370  18.294 0.8000000119
23823  27.681  -41.675  18.662 0.8999999762
23800  27.532  -41.514  20.708 1.0000000000
106142  27.512  -40.943  20.124 1.0000000000
23816  27.690  -41.602  19.556 1.0000000000
25160  27.702  -39.970  21.899 1.0000000000
25173  27.664  -39.576  21.055 1.0000000000
108337  29.102  -38.865  22.133 1.0000000000
25172  28.275  -39.202  21.860 1.0000000000
17515  33.957  -50.131  26.102 0.6999999881
18231  34.088  -49.140  27.111 0.6999999881
16800  34.883  -51.277  26.321 0.6000000238
103327  34.379  -50.833  25.898 0.6000000238
18247  33.633  -49.313  26.425 0.6999999881
15439  35.819  -53.350  25.455 0.5000000000
19600  33.008  -47.972  27.055 0.8000000119
14753  36.428  -54.502  25.039 0.4000000060
19602  31.627  -47.234  26.311 0.8000000119
20273  30.944  -46.883  25.920 0.8000000119
20275  29.481  -46.036  25.199 0.8000000119
20274  30.251  -46.473  25.587 0.8000000119
20929  28.734  -45.033  25.045 0.6999999881
107744  29.072  -45.520  25.106 0.8000000119
22342  28.902  -43.603  25.285 0.8000000119
22355  28.435  -43.227  24.602 1.0000000000
23064  27.563  -42.618  23.151 1.0000000000
23063  28.123  -42.400  24.013 1.0000000000
23773  28.735  -41.479  24.103 1.0000000000
100431  27.480  -42.054  22.686 1.0000000000
24450  29.235  -40.666  23.747 1.0000000000
23774  27.849  -41.738  23.438 1.0000000000
24465  28.821  -40.077  23.081 1.0000000000
24466  27.956  -40.420  22.640 1.0000000000
93390  27.441  -40.953  19.320 1.0000000000
106448  28.277  -39.792  22.432 1.0000000000
24481  27.487  -40.468  20.989 1.0000000000
25914  27.975  -38.798  21.011 1.0000000000
25913  28.783  -38.494  21.524 1.0000000000
17496  34.270  -49.824  26.782 0.6999999881
18232  33.651  -48.901  26.910 0.6999999881
16799  35.625  -51.551  26.684 0.5000000000
17495  34.941  -50.144  27.092 0.6999999881
16817  35.218  -52.068  26.092 0.6000000238
16112  35.817  -52.768  26.115 0.5000000000
100848  35.921  -52.206  26.521 0.5000000000
19601  32.330  -47.557  26.685 0.8000000119
20258  32.017  -46.838  27.133 0.8000000119
20259  31.320  -46.493  26.729 0.6999999881
20260  30.622  -46.136  26.403 0.8000000119
20911  29.853  -44.993  26.341 0.8000000119
20927  29.950  -45.718  26.047 0.8000000119
21624  29.038  -44.308  25.513 0.6999999881
20928  29.326  -45.159  25.677 0.6999999881
105965  29.352  -42.787  25.380 0.8999999762
23042  30.258  -42.329  25.766 0.8000000119
23041  30.669  -41.654  25.448 0.8000000119
97174  31.633  -40.718  25.392 0.8000000119
23053  28.926  -42.195  24.677 0.8999999762
23756  29.805  -41.830  25.051 0.8000000119
23765  30.411  -41.303  24.873 0.8000000119
24439  30.642  -40.786  24.461 0.8999999762
24438  31.320  -40.491  24.649 0.8000000119
24440  29.754  -41.133  24.417 0.8999999762
23786  28.299  -40.889  23.371 1.0000000000
23787  27.616  -41.251  22.731 1.0000000000
25159  29.720  -39.644  22.945 1.0000000000
96348  28.957  -39.404  22.534 1.0000000000
25926  28.386  -38.043  20.752 1.0000000000
105596  30.456  -39.422  22.745 1.0000000000
25897  29.818  -39.126  22.448 1.0000000000
25912  29.927  -38.503  21.893 1.0000000000
26740  30.510  -37.970  21.338 1.0000000000
106840  35.460  -49.639  27.348 0.6999999881
18926  34.666  -48.685  27.497 0.6999999881
98313  33.783  -48.425  27.315 0.6999999881
17494  35.810  -50.217  27.228 0.6000000238
100504  33.617  -47.544  27.720 0.6999999881
19588  32.788  -47.183  27.465 0.6999999881
20248  32.596  -46.266  27.886 0.8000000119
20249  31.743  -46.012  27.450 0.6999999881
20896  30.971  -45.042  27.257 0.6999999881
20909  31.086  -45.704  27.055 0.6999999881
20910  30.460  -45.247  26.749 0.6999999881
21609  30.242  -44.389  26.679 0.6999999881
22341  29.477  -43.580  25.826 0.6999999881
21610  29.610  -44.324  26.145 0.6999999881
97606  31.037  -42.028  26.111 0.8000000119
23030  31.785  -41.747  26.447 0.8000000119
23754  32.148  -40.967  26.153 0.8000000119
23755  31.394  -41.375  25.769 0.8000000119
24427  32.175  -40.354  25.647 0.8000000119
24437  31.875  -40.073  25.020 0.8000000119
25128  32.184  -39.437  24.634 0.8000000119
24449  31.014  -40.273  23.915 1.0000000000
25129  31.628  -39.897  24.205 0.8000000119
101395  30.173  -40.458  23.885 1.0000000000
25142  29.709  -40.124  23.408 1.0000000000
25896  30.762  -39.020  22.301 1.0000000000
25911  31.128  -38.583  21.776 1.0000000000
104246  31.589  -38.257  21.188 1.0000000000
25925  29.377  -37.905  21.237 1.0000000000
26747  32.036  -38.038  20.370 1.0000000000
18230  35.479  -48.956  27.526 0.6999999881
18925  35.342  -48.247  27.660 0.6999999881
20246  34.258  -46.925  28.142 0.6000000238
20247  33.408  -46.721  28.062 0.6000000238
20234  33.350  -46.035  28.283 0.6000000238
20878  33.017  -45.430  28.305 0.6999999881
20895  31.508  -45.189  27.571 0.6999999881
20894  32.213  -45.358  27.984 0.6999999881
21597  31.275  -44.441  27.460 0.6999999881
22310  30.858  -43.738  27.074 0.6999999881
96219  32.102  -42.283  27.034 0.8000000119
22326  30.106  -43.600  26.433 0.6999999881
22325  30.729  -42.835  26.484 0.8000000119
24412  32.700  -40.292  26.146 0.8000000119
25118  32.569  -39.667  25.516 0.8000000119
25863  32.461  -38.698  24.245 0.8000000119
25139  31.966  -39.335  23.731 0.8000000119
108305  31.196  -39.380  22.784 1.0000000000
25876  31.806  -39.192  22.929 1.0000000000
25875  32.193  -38.890  23.288 0.6999999881
93612  32.167  -38.749  22.535 0.8999999762
25895  31.687  -38.946  22.191 1.0000000000
25910  31.866  -38.627  21.603 1.0000000000
26738  32.580  -38.070  21.176 1.0000000000
26750  28.359  -37.317  20.245 1.0000000000
26749  29.888  -37.388  20.788 1.0000000000
102363  28.998  -37.483  20.695 1.0000000000
26748  30.983  -37.563  20.716 1.0000000000
19587  34.632  -47.772  27.791 0.6999999881
21572  33.583  -44.720  28.308 0.6000000238
21573  32.745  -44.637  28.234 0.6999999881
22309  31.741  -43.708  27.603 0.6999999881
23012  31.531  -42.955  27.119 0.6999999881
102767  32.868  -40.809  26.569 0.6999999881
24411  33.319  -40.354  26.515 0.6999999881
25850  33.194  -38.337  25.087 0.6999999881
26692  32.891  -37.949  24.358 0.6999999881
26708  32.539  -38.156  23.376 0.8000000119
25894  32.169  -38.569  21.742 1.0000000000
27547  29.209  -36.923  20.267 1.0000000000
26739  32.202  -38.260  21.057 1.0000000000
27546  30.266  -36.858  20.207 1.0000000000
95341  35.115  -46.898  28.011 0.6000000238
20232  34.757  -46.213  28.186 0.6000000238
20876  34.462  -45.614  28.249 0.6000000238
21594  34.456  -44.824  28.144 0.6000000238
20877  33.830  -45.465  28.357 0.6000000238
21595  34.066  -44.009  28.079 0.6000000238
22285  33.248  -44.085  28.211 0.6000000238
22308  33.339  -43.435  27.928 0.6000000238
106567  32.476  -42.978  27.592 0.6000000238
23721  33.561  -41.916  27.253 0.6999999881
23743  33.679  -40.987  26.908 0.6999999881
25103  33.322  -39.723  26.177 0.6999999881
25117  33.271  -39.052  25.644 0.6999999881
26675  34.091  -37.956  25.408 0.6999999881
26691  33.568  -37.552  24.782 0.6999999881
29758  39.306  -33.481  19.604 0.3000000119
108174  33.162  -36.305  23.031 0.6999999881
26707  33.097  -37.287  24.008 0.6999999881
95112  39.695  -32.783  18.329 0.3000000119
26724  32.776  -37.185  22.987 0.8000000119
25934  25.495  -38.381  19.406 0.8999999762
27524  32.710  -37.573  21.965 1.0000000000
26760  27.008  -37.759  19.732 1.0000000000
27556  28.389  -36.519  19.703 1.0000000000
26759  27.630  -37.113  19.831 1.0000000000
26737  33.003  -37.708  20.399 1.0000000000
26757  32.927  -37.789  18.923 1.0000000000
27545  31.390  -37.253  19.931 1.0000000000
26758  32.384  -37.761  19.432 1.0000000000
92229  36.013  -45.763  27.635 0.6000000238
20893  35.177  -45.421  27.947 0.6000000238
21593  35.208  -44.466  27.711 0.6000000238
93298  34.776  -43.782  27.704 0.6000000238
22324  35.680  -42.985  26.950 0.6000000238
23009  35.131  -42.346  27.149 0.6999999881
23010  34.298  -42.475  27.400 0.6999999881
22307  34.165  -43.232  27.706 0.6000000238
23720  34.502  -41.664  27.132 0.6999999881
24447  38.167  -40.830  23.242 0.3000000119
94611  38.198  -39.986  23.263 0.3000000119
24410  34.036  -40.076  26.595 0.6999999881
25116  33.841  -38.584  25.656 0.6999999881
29057  39.175  -34.092  20.194 0.3000000119
102699  39.362  -32.869  19.085 0.4000000060
29759  38.995  -32.768  19.777 0.4000000060
25940  24.880  -39.012  19.110 0.6999999881
25935  24.634  -38.162  19.343 0.6999999881
32710  39.632  -29.329  17.737 0.3000000119
30527  39.381  -32.161  18.753 0.3000000119
26761  26.023  -37.492  19.569 0.8999999762
99796  39.573  -30.056  17.901 0.3000000119
31244  39.373  -31.335  18.576 0.3000000119
27523  32.898  -36.692  22.268 0.8000000119
100799  26.841  -36.864  19.530 0.8999999762
31235  39.023  -31.697  19.274 0.3000000119
27536  32.886  -37.310  21.316 0.8000000119
27535  33.116  -37.007  20.777 1.0000000000
27555  29.491  -36.332  19.663 1.0000000000
26756  33.123  -37.718  19.489 1.0000000000
27554  30.561  -36.401  19.369 1.0000000000
94613  33.174  -37.672  18.791 1.0000000000
109199  32.926  -37.768  18.351 1.0000000000
26770  32.590  -37.640  18.439 1.0000000000
26769  32.909  -37.665  17.849 1.0000000000
95230  35.778  -42.351  26.698 0.6999999881
23741  35.403  -41.645  26.780 0.6999999881
23062  37.943  -42.051  23.937 0.3000000119
23772  37.847  -41.192  23.918 0.4000000060
23742  34.848  -40.718  26.772 0.6999999881
24409  34.864  -39.757  26.452 0.6999999881
25138  37.829  -39.444  23.845 0.4000000060
25849  34.609  -38.521  25.816 0.6999999881
25137  38.265  -39.137  23.189 0.3000000119
26674  34.996  -37.827  25.527 0.6999999881
26690  34.456  -37.255  25.081 0.6999999881
25873  38.273  -38.224  23.118 0.5000000000
28299  38.771  -35.766  21.614 0.4000000060
28288  37.830  -35.610  22.762 0.6000000238
28287  38.264  -35.080  22.116 0.5000000000
27487  33.882  -36.794  24.480 0.6999999881
28307  39.043  -35.388  21.098 0.3000000119
27504  34.233  -36.017  24.154 0.6999999881
95399  37.651  -28.894  19.780 0.4000000060
29739  38.146  -33.553  21.464 0.4000000060
27505  33.424  -36.479  23.726 0.6999999881
26763  24.519  -37.298  19.352 0.6999999881
96003  39.250  -27.896  18.255 0.4000000060
29750  38.786  -33.280  20.385 0.4000000060
30506  38.583  -32.560  20.311 0.4000000060
106813  23.957  -37.816  19.299 0.6000000238
33573  39.700  -28.488  17.650 0.3000000119
32699  39.206  -29.612  18.472 0.3000000119
33561  39.204  -28.745  18.367 0.4000000060
30516  38.718  -32.099  19.846 0.4000000060
30495  38.230  -32.804  20.951 0.4000000060
28289  33.231  -35.807  22.574 0.6999999881
102547  33.624  -35.155  22.832 0.6999999881
26762  25.175  -37.641  19.449 0.6999999881
31952  38.753  -30.037  19.125 0.4000000060
31236  38.498  -31.331  19.839 0.4000000060
30507  38.136  -31.879  20.545 0.4000000060
93780  33.045  -36.194  21.599 0.8000000119
31951  39.293  -30.465  18.514 0.3000000119
31245  38.917  -30.895  19.201 0.3000000119
94373  33.147  -35.355  21.383 0.8000000119
28308  33.182  -36.147  20.690 0.8999999762
27544  33.294  -37.143  20.004 1.0000000000
27553  31.699  -37.154  18.990 1.0000000000
26782  33.128  -37.460  17.540 1.0000000000
27581  32.436  -37.398  17.505 1.0000000000
27566  31.069  -36.353  18.454 1.0000000000
27580  32.876  -37.449  16.904 1.0000000000
27590  32.266  -37.113  16.489 1.0000000000
23029  36.301  -42.810  26.407 0.6000000238
23740  36.276  -41.930  26.210 0.6000000238
95200  36.456  -41.189  25.803 0.6000000238
24408  35.803  -40.973  26.340 0.6999999881
23753  36.997  -41.885  25.405 0.5000000000
24424  36.932  -40.915  25.239 0.6000000238
24426  35.483  -40.222  26.352 0.6999999881
24436  37.412  -40.613  24.560 0.5000000000
25126  37.397  -39.736  24.484 0.4000000060
25115  35.601  -39.522  26.085 0.6999999881
25101  34.974  -39.078  26.151 0.6999999881
25127  36.907  -39.996  25.143 0.6000000238
25848  35.564  -38.633  25.750 0.6999999881
99300  37.388  -38.933  24.404 0.6000000238
26705  38.265  -37.341  23.026 0.6000000238
27501  37.797  -36.844  23.391 0.6000000238
26689  35.313  -37.144  25.106 0.6999999881
27485  35.629  -36.521  24.618 0.6999999881
27522  38.189  -36.478  22.783 0.5000000000
29016  37.498  -34.794  22.714 0.6000000238
27503  36.701  -35.884  23.860 0.6000000238
107657  35.193  -35.783  24.278 0.6000000238
109031  36.920  -28.883  20.156 0.4000000060
29051  38.467  -34.414  21.495 0.4000000060
29052  37.845  -34.192  22.129 0.4000000060
101963  36.472  -35.166  23.564 0.6000000238
28265  34.581  -35.309  23.765 0.6999999881
33551  37.935  -28.160  19.465 0.4000000060
32700  38.541  -29.041  19.119 0.4000000060
94254  37.658  -32.898  21.543 0.4000000060
29020  34.149  -34.853  23.219 0.6999999881
108075  26.012  -36.467  19.318 0.8999999762
27558  25.240  -36.863  19.377 0.6999999881
31934  37.786  -30.903  20.377 0.4000000060
29053  33.373  -34.397  21.665 0.6999999881
95722  33.316  -35.189  22.139 0.6999999881
31943  38.319  -30.510  19.735 0.4000000060
28318  27.840  -35.860  19.098 0.8999999762
28317  28.817  -35.799  19.136 0.8999999762
27552  33.407  -37.238  19.111 1.0000000000
28316  29.677  -35.899  19.074 1.0000000000
27564  33.360  -37.376  18.265 1.0000000000
28315  30.209  -35.865  18.663 1.0000000000
28326  30.414  -35.685  17.839 1.0000000000
28340  33.515  -36.798  17.396 1.0000000000
97764  33.838  -34.700  15.170 0.8999999762
103729  33.613  -35.312  15.944 1.0000000000
27579  33.152  -37.112  16.501 1.0000000000
110446  32.135  -36.938  15.671 1.0000000000
27582  31.494  -36.548  17.333 1.0000000000
27588  33.166  -36.685  15.443 1.0000000000
27595  32.763  -36.860  15.149 1.0000000000
27596  32.338  -36.875  15.204 0.8999999762
28363  33.438  -35.924  15.025 1.0000000000
27594  33.055  -36.353  14.836 0.8999999762
24425  36.238  -40.286  25.827 0.6999999881
25114  36.322  -39.338  25.574 0.6999999881
25862  36.929  -39.169  24.990 0.6999999881
98750  36.596  -37.927  24.867 0.6999999881
25861  37.265  -38.149  24.372 0.6000000238
26687  36.937  -37.338  24.394 0.6000000238
26688  36.148  -37.200  24.812 0.6999999881
27484  36.460  -36.588  24.356 0.6000000238
28248  35.972  -35.982  24.299 0.6000000238
28263  35.907  -35.403  23.932 0.6000000238
34422  37.408  -27.401  19.481 0.3000000119
95667  37.223  -36.709  23.904 0.6000000238
27502  37.522  -36.116  23.365 0.6000000238
28264  35.290  -35.142  23.804 0.6000000238
33552  36.931  -28.111  19.849 0.4000000060
34423  36.507  -27.287  19.585 0.4000000060
29039  37.023  -34.021  22.621 0.6000000238
29018  35.825  -34.654  23.491 0.6000000238
29707  36.163  -33.922  23.003 0.5000000000
29019  34.916  -34.632  23.453 0.6000000238
29741  36.888  -32.555  21.911 0.4000000060
29040  34.448  -34.156  22.935 0.6000000238
32682  36.420  -29.440  20.452 0.5000000000
104748  36.885  -31.860  21.495 0.4000000060
30496  37.544  -32.217  21.259 0.4000000060
31935  37.086  -30.251  20.557 0.5000000000
29731  33.973  -33.771  22.293 0.6000000238
31219  36.423  -31.323  21.361 0.4000000060
27557  26.835  -35.958  19.086 0.8999999762
29059  33.132  -35.074  20.680 0.8999999762
28328  28.212  -35.303  18.499 0.8999999762
28343  29.495  -35.243  17.142 0.8999999762
28327  29.316  -35.436  18.331 0.8999999762
28325  33.545  -36.504  18.532 1.0000000000
93736  33.419  -36.379  16.239 1.0000000000
28341  31.505  -36.462  16.150 0.8999999762
29109  33.434  -34.918  14.528 1.0000000000
29110  32.892  -34.942  14.387 1.0000000000
28364  31.892  -36.348  15.065 0.8999999762
29803  33.362  -34.083  14.306 1.0000000000
105604  36.397  -38.548  25.282 0.6999999881
34433  37.840  -26.726  19.123 0.3000000119
35175  36.963  -26.687  19.409 0.3000000119
92315  35.901  -27.805  19.824 0.3000000119
32683  35.474  -29.075  20.340 0.5000000000
33553  35.283  -28.370  19.941 0.4000000060
29728  36.498  -33.270  22.481 0.5000000000
29729  35.587  -33.294  22.685 0.5000000000
29730  34.740  -33.465  22.631 0.5000000000
107089  35.641  -29.703  20.611 0.5000000000
30497  36.163  -31.932  21.785 0.5000000000
30486  34.991  -32.749  22.311 0.5000000000
31937  35.351  -30.259  20.810 0.5000000000
31930  35.872  -30.766  21.159 0.5000000000
31227  36.688  -30.774  20.959 0.5000000000
29743  33.655  -33.296  21.476 0.6999999881
31931  35.049  -30.898  21.100 0.5000000000
29751  33.178  -33.981  20.745 0.6000000238
29066  33.169  -34.647  19.827 0.8999999762
29072  33.415  -35.279  18.836 0.8999999762
28314  33.364  -36.051  19.674 0.8999999762
98581  33.493  -34.671  17.915 0.8999999762
29782  33.724  -34.150  16.048 0.8999999762
98287  33.567  -34.711  16.838 0.8999999762
29078  33.566  -35.661  17.032 0.8999999762
94166  33.583  -35.814  17.944 1.0000000000
28342  30.602  -35.694  16.713 0.8999999762
28357  31.666  -36.425  15.418 0.8999999762
96925  33.656  -35.121  14.867 0.8000000119
29802  33.764  -33.999  14.608 0.6999999881
28358  30.747  -35.774  15.780 0.8999999762
29101  31.373  -35.535  15.090 0.8999999762
28365  30.996  -35.768  15.353 0.8999999762
92826  37.744  -25.888  18.833 0.3000000119
35176  36.227  -26.684  19.360 0.3000000119
35195  36.491  -26.097  19.148 0.4000000060
35944  36.032  -25.448  18.541 0.3000000119
34424  35.670  -27.113  19.389 0.3000000119
35196  35.568  -26.380  18.886 0.4000000060
111706  34.623  -28.383  19.510 0.4000000060
29708  35.281  -33.963  23.115 0.6000000238
32684  34.795  -29.686  20.375 0.5000000000
32691  34.670  -28.937  19.932 0.4000000060
30498  35.255  -32.051  21.896 0.5000000000
31938  34.555  -30.462  20.593 0.5000000000
31220  35.564  -31.402  21.486 0.5000000000
29742  34.296  -33.102  22.118 0.5000000000
31221  34.709  -31.588  21.369 0.5000000000
30499  34.306  -32.407  21.641 0.5000000000
31222  33.991  -31.837  20.965 0.5000000000
30500  33.623  -32.532  20.912 0.5000000000
31229  33.720  -31.478  20.354 0.5000000000
104996  33.301  -32.595  20.083 0.6000000238
107515  33.167  -33.559  19.944 0.6000000238
98818  33.311  -32.090  19.266 0.6999999881
30508  33.226  -33.043  19.228 0.6999999881
30517  33.322  -32.637  18.566 0.6999999881
29768  33.366  -33.492  18.310 0.8000000119
29760  33.268  -34.082  19.034 0.8000000119
29775  33.476  -33.836  17.257 0.8999999762
29792  33.959  -33.912  15.172 0.6999999881
28366  29.971  -35.244  15.662 0.8999999762
30568  33.723  -33.181  14.136 1.0000000000
106169  36.088  -24.772  17.982 0.3000000119
35197  34.793  -26.739  18.283 0.4000000060
35963  35.474  -25.220  17.605 0.3000000119
34425  34.981  -27.706  19.384 0.4000000060
35205  35.134  -25.959  17.997 0.3000000119
33555  34.075  -28.846  19.277 0.4000000060
34434  34.502  -27.472  18.575 0.4000000060
31945  34.115  -30.118  20.126 0.4000000060
33563  33.751  -28.786  18.459 0.4000000060
32692  34.093  -29.539  19.717 0.4000000060
31946  33.650  -30.326  19.450 0.4000000060
31237  33.501  -31.284  19.599 0.5000000000
100188  33.430  -31.887  19.970 0.5000000000
109022  33.376  -31.838  18.187 0.6000000238
30528  33.419  -32.879  17.663 0.8000000119
30555  34.050  -33.004  14.649 0.6999999881
29111  31.949  -34.820  14.776 0.8999999762
29112  30.898  -34.587  15.175 0.8999999762
108898  33.430  -32.721  13.925 0.8999999762
30569  32.565  -32.449  14.141 0.8000000119
29805  31.446  -33.854  14.864 0.8000000119
106464  33.259  -31.945  13.731 0.6999999881
31999  33.509  -31.260  13.425 0.8000000119
36726  35.775  -24.532  17.255 0.3000000119
34445  34.263  -27.345  17.614 0.3000000119
35214  34.836  -25.761  17.009 0.4000000060
33562  33.914  -28.060  18.021 0.4000000060
33575  33.674  -28.811  17.482 0.5000000000
32693  33.655  -29.516  18.922 0.5000000000
32701  33.550  -29.553  17.956 0.5000000000
32711  33.610  -29.624  16.904 0.5000000000
31953  33.480  -30.285  18.445 0.5000000000
31962  33.495  -30.440  17.340 0.5000000000
95433  33.397  -30.975  18.013 0.5000000000
101051  33.480  -31.374  17.182 0.6000000238
30542  33.539  -32.380  16.761 0.6999999881
31260  33.640  -31.723  16.116 0.6999999881
31271  34.075  -32.021  15.035 0.6999999881
31976  34.309  -31.328  14.481 0.6999999881
31279  34.212  -32.184  14.263 0.6999999881
31986  34.432  -30.903  13.681 0.6999999881
30578  33.842  -32.485  13.832 0.8000000119
31305  34.237  -31.147  13.412 0.6999999881
36745  36.149  -23.869  16.938 0.3000000119
36746  35.544  -24.363  16.385 0.3000000119
101946  35.432  -24.269  15.569 0.4000000060
35974  35.173  -25.039  16.671 0.3000000119
35975  34.744  -25.663  16.050 0.4000000060
34451  34.241  -27.351  16.430 0.4000000060
33574  33.859  -28.087  16.986 0.4000000060
33581  33.790  -28.928  16.440 0.5000000000
33580  34.092  -28.315  15.910 0.3000000119
32720  33.824  -29.717  15.904 0.5000000000
32719  34.135  -29.170  15.462 0.4000000060
110196  33.588  -30.995  16.514 0.6999999881
31971  33.670  -30.383  16.257 0.6999999881
32730  34.057  -30.484  15.272 0.6000000238
31977  33.855  -31.154  15.587 0.6999999881
99764  33.779  -33.220  15.750 0.6999999881
32729  34.445  -30.410  14.379 0.6000000238
35983  35.054  -24.931  15.705 0.3000000119
35215  34.524  -26.444  16.324 0.3000000119
95904  34.444  -27.017  15.637 0.3000000119
35984  34.783  -25.681  15.154 0.3000000119
108163  34.726  -26.345  14.644 0.3000000119
35996  34.883  -25.813  14.279 0.3000000119
34462  34.416  -27.774  15.292 0.3000000119
35234  34.646  -27.133  14.665 0.4000000060
110616  34.195  -29.868  15.105 0.5000000000
33595  34.463  -28.684  14.843 0.5000000000
34472  34.729  -28.120  14.211 0.5000000000
94315  34.495  -29.567  14.484 0.6000000238
32742  34.657  -30.029  13.539 0.6000000238
38397  36.850  -22.338  15.097 0.4000000060
37562  36.123  -22.979  14.591 0.3000000119
37563  35.665  -23.731  14.455 0.3000000119
110277  35.199  -24.668  15.222 0.3000000119
36759  35.350  -24.390  14.729 0.3000000119
35995  35.016  -25.084  14.850 0.3000000119
35999  35.174  -25.112  13.994 0.3000000119
98740  35.192  -25.975  13.375 0.3000000119
35233  34.981  -26.763  13.762 0.4000000060
33606  34.858  -29.122  13.664 0.6000000238
109664  34.953  -27.608  13.738 0.4000000060
35237  35.351  -26.834  12.786 0.4000000060
34474  35.168  -28.372  13.229 0.5000000000
110276  34.874  -29.558  13.133 0.6000000238
32751  33.683  -29.987  12.801 0.6999999881
31987  32.562  -31.000  13.689 0.8000000119
38416  36.791  -22.361  14.046 0.4000000060
37574  36.254  -22.880  13.584 0.3000000119
104678  35.834  -23.438  13.921 0.3000000119
36769  35.530  -24.254  13.719 0.3000000119
36002  35.428  -25.199  13.056 0.3000000119
102317  35.403  -26.054  12.505 0.4000000060
33610  35.278  -28.294  12.457 0.4000000060
33611  35.064  -29.098  12.775 0.5000000000
35239  35.383  -26.817  12.075 0.4000000060
32750  34.717  -29.771  12.945 0.6000000238
33618  35.053  -28.697  12.183 0.4000000060
32002  34.373  -30.004  12.807 0.6999999881
33622  34.627  -28.050  11.860 0.4000000060
32759  34.170  -29.418  12.481 0.6000000238
33620  33.684  -28.576  12.338 0.5000000000
32760  33.361  -29.239  12.689 0.6000000238
105975  33.085  -30.474  13.270 0.6999999881
32752  32.474  -29.411  13.171 0.6999999881
38438  37.510  -22.106  13.343 0.3000000119
38439  36.797  -22.463  13.003 0.3000000119
37578  36.319  -22.960  12.591 0.3000000119
37575  35.889  -23.554  13.127 0.3000000119
36773  35.623  -24.398  12.644 0.3000000119
102976  35.466  -25.265  12.135 0.4000000060
97977  35.226  -25.217  11.393 0.3000000119
36005  35.286  -26.035  11.787 0.3000000119
34479  35.242  -28.045  11.922 0.4000000060
35244  35.129  -26.679  11.615 0.3000000119
36006  34.986  -25.871  11.274 0.3000000119
34486  34.848  -27.284  11.650 0.3000000119
35245  34.506  -26.415  11.430 0.3000000119
34487  33.987  -27.035  11.648 0.4000000060
34480  33.373  -27.582  12.134 0.5000000000
33612  32.570  -28.567  12.810 0.5000000000
38449  37.479  -22.345  12.211 0.3000000119
38450  36.806  -22.609  11.927 0.3000000119
37579  35.898  -23.648  12.126 0.3000000119
36778  35.291  -24.403  10.978 0.3000000119
36779  34.864  -25.022  10.919 0.3000000119
99989  34.267  -25.526  11.101 0.3000000119
104238  32.717  -27.940  12.534 0.5000000000
34481  32.142  -27.185  12.421 0.5000000000
107470  37.495  -22.424  11.147 0.3000000119
38460  37.426  -22.187  10.503 0.3000000119
38455  36.750  -22.569  10.904 0.3000000119
37582  36.295  -23.054  11.544 0.3000000119
37583  35.723  -23.665  11.207 0.3000000119
37586  35.332  -23.592  10.628 0.3000000119
36783  34.784  -24.179  10.637 0.3000000119
35246  33.339  -25.964  11.478 0.4000000060
35240  32.743  -26.635  11.993 0.4000000060
106046  32.085  -25.818  11.853 0.4000000060
35241  31.259  -26.201  12.234 0.4000000060
33621  31.712  -27.773  12.754 0.5000000000
105508  38.656  -22.316  10.784 0.3000000119
38459  38.182  -22.246  10.684 0.3000000119
38461  36.620  -22.195  10.308 0.3000000119
38456  36.012  -22.919  10.595 0.3000000119
37587  34.597  -23.346  10.449 0.3000000119
36784  33.928  -24.537  10.829 0.3000000119
103466  34.013  -23.746  10.608 0.3000000119
109879  33.279  -25.079  11.218 0.4000000060
39219  37.997  -21.937  10.388 0.3000000119
39993  37.637  -21.314  10.408 0.3000000119
39221  36.389  -21.538  9.976 0.3000000119
39995  36.016  -20.695  9.882 0.3000000119
95706  35.783  -22.161  10.053 0.3000000119
38462  35.166  -22.784  10.280 0.3000000119
39222  35.479  -21.296  9.813 0.3000000119
39989  38.046  -20.805  10.768 0.3000000119
39220  37.210  -21.737  10.206 0.3000000119
40736  37.191  -20.487  10.528 0.3000000119
39994  36.823  -20.983  10.147 0.3000000119
94008  34.656  -21.909  9.936 0.3000000119
38463  34.319  -22.621  10.231 0.3000000119
93542  33.442  -22.883  10.449 0.3000000119
40732  37.507  -20.028  11.241 0.3000000119
106235  36.769  -19.743  10.809 0.3000000119
40737  36.301  -19.971  10.183 0.3000000119
39998  35.258  -20.527  9.692 0.3000000119
41717  36.057  -19.032  10.590 0.4000000060
40738  35.504  -19.012  9.878 0.4000000060
40733  36.805  -19.113  11.515 0.3000000119
41714  35.901  -18.169  11.014 0.4000000060
98428  27.449  -41.851  21.832 1.0000000000
31292  34.054  -32.557  13.936 0.6999999881
31306  34.011  -31.754  13.539 0.8000000119
99884  34.023  -30.818  13.121 0.8000000119
31998  34.415  -30.489  13.187 0.6999999881
94676  37.047  -51.082  17.973 0.6000000238
18308  35.880  -49.599  20.457 0.6000000238
16177  37.279  -52.605  20.596 0.5000000000
14801  35.549  -55.073  20.252 0.4000000060
14816  37.504  -54.727  18.717 0.5000000000
14802  34.656  -54.780  21.227 0.4000000060
103751  33.826  -49.916  24.700 0.6999999881
14815  37.924  -54.395  18.875 0.5000000000
13421  38.097  -56.156  18.644 0.5000000000
14068  34.864  -55.579  21.261 0.4000000060
19646  31.443  -47.232  23.462 0.8000000119
18277  33.544  -49.243  24.331 0.6999999881
14066  37.503  -54.977  21.158 0.4000000060
96588  28.739  -45.412  23.685 0.8000000119
108784  28.024  -42.137  18.945 0.8000000119
15452  35.967  -53.922  24.560 0.4000000060
14052  37.098  -55.237  22.322 0.4000000060
16130  35.329  -52.623  25.381 0.5000000000
17513  35.265  -50.829  26.879 0.6999999881
22340  29.949  -42.985  26.039 0.8000000119
25851  32.675  -38.984  25.076 0.8000000119
25140  31.399  -39.692  23.434 1.0000000000
25141  30.568  -39.866  23.290 1.0000000000
23744  32.678  -41.542  26.868 0.6999999881
26725  32.491  -38.196  22.210 0.8000000119
98013  32.659  -37.848  20.069 1.0000000000
23011  33.439  -42.683  27.575 0.6999999881
27534  38.669  -36.527  22.009 0.4000000060
100938  27.509  -36.466  19.451 1.0000000000
96085  38.715  -35.072  21.434 0.4000000060
26723  38.581  -37.112  22.411 0.4000000060
92649  38.362  -35.883  22.284 0.5000000000
32690  37.351  -29.545  20.169 0.4000000060
31944  37.757  -30.178  20.132 0.4000000060
27589  32.733  -37.101  15.803 1.0000000000
29740  37.387  -33.391  22.083 0.5000000000
98057  33.003  -33.245  14.108 0.8000000119
99476  33.338  -33.170  20.648 0.5000000000
101346  33.394  -31.016  18.812 0.5000000000
31291  34.229  -31.686  13.791 0.6999999881
32758  34.748  -29.337  12.542 0.6000000238
36775  35.531  -24.456  11.682 0.3000000119
19684  31.691  -47.893  19.371 0.5000000000
19032  31.690  -48.120  18.116 0.5000000000
19700  32.739  -47.630  17.335 0.5000000000
19683  32.731  -47.625  18.600 0.5000000000
19706  33.511  -47.584  17.046 0.5000000000
19030  34.505  -47.962  17.401 0.4000000060
19698  34.046  -47.589  17.488 0.5000000000
102844  34.997  -48.339  17.780 0.4000000060
19681  34.625  -47.819  18.170 0.5000000000
17617  35.489  -49.311  17.909 0.5000000000
19015  35.279  -48.396  18.266 0.5000000000
24518  25.465  -41.151  17.811 0.6999999881
107938  25.272  -41.594  17.734 0.6999999881
24517  26.292  -41.314  17.729 0.8000000119
23828  27.474  -41.920  17.974 0.8000000119
23829  26.966  -41.558  17.795 0.8000000119
24507  24.693  -40.437  18.242 0.6999999881
24505  26.572  -40.861  18.146 0.8999999762
24504  27.187  -41.066  18.461 0.8999999762
25192  27.194  -40.052  19.338 0.8999999762
25201  25.289  -39.844  18.617 0.6000000238
24506  25.780  -40.620  18.102 0.8000000119
25199  26.776  -40.373  18.692 0.8999999762
25187  27.503  -39.279  20.261 0.8999999762
20243  37.070  -46.446  27.150 0.5000000000
19585  36.566  -47.191  27.523 0.5000000000
99364  35.892  -46.647  27.755 0.5000000000
18924  36.242  -48.277  27.583 0.6000000238
19586  35.642  -47.515  27.763 0.5000000000
18229  36.334  -49.378  27.392 0.6000000238
25194  25.838  -39.282  19.093 0.8999999762
25193  26.626  -39.604  19.168 0.8999999762
25200  26.196  -40.103  18.575 0.8999999762
25932  27.134  -38.814  19.817 0.8999999762
25927  27.704  -38.517  20.404 0.8999999762
21608  36.670  -44.451  26.778 0.5000000000
21592  35.996  -44.378  27.266 0.5000000000
20908  37.037  -45.120  26.788 0.5000000000
20892  36.388  -45.070  27.231 0.5000000000
99513  35.762  -45.008  27.559 0.5000000000
20907  37.571  -45.219  26.428 0.5000000000
20891  36.744  -45.747  27.207 0.5000000000
25933  26.409  -38.569  19.515 0.8999999762
26751  27.668  -37.855  20.181 0.8999999762
22322  36.927  -43.936  26.371 0.5000000000
22306  35.516  -43.710  27.343 0.5000000000
21607  37.394  -44.528  26.260 0.5000000000
20926  38.029  -45.017  26.001 0.5000000000
22339  36.848  -43.303  26.120 0.5000000000
94314  37.273  -43.145  25.587 0.5000000000
23040  36.859  -42.628  25.802 0.5000000000
22337  37.796  -43.434  25.107 0.5000000000
108671  37.419  -42.149  24.947 0.4000000060
27568  25.324  -36.151  19.063 0.6000000238
28330  25.044  -35.559  18.586 0.6000000238
27567  25.907  -35.708  18.792 0.8000000119
28346  25.770  -34.958  18.020 0.6999999881
96620  24.712  -34.975  17.877 0.6999999881
29082  25.218  -34.371  17.286 0.6999999881
93330  26.527  -35.318  18.471 0.8000000119
28345  26.875  -34.761  17.818 0.6999999881
29081  26.205  -34.258  17.262 0.6999999881
29080  27.167  -34.198  17.070 0.6999999881
29094  26.612  -33.770  16.712 0.6999999881
28344  28.392  -34.950  17.521 0.8000000119
29079  27.978  -34.521  16.758 0.8000000119
29093  27.600  -34.066  16.404 0.6999999881
29092  28.312  -34.646  16.164 0.6999999881
29091  28.942  -35.015  15.846 0.8000000119
29104  28.360  -34.314  15.941 0.6999999881
29103  29.315  -34.779  15.614 0.8000000119
30556  29.674  -33.120  15.415 0.6000000238
28359  29.639  -35.342  16.095 0.8000000119
108383  30.541  -33.736  15.248 0.6000000238
30571  30.010  -32.018  15.181 0.6000000238
29793  29.914  -34.252  15.461 0.8000000119
30570  30.789  -32.961  14.961 0.6000000238
96369  31.234  -32.019  14.630 0.6000000238
29102  30.340  -35.121  15.388 0.8000000119
108335  31.051  -31.098  14.460 0.6000000238
31293  32.038  -31.511  14.166 0.6000000238
32000  31.894  -30.045  13.649 0.6999999881
31988  31.434  -30.603  14.096 0.6000000238
97789  31.968  -33.085  14.545 0.6999999881
18333  35.648  -48.944  17.933 0.5000000000
19002  35.790  -48.803  18.723 0.5000000000
19682  33.774  -47.471  18.400 0.5000000000
24494  27.442  -40.190  20.140 0.8999999762
110131  37.852  -42.938  24.635 0.3000000119
28329  27.318  -35.323  18.520 0.8000000119
19031  34.048  -47.781  17.071 0.5000000000
19584  37.404  -47.203  27.054 0.5000000000
28360  28.699  -35.015  16.420 0.8000000119
29794  28.931  -33.872  15.640 0.6999999881
15438  36.347  -53.994  25.549 0.4000000060
14723  37.089  -53.967  26.195 0.4000000060
16111  36.641  -52.625  26.533 0.4000000060
15416  37.088  -53.227  26.448 0.4000000060
101378  36.987  -50.978  27.102 0.5000000000
16109  38.116  -52.395  26.669 0.4000000060
15415  37.893  -53.377  26.550 0.4000000060
17493  36.729  -50.255  27.204 0.5000000000
17511  37.638  -50.421  26.970 0.5000000000
16797  37.679  -51.456  26.846 0.4000000060
100600  38.921  -52.265  26.564 0.4000000060
16796  38.608  -51.610  26.633 0.4000000060
16110  37.318  -52.186  26.727 0.4000000060
16108  38.917  -53.105  26.548 0.4000000060
18923  37.129  -48.686  27.254 0.5000000000
98451  39.166  -50.997  26.437 0.4000000060
16795  39.365  -51.720  26.432 0.4000000060
17528  41.132  -50.867  25.172 0.4000000060
16794  40.121  -51.770  26.186 0.4000000060
16815  41.609  -51.681  25.047 0.4000000060
16816  40.869  -51.704  25.663 0.4000000060
18228  37.309  -49.571  27.133 0.5000000000
18246  37.958  -49.709  26.866 0.5000000000
102512  38.325  -50.108  26.714 0.4000000060
19679  42.097  -47.959  19.280 0.3000000119
17510  38.421  -50.792  26.697 0.4000000060
18307  42.509  -49.431  20.972 0.3000000119
17508  39.746  -50.546  26.060 0.4000000060
96206  42.619  -49.696  20.098 0.3000000119
17568  42.423  -50.034  22.445 0.3000000119
17556  42.158  -50.089  23.290 0.3000000119
17545  41.679  -50.200  24.120 0.4000000060
97946  40.339  -51.036  25.812 0.4000000060
109496  42.792  -50.780  21.938 0.3000000119
16839  42.213  -50.871  23.659 0.3000000119
98157  41.776  -51.042  24.452 0.4000000060
103010  37.783  -48.037  26.914 0.4000000060
111317  38.214  -48.400  26.641 0.4000000060
18244  39.162  -49.296  26.147 0.4000000060
18245  38.514  -49.475  26.547 0.4000000060
19666  42.064  -47.745  20.569 0.3000000119
98438  41.680  -46.886  21.029 0.3000000119
18991  42.233  -48.486  21.291 0.3000000119
18986  41.945  -48.283  22.156 0.3000000119
96877  41.913  -48.747  22.637 0.3000000119
18964  41.299  -48.763  23.913 0.4000000060
18274  41.251  -49.441  24.348 0.4000000060
17529  40.423  -50.168  25.476 0.4000000060
18295  42.298  -49.184  22.030 0.3000000119
18296  42.060  -49.349  22.901 0.3000000119
18286  41.669  -49.430  23.633 0.3000000119
98322  37.042  -47.884  27.328 0.4000000060
20306  40.932  -46.193  22.921 0.3000000119
19632  40.465  -47.307  24.363 0.3000000119
20291  39.809  -46.889  24.977 0.4000000060
97942  39.737  -48.265  25.454 0.4000000060
18951  39.101  -48.048  25.990 0.4000000060
20312  41.489  -46.843  21.928 0.3000000119
20298  41.253  -46.812  22.711 0.3000000119
20299  40.817  -46.758  23.505 0.3000000119
105813  40.920  -48.097  24.158 0.4000000060
18966  40.378  -48.145  24.815 0.4000000060
99312  39.278  -48.672  25.926 0.4000000060
19653  41.563  -47.529  22.406 0.3000000119
19644  41.290  -47.477  23.130 0.3000000119
18949  40.255  -48.855  25.176 0.4000000060
18950  39.704  -49.056  25.664 0.4000000060
93272  41.589  -48.156  22.845 0.3000000119
18275  40.681  -49.460  24.990 0.4000000060
18262  40.160  -49.456  25.458 0.4000000060
98871  38.472  -44.928  25.463 0.4000000060
20925  38.508  -45.559  25.749 0.4000000060
20906  37.981  -45.722  26.309 0.4000000060
20257  37.747  -46.458  26.657 0.4000000060
108654  39.599  -45.535  24.514 0.3000000119
20924  38.968  -46.005  25.510 0.4000000060
19598  38.832  -47.288  26.044 0.4000000060
19599  38.137  -47.217  26.557 0.4000000060
20290  40.124  -46.223  24.249 0.4000000060
20946  39.489  -46.099  25.007 0.4000000060
19616  39.448  -47.463  25.515 0.4000000060
18934  38.470  -47.942  26.443 0.4000000060
29795  27.580  -33.689  16.094 0.6000000238
29783  26.894  -33.462  16.317 0.6000000238
30557  28.677  -32.941  15.607 0.5000000000
95153  27.950  -33.268  15.833 0.5000000000
31280  28.901  -32.085  15.362 0.5000000000
31294  30.175  -31.118  14.729 0.5000000000
104254  30.360  -30.345  14.362 0.5000000000
32001  30.676  -29.697  13.947 0.5000000000
32753  31.064  -29.066  13.521 0.4000000060
39996  33.187  -20.601  9.668 0.3000000119
40000  32.955  -19.891  9.600 0.3000000119
103445  32.491  -20.355  9.837 0.3000000119
99223  35.469  -19.869  9.735 0.3000000119
100154  34.581  -19.962  9.506 0.3000000119
40742  33.641  -19.332  9.518 0.3000000119
40743  32.840  -19.318  9.706 0.3000000119
40740  32.439  -19.772  9.913 0.3000000119
40735  32.310  -19.729  10.364 0.3000000119
40741  34.698  -19.110  9.573 0.3000000119
41721  34.001  -18.367  9.530 0.3000000119
41722  33.158  -18.691  9.747 0.3000000119
42670  33.692  -17.782  9.803 0.3000000119
40739  32.570  -19.072  9.926 0.3000000119
40734  32.694  -19.003  10.499 0.3000000119
92273  33.144  -19.067  11.560 0.3000000119
41718  35.239  -17.985  10.149 0.3000000119
41720  34.791  -18.191  9.618 0.3000000119
42667  35.015  -16.834  9.589 0.3000000119
42669  34.443  -17.377  9.536 0.3000000119
97015  34.235  -16.746  9.669 0.3000000119
41719  32.969  -18.318  10.004 0.3000000119
41715  33.261  -18.286  10.819 0.3000000119
107978  35.906  -17.390  11.313 0.3000000119
42666  35.439  -17.110  10.449 0.3000000119
43396  34.661  -16.173  9.446 0.3000000119
43390  34.417  -15.906  9.652 0.3000000119
43380  34.055  -16.193  10.106 0.3000000119
43379  34.224  -15.567  10.665 0.3000000119
42659  35.808  -16.382  11.003 0.3000000119
43378  35.836  -15.236  10.522 0.3000000119
101123  35.522  -15.128  9.877 0.3000000119
44107  35.262  -14.634  9.742 0.3000000119
94358  34.372  -15.257  9.912 0.3000000119
44106  35.768  -14.354  10.145 0.3000000119
44934  35.865  -13.738  11.016 0.3000000119
44941  35.473  -13.793  10.014 0.3000000119
44098  35.984  -14.343  10.845 0.3000000119
44086  36.070  -14.361  11.888 0.3000000119
16107  39.649  -52.463  26.430 0.4000000060
14742  36.792  -54.490  25.615 0.4000000060
15414  38.579  -53.880  26.497 0.4000000060
16830  42.087  -51.758  24.495 0.4000000060
16128  41.418  -52.381  25.488 0.4000000060
16129  40.619  -52.565  26.094 0.4000000060
95334  42.553  -49.541  19.332 0.3000000119
17579  42.864  -50.428  20.437 0.3000000119
17567  42.624  -50.093  21.532 0.3000000119
110444  42.556  -50.824  22.816 0.3000000119
111367  42.286  -51.493  23.994 0.3000000119
19001  42.386  -48.789  20.089 0.3000000119
20971  41.189  -46.117  22.264 0.3000000119
108632  41.501  -46.198  20.599 0.3000000119
21640  38.706  -44.516  24.886 0.4000000060
21639  39.337  -44.815  24.366 0.4000000060
20963  39.913  -45.288  23.870 0.3000000119
20962  40.479  -45.813  23.392 0.3000000119
21623  38.013  -44.297  25.480 0.4000000060
29095  25.660  -33.805  16.764 0.6000000238
43366  36.170  -15.591  11.863 0.3000000119
44069  36.419  -15.132  12.774 0.3000000119
20333  41.451  -46.425  18.914 0.3000000119
15417  36.415  -53.362  26.133 0.4000000060
17512  36.177  -50.944  27.090 0.5000000000
17530  39.709  -49.772  25.881 0.4000000060
18992  41.832  -47.610  21.596 0.3000000119
20256  38.505  -46.409  26.079 0.4000000060
42668  33.604  -17.343  10.202 0.3000000119
99237  34.749  -15.140  9.586 0.3000000119
44108  34.707  -14.375  9.896 0.3000000119
105784  36.317  -14.295  13.105 0.3000000119
14741  37.346  -54.747  25.943 0.3000000119
21010  28.015  -45.197  19.168 0.6000000238
21694  27.759  -44.329  18.606 0.6999999881
21011  26.971  -44.853  19.244 0.6999999881
14722  37.951  -54.293  26.351 0.3000000119
13412  36.845  -56.591  19.245 0.3000000119
97385  26.767  -43.670  18.297 0.6999999881
14035  37.343  -56.030  22.634 0.3000000119
21695  26.315  -44.236  18.954 0.6999999881
110914  27.140  -44.140  18.586 0.6999999881
14004  37.309  -55.956  24.947 0.3000000119
108254  37.505  -55.381  25.669 0.3000000119
105175  38.059  -55.972  25.825 0.3000000119
14720  39.646  -54.841  26.491 0.3000000119
13988  38.620  -55.464  26.295 0.3000000119
13989  38.025  -55.100  26.187 0.3000000119
14719  40.561  -55.033  26.497 0.3000000119
95040  40.131  -54.204  26.454 0.3000000119
14721  38.768  -54.692  26.440 0.3000000119
13411  37.812  -56.687  18.711 0.3000000119
13396  38.152  -56.374  20.303 0.4000000060
22418  26.271  -43.154  18.069 0.6999999881
13373  37.624  -56.838  23.076 0.3000000119
13355  37.594  -56.746  24.265 0.3000000119
13336  37.846  -56.601  25.154 0.3000000119
13313  39.050  -56.270  26.246 0.3000000119
98168  38.174  -56.962  18.889 0.4000000060
22433  26.591  -42.719  17.689 0.6999999881
12741  38.495  -58.106  21.019 0.3000000119
13387  37.946  -56.893  21.518 0.3000000119
12719  38.021  -57.597  23.664 0.3000000119
22417  27.168  -43.113  17.775 0.6999999881
13354  38.178  -57.325  24.745 0.3000000119
15437  40.892  -53.430  26.139 0.3000000119
15413  39.974  -53.362  26.423 0.3000000119
15412  41.109  -54.263  26.256 0.3000000119
23119  27.000  -42.450  17.582 0.6999999881
12732  38.175  -57.767  22.378 0.3000000119
23131  27.214  -42.101  17.630 0.6999999881
12070  39.309  -59.408  23.576 0.3000000119
12731  38.636  -58.580  23.024 0.3000000119
23118  27.611  -42.606  17.781 0.6999999881
15436  41.818  -53.695  25.674 0.3000000119
100667  38.646  -58.711  21.909 0.3000000119
107536  41.854  -52.968  25.366 0.3000000119
21660  38.911  -43.960  24.146 0.3000000119
20326  26.618  -46.477  20.447 0.6999999881
20325  27.363  -46.640  20.161 0.6000000238
20336  27.228  -45.793  19.832 0.6000000238
20335  27.982  -46.265  19.714 0.6000000238
21708  25.760  -43.733  18.661 0.6999999881
95794  37.446  -57.297  19.016 0.3000000119
23120  25.831  -42.634  17.881 0.6999999881
12778  37.952  -57.288  18.865 0.4000000060
12769  38.192  -58.030  19.377 0.4000000060
12752  38.334  -57.338  19.841 0.4000000060
23839  25.972  -41.723  17.601 0.6999999881
12106  38.656  -59.498  20.522 0.3000000119
11486  38.797  -60.248  21.054 0.3000000119
111666  36.855  -55.501  24.302 0.3000000119
23132  26.325  -42.255  17.581 0.6999999881
12083  39.164  -59.672  22.250 0.3000000119
12120  38.376  -58.901  19.900 0.3000000119
19016  30.962  -48.290  19.057 0.5000000000
19686  29.786  -47.589  19.844 0.5000000000
109915  29.465  -48.210  19.576 0.5000000000
19685  30.736  -47.861  19.798 0.4000000060
16882  24.428  -51.173  20.529 0.4000000060
16896  22.855  -51.846  20.434 0.5000000000
110322  29.325  -47.078  19.818 0.5000000000
16214  21.486  -52.497  19.715 0.4000000060
15536  20.920  -53.104  19.314 0.4000000060
16895  24.006  -51.925  20.347 0.5000000000
110284  28.502  -46.743  19.739 0.4000000060
94302  20.390  -53.769  18.819 0.4000000060
107227  21.927  -51.963  20.073 0.4000000060
16883  23.537  -51.167  20.661 0.5000000000
16884  22.716  -50.964  20.547 0.4000000060
99080  24.394  -49.956  21.218 0.5000000000
98624  25.565  -47.904  21.212 0.4000000060
19670  26.998  -47.428  20.497 0.4000000060
19671  26.102  -47.258  20.920 0.4000000060
15537  19.831  -52.778  18.837 0.4000000060
101082  18.361  -51.060  18.800 0.4000000060
100553  21.833  -51.068  20.105 0.4000000060
17624  19.778  -49.872  18.941 0.4000000060
17595  23.153  -50.388  20.766 0.5000000000
17609  22.256  -50.240  20.309 0.4000000060
18329  20.310  -49.343  19.067 0.4000000060
18318  23.654  -49.760  21.102 0.5000000000
19691  21.131  -47.962  19.128 0.4000000060
106884  20.503  -48.202  18.962 0.4000000060
95815  24.307  -49.052  21.363 0.5000000000
19007  24.710  -48.016  21.293 0.5000000000
20339  21.505  -47.161  19.027 0.4000000060
20346  21.008  -46.583  18.729 0.4000000060
94494  25.460  -48.819  21.268 0.5000000000
19672  25.114  -47.182  21.095 0.6000000238
16909  18.512  -51.696  18.600 0.4000000060
102472  18.975  -51.036  18.748 0.4000000060
16215  20.465  -52.120  19.288 0.4000000060
97802  19.601  -50.628  18.961 0.4000000060
18319  22.770  -49.533  20.576 0.5000000000
17611  20.392  -50.116  19.176 0.4000000060
96685  23.345  -48.976  20.917 0.5000000000
19021  21.513  -48.570  19.474 0.4000000060
19022  20.748  -48.686  19.136 0.4000000060
20345  21.913  -46.373  18.870 0.4000000060
20327  25.609  -46.362  20.668 0.6000000238
21001  26.239  -45.594  20.084 0.6000000238
103323  20.958  -50.760  19.496 0.4000000060
19008  23.636  -48.045  20.792 0.5000000000
19690  21.989  -47.749  19.458 0.4000000060
105979  24.289  -47.338  20.896 0.5000000000
21002  25.123  -45.618  20.165 0.6000000238
16898  20.238  -51.081  19.206 0.4000000060
17610  21.347  -50.118  19.660 0.4000000060
18328  20.977  -49.335  19.314 0.4000000060
19009  22.521  -48.497  20.155 0.5000000000
18327  21.851  -49.350  19.893 0.5000000000
19673  23.670  -47.148  20.399 0.5000000000
19674  22.888  -47.460  19.960 0.5000000000
20338  22.378  -46.885  19.351 0.4000000060
20328  24.429  -46.508  20.491 0.6000000238
21015  22.741  -46.079  19.197 0.5000000000
21022  22.325  -45.610  18.766 0.4000000060
21012  25.782  -44.917  19.586 0.6000000238
20337  24.125  -45.795  19.837 0.6000000238
19689  23.346  -46.523  19.794 0.5000000000
100296  23.908  -45.353  19.410 0.6000000238
103158  23.440  -45.810  19.452 0.5000000000
21696  25.244  -44.409  19.196 0.6000000238
23122  23.870  -42.256  18.159 0.5000000000
23121  24.850  -42.503  18.050 0.6000000238
100796  23.975  -43.026  18.307 0.5000000000
22419  25.067  -43.224  18.382 0.6000000238
22420  23.885  -43.778  18.579 0.6000000238
105322  23.101  -44.254  18.590 0.5000000000
21013  24.707  -45.110  19.596 0.6000000238
21021  22.745  -44.889  18.678 0.5000000000
23840  24.657  -41.840  17.897 0.5000000000
23830  24.618  -41.174  17.969 0.5000000000
23133  25.509  -42.092  17.689 0.6000000238
21710  23.618  -44.529  18.819 0.6000000238
21014  23.244  -45.298  19.057 0.5000000000
21709  24.635  -44.042  18.846 0.6000000238
19687  28.902  -47.651  19.728 0.4000000060
19688  27.913  -47.399  20.001 0.4000000060
21008  29.253  -45.735  19.765 0.5000000000
93536  29.050  -46.578  19.703 0.4000000060
19017  30.059  -48.483  19.273 0.5000000000
19018  29.083  -48.861  19.290 0.5000000000
17594  23.995  -50.530  20.981 0.5000000000
16897  21.134  -51.577  19.622 0.4000000060
18340  19.873  -49.306  18.933 0.4000000060
16908  19.443  -51.640  18.840 0.4000000060
21697  24.199  -44.785  19.161 0.6000000238
17625  19.042  -50.325  18.829 0.3000000119
18341  19.347  -49.563  18.958 0.3000000119
19701  20.561  -47.440  18.855 0.3000000119
19035  19.560  -48.880  18.992 0.3000000119
19692  19.809  -48.097  18.911 0.3000000119
12121  38.102  -58.871  19.730 0.3000000119
12740  38.810  -59.227  21.168 0.3000000119
12751  38.469  -58.601  20.130 0.3000000119
13335  38.505  -56.887  25.574 0.3000000119
14005  36.895  -55.088  25.142 0.3000000119
14018  37.147  -56.110  23.780 0.3000000119
14065  38.066  -55.569  20.046 0.5000000000
15485  33.185  -54.033  22.228 0.3000000119
15504  33.810  -53.565  21.577 0.4000000060
15528  37.690  -53.009  18.299 0.6000000238
16798  36.629  -51.722  26.847 0.5000000000
16818  34.687  -51.513  25.699 0.6000000238
16841  34.654  -51.263  24.114 0.6000000238
16875  37.716  -52.096  18.064 0.6999999881
16879  33.883  -51.012  19.818 0.6000000238
16888  37.482  -51.772  17.928 0.6999999881
17509  39.031  -50.133  26.389 0.4000000060
17514  34.561  -50.533  26.511 0.6000000238
17546  41.137  -50.095  24.811 0.4000000060
17593  24.811  -50.500  20.817 0.4000000060
18933  38.673  -48.681  26.369 0.4000000060
18935  33.256  -48.625  26.637 0.6999999881
18965  40.818  -48.787  24.557 0.4000000060
18976  41.632  -48.758  23.242 0.3000000119
18977  41.310  -48.124  23.509 0.3000000119
19023  20.159  -48.765  18.924 0.4000000060
19633  39.997  -47.603  25.060 0.4000000060
19699  33.417  -47.491  17.645 0.5000000000
20233  34.012  -46.182  28.336 0.6000000238
20244  36.476  -46.351  27.487 0.5000000000
20245  35.418  -46.183  27.935 0.6000000238
20272  39.190  -46.689  25.537 0.4000000060
20313  31.301  -46.976  21.417 0.6999999881
20947  39.061  -45.315  25.093 0.4000000060
21596  31.965  -44.504  27.913 0.6999999881
21598  30.724  -44.558  27.114 0.6999999881
21625  28.503  -44.219  24.827 0.8000000119
22286  32.552  -43.845  28.024 0.6999999881
22323  36.292  -43.655  26.767 0.5000000000
22338  37.387  -43.747  25.818 0.5000000000
22395  28.747  -43.878  19.705 0.8000000119
23039  37.432  -42.660  25.151 0.5000000000
23052  37.707  -42.379  24.556 0.3000000119
23722  32.831  -42.252  27.317 0.6999999881
23764  37.482  -41.594  24.649 0.4000000060
23838  26.699  -41.907  17.559 0.6999999881
24448  37.818  -40.297  23.890 0.3000000119
25102  34.132  -39.203  26.164 0.6999999881
25847  35.849  -37.832  25.322 0.6999999881
25874  37.803  -38.585  23.785 0.5000000000
26706  37.676  -37.602  23.729 0.6000000238
26768  33.040  -37.715  18.287 1.0000000000
27486  34.784  -36.550  24.677 0.6999999881
27565  31.875  -37.149  18.144 1.0000000000
27602  32.528  -36.654  14.944 0.8999999762
28262  37.162  -35.329  23.292 0.6000000238
28266  33.731  -35.637  23.403 0.6999999881
28356  33.469  -36.004  15.477 1.0000000000
28371  33.364  -35.607  14.747 0.8999999762
28372  33.095  -35.597  14.558 1.0000000000
29017  36.713  -34.614  23.168 0.6000000238
29041  33.765  -34.533  22.567 0.6999999881
29058  39.023  -34.745  20.818 0.3000000119
29804  32.527  -34.035  14.392 0.8999999762
30485  35.893  -32.579  22.280 0.5000000000
30515  39.107  -32.329  19.350 0.4000000060
31218  37.281  -31.378  20.993 0.4000000060
31228  34.307  -31.157  20.780 0.5000000000
31936  36.193  -30.169  20.820 0.5000000000
31939  33.875  -30.767  20.206 0.4000000060
32689  38.105  -29.693  19.709 0.4000000060
33545  36.161  -28.571  20.190 0.5000000000
33554  34.240  -28.175  18.895 0.4000000060
33619  34.597  -28.881  12.244 0.6000000238
34471  35.324  -27.619  12.995 0.4000000060
34478  35.383  -27.568  12.274 0.4000000060
34482  30.889  -26.947  12.558 0.4000000060
34485  35.231  -27.424  11.848 0.4000000060
35206  34.553  -26.554  17.319 0.4000000060
35224  34.600  -26.369  15.408 0.3000000119
37529  35.883  -23.678  16.080 0.3000000119
37545  35.737  -23.650  15.203 0.3000000119
38454  38.384  -22.399  11.286 0.3000000119
43388  35.471  -16.025  9.991 0.3000000119
43389  35.105  -15.641  9.510 0.3000000119
44940  35.905  -13.868  10.376 0.3000000119
44942  34.967  -13.833  9.960 0.3000000119
44953  34.977  -14.224  9.763 0.3000000119
45794  35.666  -13.561  10.514 0.3000000119
92633  38.689  -33.904  20.889 0.4000000060
95796  37.363  -45.775  26.757 0.5000000000
96454  27.670  -34.897  18.004 0.8000000119
96651  27.595  -34.622  17.417 0.8000000119
97047  37.944  -48.938  26.829 0.4000000060
98440  37.432  -52.752  26.602 0.4000000060
98498  33.792  -32.491  15.615 0.6999999881
98728  34.940  -43.089  27.390 0.6000000238
100661  31.046  -41.087  25.058 0.8000000119
101735  39.220  -55.391  26.432 0.3000000119
102541  39.122  -60.073  21.332 0.3000000119
102583  33.721  -20.120  9.515 0.3000000119
102954  39.321  -54.001  26.504 0.3000000119
103953  32.429  -35.866  14.755 0.8999999762
104625  34.783  -49.427  27.287 0.6999999881
105708  40.988  -47.543  23.734 0.3000000119
106323  40.461  -53.811  26.342 0.3000000119
106333  41.449  -50.544  24.639 0.4000000060
108906  33.849  -33.168  14.236 0.6999999881
108922  37.225  -30.826  20.724 0.4000000060
108923  34.588  -16.746  9.445 0.3000000119
108939  33.557  -33.270  16.702 0.6999999881
108970  33.351  -31.535  18.995 0.5000000000
109005  29.303  -41.642  24.583 0.8999999762
109469  34.855  -17.528  9.631 0.3000000119
109525  31.443  -42.368  26.630 0.8000000119
109854  38.477  -33.376  20.935 0.4000000060
110187  33.650  -35.424  15.208 0.8999999762
110410  35.041  -27.027  18.967 0.4000000060
110690  33.585  -32.059  20.460 0.5000000000
111072  41.322  -52.991  25.771 0.3000000119
111097  39.747  -51.212  26.211 0.4000000060
111102  38.073  -56.764  18.679 0.4000000060
111125  37.212  -26.144  19.176 0.3000000119
111284  35.080  -27.764  11.740 0.4000000060
111365  34.640  -44.256  27.907 0.6000000238
111462  36.921  -38.545  24.794 0.6999999881
