#!ascii label  , from subject sub-fsm14pu vox2ras=TkReg
1346
6393  -34.512  -83.329  -11.927 0.5000000000
6403  -34.686  -82.849  -12.778 0.6000000238
7182  -41.108  -82.456  -12.267 0.3000000119
7195  -35.034  -82.401  -13.556 0.5000000000
8053  -38.322  -82.128  -12.471 0.4000000060
8068  -39.102  -82.106  -13.040 0.4000000060
8069  -39.936  -81.976  -13.327 0.4000000060
8070  -40.668  -82.074  -12.930 0.3000000119
8962  -39.153  -81.388  -13.633 0.4000000060
8032  -32.693  -81.079  -10.632 0.5000000000
8050  -33.194  -81.726  -10.935 0.5000000000
7163  -34.172  -82.721  -11.300 0.5000000000
8049  -32.210  -81.536  -11.043 0.6000000238
145561  -32.900  -82.033  -11.766 0.5000000000
7178  -33.991  -82.245  -12.202 0.6000000238
7168  -41.937  -82.426  -10.905 0.3000000119
7193  -33.771  -81.786  -12.990 0.5000000000
8945  -37.276  -80.625  -12.145 0.5000000000
8052  -37.565  -82.141  -11.795 0.5000000000
8054  -41.743  -82.108  -11.771 0.3000000119
7177  -33.279  -82.063  -12.191 0.6000000238
7194  -34.389  -81.953  -13.262 0.5000000000
9783  -37.717  -80.108  -12.726 0.5000000000
144629  -37.875  -80.839  -12.729 0.4000000060
8085  -40.766  -81.505  -13.616 0.3000000119
8071  -41.384  -81.837  -12.698 0.3000000119
138198  -37.626  -79.227  -12.782 0.4000000060
131738  -38.458  -80.593  -13.375 0.4000000060
8974  -39.238  -80.576  -14.085 0.4000000060
9784  -38.181  -79.748  -13.254 0.4000000060
10643  -32.234  -78.659  -13.458 0.6999999881
10612  -32.364  -78.480  -11.474 0.6999999881
143314  -32.641  -78.664  -10.891 0.6999999881
7149  -34.525  -82.743  -10.809 0.5000000000
9796  -31.105  -79.441  -13.979 0.6999999881
10627  -31.620  -79.325  -13.171 0.6999999881
10596  -32.040  -79.186  -10.964 0.8000000119
8930  -32.331  -80.360  -10.517 0.5000000000
8929  -31.796  -80.404  -10.809 0.6999999881
144669  -35.223  -82.847  -10.643 0.5000000000
9782  -31.074  -79.999  -12.522 0.6999999881
8036  -36.067  -81.401  -10.896 0.4000000060
8051  -36.987  -81.348  -11.607 0.5000000000
8039  -41.966  -81.965  -10.498 0.3000000119
7159  -31.204  -82.079  -11.598 0.6000000238
8944  -36.514  -80.467  -11.429 0.5000000000
8055  -42.129  -81.652  -11.195 0.3000000119
7160  -31.770  -81.944  -11.396 0.5000000000
9766  -36.946  -79.625  -12.078 0.5000000000
10629  -36.729  -77.989  -12.247 0.4000000060
126948  -37.038  -78.761  -12.358 0.4000000060
9797  -38.776  -79.865  -13.857 0.4000000060
9799  -39.867  -80.333  -14.500 0.4000000060
8975  -39.858  -81.126  -14.030 0.4000000060
11534  -37.596  -77.127  -13.040 0.3000000119
10630  -37.538  -78.173  -12.785 0.4000000060
12552  -29.734  -76.340  -16.348 0.5000000000
12538  -29.578  -76.598  -15.503 0.6000000238
11579  -30.214  -77.171  -15.945 0.6000000238
10675  -30.921  -78.569  -15.103 0.6000000238
10642  -31.720  -79.082  -13.934 0.6000000238
13502  -27.704  -75.376  -17.463 0.5000000000
13488  -27.987  -75.473  -16.433 0.5000000000
13475  -28.565  -75.706  -15.682 0.6000000238
11562  -29.879  -77.480  -15.234 0.6000000238
10674  -30.196  -78.310  -14.935 0.6999999881
8931  -33.146  -80.471  -10.364 0.6000000238
7131  -39.867  -82.240  -8.406 0.3000000119
126378  -26.283  -76.365  -17.413 0.6999999881
13487  -27.062  -75.683  -16.905 0.6000000238
13474  -27.853  -75.664  -15.645 0.6000000238
12537  -29.020  -76.049  -15.087 0.6000000238
12522  -29.347  -76.756  -14.691 0.6999999881
9807  -30.489  -79.008  -14.433 0.6999999881
143163  -33.682  -79.199  -10.500 0.6000000238
9751  -34.416  -79.456  -10.594 0.6000000238
8035  -35.251  -81.928  -10.531 0.5000000000
12582  -25.446  -76.372  -19.160 0.6999999881
140828  -26.672  -76.188  -16.544 0.6000000238
127342  -26.728  -76.486  -15.880 0.6000000238
13466  -28.207  -75.875  -14.995 0.6000000238
11531  -29.376  -77.960  -13.571 0.6999999881
9781  -30.336  -80.342  -12.964 0.6999999881
8933  -35.633  -80.410  -10.866 0.5000000000
8024  -41.761  -82.251  -9.977 0.3000000119
12581  -24.751  -77.042  -18.960 0.6999999881
12549  -25.548  -77.335  -17.447 0.6000000238
12550  -26.187  -77.006  -16.652 0.6999999881
12502  -28.284  -76.678  -13.589 0.6000000238
11530  -28.691  -77.242  -13.054 0.6000000238
8960  -30.736  -80.854  -11.942 0.6999999881
10599  -34.940  -78.944  -10.930 0.5000000000
9765  -35.562  -78.574  -11.352 0.5000000000
139957  -27.580  -76.864  -13.570 0.6000000238
9794  -29.672  -79.683  -13.270 0.6000000238
8067  -30.329  -81.668  -12.262 0.6000000238
7174  -30.622  -82.165  -12.036 0.6000000238
11501  -35.243  -77.647  -11.503 0.5000000000
8072  -42.014  -81.378  -12.064 0.3000000119
11578  -25.375  -77.982  -16.701 0.6999999881
11561  -26.168  -77.455  -15.862 0.6000000238
12535  -26.840  -76.839  -15.061 0.6000000238
11529  -27.890  -77.066  -12.924 0.6000000238
145296  -28.387  -78.291  -12.114 0.5000000000
9780  -28.857  -79.056  -12.362 0.5000000000
138283  -30.406  -82.749  -12.456 0.5000000000
7191  -31.946  -82.775  -12.807 0.5000000000
11502  -36.022  -77.849  -11.787 0.5000000000
12508  -37.404  -76.492  -13.605 0.3000000119
11535  -38.280  -76.958  -13.561 0.3000000119
10644  -38.260  -77.798  -13.362 0.3000000119
10646  -39.577  -79.032  -14.626 0.4000000060
9798  -39.411  -79.832  -14.404 0.4000000060
6402  -31.121  -83.264  -13.234 0.5000000000
12507  -36.527  -76.403  -13.378 0.3000000119
12491  -36.837  -76.708  -12.892 0.3000000119
10631  -38.339  -78.943  -13.474 0.4000000060
128910  -27.933  -75.133  -19.303 0.5000000000
13514  -28.331  -75.233  -18.210 0.5000000000
126877  -29.246  -75.481  -17.949 0.5000000000
13504  -29.981  -75.899  -17.678 0.5000000000
136149  -26.433  -75.487  -20.416 0.5000000000
13513  -27.029  -75.329  -19.378 0.5000000000
142434  -27.430  -75.296  -18.412 0.5000000000
13503  -28.631  -75.452  -17.234 0.5000000000
12565  -30.075  -76.288  -17.055 0.5000000000
11564  -31.924  -77.801  -15.895 0.6000000238
10676  -31.827  -78.315  -15.081 0.6000000238
13529  -26.231  -75.803  -19.348 0.5000000000
138564  -32.629  -78.225  -13.843 0.6000000238
11498  -32.781  -77.768  -11.937 0.8000000119
8010  -38.606  -81.030  -8.591 0.3000000119
12612  -24.787  -75.651  -20.811 0.6000000238
12599  -24.704  -76.359  -19.803 0.6000000238
13512  -26.200  -76.110  -18.427 0.6000000238
11533  -33.144  -77.650  -13.866 0.4000000060
8915  -39.273  -80.570  -8.966 0.3000000119
12580  -24.033  -76.751  -19.341 0.6999999881
11499  -33.569  -77.360  -11.702 0.5000000000
10597  -33.304  -78.583  -10.737 0.6000000238
8012  -40.958  -81.804  -9.285 0.3000000119
131239  -41.601  -81.079  -10.104 0.3000000119
12597  -23.507  -76.278  -19.562 0.6999999881
12489  -34.016  -76.715  -13.060 0.4000000060
8038  -41.847  -81.384  -10.309 0.3000000119
11598  -24.037  -77.317  -18.510 0.6000000238
11599  -24.807  -77.480  -18.093 0.6999999881
12478  -34.250  -76.938  -11.909 0.4000000060
8963  -41.737  -81.158  -12.989 0.3000000119
11589  -23.444  -77.413  -17.953 0.6000000238
11590  -24.090  -77.837  -17.705 0.6999999881
11544  -26.206  -77.832  -14.993 0.6000000238
11511  -27.558  -77.626  -12.487 0.5000000000
140651  -28.033  -78.820  -11.680 0.5000000000
127148  -29.785  -82.268  -12.495 0.6000000238
133616  -35.304  -76.431  -12.942 0.4000000060
11515  -35.470  -76.736  -12.358 0.4000000060
12540  -36.550  -76.349  -15.194 0.3000000119
12526  -37.505  -76.254  -14.544 0.3000000119
138777  -38.473  -76.204  -15.067 0.3000000119
12509  -38.331  -76.490  -14.159 0.3000000119
10645  -38.993  -78.225  -13.991 0.4000000060
8976  -41.456  -80.803  -13.870 0.3000000119
10640  -26.299  -78.388  -13.000 0.5000000000
10610  -27.068  -78.810  -11.601 0.5000000000
8942  -28.327  -79.749  -11.896 0.5000000000
150469  -29.013  -81.943  -12.547 0.5000000000
6400  -29.587  -83.339  -13.433 0.6000000238
6412  -30.221  -83.462  -13.866 0.5000000000
12506  -35.706  -76.286  -13.630 0.3000000119
12525  -36.583  -76.239  -14.102 0.3000000119
10658  -26.266  -78.127  -14.018 0.5000000000
8941  -27.501  -79.980  -11.580 0.5000000000
7189  -28.345  -81.813  -12.767 0.5000000000
7202  -27.902  -81.886  -13.535 0.5000000000
13555  -27.142  -75.031  -22.582 0.5000000000
13530  -27.389  -75.261  -20.503 0.5000000000
126702  -29.026  -75.230  -19.169 0.5000000000
127212  -29.960  -75.381  -19.527 0.5000000000
13515  -29.884  -75.582  -18.516 0.5000000000
12566  -30.697  -76.339  -17.450 0.5000000000
13553  -25.288  -75.142  -21.639 0.5000000000
11592  -31.888  -76.814  -17.158 0.4000000060
13528  -25.504  -75.844  -20.162 0.5000000000
11581  -31.908  -77.274  -16.595 0.4000000060
8009  -37.713  -81.134  -8.405 0.3000000119
8913  -37.875  -80.394  -8.575 0.3000000119
13552  -24.605  -75.195  -21.215 0.6000000238
11565  -32.690  -77.750  -15.426 0.4000000060
11547  -32.650  -78.049  -14.564 0.4000000060
13541  -23.630  -75.202  -20.649 0.6000000238
12598  -24.068  -76.062  -20.132 0.6000000238
8916  -40.269  -80.993  -9.249 0.3000000119
8923  -40.661  -80.275  -9.768 0.3000000119
12596  -23.098  -75.775  -19.725 0.6000000238
12504  -33.796  -76.967  -13.828 0.4000000060
13511  -22.604  -75.264  -19.279 0.6000000238
11549  -34.230  -76.866  -15.431 0.4000000060
12523  -34.325  -76.716  -14.514 0.4000000060
8935  -42.076  -80.626  -10.770 0.3000000119
12578  -22.940  -76.281  -19.017 0.6999999881
148860  -35.046  -76.365  -14.274 0.3000000119
12539  -35.631  -76.542  -15.369 0.3000000119
13531  -28.386  -75.166  -20.508 0.5000000000
136444  -29.372  -75.188  -20.502 0.5000000000
13532  -30.722  -75.498  -19.889 0.4000000060
13554  -26.202  -75.081  -22.194 0.5000000000
12583  -31.113  -76.040  -18.260 0.4000000060
12567  -31.509  -76.479  -17.630 0.4000000060
14487  -25.773  -74.933  -22.032 0.6000000238
11593  -32.530  -76.871  -17.054 0.4000000060
11582  -32.769  -77.295  -16.310 0.4000000060
8922  -39.787  -80.020  -9.386 0.3000000119
8914  -38.540  -80.255  -8.802 0.3000000119
13526  -23.016  -75.079  -20.187 0.6000000238
11566  -33.504  -77.226  -15.806 0.4000000060
11548  -33.472  -77.387  -14.799 0.4000000060
125406  -35.058  -76.698  -15.853 0.4000000060
143865  -34.974  -76.550  -15.029 0.3000000119
12556  -35.918  -76.681  -16.126 0.3000000119
13500  -22.527  -75.971  -18.370 0.6000000238
13556  -28.114  -74.935  -22.650 0.5000000000
13546  -28.809  -75.072  -21.770 0.5000000000
142197  -29.880  -75.085  -21.537 0.4000000060
145036  -30.150  -75.272  -20.485 0.4000000060
14488  -26.707  -74.891  -22.595 0.5000000000
14489  -27.564  -74.807  -22.869 0.5000000000
13517  -31.462  -75.838  -19.292 0.4000000060
14486  -24.894  -74.940  -21.514 0.6000000238
15389  -26.218  -74.269  -22.027 0.6000000238
15390  -27.167  -74.348  -22.705 0.6000000238
133260  -31.919  -76.230  -18.426 0.4000000060
15387  -24.396  -74.469  -21.142 0.6000000238
15388  -25.227  -74.484  -21.517 0.6000000238
130315  -33.043  -76.641  -17.771 0.4000000060
11594  -33.331  -76.806  -17.075 0.4000000060
140219  -23.780  -74.377  -20.852 0.6000000238
11583  -33.609  -76.943  -16.509 0.4000000060
12555  -34.180  -76.780  -17.226 0.4000000060
11567  -34.402  -76.806  -16.387 0.4000000060
138222  -35.109  -76.756  -17.359 0.4000000060
8924  -41.355  -80.440  -10.180 0.3000000119
9743  -41.021  -79.647  -10.189 0.3000000119
15382  -23.266  -73.878  -20.494 0.6000000238
126387  -35.327  -76.728  -16.600 0.4000000060
9767  -42.290  -79.939  -11.244 0.3000000119
8934  -41.758  -80.556  -10.463 0.3000000119
14475  -22.552  -74.434  -19.759 0.6000000238
14452  -22.279  -74.850  -18.395 0.6000000238
15375  -21.897  -73.103  -19.037 0.6999999881
17342  -23.050  -71.413  -19.106 0.6999999881
14465  -22.206  -74.137  -19.145 0.6000000238
17341  -22.398  -71.494  -19.046 0.6999999881
17333  -23.424  -70.863  -18.463 0.6999999881
16359  -21.818  -72.003  -18.774 0.6000000238
16360  -24.062  -71.916  -18.691 0.6999999881
16346  -25.383  -72.175  -17.332 0.6000000238
17332  -22.632  -70.628  -18.558 0.6999999881
17334  -24.434  -71.651  -17.907 0.6999999881
13558  -30.715  -75.045  -21.915 0.5000000000
15391  -28.083  -74.302  -22.891 0.5000000000
140934  -29.239  -74.289  -22.770 0.5000000000
14490  -28.371  -74.650  -22.736 0.5000000000
13562  -31.158  -74.907  -22.213 0.5000000000
13559  -31.392  -75.133  -21.865 0.4000000060
13533  -31.369  -75.586  -20.292 0.4000000060
16383  -26.262  -73.182  -21.261 0.6000000238
16392  -27.658  -73.377  -22.182 0.6000000238
16393  -28.670  -73.501  -22.394 0.6000000238
12601  -32.948  -76.180  -20.354 0.4000000060
15384  -24.575  -73.784  -20.965 0.6000000238
150593  -27.672  -72.645  -21.332 0.6000000238
16385  -28.239  -72.636  -21.400 0.6000000238
12600  -32.428  -76.178  -19.357 0.4000000060
16381  -24.004  -73.261  -20.467 0.6000000238
138427  -25.614  -72.836  -20.487 0.6000000238
142673  -26.370  -72.489  -20.508 0.6000000238
17346  -26.993  -71.965  -20.011 0.6000000238
125399  -27.835  -71.477  -19.746 0.6000000238
12569  -33.864  -76.723  -17.956 0.4000000060
12587  -35.849  -76.547  -19.656 0.4000000060
16377  -24.768  -72.661  -19.886 0.6000000238
16378  -25.865  -72.325  -19.728 0.6000000238
143006  -27.374  -71.561  -19.319 0.6000000238
17344  -27.975  -71.144  -19.057 0.6000000238
18250  -28.751  -70.680  -18.806 0.6000000238
12586  -35.202  -76.727  -19.105 0.4000000060
16375  -23.242  -73.038  -20.147 0.6000000238
16370  -24.798  -72.509  -19.029 0.5000000000
17343  -26.650  -72.025  -19.127 0.6000000238
17335  -27.293  -71.776  -18.528 0.6000000238
17336  -28.223  -71.188  -18.360 0.6000000238
18247  -29.750  -69.805  -17.872 0.6999999881
15379  -22.358  -73.574  -19.656 0.6999999881
16369  -23.777  -72.229  -19.482 0.6000000238
16371  -25.709  -72.399  -18.586 0.6000000238
16372  -26.402  -72.303  -18.249 0.6000000238
17337  -29.440  -70.503  -17.430 0.6000000238
19181  -30.474  -69.204  -16.906 0.6000000238
20094  -31.382  -68.334  -15.848 0.6000000238
16364  -27.650  -72.087  -17.524 0.6000000238
17324  -29.435  -71.472  -16.624 0.6000000238
136573  -30.387  -70.098  -16.474 0.6000000238
143104  -30.954  -69.358  -15.988 0.6000000238
16361  -25.004  -72.397  -18.099 0.6000000238
16363  -26.720  -72.433  -17.538 0.6000000238
16350  -28.879  -72.257  -16.359 0.5000000000
145265  -30.148  -71.210  -16.075 0.6000000238
18232  -31.229  -69.931  -14.982 0.6000000238
16349  -28.047  -72.456  -16.542 0.5000000000
17320  -23.927  -70.224  -17.890 0.6999999881
17322  -25.720  -72.018  -16.603 0.6999999881
16332  -26.574  -72.464  -16.196 0.5000000000
16333  -27.482  -72.583  -15.904 0.6000000238
17308  -29.528  -72.231  -15.603 0.5000000000
17309  -30.432  -71.657  -15.079 0.5000000000
131126  -29.090  -72.630  -14.872 0.6000000238
20928  -24.434  -67.169  -8.257 0.6000000238
126857  -24.799  -67.925  -8.191 0.6000000238
21855  -24.987  -66.376  -9.424 0.6000000238
14491  -30.151  -74.412  -22.544 0.5000000000
15392  -30.237  -73.869  -22.618 0.5000000000
15396  -30.918  -74.418  -22.571 0.5000000000
139815  -32.154  -75.388  -21.751 0.5000000000
13549  -32.601  -75.840  -21.148 0.4000000060
17355  -28.569  -71.784  -20.373 0.5000000000
16386  -29.149  -72.608  -21.452 0.5000000000
17349  -30.999  -71.304  -19.808 0.5000000000
12613  -33.380  -76.088  -21.205 0.4000000060
12614  -34.175  -76.163  -21.108 0.4000000060
17356  -29.572  -71.871  -20.527 0.5000000000
18260  -31.335  -70.664  -19.159 0.5000000000
133424  -33.428  -76.449  -19.502 0.4000000060
12602  -34.352  -76.452  -20.214 0.4000000060
12616  -35.358  -76.082  -20.836 0.4000000060
18251  -29.636  -70.156  -18.490 0.5000000000
18252  -30.501  -69.886  -18.558 0.5000000000
18259  -30.168  -70.526  -19.144 0.5000000000
140021  -35.136  -76.540  -19.942 0.4000000060
18248  -30.325  -69.262  -17.529 0.6000000238
19192  -30.791  -68.938  -17.632 0.6000000238
19188  -30.950  -68.612  -16.680 0.6000000238
20097  -31.183  -68.367  -17.199 0.5000000000
20983  -31.908  -67.715  -15.340 0.4000000060
20990  -32.205  -67.094  -15.663 0.4000000060
21911  -32.702  -66.643  -15.859 0.4000000060
19171  -31.621  -69.372  -14.254 0.6000000238
20087  -31.764  -68.468  -14.855 0.6000000238
20972  -32.632  -67.456  -14.187 0.5000000000
20985  -32.837  -66.897  -14.664 0.4000000060
21905  -32.735  -66.668  -15.253 0.4000000060
21894  -33.898  -66.126  -14.413 0.4000000060
18244  -22.470  -69.961  -18.061 0.6999999881
18218  -31.048  -70.931  -14.629 0.6000000238
20074  -32.398  -68.125  -13.685 0.5000000000
20973  -33.329  -66.993  -14.052 0.4000000060
17306  -26.106  -71.781  -15.959 0.6000000238
16317  -29.791  -72.417  -14.387 0.5000000000
17292  -31.202  -70.941  -13.853 0.5000000000
19162  -32.241  -68.706  -13.296 0.5000000000
20959  -33.667  -67.553  -13.113 0.5000000000
20974  -34.156  -66.821  -13.595 0.4000000060
16314  -27.798  -72.518  -15.040 0.6000000238
18206  -31.501  -70.204  -13.345 0.5000000000
20916  -23.554  -68.168  -7.383 0.6999999881
19997  -24.217  -68.279  -7.443 0.6000000238
19979  -24.491  -68.912  -7.135 0.6999999881
145741  -24.632  -68.466  -7.619 0.6000000238
19057  -24.724  -69.601  -6.785 0.6000000238
148008  -25.088  -67.773  -8.834 0.6000000238
18112  -25.257  -70.037  -7.515 0.6000000238
141939  -25.322  -70.683  -6.950 0.6000000238
17151  -25.381  -71.278  -6.328 0.6000000238
17143  -25.916  -72.021  -6.068 0.6000000238
20935  -25.273  -67.198  -9.622 0.5000000000
19106  -25.257  -69.156  -9.198 0.6000000238
19093  -25.216  -69.394  -8.202 0.6000000238
17162  -25.554  -71.011  -7.654 0.6000000238
17152  -25.809  -71.695  -6.971 0.6000000238
13563  -31.721  -75.003  -22.226 0.5000000000
20941  -25.747  -66.908  -10.642 0.5000000000
20029  -25.239  -68.214  -9.405 0.5000000000
17178  -25.785  -71.326  -8.437 0.5000000000
136442  -26.439  -72.416  -7.367 0.5000000000
16394  -29.712  -73.463  -22.332 0.4000000060
16395  -30.743  -73.364  -22.170 0.5000000000
13565  -32.559  -74.928  -22.183 0.5000000000
13560  -32.913  -75.712  -21.703 0.4000000060
19136  -25.764  -68.493  -10.956 0.5000000000
18159  -25.410  -69.886  -9.991 0.5000000000
17179  -26.219  -71.978  -8.656 0.5000000000
16190  -26.754  -72.507  -8.300 0.5000000000
17358  -31.770  -71.969  -20.655 0.5000000000
12623  -33.937  -75.698  -21.478 0.4000000060
14483  -34.726  -75.215  -21.053 0.4000000060
14467  -34.422  -74.566  -19.412 0.4000000060
146694  -26.210  -68.131  -11.539 0.5000000000
18144  -25.734  -70.930  -9.775 0.6000000238
16209  -26.744  -72.164  -9.282 0.6000000238
13551  -35.204  -75.695  -20.988 0.4000000060
18177  -26.271  -70.002  -11.613 0.6000000238
18160  -25.908  -70.509  -10.696 0.6000000238
137904  -26.329  -71.683  -9.802 0.6999999881
19196  -30.903  -69.212  -18.131 0.5000000000
20093  -26.284  -68.140  -15.314 0.6000000238
20100  -31.817  -68.075  -17.418 0.5000000000
20998  -32.363  -67.505  -16.975 0.4000000060
19179  -25.488  -68.673  -16.104 0.6000000238
20993  -31.699  -67.761  -16.789 0.4000000060
19186  -24.749  -68.795  -16.872 0.6000000238
18229  -25.276  -69.464  -16.535 0.6000000238
21907  -33.918  -65.725  -15.574 0.4000000060
17289  -26.450  -71.186  -15.297 0.6000000238
17305  -25.314  -70.902  -16.556 0.6999999881
16315  -28.538  -72.621  -14.580 0.6000000238
16303  -29.331  -72.652  -13.569 0.6000000238
16316  -29.076  -72.705  -14.242 0.5000000000
17291  -30.679  -71.720  -13.951 0.5000000000
135466  -23.460  -69.266  -6.654 0.6999999881
18101  -24.356  -70.096  -6.222 0.6999999881
18092  -24.560  -70.808  -5.768 0.6000000238
18093  -25.032  -71.129  -5.884 0.6000000238
17142  -25.434  -71.717  -5.591 0.6000000238
127696  -26.920  -72.758  -5.020 0.6999999881
16177  -27.020  -72.991  -6.234 0.6000000238
151084  -26.851  -72.802  -6.896 0.6000000238
16389  -32.267  -72.645  -21.259 0.5000000000
16397  -32.551  -73.333  -21.705 0.5000000000
15397  -31.646  -74.460  -22.518 0.5000000000
15399  -32.751  -74.454  -22.186 0.5000000000
16191  -27.130  -72.881  -7.513 0.6000000238
15211  -27.875  -73.194  -6.071 0.5000000000
15386  -33.030  -73.477  -21.410 0.5000000000
14493  -33.292  -75.042  -21.916 0.5000000000
133272  -34.002  -74.649  -21.023 0.4000000060
16210  -27.601  -72.569  -8.947 0.6000000238
148545  -28.865  -73.344  -7.242 0.5000000000
17350  -32.302  -71.406  -19.991 0.5000000000
20085  -26.841  -67.921  -14.957 0.6000000238
20072  -27.188  -68.268  -13.599 0.4000000060
19150  -26.572  -69.056  -12.272 0.6000000238
17224  -26.354  -71.416  -10.478 0.6000000238
17225  -26.955  -72.032  -10.133 0.6000000238
16211  -28.453  -72.816  -8.626 0.6000000238
18253  -31.548  -69.976  -18.566 0.4000000060
18261  -32.780  -70.755  -19.341 0.4000000060
132012  -27.009  -69.260  -13.860 0.5000000000
19151  -26.904  -69.126  -12.984 0.5000000000
18193  -26.631  -69.871  -12.420 0.6000000238
17243  -26.479  -71.094  -11.296 0.6999999881
17244  -27.192  -71.824  -10.959 0.6000000238
16246  -27.803  -72.185  -10.341 0.6000000238
16229  -28.433  -72.464  -9.367 0.6000000238
20108  -32.214  -68.651  -17.894 0.5000000000
19180  -26.265  -68.875  -15.562 0.6000000238
150458  -27.103  -71.019  -12.971 0.6000000238
126388  -27.044  -71.564  -11.744 0.6000000238
16265  -28.132  -72.190  -10.991 0.6000000238
16230  -29.128  -72.142  -9.788 0.6000000238
16231  -29.947  -72.009  -9.451 0.6000000238
20101  -32.749  -68.063  -17.607 0.4000000060
18216  -26.500  -69.880  -15.096 0.5000000000
18205  -27.040  -70.511  -13.672 0.6000000238
17264  -27.360  -71.643  -12.520 0.6000000238
16267  -29.051  -72.223  -11.063 0.6000000238
16248  -29.294  -71.954  -10.380 0.6000000238
18230  -25.966  -69.654  -15.829 0.6000000238
140694  -26.947  -70.945  -14.431 0.6000000238
16301  -28.069  -72.278  -12.988 0.6000000238
16285  -28.436  -72.435  -12.291 0.6000000238
128358  -28.014  -72.346  -14.104 0.6000000238
17290  -27.306  -71.962  -14.655 0.6000000238
17265  -30.543  -71.834  -12.658 0.5000000000
18195  -31.328  -70.562  -12.376 0.5000000000
19055  -22.536  -69.391  -6.495 0.6999999881
134492  -23.252  -70.039  -6.096 0.6999999881
128522  -21.477  -69.068  -5.232 0.6999999881
19031  -21.861  -69.967  -4.930 0.6999999881
143240  -22.471  -70.319  -5.383 0.6999999881
18082  -24.058  -71.199  -4.953 0.6999999881
17130  -25.364  -72.040  -4.755 0.6000000238
136729  -26.011  -72.412  -4.107 0.6000000238
16137  -27.506  -72.480  -3.836 0.5000000000
17131  -26.101  -72.400  -5.121 0.6999999881
16153  -27.712  -72.743  -4.596 0.5000000000
16166  -28.263  -72.975  -5.301 0.5000000000
127347  -29.116  -72.841  -5.303 0.5000000000
16390  -32.973  -72.687  -21.071 0.4000000060
15381  -33.423  -73.378  -20.233 0.5000000000
15376  -33.470  -73.736  -19.130 0.5000000000
133544  -33.799  -74.248  -19.998 0.5000000000
14466  -33.753  -74.204  -18.856 0.4000000060
133823  -33.239  -72.853  -20.802 0.4000000060
15245  -29.279  -73.262  -7.600 0.6000000238
16212  -29.312  -72.546  -8.941 0.6000000238
16193  -29.783  -72.960  -8.152 0.6000000238
17204  -30.450  -71.499  -9.815 0.6000000238
16213  -30.249  -72.424  -8.704 0.6000000238
16268  -29.704  -72.158  -11.570 0.6000000238
17226  -29.894  -71.771  -10.787 0.6000000238
17180  -30.749  -71.844  -9.181 0.6000000238
16302  -28.825  -72.649  -12.908 0.6000000238
17228  -30.884  -71.113  -10.243 0.5000000000
16287  -29.946  -72.285  -12.349 0.6000000238
17245  -30.405  -71.646  -11.690 0.5000000000
17266  -30.908  -71.248  -12.258 0.5000000000
150687  -21.687  -68.561  -3.722 0.6999999881
18065  -21.893  -70.114  -4.001 0.6999999881
18066  -22.435  -70.801  -3.709 0.6999999881
18081  -23.140  -71.153  -4.349 0.6999999881
17128  -23.870  -71.597  -3.943 0.6000000238
17129  -24.643  -71.796  -4.393 0.6999999881
17111  -25.235  -72.185  -3.840 0.4000000060
19930  -21.861  -68.199  -2.921 0.6999999881
19014  -21.841  -69.271  -3.399 0.6999999881
19015  -22.113  -70.157  -2.947 0.6000000238
17091  -23.159  -71.115  -2.323 0.6000000238
141773  -26.823  -72.357  -3.308 0.5000000000
21789  -21.316  -66.118  -1.802 0.6999999881
20877  -21.808  -66.980  -2.392 0.6999999881
17112  -27.795  -72.158  -3.197 0.5000000000
21779  -21.305  -66.584  -0.896 0.6999999881
16138  -28.237  -72.387  -3.898 0.5000000000
21765  -20.889  -66.684  -0.573 0.6000000238
20831  -20.750  -67.280  0.014 0.6000000238
20815  -20.902  -67.751  1.027 0.6000000238
21738  -19.595  -66.947  1.903 0.5000000000
23629  -19.767  -65.438  1.334 0.5000000000
16373  -33.608  -72.698  -19.707 0.4000000060
17205  -31.181  -71.286  -9.615 0.6000000238
17092  -24.697  -71.760  -2.592 0.5000000000
127065  -25.143  -72.104  -3.078 0.5000000000
19004  -22.074  -69.083  -2.429 0.6000000238
19005  -22.383  -69.868  -1.968 0.6000000238
18054  -22.564  -70.540  -2.338 0.6000000238
17077  -24.114  -71.373  -2.028 0.6000000238
17093  -25.490  -71.868  -2.416 0.5000000000
132104  -25.826  -72.272  -3.160 0.5000000000
17095  -27.302  -71.862  -2.446 0.5000000000
20868  -21.826  -66.899  -1.371 0.6999999881
19919  -22.107  -67.870  -1.906 0.6000000238
19920  -22.355  -68.912  -1.467 0.6000000238
18990  -23.304  -70.106  -1.031 0.6000000238
151229  -23.735  -69.790  -0.618 0.6000000238
17097  -29.017  -71.378  -2.807 0.5000000000
20855  -21.859  -67.054  -0.592 0.6999999881
19910  -22.233  -67.829  -0.878 0.6000000238
19890  -22.954  -68.486  0.052 0.6000000238
151779  -23.335  -68.934  -0.033 0.6000000238
19891  -23.878  -69.191  -0.195 0.6000000238
20832  -21.498  -67.211  0.125 0.6000000238
20833  -22.383  -67.625  0.381 0.6000000238
19878  -22.958  -67.756  0.611 0.6000000238
19879  -23.579  -68.393  0.261 0.6000000238
20804  -20.968  -67.289  1.417 0.6000000238
21740  -21.461  -66.606  1.592 0.6000000238
20806  -22.853  -67.069  1.126 0.6000000238
20807  -23.755  -66.518  1.048 0.6000000238
21739  -20.669  -66.692  1.761 0.5000000000
148403  -20.167  -66.794  1.901 0.5000000000
22706  -21.098  -65.882  1.710 0.5000000000
22707  -22.484  -65.800  1.502 0.6000000238
22708  -23.309  -65.632  1.214 0.6000000238
129909  -33.403  -72.992  -18.447 0.4000000060
22713  -17.928  -65.778  0.706 0.5000000000
23630  -20.474  -65.281  1.362 0.5000000000
139355  -21.842  -65.361  1.490 0.6000000238
23632  -22.645  -64.979  1.233 0.6000000238
23641  -18.971  -64.489  0.453 0.5000000000
24598  -19.511  -64.005  0.064 0.5000000000
23642  -19.851  -64.678  0.794 0.4000000060
23643  -20.816  -64.521  0.927 0.5000000000
23645  -22.679  -64.224  0.641 0.6000000238
17078  -25.021  -71.438  -1.846 0.6000000238
17080  -26.810  -71.446  -1.696 0.5000000000
17081  -27.767  -71.325  -1.760 0.5000000000
18043  -25.433  -70.878  -1.292 0.6000000238
18044  -26.330  -70.839  -1.181 0.5000000000
17082  -28.682  -71.127  -1.976 0.5000000000
18977  -25.373  -69.557  -0.657 0.6999999881
18978  -26.175  -69.327  -0.711 0.6999999881
19880  -24.411  -68.573  0.006 0.6000000238
19892  -24.898  -68.998  -0.413 0.6999999881
144215  -24.302  -67.069  0.586 0.6000000238
20834  -25.238  -67.999  -0.433 0.6999999881
21751  -24.508  -66.354  0.335 0.6000000238
127840  -24.930  -67.107  -0.092 0.6999999881
22730  -24.193  -65.095  0.115 0.6000000238
22717  -24.522  -65.676  -0.047 0.6999999881
24610  -17.605  -63.740  -0.502 0.5000000000
24612  -19.107  -63.502  -0.422 0.5000000000
24599  -20.378  -63.979  0.231 0.4000000060
137843  -21.720  -63.431  -0.124 0.6000000238
23654  -23.290  -64.087  0.105 0.6000000238
150599  -18.690  -63.196  -0.815 0.5000000000
24613  -19.960  -63.345  -0.447 0.4000000060
25603  -21.419  -62.979  -0.791 0.5000000000
18046  -28.261  -70.634  -1.169 0.5000000000
18034  -27.710  -70.160  -0.725 0.5000000000
18992  -25.841  -70.171  -0.865 0.6000000238
130119  -26.898  -69.103  -0.663 0.5000000000
19896  -28.585  -68.798  -0.169 0.5000000000
19893  -25.793  -68.568  -0.711 0.6999999881
20835  -25.904  -67.530  -1.136 0.6999999881
21767  -25.552  -66.994  -1.095 0.6000000238
22731  -24.525  -65.231  -0.972 0.6999999881
21780  -25.611  -66.184  -1.741 0.6000000238
24615  -22.620  -63.628  -0.160 0.6000000238
130298  -24.011  -64.496  -1.451 0.6000000238
25619  -19.560  -62.641  -1.487 0.5000000000
25602  -20.600  -62.890  -0.866 0.4000000060
25604  -22.147  -63.220  -0.744 0.6000000238
26691  -20.082  -62.237  -2.710 0.4000000060
25620  -20.304  -62.588  -1.460 0.4000000060
25634  -21.664  -62.453  -2.581 0.5000000000
25621  -22.123  -62.872  -1.628 0.5000000000
20836  -26.975  -68.171  -0.583 0.6000000238
20838  -27.972  -68.027  0.075 0.5000000000
130942  -26.286  -67.848  -1.004 0.6000000238
20837  -27.367  -67.341  -0.371 0.5000000000
20858  -26.223  -67.107  -1.375 0.6000000238
20857  -25.959  -66.585  -1.662 0.6000000238
21768  -27.154  -66.520  -0.986 0.5000000000
21790  -26.026  -65.959  -2.104 0.6000000238
23666  -24.592  -64.967  -2.160 0.6999999881
22745  -25.659  -65.547  -2.255 0.5000000000
24629  -23.479  -63.937  -1.867 0.6000000238
24637  -22.966  -63.382  -2.297 0.5000000000
26692  -20.914  -62.121  -3.065 0.4000000060
25635  -22.515  -62.900  -2.720 0.5000000000
149037  -18.644  -59.279  -2.727 0.4000000060
29754  -19.868  -58.910  -2.647 0.3000000119
132057  -19.528  -58.977  -3.616 0.4000000060
21753  -28.365  -66.576  0.378 0.5000000000
145007  -18.300  -59.136  -4.885 0.3000000119
29766  -19.543  -58.751  -4.475 0.4000000060
145441  -26.396  -65.698  -1.964 0.5000000000
22718  -27.567  -65.654  -0.449 0.5000000000
28796  -17.929  -60.032  -6.701 0.3000000119
28787  -18.853  -59.058  -5.297 0.4000000060
22747  -26.709  -65.063  -1.868 0.5000000000
27765  -18.090  -60.701  -7.100 0.3000000119
23679  -25.511  -64.802  -2.745 0.6000000238
24638  -23.712  -63.902  -2.976 0.6999999881
23687  -24.994  -64.028  -3.491 0.6000000238
125258  -22.584  -62.679  -3.766 0.5000000000
24648  -23.994  -63.597  -3.829 0.5000000000
25646  -23.513  -62.977  -4.263 0.4000000060
25647  -24.860  -62.868  -4.065 0.4000000060
29724  -20.198  -58.595  -0.453 0.3000000119
125311  -19.860  -58.954  -1.462 0.3000000119
30728  -20.759  -57.807  -1.826 0.3000000119
29755  -20.376  -58.170  -2.727 0.3000000119
29767  -20.061  -58.489  -3.648 0.4000000060
145183  -19.271  -59.005  -6.029 0.4000000060
135102  -20.181  -58.166  -4.615 0.4000000060
128474  -27.241  -64.921  -1.138 0.5000000000
27777  -18.863  -60.196  -7.042 0.4000000060
28798  -20.444  -59.191  -6.969 0.4000000060
23667  -26.492  -64.414  -2.204 0.5000000000
23668  -26.935  -64.419  -1.584 0.5000000000
27778  -19.510  -60.470  -7.289 0.4000000060
24639  -26.205  -63.714  -2.464 0.5000000000
24649  -24.688  -63.556  -3.845 0.5000000000
24651  -25.656  -63.654  -3.058 0.5000000000
26705  -21.150  -61.992  -4.113 0.3000000119
25655  -22.965  -62.066  -5.299 0.4000000060
25657  -24.232  -62.384  -4.572 0.4000000060
25636  -25.395  -63.083  -3.435 0.4000000060
29706  -20.817  -58.093  0.199 0.3000000119
29725  -20.762  -58.128  -0.849 0.3000000119
30739  -20.512  -57.252  -2.774 0.4000000060
30751  -20.433  -57.452  -3.789 0.4000000060
147731  -30.386  -64.879  0.953 0.4000000060
30760  -20.826  -57.489  -4.870 0.4000000060
144569  -29.461  -64.463  1.176 0.4000000060
29783  -20.026  -58.814  -6.208 0.4000000060
29776  -20.543  -58.220  -5.523 0.4000000060
22732  -27.731  -64.676  -0.231 0.4000000060
29784  -21.008  -58.557  -6.341 0.4000000060
24630  -26.799  -63.699  -1.577 0.5000000000
28809  -21.004  -59.718  -7.306 0.4000000060
27766  -21.281  -60.614  -6.894 0.3000000119
25623  -26.321  -63.046  -1.990 0.5000000000
25663  -23.343  -61.731  -5.340 0.3000000119
29707  -21.232  -57.569  -0.096 0.3000000119
31708  -21.175  -56.706  -0.984 0.3000000119
31718  -20.795  -56.775  -1.887 0.3000000119
32758  -20.541  -55.705  -2.284 0.4000000060
31727  -20.507  -56.265  -3.000 0.4000000060
32769  -20.999  -55.724  -3.630 0.3000000119
31736  -20.709  -56.473  -3.796 0.4000000060
150299  -31.186  -64.572  0.740 0.4000000060
24604  -31.833  -63.555  0.649 0.4000000060
31743  -21.578  -56.903  -5.000 0.4000000060
23646  -28.471  -64.405  0.741 0.4000000060
24618  -27.767  -63.871  0.083 0.4000000060
29785  -21.898  -58.320  -6.383 0.3000000119
24617  -27.294  -63.367  -0.523 0.4000000060
27780  -21.597  -60.077  -7.357 0.3000000119
28810  -21.930  -59.512  -7.176 0.3000000119
27767  -22.756  -60.474  -6.268 0.3000000119
26707  -25.060  -62.490  -3.606 0.4000000060
32730  -21.397  -55.981  0.651 0.3000000119
140678  -20.816  -55.924  -1.384 0.4000000060
143471  -20.700  -55.467  -2.982 0.4000000060
25606  -32.581  -62.841  -0.615 0.4000000060
24593  -31.537  -63.008  1.130 0.4000000060
32778  -21.509  -56.194  -4.368 0.4000000060
24591  -29.810  -63.197  1.531 0.4000000060
31750  -22.117  -57.157  -5.389 0.4000000060
24602  -28.357  -63.527  0.948 0.4000000060
24590  -28.974  -63.162  1.381 0.4000000060
30769  -22.239  -57.812  -5.664 0.3000000119
24601  -27.757  -63.118  0.447 0.4000000060
29778  -22.795  -59.013  -5.729 0.3000000119
25605  -26.771  -62.854  -1.014 0.5000000000
27781  -22.312  -59.914  -6.941 0.3000000119
28788  -23.082  -59.781  -5.212 0.3000000119
26666  -26.545  -62.141  -0.433 0.5000000000
27748  -24.140  -61.225  -4.047 0.3000000119
26694  -25.301  -62.139  -2.814 0.4000000060
25656  -23.670  -62.396  -4.916 0.4000000060
135411  -20.883  -55.363  0.015 0.3000000119
33792  -21.409  -54.416  -2.955 0.3000000119
146930  -22.338  -54.837  -3.324 0.3000000119
135662  -32.137  -62.843  0.404 0.4000000060
32779  -22.196  -56.028  -4.327 0.3000000119
24592  -30.741  -63.163  1.448 0.4000000060
25592  -31.759  -62.004  0.888 0.3000000119
147672  -22.419  -56.713  -4.598 0.3000000119
142309  -28.314  -62.654  1.268 0.4000000060
25582  -30.269  -62.509  1.717 0.4000000060
29777  -22.565  -58.146  -5.247 0.3000000119
29769  -22.820  -58.964  -5.009 0.3000000119
26655  -26.875  -61.668  0.594 0.4000000060
27757  -23.328  -60.552  -5.361 0.3000000119
27739  -24.261  -61.024  -3.026 0.3000000119
131262  -25.426  -61.405  -0.881 0.3000000119
32771  -22.538  -55.294  -3.336 0.3000000119
33794  -22.546  -54.486  -2.731 0.3000000119
31737  -22.475  -56.020  -4.024 0.3000000119
25583  -31.095  -62.353  1.542 0.3000000119
26643  -29.744  -61.934  1.998 0.4000000060
26644  -30.583  -61.759  1.911 0.4000000060
29756  -22.660  -58.305  -2.971 0.3000000119
136400  -28.938  -62.075  1.804 0.4000000060
28776  -23.022  -59.597  -4.198 0.3000000119
27738  -23.627  -60.460  -3.600 0.3000000119
135526  -26.236  -61.583  0.008 0.3000000119
27729  -24.904  -61.180  -1.369 0.3000000119
29757  -22.830  -57.471  -2.321 0.3000000119
28747  -22.769  -59.053  -2.627 0.3000000119
26642  -28.253  -61.741  1.683 0.3000000119
27679  -29.452  -60.607  2.432 0.3000000119
28748  -23.056  -59.533  -2.060 0.3000000119
27728  -24.237  -60.798  -1.931 0.3000000119
26665  -25.650  -61.232  -0.092 0.3000000119
30730  -23.751  -56.868  -1.060 0.3000000119
31709  -24.490  -56.451  -0.653 0.3000000119
29726  -23.262  -58.538  -0.886 0.3000000119
134700  -28.196  -60.845  2.151 0.3000000119
30716  -23.563  -57.682  -0.857 0.3000000119
31710  -25.334  -56.365  -0.335 0.3000000119
127238  -24.452  -62.022  -4.366 0.4000000060
26733  -23.274  -61.144  -5.631 0.3000000119
27758  -23.769  -61.303  -4.866 0.3000000119
9749  -32.779  -79.464  -10.462 0.6000000238
8932  -33.907  -80.688  -10.404 0.5000000000
147349  -33.874  -82.306  -10.895 0.5000000000
7162  -33.412  -82.070  -11.411 0.5000000000
129128  -34.662  -82.234  -10.572 0.5000000000
8037  -36.774  -82.206  -11.186 0.5000000000
10611  -31.737  -79.222  -11.931 0.6999999881
11532  -32.791  -77.849  -12.976 0.6999999881
126935  -30.931  -79.846  -13.405 0.6999999881
9764  -31.494  -80.042  -11.311 0.6999999881
130899  -35.960  -82.442  -10.751 0.4000000060
9753  -35.982  -79.509  -11.332 0.5000000000
8947  -42.265  -80.779  -11.394 0.3000000119
10615  -36.391  -78.728  -11.859 0.5000000000
126506  -36.042  -76.493  -12.857 0.3000000119
11580  -31.080  -77.529  -16.213 0.6000000238
11563  -30.591  -77.919  -15.515 0.6000000238
12553  -30.516  -76.792  -16.655 0.5000000000
13501  -26.860  -75.638  -17.825 0.6000000238
10659  -29.861  -78.536  -14.374 0.6999999881
127372  -40.321  -81.773  -8.872 0.3000000119
12520  -27.672  -76.401  -14.357 0.6000000238
12503  -29.089  -76.952  -13.836 0.6000000238
10641  -29.807  -79.102  -13.918 0.6999999881
11487  -33.823  -77.923  -11.050 0.5000000000
9752  -35.204  -79.640  -10.850 0.6000000238
141067  -34.664  -80.380  -10.521 0.5000000000
10626  -29.295  -78.831  -13.210 0.6000000238
8959  -29.911  -81.089  -12.728 0.6999999881
11545  -26.926  -77.162  -14.146 0.5000000000
8066  -29.407  -81.573  -12.501 0.5000000000
8977  -42.178  -80.396  -13.012 0.3000000119
11577  -24.313  -78.306  -16.993 0.6000000238
136304  -28.575  -81.248  -12.417 0.5000000000
11550  -39.065  -77.103  -14.100 0.3000000119
11514  -33.425  -77.154  -13.076 0.5000000000
9800  -41.963  -80.045  -13.936 0.3000000119
128417  -27.757  -81.033  -12.371 0.5000000000
12568  -32.266  -76.564  -17.728 0.4000000060
9742  -40.263  -79.383  -9.735 0.3000000119
15385  -25.441  -73.615  -21.157 0.6000000238
16368  -23.003  -72.137  -19.624 0.6999999881
16347  -26.209  -72.520  -16.910 0.6000000238
16384  -27.067  -72.670  -21.142 0.6000000238
16387  -30.165  -72.589  -21.462 0.5000000000
142649  -33.694  -76.309  -20.535 0.4000000060
18258  -29.249  -70.670  -19.206 0.5000000000
17323  -28.662  -71.514  -17.350 0.6000000238
137903  -31.346  -68.079  -16.576 0.4000000060
18239  -23.712  -69.298  -17.743 0.6000000238
144812  -25.796  -70.666  -16.014 0.6999999881
20016  -25.106  -68.483  -8.543 0.6000000238
15393  -31.284  -73.865  -22.504 0.4000000060
21912  -33.365  -66.260  -16.010 0.4000000060
19161  -31.897  -69.261  -13.300 0.4000000060
19184  -23.187  -69.248  -17.572 0.6000000238
19073  -24.955  -69.199  -7.372 0.6000000238
18143  -25.359  -70.133  -9.069 0.6000000238
127682  -33.348  -74.368  -21.648 0.5000000000
19137  -26.163  -68.904  -11.566 0.5000000000
16192  -27.676  -72.921  -8.138 0.6000000238
20059  -26.588  -68.179  -12.132 0.4000000060
17279  -27.412  -71.636  -13.583 0.5000000000
147374  -32.488  -70.036  -18.576 0.5000000000
16284  -27.758  -72.110  -11.857 0.6000000238
20830  -20.132  -67.531  -0.321 0.6000000238
22715  -19.140  -65.182  1.021 0.5000000000
142175  -23.623  -70.762  -1.539 0.5000000000
18974  -22.664  -68.804  -0.627 0.6000000238
18975  -23.181  -69.347  -0.466 0.6000000238
18991  -24.963  -70.295  -0.903 0.6000000238
20816  -21.705  -67.296  0.925 0.6000000238
23640  -18.195  -64.290  0.054 0.5000000000
18979  -27.467  -69.587  -0.593 0.5000000000
22744  -25.120  -65.581  -1.883 0.6000000238
135189  -19.946  -62.850  -1.003 0.5000000000
23665  -24.147  -64.431  -2.520 0.6000000238
132695  -18.282  -59.241  -3.309 0.3000000119
133837  -21.683  -62.224  -3.595 0.3000000119
132082  -29.144  -65.136  0.878 0.4000000060
139437  -28.232  -65.260  0.356 0.4000000060
146159  -23.048  -62.534  -4.702 0.4000000060
26720  -22.271  -61.701  -5.471 0.3000000119
25622  -25.792  -62.551  -2.334 0.5000000000
23634  -30.170  -63.924  1.340 0.4000000060
32742  -21.249  -56.168  -0.379 0.3000000119
29786  -22.441  -58.357  -5.922 0.3000000119
25591  -27.224  -62.560  0.104 0.4000000060
26693  -24.886  -61.460  -2.422 0.3000000119
30752  -22.535  -57.272  -4.613 0.3000000119
125073  -25.945  -61.775  -0.776 0.4000000060
33759  -20.074  -54.547  -0.075 0.3000000119
30740  -22.615  -57.346  -3.576 0.3000000119
25580  -27.588  -62.135  1.034 0.4000000060
141243  -23.106  -57.907  -1.443 0.3000000119
138874  -25.259  -82.249  -14.424 0.5000000000
8096  -25.725  -82.022  -13.571 0.5000000000
8097  -26.655  -81.376  -13.910 0.5000000000
8098  -27.240  -81.281  -13.966 0.4000000060
7199  -23.806  -82.668  -13.692 0.5000000000
7201  -24.833  -82.520  -13.718 0.5000000000
142529  -26.260  -81.659  -13.005 0.5000000000
8065  -26.824  -81.053  -12.240 0.5000000000
8084  -27.465  -81.375  -12.902 0.4000000060
8081  -23.283  -82.032  -13.087 0.4000000060
7172  -23.813  -82.379  -13.058 0.5000000000
8063  -25.180  -81.439  -12.192 0.5000000000
8940  -26.824  -80.180  -11.552 0.4000000060
8955  -23.528  -81.219  -12.821 0.5000000000
8956  -24.376  -81.474  -12.508 0.5000000000
7173  -24.570  -82.114  -12.630 0.5000000000
9792  -24.111  -80.050  -13.202 0.5000000000
131719  -24.984  -80.860  -12.180 0.5000000000
132359  -24.835  -80.223  -12.517 0.5000000000
10623  -25.581  -79.558  -12.300 0.5000000000
151111  -25.693  -79.046  -12.871 0.4000000060
9791  -23.528  -80.178  -13.010 0.5000000000
9806  -24.133  -79.642  -14.132 0.5000000000
9793  -24.695  -79.296  -14.310 0.5000000000
10639  -25.505  -78.888  -13.762 0.5000000000
148953  -23.635  -75.858  -13.129 0.5000000000
147503  -23.247  -79.685  -13.070 0.5000000000
132071  -23.037  -78.692  -14.049 0.5000000000
10655  -23.617  -79.192  -14.517 0.5000000000
11543  -22.979  -78.418  -15.088 0.5000000000
10656  -24.219  -79.262  -14.971 0.5000000000
10657  -25.265  -78.782  -14.876 0.5000000000
143008  -23.264  -76.313  -13.968 0.5000000000
137527  -23.453  -75.320  -14.588 0.5000000000
15340  -23.113  -73.557  -15.785 0.5000000000
12519  -22.729  -77.271  -14.959 0.5000000000
13473  -23.051  -75.316  -15.626 0.5000000000
14440  -22.938  -74.412  -16.181 0.5000000000
11559  -22.768  -77.726  -15.841 0.5000000000
12533  -22.637  -76.967  -15.696 0.5000000000
13486  -22.648  -75.355  -16.636 0.5000000000
10680  -23.262  -78.277  -16.095 0.5000000000
11575  -22.870  -77.541  -16.982 0.5000000000
10672  -23.692  -78.838  -15.516 0.5000000000
10673  -24.432  -78.888  -15.724 0.5000000000
11560  -25.383  -78.335  -15.795 0.5000000000
18228  -22.887  -69.389  -16.656 0.5000000000
18238  -22.457  -69.736  -17.383 0.6000000238
16345  -22.456  -72.731  -16.531 0.5000000000
139965  -21.806  -71.876  -17.649 0.5000000000
130588  -22.410  -75.575  -17.587 0.5000000000
137296  -22.013  -73.812  -18.456 0.5000000000
11588  -23.013  -77.434  -17.505 0.5000000000
12564  -22.825  -76.905  -18.139 0.5000000000
10681  -23.873  -78.595  -16.337 0.5000000000
20092  -25.510  -68.216  -15.527 0.5000000000
19177  -23.668  -68.751  -16.797 0.5000000000
17331  -21.938  -70.857  -18.461 0.6000000238
21844  -23.045  -66.035  -8.335 0.5000000000
21845  -23.863  -66.669  -8.203 0.6000000238
22791  -21.943  -65.557  -8.146 0.5000000000
21832  -22.264  -66.585  -7.856 0.5000000000
20917  -23.920  -67.504  -7.745 0.6000000238
20915  -22.535  -67.285  -7.622 0.6000000238
20914  -21.678  -67.160  -7.356 0.6000000238
128902  -21.197  -67.673  -6.580 0.5000000000
19996  -22.294  -68.080  -7.292 0.6000000238
19976  -21.602  -68.481  -6.612 0.6000000238
20897  -20.953  -67.499  -5.601 0.5000000000
132767  -21.199  -68.364  -5.886 0.6000000238
19043  -22.037  -69.820  -5.831 0.6000000238
20887  -20.954  -66.584  -4.856 0.5000000000
20888  -21.201  -67.802  -4.786 0.5000000000
21788  -20.544  -65.379  -2.401 0.5000000000
129702  -20.517  -65.984  -1.356 0.6000000238
19909  -19.736  -68.202  -0.784 0.6000000238
20854  -19.548  -67.122  -1.008 0.5000000000
21798  -21.374  -66.238  -2.935 0.6000000238
143277  -21.291  -66.722  -3.966 0.5000000000
21764  -20.242  -66.630  -0.724 0.5000000000
19877  -20.266  -68.511  1.153 0.6000000238
19889  -20.465  -68.124  0.468 0.6000000238
135631  -20.251  -67.330  1.847 0.6000000238
9810  -41.479  -79.704  -14.751 0.3000000119
11553  -41.924  -77.970  -15.404 0.3000000119
10663  -40.272  -78.734  -15.153 0.3000000119
12545  -42.084  -76.354  -15.761 0.3000000119
10662  -39.725  -77.948  -14.746 0.3000000119
9808  -40.025  -79.559  -14.823 0.3000000119
9809  -40.579  -80.021  -14.794 0.3000000119
9779  -26.293  -79.508  -11.758 0.4000000060
13485  -22.529  -76.331  -16.967 0.5000000000
15366  -21.796  -72.954  -18.139 0.5000000000
144662  -24.289  -66.458  -8.644 0.5000000000
8046  -26.409  -80.658  -11.756 0.4000000060
9778  -25.609  -80.192  -11.903 0.5000000000
9805  -23.734  -79.712  -13.598 0.5000000000
12488  -23.398  -76.536  -12.491 0.5000000000
12501  -22.891  -77.614  -13.894 0.5000000000
125304  -23.753  -75.280  -13.539 0.5000000000
14430  -23.450  -74.410  -15.161 0.5000000000
12534  -22.903  -76.250  -15.150 0.5000000000
15352  -22.099  -73.056  -17.275 0.5000000000
10664  -40.813  -79.268  -15.177 0.3000000119
150015  -40.855  -77.181  -15.807 0.3000000119
11569  -41.298  -77.450  -15.749 0.3000000119
142686  -41.086  -78.417  -15.511 0.3000000119
11552  -40.512  -77.685  -15.478 0.3000000119
12544  -41.603  -76.594  -15.997 0.3000000119
26632  -30.056  -61.184  2.276 0.3000000119
6381  -34.709  -83.488  -11.208 0.5000000000
6391  -29.656  -83.002  -12.808 0.6000000238
6392  -31.078  -82.958  -12.525 0.5000000000
6401  -30.377  -83.288  -13.038 0.5000000000
6409  -23.855  -82.843  -14.387 0.5000000000
6413  -30.996  -83.381  -14.082 0.5000000000
7148  -34.025  -82.018  -10.665 0.5000000000
7161  -32.465  -81.975  -11.456 0.5000000000
7166  -40.864  -83.075  -11.823 0.3000000119
7175  -31.668  -82.408  -11.946 0.5000000000
7181  -40.397  -82.575  -12.529 0.3000000119
7187  -24.372  -82.537  -13.245 0.5000000000
7188  -24.996  -82.392  -12.972 0.5000000000
7200  -24.267  -82.727  -13.906 0.5000000000
8011  -39.559  -81.396  -8.728 0.3000000119
8022  -41.139  -81.080  -9.716 0.3000000119
8023  -41.524  -81.842  -9.754 0.3000000119
8031  -31.935  -80.991  -10.778 0.6999999881
8033  -33.558  -81.257  -10.545 0.5000000000
8034  -34.458  -81.405  -10.484 0.5000000000
8045  -25.712  -80.775  -11.841 0.5000000000
8047  -30.954  -81.558  -11.601 0.6999999881
8048  -31.549  -81.507  -11.225 0.6999999881
8062  -23.769  -81.872  -12.765 0.5000000000
8064  -25.928  -81.276  -11.983 0.4000000060
8082  -25.511  -81.850  -12.520 0.5000000000
8083  -26.870  -81.271  -13.011 0.5000000000
8943  -31.397  -80.895  -11.184 0.6999999881
8946  -37.707  -81.412  -12.308 0.4000000060
8957  -27.218  -80.552  -11.867 0.4000000060
8958  -28.057  -80.525  -12.017 0.5000000000
8961  -38.414  -81.440  -12.986 0.4000000060
8964  -42.233  -80.745  -12.278 0.3000000119
8982  -40.549  -80.748  -14.351 0.3000000119
9735  -38.946  -79.741  -9.065 0.3000000119
9748  -32.000  -79.826  -10.710 0.5000000000
9750  -33.758  -79.933  -10.348 0.6000000238
9761  -26.257  -80.141  -11.618 0.4000000060
9762  -26.885  -79.609  -11.473 0.4000000060
9763  -27.566  -79.334  -11.517 0.5000000000
9777  -24.073  -80.782  -12.776 0.5000000000
9785  -42.461  -80.054  -12.018 0.3000000119
9795  -30.402  -79.652  -13.751 0.6999999881
10598  -34.161  -78.673  -10.739 0.6000000238
10613  -32.992  -77.985  -11.204 0.6000000238
10614  -34.718  -78.170  -11.105 0.5000000000
10624  -26.968  -78.142  -12.261 0.5000000000
10625  -27.710  -78.140  -11.955 0.5000000000
10628  -32.237  -78.513  -12.459 0.6999999881
10638  -23.275  -79.229  -13.500 0.5000000000
10660  -31.343  -78.939  -14.530 0.6999999881
10661  -32.113  -78.661  -14.286 0.6000000238
10682  -24.653  -78.518  -16.350 0.5000000000
11500  -34.400  -77.412  -11.451 0.5000000000
11512  -28.227  -77.642  -12.442 0.6000000238
11513  -28.904  -78.069  -12.655 0.5000000000
11516  -36.275  -77.105  -12.303 0.3000000119
11517  -37.011  -77.368  -12.594 0.4000000060
11528  -27.064  -77.525  -13.140 0.5000000000
11546  -29.619  -77.668  -14.457 0.6999999881
11576  -23.440  -77.960  -17.032 0.5000000000
11591  -24.844  -77.909  -17.429 0.6999999881
12477  -33.821  -76.905  -12.393 0.4000000060
12479  -34.920  -76.943  -11.829 0.4000000060
12490  -34.624  -76.642  -12.532 0.4000000060
12505  -34.655  -76.475  -13.535 0.4000000060
12521  -28.650  -76.342  -14.360 0.6000000238
12524  -35.743  -76.365  -14.581 0.3000000119
12536  -27.391  -76.065  -15.287 0.6000000238
12551  -27.231  -75.818  -16.068 0.6000000238
12554  -31.268  -76.871  -16.914 0.4000000060
12563  -22.652  -77.016  -17.300 0.5000000000
12570  -34.754  -76.780  -18.198 0.4000000060
12579  -23.419  -76.915  -18.797 0.6000000238
12584  -32.754  -76.453  -18.523 0.4000000060
12585  -34.332  -76.686  -19.067 0.4000000060
12603  -35.004  -76.296  -20.734 0.4000000060
12604  -35.630  -76.234  -20.351 0.4000000060
12615  -34.794  -76.012  -21.147 0.4000000060
12617  -35.806  -75.733  -20.457 0.4000000060
12622  -33.533  -75.917  -21.559 0.4000000060
13472  -22.700  -76.240  -16.087 0.5000000000
13489  -28.969  -75.695  -16.394 0.6000000238
13490  -29.464  -75.832  -17.096 0.5000000000
13505  -30.466  -75.876  -18.118 0.5000000000
13516  -30.599  -75.681  -18.893 0.4000000060
13527  -23.555  -75.677  -20.235 0.6000000238
13534  -32.104  -75.848  -20.234 0.4000000060
13542  -24.087  -75.479  -20.765 0.6000000238
13543  -25.756  -75.374  -21.288 0.5000000000
13544  -26.736  -75.267  -21.652 0.5000000000
13545  -27.752  -75.179  -21.778 0.5000000000
13547  -30.846  -75.262  -21.079 0.4000000060
13548  -31.759  -75.516  -21.099 0.4000000060
13550  -34.606  -75.607  -21.275 0.4000000060
13557  -29.454  -74.675  -22.421 0.5000000000
13561  -33.090  -75.434  -21.855 0.4000000060
13564  -32.380  -75.204  -22.066 0.5000000000
14439  -22.292  -74.213  -17.396 0.5000000000
14476  -34.667  -74.795  -20.489 0.4000000060
14480  -22.801  -74.164  -20.213 0.6000000238
14481  -23.413  -74.646  -20.627 0.6000000238
14482  -24.105  -74.953  -21.037 0.6000000238
14484  -35.423  -75.257  -20.633 0.4000000060
14492  -30.673  -74.665  -22.390 0.5000000000
14494  -34.031  -75.136  -21.479 0.4000000060
14495  -31.949  -74.815  -22.361 0.5000000000
15212  -28.749  -73.193  -5.983 0.5000000000
15225  -27.496  -73.103  -6.826 0.6000000238
15226  -28.371  -73.296  -6.851 0.5000000000
15227  -29.288  -73.317  -6.719 0.5000000000
15228  -30.026  -73.220  -7.266 0.6000000238
15243  -27.829  -73.128  -7.430 0.6000000238
15244  -28.508  -73.182  -7.769 0.6000000238
15258  -29.085  -73.002  -8.270 0.6000000238
15367  -33.463  -74.001  -18.087 0.4000000060
15380  -22.747  -73.395  -20.049 0.6999999881
15383  -23.836  -73.771  -20.741 0.6000000238
15394  -32.203  -73.987  -22.388 0.5000000000
15395  -32.821  -73.896  -21.980 0.5000000000
15398  -32.196  -74.568  -22.402 0.5000000000
16164  -26.570  -72.637  -5.746 0.6999999881
16165  -27.370  -72.978  -5.455 0.6999999881
16176  -26.380  -72.441  -6.541 0.6000000238
16194  -30.596  -72.854  -7.884 0.6000000238
16214  -31.133  -72.334  -8.406 0.6000000238
16228  -27.629  -72.298  -9.695 0.6000000238
16247  -28.640  -72.157  -10.375 0.6000000238
16266  -28.480  -72.357  -11.632 0.6000000238
16286  -29.147  -72.523  -12.068 0.6000000238
16304  -30.120  -72.313  -13.285 0.5000000000
16334  -28.484  -72.596  -15.541 0.6000000238
16348  -27.095  -72.599  -16.719 0.6000000238
16362  -25.883  -72.450  -17.688 0.6000000238
16367  -22.396  -72.570  -19.530 0.6999999881
16376  -23.850  -72.710  -20.004 0.6000000238
16379  -33.757  -72.135  -20.434 0.4000000060
16382  -24.706  -73.148  -20.452 0.6000000238
16388  -31.227  -72.613  -21.358 0.5000000000
16391  -26.848  -73.553  -22.033 0.6000000238
16396  -31.739  -73.320  -21.953 0.5000000000
17079  -25.897  -71.483  -1.728 0.6000000238
17090  -22.580  -70.877  -2.909 0.6000000238
17094  -26.354  -71.936  -2.405 0.5000000000
17096  -28.211  -71.682  -2.546 0.5000000000
17109  -23.122  -71.289  -3.360 0.6000000238
17110  -24.557  -71.913  -3.474 0.5000000000
17113  -28.608  -71.908  -3.316 0.5000000000
17141  -24.867  -71.445  -5.231 0.6000000238
17163  -25.992  -71.919  -7.916 0.5000000000
17181  -31.581  -71.628  -8.858 0.6000000238
17201  -25.626  -70.892  -8.950 0.6000000238
17202  -26.016  -71.562  -9.183 0.5000000000
17203  -29.795  -71.686  -10.054 0.6000000238
17227  -30.321  -71.426  -10.325 0.5000000000
17263  -26.752  -70.839  -12.204 0.6000000238
17280  -31.047  -71.258  -13.096 0.5000000000
17307  -26.938  -72.263  -15.492 0.6000000238
17319  -21.987  -70.582  -17.522 0.6000000238
17321  -24.821  -71.271  -17.195 0.6999999881
17347  -28.530  -71.070  -19.427 0.6000000238
17348  -29.908  -71.223  -19.783 0.5000000000
17354  -27.720  -72.112  -20.611 0.6000000238
17357  -30.602  -71.901  -20.577 0.5000000000
18041  -22.870  -70.435  -1.662 0.6000000238
18042  -24.537  -70.870  -1.409 0.5000000000
18045  -27.259  -70.774  -1.113 0.5000000000
18080  -22.410  -70.615  -4.638 0.6999999881
18091  -23.199  -70.729  -5.225 0.6999999881
18102  -24.967  -70.434  -6.404 0.6000000238
18129  -25.448  -70.441  -8.276 0.6000000238
18145  -32.005  -70.917  -9.407 0.6000000238
18194  -26.882  -70.135  -13.008 0.6000000238
18217  -26.834  -69.890  -14.389 0.6000000238
18219  -31.357  -70.286  -14.212 0.6000000238
18231  -30.755  -70.568  -15.560 0.6000000238
18240  -24.476  -69.538  -17.257 0.6000000238
18241  -30.033  -69.811  -17.258 0.6000000238
18245  -23.163  -69.833  -18.126 0.6999999881
18246  -29.079  -70.520  -18.145 0.6000000238
18976  -24.481  -69.745  -0.596 0.6000000238
18989  -22.742  -69.665  -1.157 0.6000000238
18993  -26.797  -70.034  -0.735 0.5000000000
19030  -21.674  -69.294  -4.302 0.6999999881
19042  -21.676  -69.109  -6.232 0.6000000238
19056  -24.160  -69.397  -6.631 0.6999999881
19120  -25.388  -68.865  -10.142 0.5000000000
19121  -25.750  -69.468  -10.849 0.5000000000
19170  -26.763  -68.775  -14.926 0.5000000000
19178  -24.606  -68.593  -16.472 0.5000000000
19185  -24.049  -68.817  -17.302 0.6000000238
19187  -30.699  -68.808  -17.235 0.6000000238
19191  -30.258  -69.459  -18.028 0.6000000238
19869  -20.333  -67.974  1.573 0.6000000238
19888  -20.101  -68.417  -0.080 0.6000000238
19894  -26.406  -68.586  -0.755 0.6000000238
19895  -27.662  -68.907  -0.370 0.5000000000
19941  -21.497  -68.482  -4.344 0.6999999881
19977  -23.033  -68.775  -6.986 0.6000000238
19978  -23.954  -68.735  -6.979 0.6999999881
19998  -24.951  -68.646  -7.902 0.6000000238
20038  -25.501  -67.891  -10.328 0.5000000000
20046  -25.997  -67.582  -11.158 0.5000000000
20061  -32.637  -68.465  -12.967 0.5000000000
20073  -32.010  -68.611  -13.956 0.6000000238
20075  -32.940  -67.787  -13.417 0.5000000000
20086  -27.100  -68.136  -14.447 0.6000000238
20088  -32.170  -67.908  -14.487 0.5000000000
20107  -31.358  -68.666  -17.737 0.5000000000
20805  -21.952  -67.041  1.229 0.6000000238
20817  -23.634  -67.476  0.732 0.6000000238
20818  -24.396  -67.829  0.320 0.6000000238
20856  -22.135  -67.499  -0.174 0.6000000238
20859  -26.688  -67.225  -1.079 0.6000000238
20918  -24.403  -67.886  -7.834 0.6000000238
20929  -24.918  -67.163  -8.788 0.6000000238
20984  -32.385  -67.242  -14.945 0.4000000060
20989  -31.693  -67.592  -16.115 0.4000000060
20994  -32.189  -67.208  -16.301 0.4000000060
20995  -32.877  -66.898  -16.458 0.4000000060
21741  -22.246  -66.517  1.462 0.6000000238
21742  -22.939  -66.326  1.341 0.6000000238
21752  -27.665  -66.556  -0.058 0.5000000000
21766  -25.029  -66.231  -0.857 0.6999999881
21781  -26.448  -66.418  -1.607 0.6000000238
21833  -23.205  -66.953  -7.887 0.5000000000
21846  -24.640  -66.616  -8.846 0.5000000000
21901  -33.263  -66.342  -14.827 0.4000000060
21906  -33.283  -66.186  -15.422 0.4000000060
22704  -19.297  -65.980  1.523 0.5000000000
22705  -20.149  -66.146  1.760 0.5000000000
22714  -18.651  -65.688  1.105 0.5000000000
22716  -24.090  -65.612  0.706 0.6000000238
22746  -26.105  -65.191  -2.414 0.5000000000
22756  -25.130  -64.979  -2.547 0.6999999881
22801  -22.573  -65.119  -8.679 0.5000000000
23631  -21.198  -65.077  1.369 0.6000000238
23633  -23.535  -64.778  0.665 0.6000000238
23635  -31.176  -63.942  1.069 0.4000000060
23644  -21.784  -64.491  1.031 0.6000000238
23655  -27.313  -64.132  -0.889 0.4000000060
23677  -24.496  -64.144  -3.293 0.6999999881
23678  -25.039  -64.483  -3.073 0.6000000238
23680  -25.884  -64.340  -2.727 0.5000000000
23688  -25.360  -64.141  -3.128 0.6000000238
24597  -18.819  -63.958  -0.041 0.5000000000
24600  -21.260  -63.902  0.417 0.5000000000
24603  -29.180  -63.801  1.303 0.4000000060
24611  -18.389  -63.618  -0.418 0.5000000000
24614  -20.882  -63.365  -0.228 0.5000000000
24616  -23.389  -63.920  -0.751 0.6000000238
24628  -22.800  -63.419  -1.188 0.6000000238
24647  -23.225  -63.304  -3.394 0.5000000000
24650  -25.197  -63.532  -3.535 0.5000000000
24658  -24.234  -63.021  -4.387 0.4000000060
25581  -29.345  -62.601  1.660 0.4000000060
25600  -18.003  -63.195  -0.964 0.5000000000
25601  -19.316  -63.016  -0.916 0.5000000000
25633  -20.664  -62.337  -2.158 0.4000000060
25637  -25.815  -63.140  -2.776 0.5000000000
25654  -22.209  -62.134  -4.636 0.4000000060
25662  -22.705  -61.284  -5.863 0.3000000119
26631  -29.068  -61.349  2.223 0.3000000119
26641  -27.482  -61.340  1.457 0.3000000119
26645  -31.271  -61.519  1.574 0.3000000119
26679  -25.524  -61.843  -1.741 0.3000000119
26680  -26.163  -62.377  -1.400 0.5000000000
26706  -24.746  -61.744  -3.439 0.4000000060
26721  -23.832  -61.766  -5.111 0.3000000119
26734  -23.457  -61.112  -5.390 0.3000000119
26740  -22.138  -60.570  -6.681 0.3000000119
27747  -23.525  -60.550  -4.600 0.3000000119
27768  -23.111  -60.484  -5.866 0.3000000119
27779  -20.470  -60.349  -7.362 0.3000000119
27782  -22.772  -59.826  -6.451 0.3000000119
28762  -19.098  -59.277  -3.107 0.4000000060
28763  -23.097  -59.698  -3.048 0.3000000119
28773  -17.788  -59.178  -4.368 0.3000000119
28774  -18.763  -59.114  -4.168 0.4000000060
28775  -22.732  -59.023  -3.403 0.3000000119
28797  -19.468  -59.387  -6.749 0.4000000060
28799  -22.997  -59.806  -5.923 0.3000000119
28808  -19.932  -59.907  -7.230 0.4000000060
28811  -22.470  -59.327  -6.803 0.3000000119
29741  -20.372  -58.484  -1.738 0.3000000119
29742  -22.854  -58.597  -1.863 0.3000000119
29768  -22.637  -58.348  -4.192 0.3000000119
29775  -19.724  -58.685  -5.366 0.4000000060
29787  -22.700  -59.164  -6.342 0.3000000119
29799  -21.456  -58.976  -6.979 0.3000000119
29800  -22.198  -58.837  -6.782 0.3000000119
29801  -22.449  -58.807  -6.478 0.3000000119
30715  -21.126  -57.399  -0.984 0.3000000119
30717  -24.323  -57.285  -0.464 0.3000000119
30729  -23.280  -57.266  -1.516 0.3000000119
30761  -22.369  -57.375  -5.228 0.3000000119
30767  -21.549  -57.757  -5.633 0.4000000060
30768  -22.181  -57.770  -5.753 0.3000000119
30774  -22.262  -58.338  -6.181 0.3000000119
31738  -22.643  -55.677  -3.334 0.3000000119
31744  -22.139  -56.638  -4.973 0.3000000119
31745  -22.337  -56.688  -4.742 0.3000000119
31751  -22.269  -57.219  -5.286 0.4000000060
32770  -21.771  -55.419  -3.918 0.4000000060
33791  -20.695  -54.862  -2.501 0.4000000060
33793  -22.113  -54.282  -3.008 0.3000000119
33807  -21.221  -55.028  -3.330 0.3000000119
33808  -21.924  -54.791  -3.507 0.3000000119
125205  -42.098  -81.273  -10.763 0.3000000119
126711  -21.599  -67.539  -3.594 0.5000000000
126729  -20.948  -56.824  -4.411 0.4000000060
127887  -28.893  -80.723  -12.337 0.5000000000
129211  -18.440  -65.034  0.628 0.5000000000
130779  -29.116  -71.253  -19.807 0.5000000000
131774  -18.641  -59.416  -6.343 0.4000000060
131845  -22.913  -77.818  -16.518 0.5000000000
132118  -31.794  -69.261  -18.187 0.5000000000
132630  -21.130  -62.581  -1.512 0.4000000060
133216  -26.849  -72.637  -4.303 0.5000000000
134167  -39.031  -79.266  -14.121 0.4000000060
134214  -22.657  -77.135  -16.480 0.5000000000
135321  -22.526  -68.061  -0.178 0.6000000238
135422  -23.893  -64.504  -0.306 0.6000000238
136151  -22.540  -76.420  -17.681 0.5000000000
136470  -24.711  -64.622  -2.799 0.6000000238
136512  -25.519  -76.850  -18.274 0.6000000238
136637  -26.952  -65.729  -1.443 0.5000000000
136958  -31.353  -74.700  -22.411 0.5000000000
137246  -30.975  -82.553  -12.039 0.6000000238
137285  -21.375  -56.999  -0.406 0.3000000119
138236  -33.438  -73.866  -20.943 0.5000000000
138691  -35.227  -81.109  -10.566 0.5000000000
138869  -22.257  -55.381  -3.772 0.3000000119
139225  -28.627  -72.613  -13.737 0.6000000238
139746  -21.835  -66.040  1.680 0.6000000238
140029  -28.558  -82.630  -13.318 0.5000000000
140394  -29.286  -80.170  -12.589 0.6000000238
140586  -23.890  -71.595  -2.937 0.5000000000
140760  -22.445  -67.336  0.845 0.6000000238
142056  -23.973  -70.547  -5.646 0.6999999881
142079  -29.489  -72.557  -12.841 0.6000000238
142441  -19.955  -62.402  -1.979 0.4000000060
143200  -24.856  -79.585  -13.326 0.5000000000
143276  -28.354  -72.233  -9.912 0.6000000238
143488  -26.291  -78.842  -12.160 0.4000000060
144218  -27.687  -62.644  0.752 0.4000000060
144420  -22.632  -73.614  -16.604 0.5000000000
144644  -31.269  -78.084  -15.575 0.6000000238
144935  -41.218  -80.351  -14.502 0.3000000119
145064  -29.877  -70.586  -16.803 0.6000000238
145188  -35.616  -77.201  -11.899 0.5000000000
145190  -25.074  -69.900  -6.967 0.6000000238
145514  -22.018  -63.853  0.445 0.6000000238
146100  -29.044  -82.557  -12.775 0.5000000000
146397  -23.168  -67.594  -7.621 0.6000000238
147004  -38.665  -77.476  -13.706 0.3000000119
147629  -24.083  -70.311  -0.966 0.6000000238
148326  -28.282  -70.148  -0.760 0.5000000000
148360  -20.507  -56.823  -3.366 0.4000000060
148539  -25.848  -66.042  -2.008 0.6000000238
148578  -31.401  -69.056  -15.197 0.6000000238
148804  -22.136  -68.849  -6.809 0.6000000238
149365  -26.236  -81.441  -12.421 0.5000000000
149494  -33.231  -77.322  -12.376 0.5000000000
149547  -30.675  -83.404  -13.572 0.5000000000
149996  -30.625  -71.840  -13.252 0.5000000000
150309  -20.350  -58.581  -1.124 0.3000000119
150471  -25.495  -62.714  -3.058 0.4000000060
150499  -26.749  -75.581  -18.627 0.5000000000
150838  -33.488  -76.607  -18.537 0.4000000060
151035  -28.073  -65.975  0.250 0.5000000000
151314  -37.527  -81.776  -8.255 0.3000000119
151347  -35.443  -79.170  -11.108 0.5000000000
151558  -29.232  -75.971  -15.757 0.6000000238
