#!ascii label  , from subject sub-fsm30gy vox2ras=TkReg
1532
18158  -33.255  -45.685  19.781 0.5000000000
18154  -33.113  -45.582  20.026 0.4000000060
18920  -33.403  -44.403  19.628 0.6000000238
18927  -33.592  -44.307  19.157 0.6000000238
122260  -33.505  -44.992  19.451 0.5000000000
111496  -33.777  -43.114  18.585 0.6000000238
18916  -33.327  -44.764  20.093 0.6999999881
18149  -33.541  -45.481  20.475 0.6999999881
19721  -33.302  -43.560  19.271 0.6999999881
123286  -33.268  -43.176  18.852 0.6999999881
111248  -34.460  -42.611  18.349 0.5000000000
112196  -33.985  -41.790  18.393 0.6999999881
19730  -34.410  -43.469  18.482 0.5000000000
17336  -30.523  -46.421  29.555 0.5000000000
19714  -33.846  -44.148  20.589 0.6999999881
19719  -33.287  -43.752  19.919 0.6999999881
20547  -32.957  -42.805  19.043 0.6999999881
20537  -32.949  -42.375  20.008 0.6999999881
20555  -32.826  -42.101  18.961 0.6999999881
20543  -33.025  -42.968  19.555 0.6999999881
20546  -32.740  -42.293  19.411 0.6999999881
115060  -34.363  -41.009  18.244 0.6000000238
19702  -35.783  -43.401  23.484 0.6999999881
19715  -34.668  -43.639  21.139 0.6999999881
17352  -30.061  -46.560  28.903 0.6000000238
110838  -29.559  -48.386  27.831 0.4000000060
119658  -33.280  -42.965  20.085 0.6999999881
20556  -33.406  -42.513  18.656 0.6999999881
21358  -33.477  -41.086  18.557 0.6999999881
22110  -32.950  -40.387  18.805 0.6999999881
114489  -34.621  -40.253  18.190 0.6000000238
127212  -35.738  -42.871  24.791 0.6999999881
19691  -35.708  -43.498  24.388 0.6999999881
19710  -35.720  -43.268  22.527 0.6999999881
20519  -35.908  -42.572  23.169 0.6999999881
111563  -35.865  -42.719  24.064 0.6999999881
18070  -30.631  -44.674  29.242 0.6000000238
20528  -35.787  -42.383  22.313 0.6999999881
20538  -34.680  -42.721  21.044 0.6999999881
19716  -35.401  -43.026  21.668 0.6999999881
126058  -36.006  -41.852  22.910 0.6999999881
123045  -29.605  -47.626  27.212 0.5000000000
16661  -29.865  -47.543  28.328 0.5000000000
21345  -32.714  -41.646  19.843 0.6999999881
128486  -33.170  -41.800  20.304 0.6999999881
22082  -35.798  -40.679  22.253 0.6999999881
15975  -29.157  -48.397  27.029 0.4000000060
21357  -32.796  -41.252  18.963 0.6999999881
118126  -33.739  -42.365  20.533 0.6999999881
20539  -35.314  -42.015  21.597 0.6999999881
21329  -35.807  -41.522  22.308 0.6999999881
15973  -28.223  -48.655  27.252 0.4000000060
21342  -35.453  -41.197  21.802 0.6999999881
115413  -33.224  -41.770  18.685 0.6999999881
21349  -32.582  -41.074  19.491 0.6999999881
22837  -33.931  -39.795  20.780 0.6999999881
22094  -34.403  -40.524  21.037 0.6999999881
22093  -33.498  -40.526  20.553 0.6999999881
22854  -34.013  -39.474  18.314 0.6000000238
22853  -33.117  -39.544  18.661 0.6999999881
22852  -32.541  -39.649  19.107 0.6999999881
24347  -34.236  -37.354  18.388 0.5000000000
119333  -34.685  -38.062  18.403 0.5000000000
24349  -36.297  -38.153  19.146 0.4000000060
24348  -35.529  -38.087  18.719 0.5000000000
21308  -35.972  -41.393  24.629 0.6999999881
18831  -30.768  -43.576  28.843 0.6000000238
121551  -34.546  -41.944  21.006 0.6999999881
124776  -29.985  -45.918  28.523 0.5000000000
22073  -36.133  -40.993  23.091 0.6999999881
123637  -32.673  -40.954  19.904 0.6999999881
21340  -33.906  -41.363  20.702 0.6999999881
22101  -32.596  -40.414  19.250 0.6999999881
118305  -32.653  -39.287  20.171 0.6999999881
25050  -32.973  -36.652  18.329 0.6999999881
22111  -33.765  -40.283  18.416 0.6999999881
131531  -33.234  -37.476  18.380 0.6999999881
116853  -33.315  -38.575  18.494 0.6999999881
117328  -33.779  -36.633  18.388 0.6999999881
21269  -34.187  -41.722  28.639 0.6999999881
121106  -34.549  -41.055  28.244 0.6999999881
121108  -34.896  -40.921  27.728 0.8000000119
128370  -35.452  -40.755  26.649 0.8000000119
117406  -33.450  -42.262  29.131 0.6000000238
120894  -33.413  -41.327  29.161 0.6000000238
116477  -35.753  -40.732  25.970 0.8000000119
132444  -32.640  -41.878  29.324 0.6000000238
20456  -31.862  -41.539  29.216 0.6000000238
110457  -36.002  -40.620  25.051 0.6999999881
19636  -31.571  -43.031  29.227 0.6000000238
124997  -32.026  -42.295  29.307 0.6000000238
18850  -30.337  -44.324  28.553 0.6000000238
22074  -36.265  -40.155  23.582 0.6999999881
18105  -29.827  -45.737  27.627 0.5000000000
18861  -30.047  -44.672  27.593 0.6000000238
22065  -36.245  -40.049  24.384 0.6999999881
22828  -35.692  -39.787  22.057 0.6999999881
22097  -32.546  -40.408  19.715 0.6999999881
22092  -32.795  -40.466  20.121 0.6999999881
22838  -34.850  -39.742  21.348 0.6999999881
116353  -32.322  -37.951  18.722 0.8000000119
115154  -32.433  -38.827  18.923 0.6999999881
22841  -32.540  -39.790  19.926 0.6999999881
121007  -34.298  -39.015  21.067 0.6999999881
117574  -32.268  -37.044  18.551 0.8000000119
23616  -32.196  -38.883  19.423 0.6999999881
23612  -32.214  -38.928  19.838 0.6999999881
25051  -34.667  -36.598  18.707 0.5000000000
25038  -35.594  -36.544  19.227 0.5000000000
24337  -36.201  -37.342  19.312 0.4000000060
22022  -34.041  -40.638  28.763 0.6000000238
22779  -34.944  -39.566  27.706 0.8000000119
22031  -35.172  -40.327  27.274 0.8999999762
22788  -35.728  -39.298  26.295 0.8000000119
22039  -35.576  -40.089  26.497 0.8000000119
112079  -35.931  -39.941  25.729 0.8000000119
126183  -31.563  -42.224  29.069 0.6000000238
20472  -31.084  -42.567  28.687 0.6000000238
22810  -36.151  -39.800  25.043 0.8000000119
130607  -29.733  -45.953  26.858 0.6000000238
19660  -30.346  -43.720  27.929 0.6000000238
112452  -30.610  -42.851  28.097 0.6000000238
23588  -36.387  -38.876  23.903 0.6999999881
125187  -29.697  -46.588  26.987 0.5000000000
123326  -36.029  -39.050  22.428 0.6999999881
23600  -36.337  -38.410  23.109 0.6999999881
15988  -28.889  -48.179  26.136 0.5000000000
18114  -29.659  -46.129  26.169 0.5000000000
130132  -36.075  -39.581  22.603 0.6999999881
25049  -31.501  -36.422  18.865 0.8000000119
22845  -32.375  -39.697  19.548 0.6999999881
120237  -33.327  -39.160  20.571 0.6999999881
24336  -35.127  -37.334  18.725 0.5000000000
22009  -33.271  -40.432  29.255 0.6999999881
22750  -33.800  -39.685  28.964 0.6999999881
130663  -34.254  -39.993  28.590 0.6999999881
22768  -34.459  -39.409  28.382 0.8000000119
23542  -35.157  -38.972  27.467 0.8000000119
21256  -32.586  -41.035  29.328 0.6999999881
23530  -34.564  -38.641  28.339 0.8000000119
23553  -35.505  -38.714  26.922 0.8000000119
120347  -31.255  -41.717  28.701 0.6000000238
22798  -36.112  -39.076  25.436 0.6999999881
111550  -30.291  -43.981  26.892 0.6000000238
122862  -36.444  -38.170  23.926 0.8000000119
23578  -36.365  -38.424  24.708 0.6999999881
18106  -29.872  -45.375  26.748 0.6000000238
24301  -36.386  -37.540  23.540 0.8000000119
16691  -29.124  -47.616  25.737 0.4000000060
23598  -35.320  -38.868  21.659 0.6999999881
15995  -27.464  -47.927  25.731 0.4000000060
23608  -34.617  -38.194  21.290 0.6999999881
23599  -35.938  -38.249  22.194 0.6999999881
24346  -31.567  -37.381  19.062 0.8000000119
23615  -31.617  -38.149  19.741 0.8000000119
113116  -32.558  -38.556  20.352 0.6999999881
114482  -32.371  -36.173  18.423 0.8000000119
25791  -33.284  -35.841  18.386 0.6999999881
123958  -35.727  -34.966  19.533 0.5000000000
25778  -35.145  -35.808  19.191 0.5000000000
25039  -36.624  -36.372  19.529 0.4000000060
23513  -33.371  -38.937  29.242 0.6000000238
23529  -34.045  -38.801  28.824 0.6999999881
23541  -34.836  -38.946  27.926 0.8000000119
24252  -35.116  -38.169  27.760 0.8000000119
22008  -32.432  -40.260  29.336 0.6999999881
21268  -31.436  -40.915  28.842 0.6999999881
24282  -36.043  -37.699  25.942 0.8000000119
21267  -30.906  -41.121  28.244 0.6000000238
24266  -35.655  -37.863  26.774 0.8000000119
20480  -30.599  -42.268  27.307 0.6000000238
24283  -36.311  -37.668  25.165 0.8000000119
119522  -30.090  -44.680  26.571 0.6000000238
19669  -30.463  -43.463  26.188 0.6000000238
125643  -36.342  -37.059  24.839 0.8000000119
24310  -35.755  -37.509  21.964 0.8000000119
25014  -35.982  -36.956  22.354 0.8000000119
17380  -29.363  -46.757  25.497 0.5000000000
25024  -33.781  -36.427  21.031 0.8000000119
116182  -35.363  -38.052  21.690 0.6999999881
16699  -28.884  -47.154  25.000 0.4000000060
25789  -31.129  -35.686  18.938 0.8000000119
24335  -31.174  -37.525  19.687 0.8000000119
24329  -31.046  -37.552  19.965 0.8000000119
24319  -31.311  -37.533  20.163 0.8000000119
24322  -34.004  -37.423  21.004 0.6999999881
25790  -31.750  -35.583  18.571 0.8000000119
23606  -31.645  -38.129  20.055 0.8000000119
24321  -33.046  -37.847  20.646 0.6999999881
26561  -31.888  -34.706  18.511 0.8000000119
25030  -30.648  -36.951  19.969 0.8000000119
26563  -33.863  -35.082  18.731 0.6000000238
26562  -33.155  -35.073  18.455 0.6000000238
23512  -32.695  -39.017  29.356 0.6000000238
22007  -31.689  -40.173  29.070 0.6000000238
24963  -34.940  -37.097  28.249 0.6999999881
114431  -35.443  -37.160  27.367 0.6999999881
22748  -32.192  -39.533  29.275 0.6000000238
23511  -32.024  -38.775  29.166 0.6000000238
22021  -31.091  -40.193  28.386 0.6000000238
24977  -35.792  -36.926  26.478 0.8000000119
20487  -30.599  -42.581  26.351 0.6000000238
21275  -30.647  -41.405  27.464 0.6000000238
18874  -30.230  -44.277  25.998 0.5000000000
24999  -36.187  -36.368  24.954 0.8000000119
18125  -29.930  -45.065  25.063 0.3000000119
25733  -36.081  -35.873  23.449 0.8000000119
25000  -36.325  -36.717  24.087 0.8000000119
110387  -35.512  -36.795  21.799 0.8000000119
25013  -35.818  -36.160  22.418 0.8000000119
25762  -33.577  -35.397  21.151 0.8000000119
25037  -30.935  -36.826  19.545 0.8000000119
24320  -32.105  -37.761  20.398 0.8000000119
25023  -31.814  -36.978  20.458 0.8000000119
118372  -30.848  -36.834  20.139 0.8000000119
112678  -32.684  -34.695  18.481 0.6999999881
26550  -34.379  -34.275  19.278 0.6000000238
26552  -36.781  -33.940  19.312 0.3000000119
24226  -32.801  -38.260  29.354 0.6000000238
24242  -33.468  -37.543  29.291 0.6999999881
109689  -34.179  -36.889  28.998 0.6999999881
22062  -29.512  -40.234  23.882 0.5000000000
22767  -31.509  -39.404  28.787 0.6000000238
130719  -35.582  -36.581  27.097 0.6999999881
21284  -30.637  -41.696  26.515 0.5000000000
22020  -30.710  -40.578  27.607 0.5000000000
22778  -30.968  -39.302  28.098 0.6000000238
25710  -35.680  -35.978  26.817 0.6999999881
19679  -30.362  -43.329  24.783 0.3000000119
25720  -35.952  -36.168  25.825 0.8000000119
111134  -35.926  -35.426  25.066 0.8000000119
25749  -35.263  -35.365  22.053 0.8999999762
125037  -35.747  -35.119  23.378 0.8999999762
110103  -35.878  -35.212  24.098 0.8000000119
17388  -29.236  -46.357  24.739 0.4000000060
25748  -34.560  -35.834  21.457 0.8999999762
25750  -35.713  -35.413  22.805 0.8999999762
26560  -31.133  -35.042  18.782 0.8000000119
25048  -30.795  -36.046  19.435 0.8000000119
112082  -32.936  -37.099  20.665 0.8000000119
27338  -32.465  -33.964  18.647 0.6999999881
26549  -33.383  -34.270  18.805 0.6000000238
27326  -35.025  -33.433  19.564 0.6000000238
122450  -35.378  -34.225  19.516 0.6000000238
24241  -32.382  -37.283  29.320 0.6000000238
24225  -31.960  -38.045  29.072 0.6000000238
24953  -34.701  -36.149  28.530 0.6999999881
23528  -31.386  -38.491  28.482 0.6000000238
24954  -35.122  -35.408  28.123 0.8000000119
122384  -30.673  -41.078  25.790 0.6000000238
119845  -30.667  -40.035  26.907 0.5000000000
24964  -35.339  -36.273  27.708 0.6999999881
122818  -35.625  -35.088  26.902 0.8000000119
20495  -30.483  -42.296  24.764 0.4000000060
110970  -35.782  -35.316  26.104 0.6999999881
113030  -30.350  -43.830  25.416 0.4000000060
26526  -35.397  -34.656  22.809 0.8000000119
26509  -35.658  -34.511  24.630 0.8000000119
26535  -32.972  -34.500  21.151 0.8999999762
26525  -34.861  -34.531  22.050 0.8000000119
26517  -35.557  -34.506  23.719 0.8000000119
26524  -34.021  -34.488  21.532 0.8000000119
126830  -30.464  -36.206  19.869 0.8000000119
25760  -31.280  -35.167  20.542 0.8000000119
113891  -32.683  -36.208  20.738 0.6999999881
25788  -30.667  -35.294  19.337 0.8000000119
25022  -31.537  -36.078  20.489 0.8000000119
26548  -30.408  -34.782  19.762 0.8000000119
27339  -33.108  -33.268  18.919 0.6999999881
27325  -34.014  -33.405  19.358 0.6999999881
29742  -34.841  -31.014  19.385 0.6000000238
119408  -35.613  -31.158  19.092 0.6000000238
24240  -31.495  -37.465  28.543 0.6000000238
25671  -33.753  -35.133  29.344 0.8000000119
25672  -34.501  -35.267  28.800 0.6999999881
23577  -29.958  -38.851  24.457 0.5000000000
23540  -30.888  -38.569  27.565 0.5000000000
26475  -35.403  -34.786  27.611 0.8000000119
25700  -35.457  -35.507  27.456 0.6999999881
22797  -30.575  -39.384  25.246 0.5000000000
22777  -30.738  -39.306  27.208 0.5000000000
27245  -35.391  -33.938  27.680 0.8000000119
22809  -30.151  -39.793  24.437 0.5000000000
111155  -35.616  -34.311  26.969 0.8000000119
131708  -35.666  -34.657  26.354 0.8000000119
110508  -35.607  -33.937  26.200 0.8000000119
26498  -35.699  -34.579  25.579 0.8000000119
27267  -35.499  -33.618  25.200 0.8000000119
27290  -35.233  -33.836  23.268 0.8000000119
111657  -34.406  -33.795  22.042 0.8000000119
27282  -35.395  -33.724  24.156 0.8000000119
25768  -30.439  -35.138  19.972 0.8000000119
26534  -31.856  -34.472  20.890 0.8000000119
120735  -31.180  -34.390  18.783 0.8000000119
27324  -30.368  -33.851  19.656 0.8000000119
28154  -32.164  -32.966  18.800 0.6999999881
28919  -34.258  -31.740  19.533 0.6999999881
118063  -32.338  -31.956  18.874 0.6999999881
28155  -32.896  -32.493  19.008 0.6999999881
28918  -33.266  -31.751  19.225 0.6999999881
29741  -33.863  -30.943  19.270 0.6999999881
25686  -32.328  -35.478  29.355 0.8000000119
24951  -32.380  -36.301  29.347 0.6000000238
25670  -32.942  -34.951  29.584 0.6000000238
24973  -29.001  -36.178  26.147 0.6000000238
24974  -29.726  -36.226  25.947 0.5000000000
25685  -31.629  -35.924  28.864 0.6000000238
25706  -27.943  -35.600  27.402 0.6000000238
25707  -28.767  -35.424  26.749 0.6000000238
25708  -29.540  -35.598  26.382 0.6000000238
24975  -30.460  -36.461  26.215 0.5000000000
23552  -30.811  -37.792  26.923 0.5000000000
116256  -26.650  -33.378  27.499 0.5000000000
25696  -27.319  -34.950  27.902 0.5000000000
25697  -28.212  -34.802  27.430 0.6000000238
131331  -29.397  -35.051  26.713 0.6000000238
23551  -30.635  -38.064  25.889 0.5000000000
24265  -30.878  -36.872  26.921 0.5000000000
27257  -35.587  -33.474  26.957 0.8000000119
26470  -27.500  -34.136  27.730 0.5000000000
26468  -25.078  -34.268  27.729 0.4000000060
23539  -30.719  -38.648  26.590 0.5000000000
28085  -35.387  -32.722  25.278 0.6999999881
27298  -33.492  -33.729  21.575 0.8000000119
27299  -34.992  -33.982  22.564 0.8000000119
28097  -35.252  -32.868  24.550 0.8000000119
28103  -35.045  -33.028  23.689 0.8000000119
28102  -34.504  -32.393  23.355 0.8000000119
28152  -30.677  -33.203  19.385 0.8999999762
111783  -30.245  -34.202  19.916 0.8999999762
26533  -31.091  -34.450  20.677 0.8000000119
27311  -32.403  -33.740  21.293 0.8000000119
26532  -30.568  -34.476  20.328 1.0000000000
110862  -31.361  -33.792  21.033 0.8000000119
27337  -31.610  -33.827  18.733 0.8000000119
114360  -31.577  -32.178  18.899 0.6999999881
125960  -32.271  -34.801  29.356 0.8000000119
26442  -33.488  -34.346  29.480 0.8000000119
26472  -29.146  -33.919  27.246 0.6000000238
114962  -31.672  -35.093  28.898 0.6000000238
26443  -34.256  -34.463  29.079 0.8000000119
27220  -33.969  -33.823  29.296 0.8000000119
26484  -28.954  -34.619  27.037 0.6000000238
26485  -29.970  -35.063  26.674 0.6000000238
25699  -31.127  -35.422  27.982 0.6000000238
27233  -34.535  -33.716  28.839 0.8000000119
27234  -35.088  -33.487  28.308 0.8000000119
28060  -35.400  -32.282  27.744 0.6999999881
26471  -28.411  -34.041  27.436 0.5000000000
26474  -30.760  -34.640  27.716 0.6000000238
24962  -31.199  -36.527  28.028 0.6000000238
122761  -25.494  -33.493  27.264 0.4000000060
27242  -27.038  -32.601  27.192 0.4000000060
125493  -27.736  -33.381  27.518 0.4000000060
27243  -28.583  -33.326  27.381 0.4000000060
111137  -35.539  -32.604  27.001 0.6999999881
28073  -27.774  -32.193  27.201 0.4000000060
27230  -30.077  -33.035  27.708 0.4000000060
110089  -35.531  -32.950  26.099 0.6999999881
29666  -28.084  -30.886  27.258 0.4000000060
114745  -28.994  -31.914  27.483 0.5000000000
112480  -27.066  -31.972  26.807 0.3000000119
28832  -28.865  -31.204  27.562 0.5000000000
28058  -29.434  -32.444  27.588 0.5000000000
117648  -33.904  -33.029  22.112 0.8000000119
28111  -34.113  -32.510  22.700 0.8000000119
28872  -35.181  -31.944  24.980 0.8000000119
28096  -34.839  -32.188  24.132 0.8000000119
28141  -30.344  -32.924  19.723 0.8000000119
115904  -30.356  -34.067  20.206 1.0000000000
27310  -30.904  -33.158  21.122 0.8000000119
28125  -31.343  -32.339  21.489 0.8000000119
121166  -31.845  -33.038  21.438 0.8000000119
28110  -33.328  -32.200  22.313 0.8000000119
27318  -30.183  -33.385  20.051 1.0000000000
28109  -32.331  -32.255  21.815 0.8000000119
27336  -30.869  -33.822  19.078 0.8000000119
28124  -30.608  -32.466  20.995 0.8000000119
28928  -31.743  -31.341  18.633 0.6999999881
28929  -32.699  -30.975  18.771 0.6999999881
111754  -32.662  -30.117  18.487 0.6999999881
29750  -33.567  -30.167  18.839 0.6999999881
29751  -34.557  -30.255  19.041 0.6999999881
29752  -35.445  -30.507  18.841 0.6000000238
30533  -34.327  -29.485  18.647 0.6999999881
30532  -33.290  -29.398  18.461 0.6999999881
30544  -35.739  -29.439  17.649 0.6000000238
31292  -35.031  -28.908  18.258 0.6000000238
26441  -32.606  -34.116  29.549 0.8000000119
27219  -33.346  -33.531  29.611 0.8000000119
121917  -29.611  -34.519  27.001 0.5000000000
112820  -31.212  -33.819  28.513 0.8000000119
27232  -31.900  -33.507  29.270 0.8000000119
27218  -32.604  -33.255  29.632 0.8000000119
28036  -34.107  -33.024  29.302 0.8000000119
112643  -29.829  -33.845  27.331 0.6000000238
26456  -30.522  -33.897  27.788 0.5000000000
26458  -31.797  -34.329  29.060 0.8000000119
121664  -34.726  -33.034  28.744 0.6999999881
28056  -27.976  -32.802  27.386 0.4000000060
27244  -29.313  -33.190  27.414 0.5000000000
126789  -30.918  -34.243  28.102 0.6999999881
28046  -34.627  -32.259  28.934 0.6999999881
28047  -35.135  -32.679  28.338 0.6999999881
127236  -35.387  -31.597  27.787 0.6999999881
28845  -27.540  -31.504  26.943 0.3000000119
110842  -35.501  -31.773  27.130 0.6999999881
28847  -35.534  -31.186  26.521 0.6999999881
28857  -35.410  -31.443  25.725 0.6999999881
29653  -28.798  -30.232  27.600 0.4000000060
28881  -34.348  -31.560  23.711 0.8000000119
117807  -35.206  -30.895  25.091 0.6999999881
28889  -33.888  -31.811  23.040 0.8000000119
28888  -33.190  -31.337  22.728 0.8000000119
130021  -33.876  -30.337  23.421 0.6999999881
28902  -30.973  -31.568  21.385 0.8000000119
28917  -30.467  -32.085  19.669 0.8999999762
120383  -30.882  -32.324  19.260 0.8999999762
28911  -30.293  -31.782  20.042 0.8000000119
28901  -30.478  -31.785  20.701 0.8000000119
28927  -31.221  -31.444  18.826 0.8999999762
28926  -30.803  -31.402  19.168 0.8000000119
131711  -31.388  -30.980  18.581 0.8999999762
29749  -31.766  -30.539  18.345 0.8000000119
28936  -36.096  -30.993  18.378 0.4000000060
31291  -34.034  -28.692  18.339 0.6999999881
32093  -35.224  -27.737  17.187 0.5000000000
28045  -31.256  -32.072  28.977 0.6999999881
28811  -33.598  -31.611  29.566 0.6999999881
28846  -28.311  -31.707  27.339 0.4000000060
28820  -30.654  -31.605  28.612 0.6000000238
28810  -32.672  -31.664  29.670 0.6999999881
119260  -35.148  -31.881  28.351 0.6999999881
28835  -35.485  -30.932  27.393 0.6999999881
30434  -29.982  -30.226  28.327 0.5000000000
29667  -35.612  -30.466  26.729 0.6999999881
30433  -29.427  -29.465  27.975 0.4000000060
29677  -35.604  -30.474  25.891 0.6999999881
31192  -28.459  -28.279  27.236 0.3000000119
30432  -28.563  -29.202  27.466 0.3000000119
28880  -33.739  -31.032  23.361 0.6999999881
28871  -34.737  -31.265  24.420 0.6999999881
29691  -35.475  -30.021  25.055 0.6999999881
29690  -34.903  -30.337  24.428 0.6999999881
29703  -34.324  -30.703  23.876 0.6999999881
29710  -33.182  -30.432  22.881 0.6999999881
132122  -30.621  -31.263  20.986 0.8000000119
28903  -31.845  -31.577  21.882 0.8000000119
29709  -32.439  -30.971  22.344 0.8000000119
29724  -31.650  -30.862  21.819 0.8000000119
29740  -30.450  -30.885  19.730 0.8000000119
29748  -31.017  -30.689  18.601 0.8000000119
29747  -30.614  -30.542  19.104 0.8000000119
122080  -30.537  -31.366  19.577 0.8999999762
30530  -31.166  -29.871  18.197 0.8000000119
30543  -32.034  -28.719  17.725 0.8000000119
31304  -34.704  -28.126  17.888 0.6999999881
31305  -35.467  -28.573  17.444 0.6000000238
31290  -32.950  -28.655  18.143 0.6999999881
31303  -33.648  -27.975  17.901 0.6999999881
32099  -31.707  -26.650  16.898 0.6999999881
28035  -33.218  -32.548  29.696 0.6999999881
119656  -31.339  -29.968  29.113 0.6000000238
29644  -32.346  -30.101  29.412 0.6000000238
29635  -32.282  -30.974  29.551 0.6999999881
29636  -33.101  -30.831  29.607 0.6999999881
29637  -34.102  -30.797  29.331 0.6999999881
28812  -34.258  -31.639  29.279 0.6999999881
29655  -30.068  -31.152  28.299 0.5000000000
28821  -31.193  -31.347  29.051 0.6000000238
122328  -34.220  -29.940  29.118 0.6999999881
116224  -34.831  -30.386  28.672 0.6999999881
28822  -34.734  -31.340  28.834 0.6999999881
115956  -30.761  -30.712  28.806 0.6000000238
30447  -27.818  -29.899  27.061 0.3000000119
30420  -31.874  -29.198  29.100 0.6000000238
31194  -29.903  -28.589  28.163 0.4000000060
30418  -30.258  -29.326  28.437 0.5000000000
30419  -31.015  -29.224  28.809 0.6000000238
30448  -35.750  -29.748  26.504 0.6999999881
30456  -35.885  -29.559  25.694 0.6999999881
30468  -35.342  -29.473  24.317 0.6999999881
32781  -29.704  -26.902  27.493 0.3000000119
112668  -34.496  -29.762  23.708 0.6999999881
30488  -32.365  -30.112  22.160 0.8000000119
30489  -33.174  -29.542  22.601 0.6999999881
131713  -34.198  -29.365  23.256 0.6999999881
30499  -30.693  -30.188  20.453 0.8000000119
30501  -31.950  -29.497  21.564 0.8000000119
122904  -30.445  -30.401  19.918 0.8000000119
29722  -30.448  -31.012  20.447 0.8000000119
30500  -31.274  -29.836  21.030 0.8000000119
126807  -30.685  -29.980  18.544 0.8000000119
31270  -29.963  -28.317  19.110 0.8000000119
30511  -30.931  -29.368  20.337 0.8000000119
32063  -30.664  -27.910  19.635 0.8000000119
32870  -30.463  -27.176  19.493 0.8000000119
32092  -34.310  -27.281  17.447 0.6999999881
31301  -31.354  -28.190  17.486 0.8000000119
32091  -33.145  -27.330  17.455 0.6000000238
111366  -30.913  -26.375  16.724 0.6999999881
129499  -31.550  -26.154  16.647 0.6000000238
32902  -32.664  -26.678  17.069 0.6000000238
30422  -34.611  -29.438  28.679 0.6999999881
117375  -32.884  -29.175  29.160 0.6000000238
31184  -35.027  -28.922  28.170 0.6999999881
30423  -35.190  -29.737  28.121 0.6999999881
29646  -35.323  -30.421  27.980 0.6999999881
127422  -30.302  -27.959  28.240 0.4000000060
31179  -30.635  -28.549  28.494 0.4000000060
31181  -32.352  -28.419  28.835 0.5000000000
31183  -34.317  -28.542  28.609 0.6999999881
31206  -35.700  -29.184  27.051 0.6999999881
31180  -31.431  -28.475  28.705 0.5000000000
31960  -31.785  -27.695  28.528 0.5000000000
31220  -36.047  -28.839  26.285 0.6999999881
116201  -29.738  -27.790  27.872 0.3000000119
31977  -30.395  -27.263  28.020 0.3000000119
31959  -30.951  -27.779  28.418 0.4000000060
110110  -36.205  -28.827  25.401 0.6999999881
32782  -30.574  -26.517  27.630 0.3000000119
117038  -36.007  -28.830  24.600 0.6999999881
131769  -35.022  -29.232  23.767 0.6999999881
32016  -36.203  -28.116  24.289 0.6999999881
128269  -31.626  -30.212  21.582 0.8000000119
30490  -33.894  -28.993  22.852 0.6999999881
30479  -33.766  -29.735  23.157 0.6999999881
32029  -35.873  -27.834  23.569 0.6999999881
31251  -34.439  -28.400  22.840 0.6999999881
32039  -34.674  -27.694  22.609 0.6999999881
129650  -33.294  -28.832  22.371 0.6999999881
32846  -35.051  -26.778  22.317 0.6999999881
30521  -30.457  -30.050  19.352 0.8000000119
31259  -31.593  -29.004  20.914 0.8000000119
31260  -32.298  -28.663  21.430 0.8000000119
32048  -33.342  -27.524  21.784 0.8000000119
32858  -34.248  -26.419  21.795 0.6999999881
31281  -30.189  -29.093  19.066 0.8000000119
31272  -31.202  -28.492  20.248 0.8000000119
121065  -31.615  -26.769  20.288 0.8000000119
32047  -32.931  -26.842  21.244 0.8000000119
30529  -30.401  -29.563  18.806 0.8000000119
31289  -30.124  -28.734  18.549 0.8000000119
31271  -30.528  -28.855  19.638 0.8000000119
32064  -31.474  -27.625  20.259 0.8000000119
32871  -32.311  -26.357  20.712 0.8000000119
30541  -30.516  -29.201  18.242 0.8000000119
32074  -29.594  -27.846  18.816 0.8000000119
110567  -31.067  -27.175  19.857 0.8000000119
33706  -31.761  -25.040  20.094 0.8000000119
132248  -29.752  -27.979  17.985 0.8000000119
33704  -30.269  -25.754  19.442 0.8000000119
112060  -30.261  -27.922  17.588 0.8000000119
32100  -35.052  -26.942  16.869 0.5000000000
132115  -33.591  -26.733  17.223 0.6000000238
32088  -29.632  -27.430  17.808 0.8000000119
32901  -30.138  -26.991  17.263 0.8000000119
32903  -34.329  -26.463  16.949 0.6000000238
33733  -34.211  -25.692  16.510 0.6000000238
32912  -32.264  -25.938  16.625 0.6000000238
32913  -33.376  -26.094  16.829 0.6000000238
29645  -33.452  -29.978  29.371 0.6999999881
31195  -34.917  -27.984  28.020 0.6999999881
31196  -35.430  -28.647  27.552 0.6999999881
31961  -32.686  -27.689  28.586 0.5000000000
31978  -31.244  -26.921  28.124 0.4000000060
117368  -31.884  -26.379  27.825 0.4000000060
31979  -32.185  -27.014  28.295 0.5000000000
130347  -35.821  -28.539  26.971 0.6999999881
33600  -30.852  -25.837  27.327 0.3000000119
33601  -31.615  -25.777  27.437 0.3000000119
32783  -32.603  -26.531  27.993 0.5000000000
31995  -36.201  -27.236  26.265 0.6999999881
31221  -36.368  -27.985  25.716 0.6999999881
32804  -30.061  -26.063  27.209 0.3000000119
33615  -31.292  -25.102  27.096 0.3000000119
32017  -36.487  -27.579  24.874 0.6999999881
34436  -31.383  -24.357  26.827 0.3000000119
112061  -36.522  -26.424  23.697 0.6999999881
31261  -32.999  -28.348  21.904 0.8000000119
31250  -33.804  -28.137  22.373 0.6999999881
32028  -35.504  -27.402  22.943 0.6999999881
32049  -34.094  -27.216  22.127 0.6999999881
33664  -34.943  -26.001  21.883 0.6999999881
31273  -31.956  -28.159  20.776 0.8000000119
114642  -33.615  -26.824  21.682 0.8000000119
33692  -33.334  -25.391  21.038 0.8000000119
31280  -29.824  -28.259  18.720 0.8000000119
33690  -31.679  -25.883  20.273 0.8000000119
33691  -32.484  -25.453  20.613 0.8000000119
32080  -29.506  -27.591  18.464 0.8000000119
31288  -29.760  -28.117  18.323 0.8000000119
32062  -29.856  -27.593  19.146 0.8000000119
32881  -30.884  -26.422  19.756 0.8000000119
34518  -30.752  -24.980  19.467 0.8000000119
132198  -32.421  -24.914  20.352 0.8000000119
126389  -29.549  -27.682  18.154 0.8000000119
118440  -29.298  -27.086  18.104 0.8000000119
32880  -29.825  -26.690  19.182 0.8000000119
33703  -29.304  -25.835  18.872 0.8000000119
34535  -31.604  -24.500  19.416 0.8000000119
32911  -30.005  -26.109  16.825 0.8000000119
31182  -33.356  -28.310  28.797 0.6000000238
31962  -33.956  -27.585  28.463 0.6000000238
31980  -33.123  -27.078  28.331 0.5000000000
31981  -34.588  -27.023  27.899 0.6999999881
31994  -35.723  -27.326  26.996 0.6999999881
113979  -33.259  -26.405  27.872 0.6000000238
132155  -34.673  -26.410  27.485 0.6999999881
32785  -35.215  -26.795  27.324 0.6999999881
34435  -30.666  -24.541  26.836 0.3000000119
115429  -32.072  -25.276  27.230 0.3000000119
33605  -35.132  -26.089  27.072 0.6999999881
35238  -32.680  -23.734  26.623 0.3000000119
32806  -36.251  -26.403  26.018 0.6999999881
32004  -36.465  -27.024  25.470 0.6999999881
119837  -30.637  -21.497  25.525 0.3000000119
36122  -30.811  -22.176  26.140 0.3000000119
36123  -31.820  -22.254  26.077 0.3000000119
36124  -32.749  -22.285  26.053 0.3000000119
37056  -29.998  -21.018  25.077 0.3000000119
32840  -36.128  -27.145  23.399 0.6999999881
32847  -35.974  -26.640  22.880 0.6999999881
33676  -34.276  -25.505  21.462 0.8000000119
34503  -33.010  -24.832  20.536 0.8000000119
34519  -32.532  -24.479  19.889 0.8000000119
32891  -29.171  -26.816  18.361 0.8000000119
124227  -29.227  -26.587  18.638 0.8000000119
32878  -28.780  -26.072  18.332 0.8000000119
34533  -29.842  -24.587  18.965 0.8000000119
34534  -30.817  -24.423  19.077 0.8000000119
32900  -29.308  -26.535  17.547 0.8000000119
34516  -29.198  -25.083  18.859 0.8000000119
118450  -30.744  -25.486  16.318 0.6000000238
126618  -33.823  -26.848  28.153 0.6000000238
33618  -34.885  -25.314  26.903 0.6000000238
32805  -35.748  -26.593  26.708 0.6999999881
34438  -33.146  -24.421  26.820 0.4000000060
34439  -34.622  -24.555  26.645 0.6000000238
33619  -35.716  -25.713  26.467 0.6999999881
35240  -34.427  -23.814  26.460 0.4000000060
33620  -36.245  -25.651  25.787 0.6999999881
32820  -36.499  -26.176  25.266 0.6999999881
32830  -36.584  -26.714  24.648 0.6999999881
37039  -33.238  -21.740  25.498 0.3000000119
35249  -35.011  -23.306  26.097 0.4000000060
34441  -36.229  -25.008  25.550 0.6000000238
113982  -36.633  -24.909  24.224 0.6999999881
32848  -36.345  -25.955  23.007 0.6999999881
33657  -36.615  -25.335  23.525 0.6999999881
33665  -35.737  -25.875  22.372 0.6999999881
34489  -35.581  -24.477  21.615 0.6999999881
32872  -32.907  -26.012  21.033 0.8000000119
35304  -33.278  -23.910  19.241 0.8000000119
114813  -31.461  -24.069  18.687 0.8000000119
33724  -28.165  -25.292  17.737 0.8000000119
33702  -28.508  -25.303  18.447 0.8000000119
35317  -29.258  -23.971  18.508 0.8000000119
35316  -28.059  -23.918  18.268 0.8000000119
33730  -31.490  -25.645  16.383 0.6000000238
32910  -29.193  -25.666  16.981 0.8000000119
33741  -30.676  -24.705  15.789 0.6000000238
34555  -28.960  -24.850  16.495 0.6999999881
34564  -28.744  -23.984  15.994 0.6999999881
33603  -33.470  -25.753  27.475 0.6000000238
33604  -34.353  -25.798  27.335 0.6000000238
35239  -33.561  -23.722  26.553 0.3000000119
128610  -35.937  -25.135  26.069 0.6000000238
36125  -33.690  -22.367  25.959 0.3000000119
35248  -34.109  -23.082  26.282 0.3000000119
35241  -35.208  -24.078  26.305 0.5000000000
36126  -34.664  -22.553  25.746 0.3000000119
36127  -35.631  -22.908  25.357 0.5000000000
111751  -36.497  -24.957  24.891 0.6999999881
37985  -32.404  -20.643  24.389 0.3000000119
37060  -33.734  -21.307  24.882 0.3000000119
36139  -36.434  -22.752  24.106 0.4000000060
34476  -36.665  -24.259  23.684 0.6999999881
37999  -32.019  -20.188  23.741 0.3000000119
110083  -36.633  -23.900  22.991 0.6000000238
34490  -36.285  -24.000  22.263 0.6000000238
34488  -34.805  -24.800  21.324 0.8000000119
34505  -35.890  -23.635  21.406 0.6000000238
33693  -33.993  -24.691  20.845 0.8000000119
34504  -35.027  -24.138  20.883 0.6999999881
35292  -35.556  -23.367  20.609 0.6999999881
34520  -33.489  -24.288  20.120 0.8000000119
34521  -34.303  -24.038  20.281 0.6999999881
111075  -34.930  -23.673  20.285 0.6999999881
111887  -33.949  -23.866  19.690 0.8000000119
35321  -34.144  -23.521  19.049 0.6999999881
35305  -34.572  -23.576  19.716 0.6999999881
35319  -32.341  -24.090  18.983 0.8000000119
112055  -32.888  -23.724  18.505 0.8000000119
36173  -34.474  -23.016  18.254 0.6999999881
36165  -34.909  -23.143  19.103 0.6999999881
32890  -28.746  -26.170  18.017 0.8000000119
33714  -28.151  -25.361  18.061 0.8000000119
35318  -30.446  -24.000  18.580 0.8000000119
35336  -32.953  -23.335  17.764 0.8000000119
34531  -27.735  -24.547  18.135 0.8000000119
35335  -31.231  -23.535  17.934 0.8000000119
34545  -27.653  -24.590  17.755 0.8000000119
35333  -28.761  -23.336  17.978 0.8000000119
36187  -29.666  -22.819  17.414 0.8000000119
32899  -28.719  -25.786  17.549 0.8000000119
118439  -27.760  -24.660  17.408 0.8000000119
34554  -27.828  -24.299  16.760 0.6999999881
33742  -31.549  -24.797  15.833 0.6000000238
34566  -31.364  -24.094  15.354 0.6000000238
32909  -28.382  -25.138  17.185 0.8000000119
34449  -36.205  -24.335  25.300 0.5000000000
35251  -36.207  -23.604  25.015 0.5000000000
37987  -34.265  -20.807  24.424 0.3000000119
35259  -36.519  -23.507  24.254 0.5000000000
38001  -33.891  -20.273  23.949 0.3000000119
37988  -35.183  -20.922  24.258 0.3000000119
35271  -36.597  -23.250  23.426 0.6000000238
35276  -36.569  -23.345  22.697 0.6000000238
38895  -31.614  -19.669  23.126 0.3000000119
38897  -33.644  -19.690  23.411 0.3000000119
37069  -35.982  -21.204  23.831 0.3000000119
38896  -32.612  -19.595  23.198 0.3000000119
35282  -36.424  -23.094  21.987 0.6000000238
126326  -31.742  -19.249  22.467 0.3000000119
35306  -35.262  -23.228  19.844 0.6999999881
36188  -31.532  -22.950  17.198 0.8000000119
36172  -33.780  -23.093  17.740 0.6999999881
36189  -32.502  -22.861  17.063 0.6999999881
124120  -30.661  -23.068  17.434 0.8000000119
35332  -27.590  -23.313  17.755 0.8000000119
36186  -28.223  -22.604  17.334 0.6999999881
36201  -30.700  -22.438  16.773 0.6000000238
119142  -31.984  -23.633  14.887 0.6000000238
34544  -27.170  -24.006  17.296 0.6999999881
34553  -27.118  -23.525  16.752 0.6999999881
35343  -26.807  -23.197  16.946 0.6999999881
35350  -29.674  -23.730  15.297 0.6999999881
34565  -30.604  -23.992  15.321 0.6999999881
34563  -27.618  -23.413  16.110 0.6999999881
38077  -27.339  -19.654  13.813 0.5000000000
38089  -27.969  -19.340  13.377 0.5000000000
36149  -36.577  -22.545  22.725 0.6000000238
36152  -36.528  -22.263  21.788 0.6000000238
119321  -36.483  -21.999  21.065 0.6000000238
36159  -35.903  -22.744  20.106 0.6999999881
36167  -36.159  -22.195  19.520 0.6999999881
36174  -35.309  -22.601  18.575 0.6999999881
118955  -29.785  -18.724  21.025 0.3000000119
36166  -35.576  -22.693  19.331 0.6999999881
36200  -29.420  -22.137  16.798 0.6999999881
36203  -33.019  -22.303  16.288 0.6999999881
36190  -33.449  -22.773  17.104 0.6000000238
36202  -31.894  -22.406  16.498 0.6999999881
35331  -27.002  -23.522  17.384 0.6999999881
36185  -27.039  -22.861  17.214 0.6999999881
119347  -29.193  -21.497  16.318 0.6000000238
37100  -26.712  -22.412  16.602 0.6999999881
34576  -31.308  -23.522  14.841 0.5000000000
35360  -27.256  -22.618  15.505 0.6999999881
36221  -27.000  -21.876  14.989 0.6999999881
119683  -27.933  -22.337  14.809 0.6999999881
36232  -28.654  -21.576  13.859 0.6000000238
37076  -36.560  -21.646  22.379 0.5000000000
122929  -36.528  -20.924  22.030 0.4000000060
37079  -36.575  -21.513  21.532 0.5000000000
37085  -36.606  -21.327  20.646 0.6000000238
37088  -36.491  -21.542  19.729 0.6000000238
39750  -30.665  -18.639  21.101 0.3000000119
36175  -35.885  -22.260  18.881 0.6999999881
36192  -35.089  -22.348  17.772 0.6000000238
37092  -35.795  -21.994  18.236 0.6000000238
36191  -34.302  -22.618  17.366 0.6000000238
37112  -31.285  -21.862  16.010 0.6000000238
37114  -33.770  -21.678  15.928 0.6000000238
37101  -27.269  -22.289  16.821 0.6999999881
37111  -30.220  -21.687  16.191 0.6000000238
37110  -28.186  -21.858  16.617 0.6999999881
38048  -29.583  -20.905  15.704 0.6000000238
36211  -26.622  -22.134  15.699 0.6999999881
35361  -28.932  -22.678  14.677 0.6999999881
34575  -30.520  -23.403  14.801 0.6000000238
36234  -31.250  -22.300  13.656 0.5000000000
36223  -29.675  -22.576  14.280 0.6000000238
120932  -30.497  -22.421  13.923 0.6000000238
37140  -26.865  -21.184  14.657 0.6000000238
36233  -29.604  -21.948  13.796 0.5000000000
37141  -27.648  -21.541  14.289 0.5000000000
37155  -29.240  -21.051  13.400 0.5000000000
37168  -30.233  -20.661  12.941 0.5000000000
38090  -28.719  -19.526  12.931 0.5000000000
38012  -36.442  -20.289  21.656 0.4000000060
123598  -36.619  -20.885  21.320 0.4000000060
38020  -36.574  -20.337  20.731 0.4000000060
39740  -34.864  -18.789  22.189 0.4000000060
39775  -30.269  -18.388  20.226 0.3000000119
39762  -31.216  -18.319  20.405 0.3000000119
115805  -32.910  -18.090  20.690 0.3000000119
37105  -36.244  -21.278  18.051 0.6000000238
40623  -31.432  -17.506  19.289 0.3000000119
37104  -35.591  -21.610  17.457 0.6000000238
37103  -34.829  -21.961  16.972 0.6000000238
37126  -31.730  -21.319  15.428 0.6000000238
37113  -32.266  -21.859  15.823 0.6000000238
37125  -30.813  -21.214  15.556 0.6000000238
120647  -33.033  -21.683  15.699 0.6000000238
122237  -31.319  -20.811  15.088 0.6000000238
37109  -26.962  -21.663  16.194 0.6999999881
38058  -29.465  -20.171  15.184 0.6000000238
38057  -26.685  -20.708  14.982 0.6999999881
37153  -27.129  -20.565  14.130 0.5000000000
37154  -28.068  -20.998  13.771 0.5000000000
38999  -28.306  -18.742  12.903 0.5000000000
38924  -35.708  -19.056  21.822 0.4000000060
38925  -36.260  -19.576  21.315 0.4000000060
39756  -35.938  -18.862  21.010 0.4000000060
38028  -36.632  -20.801  19.883 0.4000000060
120725  -36.617  -21.088  19.226 0.4000000060
37093  -36.319  -21.651  18.869 0.5000000000
40605  -31.714  -17.882  19.882 0.3000000119
112660  -32.045  -17.449  19.488 0.3000000119
40624  -32.530  -17.216  19.404 0.3000000119
40607  -33.469  -17.637  20.239 0.4000000060
37116  -35.273  -21.106  16.601 0.5000000000
37115  -34.482  -21.577  16.333 0.5000000000
37128  -33.413  -21.064  15.461 0.5000000000
38060  -32.058  -20.715  14.960 0.6000000238
121384  -34.301  -19.913  15.411 0.5000000000
38059  -30.505  -20.519  15.111 0.6000000238
38966  -31.350  -20.096  14.735 0.6000000238
38963  -27.234  -19.872  14.718 0.6000000238
38965  -30.096  -19.690  14.761 0.6000000238
38070  -26.985  -20.148  14.430 0.5000000000
38976  -27.445  -19.368  13.984 0.5000000000
39829  -28.220  -18.312  13.130 0.5000000000
39839  -28.458  -18.083  12.711 0.5000000000
39840  -28.891  -18.308  12.400 0.5000000000
122212  -36.636  -20.082  19.925 0.4000000060
38932  -36.420  -19.383  20.382 0.4000000060
38940  -36.613  -19.518  19.505 0.4000000060
38034  -36.677  -20.357  19.122 0.4000000060
39766  -36.162  -18.542  20.254 0.4000000060
38946  -36.688  -19.570  18.682 0.4000000060
38042  -36.581  -20.372  18.088 0.4000000060
41474  -31.987  -16.933  18.999 0.3000000119
38050  -35.836  -20.322  16.675 0.4000000060
38051  -36.372  -20.008  17.227 0.5000000000
123619  -31.466  -16.248  18.613 0.3000000119
38063  -34.962  -19.887  15.763 0.4000000060
38062  -33.650  -20.277  15.238 0.5000000000
38969  -34.639  -19.188  15.410 0.4000000060
38967  -32.375  -20.031  14.705 0.6000000238
38061  -32.886  -20.570  15.020 0.5000000000
38968  -33.741  -19.371  15.002 0.5000000000
38978  -31.905  -19.346  14.505 0.5000000000
39803  -32.834  -19.324  14.652 0.5000000000
39801  -27.987  -19.064  14.165 0.5000000000
38964  -28.616  -19.582  14.818 0.6000000238
119023  -30.134  -19.135  14.509 0.6000000238
38977  -30.886  -19.261  14.495 0.6000000238
39802  -29.235  -19.013  14.432 0.6000000238
40675  -28.099  -18.593  13.498 0.5000000000
40687  -28.296  -18.000  13.069 0.5000000000
39853  -29.384  -17.979  11.899 0.5000000000
39815  -28.737  -18.379  13.898 0.5000000000
112574  -29.859  -13.819  17.426 0.3000000119
43318  -31.053  -14.189  17.909 0.4000000060
44294  -31.888  -13.794  17.882 0.4000000060
40678  -30.850  -17.832  13.834 0.5000000000
44323  -29.573  -12.980  16.924 0.4000000060
39816  -30.105  -18.499  14.249 0.5000000000
40680  -33.092  -17.243  14.175 0.5000000000
125390  -33.541  -16.572  14.199 0.5000000000
41524  -30.251  -17.168  13.304 0.5000000000
125992  -32.360  -16.989  13.756 0.5000000000
40676  -28.525  -17.885  13.267 0.5000000000
41523  -29.105  -17.282  12.983 0.6000000238
40709  -29.969  -16.873  10.929 0.5000000000
40696  -28.917  -17.230  12.339 0.6000000238
42402  -29.398  -16.245  11.983 0.5000000000
40703  -29.100  -16.821  11.818 0.6000000238
41561  -29.754  -16.151  10.793 0.4000000060
120106  -31.113  -12.824  17.134 0.4000000060
44295  -32.788  -13.811  18.111 0.4000000060
41536  -30.857  -16.507  13.006 0.5000000000
42391  -30.306  -15.973  12.353 0.5000000000
42392  -31.246  -15.909  12.747 0.5000000000
42393  -31.917  -15.471  12.829 0.5000000000
41534  -29.002  -16.967  12.339 0.5000000000
41535  -29.732  -16.652  12.632 0.5000000000
42432  -31.000  -14.906  9.991 0.4000000060
42403  -30.025  -15.658  11.571 0.5000000000
42412  -30.041  -15.576  10.965 0.5000000000
45243  -32.221  -12.253  17.070 0.4000000060
46236  -30.419  -11.496  16.190 0.4000000060
41525  -31.451  -17.096  13.567 0.5000000000
43378  -30.646  -15.166  11.188 0.4000000060
43388  -30.742  -15.079  10.513 0.5000000000
43397  -31.371  -14.572  10.095 0.3000000119
41538  -32.765  -15.618  13.425 0.4000000060
42404  -31.011  -15.380  12.117 0.4000000060
43389  -31.233  -14.672  10.820 0.5000000000
43398  -31.957  -14.105  9.795 0.4000000060
44395  -32.194  -13.755  10.082 0.4000000060
43380  -32.010  -14.492  11.617 0.4000000060
44411  -33.670  -12.765  8.655 0.4000000060
116475  -33.921  -13.393  12.017 0.4000000060
45322  -33.354  -12.546  9.017 0.4000000060
44418  -33.687  -12.270  8.655 0.4000000060
45339  -34.055  -12.205  8.487 0.4000000060
44397  -33.553  -13.046  11.033 0.4000000060
44396  -32.788  -13.397  10.439 0.3000000119
45312  -33.163  -12.755  9.808 0.4000000060
44387  -34.456  -12.766  11.834 0.4000000060
46319  -34.122  -11.318  9.836 0.3000000119
46318  -33.651  -11.897  9.337 0.4000000060
46327  -33.854  -11.630  8.727 0.4000000060
121557  -34.354  -11.564  8.439 0.4000000060
45313  -33.894  -12.277  10.463 0.3000000119
47275  -34.251  -10.327  9.171 0.4000000060
46328  -33.983  -10.977  8.948 0.5000000000
111525  -33.859  -43.284  20.550 0.6999999881
21285  -35.527  -41.422  26.368 0.6999999881
18091  -30.098  -45.118  28.579 0.6000000238
22023  -34.645  -40.269  28.129 0.6999999881
22811  -36.305  -39.298  24.572 0.8000000119
23564  -35.882  -38.487  26.145 0.8000000119
127661  -33.634  -38.282  29.154 0.6000000238
24243  -34.321  -37.915  28.726 0.6999999881
25732  -36.137  -35.903  24.332 0.8000000119
21307  -30.244  -41.494  24.312 0.4000000060
25776  -30.437  -35.627  19.861 0.8000000119
25687  -33.144  -35.756  29.497 0.6000000238
115618  -30.198  -37.630  25.278 0.5000000000
26459  -34.961  -34.445  28.376 0.8000000119
26457  -31.257  -34.590  28.368 0.6000000238
127317  -30.712  -33.239  28.250 0.6000000238
116589  -34.013  -32.216  29.444 0.6999999881
30421  -33.836  -29.208  29.022 0.6999999881
33705  -31.090  -25.569  19.819 0.8000000119
31982  -35.230  -27.405  27.550 0.6999999881
33677  -35.264  -25.294  21.761 0.6999999881
34448  -35.816  -24.505  25.941 0.6000000238
33666  -36.322  -25.373  22.773 0.6999999881
34481  -35.998  -24.962  22.248 0.6000000238
33617  -33.876  -25.021  27.046 0.6000000238
36128  -36.237  -23.006  24.699 0.5000000000
37102  -34.016  -22.231  16.583 0.6000000238
39852  -28.870  -17.545  12.273 0.5000000000
113804  -36.595  -18.854  19.109 0.4000000060
122835  -33.897  -44.920  18.983 0.5000000000
18928  -34.344  -44.305  18.667 0.5000000000
17405  -33.912  -46.231  21.009 0.6999999881
111305  -34.878  -41.737  18.168 0.5000000000
20507  -35.830  -42.142  24.700 0.6999999881
21320  -36.048  -41.793  23.804 0.6999999881
21341  -34.833  -41.258  21.306 0.6999999881
23623  -33.950  -38.035  18.309 0.6000000238
25792  -34.245  -35.850  18.702 0.5000000000
22083  -36.114  -40.096  22.780 0.6999999881
115173  -32.567  -42.871  29.340 0.6000000238
22829  -36.286  -39.389  23.186 0.6999999881
109787  -36.130  -35.685  19.540 0.4000000060
22780  -35.360  -39.492  27.034 0.8000000119
20471  -30.765  -41.970  28.147 0.6000000238
110914  -30.515  -43.145  27.132 0.6000000238
22749  -33.005  -39.638  29.380 0.6999999881
18115  -29.952  -45.121  25.835 0.5000000000
25005  -36.238  -36.787  23.074 0.8000000119
25777  -34.751  -35.067  19.226 0.5000000000
24989  -36.166  -36.978  25.544 0.8000000119
113830  -34.719  -36.672  21.402 0.8000000119
22030  -30.770  -39.883  27.682 0.6000000238
25761  -32.316  -35.289  20.802 0.8999999762
25021  -30.729  -35.779  20.195 0.8000000119
28143  -34.645  -32.601  19.596 0.6000000238
28145  -36.203  -32.761  19.291 0.4000000060
22072  -29.771  -40.949  23.899 0.3000000119
121576  -30.644  -40.837  26.697 0.5000000000
109965  -30.654  -41.984  25.616 0.5000000000
110272  -30.549  -42.920  25.493 0.5000000000
111048  -30.134  -42.849  24.162 0.4000000060
115316  -34.513  -35.104  21.598 0.8999999762
26559  -30.653  -34.538  19.207 0.8000000119
24952  -33.292  -36.633  29.428 0.6000000238
111140  -34.008  -35.979  29.236 0.6000000238
112549  -31.107  -37.920  27.866 0.5000000000
21294  -30.613  -41.325  24.982 0.4000000060
22050  -30.615  -40.406  25.109 0.5000000000
22038  -30.695  -40.193  25.983 0.5000000000
27289  -34.665  -33.210  22.799 0.8000000119
28142  -33.675  -32.537  19.363 0.6999999881
29759  -35.992  -30.249  17.962 0.4000000060
24950  -31.720  -36.706  28.929 0.6000000238
23563  -29.668  -38.047  24.656 0.5000000000
118508  -30.363  -38.419  25.132 0.5000000000
24251  -31.078  -37.309  27.669 0.5000000000
124237  -30.639  -38.772  25.783 0.5000000000
111821  -35.419  -33.086  27.704 0.6999999881
25709  -30.244  -35.712  26.425 0.6000000238
24281  -29.964  -36.879  25.527 0.5000000000
24280  -29.371  -37.429  25.116 0.5000000000
24264  -30.603  -37.252  26.029 0.5000000000
24976  -30.829  -36.014  27.028 0.6000000238
25698  -30.548  -35.211  27.088 0.6000000238
27256  -25.852  -32.735  26.802 0.4000000060
28074  -35.494  -32.030  26.345 0.6999999881
122699  -35.421  -32.219  25.662 0.6999999881
27297  -32.932  -32.966  21.696 0.8000000119
27309  -30.431  -33.280  20.541 0.8999999762
26473  -30.200  -34.518  27.182 0.6000000238
28057  -28.652  -32.519  27.398 0.4000000060
28059  -29.942  -32.294  27.923 0.5000000000
29654  -29.428  -30.786  27.939 0.5000000000
28833  -29.552  -31.669  27.830 0.5000000000
28123  -30.293  -32.580  20.336 0.8000000119
27231  -31.295  -32.938  28.821 0.6999999881
28034  -32.066  -32.512  29.506 0.6999999881
129625  -29.399  -30.182  27.966 0.5000000000
30531  -32.118  -29.520  18.058 0.8000000119
28033  -31.810  -31.558  29.405 0.6000000238
29643  -31.589  -30.773  29.290 0.6000000238
28044  -30.567  -32.444  28.362 0.6000000238
28834  -30.135  -31.844  28.213 0.5000000000
31193  -29.180  -28.492  27.713 0.3000000119
30469  -35.861  -29.378  24.986 0.6999999881
30542  -31.249  -29.055  17.846 0.8000000119
122412  -30.586  -28.615  17.804 0.8000000119
32090  -32.051  -27.375  17.258 0.6000000238
32089  -31.024  -27.296  17.138 0.8000000119
122814  -30.657  -29.892  28.721 0.5000000000
30502  -32.663  -29.164  22.036 0.8000000119
119918  -35.395  -29.298  27.649 0.6999999881
31207  -36.064  -27.999  26.612 0.6999999881
31234  -36.368  -28.281  24.987 0.6999999881
33614  -30.370  -25.318  27.007 0.3000000119
30481  -35.509  -28.686  23.818 0.6999999881
31245  -35.129  -28.178  23.150 0.6999999881
32030  -36.427  -27.323  24.062 0.6999999881
116508  -32.631  -27.799  21.316 0.8000000119
32065  -32.185  -27.265  20.750 0.8000000119
118826  -35.584  -27.974  27.327 0.6999999881
131025  -31.223  -26.270  27.639 0.3000000119
33602  -32.516  -25.882  27.548 0.5000000000
32784  -34.041  -26.350  27.755 0.6000000238
36107  -33.185  -22.988  26.386 0.3000000119
113892  -29.907  -25.252  16.346 0.6999999881
127155  -33.898  -24.303  26.690 0.6000000238
34440  -35.398  -24.862  26.432 0.6000000238
33636  -36.469  -25.503  25.203 0.6999999881
33650  -36.629  -25.722  24.494 0.6999999881
34482  -36.525  -24.650  22.886 0.6000000238
120404  -32.180  -23.709  18.220 0.8000000119
35334  -30.031  -23.453  17.998 0.8000000119
112336  -29.787  -24.476  15.818 0.6000000238
37040  -34.213  -21.853  25.382 0.3000000119
35250  -35.712  -23.759  25.712 0.5000000000
34464  -36.512  -24.257  24.562 0.5000000000
37986  -33.328  -20.703  24.425 0.3000000119
36147  -36.504  -22.461  23.508 0.5000000000
35293  -36.193  -22.742  21.053 0.6000000238
35320  -33.602  -23.459  18.403 0.6999999881
35349  -28.519  -23.168  15.273 0.6999999881
37061  -34.702  -21.441  24.755 0.3000000119
38000  -32.971  -20.166  23.866 0.3000000119
37062  -35.578  -21.659  24.452 0.3000000119
130434  -32.127  -19.402  22.814 0.3000000119
38914  -33.435  -19.175  22.753 0.3000000119
36160  -36.358  -22.108  20.338 0.6000000238
36199  -26.690  -22.406  16.394 0.6999999881
37108  -26.617  -21.462  15.560 0.6999999881
35363  -31.178  -22.897  14.268 0.5000000000
38010  -36.304  -20.335  22.343 0.4000000060
120371  -28.225  -20.296  15.365 0.6000000238
38079  -29.249  -20.237  13.032 0.4000000060
38917  -36.100  -19.701  22.150 0.4000000060
39754  -34.158  -18.441  21.627 0.4000000060
39763  -32.058  -18.154  20.557 0.3000000119
39776  -30.956  -18.036  19.672 0.3000000119
38041  -36.082  -20.825  17.284 0.5000000000
38049  -34.431  -20.778  15.781 0.5000000000
38046  -27.065  -20.812  15.406 0.5000000000
112995  -36.559  -20.979  18.640 0.4000000060
40625  -33.194  -17.207  19.632 0.4000000060
120158  -35.234  -20.386  16.187 0.5000000000
38951  -36.643  -19.431  17.860 0.4000000060
38064  -35.611  -19.771  16.257 0.4000000060
120568  -33.122  -19.943  14.827 0.5000000000
40677  -29.518  -17.794  13.622 0.6000000238
44305  -30.554  -13.831  17.580 0.3000000119
40679  -32.119  -17.786  14.050 0.5000000000
44306  -32.498  -13.265  17.718 0.4000000060
44385  -32.465  -13.918  11.061 0.4000000060
43381  -32.898  -14.174  12.154 0.4000000060
46352  -34.096  -11.363  8.465 0.4000000060
45314  -34.672  -11.816  11.110 0.4000000060
47298  -34.667  -10.333  8.284 0.3000000119
15997  -34.821  -48.448  25.269 0.5000000000
16004  -34.559  -48.534  23.455 0.5000000000
15264  -34.160  -48.797  28.009 0.4000000060
15976  -34.413  -48.482  27.208 0.5000000000
15989  -34.644  -48.392  26.329 0.5000000000
16692  -35.178  -47.686  25.073 0.6000000238
16704  -35.417  -47.029  23.516 0.6000000238
15958  -34.258  -47.802  27.964 0.5000000000
117243  -34.462  -46.823  27.618 0.5000000000
115656  -34.623  -47.617  26.970 0.5000000000
17375  -35.232  -46.583  25.875 0.5000000000
122038  -34.123  -47.038  28.338 0.5000000000
17381  -35.509  -46.307  25.008 0.6000000238
17389  -35.561  -46.421  24.007 0.6000000238
16700  -35.372  -47.206  24.411 0.6000000238
17396  -35.506  -46.445  23.087 0.6000000238
118787  -35.457  -45.631  22.582 0.6000000238
18142  -35.634  -45.711  23.587 0.6000000238
17401  -35.203  -46.440  22.335 0.6000000238
17406  -34.871  -45.944  21.729 0.6000000238
18151  -35.127  -45.065  21.787 0.6000000238
129424  -34.670  -46.351  27.258 0.5000000000
17374  -34.871  -46.695  26.738 0.5000000000
17354  -34.088  -46.260  28.379 0.5000000000
17366  -34.491  -46.012  27.658 0.5000000000
121275  -35.609  -45.746  24.395 0.6000000238
17339  -32.774  -46.181  29.731 0.5000000000
17353  -33.482  -46.176  29.141 0.5000000000
18146  -35.676  -44.921  23.254 0.6000000238
113621  -35.515  -44.770  22.466 0.6000000238
18150  -34.323  -45.351  21.151 0.6000000238
122826  -35.142  -46.073  26.408 0.5000000000
18126  -35.390  -45.788  25.820 0.5000000000
130139  -34.245  -45.533  28.152 0.5000000000
18107  -34.643  -45.236  27.557 0.5000000000
129449  -34.940  -45.334  27.035 0.5000000000
18117  -35.183  -45.374  26.524 0.5000000000
18134  -35.554  -45.245  25.111 0.6000000238
18073  -33.054  -45.406  29.455 0.5000000000
18092  -33.745  -45.449  28.781 0.5000000000
114492  -35.639  -45.026  24.169 0.6000000238
17338  -31.944  -46.223  30.041 0.5000000000
18072  -32.172  -45.451  29.818 0.5000000000
112011  -35.689  -44.214  23.831 0.6000000238
18911  -34.559  -44.528  21.203 0.6000000238
18912  -35.360  -44.074  21.891 0.6000000238
18851  -34.168  -44.702  28.370 0.5000000000
19670  -35.445  -43.767  26.280 0.5000000000
18875  -35.329  -44.592  26.412 0.6000000238
118183  -35.419  -45.088  25.905 0.6000000238
18886  -35.510  -44.414  25.638 0.6000000238
18071  -31.456  -45.656  29.847 0.5000000000
114223  -30.826  -45.550  29.662 0.5000000000
19652  -34.383  -43.806  28.241 0.5000000000
19661  -34.871  -43.522  27.634 0.5000000000
20482  -35.279  -43.186  26.977 0.5000000000
20488  -35.518  -42.869  26.179 0.6000000238
18833  -32.473  -44.632  29.570 0.5000000000
19638  -32.941  -43.810  29.362 0.6000000238
115182  -34.502  -43.053  28.191 0.6000000238
116735  -35.591  -42.099  26.077 0.6000000238
131249  -34.081  -43.304  28.630 0.6000000238
20496  -35.665  -42.502  25.428 0.6000000238
18832  -31.204  -43.958  29.351 0.5000000000
19637  -31.974  -43.837  29.450 0.5000000000
109733  -30.316  -45.660  29.173 0.4000000060
20457  -33.514  -43.124  29.073 0.6000000238
20474  -34.537  -42.371  28.220 0.6000000238
21276  -34.852  -41.741  27.818 0.6000000238
20481  -34.914  -42.677  27.637 0.5000000000
21295  -35.761  -41.556  25.467 0.6000000238
113834  -35.219  -41.226  27.136 0.6999999881
35362  -29.651  -23.135  14.747 0.5000000000
47287  -34.340  -10.261  8.535 0.4000000060
121394  -34.528  -9.919  8.420 0.3000000119
47289  -35.040  -9.622  8.265 0.3000000119
48204  -35.713  -8.173  8.498 0.3000000119
15263  -33.849  -49.165  28.730 0.4000000060
15271  -34.253  -49.289  27.328 0.5000000000
117874  -34.412  -49.015  26.670 0.5000000000
16010  -34.701  -47.985  22.747 0.5000000000
15957  -33.880  -48.343  28.729 0.4000000060
16703  -35.106  -47.712  23.507 0.6000000238
16708  -35.104  -47.215  22.634 0.6000000238
17400  -34.647  -46.822  21.749 0.5000000000
15923  -33.356  -48.825  29.900 0.4000000060
122404  -33.783  -46.793  28.846 0.5000000000
16648  -32.524  -46.920  30.072 0.5000000000
114540  -33.295  -47.007  29.497 0.5000000000
17324  -31.660  -46.975  30.269 0.3000000119
16634  -30.756  -47.246  30.081 0.4000000060
27327  -36.027  -33.460  19.491 0.4000000060
28144  -35.975  -32.249  19.236 0.4000000060
28920  -35.325  -31.841  19.460 0.4000000060
33731  -32.159  -25.187  16.151 0.5000000000
124621  -32.580  -24.502  15.610 0.5000000000
120346  -31.993  -24.105  15.351 0.5000000000
48189  -35.258  -8.434  8.645 0.3000000119
49222  -36.113  -7.850  8.586 0.3000000119
15938  -33.639  -48.753  29.292 0.4000000060
111327  -35.616  -44.311  24.757 0.6000000238
119089  -31.430  -44.792  29.638 0.6000000238
33732  -33.166  -25.246  16.230 0.5000000000
17337  -31.123  -46.314  29.995 0.4000000060
16000  -34.987  -48.069  24.362 0.6000000238
16682  -34.999  -47.517  25.948 0.5000000000
16693  -35.305  -47.075  25.272 0.6000000238
16663  -33.836  -47.500  28.838 0.5000000000
18863  -35.036  -44.830  27.041 0.5000000000
18862  -34.741  -44.360  27.650 0.5000000000
18834  -33.393  -44.637  29.144 0.5000000000
19651  -33.776  -43.892  28.854 0.5000000000
47288  -34.658  -9.413  8.574 0.4000000060
16649  -33.457  -48.021  29.557 0.4000000060
16707  -34.234  -47.750  21.855 0.4000000060
17399  -33.852  -47.101  21.203 0.4000000060
122584  -32.989  -47.559  30.065 0.4000000060
24293  -28.770  -37.979  24.699 0.4000000060
23576  -29.008  -38.564  24.168 0.3000000119
22063  -30.262  -40.694  24.428 0.4000000060
24279  -28.609  -37.404  25.266 0.4000000060
24960  -27.153  -36.651  28.083 0.4000000060
24961  -27.739  -36.379  27.395 0.4000000060
132281  -28.149  -37.415  25.614 0.4000000060
24263  -28.479  -36.813  25.856 0.4000000060
24237  -25.366  -37.440  28.776 0.3000000119
24949  -26.483  -36.314  28.413 0.3000000119
25683  -24.896  -35.679  28.390 0.4000000060
24972  -28.329  -36.251  26.651 0.4000000060
24948  -25.626  -36.443  28.617 0.4000000060
110879  -27.058  -35.796  28.082 0.5000000000
26455  -25.462  -34.950  28.211 0.4000000060
26469  -26.283  -34.268  27.896 0.4000000060
34437  -32.165  -24.555  26.892 0.3000000119
36138  -35.936  -22.390  24.634 0.3000000119
37063  -36.248  -22.006  24.006 0.3000000119
37070  -36.454  -21.770  23.254 0.3000000119
39817  -31.423  -18.573  14.268 0.4000000060
38009  -35.933  -19.959  22.874 0.3000000119
39818  -32.443  -18.608  14.424 0.4000000060
39755  -35.196  -18.513  21.420 0.3000000119
39753  -33.207  -18.414  21.377 0.3000000119
117364  -33.788  -18.059  20.881 0.3000000119
39805  -34.276  -18.371  14.999 0.4000000060
40668  -33.659  -17.795  14.607 0.3000000119
39819  -32.941  -18.002  14.402 0.4000000060
41537  -31.967  -16.276  13.328 0.4000000060
43368  -32.592  -14.807  12.793 0.3000000119
39765  -35.524  -18.284  20.673 0.3000000119
39764  -34.700  -18.096  20.940 0.3000000119
40609  -35.805  -17.809  19.948 0.3000000119
119681  -35.031  -17.329  19.968 0.3000000119
40628  -36.242  -17.535  19.186 0.3000000119
113297  -36.668  -18.883  18.422 0.3000000119
40626  -34.084  -17.175  19.868 0.3000000119
41475  -32.855  -16.712  19.208 0.3000000119
41493  -33.377  -16.063  19.073 0.3000000119
128805  -36.119  -19.704  16.707 0.3000000119
41492  -32.426  -16.050  18.810 0.3000000119
42332  -32.280  -15.157  18.508 0.3000000119
38970  -35.411  -19.154  15.863 0.3000000119
39806  -35.160  -18.423  15.528 0.3000000119
40670  -34.972  -17.640  15.263 0.3000000119
45228  -30.471  -13.193  17.224 0.3000000119
45229  -31.155  -13.451  17.502 0.3000000119
40669  -34.348  -17.535  14.837 0.3000000119
46235  -29.688  -12.050  16.416 0.3000000119
41526  -32.915  -16.449  13.777 0.3000000119
41477  -34.845  -16.632  19.508 0.3000000119
40627  -35.697  -17.080  19.445 0.3000000119
39783  -36.580  -18.111  18.662 0.3000000119
39786  -36.660  -18.475  17.760 0.3000000119
38956  -36.444  -19.209  17.103 0.3000000119
41476  -33.739  -16.648  19.438 0.3000000119
41479  -36.153  -16.889  18.928 0.3000000119
114546  -36.678  -17.650  18.046 0.3000000119
40646  -36.580  -17.648  17.335 0.3000000119
39791  -36.398  -18.428  16.847 0.3000000119
42318  -34.279  -16.021  19.211 0.3000000119
41478  -35.709  -16.384  19.026 0.3000000119
39790  -35.898  -18.428  16.103 0.3000000119
116027  -31.493  -15.412  18.432 0.3000000119
42333  -33.177  -15.333  18.774 0.3000000119
42334  -33.915  -15.491  18.972 0.3000000119
40656  -35.709  -17.718  15.804 0.3000000119
117015  -32.316  -14.374  18.267 0.3000000119
41519  -34.782  -16.784  14.980 0.3000000119
110200  -31.861  -12.919  17.366 0.3000000119
45242  -31.515  -12.282  16.850 0.3000000119
40681  -33.946  -17.033  14.536 0.3000000119
41527  -34.176  -16.260  14.477 0.3000000119
42381  -33.558  -15.884  13.961 0.3000000119
42394  -33.586  -14.976  13.582 0.3000000119
44375  -33.675  -13.881  12.540 0.3000000119
43369  -33.358  -14.380  12.945 0.3000000119
40640  -36.449  -17.225  18.505 0.3000000119
113679  -36.633  -16.923  17.859 0.3000000119
42335  -34.741  -15.375  18.929 0.3000000119
42336  -35.737  -15.540  18.652 0.3000000119
41494  -36.308  -16.328  18.393 0.3000000119
43302  -34.111  -14.720  18.671 0.3000000119
132205  -36.099  -17.123  16.147 0.3000000119
41520  -35.549  -16.159  15.466 0.3000000119
123270  -35.559  -16.977  15.597 0.3000000119
45230  -32.737  -12.628  17.456 0.3000000119
46227  -33.025  -11.824  17.049 0.3000000119
42374  -34.908  -15.831  14.864 0.3000000119
46238  -32.089  -11.642  16.629 0.3000000119
42382  -34.289  -15.425  14.287 0.3000000119
43360  -34.529  -14.632  14.045 0.3000000119
41501  -36.492  -16.109  17.606 0.3000000119
44297  -34.853  -13.947  18.309 0.3000000119
43305  -35.993  -14.880  18.195 0.3000000119
127689  -36.390  -15.429  17.404 0.3000000119
117249  -36.463  -16.816  16.910 0.3000000119
40657  -36.263  -17.688  16.508 0.3000000119
44296  -33.767  -13.856  18.270 0.3000000119
43319  -36.196  -14.703  17.554 0.3000000119
113895  -36.107  -16.423  16.138 0.3000000119
115806  -33.308  -13.178  17.848 0.3000000119
44307  -34.448  -13.108  17.912 0.3000000119
45231  -33.698  -12.459  17.534 0.3000000119
46228  -34.114  -11.749  17.275 0.3000000119
46239  -33.733  -11.132  16.762 0.3000000119
123969  -35.729  -14.512  15.272 0.3000000119
47196  -32.791  -11.026  16.432 0.3000000119
42383  -35.084  -15.014  14.693 0.3000000119
44365  -34.892  -13.903  13.775 0.3000000119
43370  -34.089  -14.210  13.323 0.3000000119
43304  -35.734  -14.195  18.020 0.3000000119
42349  -36.332  -15.079  16.816 0.3000000119
44308  -35.399  -13.411  17.809 0.3000000119
44309  -36.002  -13.747  17.372 0.3000000119
42364  -36.089  -15.597  16.098 0.3000000119
45232  -34.652  -12.328  17.543 0.3000000119
46229  -34.881  -11.764  17.326 0.3000000119
47209  -32.686  -10.275  15.897 0.3000000119
46240  -34.679  -11.210  16.994 0.3000000119
47197  -33.504  -10.469  16.251 0.3000000119
47198  -34.411  -10.600  16.489 0.3000000119
43361  -35.326  -14.250  14.512 0.3000000119
44377  -35.332  -13.239  13.501 0.3000000119
44376  -34.518  -13.490  12.853 0.3000000119
44388  -35.107  -12.901  12.751 0.3000000119
43336  -36.235  -14.204  16.785 0.3000000119
43335  -36.100  -14.758  16.056 0.3000000119
44324  -35.750  -12.891  17.297 0.3000000119
44325  -36.140  -13.195  16.595 0.3000000119
45233  -35.370  -12.212  17.333 0.3000000119
45244  -35.972  -12.198  16.724 0.3000000119
44346  -36.247  -13.137  15.714 0.3000000119
46241  -35.421  -11.561  17.003 0.3000000119
44345  -35.935  -13.749  15.103 0.3000000119
48106  -34.131  -10.131  16.004 0.3000000119
48107  -34.974  -10.149  16.058 0.3000000119
47199  -35.362  -10.859  16.477 0.3000000119
44366  -35.621  -13.517  14.314 0.3000000119
46305  -35.373  -11.295  11.712 0.3000000119
123720  -35.261  -12.221  12.284 0.3000000119
43351  -36.150  -13.914  15.947 0.3000000119
48115  -33.444  -9.887  15.714 0.3000000119
45245  -36.277  -12.435  16.036 0.3000000119
46242  -36.228  -11.730  16.070 0.3000000119
46253  -36.365  -11.958  15.467 0.3000000119
44367  -36.151  -13.033  14.904 0.3000000119
45280  -36.317  -12.302  14.777 0.3000000119
45279  -35.946  -12.795  14.111 0.3000000119
46291  -36.319  -11.138  13.697 0.3000000119
45298  -36.194  -11.989  13.938 0.3000000119
46306  -36.016  -10.668  12.498 0.3000000119
46290  -35.862  -11.667  12.931 0.3000000119
48126  -33.385  -9.246  15.173 0.3000000119
48116  -34.370  -9.575  15.598 0.3000000119
47210  -35.735  -10.375  15.761 0.3000000119
47211  -36.280  -10.631  15.243 0.3000000119
127741  -36.308  -11.349  15.533 0.3000000119
48118  -36.068  -9.844  15.205 0.3000000119
46269  -36.397  -11.424  14.739 0.3000000119
127392  -36.398  -10.404  13.517 0.3000000119
47247  -36.353  -9.842  12.860 0.3000000119
47263  -35.303  -10.281  10.944 0.3000000119
46320  -34.666  -10.763  10.329 0.3000000119
128967  -34.417  -9.819  8.593 0.3000000119
49142  -33.653  -8.557  14.709 0.3000000119
48127  -34.324  -8.921  15.106 0.3000000119
48117  -35.385  -9.706  15.552 0.3000000119
48128  -35.693  -9.215  15.088 0.3000000119
48129  -36.262  -9.272  14.554 0.3000000119
116255  -36.346  -10.003  14.694 0.3000000119
109882  -36.488  -9.752  13.917 0.3000000119
47226  -36.424  -10.556  14.342 0.3000000119
47276  -34.541  -9.670  9.304 0.3000000119
119728  -35.017  -9.171  15.363 0.3000000119
24238  -26.444  -37.019  28.569 0.3000000119
24988  -29.167  -36.806  25.584 0.4000000060
130406  -26.441  -35.108  28.203 0.4000000060
33616  -32.849  -25.140  27.172 0.3000000119
40608  -34.363  -17.650  20.419 0.3000000119
131709  -36.460  -18.896  19.772 0.3000000119
39777  -36.361  -18.268  19.505 0.3000000119
39804  -33.329  -18.581  14.660 0.4000000060
43300  -31.641  -14.634  18.246 0.3000000119
45241  -30.585  -12.362  16.704 0.3000000119
43301  -33.060  -14.522  18.474 0.3000000119
24239  -27.318  -37.502  28.088 0.4000000060
117342  -27.827  -37.587  26.932 0.4000000060
24262  -28.001  -37.030  26.470 0.4000000060
24947  -24.671  -36.736  28.405 0.3000000119
25684  -25.996  -35.679  28.445 0.4000000060
120113  -35.136  -17.789  20.444 0.3000000119
42319  -35.105  -15.956  19.124 0.3000000119
46237  -31.237  -11.600  16.401 0.3000000119
42337  -36.298  -15.455  18.012 0.3000000119
43303  -35.263  -14.728  18.536 0.3000000119
42375  -35.609  -15.315  15.389 0.3000000119
41510  -36.382  -15.896  16.832 0.3000000119
47195  -31.820  -10.780  16.109 0.3000000119
45258  -36.323  -12.559  15.416 0.3000000119
116815  -35.868  -11.456  16.497 0.3000000119
45297  -35.647  -12.497  13.270 0.3000000119
47200  -36.058  -11.030  16.000 0.3000000119
47277  -35.183  -9.408  10.267 0.3000000119
126609  -36.478  -9.020  13.875 0.3000000119
23526  -26.429  -37.861  28.831 0.4000000060
26551  -36.185  -34.242  19.532 0.4000000060
15996  -28.284  -48.147  25.887 0.3000000119
15987  -28.588  -48.462  26.696 0.3000000119
16689  -27.930  -47.849  25.053 0.3000000119
16681  -29.283  -47.912  26.424 0.3000000119
26454  -24.761  -34.935  28.020 0.3000000119
26467  -24.476  -34.712  27.206 0.3000000119
23561  -27.762  -38.506  25.321 0.3000000119
23538  -27.786  -38.190  27.493 0.3000000119
24278  -27.870  -37.797  25.849 0.3000000119
116835  -27.627  -36.993  27.397 0.3000000119
23562  -28.030  -38.002  24.990 0.3000000119
22765  -28.160  -39.003  27.895 0.3000000119
23550  -27.793  -38.275  26.337 0.3000000119
111043  -36.748  -34.803  19.536 0.3000000119
15986  -27.875  -48.309  26.477 0.3000000119
16690  -28.601  -47.834  25.356 0.4000000060
17351  -29.833  -46.667  27.954 0.5000000000
17373  -29.471  -47.192  26.285 0.5000000000
18116  -34.857  -45.872  27.025 0.5000000000
18124  -29.656  -45.842  25.287 0.4000000060
18907  -35.709  -44.118  22.887 0.6999999881
18910  -33.871  -44.855  20.682 0.6000000238
19662  -35.214  -44.050  27.039 0.5000000000
19680  -35.613  -43.465  25.354 0.6999999881
19729  -33.667  -43.673  18.820 0.6000000238
20473  -34.085  -42.642  28.678 0.6000000238
21255  -31.942  -40.780  29.245 0.6999999881
21277  -35.314  -42.177  26.902 0.6000000238
21319  -29.617  -41.563  23.663 0.3000000119
21339  -33.046  -41.141  20.265 0.6999999881
22064  -36.175  -40.839  24.096 0.6999999881
22095  -35.226  -40.521  21.609 0.6999999881
22787  -30.699  -39.392  26.266 0.5000000000
22819  -36.344  -39.554  23.928 0.6999999881
22836  -33.048  -39.857  20.355 0.6999999881
23565  -36.190  -38.272  25.491 0.6999999881
23607  -33.651  -38.368  20.785 0.6999999881
23622  -31.759  -38.156  19.235 0.8000000119
24294  -36.413  -37.593  24.387 0.6999999881
24309  -35.036  -37.436  21.484 0.6999999881
24311  -36.198  -37.573  22.687 0.8000000119
25036  -30.401  -36.345  19.938 0.8000000119
25759  -30.720  -34.984  20.290 0.8000000119
28134  -30.212  -32.584  19.967 1.0000000000
28153  -31.299  -33.060  19.076 0.8000000119
28823  -35.233  -31.092  28.216 0.6999999881
28887  -32.636  -31.636  22.218 0.8000000119
28930  -36.089  -31.671  18.866 0.4000000060
29723  -30.955  -30.706  21.178 0.8000000119
30435  -35.524  -29.974  27.351 0.6999999881
30480  -34.660  -28.942  23.342 0.6999999881
30510  -30.490  -29.708  19.737 0.8000000119
30534  -35.255  -29.735  18.525 0.6000000238
31300  -30.065  -28.462  18.075 0.8000000119
31302  -32.546  -28.045  17.629 0.6000000238
32857  -33.529  -26.147  21.409 0.8000000119
32879  -29.443  -27.242  18.732 0.8000000119
34517  -29.843  -25.184  19.220 0.8000000119
34530  -27.238  -24.052  17.696 0.6999999881
34532  -28.700  -24.567  18.567 0.8000000119
34562  -26.862  -22.848  16.263 0.6999999881
35315  -27.254  -23.802  17.807 0.8000000119
36184  -26.732  -22.995  17.037 0.6999999881
36222  -28.744  -22.129  14.263 0.6999999881
37124  -26.514  -21.827  15.813 0.6999999881
37127  -32.578  -21.231  15.355 0.6000000238
37139  -26.614  -21.369  15.237 0.6999999881
38047  -28.179  -21.141  15.962 0.6999999881
38069  -26.708  -20.773  14.705 0.6000000238
38078  -28.096  -20.163  13.428 0.5000000000
38916  -35.450  -19.332  22.576 0.3000000119
38955  -36.046  -19.129  16.433 0.3000000119
38986  -27.873  -18.978  13.524 0.5000000000
40606  -32.560  -17.680  19.956 0.3000000119
40688  -28.653  -17.565  12.745 0.5000000000
40695  -28.529  -17.759  12.763 0.5000000000
41544  -29.086  -16.756  12.116 0.5000000000
41552  -29.322  -16.344  11.477 0.6000000238
41553  -29.358  -16.444  11.214 0.6000000238
41560  -29.544  -15.927  10.980 0.5000000000
42405  -31.794  -15.006  12.236 0.4000000060
42411  -29.502  -15.924  11.288 0.5000000000
42421  -30.334  -15.572  10.567 0.4000000060
43379  -31.316  -14.907  11.588 0.4000000060
43390  -31.795  -14.197  10.465 0.5000000000
44386  -33.225  -13.631  11.593 0.4000000060
46339  -34.233  -10.877  8.518 0.5000000000
46340  -34.847  -11.285  8.439 0.4000000060
46353  -34.429  -10.939  8.376 0.4000000060
47297  -34.388  -10.505  8.390 0.4000000060
111117  -37.048  -35.592  19.559 0.4000000060
112303  -32.529  -35.368  18.418 0.6999999881
113253  -30.772  -17.593  19.175 0.3000000119
113624  -29.198  -48.766  27.714 0.4000000060
114534  -29.298  -17.162  11.564 0.5000000000
115668  -30.130  -42.119  24.091 0.4000000060
116179  -30.669  -33.872  20.656 0.8000000119
117147  -35.562  -32.706  19.494 0.4000000060
120885  -35.181  -12.758  17.640 0.3000000119
122824  -30.146  -44.533  25.393 0.3000000119
124320  -32.100  -23.308  17.609 0.8000000119
125258  -26.978  -23.360  17.417 0.6999999881
125388  -33.324  -45.074  19.844 0.4000000060
125673  -30.360  -22.917  14.399 0.6000000238
127374  -35.249  -36.141  21.754 0.8000000119
127647  -36.027  -7.446  8.721 0.3000000119
129022  -32.637  -41.701  19.278 0.6999999881
129558  -26.524  -21.950  16.113 0.6999999881
130909  -30.424  -35.888  19.898 0.8000000119
131546  -33.292  -27.663  28.566 0.5000000000
