#!ascii label  , from subject sub-fsm50ww vox2ras=TkReg
593
120155  24.462  -22.351  2.618 0.0000000000
72659  31.449  -14.296  -0.374 0.0000000000
79706  27.606  -5.347  -5.341 0.0000000000
75432  24.823  -10.984  -0.234 0.0000000000
60092  27.430  -26.768  3.367 0.0000000000
63050  30.191  -22.971  2.819 0.0000000000
131044  28.015  -19.206  -0.804 0.0000000000
70719  24.894  -13.910  0.055 0.0000000000
117636  29.721  -9.185  -2.424 0.0000000000
81283  29.870  -3.092  0.834 0.0000000000
84091  25.216  -0.658  -5.113 0.0000000000
117481  25.871  -24.520  2.569 0.0000000000
61032  28.994  -25.055  2.507 0.0000000000
64018  27.487  -23.166  1.175 0.0000000000
69723  21.575  -16.042  2.733 0.0000000000
72613  21.320  -13.019  2.823 0.0000000000
77215  26.332  -8.213  -3.442 0.0000000000
75459  26.954  -10.442  -3.082 0.0000000000
78896  29.490  -6.740  -3.416 0.0000000000
122151  29.724  -6.075  -0.497 0.0000000000
81315  29.097  -3.740  -2.267 0.0000000000
84054  25.283  -0.540  -0.932 0.0000000000
82185  25.389  -2.291  -1.187 0.0000000000
122498  24.115  1.127  -3.692 0.0000000000
69755  30.203  -16.325  -1.533 0.0000000000
66950  31.072  -19.184  -0.157 0.0000000000
69734  32.335  -16.166  0.890 0.0000000000
79703  25.987  -5.841  -3.794 0.0000000000
74487  30.863  -11.116  2.060 0.0000000000
66917  22.480  -19.596  3.065 0.0000000000
65953  25.446  -20.326  1.162 0.0000000000
67858  23.587  -18.307  1.685 0.0000000000
68818  26.182  -16.206  -0.535 0.0000000000
71731  29.021  -14.416  -2.771 0.0000000000
73593  24.358  -12.395  0.241 0.0000000000
73637  28.014  -12.197  -3.063 0.0000000000
112968  30.421  -11.825  -1.245 0.0000000000
77160  29.964  -8.436  0.648 0.0000000000
122357  25.498  -3.837  -2.795 0.0000000000
82223  26.751  -2.205  -5.351 0.0000000000
87243  25.226  2.750  -4.843 0.0000000000
84977  27.046  0.850  -3.232 0.0000000000
83119  27.913  -1.458  -2.802 0.0000000000
84052  29.326  -0.317  0.017 0.0000000000
65021  29.371  -21.061  -0.206 0.0000000000
64974  22.771  -21.866  3.652 0.0000000000
63994  23.260  -22.564  3.618 0.0000000000
122173  24.781  -23.129  2.768 0.0000000000
63067  26.701  -23.697  1.720 0.0000000000
64020  25.712  -22.500  1.779 0.0000000000
78899  26.730  -6.662  -4.865 0.0000000000
78053  28.082  -7.592  -4.485 0.0000000000
79701  29.117  -5.811  -3.967 0.0000000000
79691  29.396  -5.144  -3.014 0.0000000000
80485  29.094  -4.350  -3.101 0.0000000000
85752  24.907  1.096  -1.930 0.0000000000
84063  24.930  -0.214  -2.104 0.0000000000
85753  24.334  1.167  -2.942 0.0000000000
71716  30.807  -15.111  -1.508 0.0000000000
117768  30.889  -16.147  -0.983 0.0000000000
71692  31.743  -14.852  -0.000 0.0000000000
78037  25.406  -7.451  -1.327 0.0000000000
78869  25.337  -6.406  -1.108 0.0000000000
60094  25.694  -26.319  3.505 0.0000000000
59125  25.930  -27.129  3.785 0.0000000000
59110  28.220  -27.444  4.207 0.0000000000
60075  28.631  -26.917  4.049 0.0000000000
63037  29.710  -23.660  2.394 0.0000000000
62039  29.904  -24.234  4.026 0.0000000000
66916  22.972  -18.832  2.472 0.0000000000
113430  21.746  -18.076  3.229 0.0000000000
70708  23.527  -14.901  1.160 0.0000000000
69736  23.240  -15.973  1.431 0.0000000000
69757  25.907  -15.072  -0.506 0.0000000000
69771  27.355  -15.432  -1.740 0.0000000000
71717  27.799  -14.531  -2.269 0.0000000000
73579  23.375  -12.167  1.035 0.0000000000
133220  24.564  -11.823  -0.009 0.0000000000
76331  28.765  -9.957  -3.557 0.0000000000
74562  27.979  -11.378  -3.333 0.0000000000
75456  29.003  -10.713  -3.355 0.0000000000
74555  29.650  -12.187  -2.930 0.0000000000
75442  30.015  -10.605  -2.114 0.0000000000
76303  30.324  -9.991  -0.188 0.0000000000
77185  30.181  -8.496  -1.015 0.0000000000
80465  29.557  -4.734  -0.176 0.0000000000
79660  29.787  -5.418  0.845 0.0000000000
83120  24.680  -1.447  -3.602 0.0000000000
81317  25.358  -3.022  -2.706 0.0000000000
130650  25.204  -2.711  -3.631 0.0000000000
125851  25.744  -3.681  -4.906 0.0000000000
82224  26.043  -1.699  -5.550 0.0000000000
84070  27.495  -0.715  -3.206 0.0000000000
84969  28.035  0.735  -1.538 0.0000000000
84061  28.318  -0.663  -1.369 0.0000000000
127052  26.689  -19.781  0.155 0.0000000000
65967  27.578  -21.052  0.203 0.0000000000
66954  28.538  -19.901  -0.646 0.0000000000
68777  31.802  -17.922  2.013 0.0000000000
66926  31.367  -19.418  1.863 0.0000000000
62042  24.750  -25.114  3.636 0.0000000000
61035  26.738  -25.478  2.626 0.0000000000
60105  27.983  -26.214  3.010 0.0000000000
62058  27.896  -24.850  1.967 0.0000000000
62070  28.455  -24.295  1.579 0.0000000000
63064  29.415  -23.483  1.478 0.0000000000
70668  19.567  -15.896  4.274 0.0000000000
70686  21.150  -14.761  3.048 0.0000000000
129406  23.356  -13.754  1.208 0.0000000000
76326  25.742  -9.975  -1.627 0.0000000000
75452  26.067  -10.803  -1.921 0.0000000000
77213  27.136  -8.985  -3.935 0.0000000000
77212  28.399  -8.382  -4.106 0.0000000000
78046  29.541  -7.673  -3.152 0.0000000000
78026  30.074  -7.651  -1.225 0.0000000000
78887  29.784  -6.356  -2.358 0.0000000000
129671  29.472  -4.747  -1.487 0.0000000000
81293  29.310  -3.571  -0.712 0.0000000000
82176  24.982  -2.362  0.816 0.0000000000
83107  25.362  -1.496  -0.993 0.0000000000
84071  24.668  -0.701  -2.979 0.0000000000
84079  24.372  0.012  -4.203 0.0000000000
67892  28.947  -17.568  -1.659 0.0000000000
66959  29.255  -18.905  -1.066 0.0000000000
68815  30.864  -17.455  -0.781 0.0000000000
69735  31.877  -16.968  0.371 0.0000000000
76305  25.114  -10.185  -0.564 0.0000000000
77198  25.722  -8.912  -1.845 0.0000000000
78056  26.073  -7.428  -3.342 0.0000000000
78905  26.642  -5.887  -5.251 0.0000000000
61011  29.298  -25.690  3.854 0.0000000000
73578  31.008  -12.135  0.859 0.0000000000
72639  31.939  -13.577  0.958 0.0000000000
64985  23.188  -21.279  3.091 0.0000000000
64995  24.628  -20.906  1.898 0.0000000000
65941  24.174  -20.202  2.010 0.0000000000
128870  24.515  -19.683  1.546 0.0000000000
66941  25.425  -19.003  0.688 0.0000000000
68793  22.694  -16.805  1.926 0.0000000000
68791  24.170  -17.590  1.146 0.0000000000
124317  27.310  -17.608  -0.985 0.0000000000
68829  28.189  -16.653  -1.936 0.0000000000
131240  29.382  -15.864  -2.260 0.0000000000
72668  30.465  -14.179  -2.229 0.0000000000
72640  23.400  -13.009  1.094 0.0000000000
71693  24.767  -13.347  0.015 0.0000000000
74558  26.329  -11.610  -1.954 0.0000000000
73615  26.569  -12.788  -1.546 0.0000000000
72669  26.773  -13.382  -1.589 0.0000000000
73628  29.072  -13.328  -3.063 0.0000000000
119391  30.281  -13.366  -2.460 0.0000000000
73603  30.683  -12.579  -0.917 0.0000000000
112705  30.656  -11.532  0.256 0.0000000000
76273  30.270  -9.842  1.644 0.0000000000
122484  29.965  -7.305  -0.358 0.0000000000
79693  25.786  -5.227  -2.967 0.0000000000
80501  26.108  -4.514  -5.197 0.0000000000
81332  27.288  -3.865  -5.451 0.0000000000
85778  24.466  1.524  -4.644 0.0000000000
84996  24.935  0.792  -4.884 0.0000000000
86490  25.930  2.218  -4.399 0.0000000000
84078  26.364  -0.093  -4.895 0.0000000000
84077  27.063  -0.738  -4.289 0.0000000000
82214  27.564  -2.147  -4.391 0.0000000000
82213  28.106  -2.812  -3.922 0.0000000000
132947  28.702  -2.705  -2.019 0.0000000000
82184  28.710  -1.929  -0.947 0.0000000000
83099  29.639  -1.171  0.415 0.0000000000
64993  26.033  -21.772  1.312 0.0000000000
64037  28.684  -22.470  0.422 0.0000000000
64016  30.175  -22.306  1.406 0.0000000000
117941  30.239  -20.369  -0.211 0.0000000000
65952  30.736  -20.897  1.639 0.0000000000
64007  23.638  -22.055  3.101 0.0000000000
64006  24.030  -22.792  3.167 0.0000000000
64005  25.240  -22.739  2.289 0.0000000000
78904  27.254  -6.047  -5.311 0.0000000000
78903  28.204  -6.027  -4.942 0.0000000000
79692  28.503  -5.182  -4.632 0.0000000000
128724  29.016  -4.954  -3.768 0.0000000000
80493  28.661  -4.331  -4.091 0.0000000000
71702  31.294  -14.897  -0.876 0.0000000000
70718  31.253  -15.460  -0.756 0.0000000000
60093  26.526  -26.604  3.351 0.0000000000
59124  26.793  -27.365  3.732 0.0000000000
60091  28.079  -26.888  3.565 0.0000000000
63036  30.015  -23.598  3.396 0.0000000000
126225  30.435  -22.869  3.703 0.0000000000
68762  21.019  -17.611  3.747 0.0000000000
70720  24.264  -14.539  0.582 0.0000000000
69758  25.091  -14.740  0.079 0.0000000000
70731  25.596  -14.159  -0.424 0.0000000000
70730  26.385  -14.485  -0.902 0.0000000000
71704  26.592  -14.110  -1.201 0.0000000000
74533  24.704  -11.495  -0.149 0.0000000000
120660  29.204  -9.188  -3.206 0.0000000000
76324  29.366  -9.938  -2.952 0.0000000000
75450  29.556  -10.655  -2.755 0.0000000000
76317  29.902  -9.939  -2.194 0.0000000000
126250  30.096  -9.227  -1.572 0.0000000000
81284  29.573  -3.906  0.148 0.0000000000
80457  29.732  -4.685  0.544 0.0000000000
83130  24.663  -1.401  -4.295 0.0000000000
82215  24.806  -2.126  -4.036 0.0000000000
83143  25.081  -1.340  -4.917 0.0000000000
82225  25.195  -2.059  -4.709 0.0000000000
83149  25.581  -1.281  -5.324 0.0000000000
85751  27.886  1.591  -1.831 0.0000000000
85750  28.501  1.543  -1.095 0.0000000000
66955  27.122  -19.202  -0.375 0.0000000000
65982  27.577  -20.089  -0.238 0.0000000000
67848  32.086  -18.066  2.912 0.0000000000
67849  31.644  -18.710  2.427 0.0000000000
63052  25.191  -23.935  2.834 0.0000000000
114212  24.561  -24.294  3.476 0.0000000000
62060  25.344  -24.748  3.092 0.0000000000
61036  26.077  -25.169  2.729 0.0000000000
61034  27.493  -25.475  2.490 0.0000000000
62059  26.804  -24.694  2.183 0.0000000000
62071  27.616  -24.107  1.572 0.0000000000
63066  28.325  -23.610  1.165 0.0000000000
63065  28.938  -23.709  1.237 0.0000000000
112138  19.932  -13.761  3.982 0.0000000000
71655  20.830  -13.933  3.233 0.0000000000
71668  21.783  -14.016  2.458 0.0000000000
77206  26.205  -9.249  -2.728 0.0000000000
77214  26.626  -8.841  -3.570 0.0000000000
78897  28.666  -6.776  -4.384 0.0000000000
78052  28.986  -7.627  -4.013 0.0000000000
77211  29.104  -8.419  -3.567 0.0000000000
124888  29.778  -7.077  -2.581 0.0000000000
80484  29.376  -4.569  -2.227 0.0000000000
79686  29.611  -5.439  -2.040 0.0000000000
125155  29.319  -4.060  -1.492 0.0000000000
80476  29.447  -4.384  -0.768 0.0000000000
129267  29.107  -3.375  -1.469 0.0000000000
84045  25.390  -0.471  0.245 0.0000000000
83087  25.190  -1.026  0.807 0.0000000000
83100  25.241  -1.713  0.582 0.0000000000
82175  25.405  -2.193  -0.115 0.0000000000
84978  24.279  0.585  -3.268 0.0000000000
84064  24.485  0.031  -2.864 0.0000000000
84072  24.320  -0.018  -3.574 0.0000000000
84985  24.126  0.656  -3.949 0.0000000000
135208  29.308  -17.450  -1.555 0.0000000000
67890  29.723  -17.728  -1.289 0.0000000000
68816  30.213  -17.173  -1.262 0.0000000000
69743  31.604  -16.140  -0.168 0.0000000000
69744  31.274  -16.835  -0.516 0.0000000000
68789  32.168  -17.132  1.449 0.0000000000
76306  24.338  -10.205  0.141 0.0000000000
116170  24.660  -9.200  -0.270 0.0000000000
118292  25.364  -9.392  -1.013 0.0000000000
130751  25.274  -8.515  -1.111 0.0000000000
78879  25.698  -6.589  -2.056 0.0000000000
78047  25.815  -7.426  -2.407 0.0000000000
78888  25.899  -6.693  -3.133 0.0000000000
78900  26.231  -6.661  -4.047 0.0000000000
79702  26.305  -5.948  -4.757 0.0000000000
61022  28.772  -25.687  3.044 0.0000000000
121980  29.252  -25.200  3.194 0.0000000000
61010  29.876  -25.060  4.583 0.0000000000
65931  22.035  -20.198  3.711 0.0000000000
65943  22.788  -20.473  3.084 0.0000000000
117374  23.617  -20.681  2.572 0.0000000000
65942  23.323  -19.847  2.538 0.0000000000
66928  23.840  -19.304  1.885 0.0000000000
67857  24.537  -18.833  1.272 0.0000000000
68779  21.576  -17.038  2.974 0.0000000000
69722  22.163  -16.438  2.366 0.0000000000
69745  25.371  -15.850  0.121 0.0000000000
68804  23.916  -16.407  1.017 0.0000000000
68802  25.604  -17.069  0.130 0.0000000000
67885  26.448  -17.346  -0.473 0.0000000000
124270  27.769  -17.095  -1.558 0.0000000000
68817  27.054  -16.603  -1.113 0.0000000000
70743  28.268  -15.389  -2.428 0.0000000000
69777  28.977  -15.786  -2.453 0.0000000000
122984  29.390  -14.875  -2.616 0.0000000000
70748  29.743  -15.008  -2.443 0.0000000000
71730  29.607  -14.471  -2.713 0.0000000000
72641  22.824  -12.561  1.546 0.0000000000
72653  23.891  -12.627  0.614 0.0000000000
72652  24.377  -13.017  0.261 0.0000000000
72662  24.931  -12.883  -0.217 0.0000000000
75451  26.878  -11.292  -2.725 0.0000000000
119701  27.244  -12.307  -2.597 0.0000000000
73630  27.500  -12.804  -2.534 0.0000000000
72683  27.106  -13.116  -2.053 0.0000000000
71732  27.434  -13.753  -2.093 0.0000000000
72681  28.370  -13.135  -2.908 0.0000000000
74544  30.155  -11.925  -2.167 0.0000000000
129941  30.080  -12.657  -2.591 0.0000000000
73614  30.443  -12.607  -1.847 0.0000000000
130811  30.587  -11.858  -0.471 0.0000000000
74531  30.401  -10.996  -0.576 0.0000000000
76291  30.169  -9.186  0.240 0.0000000000
76290  30.254  -9.862  0.735 0.0000000000
76274  30.048  -9.114  1.135 0.0000000000
76258  30.020  -9.006  2.005 0.0000000000
77149  29.883  -8.295  1.627 0.0000000000
117507  29.947  -6.791  -0.898 0.0000000000
129092  29.809  -6.657  -0.181 0.0000000000
81294  25.341  -3.042  -0.569 0.0000000000
81305  25.553  -3.773  -1.919 0.0000000000
124019  25.325  -3.809  -0.970 0.0000000000
80466  25.419  -4.610  -1.369 0.0000000000
131140  25.619  -5.542  -1.868 0.0000000000
80477  25.654  -4.548  -2.329 0.0000000000
81337  26.082  -3.379  -5.761 0.0000000000
81333  26.142  -3.837  -5.601 0.0000000000
80506  26.420  -3.981  -5.723 0.0000000000
82229  26.588  -3.210  -5.678 0.0000000000
86500  24.470  2.219  -4.749 0.0000000000
85777  24.976  1.481  -4.879 0.0000000000
133550  26.901  2.009  -3.064 0.0000000000
86483  26.674  2.397  -3.416 0.0000000000
85763  26.564  1.630  -3.694 0.0000000000
84984  26.397  0.774  -4.382 0.0000000000
84983  26.987  0.022  -3.760 0.0000000000
84069  27.942  -0.731  -2.229 0.0000000000
83129  27.535  -1.439  -3.780 0.0000000000
82202  27.971  -2.108  -3.377 0.0000000000
132871  28.403  -2.628  -3.031 0.0000000000
82201  28.278  -2.100  -2.594 0.0000000000
84053  28.704  -0.509  -0.611 0.0000000000
83113  28.557  -1.178  -0.970 0.0000000000
83106  28.942  -1.202  -0.293 0.0000000000
82183  29.161  -2.043  -0.084 0.0000000000
64994  25.336  -20.970  1.460 0.0000000000
65022  28.904  -21.187  -0.198 0.0000000000
65012  28.356  -21.685  0.147 0.0000000000
65011  29.076  -21.802  0.054 0.0000000000
64036  29.301  -22.486  0.494 0.0000000000
65010  29.608  -21.681  0.161 0.0000000000
121964  30.535  -18.799  -0.694 0.0000000000
66951  30.301  -19.585  -0.565 0.0000000000
65940  31.197  -20.210  2.239 0.0000000000
65951  30.988  -20.110  1.237 0.0000000000
64983  30.513  -21.653  1.997 0.0000000000
63038  24.330  -23.516  3.298 0.0000000000
63051  25.980  -23.928  2.259 0.0000000000
133510  25.424  -23.394  2.426 0.0000000000
63068  25.907  -23.206  1.965 0.0000000000
64019  26.467  -22.794  1.467 0.0000000000
78055  26.596  -7.397  -4.021 0.0000000000
117417  26.915  -8.192  -3.998 0.0000000000
78898  27.676  -6.797  -4.884 0.0000000000
123096  29.594  -5.877  -2.972 0.0000000000
124372  25.459  0.248  -0.337 0.0000000000
84971  25.141  0.347  -1.446 0.0000000000
84972  24.647  0.509  -2.416 0.0000000000
70740  30.537  -15.639  -1.528 0.0000000000
70717  31.980  -15.454  0.266 0.0000000000
61024  24.926  -25.919  3.836 0.0000000000
60077  24.360  -26.271  4.526 0.0000000000
60076  25.146  -26.721  4.136 0.0000000000
59096  28.363  -27.762  4.843 0.0000000000
59095  28.896  -27.192  4.774 0.0000000000
62040  29.514  -24.446  3.014 0.0000000000
62021  29.543  -24.908  3.758 0.0000000000
66903  21.817  -19.313  3.636 0.0000000000
119960  22.183  -18.798  3.099 0.0000000000
114300  22.394  -18.188  2.679 0.0000000000
67859  22.865  -17.797  2.132 0.0000000000
70697  22.305  -15.442  2.097 0.0000000000
69737  22.612  -15.977  1.846 0.0000000000
69747  23.837  -15.420  0.935 0.0000000000
69746  24.511  -15.591  0.555 0.0000000000
68830  27.515  -16.167  -1.697 0.0000000000
69756  26.804  -15.474  -1.190 0.0000000000
70744  27.550  -15.023  -1.973 0.0000000000
70750  28.448  -14.731  -2.588 0.0000000000
74521  24.229  -11.798  0.333 0.0000000000
74532  25.185  -12.079  -0.504 0.0000000000
76332  28.071  -9.946  -3.860 0.0000000000
75458  27.537  -10.775  -3.399 0.0000000000
75457  28.330  -10.704  -3.548 0.0000000000
74561  28.604  -11.486  -3.352 0.0000000000
73629  28.965  -12.460  -3.246 0.0000000000
124172  29.270  -11.476  -3.175 0.0000000000
74545  29.847  -11.311  -2.546 0.0000000000
75441  30.201  -11.114  -1.650 0.0000000000
75430  30.230  -10.134  -1.291 0.0000000000
76304  30.240  -9.244  -0.676 0.0000000000
77174  30.126  -8.518  -0.197 0.0000000000
79667  29.632  -5.395  0.035 0.0000000000
78859  29.714  -6.122  0.315 0.0000000000
80449  30.008  -4.704  1.278 0.0000000000
82192  25.361  -2.256  -2.186 0.0000000000
121074  25.440  -3.017  -1.570 0.0000000000
82203  25.149  -2.142  -3.167 0.0000000000
81327  25.398  -3.557  -3.767 0.0000000000
117693  25.336  -2.822  -4.437 0.0000000000
81338  25.786  -2.924  -5.395 0.0000000000
82230  26.045  -2.606  -5.682 0.0000000000
85757  27.276  1.657  -2.694 0.0000000000
84970  27.546  0.987  -2.348 0.0000000000
84062  27.579  0.140  -2.560 0.0000000000
120805  28.406  0.091  -0.982 0.0000000000
66940  25.902  -19.914  0.655 0.0000000000
65969  25.992  -20.806  0.927 0.0000000000
65968  26.712  -20.507  0.405 0.0000000000
65981  28.384  -20.758  -0.241 0.0000000000
65980  29.053  -20.499  -0.504 0.0000000000
67856  31.524  -18.620  1.483 0.0000000000
66937  31.247  -19.328  0.843 0.0000000000
66915  31.509  -19.490  2.795 0.0000000000
62041  25.509  -25.525  3.277 0.0000000000
61023  26.250  -25.888  3.001 0.0000000000
60106  27.078  -26.107  2.906 0.0000000000
61033  28.305  -25.371  2.459 0.0000000000
62057  28.589  -24.808  2.038 0.0000000000
62056  29.156  -24.326  1.904 0.0000000000
64004  29.931  -22.961  1.866 0.0000000000
116192  21.001  -15.627  3.230 0.0000000000
70687  20.271  -15.042  3.622 0.0000000000
70698  21.691  -15.085  2.534 0.0000000000
115654  22.484  -14.514  1.898 0.0000000000
71682  23.133  -14.469  1.432 0.0000000000
126087  23.747  -14.077  0.881 0.0000000000
76318  25.522  -10.929  -0.967 0.0000000000
135379  26.118  -10.078  -2.280 0.0000000000
76325  26.450  -10.203  -2.690 0.0000000000
76333  27.341  -9.831  -3.767 0.0000000000
121829  27.585  -8.303  -4.239 0.0000000000
121159  27.849  -9.101  -4.018 0.0000000000
120320  28.582  -9.163  -3.771 0.0000000000
77205  29.611  -8.439  -2.757 0.0000000000
77197  29.974  -8.443  -1.854 0.0000000000
78036  29.878  -7.699  -2.222 0.0000000000
115810  29.944  -6.944  -1.771 0.0000000000
78878  29.801  -6.146  -1.402 0.0000000000
79677  29.584  -5.283  -0.901 0.0000000000
112433  29.404  -2.930  0.048 0.0000000000
131715  25.325  -1.698  -1.801 0.0000000000
122212  25.155  -1.014  -1.920 0.0000000000
83114  25.117  -1.518  -2.631 0.0000000000
83121  24.372  -0.739  -3.930 0.0000000000
83131  24.655  -0.686  -4.539 0.0000000000
67883  28.315  -18.395  -1.252 0.0000000000
66953  28.746  -19.056  -1.012 0.0000000000
67891  29.259  -18.139  -1.324 0.0000000000
67882  29.822  -18.701  -0.997 0.0000000000
67880  31.050  -18.314  -0.436 0.0000000000
121146  30.672  -16.748  -1.070 0.0000000000
68801  31.443  -17.658  -0.029 0.0000000000
67867  31.419  -18.528  0.447 0.0000000000
68790  31.744  -17.826  0.981 0.0000000000
122330  25.944  -8.214  -2.647 0.0000000000
133518  25.681  -8.104  -1.854 0.0000000000
79707  26.830  -5.336  -5.482 0.0000000000
60090  28.673  -26.363  3.581 0.0000000000
60074  29.156  -26.483  4.317 0.0000000000
73591  31.336  -13.003  0.497 0.0000000000
72650  31.522  -13.728  0.212 0.0000000000
64984  24.118  -21.422  2.510 0.0000000000
133279  24.186  -20.772  2.238 0.0000000000
65954  24.864  -20.299  1.501 0.0000000000
66927  25.131  -19.687  1.170 0.0000000000
66939  26.281  -19.104  0.203 0.0000000000
68778  22.239  -17.401  2.550 0.0000000000
68792  23.377  -17.167  1.543 0.0000000000
67869  24.989  -17.988  0.622 0.0000000000
67868  25.882  -18.210  0.152 0.0000000000
67884  27.614  -18.445  -0.898 0.0000000000
135692  27.923  -17.870  -1.418 0.0000000000
67893  28.426  -17.584  -1.653 0.0000000000
68827  29.199  -16.896  -1.855 0.0000000000
69768  29.098  -16.346  -2.186 0.0000000000
69767  29.579  -16.194  -1.940 0.0000000000
70741  30.184  -15.218  -2.060 0.0000000000
132025  30.506  -14.792  -2.000 0.0000000000
71703  30.986  -14.376  -1.369 0.0000000000
72629  22.137  -12.939  2.174 0.0000000000
71667  22.737  -13.578  1.661 0.0000000000
71681  23.869  -13.342  0.697 0.0000000000
71706  25.314  -13.488  -0.342 0.0000000000
75443  25.835  -11.476  -1.287 0.0000000000
74547  25.868  -11.971  -1.120 0.0000000000
73616  25.991  -12.449  -0.995 0.0000000000
74557  26.785  -12.024  -2.361 0.0000000000
74546  26.414  -12.269  -1.660 0.0000000000
73604  25.444  -12.628  -0.578 0.0000000000
72670  26.219  -12.958  -0.993 0.0000000000
72661  25.740  -13.176  -0.642 0.0000000000
71705  26.055  -13.768  -0.735 0.0000000000
71718  27.056  -14.156  -1.695 0.0000000000
113469  28.250  -13.970  -2.602 0.0000000000
120943  29.364  -13.887  -2.914 0.0000000000
73627  29.590  -13.188  -2.976 0.0000000000
72680  29.919  -14.028  -2.805 0.0000000000
72660  30.728  -13.432  -1.587 0.0000000000
72651  31.117  -13.414  -0.503 0.0000000000
73592  30.864  -12.423  -0.016 0.0000000000
74507  30.685  -11.199  1.181 0.0000000000
75419  30.455  -10.648  0.431 0.0000000000
75407  30.542  -10.587  1.678 0.0000000000
131000  30.099  -7.954  -0.527 0.0000000000
120540  29.777  -6.954  0.490 0.0000000000
78008  29.793  -7.637  1.023 0.0000000000
124568  25.786  -5.999  -2.774 0.0000000000
80486  25.621  -4.427  -3.346 0.0000000000
123899  25.800  -5.032  -3.864 0.0000000000
79709  26.011  -5.205  -4.669 0.0000000000
79708  26.409  -5.268  -5.230 0.0000000000
80499  27.010  -4.669  -5.622 0.0000000000
80498  27.925  -4.528  -5.068 0.0000000000
85759  24.057  1.821  -3.776 0.0000000000
134188  24.130  2.126  -4.471 0.0000000000
85764  24.121  1.372  -4.208 0.0000000000
84997  24.429  0.783  -4.444 0.0000000000
119015  25.504  0.031  -5.133 0.0000000000
85776  25.708  1.466  -4.726 0.0000000000
84995  25.639  0.750  -4.992 0.0000000000
84090  25.981  -0.828  -5.364 0.0000000000
83142  26.476  -1.411  -5.272 0.0000000000
83141  27.085  -1.439  -4.779 0.0000000000
81326  27.507  -2.960  -5.012 0.0000000000
81325  28.120  -3.644  -4.505 0.0000000000
81316  28.674  -3.443  -3.273 0.0000000000
83118  28.348  -1.545  -1.835 0.0000000000
82191  29.032  -2.776  -0.837 0.0000000000
82174  29.765  -2.178  0.624 0.0000000000
84950  30.044  0.106  0.273 0.0000000000
133152  29.860  -0.468  0.389 0.0000000000
83098  30.353  -1.500  0.969 0.0000000000
64021  25.064  -21.829  1.985 0.0000000000
64039  27.017  -22.273  0.908 0.0000000000
65013  26.760  -21.378  0.670 0.0000000000
64038  27.913  -22.455  0.612 0.0000000000
63081  28.293  -23.015  0.790 0.0000000000
63080  28.851  -23.123  0.765 0.0000000000
64017  29.667  -22.801  1.037 0.0000000000
64003  30.346  -22.338  2.348 0.0000000000
118450  29.188  -19.687  -0.797 0.0000000000
65979  29.674  -20.253  -0.527 0.0000000000
65978  29.900  -20.984  -0.081 0.0000000000
66938  30.795  -19.947  0.190 0.0000000000
65966  30.441  -20.800  0.543 0.0000000000
130734  30.076  -21.505  0.371 0.0000000000
64992  30.364  -21.621  1.010 0.0000000000
63993  30.535  -22.280  3.201 0.0000000000
71680  32.260  -14.375  0.810 0.0000000000
71691  32.318  -14.912  0.669 0.0000000000
59123  27.557  -27.486  3.875 0.0000000000
63079  29.204  -23.157  0.909 0.0000000000
64035  29.944  -22.142  0.637 0.0000000000
66952  29.643  -19.443  -0.824 0.0000000000
66960  28.841  -18.283  -1.356 0.0000000000
67881  30.329  -18.026  -0.962 0.0000000000
68803  24.703  -16.780  0.577 0.0000000000
68826  29.672  -16.923  -1.596 0.0000000000
68828  28.771  -16.907  -1.958 0.0000000000
69766  30.008  -15.741  -1.887 0.0000000000
69769  28.544  -16.209  -2.258 0.0000000000
69770  27.889  -15.838  -2.095 0.0000000000
69776  29.397  -15.380  -2.455 0.0000000000
70709  22.901  -15.254  1.597 0.0000000000
70729  26.966  -14.755  -1.486 0.0000000000
70742  29.712  -15.543  -2.192 0.0000000000
70749  28.940  -15.137  -2.622 0.0000000000
71694  24.337  -13.657  0.413 0.0000000000
71719  26.436  -13.555  -1.109 0.0000000000
71729  30.066  -14.666  -2.475 0.0000000000
72682  27.701  -13.362  -2.438 0.0000000000
73594  23.748  -11.918  0.688 0.0000000000
73605  24.746  -12.272  -0.152 0.0000000000
73631  26.874  -12.586  -2.146 0.0000000000
74556  27.394  -11.687  -2.904 0.0000000000
75431  25.307  -11.591  -0.650 0.0000000000
76334  26.755  -9.603  -3.387 0.0000000000
78054  27.220  -7.482  -4.496 0.0000000000
80494  25.700  -4.424  -4.371 0.0000000000
80500  26.435  -4.603  -5.556 0.0000000000
82231  25.603  -1.973  -5.349 0.0000000000
84089  26.603  -0.895  -4.987 0.0000000000
84092  24.814  0.064  -4.770 0.0000000000
84960  28.711  0.803  -0.737 0.0000000000
86499  25.018  2.124  -4.901 0.0000000000
114233  25.418  -1.262  -0.037 0.0000000000
116350  27.532  -21.807  0.481 0.0000000000
117783  30.412  -10.424  1.139 0.0000000000
122607  26.736  -18.363  -0.426 0.0000000000
123015  31.801  -14.222  0.336 0.0000000000
128616  28.892  -13.750  -2.898 0.0000000000
130137  26.512  -10.932  -2.528 0.0000000000
130928  28.893  0.164  -0.443 0.0000000000
133954  27.846  -26.626  3.292 0.0000000000
134185  22.964  -14.080  1.531 0.0000000000
134408  22.695  -14.900  1.725 0.0000000000
134532  28.035  -0.086  -1.707 0.0000000000
134592  21.723  -18.733  3.512 0.0000000000
