#!ascii label  , from subject sub-fsm50ww vox2ras=TkReg
252
72659  31.449  -14.296  -0.374 0.0000000000
63050  30.191  -22.971  2.819 0.0000000000
117636  29.721  -9.185  -2.424 0.0000000000
84091  25.216  -0.658  -5.113 0.0000000000
61032  28.994  -25.055  2.507 0.0000000000
122151  29.724  -6.075  -0.497 0.0000000000
81315  29.097  -3.740  -2.267 0.0000000000
69755  30.203  -16.325  -1.533 0.0000000000
66950  31.072  -19.184  -0.157 0.0000000000
69734  32.335  -16.166  0.890 0.0000000000
74487  30.863  -11.116  2.060 0.0000000000
114363  32.727  -13.286  2.217 0.0000000000
112968  30.421  -11.825  -1.245 0.0000000000
77160  29.964  -8.436  0.648 0.0000000000
82223  26.751  -2.205  -5.351 0.0000000000
83119  27.913  -1.458  -2.802 0.0000000000
117960  31.373  -20.233  3.156 0.0000000000
79691  29.396  -5.144  -3.014 0.0000000000
80485  29.094  -4.350  -3.101 0.0000000000
71716  30.807  -15.111  -1.508 0.0000000000
117768  30.889  -16.147  -0.983 0.0000000000
71692  31.743  -14.852  -0.000 0.0000000000
63037  29.710  -23.660  2.394 0.0000000000
75442  30.015  -10.605  -2.114 0.0000000000
76303  30.324  -9.991  -0.188 0.0000000000
77185  30.181  -8.496  -1.015 0.0000000000
80465  29.557  -4.734  -0.176 0.0000000000
79660  29.787  -5.418  0.845 0.0000000000
83120  24.680  -1.447  -3.602 0.0000000000
125851  25.744  -3.681  -4.906 0.0000000000
82224  26.043  -1.699  -5.550 0.0000000000
87234  27.063  3.063  -3.001 0.0000000000
86473  27.740  2.205  -2.151 0.0000000000
84070  27.495  -0.715  -3.206 0.0000000000
84969  28.035  0.735  -1.538 0.0000000000
84061  28.318  -0.663  -1.369 0.0000000000
68777  31.802  -17.922  2.013 0.0000000000
66926  31.367  -19.418  1.863 0.0000000000
60105  27.983  -26.214  3.010 0.0000000000
78026  30.074  -7.651  -1.225 0.0000000000
78887  29.784  -6.356  -2.358 0.0000000000
129671  29.472  -4.747  -1.487 0.0000000000
81293  29.310  -3.571  -0.712 0.0000000000
66959  29.255  -18.905  -1.066 0.0000000000
68815  30.864  -17.455  -0.781 0.0000000000
69735  31.877  -16.968  0.371 0.0000000000
68776  32.255  -17.283  2.488 0.0000000000
73578  31.008  -12.135  0.859 0.0000000000
72639  31.939  -13.577  0.958 0.0000000000
73560  31.841  -12.363  2.126 0.0000000000
72668  30.465  -14.179  -2.229 0.0000000000
119391  30.281  -13.366  -2.460 0.0000000000
73603  30.683  -12.579  -0.917 0.0000000000
112705  30.656  -11.532  0.256 0.0000000000
76273  30.270  -9.842  1.644 0.0000000000
130765  29.978  -8.479  2.246 0.0000000000
122484  29.965  -7.305  -0.358 0.0000000000
78850  29.759  -6.882  1.348 0.0000000000
81332  27.288  -3.865  -5.451 0.0000000000
84078  26.364  -0.093  -4.895 0.0000000000
84077  27.063  -0.738  -4.289 0.0000000000
82214  27.564  -2.147  -4.391 0.0000000000
82213  28.106  -2.812  -3.922 0.0000000000
132947  28.702  -2.705  -2.019 0.0000000000
82184  28.710  -1.929  -0.947 0.0000000000
64016  30.175  -22.306  1.406 0.0000000000
117941  30.239  -20.369  -0.211 0.0000000000
71679  32.737  -14.630  1.335 0.0000000000
70679  32.886  -15.684  2.614 0.0000000000
128724  29.016  -4.954  -3.768 0.0000000000
80493  28.661  -4.331  -4.091 0.0000000000
71702  31.294  -14.897  -0.876 0.0000000000
70718  31.253  -15.460  -0.756 0.0000000000
60092  27.430  -26.768  3.367 0.0000000000
60091  28.079  -26.888  3.565 0.0000000000
76317  29.902  -9.939  -2.194 0.0000000000
126250  30.096  -9.227  -1.572 0.0000000000
81284  29.573  -3.906  0.148 0.0000000000
80457  29.732  -4.685  0.544 0.0000000000
83130  24.663  -1.401  -4.295 0.0000000000
82215  24.806  -2.126  -4.036 0.0000000000
82225  25.195  -2.059  -4.709 0.0000000000
83149  25.581  -1.281  -5.324 0.0000000000
85751  27.886  1.591  -1.831 0.0000000000
85750  28.501  1.543  -1.095 0.0000000000
67848  32.086  -18.066  2.912 0.0000000000
67849  31.644  -18.710  2.427 0.0000000000
63065  28.938  -23.709  1.237 0.0000000000
124888  29.778  -7.077  -2.581 0.0000000000
80484  29.376  -4.569  -2.227 0.0000000000
79686  29.611  -5.439  -2.040 0.0000000000
125155  29.319  -4.060  -1.492 0.0000000000
80476  29.447  -4.384  -0.768 0.0000000000
129267  29.107  -3.375  -1.469 0.0000000000
84072  24.320  -0.018  -3.574 0.0000000000
67890  29.723  -17.728  -1.289 0.0000000000
68816  30.213  -17.173  -1.262 0.0000000000
69743  31.604  -16.140  -0.168 0.0000000000
69744  31.274  -16.835  -0.516 0.0000000000
68789  32.168  -17.132  1.449 0.0000000000
69721  32.492  -16.441  2.039 0.0000000000
61022  28.772  -25.687  3.044 0.0000000000
73577  31.595  -12.683  1.339 0.0000000000
74506  31.216  -11.869  1.696 0.0000000000
70748  29.743  -15.008  -2.443 0.0000000000
74544  30.155  -11.925  -2.167 0.0000000000
129941  30.080  -12.657  -2.591 0.0000000000
73614  30.443  -12.607  -1.847 0.0000000000
130811  30.587  -11.858  -0.471 0.0000000000
74531  30.401  -10.996  -0.576 0.0000000000
76291  30.169  -9.186  0.240 0.0000000000
76290  30.254  -9.862  0.735 0.0000000000
76274  30.048  -9.114  1.135 0.0000000000
76258  30.020  -9.006  2.005 0.0000000000
77149  29.883  -8.295  1.627 0.0000000000
117507  29.947  -6.791  -0.898 0.0000000000
129092  29.809  -6.657  -0.181 0.0000000000
122737  29.789  -6.177  1.142 0.0000000000
77998  29.831  -7.346  1.932 0.0000000000
81337  26.082  -3.379  -5.761 0.0000000000
81333  26.142  -3.837  -5.601 0.0000000000
80506  26.420  -3.981  -5.723 0.0000000000
82229  26.588  -3.210  -5.678 0.0000000000
133550  26.901  2.009  -3.064 0.0000000000
86483  26.674  2.397  -3.416 0.0000000000
84984  26.397  0.774  -4.382 0.0000000000
84983  26.987  0.022  -3.760 0.0000000000
84069  27.942  -0.731  -2.229 0.0000000000
83129  27.535  -1.439  -3.780 0.0000000000
82202  27.971  -2.108  -3.377 0.0000000000
132871  28.403  -2.628  -3.031 0.0000000000
82201  28.278  -2.100  -2.594 0.0000000000
84053  28.704  -0.509  -0.611 0.0000000000
83113  28.557  -1.178  -0.970 0.0000000000
83106  28.942  -1.202  -0.293 0.0000000000
82183  29.161  -2.043  -0.084 0.0000000000
64036  29.301  -22.486  0.494 0.0000000000
121964  30.535  -18.799  -0.694 0.0000000000
66951  30.301  -19.585  -0.565 0.0000000000
65940  31.197  -20.210  2.239 0.0000000000
65951  30.988  -20.110  1.237 0.0000000000
65952  30.736  -20.897  1.639 0.0000000000
64983  30.513  -21.653  1.997 0.0000000000
73576  32.259  -13.074  1.776 0.0000000000
71680  32.260  -14.375  0.810 0.0000000000
72638  32.662  -13.843  1.633 0.0000000000
123096  29.594  -5.877  -2.972 0.0000000000
79701  29.117  -5.811  -3.967 0.0000000000
70740  30.537  -15.639  -1.528 0.0000000000
70717  31.980  -15.454  0.266 0.0000000000
62040  29.514  -24.446  3.014 0.0000000000
62021  29.543  -24.908  3.758 0.0000000000
62039  29.904  -24.234  4.026 0.0000000000
75388  30.567  -10.352  2.330 0.0000000000
75387  31.094  -10.877  2.832 0.0000000000
74545  29.847  -11.311  -2.546 0.0000000000
75441  30.201  -11.114  -1.650 0.0000000000
75430  30.230  -10.134  -1.291 0.0000000000
76304  30.240  -9.244  -0.676 0.0000000000
77174  30.126  -8.518  -0.197 0.0000000000
79667  29.632  -5.395  0.035 0.0000000000
78859  29.714  -6.122  0.315 0.0000000000
80449  30.008  -4.704  1.278 0.0000000000
81338  25.786  -2.924  -5.395 0.0000000000
82230  26.045  -2.606  -5.682 0.0000000000
86482  27.259  2.400  -2.705 0.0000000000
85757  27.276  1.657  -2.694 0.0000000000
84062  27.579  0.140  -2.560 0.0000000000
120805  28.406  0.091  -0.982 0.0000000000
67856  31.524  -18.620  1.483 0.0000000000
66937  31.247  -19.328  0.843 0.0000000000
66915  31.509  -19.490  2.795 0.0000000000
61034  27.493  -25.475  2.490 0.0000000000
62057  28.589  -24.808  2.038 0.0000000000
62056  29.156  -24.326  1.904 0.0000000000
64004  29.931  -22.961  1.866 0.0000000000
77205  29.611  -8.439  -2.757 0.0000000000
77197  29.974  -8.443  -1.854 0.0000000000
78036  29.878  -7.699  -2.222 0.0000000000
115810  29.944  -6.944  -1.771 0.0000000000
78878  29.801  -6.146  -1.402 0.0000000000
79677  29.584  -5.283  -0.901 0.0000000000
112433  29.404  -2.930  0.048 0.0000000000
83114  25.117  -1.518  -2.631 0.0000000000
83121  24.372  -0.739  -3.930 0.0000000000
83131  24.655  -0.686  -4.539 0.0000000000
67882  29.822  -18.701  -0.997 0.0000000000
67880  31.050  -18.314  -0.436 0.0000000000
121146  30.672  -16.748  -1.070 0.0000000000
68801  31.443  -17.658  -0.029 0.0000000000
67867  31.419  -18.528  0.447 0.0000000000
68790  31.744  -17.826  0.981 0.0000000000
68761  32.495  -17.417  3.369 0.0000000000
73591  31.336  -13.003  0.497 0.0000000000
72650  31.522  -13.728  0.212 0.0000000000
73559  32.487  -12.715  2.475 0.0000000000
74486  31.480  -11.614  2.477 0.0000000000
74485  32.140  -12.044  2.841 0.0000000000
70741  30.184  -15.218  -2.060 0.0000000000
132025  30.506  -14.792  -2.000 0.0000000000
71703  30.986  -14.376  -1.369 0.0000000000
72680  29.919  -14.028  -2.805 0.0000000000
72660  30.728  -13.432  -1.587 0.0000000000
72651  31.117  -13.414  -0.503 0.0000000000
73592  30.864  -12.423  -0.016 0.0000000000
74507  30.685  -11.199  1.181 0.0000000000
75419  30.455  -10.648  0.431 0.0000000000
75407  30.542  -10.587  1.678 0.0000000000
77139  30.193  -8.631  2.861 0.0000000000
131000  30.099  -7.954  -0.527 0.0000000000
78018  29.954  -7.809  0.170 0.0000000000
120540  29.777  -6.954  0.490 0.0000000000
78008  29.793  -7.637  1.023 0.0000000000
80498  27.925  -4.528  -5.068 0.0000000000
119015  25.504  0.031  -5.133 0.0000000000
84995  25.639  0.750  -4.992 0.0000000000
84090  25.981  -0.828  -5.364 0.0000000000
83142  26.476  -1.411  -5.272 0.0000000000
83141  27.085  -1.439  -4.779 0.0000000000
81326  27.507  -2.960  -5.012 0.0000000000
81325  28.120  -3.644  -4.505 0.0000000000
81316  28.674  -3.443  -3.273 0.0000000000
83118  28.348  -1.545  -1.835 0.0000000000
82191  29.032  -2.776  -0.837 0.0000000000
64017  29.667  -22.801  1.037 0.0000000000
64003  30.346  -22.338  2.348 0.0000000000
65978  29.900  -20.984  -0.081 0.0000000000
66938  30.795  -19.947  0.190 0.0000000000
65966  30.441  -20.800  0.543 0.0000000000
130734  30.076  -21.505  0.371 0.0000000000
64992  30.364  -21.621  1.010 0.0000000000
71691  32.318  -14.912  0.669 0.0000000000
70707  32.587  -15.288  1.087 0.0000000000
71664  33.097  -14.334  2.085 0.0000000000
70696  33.024  -15.054  1.844 0.0000000000
124267  32.693  -15.682  1.665 0.0000000000
61033  28.305  -25.371  2.459 0.0000000000
66952  29.643  -19.443  -0.824 0.0000000000
67881  30.329  -18.026  -0.962 0.0000000000
67891  29.259  -18.139  -1.324 0.0000000000
69766  30.008  -15.741  -1.887 0.0000000000
80500  26.435  -4.603  -5.556 0.0000000000
82231  25.603  -1.973  -5.349 0.0000000000
84089  26.603  -0.895  -4.987 0.0000000000
84092  24.814  0.064  -4.770 0.0000000000
84960  28.711  0.803  -0.737 0.0000000000
84977  27.046  0.850  -3.232 0.0000000000
117783  30.412  -10.424  1.139 0.0000000000
123015  31.801  -14.222  0.336 0.0000000000
130928  28.893  0.164  -0.443 0.0000000000
133954  27.846  -26.626  3.292 0.0000000000
134532  28.035  -0.086  -1.707 0.0000000000
