#!ascii label  , from subject sub-fsm30gy vox2ras=TkReg
781
9607  -46.908  -58.133  24.173 0.5000000000
109126  -45.644  -58.045  23.217 0.8000000119
10728  -43.696  -55.602  24.245 0.8000000119
10166  -45.300  -56.443  24.145 0.8000000119
10179  -45.052  -57.192  23.465 0.8000000119
9043  -46.612  -58.556  24.534 0.5000000000
9617  -46.211  -58.507  23.586 0.5000000000
10180  -46.249  -57.494  23.822 0.6000000238
11289  -43.180  -54.802  24.420 0.6999999881
11290  -44.167  -54.886  24.526 0.6999999881
10730  -45.437  -55.573  24.442 0.8000000119
10167  -46.411  -56.324  24.362 0.6999999881
9597  -46.411  -58.244  25.334 0.6000000238
9044  -47.116  -58.241  24.586 0.5000000000
10169  -47.882  -57.230  24.948 0.6000000238
11844  -41.536  -53.592  24.481 0.6999999881
10168  -47.239  -57.240  24.454 0.6000000238
113578  -47.810  -56.536  24.777 0.6000000238
11845  -42.526  -53.221  24.606 0.6999999881
113515  -42.167  -54.387  24.330 0.6999999881
127507  -44.878  -55.018  24.523 0.6999999881
124992  -47.208  -56.472  24.503 0.6000000238
10732  -48.123  -55.772  24.859 0.6000000238
11291  -45.577  -54.738  24.496 0.8000000119
11292  -46.669  -54.591  24.403 0.8000000119
11293  -47.956  -54.952  24.606 0.6999999881
115233  -46.869  -57.661  25.907 0.4000000060
10156  -48.124  -57.024  25.472 0.6000000238
125751  -41.818  -52.832  24.662 0.6999999881
11294  -49.114  -54.394  25.132 0.6000000238
12437  -43.162  -52.360  24.433 0.6999999881
120894  -43.085  -53.887  24.594 0.6999999881
11846  -44.015  -53.909  24.580 0.6999999881
119662  -44.841  -54.296  24.529 0.6999999881
11848  -45.694  -53.799  24.323 0.6000000238
11849  -47.663  -54.061  24.209 0.6999999881
12450  -49.286  -52.801  23.524 0.5000000000
12439  -45.291  -52.924  24.048 0.6000000238
11859  -46.199  -53.059  23.817 0.6000000238
11860  -47.252  -53.318  23.699 0.6000000238
12455  -48.121  -52.333  22.879 0.6000000238
12454  -46.865  -52.494  23.161 0.6000000238
13077  -48.226  -51.660  22.329 0.5000000000
10705  -47.693  -56.195  26.577 0.4000000060
10144  -48.157  -56.774  26.066 0.5000000000
117183  -40.688  -52.127  25.077 0.6999999881
10707  -48.782  -55.679  25.973 0.6000000238
11278  -49.058  -54.444  25.521 0.6000000238
12446  -44.028  -52.296  24.130 0.6999999881
11851  -49.433  -53.562  24.715 0.6000000238
12447  -44.812  -52.252  23.722 0.6999999881
11862  -49.509  -53.302  24.180 0.5000000000
12451  -50.162  -52.226  23.688 0.6000000238
12448  -45.697  -52.222  23.312 0.6999999881
13078  -49.435  -51.382  22.363 0.5000000000
12457  -50.188  -51.499  23.166 0.5000000000
110456  -47.085  -51.801  22.495 0.5000000000
13044  -38.453  -51.136  25.346 0.6000000238
13675  -39.016  -50.409  25.294 0.6000000238
10697  -47.074  -55.397  26.999 0.5000000000
11266  -47.422  -54.663  26.910 0.5000000000
13046  -40.303  -51.354  25.266 0.6999999881
12422  -39.796  -52.047  25.209 0.6999999881
118137  -48.624  -55.367  26.230 0.5000000000
11828  -48.759  -54.279  26.099 0.5000000000
12424  -48.502  -52.940  25.578 0.4000000060
13056  -41.967  -51.544  24.690 0.6999999881
12425  -49.349  -53.322  25.167 0.5000000000
13057  -42.784  -51.605  24.377 0.6999999881
13058  -43.607  -51.660  24.038 0.6999999881
12440  -49.780  -52.749  24.518 0.5000000000
13066  -44.345  -51.633  23.579 0.6999999881
13068  -45.666  -51.457  22.682 0.6000000238
13061  -50.152  -52.434  24.072 0.5000000000
125137  -46.274  -51.821  22.764 0.6000000238
122960  -50.321  -50.925  22.984 0.5000000000
13084  -47.211  -51.201  21.897 0.5000000000
13085  -48.379  -51.057  21.764 0.5000000000
13087  -50.168  -50.600  21.977 0.5000000000
13086  -49.568  -50.818  21.855 0.5000000000
14372  -50.621  -49.508  21.951 0.3000000119
12416  -46.902  -52.845  26.634 0.3000000119
13043  -37.468  -51.073  25.133 0.6000000238
13674  -38.192  -50.364  25.130 0.6000000238
11826  -47.293  -53.569  26.745 0.4000000060
12423  -47.391  -52.514  25.915 0.4000000060
13686  -41.401  -50.265  24.645 0.6000000238
13050  -49.251  -52.561  24.887 0.5000000000
13687  -42.302  -50.762  24.380 0.6999999881
13688  -43.233  -50.990  23.930 0.6999999881
13060  -50.034  -52.029  24.275 0.5000000000
13698  -44.513  -50.967  22.971 0.5000000000
13069  -50.050  -51.241  23.588 0.5000000000
124313  -45.170  -51.092  22.611 0.5000000000
13700  -50.174  -50.391  22.969 0.4000000060
123967  -50.342  -50.490  22.491 0.3000000119
15003  -50.585  -48.771  21.966 0.4000000060
13715  -48.695  -50.365  21.261 0.5000000000
13716  -49.907  -50.325  21.573 0.4000000060
13682  -37.536  -50.213  24.702 0.6000000238
13683  -38.126  -49.851  24.734 0.6000000238
14321  -38.730  -49.771  24.941 0.6000000238
13684  -39.562  -49.764  24.980 0.6000000238
14331  -41.063  -49.463  24.351 0.6000000238
13691  -48.076  -50.574  24.159 0.3000000119
13692  -49.152  -51.212  24.214 0.4000000060
118487  -41.563  -50.947  24.803 0.6000000238
13696  -42.886  -50.225  23.722 0.6000000238
116348  -43.908  -51.161  23.536 0.6999999881
14347  -48.362  -49.466  23.299 0.3000000119
13699  -49.063  -50.356  23.621 0.3000000119
13697  -43.738  -50.546  23.301 0.6000000238
15001  -48.535  -48.218  22.533 0.3000000119
14348  -49.529  -49.768  23.034 0.3000000119
13705  -44.300  -50.131  22.642 0.5000000000
13706  -45.037  -50.571  22.352 0.5000000000
15647  -49.365  -47.681  22.083 0.3000000119
15002  -49.835  -48.483  22.308 0.3000000119
123665  -46.136  -50.064  21.434 0.5000000000
13713  -46.738  -50.157  21.284 0.5000000000
15014  -50.573  -48.335  21.444 0.3000000119
14380  -49.465  -49.094  20.663 0.4000000060
15026  -50.619  -48.475  21.113 0.3000000119
127326  -37.402  -49.707  23.649 0.5000000000
14327  -37.796  -49.608  24.137 0.6000000238
14329  -39.207  -49.201  24.328 0.5000000000
14332  -42.008  -49.835  24.116 0.6000000238
14342  -41.602  -49.063  23.728 0.5000000000
16347  -47.507  -46.940  22.319 0.3000000119
16353  -47.181  -46.237  22.104 0.3000000119
113646  -48.251  -47.519  22.334 0.3000000119
14344  -43.397  -49.756  23.117 0.6000000238
126158  -45.300  -49.843  21.799 0.5000000000
15022  -46.760  -48.652  20.777 0.5000000000
14369  -48.682  -49.686  20.817 0.4000000060
15670  -49.170  -47.415  20.217 0.4000000060
14339  -38.551  -49.188  23.598 0.5000000000
14340  -39.303  -48.872  23.507 0.5000000000
14980  -39.899  -48.759  23.730 0.5000000000
14330  -40.127  -49.241  24.424 0.5000000000
14987  -40.504  -48.421  23.096 0.5000000000
16346  -45.638  -46.170  22.646 0.3000000119
14343  -42.507  -49.384  23.469 0.6000000238
14355  -43.814  -49.291  22.578 0.6000000238
123369  -44.488  -49.578  22.264 0.5000000000
15013  -46.011  -48.819  21.167 0.5000000000
16372  -50.446  -46.775  20.689 0.4000000060
14985  -39.077  -48.874  22.673 0.5000000000
14986  -39.786  -48.553  22.856 0.5000000000
16345  -44.902  -46.113  23.021 0.4000000060
17813  -44.938  -44.598  22.201 0.4000000060
14988  -41.203  -48.499  23.307 0.5000000000
122688  -42.559  -48.273  22.637 0.5000000000
17080  -45.707  -45.343  22.213 0.4000000060
17085  -46.466  -45.234  21.823 0.3000000119
15644  -42.522  -47.680  22.208 0.4000000060
17086  -47.457  -45.541  21.636 0.3000000119
14998  -43.335  -48.306  22.367 0.5000000000
14999  -44.243  -48.871  22.153 0.4000000060
15011  -44.657  -48.581  21.776 0.4000000060
111001  -47.934  -47.236  20.167 0.4000000060
14995  -39.589  -48.705  21.513 0.5000000000
14996  -40.368  -48.436  20.601 0.5000000000
15642  -41.024  -47.893  21.312 0.5000000000
17810  -44.286  -44.921  22.876 0.4000000060
14997  -41.255  -48.056  22.535 0.5000000000
15643  -41.766  -47.598  21.896 0.4000000060
17818  -45.932  -44.589  21.712 0.4000000060
15652  -42.355  -47.151  21.483 0.4000000060
15653  -43.200  -47.371  21.831 0.4000000060
17819  -46.987  -44.684  21.371 0.4000000060
15010  -44.027  -47.961  21.873 0.4000000060
15654  -44.784  -47.853  21.553 0.4000000060
15655  -45.638  -47.993  21.286 0.4000000060
15656  -46.289  -48.144  20.962 0.4000000060
15668  -46.116  -47.345  20.893 0.4000000060
122778  -47.916  -46.544  19.825 0.4000000060
16376  -49.894  -45.908  19.699 0.4000000060
16370  -49.026  -46.646  19.798 0.4000000060
15008  -39.638  -48.736  20.223 0.5000000000
18508  -43.824  -43.570  22.741 0.4000000060
17812  -44.232  -44.229  22.622 0.4000000060
15650  -41.021  -48.201  20.043 0.5000000000
15651  -41.595  -47.426  20.883 0.4000000060
19266  -45.579  -42.767  21.416 0.4000000060
16351  -44.016  -46.905  21.424 0.4000000060
16367  -44.628  -46.216  20.843 0.4000000060
17102  -50.416  -45.167  20.111 0.3000000119
114185  -46.852  -46.718  20.300 0.4000000060
15009  -40.336  -48.379  19.910 0.4000000060
15665  -40.907  -47.978  19.779 0.5000000000
15666  -41.426  -47.599  19.855 0.4000000060
111238  -44.064  -42.973  22.386 0.4000000060
124843  -42.226  -46.878  19.792 0.4000000060
15667  -42.147  -47.108  20.196 0.4000000060
16365  -42.674  -46.517  20.120 0.4000000060
16350  -42.969  -46.647  21.175 0.4000000060
16366  -43.592  -46.177  20.679 0.4000000060
16368  -45.714  -46.420  20.685 0.4000000060
17101  -46.244  -45.779  20.104 0.4000000060
17110  -49.534  -45.231  19.225 0.4000000060
16369  -47.365  -45.957  19.695 0.4000000060
16375  -48.643  -45.971  19.482 0.4000000060
16364  -40.854  -47.269  19.686 0.4000000060
16373  -41.619  -46.721  19.618 0.4000000060
15673  -41.856  -47.130  19.728 0.4000000060
105915  -42.313  -46.399  19.518 0.4000000060
16374  -43.119  -45.949  19.678 0.4000000060
17099  -44.110  -45.568  20.182 0.4000000060
18533  -50.053  -43.990  19.518 0.4000000060
17106  -44.645  -45.065  19.617 0.4000000060
17107  -45.705  -45.071  19.678 0.4000000060
17108  -46.832  -45.230  19.427 0.4000000060
17837  -47.638  -44.614  18.790 0.4000000060
17098  -41.053  -45.905  19.834 0.4000000060
17103  -42.049  -45.644  19.326 0.4000000060
117791  -42.645  -45.051  18.920 0.4000000060
17104  -42.785  -45.660  19.095 0.4000000060
17841  -43.742  -44.690  18.674 0.4000000060
17105  -43.611  -45.281  19.183 0.4000000060
17834  -44.311  -44.747  18.983 0.4000000060
17835  -45.233  -44.551  19.113 0.4000000060
17846  -49.467  -44.040  18.654 0.3000000119
17844  -47.131  -43.963  18.343 0.4000000060
17109  -48.132  -45.305  19.192 0.4000000060
17828  -41.461  -44.809  19.806 0.4000000060
18526  -41.662  -43.900  19.727 0.4000000060
17832  -42.026  -44.629  19.204 0.4000000060
17833  -42.452  -44.382  18.842 0.4000000060
17842  -44.701  -44.174  18.468 0.4000000060
19276  -48.957  -42.929  19.800 0.4000000060
17847  -49.892  -43.812  18.954 0.3000000119
17843  -45.903  -43.983  18.515 0.4000000060
18538  -47.727  -43.309  17.862 0.5000000000
18539  -48.506  -43.253  18.134 0.4000000060
18537  -46.643  -43.404  17.870 0.5000000000
118081  -41.436  -43.046  20.318 0.4000000060
118547  -41.775  -43.137  19.441 0.4000000060
19278  -41.898  -42.580  18.966 0.4000000060
18530  -42.040  -43.849  19.090 0.4000000060
18536  -45.555  -43.470  17.886 0.4000000060
18544  -47.182  -42.925  17.477 0.5000000000
19273  -41.208  -42.161  20.836 0.4000000060
19277  -41.616  -42.196  19.867 0.4000000060
19281  -41.751  -41.874  19.048 0.4000000060
18543  -46.346  -42.857  17.338 0.4000000060
20854  -40.928  -40.538  20.862 0.4000000060
20080  -41.302  -41.327  20.479 0.4000000060
20087  -41.558  -41.285  19.527 0.4000000060
19289  -46.178  -42.165  16.869 0.5000000000
22977  -40.273  -37.755  19.778 0.4000000060
22246  -40.607  -38.478  20.013 0.4000000060
21571  -40.984  -39.779  20.405 0.4000000060
115389  -40.933  -39.123  19.723 0.4000000060
21577  -41.098  -39.317  18.683 0.5000000000
22237  -40.538  -39.043  20.649 0.4000000060
14368  -46.543  -49.508  21.085 0.5000000000
15023  -47.886  -48.241  20.439 0.5000000000
15024  -49.259  -48.300  20.437 0.4000000060
9056  -46.512  -58.682  24.041 0.5000000000
10178  -43.948  -56.869  23.116 0.8000000119
10741  -43.329  -56.139  23.618 0.8000000119
11288  -42.432  -55.174  24.019 0.6999999881
9042  -45.778  -58.767  24.708 0.5000000000
9596  -45.498  -58.129  25.580 0.5000000000
11843  -40.594  -53.594  24.320 0.6999999881
112890  -47.329  -56.969  26.364 0.4000000060
12435  -41.062  -52.854  24.718 0.6999999881
13045  -39.382  -51.237  25.376 0.6999999881
10132  -46.689  -56.208  26.931 0.4000000060
10696  -46.139  -55.402  27.345 0.4000000060
12419  -37.149  -51.865  25.034 0.6000000238
12411  -46.490  -53.233  27.133 0.4000000060
13681  -36.736  -50.655  24.561 0.6000000238
13694  -36.305  -50.403  23.663 0.5000000000
107701  -37.784  -49.490  23.199 0.5000000000
14353  -38.377  -49.257  22.452 0.5000000000
15007  -38.938  -49.122  20.689 0.4000000060
15021  -39.611  -48.533  19.856 0.4000000060
16363  -39.900  -47.184  20.056 0.4000000060
15664  -40.231  -48.061  19.744 0.4000000060
17097  -40.220  -46.238  20.361 0.4000000060
17827  -40.756  -44.719  20.553 0.4000000060
18525  -41.150  -43.876  20.502 0.4000000060
118080  -40.913  -42.979  21.028 0.4000000060
20079  -40.826  -41.349  21.176 0.4000000060
22245  -40.128  -38.268  20.728 0.4000000060
10729  -44.578  -55.649  24.369 0.8000000119
9598  -47.200  -58.112  25.135 0.5000000000
10727  -42.947  -55.552  24.018 0.6999999881
12438  -44.457  -52.950  24.310 0.6999999881
10170  -48.380  -56.213  25.362 0.6000000238
11850  -48.806  -54.130  24.586 0.6999999881
121252  -46.635  -53.751  24.128 0.6999999881
11279  -49.396  -53.722  25.091 0.6000000238
11861  -48.510  -53.500  23.837 0.6000000238
12449  -47.977  -52.911  23.353 0.6000000238
11863  -49.804  -52.977  24.375 0.5000000000
13676  -39.923  -50.528  25.251 0.6000000238
11821  -46.931  -53.971  27.106 0.5000000000
11827  -48.122  -53.924  26.428 0.5000000000
13049  -48.060  -52.135  25.187 0.3000000119
13714  -47.409  -50.578  21.413 0.5000000000
14341  -40.701  -48.813  23.831 0.6000000238
14356  -44.949  -49.366  21.846 0.5000000000
114278  -47.579  -49.839  20.947 0.5000000000
16371  -50.085  -46.628  20.185 0.4000000060
17100  -45.138  -45.574  20.303 0.4000000060
17836  -46.351  -44.532  19.056 0.4000000060
21572  -41.272  -39.848  19.459 0.4000000060
6333  -31.845  -63.723  18.887 0.4000000060
6334  -33.055  -63.133  18.972 0.4000000060
6880  -33.428  -62.402  19.062 0.4000000060
6881  -34.141  -62.440  19.012 0.4000000060
7411  -33.125  -61.812  19.405 0.4000000060
7418  -33.923  -61.604  19.105 0.4000000060
114645  -34.589  -61.843  18.929 0.4000000060
7420  -35.729  -61.178  18.939 0.4000000060
110743  -36.879  -62.163  19.851 0.5000000000
7413  -34.150  -60.935  19.471 0.4000000060
7419  -34.814  -61.181  19.079 0.4000000060
8035  -36.193  -60.832  19.108 0.5000000000
7421  -36.438  -61.183  18.969 0.5000000000
127687  -38.289  -60.989  19.335 0.6000000238
8025  -33.985  -60.689  20.282 0.4000000060
8026  -34.785  -60.544  19.709 0.4000000060
8027  -35.742  -60.450  19.677 0.4000000060
6884  -36.979  -61.442  19.233 0.5000000000
9590  -45.689  -57.582  26.260 0.3000000119
9581  -45.227  -56.929  27.069 0.4000000060
11264  -45.684  -54.567  27.548 0.3000000119
6876  -37.547  -61.679  19.617 0.5000000000
8523  -43.077  -59.440  23.811 0.5000000000
9041  -43.719  -58.383  25.370 0.4000000060
8012  -36.068  -60.173  22.080 0.4000000060
8028  -36.834  -60.506  19.576 0.5000000000
8037  -37.700  -60.861  19.301 0.5000000000
8011  -35.288  -60.335  21.444 0.4000000060
8020  -35.266  -60.316  20.418 0.4000000060
7423  -39.007  -61.164  19.697 0.6000000238
7414  -39.178  -61.663  20.336 0.6000000238
7409  -40.659  -61.323  20.779 0.6999999881
126457  -44.650  -59.420  23.880 0.5000000000
7408  -39.886  -61.612  20.830 0.6999999881
117608  -41.112  -61.090  21.808 0.6999999881
8539  -43.225  -60.082  22.868 0.6999999881
7402  -41.250  -61.146  21.238 0.6999999881
8014  -41.837  -60.826  21.700 0.6999999881
8022  -37.306  -60.108  20.450 0.5000000000
8029  -37.721  -60.400  19.757 0.6000000238
8030  -38.526  -60.677  19.679 0.6000000238
8031  -39.499  -60.744  19.961 0.6000000238
8554  -36.991  -59.997  21.621 0.4000000060
8555  -37.939  -59.828  21.303 0.5000000000
8563  -38.252  -60.097  20.294 0.6000000238
7417  -40.954  -60.740  20.489 0.6000000238
7410  -41.208  -61.082  20.835 0.6000000238
11820  -46.120  -53.797  27.431 0.3000000119
7415  -39.923  -61.228  20.284 0.6000000238
8023  -41.787  -60.778  21.292 0.6999999881
8525  -45.008  -59.719  23.226 0.6000000238
118301  -45.443  -59.340  23.885 0.5000000000
8548  -37.697  -59.660  22.441 0.6000000238
8549  -38.605  -59.454  22.159 0.6000000238
8550  -39.512  -59.223  21.842 0.6999999881
8557  -39.783  -59.670  20.762 0.6000000238
8558  -40.641  -59.656  20.607 0.6000000238
8566  -41.188  -60.158  20.519 0.6000000238
8024  -42.383  -60.394  21.271 0.6000000238
8016  -43.321  -60.313  21.835 0.6999999881
8552  -44.087  -60.026  22.351 0.6999999881
8551  -43.446  -60.344  22.161 0.6999999881
8526  -45.537  -59.410  23.391 0.6000000238
110852  -44.823  -59.770  22.841 0.6999999881
9062  -39.192  -58.798  23.026 0.6000000238
9069  -40.049  -58.520  22.415 0.6999999881
9070  -40.829  -58.307  21.854 0.6999999881
9075  -40.365  -59.043  21.414 0.6999999881
8559  -41.451  -59.515  20.774 0.6000000238
110442  -43.082  -59.793  21.388 0.6999999881
8561  -43.964  -59.797  21.838 0.6999999881
8541  -45.311  -59.473  22.904 0.6000000238
10185  -41.780  -56.662  21.449 0.6999999881
9620  -42.973  -57.221  21.551 0.6999999881
9623  -42.036  -57.582  21.273 0.6000000238
9076  -41.144  -58.881  21.119 0.6999999881
9077  -41.840  -58.669  21.082 0.6000000238
114831  -43.456  -59.086  21.467 0.6999999881
9074  -45.493  -58.740  22.854 0.5000000000
8560  -42.220  -59.545  20.968 0.6000000238
9072  -44.056  -58.960  21.757 0.6999999881
8553  -44.569  -59.662  22.442 0.6000000238
10747  -42.114  -55.962  21.996 0.6999999881
10177  -42.984  -56.429  22.653 0.6999999881
10740  -42.431  -55.699  23.260 0.6999999881
125057  -44.786  -58.429  22.428 0.6000000238
9615  -43.552  -57.135  22.216 0.6999999881
119805  -44.660  -58.879  24.626 0.5000000000
9621  -44.038  -58.061  22.009 0.6000000238
6879  -32.752  -62.539  19.144 0.4000000060
6883  -36.224  -61.707  19.205 0.4000000060
8019  -34.583  -60.470  20.831 0.4000000060
8034  -35.431  -60.798  19.183 0.4000000060
8021  -36.190  -60.195  20.706 0.4000000060
8004  -42.555  -60.592  22.197 0.6999999881
8540  -44.155  -60.099  22.869 0.6999999881
8564  -39.166  -60.166  20.197 0.6000000238
8565  -40.005  -60.239  20.269 0.6000000238
9071  -41.551  -57.978  21.538 0.6999999881
9078  -42.629  -58.608  21.210 0.6000000238
10186  -42.213  -56.552  21.537 0.6000000238
9064  -40.442  -57.845  22.665 0.5000000000
8547  -36.816  -59.892  22.800 0.4000000060
8536  -38.342  -59.267  23.082 0.5000000000
8534  -36.650  -59.736  23.830 0.4000000060
8520  -37.176  -59.283  24.398 0.5000000000
8535  -37.597  -59.385  23.608 0.5000000000
9051  -39.210  -58.220  23.822 0.5000000000
9614  -39.950  -57.387  23.267 0.5000000000
126564  -39.993  -56.106  21.744 0.5000000000
9063  -39.798  -58.093  23.331 0.5000000000
10184  -41.200  -56.217  21.495 0.6000000238
10745  -40.701  -55.732  21.577 0.5000000000
10182  -40.684  -56.255  21.618 0.5000000000
10746  -41.143  -55.516  21.860 0.6999999881
121136  -40.185  -55.074  21.843 0.6000000238
11300  -40.978  -54.997  22.590 0.6000000238
8519  -36.523  -59.486  24.726 0.5000000000
9049  -37.897  -58.698  24.542 0.5000000000
9605  -39.056  -57.186  24.322 0.5000000000
10164  -39.480  -56.968  23.730 0.5000000000
9606  -39.398  -57.593  23.901 0.5000000000
10739  -41.659  -55.437  22.598 0.6000000238
10181  -39.338  -55.780  21.860 0.6000000238
112187  -40.353  -54.652  22.733 0.5000000000
11287  -41.054  -54.397  23.724 0.6000000238
8511  -37.182  -58.844  25.112 0.5000000000
9038  -38.492  -57.182  24.856 0.5000000000
10163  -38.907  -56.792  24.194 0.5000000000
10175  -38.948  -56.261  22.782 0.5000000000
11301  -41.750  -55.059  23.497 0.6000000238
11299  -39.574  -54.602  22.470 0.5000000000
11858  -40.074  -54.164  23.529 0.6000000238
8510  -36.450  -59.140  25.554 0.5000000000
107438  -37.909  -57.912  25.332 0.5000000000
10155  -38.167  -56.602  24.750 0.5000000000
10726  -37.574  -56.186  23.366 0.5000000000
10737  -37.161  -55.783  22.647 0.6000000238
10174  -38.429  -56.355  23.575 0.4000000060
10736  -36.513  -55.720  22.744 0.4000000060
10742  -37.800  -55.345  22.216 0.5000000000
10743  -38.640  -55.411  21.986 0.4000000060
11286  -36.539  -54.630  23.300 0.4000000060
11840  -37.431  -54.342  23.328 0.5000000000
11297  -37.912  -54.800  22.449 0.5000000000
11839  -36.003  -53.751  24.311 0.4000000060
11298  -38.707  -54.634  22.415 0.6000000238
11857  -39.205  -54.128  23.401 0.6000000238
12434  -40.197  -52.814  24.770 0.6000000238
11296  -37.045  -55.216  22.596 0.5000000000
119375  -36.968  -53.610  24.293 0.5000000000
113612  -37.922  -53.516  24.231 0.5000000000
12430  -36.410  -52.551  24.742 0.4000000060
12432  -38.402  -52.703  24.831 0.6000000238
11841  -38.830  -53.506  24.203 0.6000000238
12433  -39.312  -52.765  24.808 0.6000000238
12431  -37.466  -52.648  24.816 0.5000000000
13065  -35.842  -51.107  24.267 0.3000000119
113666  -35.496  -52.938  24.558 0.4000000060
12421  -38.875  -51.957  25.266 0.5000000000
14377  -38.274  -49.319  20.512 0.3000000119
14352  -37.659  -49.596  22.108 0.4000000060
13704  -37.008  -49.861  23.015 0.4000000060
115944  -39.125  -46.934  20.371 0.3000000119
126086  -40.343  -45.355  20.636 0.3000000119
17096  -39.414  -46.177  20.667 0.3000000119
17817  -40.090  -44.594  21.147 0.3000000119
18514  -40.504  -43.794  21.120 0.3000000119
19272  -40.597  -42.151  21.365 0.3000000119
20070  -40.148  -41.402  21.565 0.3000000119
20846  -40.328  -40.601  21.368 0.3000000119
13054  -36.524  -51.521  24.772 0.5000000000
126492  -38.960  -48.491  19.878 0.3000000119
10748  -41.495  -56.049  21.514 0.5000000000
9061  -38.524  -58.723  23.842 0.5000000000
11302  -38.429  -55.011  22.042 0.5000000000
11842  -39.703  -53.536  24.228 0.6000000238
9054  -43.571  -58.985  24.444 0.3000000119
8003  -41.312  -60.587  22.621 0.6000000238
8538  -41.980  -60.003  23.181 0.6000000238
121253  -42.836  -57.591  28.013 0.3000000119
9580  -43.570  -57.274  27.674 0.3000000119
9588  -44.063  -57.495  27.014 0.3000000119
126074  -44.804  -57.331  26.848 0.3000000119
9031  -42.695  -58.175  26.607 0.3000000119
9032  -43.719  -57.889  26.257 0.3000000119
9589  -44.731  -57.721  26.231 0.3000000119
8537  -40.982  -60.016  23.760 0.6000000238
120073  -42.393  -59.570  23.729 0.5000000000
9571  -42.403  -57.288  28.518 0.3000000119
10129  -43.798  -56.667  27.851 0.3000000119
106867  -44.349  -57.050  27.406 0.3000000119
10130  -44.622  -56.277  27.595 0.3000000119
125294  -43.167  -58.174  25.948 0.3000000119
9040  -42.695  -58.498  25.531 0.3000000119
9053  -42.296  -59.043  24.586 0.4000000060
112680  -42.064  -56.026  28.633 0.3000000119
10119  -43.290  -56.207  28.221 0.3000000119
10120  -43.891  -55.993  27.943 0.3000000119
6325  -33.927  -63.788  20.483 0.5000000000
6326  -34.556  -63.466  21.065 0.5000000000
5862  -33.206  -63.682  19.191 0.4000000060
6329  -33.742  -63.612  19.589 0.4000000060
6330  -34.379  -63.244  19.820 0.4000000060
5852  -33.403  -64.326  20.903 0.5000000000
6869  -37.007  -62.590  21.693 0.5000000000
6327  -35.369  -63.064  21.432 0.5000000000
6331  -34.980  -63.043  20.491 0.5000000000
6857  -38.136  -62.133  22.588 0.6000000238
6862  -37.628  -62.409  22.229 0.6000000238
118864  -37.767  -62.391  21.255 0.5000000000
105956  -36.294  -62.672  20.870 0.5000000000
6874  -35.002  -62.567  19.543 0.3000000119
113029  -35.911  -62.385  19.713 0.4000000060
7394  -39.009  -61.479  23.149 0.6000000238
110178  -39.611  -61.698  21.625 0.6000000238
7407  -39.115  -61.952  21.203 0.6000000238
122160  -37.158  -62.445  20.801 0.5000000000
8002  -40.334  -60.526  23.458 0.6000000238
116961  -41.987  -58.501  26.243 0.3000000119
8521  -40.823  -59.581  24.701 0.4000000060
7401  -39.641  -61.428  22.433 0.6000000238
6870  -37.739  -62.137  20.286 0.4000000060
9030  -41.834  -58.476  27.034 0.3000000119
9020  -42.403  -58.113  27.611 0.3000000119
9039  -41.702  -58.789  25.541 0.3000000119
114966  -40.429  -61.420  21.521 0.6000000238
8013  -40.389  -61.003  22.505 0.6000000238
7400  -38.886  -61.847  22.310 0.6000000238
8513  -40.935  -59.215  25.534 0.3000000119
7393  -38.322  -61.812  23.309 0.5000000000
7384  -38.711  -61.291  24.111 0.5000000000
108423  -38.160  -61.343  24.986 0.4000000060
7988  -39.378  -60.650  24.383 0.5000000000
6848  -37.106  -62.351  24.242 0.5000000000
6855  -36.679  -62.657  23.611 0.5000000000
7370  -37.628  -61.724  25.046 0.4000000060
113306  -38.346  -60.946  25.627 0.4000000060
7976  -38.785  -60.787  25.032 0.4000000060
7989  -40.107  -60.158  24.430 0.5000000000
6856  -37.509  -62.286  23.299 0.5000000000
7977  -39.459  -60.238  25.222 0.4000000060
3691  -33.586  -70.394  19.219 0.3000000119
3262  -34.182  -70.387  19.321 0.3000000119
3683  -34.064  -69.767  19.293 0.3000000119
4094  -33.831  -69.262  19.759 0.3000000119
4084  -34.489  -68.625  20.386 0.4000000060
3682  -33.232  -69.957  19.277 0.3000000119
4093  -32.649  -69.291  20.178 0.3000000119
106089  -34.807  -67.773  22.285 0.4000000060
4072  -33.971  -68.111  21.794 0.4000000060
118938  -33.304  -68.639  20.928 0.3000000119
4083  -32.144  -68.585  21.294 0.3000000119
124781  -33.844  -67.440  23.568 0.4000000060
4071  -32.781  -68.094  22.008 0.4000000060
4082  -31.103  -68.457  21.119 0.4000000060
4070  -31.799  -67.880  21.988 0.4000000060
4449  -34.236  -66.945  25.370 0.3000000119
115063  -33.678  -67.243  24.108 0.4000000060
4471  -33.183  -67.338  23.482 0.4000000060
4916  -32.338  -66.209  23.727 0.4000000060
4469  -31.971  -66.686  23.091 0.4000000060
4484  -31.603  -67.124  22.380 0.4000000060
4890  -33.814  -66.069  26.294 0.3000000119
4898  -33.010  -66.218  24.999 0.4000000060
5366  -32.962  -65.556  24.777 0.4000000060
4908  -32.889  -66.726  24.246 0.4000000060
5371  -32.570  -65.684  24.069 0.4000000060
5838  -32.964  -64.987  23.773 0.4000000060
5370  -32.401  -65.556  23.287 0.4000000060
5837  -32.768  -64.940  22.628 0.4000000060
4920  -31.698  -66.349  22.380 0.4000000060
5824  -33.487  -65.120  25.460 0.4000000060
5832  -33.465  -64.757  24.647 0.4000000060
5844  -33.443  -64.391  22.806 0.4000000060
5374  -31.713  -66.103  21.375 0.4000000060
5375  -32.166  -65.574  22.193 0.4000000060
5833  -34.156  -64.189  24.642 0.4000000060
5839  -33.873  -64.209  23.745 0.4000000060
5845  -34.126  -63.905  22.763 0.4000000060
124366  -34.674  -63.491  22.178 0.4000000060
5851  -32.791  -64.880  21.441 0.4000000060
6319  -33.895  -63.928  21.754 0.4000000060
111150  -34.553  -63.812  24.089 0.4000000060
6312  -35.527  -63.228  23.371 0.4000000060
6861  -36.173  -62.797  22.104 0.4000000060
6847  -36.403  -62.734  24.423 0.4000000060
6303  -35.952  -63.018  23.853 0.4000000060
6834  -37.195  -61.984  25.422 0.3000000119
7371  -37.724  -61.415  25.780 0.3000000119
105865  -38.879  -60.450  25.863 0.3000000119
105818  -36.873  -62.628  22.698 0.4000000060
4486  -33.225  -67.727  22.649 0.4000000060
4470  -32.501  -66.943  23.560 0.4000000060
4485  -32.383  -67.412  22.813 0.4000000060
4899  -33.582  -66.377  25.583 0.4000000060
4457  -33.538  -66.802  24.855 0.4000000060
4900  -34.100  -66.556  26.084 0.3000000119
5344  -33.813  -65.349  26.322 0.3000000119
5357  -33.392  -65.822  25.601 0.4000000060
127214  -33.854  -64.556  25.228 0.4000000060
6311  -34.761  -63.598  23.278 0.4000000060
117712  -33.255  -64.465  21.924 0.4000000060
116240  -35.447  -63.173  22.600 0.4000000060
6846  -35.636  -63.205  24.631 0.4000000060
108371  -35.918  -67.392  23.522 0.3000000119
4488  -36.427  -67.723  21.684 0.3000000119
4500  -36.080  -68.149  20.763 0.3000000119
4473  -35.579  -67.611  22.557 0.3000000119
109855  -35.602  -67.873  21.681 0.3000000119
4459  -35.033  -67.289  24.687 0.3000000119
4472  -34.627  -67.465  23.556 0.3000000119
4458  -34.184  -67.211  24.558 0.3000000119
5825  -33.986  -64.632  25.904 0.3000000119
6295  -35.199  -63.447  25.547 0.3000000119
6832  -36.086  -62.823  25.235 0.3000000119
124811  -34.844  -67.122  25.429 0.3000000119
115877  -34.851  -63.681  24.718 0.3000000119
3255  -33.684  -70.873  19.552 0.3000000119
4487  -35.108  -68.186  21.140 0.4000000060
4921  -31.943  -65.997  23.024 0.4000000060
5365  -32.628  -66.083  24.446 0.4000000060
6313  -36.136  -62.927  23.063 0.4000000060
6335  -33.655  -63.060  19.134 0.4000000060
6863  -38.365  -62.218  21.729 0.6000000238
6871  -38.477  -62.106  20.721 0.6000000238
6875  -35.507  -62.779  20.416 0.5000000000
6877  -38.328  -61.566  19.773 0.5000000000
6882  -35.372  -61.811  19.017 0.4000000060
7383  -37.803  -61.833  24.267 0.5000000000
7416  -40.672  -61.093  20.507 0.6000000238
7422  -37.676  -61.130  19.222 0.6000000238
8001  -39.570  -60.965  23.434 0.6000000238
8015  -42.594  -60.548  21.735 0.6999999881
8032  -41.590  -60.643  20.834 0.6000000238
8033  -41.791  -60.098  20.759 0.6000000238
8036  -36.988  -60.937  19.052 0.5000000000
8522  -41.601  -59.516  24.159 0.5000000000
8524  -44.048  -59.708  23.434 0.6999999881
8556  -38.877  -59.709  21.044 0.6000000238
8562  -44.355  -59.203  21.918 0.6999999881
9021  -43.209  -57.742  27.251 0.3000000119
9033  -44.684  -58.263  25.450 0.5000000000
9037  -37.040  -58.351  25.866 0.5000000000
9050  -38.743  -57.870  24.499 0.5000000000
9052  -41.427  -59.187  24.916 0.4000000060
9055  -46.125  -59.132  23.926 0.6000000238
9065  -45.929  -59.094  23.455 0.6000000238
9073  -44.814  -58.819  22.283 0.6999999881
9572  -43.127  -56.978  28.202 0.3000000119
9591  -47.651  -57.426  25.609 0.5000000000
9595  -37.850  -57.136  25.546 0.5000000000
9599  -47.654  -57.744  25.040 0.5000000000
9608  -47.408  -57.813  24.654 0.6000000238
9616  -44.690  -57.780  22.690 0.6000000238
9619  -41.045  -57.379  21.881 0.6000000238
9622  -41.460  -56.912  21.541 0.6999999881
9624  -42.604  -57.649  21.347 0.5000000000
9625  -43.298  -58.195  21.498 0.6000000238
10118  -42.606  -56.520  28.489 0.3000000119
10143  -46.252  -56.950  26.683 0.3000000119
10145  -48.538  -56.339  25.849 0.6000000238
10165  -44.267  -56.363  23.948 0.8000000119
10176  -40.473  -56.996  22.444 0.5000000000
10183  -42.750  -56.625  21.875 0.6000000238
10698  -48.003  -55.402  26.618 0.5000000000
10706  -48.469  -56.048  26.205 0.5000000000
10716  -48.856  -55.254  25.594 0.6000000238
10731  -47.211  -55.707  24.571 0.6999999881
10733  -48.612  -55.146  25.099 0.6000000238
10738  -37.943  -55.953  22.506 0.5000000000
10744  -39.799  -55.529  21.728 0.6000000238
11265  -46.561  -54.599  27.285 0.4000000060
11272  -48.297  -54.655  26.475 0.5000000000
11273  -48.947  -54.856  25.983 0.5000000000
11303  -39.153  -55.039  21.809 0.5000000000
11822  -47.613  -54.136  26.762 0.5000000000
11833  -48.683  -53.683  25.873 0.4000000060
11834  -49.085  -54.093  25.616 0.5000000000
11847  -44.863  -53.534  24.400 0.6000000238
11852  -49.612  -53.286  24.729 0.5000000000
11856  -38.329  -54.169  23.356 0.6000000238
12417  -47.806  -53.267  26.224 0.4000000060
12420  -37.946  -51.864  25.200 0.6000000238
12426  -49.635  -53.173  24.732 0.6000000238
12436  -42.320  -52.295  24.613 0.6999999881
12456  -49.412  -52.067  22.916 0.5000000000
13055  -41.180  -51.473  25.039 0.6999999881
13067  -45.030  -51.591  23.116 0.6999999881
13070  -50.190  -51.806  23.681 0.5000000000
13075  -45.661  -50.891  22.184 0.5000000000
13076  -46.318  -51.292  22.233 0.5000000000
13079  -50.241  -50.807  22.502 0.5000000000
13685  -40.826  -50.723  25.093 0.6000000238
13695  -37.070  -49.973  24.039 0.5000000000
13707  -46.373  -50.657  21.689 0.5000000000
13708  -50.418  -50.064  22.346 0.3000000119
13717  -50.424  -50.243  22.100 0.5000000000
14328  -38.466  -49.490  24.418 0.6000000238
14354  -42.949  -48.930  22.891 0.6000000238
14357  -45.575  -50.261  21.823 0.5000000000
14359  -49.030  -49.020  22.757 0.3000000119
14360  -50.232  -49.445  22.456 0.4000000060
14361  -50.620  -49.348  22.042 0.4000000060
14366  -38.310  -49.411  21.321 0.4000000060
14367  -45.672  -49.564  21.495 0.5000000000
14370  -49.624  -49.758  21.045 0.4000000060
14371  -50.337  -49.676  21.505 0.4000000060
14378  -47.316  -49.117  20.722 0.5000000000
14379  -48.300  -49.084  20.600 0.4000000060
14381  -50.302  -49.088  20.969 0.3000000119
14382  -50.603  -48.982  21.498 0.3000000119
14989  -42.032  -48.522  23.098 0.5000000000
14994  -38.859  -49.058  21.715 0.5000000000
15004  -50.654  -48.984  21.829 0.3000000119
15012  -45.280  -48.727  21.528 0.4000000060
15025  -50.324  -48.365  20.723 0.4000000060
15648  -50.371  -47.969  21.724 0.3000000119
15663  -39.289  -47.892  19.857 0.3000000119
15669  -46.916  -47.739  20.553 0.4000000060
15671  -50.707  -47.756  20.969 0.4000000060
15672  -41.337  -47.441  19.756 0.4000000060
16352  -45.175  -47.049  21.257 0.4000000060
16377  -50.389  -45.857  20.195 0.4000000060
17079  -44.937  -45.498  22.668 0.4000000060
17081  -46.466  -45.858  22.176 0.4000000060
17111  -50.371  -45.112  19.749 0.4000000060
17112  -43.121  -45.119  18.787 0.4000000060
17831  -50.316  -44.556  19.778 0.3000000119
17838  -48.997  -44.616  18.715 0.3000000119
17839  -50.061  -44.397  19.157 0.4000000060
17845  -48.485  -43.900  18.319 0.4000000060
18509  -44.500  -43.647  22.206 0.4000000060
18517  -46.490  -43.860  21.253 0.4000000060
18532  -49.480  -43.380  19.214 0.3000000119
18540  -49.229  -43.539  18.549 0.3000000119
20096  -45.944  -41.466  16.606 0.5000000000
20855  -41.338  -40.525  20.042 0.4000000060
21562  -40.428  -39.791  21.104 0.3000000119
107214  -42.296  -57.061  21.360 0.6000000238
107582  -46.171  -43.143  21.251 0.4000000060
110147  -32.505  -63.230  19.001 0.4000000060
110208  -46.519  -46.571  22.481 0.3000000119
112004  -44.957  -50.004  22.096 0.5000000000
113376  -31.313  -66.805  21.665 0.4000000060
113677  -48.898  -51.838  24.657 0.5000000000
114735  -34.426  -64.090  25.375 0.4000000060
115654  -33.936  -67.620  22.926 0.4000000060
115664  -43.554  -53.097  24.505 0.6999999881
115686  -40.308  -60.762  20.223 0.6000000238
115811  -35.214  -63.432  24.004 0.4000000060
116117  -40.411  -48.280  22.026 0.5000000000
116156  -41.529  -52.191  24.838 0.6999999881
116406  -44.001  -42.252  22.294 0.4000000060
116613  -46.210  -55.351  24.491 0.8000000119
116846  -32.620  -63.823  18.992 0.4000000060
117075  -36.809  -62.398  24.974 0.4000000060
118151  -40.482  -49.946  24.876 0.6000000238
119111  -50.060  -52.733  24.012 0.5000000000
119182  -50.263  -47.498  20.535 0.4000000060
120039  -40.604  -60.292  20.362 0.6000000238
120945  -39.863  -56.644  22.753 0.5000000000
123625  -36.352  -55.368  22.868 0.4000000060
124610  -42.080  -43.259  18.909 0.4000000060
124698  -31.656  -69.098  20.528 0.3000000119
126019  -45.243  -59.642  23.085 0.6999999881
126106  -42.014  -47.949  22.547 0.4000000060
126537  -48.694  -55.909  25.775 0.6000000238
126729  -39.810  -60.543  23.945 0.5000000000
126814  -39.185  -55.338  21.784 0.6000000238
127030  -37.315  -62.071  24.793 0.4000000060
