#!ascii label  , from subject sub-fsm30gy vox2ras=TkReg
990
50208  33.577  -9.477  70.878 0.0000000000
63626  40.869  4.834  54.646 0.0000000000
55965  34.184  -3.530  62.520 0.0000000000
48069  11.318  -11.755  78.422 0.0000000000
51180  26.175  -8.705  72.738 0.0000000000
59841  34.968  0.606  60.570 0.0000000000
49149  17.961  -10.109  73.829 0.0000000000
47053  15.004  -12.819  76.780 0.0000000000
48145  22.021  -11.221  72.878 0.0000000000
62667  45.454  3.626  54.731 0.0000000000
54049  31.823  -5.646  72.723 0.0000000000
54089  31.225  -5.065  68.526 0.0000000000
52245  36.332  -7.533  70.418 0.0000000000
67239  43.957  8.888  52.835 0.0000000000
65453  46.458  6.456  51.520 0.0000000000
65390  37.030  6.278  57.238 0.0000000000
61659  41.023  2.795  58.402 0.0000000000
107002  37.109  0.973  58.381 0.0000000000
56978  38.811  -2.703  61.243 0.0000000000
46207  31.184  -12.992  73.650 0.0000000000
43358  9.710  -16.361  80.417 0.0000000000
44297  6.472  -16.170  81.534 0.0000000000
121541  4.343  -13.887  84.527 0.0000000000
50212  29.405  -9.342  70.918 0.0000000000
47140  26.624  -12.252  72.391 0.0000000000
57861  29.716  -1.356  65.842 0.0000000000
56896  33.980  -2.438  67.331 0.0000000000
67266  49.215  8.849  48.769 0.0000000000
126443  42.977  3.965  54.590 0.0000000000
61713  42.670  2.682  55.893 0.0000000000
51219  33.939  -7.714  71.022 0.0000000000
53104  33.881  -6.737  70.332 0.0000000000
50206  35.115  -8.787  70.776 0.0000000000
66283  40.170  7.764  55.264 0.0000000000
67216  42.918  9.163  54.811 0.0000000000
66308  41.870  7.138  53.894 0.0000000000
65431  44.168  6.449  53.251 0.0000000000
41188  2.551  -18.544  84.378 0.0000000000
62626  36.963  4.387  58.041 0.0000000000
62581  35.722  3.373  59.555 0.0000000000
121184  34.122  -1.738  61.143 0.0000000000
57020  35.937  -1.903  60.038 0.0000000000
55986  36.400  -3.315  61.632 0.0000000000
55921  36.522  -4.060  64.256 0.0000000000
47070  13.058  -11.864  76.801 0.0000000000
125631  14.641  -14.114  78.618 0.0000000000
45245  12.255  -14.711  78.155 0.0000000000
44306  11.783  -15.885  80.345 0.0000000000
45224  10.146  -14.347  78.921 0.0000000000
46070  7.610  -13.943  81.737 0.0000000000
44262  4.905  -15.242  83.124 0.0000000000
50192  27.524  -9.174  71.621 0.0000000000
48166  27.804  -11.373  71.070 0.0000000000
49202  25.667  -10.482  70.977 0.0000000000
47104  21.018  -12.436  74.730 0.0000000000
108266  23.117  -12.823  75.257 0.0000000000
55854  34.710  -3.904  69.427 0.0000000000
119654  32.617  -3.240  68.096 0.0000000000
61634  35.700  2.097  60.796 0.0000000000
59807  34.465  0.879  62.360 0.0000000000
58880  32.510  -1.008  62.570 0.0000000000
47083  18.763  -12.277  75.103 0.0000000000
47050  17.528  -12.912  77.051 0.0000000000
48100  16.804  -11.418  74.975 0.0000000000
49129  14.682  -10.005  75.796 0.0000000000
50094  12.829  -9.573  77.609 0.0000000000
50196  23.601  -9.541  71.536 0.0000000000
107859  21.776  -8.542  72.278 0.0000000000
49147  19.685  -10.392  72.914 0.0000000000
54917  29.740  -4.303  72.576 0.0000000000
54952  28.881  -4.071  69.313 0.0000000000
54069  31.645  -6.092  69.879 0.0000000000
54079  34.084  -5.568  68.891 0.0000000000
68098  46.627  8.955  50.651 0.0000000000
66315  45.091  7.277  52.125 0.0000000000
64570  46.172  5.672  53.994 0.0000000000
64542  38.644  5.975  55.544 0.0000000000
62642  40.219  3.760  56.834 0.0000000000
62644  38.814  4.244  57.095 0.0000000000
60796  39.601  1.619  58.424 0.0000000000
114040  39.808  -0.621  59.210 0.0000000000
59853  36.151  0.020  58.865 0.0000000000
57017  38.017  -1.763  59.761 0.0000000000
48141  32.588  -11.601  72.076 0.0000000000
48139  34.152  -11.073  72.663 0.0000000000
67202  39.543  8.260  57.630 0.0000000000
48045  10.321  -11.386  80.302 0.0000000000
46098  9.044  -14.023  79.969 0.0000000000
43350  7.766  -16.879  81.080 0.0000000000
42315  6.822  -18.113  83.017 0.0000000000
41229  5.422  -18.317  82.847 0.0000000000
42335  4.088  -17.505  83.039 0.0000000000
43332  2.599  -16.715  83.341 0.0000000000
45132  1.241  -14.676  83.414 0.0000000000
50210  31.261  -9.330  70.836 0.0000000000
48163  30.331  -11.469  71.287 0.0000000000
47120  29.169  -12.851  73.165 0.0000000000
109083  24.324  -11.466  72.363 0.0000000000
56931  31.968  -2.912  63.725 0.0000000000
54971  29.520  -3.825  67.364 0.0000000000
55911  31.397  -3.355  65.324 0.0000000000
112049  33.800  -4.050  64.714 0.0000000000
50147  36.644  -9.578  73.303 0.0000000000
66363  49.766  7.379  47.444 0.0000000000
66336  47.782  6.772  49.764 0.0000000000
65467  49.185  5.901  49.204 0.0000000000
109359  41.686  4.893  54.418 0.0000000000
62670  42.639  3.525  54.839 0.0000000000
62654  41.339  3.425  55.497 0.0000000000
51237  33.858  -8.769  70.844 0.0000000000
51218  34.625  -8.247  70.697 0.0000000000
50188  34.071  -9.777  71.000 0.0000000000
65418  40.568  6.700  54.565 0.0000000000
66294  41.332  7.460  54.312 0.0000000000
64558  41.423  5.640  54.281 0.0000000000
64557  42.245  5.450  54.168 0.0000000000
42302  1.781  -17.912  84.152 0.0000000000
64508  35.824  5.061  59.479 0.0000000000
63548  36.015  4.367  60.520 0.0000000000
56964  33.871  -2.913  62.043 0.0000000000
56982  35.169  -2.733  61.121 0.0000000000
114356  35.109  -3.730  62.438 0.0000000000
55940  36.586  -3.985  63.375 0.0000000000
121663  35.258  -4.047  63.205 0.0000000000
47055  12.080  -12.465  77.530 0.0000000000
45263  12.555  -14.059  77.645 0.0000000000
47041  11.581  -13.041  77.866 0.0000000000
45246  11.440  -14.820  78.388 0.0000000000
47042  11.027  -12.585  78.511 0.0000000000
50172  26.791  -8.995  72.175 0.0000000000
50215  26.565  -9.717  70.894 0.0000000000
50194  25.749  -9.455  71.202 0.0000000000
47063  20.513  -13.039  76.198 0.0000000000
57804  29.428  -1.226  69.364 0.0000000000
55845  34.232  -2.924  69.527 0.0000000000
59808  33.594  0.317  62.388 0.0000000000
59794  33.273  0.746  63.213 0.0000000000
48115  18.344  -11.460  74.103 0.0000000000
48099  17.426  -11.775  75.011 0.0000000000
49139  17.420  -10.547  74.241 0.0000000000
50128  15.457  -9.556  75.488 0.0000000000
50111  14.438  -9.278  76.229 0.0000000000
49119  13.389  -10.532  76.654 0.0000000000
128079  22.901  -8.014  72.589 0.0000000000
51187  18.777  -9.138  73.581 0.0000000000
50154  19.854  -9.607  72.765 0.0000000000
112732  19.121  -10.604  73.269 0.0000000000
48114  19.042  -11.617  73.875 0.0000000000
54062  30.335  -5.547  71.130 0.0000000000
54061  31.832  -6.006  71.832 0.0000000000
52246  35.525  -7.505  70.282 0.0000000000
123427  34.353  -6.646  69.847 0.0000000000
53102  35.898  -6.883  69.924 0.0000000000
53109  36.250  -6.207  69.802 0.0000000000
53100  37.292  -6.602  70.612 0.0000000000
67227  43.029  9.006  53.907 0.0000000000
67248  44.937  8.885  51.886 0.0000000000
67249  44.410  8.506  52.338 0.0000000000
63636  44.889  5.189  54.188 0.0000000000
65430  44.973  6.230  53.188 0.0000000000
63635  45.668  5.173  54.267 0.0000000000
65399  37.594  6.744  56.697 0.0000000000
63601  38.409  4.828  56.519 0.0000000000
63602  37.760  5.198  56.852 0.0000000000
61663  37.218  2.423  58.317 0.0000000000
62605  37.883  3.204  58.061 0.0000000000
120341  38.001  1.063  58.335 0.0000000000
126290  40.048  0.038  58.864 0.0000000000
58934  38.237  0.052  58.580 0.0000000000
60783  35.368  1.334  60.305 0.0000000000
114757  35.527  1.974  60.007 0.0000000000
108944  35.200  -0.032  59.784 0.0000000000
56999  37.309  -2.478  60.541 0.0000000000
57018  37.227  -1.955  59.902 0.0000000000
56998  38.173  -2.276  60.414 0.0000000000
56997  39.248  -2.219  60.593 0.0000000000
47135  31.271  -12.266  72.397 0.0000000000
47133  32.958  -11.939  72.856 0.0000000000
66270  37.900  7.991  58.647 0.0000000000
116380  37.913  7.457  56.924 0.0000000000
66285  38.617  7.225  55.935 0.0000000000
47051  16.725  -12.819  76.899 0.0000000000
46141  15.620  -13.245  77.578 0.0000000000
43357  10.517  -16.223  80.312 0.0000000000
44295  10.923  -16.130  81.638 0.0000000000
43338  10.224  -16.488  81.896 0.0000000000
43339  9.510  -16.788  82.184 0.0000000000
48030  9.494  -11.674  81.472 0.0000000000
123145  9.765  -12.516  80.386 0.0000000000
47017  9.282  -12.548  81.043 0.0000000000
45174  6.662  -15.236  81.714 0.0000000000
45172  7.789  -14.410  80.967 0.0000000000
43351  6.912  -16.799  81.339 0.0000000000
42345  7.225  -17.407  81.694 0.0000000000
124588  6.608  -17.268  81.688 0.0000000000
41228  6.077  -18.201  82.629 0.0000000000
42346  6.002  -17.281  81.872 0.0000000000
45130  4.460  -14.520  83.858 0.0000000000
44283  4.662  -16.300  82.750 0.0000000000
44263  4.182  -15.543  83.276 0.0000000000
125089  3.413  -17.094  83.207 0.0000000000
44264  3.353  -15.884  83.310 0.0000000000
51199  30.896  -8.565  72.079 0.0000000000
51222  31.046  -8.927  71.170 0.0000000000
50211  30.364  -9.406  70.815 0.0000000000
48180  30.701  -10.769  70.905 0.0000000000
49198  29.380  -10.317  70.637 0.0000000000
47157  27.305  -11.951  71.769 0.0000000000
47156  28.228  -12.006  71.718 0.0000000000
106867  27.268  -12.635  72.862 0.0000000000
49160  22.504  -10.251  71.994 0.0000000000
48170  23.791  -10.782  71.934 0.0000000000
126360  23.578  -11.273  72.520 0.0000000000
47079  23.930  -12.873  75.182 0.0000000000
61680  40.530  3.276  58.026 0.0000000000
62621  41.464  3.302  57.496 0.0000000000
117287  41.829  2.918  58.582 0.0000000000
59782  30.688  -0.344  64.795 0.0000000000
58861  31.073  -0.659  64.106 0.0000000000
57870  30.647  -2.040  64.596 0.0000000000
54950  29.799  -4.887  68.871 0.0000000000
55866  29.011  -3.725  67.844 0.0000000000
54970  30.263  -4.303  67.623 0.0000000000
56882  33.449  -2.496  67.876 0.0000000000
127476  31.799  -3.525  66.748 0.0000000000
55892  32.987  -3.505  66.125 0.0000000000
55909  33.071  -3.946  65.030 0.0000000000
55891  34.009  -3.158  66.422 0.0000000000
55908  35.368  -3.825  65.516 0.0000000000
49157  35.315  -10.258  72.518 0.0000000000
67281  49.424  8.523  48.152 0.0000000000
66322  46.133  7.218  51.072 0.0000000000
67260  47.160  8.336  50.136 0.0000000000
65461  46.752  6.646  50.805 0.0000000000
64618  48.822  5.527  49.939 0.0000000000
64606  50.115  5.162  50.246 0.0000000000
51172  18.482  -8.530  74.295 0.0000000000
50141  17.409  -9.713  74.292 0.0000000000
116539  43.953  3.760  54.653 0.0000000000
61725  44.921  2.975  55.059 0.0000000000
61726  43.934  2.962  55.106 0.0000000000
54047  33.229  -6.327  72.539 0.0000000000
54059  33.115  -6.388  71.669 0.0000000000
52237  34.378  -7.513  70.646 0.0000000000
116824  35.169  -8.051  70.516 0.0000000000
51217  35.964  -8.773  70.994 0.0000000000
107057  43.022  9.107  56.112 0.0000000000
67229  41.444  8.231  54.692 0.0000000000
66293  41.940  7.983  54.048 0.0000000000
66306  43.113  7.657  53.268 0.0000000000
66317  43.898  7.243  52.930 0.0000000000
65433  42.580  6.922  53.612 0.0000000000
64556  43.145  5.276  54.147 0.0000000000
128387  3.043  -18.907  84.843 0.0000000000
66267  36.521  6.917  58.773 0.0000000000
115458  36.861  5.083  57.764 0.0000000000
64518  36.079  5.396  58.691 0.0000000000
118352  36.350  3.327  58.690 0.0000000000
60799  36.679  1.595  58.533 0.0000000000
58916  34.645  -1.282  60.516 0.0000000000
58915  35.169  -0.867  59.880 0.0000000000
57002  34.862  -2.075  60.741 0.0000000000
56981  36.010  -2.849  60.985 0.0000000000
55985  37.322  -3.307  61.783 0.0000000000
55962  37.656  -3.625  62.584 0.0000000000
107989  38.001  -3.894  64.211 0.0000000000
46196  30.275  -13.508  74.329 0.0000000000
46166  14.105  -12.906  76.771 0.0000000000
46142  14.585  -13.426  77.336 0.0000000000
46143  13.710  -13.527  77.212 0.0000000000
45244  13.198  -14.598  78.161 0.0000000000
44313  12.720  -15.358  79.295 0.0000000000
44314  11.271  -15.877  79.622 0.0000000000
44316  9.786  -15.501  79.480 0.0000000000
47010  8.251  -12.564  82.386 0.0000000000
46042  6.996  -13.386  83.044 0.0000000000
45150  6.276  -14.685  82.511 0.0000000000
44281  6.021  -15.606  82.119 0.0000000000
45128  5.975  -14.219  83.279 0.0000000000
45129  5.304  -14.417  83.604 0.0000000000
45107  4.656  -13.480  84.900 0.0000000000
50191  28.395  -9.332  71.031 0.0000000000
49199  28.621  -10.405  70.640 0.0000000000
50213  28.064  -9.798  70.700 0.0000000000
48184  27.119  -10.768  70.790 0.0000000000
48168  25.728  -11.286  71.371 0.0000000000
109037  21.453  -11.605  73.371 0.0000000000
48126  22.297  -11.805  73.612 0.0000000000
122016  21.777  -12.563  74.904 0.0000000000
59858  41.299  1.062  58.848 0.0000000000
57836  29.141  -1.505  67.110 0.0000000000
54087  32.784  -4.547  68.573 0.0000000000
55865  31.901  -3.834  67.947 0.0000000000
55855  33.597  -3.036  69.003 0.0000000000
56864  33.695  -2.557  68.540 0.0000000000
68095  49.268  9.841  49.797 0.0000000000
43334  0.055  -16.437  83.391 0.0000000000
60775  36.215  1.792  61.744 0.0000000000
60776  35.391  1.367  61.248 0.0000000000
59828  34.143  0.129  61.497 0.0000000000
58896  33.598  -0.463  61.747 0.0000000000
57898  33.529  -1.306  61.645 0.0000000000
56965  33.164  -2.497  62.316 0.0000000000
107207  19.663  -12.972  76.405 0.0000000000
47049  18.364  -13.002  77.181 0.0000000000
47064  18.064  -12.751  76.382 0.0000000000
47085  16.944  -12.012  75.581 0.0000000000
47086  16.013  -11.673  75.552 0.0000000000
50127  16.070  -9.926  75.034 0.0000000000
48101  15.482  -11.136  75.443 0.0000000000
48087  15.094  -11.636  75.881 0.0000000000
48089  13.540  -11.377  76.502 0.0000000000
48090  12.889  -11.151  76.942 0.0000000000
49107  12.273  -10.979  77.520 0.0000000000
51223  25.090  -8.951  71.689 0.0000000000
51202  23.529  -8.333  72.194 0.0000000000
51225  23.127  -8.928  71.772 0.0000000000
50174  21.938  -9.763  72.028 0.0000000000
51185  20.560  -8.202  73.044 0.0000000000
50153  20.616  -9.430  72.456 0.0000000000
48146  21.239  -10.947  72.764 0.0000000000
110108  20.206  -11.428  73.315 0.0000000000
47082  19.640  -12.499  75.145 0.0000000000
56818  29.258  -2.787  71.831 0.0000000000
56837  28.854  -2.738  70.356 0.0000000000
54930  29.182  -4.278  70.945 0.0000000000
54071  29.831  -5.287  70.369 0.0000000000
54081  30.999  -5.646  69.256 0.0000000000
53093  33.274  -6.537  70.566 0.0000000000
53105  32.669  -6.168  69.588 0.0000000000
54080  32.997  -5.514  68.788 0.0000000000
54948  34.446  -4.806  68.936 0.0000000000
54946  36.030  -4.951  69.752 0.0000000000
68085  45.873  9.781  51.812 0.0000000000
67255  45.420  8.410  51.428 0.0000000000
65454  45.759  6.861  51.819 0.0000000000
65445  44.629  6.873  52.705 0.0000000000
65444  45.389  6.598  52.563 0.0000000000
64541  39.338  5.583  55.221 0.0000000000
108625  40.226  4.408  55.288 0.0000000000
118968  39.492  4.765  55.512 0.0000000000
62643  39.517  4.043  56.961 0.0000000000
61681  39.708  3.296  58.013 0.0000000000
62625  37.667  4.039  57.870 0.0000000000
61682  38.826  3.174  58.013 0.0000000000
61660  40.133  2.605  58.308 0.0000000000
59859  40.621  0.536  58.830 0.0000000000
58924  41.337  -0.501  59.454 0.0000000000
61642  35.620  2.769  60.139 0.0000000000
60800  36.095  1.923  58.900 0.0000000000
59862  36.734  0.372  58.568 0.0000000000
58930  35.716  -0.431  59.357 0.0000000000
58928  37.042  -0.819  58.951 0.0000000000
58935  37.310  -0.206  58.641 0.0000000000
57937  39.246  -1.241  59.521 0.0000000000
49179  32.541  -10.418  71.030 0.0000000000
49159  33.846  -10.763  71.855 0.0000000000
48140  33.409  -11.372  72.326 0.0000000000
48124  33.735  -11.656  73.136 0.0000000000
67220  39.807  8.010  55.901 0.0000000000
66284  39.367  7.320  55.509 0.0000000000
49075  11.257  -10.398  79.228 0.0000000000
49058  10.948  -10.049  80.049 0.0000000000
48070  10.897  -11.917  78.982 0.0000000000
47033  10.014  -12.870  79.753 0.0000000000
46097  9.702  -13.719  79.483 0.0000000000
44317  9.154  -15.450  79.826 0.0000000000
46069  8.164  -13.685  81.243 0.0000000000
44307  8.494  -15.416  80.180 0.0000000000
115315  8.450  -16.590  80.741 0.0000000000
42330  8.029  -17.445  81.900 0.0000000000
42314  8.125  -17.540  82.834 0.0000000000
41208  4.541  -18.746  83.857 0.0000000000
43341  5.230  -17.081  82.276 0.0000000000
42334  4.798  -17.879  82.680 0.0000000000
127080  4.103  -18.467  83.519 0.0000000000
41209  3.640  -18.257  83.493 0.0000000000
41210  2.809  -17.944  83.557 0.0000000000
115522  1.741  -17.223  83.609 0.0000000000
45109  2.697  -13.970  84.294 0.0000000000
117114  1.670  -15.445  83.398 0.0000000000
120137  0.954  -16.608  83.507 0.0000000000
50209  32.978  -9.020  70.858 0.0000000000
50189  31.971  -8.920  70.996 0.0000000000
49195  32.036  -9.660  70.814 0.0000000000
49180  31.608  -10.571  70.943 0.0000000000
48162  31.231  -11.401  71.386 0.0000000000
47136  30.407  -12.411  72.415 0.0000000000
48165  28.686  -11.527  71.199 0.0000000000
47137  29.552  -12.475  72.411 0.0000000000
47119  30.043  -12.814  73.103 0.0000000000
50195  24.485  -9.640  71.291 0.0000000000
109854  25.153  -10.888  71.309 0.0000000000
47141  25.083  -11.892  72.679 0.0000000000
108377  24.092  -12.152  73.796 0.0000000000
47122  25.003  -12.368  73.621 0.0000000000
120806  25.848  -12.729  73.826 0.0000000000
108971  40.957  3.379  56.618 0.0000000000
59796  31.709  -0.086  63.698 0.0000000000
121734  31.999  -1.303  62.970 0.0000000000
55967  32.788  -2.788  62.792 0.0000000000
56866  28.669  -2.614  68.575 0.0000000000
56884  28.772  -2.520  67.758 0.0000000000
56900  29.379  -2.628  66.487 0.0000000000
55876  31.140  -4.047  67.388 0.0000000000
55895  30.407  -3.454  66.265 0.0000000000
56915  30.313  -2.462  65.284 0.0000000000
55926  31.644  -3.163  64.520 0.0000000000
55925  32.450  -3.602  64.285 0.0000000000
55923  34.147  -4.109  63.992 0.0000000000
55922  35.629  -4.070  64.600 0.0000000000
49176  35.087  -10.035  71.718 0.0000000000
50167  35.799  -9.748  72.058 0.0000000000
51195  36.905  -8.779  72.001 0.0000000000
50165  37.106  -8.998  72.840 0.0000000000
51215  37.255  -8.084  71.574 0.0000000000
127291  49.786  8.467  46.793 0.0000000000
67259  47.996  8.737  49.745 0.0000000000
67267  48.588  8.278  49.171 0.0000000000
64619  48.143  5.769  50.245 0.0000000000
65468  48.412  6.216  49.525 0.0000000000
65479  48.980  6.713  48.787 0.0000000000
66347  49.429  7.054  48.119 0.0000000000
64635  50.922  6.114  48.050 0.0000000000
63625  41.498  4.140  54.756 0.0000000000
64559  40.661  5.820  54.504 0.0000000000
42303  0.891  -17.858  84.716 0.0000000000
55988  34.675  -3.178  61.814 0.0000000000
55942  34.549  -3.951  63.193 0.0000000000
48080  11.849  -11.685  77.783 0.0000000000
124314  11.542  -12.300  77.982 0.0000000000
112276  11.074  -13.441  78.248 0.0000000000
106572  26.634  -9.328  71.313 0.0000000000
50193  25.941  -8.983  71.839 0.0000000000
46165  20.104  -13.170  76.914 0.0000000000
46164  20.800  -13.321  76.974 0.0000000000
113233  29.532  -1.571  70.777 0.0000000000
48130  18.062  -10.869  73.879 0.0000000000
48116  17.553  -11.292  74.461 0.0000000000
124522  18.476  -9.754  73.567 0.0000000000
106343  19.098  -9.839  73.174 0.0000000000
49148  18.569  -10.392  73.520 0.0000000000
48129  18.764  -11.066  73.620 0.0000000000
54050  30.981  -5.605  71.968 0.0000000000
53101  36.663  -6.759  70.199 0.0000000000
52244  37.016  -7.232  70.569 0.0000000000
67240  43.339  8.606  53.292 0.0000000000
68083  43.734  9.223  53.453 0.0000000000
115364  45.182  4.464  54.482 0.0000000000
63621  45.953  4.458  54.513 0.0000000000
41168  4.422  -19.044  85.612 0.0000000000
64536  37.514  6.003  56.596 0.0000000000
60798  37.404  1.628  58.337 0.0000000000
108284  35.347  0.690  59.787 0.0000000000
56979  37.816  -2.820  61.160 0.0000000000
47117  31.650  -12.661  73.171 0.0000000000
47098  31.885  -13.043  74.039 0.0000000000
66271  37.092  7.397  58.215 0.0000000000
66273  37.841  7.760  57.723 0.0000000000
66274  37.257  7.061  57.389 0.0000000000
47052  15.902  -12.768  76.823 0.0000000000
125557  16.339  -13.039  77.440 0.0000000000
43347  10.361  -16.462  81.041 0.0000000000
43348  9.598  -16.701  81.253 0.0000000000
127969  6.354  -16.824  81.612 0.0000000000
43352  5.869  -16.505  81.910 0.0000000000
45131  3.739  -14.894  83.691 0.0000000000
125211  30.040  -8.896  71.471 0.0000000000
49197  30.161  -10.153  70.653 0.0000000000
123139  29.627  -9.700  70.693 0.0000000000
127084  27.245  -12.337  72.325 0.0000000000
46211  27.296  -12.995  73.716 0.0000000000
47121  26.554  -12.702  73.296 0.0000000000
109855  22.453  -10.847  72.448 0.0000000000
48144  23.058  -10.787  72.224 0.0000000000
61679  41.401  3.242  58.105 0.0000000000
58843  29.921  -0.531  66.022 0.0000000000
59771  30.434  -0.024  65.525 0.0000000000
58853  30.161  -0.857  65.266 0.0000000000
58862  30.565  -1.215  64.604 0.0000000000
57860  30.136  -1.698  65.178 0.0000000000
54961  30.347  -4.740  68.337 0.0000000000
54969  31.085  -4.435  67.952 0.0000000000
56897  33.255  -2.864  67.120 0.0000000000
55890  34.987  -3.276  66.246 0.0000000000
68114  49.592  9.433  48.523 0.0000000000
127154  46.565  7.253  50.647 0.0000000000
51155  17.980  -8.180  75.048 0.0000000000
51173  17.625  -8.915  74.545 0.0000000000
63623  43.487  4.399  54.452 0.0000000000
62669  43.321  3.537  54.772 0.0000000000
62653  42.202  3.053  55.415 0.0000000000
121519  43.340  2.665  55.636 0.0000000000
52238  33.897  -7.154  71.356 0.0000000000
53092  33.651  -6.812  71.458 0.0000000000
67219  40.549  8.278  55.740 0.0000000000
67218  41.292  8.524  55.536 0.0000000000
67230  40.788  8.121  55.116 0.0000000000
67241  42.643  8.339  53.730 0.0000000000
66307  42.405  7.621  53.672 0.0000000000
65382  36.182  6.366  59.338 0.0000000000
65388  36.196  6.142  58.558 0.0000000000
111044  35.939  5.776  59.156 0.0000000000
63562  35.774  4.205  59.472 0.0000000000
63575  35.999  4.581  58.882 0.0000000000
62592  36.002  3.732  58.982 0.0000000000
61664  36.505  2.581  58.627 0.0000000000
61665  36.030  2.877  58.980 0.0000000000
55987  35.534  -3.275  61.638 0.0000000000
56980  36.886  -2.893  61.022 0.0000000000
55963  36.723  -3.723  62.486 0.0000000000
108034  37.291  -3.968  63.835 0.0000000000
55920  37.317  -3.948  64.691 0.0000000000
66266  37.142  7.591  59.171 0.0000000000
47069  13.654  -12.243  76.603 0.0000000000
46167  13.405  -12.963  76.909 0.0000000000
45262  13.283  -14.011  77.556 0.0000000000
45222  13.362  -14.975  79.030 0.0000000000
45223  12.733  -15.049  78.646 0.0000000000
44323  12.090  -15.289  78.745 0.0000000000
46118  10.841  -14.188  78.395 0.0000000000
44324  11.329  -15.469  78.944 0.0000000000
45247  10.677  -14.976  78.714 0.0000000000
44315  10.544  -15.613  79.265 0.0000000000
113570  10.066  -15.080  79.046 0.0000000000
45149  6.945  -14.156  82.219 0.0000000000
46057  6.491  -13.962  82.938 0.0000000000
46043  6.360  -13.591  83.574 0.0000000000
45106  5.010  -13.935  84.286 0.0000000000
50171  27.581  -8.894  72.668 0.0000000000
50170  28.412  -8.923  72.183 0.0000000000
50190  29.115  -9.057  71.499 0.0000000000
50214  27.392  -9.568  70.909 0.0000000000
50216  25.939  -9.858  70.884 0.0000000000
49201  26.479  -10.265  70.773 0.0000000000
48185  26.390  -11.024  70.999 0.0000000000
48111  21.647  -12.129  74.177 0.0000000000
58834  29.470  -0.792  67.294 0.0000000000
54949  33.851  -3.807  69.041 0.0000000000
54958  33.134  -3.747  68.692 0.0000000000
56835  34.762  -2.319  69.899 0.0000000000
56850  34.441  -2.298  69.374 0.0000000000
58879  33.110  -0.657  62.175 0.0000000000
57884  33.015  -1.663  62.144 0.0000000000
108306  19.235  -12.712  75.781 0.0000000000
126256  18.555  -12.613  75.846 0.0000000000
47066  16.374  -12.371  76.206 0.0000000000
50142  16.781  -9.287  74.869 0.0000000000
49140  16.752  -10.222  74.608 0.0000000000
111766  16.088  -9.212  75.315 0.0000000000
49128  15.423  -10.433  75.365 0.0000000000
48102  14.815  -10.958  75.722 0.0000000000
48088  14.281  -11.569  76.158 0.0000000000
49118  14.078  -10.738  76.144 0.0000000000
49105  13.320  -9.710  76.973 0.0000000000
49106  12.793  -10.337  77.239 0.0000000000
49092  12.225  -10.124  77.886 0.0000000000
51182  24.840  -8.170  73.115 0.0000000000
51183  24.135  -8.051  72.878 0.0000000000
52225  22.218  -7.976  72.625 0.0000000000
52224  22.589  -8.462  72.135 0.0000000000
115246  22.234  -9.021  71.935 0.0000000000
115470  21.407  -9.228  72.176 0.0000000000
123064  20.178  -8.864  72.752 0.0000000000
49162  20.311  -10.099  72.602 0.0000000000
49161  21.078  -10.118  72.388 0.0000000000
49146  20.368  -10.795  72.851 0.0000000000
48127  20.796  -11.369  73.167 0.0000000000
47107  18.690  -11.874  74.394 0.0000000000
47106  19.327  -12.087  74.430 0.0000000000
55826  29.380  -3.615  72.215 0.0000000000
55835  29.149  -3.613  71.423 0.0000000000
54929  29.440  -4.345  71.733 0.0000000000
54070  30.666  -5.794  70.184 0.0000000000
54082  30.137  -5.370  69.510 0.0000000000
53111  34.617  -6.221  69.365 0.0000000000
53112  33.711  -6.255  69.476 0.0000000000
54078  34.969  -5.570  69.158 0.0000000000
120152  36.944  -6.061  70.183 0.0000000000
54068  36.484  -5.505  69.950 0.0000000000
68070  43.798  9.362  55.432 0.0000000000
68903  46.525  10.133  51.732 0.0000000000
66324  44.905  8.073  51.857 0.0000000000
66323  45.502  7.631  51.510 0.0000000000
64571  45.364  5.722  53.796 0.0000000000
64587  45.890  6.123  53.221 0.0000000000
65443  46.152  6.380  52.334 0.0000000000
63609  38.768  5.165  55.750 0.0000000000
63600  39.069  4.480  56.254 0.0000000000
62622  39.994  3.619  57.548 0.0000000000
62623  39.256  3.754  57.606 0.0000000000
63589  37.422  4.783  57.516 0.0000000000
61662  38.180  2.211  58.215 0.0000000000
61661  39.228  2.454  58.240 0.0000000000
118340  40.577  1.634  58.583 0.0000000000
59860  39.855  0.719  58.619 0.0000000000
58925  40.623  -0.235  59.165 0.0000000000
57936  40.640  -0.935  59.578 0.0000000000
62580  35.747  3.674  60.247 0.0000000000
60790  35.676  1.345  59.385 0.0000000000
59863  36.178  0.908  58.771 0.0000000000
57922  35.365  -1.633  60.182 0.0000000000
57941  35.905  -1.290  59.599 0.0000000000
57939  37.534  -1.349  59.351 0.0000000000
57940  36.722  -1.351  59.411 0.0000000000
58927  37.873  -0.749  58.925 0.0000000000
57938  38.379  -1.288  59.380 0.0000000000
48161  32.139  -11.166  71.401 0.0000000000
48160  33.015  -10.971  71.561 0.0000000000
47115  33.308  -12.245  73.617 0.0000000000
67212  40.403  8.358  56.648 0.0000000000
67213  39.562  8.092  56.745 0.0000000000
65406  38.757  6.700  55.594 0.0000000000
65405  39.316  6.456  55.210 0.0000000000
46138  18.598  -13.250  77.956 0.0000000000
46139  17.779  -13.165  77.848 0.0000000000
46116  15.046  -13.728  78.148 0.0000000000
44294  11.691  -15.850  81.332 0.0000000000
50079  11.788  -9.852  78.695 0.0000000000
49059  10.503  -10.596  80.560 0.0000000000
49076  10.779  -10.888  79.800 0.0000000000
48060  10.626  -11.657  79.598 0.0000000000
47032  10.505  -12.399  79.300 0.0000000000
47024  10.177  -12.119  80.036 0.0000000000
47025  9.432  -13.171  80.228 0.0000000000
45225  9.470  -14.706  79.433 0.0000000000
45226  8.856  -14.808  79.902 0.0000000000
46056  7.956  -13.237  82.062 0.0000000000
47018  8.580  -12.933  81.620 0.0000000000
45199  7.810  -15.245  80.593 0.0000000000
43360  8.046  -16.110  80.512 0.0000000000
43349  8.747  -16.988  81.440 0.0000000000
42331  7.401  -17.750  82.421 0.0000000000
121586  7.588  -17.817  83.171 0.0000000000
41206  6.050  -18.476  83.274 0.0000000000
41207  5.335  -18.626  83.579 0.0000000000
41185  5.244  -18.824  84.438 0.0000000000
44282  5.340  -15.949  82.458 0.0000000000
43342  4.541  -17.156  82.714 0.0000000000
42316  4.156  -18.112  83.174 0.0000000000
42317  3.611  -17.851  83.274 0.0000000000
44248  3.030  -14.807  83.763 0.0000000000
44249  2.152  -14.716  83.670 0.0000000000
44266  0.789  -15.680  83.267 0.0000000000
112353  33.514  -8.232  71.188 0.0000000000
47153  30.740  -11.924  71.851 0.0000000000
47154  29.938  -12.017  71.796 0.0000000000
48183  28.420  -11.013  70.795 0.0000000000
48182  29.081  -11.023  70.798 0.0000000000
47138  28.661  -12.493  72.399 0.0000000000
47155  29.088  -12.051  71.750 0.0000000000
46209  29.736  -13.238  73.796 0.0000000000
115734  28.895  -13.325  73.932 0.0000000000
51224  24.155  -9.002  71.603 0.0000000000
112571  24.946  -9.384  71.320 0.0000000000
48169  24.528  -10.853  71.590 0.0000000000
107876  25.079  -11.426  71.829 0.0000000000
47103  22.560  -12.384  74.543 0.0000000000
47123  23.207  -11.954  73.798 0.0000000000
47102  23.566  -12.480  74.515 0.0000000000
47078  24.738  -12.996  75.184 0.0000000000
47101  24.433  -12.636  74.454 0.0000000000
47100  25.263  -12.838  74.472 0.0000000000
62655  40.480  3.731  55.804 0.0000000000
59780  32.034  0.724  64.097 0.0000000000
57869  31.071  -1.582  63.976 0.0000000000
58871  31.555  -1.005  63.466 0.0000000000
57877  31.705  -2.004  63.345 0.0000000000
56948  32.299  -2.620  63.146 0.0000000000
55846  28.750  -3.473  69.803 0.0000000000
56852  28.689  -2.699  69.439 0.0000000000
55856  28.657  -3.385  68.931 0.0000000000
55867  28.731  -3.263  68.099 0.0000000000
55878  29.010  -3.109  67.269 0.0000000000
56901  28.967  -2.263  67.054 0.0000000000
55896  29.658  -3.341  66.645 0.0000000000
55875  32.069  -3.505  67.465 0.0000000000
55893  32.017  -3.555  66.119 0.0000000000
55894  31.192  -3.517  66.085 0.0000000000
55912  30.637  -3.090  65.567 0.0000000000
56914  30.930  -2.762  64.828 0.0000000000
55924  33.302  -3.935  64.079 0.0000000000
114068  34.993  -4.168  63.922 0.0000000000
110784  34.620  -4.039  64.883 0.0000000000
49177  34.326  -10.210  71.443 0.0000000000
49158  34.609  -10.540  72.171 0.0000000000
49156  35.979  -9.920  72.912 0.0000000000
50185  36.251  -9.162  71.635 0.0000000000
50166  36.467  -9.394  72.442 0.0000000000
51194  37.511  -8.336  72.386 0.0000000000
52222  37.777  -7.600  71.989 0.0000000000
67293  49.611  8.252  47.405 0.0000000000
110167  49.717  9.002  47.284 0.0000000000
66362  50.261  7.071  47.039 0.0000000000
68091  46.989  9.800  51.005 0.0000000000
67268  47.780  7.782  49.637 0.0000000000
64617  49.578  5.435  49.688 0.0000000000
66335  48.401  7.261  49.173 0.0000000000
65478  49.601  6.369  48.503 0.0000000000
63624  42.458  4.410  54.488 0.0000000000
62671  41.983  3.606  54.915 0.0000000000
50207  34.293  -9.150  70.851 0.0000000000
50187  34.741  -9.621  71.130 0.0000000000
65419  39.968  7.037  54.926 0.0000000000
66295  40.713  7.549  54.720 0.0000000000
124471  40.938  7.084  54.413 0.0000000000
65417  41.231  6.579  54.233 0.0000000000
64575  41.999  6.309  53.975 0.0000000000
41189  1.815  -18.342  84.714 0.0000000000
64507  35.978  5.748  59.801 0.0000000000
64500  35.917  5.061  60.191 0.0000000000
127976  35.672  3.950  59.882 0.0000000000
56983  34.370  -2.505  61.410 0.0000000000
113911  35.915  -3.662  62.178 0.0000000000
55964  35.887  -3.969  62.865 0.0000000000
55941  35.811  -4.118  63.696 0.0000000000
47054  12.829  -12.612  77.053 0.0000000000
46145  12.269  -13.298  77.501 0.0000000000
45264  11.665  -13.986  77.921 0.0000000000
116563  10.418  -13.341  78.896 0.0000000000
47081  20.436  -12.690  75.324 0.0000000000
120972  21.337  -12.891  75.599 0.0000000000
126663  21.276  -13.199  76.417 0.0000000000
120173  29.179  -1.417  68.661 0.0000000000
55843  35.671  -4.040  69.979 0.0000000000
55844  34.931  -3.041  70.105 0.0000000000
59809  32.798  -0.050  62.768 0.0000000000
48098  18.076  -11.851  74.708 0.0000000000
48117  16.903  -10.920  74.606 0.0000000000
51139  15.676  -8.687  75.832 0.0000000000
50110  14.980  -9.173  75.901 0.0000000000
50112  13.939  -9.866  76.394 0.0000000000
51171  19.272  -8.456  73.723 0.0000000000
51170  19.867  -8.457  73.255 0.0000000000
51186  19.462  -9.031  73.128 0.0000000000
48128  19.542  -11.144  73.311 0.0000000000
54928  30.022  -5.024  71.953 0.0000000000
113997  31.286  -6.014  71.000 0.0000000000
53103  35.072  -6.885  69.871 0.0000000000
53110  35.448  -6.246  69.534 0.0000000000
68074  43.691  9.424  54.309 0.0000000000
68086  45.248  9.654  52.298 0.0000000000
68087  44.550  9.192  52.503 0.0000000000
66316  44.425  7.684  52.403 0.0000000000
64572  44.531  5.794  53.726 0.0000000000
63634  46.312  5.139  54.358 0.0000000000
65398  38.122  6.502  56.045 0.0000000000
64535  38.133  5.622  56.123 0.0000000000
63588  38.107  4.487  57.292 0.0000000000
62606  36.968  3.424  58.291 0.0000000000
60797  38.792  1.608  58.346 0.0000000000
59861  38.963  0.799  58.475 0.0000000000
58933  39.294  0.008  58.737 0.0000000000
59854  35.694  0.382  59.231 0.0000000000
57000  36.480  -2.338  60.366 0.0000000000
57019  36.433  -1.792  59.832 0.0000000000
57921  38.791  -1.775  59.937 0.0000000000
48142  31.776  -11.771  71.935 0.0000000000
47134  32.136  -12.167  72.612 0.0000000000
47116  32.487  -12.511  73.389 0.0000000000
67184  38.877  8.269  59.073 0.0000000000
67195  38.765  8.201  58.162 0.0000000000
128373  39.105  8.007  57.074 0.0000000000
66279  38.691  7.677  56.587 0.0000000000
117378  38.101  7.156  56.352 0.0000000000
46140  17.001  -13.090  77.667 0.0000000000
110615  16.473  -13.314  78.151 0.0000000000
43346  11.070  -16.140  80.799 0.0000000000
44280  10.776  -16.078  82.490 0.0000000000
43328  10.128  -16.400  82.780 0.0000000000
43340  8.785  -17.131  82.494 0.0000000000
48029  10.052  -11.145  81.046 0.0000000000
48046  9.877  -11.916  80.743 0.0000000000
46082  8.797  -13.431  80.745 0.0000000000
45173  7.274  -14.819  81.285 0.0000000000
44296  7.198  -15.966  80.966 0.0000000000
42332  6.538  -17.766  82.162 0.0000000000
42333  5.661  -17.813  82.344 0.0000000000
43331  4.026  -16.587  83.050 0.0000000000
49196  31.021  -9.951  70.692 0.0000000000
48181  29.860  -10.933  70.848 0.0000000000
47139  27.804  -12.422  72.352 0.0000000000
46210  28.157  -12.876  73.233 0.0000000000
108579  24.052  -10.164  71.392 0.0000000000
49182  23.239  -10.142  71.684 0.0000000000
46183  23.556  -13.124  75.829 0.0000000000
46182  24.203  -13.210  75.782 0.0000000000
108938  40.735  3.412  57.553 0.0000000000
56932  31.277  -2.414  64.108 0.0000000000
116835  29.229  -4.455  68.876 0.0000000000
54963  28.880  -3.923  68.506 0.0000000000
54962  29.500  -4.320  68.170 0.0000000000
56883  32.842  -2.953  67.722 0.0000000000
56898  32.479  -3.244  66.950 0.0000000000
55910  32.199  -3.675  65.252 0.0000000000
121635  33.842  -3.817  65.515 0.0000000000
122196  34.566  -3.704  65.736 0.0000000000
49145  34.826  -10.741  73.021 0.0000000000
48122  35.043  -10.970  73.822 0.0000000000
49144  35.503  -10.445  73.376 0.0000000000
49143  36.150  -10.104  73.761 0.0000000000
116738  49.633  8.985  47.890 0.0000000000
109005  49.439  7.764  47.904 0.0000000000
67261  46.412  7.950  50.611 0.0000000000
66330  47.061  7.253  50.212 0.0000000000
64607  49.374  5.271  50.508 0.0000000000
64627  49.883  5.787  48.952 0.0000000000
64616  50.350  5.400  49.470 0.0000000000
50155  18.091  -9.341  73.967 0.0000000000
51156  17.235  -8.496  75.191 0.0000000000
62668  44.640  3.653  54.718 0.0000000000
62652  42.998  2.953  55.244 0.0000000000
108660  43.852  2.539  55.783 0.0000000000
110789  32.581  -6.103  72.221 0.0000000000
53091  34.340  -7.084  70.473 0.0000000000
52247  34.913  -7.519  70.353 0.0000000000
51236  35.733  -8.167  70.590 0.0000000000
51235  36.349  -8.197  70.795 0.0000000000
67217  42.089  8.848  55.239 0.0000000000
67228  42.316  8.630  54.346 0.0000000000
67250  43.785  8.130  52.754 0.0000000000
65432  43.365  6.714  53.378 0.0000000000
64574  42.821  6.110  53.809 0.0000000000
64573  43.688  5.926  53.730 0.0000000000
64555  44.053  5.219  54.163 0.0000000000
63622  44.393  4.480  54.448 0.0000000000
41169  3.691  -19.105  85.088 0.0000000000
65391  36.632  6.597  57.920 0.0000000000
64528  36.504  5.727  57.878 0.0000000000
63574  36.452  4.886  58.296 0.0000000000
62607  36.450  4.057  58.550 0.0000000000
59842  34.619  -0.318  60.549 0.0000000000
57001  35.630  -2.283  60.523 0.0000000000
125683  38.208  -3.585  62.740 0.0000000000
55939  37.992  -3.797  63.331 0.0000000000
122061  37.260  -3.853  63.123 0.0000000000
46208  30.520  -13.128  73.705 0.0000000000
46195  31.029  -13.395  74.219 0.0000000000
47068  14.557  -12.248  76.346 0.0000000000
46117  14.075  -14.079  77.906 0.0000000000
46144  12.962  -13.451  77.225 0.0000000000
45221  14.012  -14.514  78.749 0.0000000000
43367  10.717  -16.001  79.791 0.0000000000
43368  10.128  -15.997  79.799 0.0000000000
43369  9.510  -15.930  79.890 0.0000000000
47011  7.647  -12.942  82.766 0.0000000000
122880  7.445  -13.494  82.392 0.0000000000
45151  5.611  -14.971  82.850 0.0000000000
46044  5.727  -13.799  83.959 0.0000000000
117582  28.906  -9.707  70.713 0.0000000000
120041  27.876  -10.538  70.691 0.0000000000
49200  27.246  -9.961  70.682 0.0000000000
126993  27.001  -11.397  71.158 0.0000000000
48167  26.460  -11.667  71.572 0.0000000000
47062  22.003  -13.182  76.223 0.0000000000
47080  22.276  -12.853  75.427 0.0000000000
46184  22.829  -13.137  76.018 0.0000000000
60795  41.454  2.127  58.800 0.0000000000
119003  29.470  -1.028  66.556 0.0000000000
54960  31.728  -4.342  68.198 0.0000000000
54959  32.443  -3.817  68.346 0.0000000000
55864  33.113  -3.142  68.477 0.0000000000
56865  33.139  -2.805  68.185 0.0000000000
108373  34.098  -2.111  68.103 0.0000000000
68105  48.861  9.164  49.392 0.0000000000
64599  46.850  6.066  52.034 0.0000000000
64610  47.129  5.987  51.232 0.0000000000
42318  0.571  -17.310  83.995 0.0000000000
61633  36.310  2.644  61.316 0.0000000000
59827  34.858  0.898  61.634 0.0000000000
126420  34.553  0.344  61.001 0.0000000000
58895  34.005  -0.859  61.104 0.0000000000
56984  33.623  -2.157  61.736 0.0000000000
107808  18.865  -12.896  76.472 0.0000000000
47084  17.858  -12.278  75.537 0.0000000000
47065  17.246  -12.548  76.269 0.0000000000
47067  15.463  -12.261  76.210 0.0000000000
49127  16.149  -10.873  74.966 0.0000000000
48079  12.479  -11.802  77.225 0.0000000000
51200  25.349  -8.593  72.467 0.0000000000
51201  24.507  -8.473  72.257 0.0000000000
50173  22.740  -9.560  71.758 0.0000000000
109890  21.846  -10.523  72.356 0.0000000000
51184  21.406  -8.033  72.796 0.0000000000
51203  20.962  -8.678  72.487 0.0000000000
48112  20.736  -11.890  73.842 0.0000000000
48113  19.798  -11.793  73.813 0.0000000000
47105  20.151  -12.280  74.519 0.0000000000
120608  19.907  -12.805  75.769 0.0000000000
117015  29.060  -2.033  70.447 0.0000000000
56819  29.021  -2.993  71.078 0.0000000000
55836  28.949  -3.557  70.636 0.0000000000
54939  28.983  -4.195  70.140 0.0000000000
54938  29.603  -4.944  71.132 0.0000000000
122945  29.342  -4.730  70.466 0.0000000000
54951  29.379  -4.796  69.637 0.0000000000
54090  30.459  -5.214  68.880 0.0000000000
54060  32.374  -6.300  70.979 0.0000000000
118052  31.957  -5.661  68.945 0.0000000000
54088  32.136  -4.908  68.491 0.0000000000
54086  33.556  -4.743  68.700 0.0000000000
54077  35.785  -5.585  69.544 0.0000000000
54947  35.305  -4.842  69.344 0.0000000000
68092  46.221  9.461  51.270 0.0000000000
68093  45.561  9.191  51.555 0.0000000000
67254  45.956  8.664  51.030 0.0000000000
123195  45.810  7.965  51.028 0.0000000000
63627  40.063  5.223  54.904 0.0000000000
62656  39.761  4.115  56.036 0.0000000000
64527  37.134  5.528  57.266 0.0000000000
62624  38.471  3.839  57.725 0.0000000000
59852  41.276  0.224  59.118 0.0000000000
61650  35.764  2.368  59.441 0.0000000000
127528  36.640  0.942  58.531 0.0000000000
58929  36.335  -0.707  59.117 0.0000000000
58936  36.670  -0.289  58.773 0.0000000000
117701  37.460  0.427  58.467 0.0000000000
58926  38.808  -0.665  59.024 0.0000000000
123575  39.985  -1.231  59.700 0.0000000000
57920  39.664  -1.701  60.089 0.0000000000
49194  32.916  -9.765  70.859 0.0000000000
49178  33.476  -10.230  71.127 0.0000000000
48123  34.426  -11.325  73.461 0.0000000000
66278  39.154  7.710  56.058 0.0000000000
64560  39.963  6.128  54.815 0.0000000000
49093  11.634  -10.847  78.324 0.0000000000
48059  11.062  -11.238  79.049 0.0000000000
45198  8.370  -14.415  80.435 0.0000000000
43359  8.869  -16.131  80.235 0.0000000000
113931  9.037  -16.620  80.727 0.0000000000
42301  6.681  -18.341  83.916 0.0000000000
41186  4.443  -18.992  84.721 0.0000000000
41230  4.692  -18.391  83.186 0.0000000000
41187  3.568  -18.764  84.104 0.0000000000
45108  3.644  -14.101  84.362 0.0000000000
44265  2.443  -15.668  83.415 0.0000000000
43333  1.724  -16.254  83.391 0.0000000000
55820  29.707  -3.515  72.983 0.0000000000
51220  32.822  -8.368  71.461 0.0000000000
110611  31.254  -11.855  71.887 0.0000000000
47118  30.856  -12.742  73.064 0.0000000000
48164  29.492  -11.537  71.245 0.0000000000
49203  25.266  -9.798  71.035 0.0000000000
49181  24.841  -10.270  71.142 0.0000000000
48143  25.790  -11.843  72.108 0.0000000000
106936  25.811  -12.335  72.972 0.0000000000
107127  22.907  -11.399  72.944 0.0000000000
48125  23.764  -11.721  73.083 0.0000000000
47142  24.463  -11.924  73.120 0.0000000000
47099  26.556  -13.011  74.143 0.0000000000
63608  40.836  4.021  55.117 0.0000000000
61702  41.840  2.965  56.391 0.0000000000
62641  42.143  3.232  57.494 0.0000000000
60794  42.157  2.325  59.037 0.0000000000
59779  32.857  1.133  63.873 0.0000000000
59795  32.458  0.374  63.426 0.0000000000
58870  32.147  -0.474  63.114 0.0000000000
57885  32.412  -2.013  62.672 0.0000000000
55966  33.392  -3.226  62.669 0.0000000000
57791  28.880  -2.160  69.872 0.0000000000
57805  28.908  -1.911  69.151 0.0000000000
57823  28.843  -1.924  68.244 0.0000000000
57837  28.899  -1.894  67.583 0.0000000000
57849  29.308  -1.835  66.432 0.0000000000
56916  29.736  -2.191  65.797 0.0000000000
55877  30.302  -3.880  66.929 0.0000000000
121760  31.149  -3.751  66.764 0.0000000000
56899  29.925  -2.927  65.919 0.0000000000
55944  32.808  -3.362  63.374 0.0000000000
55943  33.707  -3.763  63.262 0.0000000000
55907  36.464  -3.897  65.304 0.0000000000
50186  35.519  -9.419  71.335 0.0000000000
51216  36.629  -8.496  71.284 0.0000000000
50136  36.799  -9.746  74.148 0.0000000000
52236  36.917  -7.844  70.888 0.0000000000
52235  37.474  -7.271  71.175 0.0000000000
68097  47.469  9.263  50.350 0.0000000000
68096  48.385  9.535  50.045 0.0000000000
65460  47.461  6.206  50.415 0.0000000000
65469  47.917  6.172  49.976 0.0000000000
67282  49.038  7.790  48.539 0.0000000000
65494  49.931  6.744  47.761 0.0000000000
65477  50.211  6.209  48.218 0.0000000000
43356  11.093  -16.086  80.143 0.0000000000
56836  29.192  -2.293  71.054 0.0000000000
56851  34.024  -2.520  69.116 0.0000000000
57790  29.218  -1.611  69.969 0.0000000000
63549  35.735  4.409  60.004 0.0000000000
67214  38.630  7.937  57.332 0.0000000000
114677  45.254  2.612  55.463 0.0000000000
