#!ascii label  , from subject sub-fsm30gy vox2ras=TkReg
653
43267  24.055  -16.826  89.534 0.0000000000
58778  43.186  -0.846  72.137 0.0000000000
60645  51.958  1.077  70.111 0.0000000000
111380  43.563  -4.925  81.605 0.0000000000
44239  31.507  -16.001  84.249 0.0000000000
41118  28.468  -18.198  88.282 0.0000000000
120389  47.681  1.191  71.514 0.0000000000
59644  47.452  0.488  76.308 0.0000000000
128074  40.401  -8.261  83.392 0.0000000000
45070  35.687  -14.347  85.108 0.0000000000
62567  49.892  4.734  61.902 0.0000000000
59754  51.984  1.178  65.632 0.0000000000
55779  40.368  -3.353  78.092 0.0000000000
59628  42.254  0.992  78.427 0.0000000000
44209  27.947  -16.230  87.141 0.0000000000
43245  26.561  -17.090  89.238 0.0000000000
107011  45.509  0.072  71.635 0.0000000000
60611  48.056  1.091  73.897 0.0000000000
59675  45.556  0.704  74.589 0.0000000000
128160  40.806  -14.252  81.298 0.0000000000
42266  32.452  -17.428  86.920 0.0000000000
44224  33.806  -15.470  85.437 0.0000000000
42280  34.563  -17.290  85.753 0.0000000000
63524  50.035  5.953  63.780 0.0000000000
61615  51.961  3.432  63.533 0.0000000000
62533  51.795  3.921  64.014 0.0000000000
59737  49.288  1.382  68.014 0.0000000000
59756  49.924  0.535  66.186 0.0000000000
122541  51.830  1.778  68.209 0.0000000000
106571  53.208  1.686  66.711 0.0000000000
58821  53.523  -0.574  68.488 0.0000000000
53015  41.998  -6.495  83.019 0.0000000000
120006  41.000  -5.411  80.874 0.0000000000
55749  41.357  -3.099  81.149 0.0000000000
117007  39.824  -0.682  78.485 0.0000000000
57669  42.273  -1.076  81.052 0.0000000000
57690  43.794  -0.381  78.554 0.0000000000
54860  43.686  -4.488  79.908 0.0000000000
43293  30.009  -16.777  87.402 0.0000000000
59739  47.399  0.837  68.334 0.0000000000
115228  49.607  1.770  71.244 0.0000000000
60608  50.196  0.923  72.984 0.0000000000
58717  49.168  -0.397  74.793 0.0000000000
47969  37.703  -11.959  84.537 0.0000000000
47967  39.967  -10.972  84.425 0.0000000000
49016  42.575  -10.500  82.630 0.0000000000
50023  44.195  -9.760  81.259 0.0000000000
52127  43.958  -8.142  79.363 0.0000000000
47000  36.026  -12.981  83.806 0.0000000000
44236  37.464  -15.164  84.782 0.0000000000
61637  49.288  2.684  60.659 0.0000000000
61593  50.785  3.119  64.488 0.0000000000
60708  53.831  2.628  64.884 0.0000000000
59764  54.615  0.780  65.606 0.0000000000
58719  42.833  -0.587  75.054 0.0000000000
60568  44.544  1.546  77.644 0.0000000000
114842  45.800  -1.199  77.479 0.0000000000
41091  24.198  -17.530  89.837 0.0000000000
43246  25.736  -16.951  89.343 0.0000000000
41103  25.673  -18.164  89.349 0.0000000000
58777  44.546  -0.356  71.631 0.0000000000
59689  45.740  0.435  73.682 0.0000000000
58765  44.386  -0.310  73.329 0.0000000000
124574  33.065  -17.229  86.560 0.0000000000
63517  49.866  5.641  64.170 0.0000000000
63516  50.408  5.155  64.133 0.0000000000
63505  50.190  4.935  64.437 0.0000000000
60655  50.994  1.801  69.336 0.0000000000
60664  51.107  1.777  68.539 0.0000000000
60663  51.647  1.710  68.850 0.0000000000
59736  52.829  1.061  68.778 0.0000000000
113432  43.227  -5.983  82.247 0.0000000000
54832  41.908  -4.823  82.228 0.0000000000
54831  42.489  -3.922  81.923 0.0000000000
57660  41.658  -1.971  81.382 0.0000000000
55738  43.276  -3.436  81.349 0.0000000000
55748  43.400  -2.883  80.606 0.0000000000
54843  43.846  -4.735  81.030 0.0000000000
106122  28.860  -16.333  87.006 0.0000000000
43261  29.662  -17.220  87.846 0.0000000000
42252  30.171  -17.757  87.748 0.0000000000
59721  46.354  0.402  70.322 0.0000000000
59740  46.504  0.395  68.516 0.0000000000
59720  47.038  0.884  69.985 0.0000000000
123344  48.575  1.422  69.452 0.0000000000
115390  48.601  1.530  71.334 0.0000000000
60636  50.167  1.589  71.964 0.0000000000
60624  49.102  1.443  72.876 0.0000000000
60588  47.390  0.996  75.366 0.0000000000
59673  48.801  0.592  74.564 0.0000000000
59643  48.077  0.117  75.870 0.0000000000
57730  48.337  -0.969  75.568 0.0000000000
57718  47.820  -1.092  76.248 0.0000000000
46014  39.020  -13.375  84.298 0.0000000000
46987  38.894  -12.020  84.617 0.0000000000
46033  39.676  -13.292  83.753 0.0000000000
47005  41.655  -12.534  82.503 0.0000000000
49015  43.247  -10.116  82.136 0.0000000000
45072  34.543  -15.071  85.201 0.0000000000
45114  34.826  -14.590  84.358 0.0000000000
45091  35.967  -13.829  84.855 0.0000000000
46001  36.692  -13.461  85.126 0.0000000000
44221  36.201  -14.705  85.306 0.0000000000
63533  50.200  6.067  62.829 0.0000000000
62576  49.700  3.896  61.092 0.0000000000
60733  53.541  2.768  63.652 0.0000000000
59755  50.979  0.659  65.887 0.0000000000
59776  50.105  0.504  64.559 0.0000000000
59775  50.932  0.918  64.663 0.0000000000
60712  50.418  1.754  64.272 0.0000000000
60711  51.320  1.757  64.554 0.0000000000
60710  52.385  2.334  64.729 0.0000000000
123968  52.553  1.723  65.117 0.0000000000
58828  54.182  -0.037  67.070 0.0000000000
59753  54.268  0.918  66.355 0.0000000000
49996  39.669  -9.229  83.693 0.0000000000
110531  39.970  -7.878  81.213 0.0000000000
112693  40.904  -4.438  79.666 0.0000000000
113502  40.681  -5.570  79.077 0.0000000000
59609  40.814  0.416  78.624 0.0000000000
58687  39.903  -0.313  77.563 0.0000000000
59648  41.080  0.171  77.408 0.0000000000
58721  41.839  -0.595  75.914 0.0000000000
59647  42.757  0.782  77.011 0.0000000000
60581  44.177  1.328  76.475 0.0000000000
60569  43.772  1.495  77.795 0.0000000000
56734  43.472  -2.576  77.471 0.0000000000
57706  44.325  -1.220  77.679 0.0000000000
56744  44.374  -2.842  76.668 0.0000000000
120400  46.641  -2.985  76.524 0.0000000000
44180  27.710  -16.603  88.348 0.0000000000
42236  27.619  -17.546  88.756 0.0000000000
40047  27.302  -18.590  88.209 0.0000000000
108097  26.911  -18.345  88.715 0.0000000000
59715  46.273  0.405  71.201 0.0000000000
59701  47.570  1.095  72.390 0.0000000000
59688  46.570  0.715  73.460 0.0000000000
59674  46.413  0.862  74.400 0.0000000000
60589  46.699  1.270  75.746 0.0000000000
44206  31.843  -16.366  86.410 0.0000000000
44238  32.321  -15.899  84.775 0.0000000000
117129  33.158  -15.801  85.925 0.0000000000
43288  33.897  -15.999  86.009 0.0000000000
43304  34.638  -16.097  85.693 0.0000000000
42278  35.963  -16.658  85.190 0.0000000000
42279  35.372  -17.646  85.238 0.0000000000
62557  50.071  5.064  62.728 0.0000000000
61617  50.237  4.098  62.788 0.0000000000
62556  50.543  4.986  63.779 0.0000000000
61606  51.772  3.962  64.029 0.0000000000
61604  53.138  3.202  64.090 0.0000000000
59747  48.565  1.006  67.347 0.0000000000
59746  49.559  1.066  67.171 0.0000000000
59745  50.644  1.106  66.997 0.0000000000
60681  51.683  1.299  66.803 0.0000000000
60679  53.062  1.656  66.309 0.0000000000
60671  52.592  1.657  67.357 0.0000000000
59735  53.776  0.390  67.778 0.0000000000
52078  41.049  -7.546  83.372 0.0000000000
53024  40.667  -6.862  82.536 0.0000000000
53023  41.172  -6.351  82.680 0.0000000000
54855  41.321  -4.606  81.164 0.0000000000
55762  40.771  -2.716  80.127 0.0000000000
56723  40.005  -2.272  78.434 0.0000000000
56702  40.807  -1.966  80.589 0.0000000000
58626  41.215  -0.634  80.653 0.0000000000
58644  42.129  0.247  80.129 0.0000000000
59606  43.015  0.895  79.146 0.0000000000
57679  42.906  -0.580  79.941 0.0000000000
55761  43.342  -2.833  79.188 0.0000000000
112431  43.230  -3.970  77.642 0.0000000000
44229  28.259  -15.847  85.394 0.0000000000
44228  29.496  -16.073  85.473 0.0000000000
44227  30.385  -16.238  85.877 0.0000000000
43277  31.230  -17.087  87.313 0.0000000000
41132  31.365  -18.307  87.353 0.0000000000
59738  48.291  1.172  68.133 0.0000000000
60657  49.469  1.685  69.585 0.0000000000
112560  50.873  1.692  70.279 0.0000000000
60635  50.752  1.239  71.831 0.0000000000
59700  50.813  0.558  72.462 0.0000000000
58752  50.492  -0.464  73.303 0.0000000000
60610  48.817  1.144  73.582 0.0000000000
59672  49.484  0.340  74.201 0.0000000000
48003  37.479  -11.624  83.334 0.0000000000
49004  38.543  -10.486  83.819 0.0000000000
49003  39.258  -9.933  84.101 0.0000000000
49980  40.281  -9.460  84.152 0.0000000000
46031  40.996  -12.907  82.786 0.0000000000
119532  41.244  -11.171  83.551 0.0000000000
49995  41.381  -9.416  83.784 0.0000000000
51045  42.701  -8.708  82.834 0.0000000000
51044  43.338  -8.350  82.299 0.0000000000
52105  44.144  -7.052  81.476 0.0000000000
53039  44.367  -7.006  80.534 0.0000000000
125591  44.438  -9.090  80.524 0.0000000000
47970  37.071  -12.351  84.440 0.0000000000
46000  37.535  -12.980  84.856 0.0000000000
44235  38.124  -14.964  84.370 0.0000000000
119474  37.140  -16.048  84.649 0.0000000000
43313  37.806  -16.015  84.143 0.0000000000
62588  50.351  3.579  59.965 0.0000000000
62547  49.629  4.139  64.497 0.0000000000
62534  51.111  4.161  64.276 0.0000000000
61591  52.676  3.295  64.193 0.0000000000
61589  53.916  2.805  64.606 0.0000000000
60687  53.857  2.175  65.378 0.0000000000
123319  54.159  2.472  64.921 0.0000000000
60731  54.585  1.997  64.384 0.0000000000
53042  40.300  -6.837  80.070 0.0000000000
58754  42.122  -1.296  73.240 0.0000000000
58753  43.689  -0.583  73.540 0.0000000000
59677  43.893  0.139  75.056 0.0000000000
60591  45.058  1.497  76.229 0.0000000000
60566  46.116  1.286  77.173 0.0000000000
58663  44.347  0.468  78.505 0.0000000000
59625  45.480  0.577  77.972 0.0000000000
58684  47.008  -0.445  77.094 0.0000000000
56730  47.267  -1.970  76.861 0.0000000000
53040  43.971  -6.428  79.829 0.0000000000
53047  43.399  -6.295  78.526 0.0000000000
41092  23.876  -18.058  90.024 0.0000000000
42221  23.503  -17.235  89.933 0.0000000000
43247  24.827  -17.106  89.521 0.0000000000
42220  25.195  -17.580  89.536 0.0000000000
106326  43.904  -0.619  72.065 0.0000000000
112838  44.467  -0.348  72.524 0.0000000000
58766  43.785  -0.618  72.751 0.0000000000
108489  49.307  4.886  64.406 0.0000000000
60654  51.483  1.549  69.676 0.0000000000
106956  52.140  1.413  69.230 0.0000000000
59728  52.584  0.388  69.738 0.0000000000
53990  43.689  -5.680  81.705 0.0000000000
53979  43.087  -5.155  82.148 0.0000000000
54830  43.037  -4.388  81.947 0.0000000000
54845  43.003  -3.803  81.740 0.0000000000
54844  43.435  -4.174  81.459 0.0000000000
53998  44.018  -5.545  81.186 0.0000000000
42235  28.371  -17.744  88.485 0.0000000000
43279  28.996  -16.901  88.093 0.0000000000
42234  28.970  -17.939  88.266 0.0000000000
41117  29.270  -18.201  87.976 0.0000000000
59714  46.978  0.839  70.851 0.0000000000
60650  47.782  1.225  70.584 0.0000000000
60638  48.435  1.420  72.224 0.0000000000
59660  47.781  0.698  75.653 0.0000000000
57717  48.115  -0.515  75.908 0.0000000000
58701  47.618  -0.342  76.480 0.0000000000
45088  39.057  -14.054  83.916 0.0000000000
127199  39.350  -13.684  83.833 0.0000000000
45071  35.033  -14.765  85.175 0.0000000000
45092  34.969  -14.631  84.963 0.0000000000
127862  35.453  -14.327  84.963 0.0000000000
46018  35.475  -14.186  84.702 0.0000000000
45069  36.395  -13.939  85.107 0.0000000000
63546  50.146  5.109  61.741 0.0000000000
61628  49.694  3.895  61.672 0.0000000000
59766  51.029  0.670  65.052 0.0000000000
59765  51.716  1.257  64.892 0.0000000000
58837  54.138  -1.082  66.875 0.0000000000
58836  54.522  -0.325  66.308 0.0000000000
51032  40.192  -8.781  83.708 0.0000000000
51060  39.841  -8.346  82.180 0.0000000000
52093  40.363  -7.708  82.944 0.0000000000
114667  40.689  -3.924  78.800 0.0000000000
55790  40.218  -3.724  77.123 0.0000000000
59608  41.572  0.850  78.954 0.0000000000
59630  40.560  0.114  77.840 0.0000000000
59629  41.343  0.627  78.202 0.0000000000
58702  41.880  0.117  76.810 0.0000000000
107940  42.045  0.682  77.674 0.0000000000
106244  42.959  1.212  77.824 0.0000000000
59627  43.218  1.194  78.468 0.0000000000
55778  43.382  -3.337  77.089 0.0000000000
56733  43.859  -2.202  77.178 0.0000000000
55789  43.841  -3.519  76.553 0.0000000000
55788  45.103  -3.640  76.304 0.0000000000
43264  26.452  -16.638  88.987 0.0000000000
44181  27.009  -16.404  88.427 0.0000000000
43244  27.262  -16.982  88.900 0.0000000000
42218  26.949  -17.540  89.138 0.0000000000
41119  27.271  -17.966  88.880 0.0000000000
41102  26.577  -18.072  89.159 0.0000000000
58792  44.990  -0.178  70.991 0.0000000000
58807  44.997  -0.253  70.277 0.0000000000
59722  45.629  0.069  70.712 0.0000000000
120617  46.255  0.438  71.953 0.0000000000
59702  46.752  0.732  72.561 0.0000000000
59703  45.858  0.282  72.666 0.0000000000
60602  46.179  1.148  75.239 0.0000000000
123750  32.097  -16.552  86.659 0.0000000000
44205  32.555  -16.234  86.265 0.0000000000
43290  32.642  -16.694  86.531 0.0000000000
42264  33.742  -17.505  86.281 0.0000000000
43289  33.447  -16.642  86.305 0.0000000000
118620  34.058  -16.658  86.090 0.0000000000
120050  35.206  -16.729  85.509 0.0000000000
64469  49.561  6.349  63.760 0.0000000000
64476  49.786  6.845  63.346 0.0000000000
62546  51.044  4.411  64.109 0.0000000000
61605  52.373  3.636  64.001 0.0000000000
60673  51.329  1.623  67.783 0.0000000000
60672  52.128  1.711  67.636 0.0000000000
126916  52.207  1.734  67.911 0.0000000000
124975  53.393  0.490  68.415 0.0000000000
58829  53.852  -0.855  67.641 0.0000000000
52077  41.631  -7.317  83.296 0.0000000000
125479  41.803  -6.136  82.843 0.0000000000
54846  41.885  -3.946  81.871 0.0000000000
54847  41.654  -4.672  81.804 0.0000000000
109646  41.539  -3.808  81.406 0.0000000000
112156  41.140  -3.672  80.598 0.0000000000
125127  41.104  -2.701  80.767 0.0000000000
57659  42.112  -1.805  81.430 0.0000000000
57671  41.170  -1.479  80.955 0.0000000000
57670  41.705  -1.162  81.134 0.0000000000
58645  41.440  0.124  80.197 0.0000000000
58625  41.865  -0.423  80.712 0.0000000000
58624  42.425  -0.433  80.418 0.0000000000
57668  42.754  -1.176  80.668 0.0000000000
125661  43.556  -3.552  79.980 0.0000000000
56712  43.215  -1.994  79.756 0.0000000000
55771  43.212  -3.066  77.955 0.0000000000
119295  43.345  -3.746  78.826 0.0000000000
44210  27.360  -15.914  86.474 0.0000000000
44230  27.512  -15.714  85.575 0.0000000000
110932  28.127  -16.094  86.274 0.0000000000
126463  29.609  -16.496  87.136 0.0000000000
44208  29.564  -16.303  86.453 0.0000000000
124370  30.234  -16.454  86.855 0.0000000000
44207  31.034  -16.427  86.589 0.0000000000
43292  30.755  -16.685  87.165 0.0000000000
59729  47.994  1.183  68.916 0.0000000000
60649  48.824  1.583  70.328 0.0000000000
60648  49.965  1.835  70.406 0.0000000000
113047  50.483  1.652  71.184 0.0000000000
60647  51.147  1.322  71.085 0.0000000000
60623  49.833  1.376  72.633 0.0000000000
60622  50.378  1.190  72.401 0.0000000000
59686  50.451  0.226  73.214 0.0000000000
60626  47.446  0.969  73.284 0.0000000000
60625  48.286  1.251  73.087 0.0000000000
59658  49.122  0.092  74.818 0.0000000000
58734  49.598  -0.281  74.321 0.0000000000
57743  49.391  -0.725  74.467 0.0000000000
47986  37.381  -11.813  84.162 0.0000000000
48002  38.032  -11.042  83.076 0.0000000000
47985  37.969  -11.222  84.147 0.0000000000
46986  39.733  -11.852  84.347 0.0000000000
48989  39.169  -11.254  84.548 0.0000000000
48988  39.464  -10.449  84.394 0.0000000000
128152  39.783  -9.819  84.259 0.0000000000
48987  40.143  -10.141  84.345 0.0000000000
46032  40.304  -13.395  83.070 0.0000000000
46048  40.975  -13.518  82.212 0.0000000000
47004  42.322  -12.179  82.186 0.0000000000
48001  41.684  -11.765  82.891 0.0000000000
47983  41.891  -10.869  83.114 0.0000000000
49001  41.339  -10.291  83.755 0.0000000000
49000  42.015  -9.954  83.322 0.0000000000
49994  42.051  -9.053  83.398 0.0000000000
50008  42.660  -9.590  82.769 0.0000000000
50024  43.737  -9.708  81.722 0.0000000000
50007  43.323  -9.216  82.241 0.0000000000
51059  43.939  -8.824  81.649 0.0000000000
52106  43.783  -7.778  81.863 0.0000000000
51072  44.374  -8.971  81.057 0.0000000000
118952  44.446  -8.336  80.722 0.0000000000
50038  44.408  -9.801  80.699 0.0000000000
107932  33.005  -15.727  85.369 0.0000000000
118881  32.227  -15.875  83.826 0.0000000000
44237  33.227  -15.573  84.493 0.0000000000
46034  35.790  -13.464  83.896 0.0000000000
47008  36.154  -12.991  83.435 0.0000000000
47007  36.569  -12.777  82.468 0.0000000000
46998  36.825  -12.250  83.594 0.0000000000
46999  36.498  -12.747  84.239 0.0000000000
45068  37.108  -13.572  85.064 0.0000000000
46978  37.018  -13.040  84.873 0.0000000000
45090  37.669  -14.258  84.899 0.0000000000
46016  37.783  -13.540  84.906 0.0000000000
124476  36.568  -16.086  85.017 0.0000000000
43323  38.152  -16.377  83.423 0.0000000000
62589  49.652  3.215  60.266 0.0000000000
60779  48.832  1.753  59.888 0.0000000000
60752  50.741  3.111  62.732 0.0000000000
59768  49.167  0.177  65.553 0.0000000000
58847  49.281  0.068  64.697 0.0000000000
118932  48.946  2.207  63.671 0.0000000000
61607  49.816  2.470  64.190 0.0000000000
116513  49.192  3.166  64.175 0.0000000000
118717  49.952  3.469  64.472 0.0000000000
62535  50.453  4.250  64.496 0.0000000000
60709  53.318  2.550  64.865 0.0000000000
61590  53.562  2.885  64.454 0.0000000000
121820  53.413  1.767  65.845 0.0000000000
60686  54.211  1.797  65.576 0.0000000000
122198  54.543  1.724  65.059 0.0000000000
59774  54.843  0.865  64.785 0.0000000000
53034  40.757  -6.084  81.341 0.0000000000
53035  40.346  -6.689  80.937 0.0000000000
119370  40.636  -6.106  80.482 0.0000000000
113743  39.759  -1.297  78.596 0.0000000000
58722  39.838  -0.561  76.063 0.0000000000
58735  42.039  -1.313  74.258 0.0000000000
106371  42.988  -0.969  73.865 0.0000000000
113018  43.564  -0.446  74.319 0.0000000000
128108  44.172  1.581  77.250 0.0000000000
122360  44.811  1.704  76.979 0.0000000000
60580  45.607  1.597  76.742 0.0000000000
60567  45.317  1.490  77.413 0.0000000000
109158  43.230  -0.178  79.330 0.0000000000
58664  43.482  0.466  79.011 0.0000000000
58686  45.075  -0.151  78.069 0.0000000000
58685  46.206  -0.339  77.573 0.0000000000
57705  46.870  -1.296  77.224 0.0000000000
57704  47.417  -1.200  76.788 0.0000000000
55786  46.749  -3.291  76.198 0.0000000000
52126  44.378  -7.824  80.285 0.0000000000
116317  44.159  -7.321  79.838 0.0000000000
43265  25.737  -16.461  88.942 0.0000000000
42219  26.152  -17.570  89.367 0.0000000000
41104  24.608  -18.237  89.586 0.0000000000
59716  45.091  -0.086  72.305 0.0000000000
59704  45.107  -0.054  73.078 0.0000000000
108548  45.006  0.076  73.967 0.0000000000
42265  33.045  -17.964  86.664 0.0000000000
41145  33.584  -18.518  86.171 0.0000000000
124152  50.652  4.677  64.306 0.0000000000
60665  50.103  1.703  68.853 0.0000000000
60674  50.337  1.528  67.926 0.0000000000
60662  52.293  1.672  68.269 0.0000000000
53022  42.663  -6.416  82.617 0.0000000000
53980  42.298  -5.668  82.588 0.0000000000
122174  42.142  -4.126  82.029 0.0000000000
55740  41.715  -3.093  81.557 0.0000000000
125793  41.678  -2.530  81.466 0.0000000000
55730  42.108  -3.477  81.798 0.0000000000
55739  42.604  -3.190  81.640 0.0000000000
56689  43.029  -2.614  81.270 0.0000000000
56700  43.095  -1.947  80.738 0.0000000000
122075  43.653  -3.869  80.865 0.0000000000
43278  29.311  -16.672  87.635 0.0000000000
121265  30.445  -17.228  87.515 0.0000000000
59732  45.701  0.047  69.854 0.0000000000
59731  46.424  0.403  69.460 0.0000000000
59730  47.160  0.849  69.144 0.0000000000
60658  47.846  1.208  69.714 0.0000000000
60637  49.350  1.636  72.084 0.0000000000
60600  47.720  0.970  74.651 0.0000000000
60599  48.441  0.896  74.255 0.0000000000
60587  48.107  0.826  74.976 0.0000000000
59659  48.467  0.398  75.242 0.0000000000
58718  48.657  -0.264  75.353 0.0000000000
57729  48.908  -0.691  74.999 0.0000000000
57731  47.788  -1.643  76.040 0.0000000000
46988  38.087  -12.365  84.704 0.0000000000
47968  38.417  -11.590  84.535 0.0000000000
112281  38.726  -12.681  84.597 0.0000000000
46997  39.410  -12.646  84.279 0.0000000000
46047  41.584  -13.060  82.188 0.0000000000
48018  42.943  -11.804  81.795 0.0000000000
47999  43.120  -11.011  81.972 0.0000000000
48017  43.528  -11.493  81.407 0.0000000000
45093  34.271  -15.063  84.803 0.0000000000
45137  34.682  -14.565  83.469 0.0000000000
46035  35.344  -14.062  84.089 0.0000000000
46017  35.898  -13.672  84.509 0.0000000000
46991  36.259  -13.207  84.409 0.0000000000
46990  36.732  -12.955  84.664 0.0000000000
107759  36.326  -13.411  84.704 0.0000000000
44220  36.963  -14.436  85.209 0.0000000000
62575  50.125  4.246  60.803 0.0000000000
60750  52.535  2.484  63.088 0.0000000000
59767  50.146  0.339  65.248 0.0000000000
59788  49.686  0.592  64.017 0.0000000000
59787  50.370  1.004  64.265 0.0000000000
59744  53.778  1.180  67.099 0.0000000000
60678  53.736  1.729  66.142 0.0000000000
50009  39.494  -9.140  82.867 0.0000000000
54000  40.868  -5.382  79.950 0.0000000000
120644  40.839  -5.072  79.368 0.0000000000
117457  40.608  -5.509  78.172 0.0000000000
110228  40.390  -0.077  79.037 0.0000000000
58688  39.521  -0.700  77.764 0.0000000000
58703  40.104  -0.287  76.974 0.0000000000
110965  40.883  -0.415  76.505 0.0000000000
107192  40.724  -0.998  75.492 0.0000000000
58720  42.705  0.094  76.140 0.0000000000
59663  43.360  0.235  75.667 0.0000000000
109102  43.400  0.801  76.358 0.0000000000
59646  43.549  1.332  77.164 0.0000000000
60558  44.200  1.368  78.203 0.0000000000
57707  43.559  -1.593  77.971 0.0000000000
56732  45.018  -2.077  77.049 0.0000000000
56731  46.573  -2.240  76.997 0.0000000000
56743  45.818  -2.955  76.647 0.0000000000
118353  27.273  -16.052  87.215 0.0000000000
44195  26.784  -16.031  87.700 0.0000000000
44194  27.550  -16.270  87.848 0.0000000000
43263  28.232  -17.050  88.448 0.0000000000
126838  27.862  -17.958  88.632 0.0000000000
40046  28.122  -18.535  88.052 0.0000000000
122080  27.660  -18.248  88.499 0.0000000000
41120  26.096  -18.534  88.924 0.0000000000
117990  46.895  0.814  71.733 0.0000000000
60612  47.252  0.955  74.172 0.0000000000
60601  46.994  1.117  75.004 0.0000000000
60578  47.160  1.067  76.099 0.0000000000
45136  39.462  -14.528  82.937 0.0000000000
121668  31.678  -16.044  85.077 0.0000000000
44225  32.315  -16.018  85.741 0.0000000000
44204  33.233  -16.097  86.148 0.0000000000
122190  33.707  -15.713  85.848 0.0000000000
44223  34.378  -15.423  85.502 0.0000000000
44222  35.301  -15.172  85.385 0.0000000000
43302  36.063  -15.613  85.359 0.0000000000
43303  35.429  -15.992  85.499 0.0000000000
124098  35.676  -18.224  84.767 0.0000000000
61616  51.194  4.132  63.720 0.0000000000
61614  52.796  3.286  63.755 0.0000000000
59757  48.866  0.588  66.506 0.0000000000
60689  52.979  1.784  65.700 0.0000000000
60680  52.547  1.564  66.725 0.0000000000
60670  53.188  1.400  67.766 0.0000000000
52079  40.702  -7.809  83.310 0.0000000000
52092  40.858  -7.104  83.096 0.0000000000
53029  40.938  -6.148  82.118 0.0000000000
53991  41.235  -5.441  81.625 0.0000000000
53981  41.482  -5.557  82.232 0.0000000000
122899  41.102  -4.708  80.474 0.0000000000
55772  40.804  -3.527  79.674 0.0000000000
114282  40.525  -2.935  79.084 0.0000000000
55780  39.751  -2.671  77.520 0.0000000000
56713  40.305  -1.817  79.555 0.0000000000
57692  40.168  -0.801  79.366 0.0000000000
57680  40.623  -1.066  80.314 0.0000000000
58646  40.718  -0.218  79.954 0.0000000000
59594  41.064  0.453  79.459 0.0000000000
59593  41.812  0.675  79.624 0.0000000000
59607  42.381  0.975  79.091 0.0000000000
59592  42.404  0.656  79.546 0.0000000000
58643  42.761  0.221  79.665 0.0000000000
57691  43.220  -1.064  79.074 0.0000000000
56722  43.299  -2.138  78.428 0.0000000000
44254  30.591  -15.970  83.848 0.0000000000
44240  30.098  -16.008  84.729 0.0000000000
107273  30.926  -16.079  84.912 0.0000000000
44226  31.374  -16.218  85.820 0.0000000000
43291  31.513  -16.610  86.945 0.0000000000
43276  31.962  -16.911  87.046 0.0000000000
42251  30.916  -17.728  87.550 0.0000000000
42250  31.731  -17.618  87.316 0.0000000000
60666  48.957  1.453  68.800 0.0000000000
60656  50.329  1.803  69.710 0.0000000000
122082  51.431  1.363  70.412 0.0000000000
60646  51.701  0.834  70.872 0.0000000000
59713  51.331  0.645  71.634 0.0000000000
60609  49.527  1.096  73.283 0.0000000000
60598  49.178  0.841  73.921 0.0000000000
59687  49.839  0.611  73.586 0.0000000000
59671  50.049  -0.068  73.773 0.0000000000
115052  38.736  -10.766  84.356 0.0000000000
50010  39.065  -9.819  83.407 0.0000000000
49981  39.907  -9.317  84.048 0.0000000000
51017  40.367  -8.966  83.888 0.0000000000
45112  39.593  -13.928  83.366 0.0000000000
46996  40.288  -12.599  83.636 0.0000000000
47984  40.604  -11.614  83.840 0.0000000000
46995  41.091  -12.239  83.181 0.0000000000
49002  40.671  -10.630  84.110 0.0000000000
48986  40.751  -9.761  84.135 0.0000000000
49979  40.815  -8.933  83.902 0.0000000000
51030  41.205  -8.135  83.570 0.0000000000
51029  42.037  -8.111  83.372 0.0000000000
116671  42.748  -7.989  82.782 0.0000000000
52091  42.484  -7.221  82.879 0.0000000000
52090  43.424  -6.892  82.225 0.0000000000
53028  43.788  -6.350  81.761 0.0000000000
53027  44.124  -6.262  81.311 0.0000000000
52116  44.456  -7.482  80.934 0.0000000000
51085  44.377  -8.697  80.063 0.0000000000
49063  44.374  -10.655  80.236 0.0000000000
49064  44.172  -10.470  79.463 0.0000000000
45115  33.916  -15.152  83.710 0.0000000000
47006  37.203  -12.214  82.443 0.0000000000
46989  37.349  -12.611  84.690 0.0000000000
46015  38.258  -13.122  84.750 0.0000000000
45089  38.395  -14.008  84.482 0.0000000000
45113  38.702  -14.701  83.909 0.0000000000
43301  36.777  -15.309  85.145 0.0000000000
43314  37.270  -16.888  84.219 0.0000000000
61645  49.923  2.781  59.450 0.0000000000
61592  51.780  3.364  64.370 0.0000000000
61603  53.821  2.919  64.261 0.0000000000
60732  54.239  2.521  63.951 0.0000000000
60688  53.518  2.064  65.372 0.0000000000
61588  54.128  2.683  64.445 0.0000000000
59785  54.911  0.928  63.948 0.0000000000
58779  42.651  -0.944  71.607 0.0000000000
52107  40.201  -7.385  82.042 0.0000000000
116127  40.165  -7.167  81.314 0.0000000000
58736  41.174  -1.355  74.619 0.0000000000
58767  43.056  -0.974  72.932 0.0000000000
59690  44.239  -0.166  74.173 0.0000000000
59676  44.747  0.468  74.801 0.0000000000
109660  43.855  0.733  75.799 0.0000000000
59662  44.491  0.931  75.611 0.0000000000
59661  45.317  1.083  75.419 0.0000000000
60590  45.894  1.473  76.000 0.0000000000
60579  46.402  1.330  76.438 0.0000000000
59645  46.819  0.894  76.751 0.0000000000
113239  43.818  0.974  78.584 0.0000000000
58662  44.699  0.957  78.342 0.0000000000
123398  44.948  0.501  78.279 0.0000000000
59626  45.040  1.280  78.000 0.0000000000
119042  45.719  1.093  77.690 0.0000000000
59624  46.398  0.492  77.367 0.0000000000
59623  47.080  0.228  76.824 0.0000000000
122303  47.547  -1.664  76.500 0.0000000000
56741  47.411  -2.222  76.394 0.0000000000
56742  47.059  -2.658  76.566 0.0000000000
53033  44.276  -6.244  80.806 0.0000000000
53999  43.986  -5.482  80.436 0.0000000000
54004  43.548  -5.476  79.189 0.0000000000
116021  43.574  -7.196  78.922 0.0000000000
123326  43.318  -4.667  78.442 0.0000000000
43262  28.999  -17.458  88.247 0.0000000000
48000  42.448  -11.397  82.443 0.0000000000
49032  43.798  -10.590  81.476 0.0000000000
50052  44.382  -9.665  79.959 0.0000000000
51031  40.661  -8.361  83.587 0.0000000000
51046  39.969  -8.518  83.269 0.0000000000
51058  44.278  -8.046  81.281 0.0000000000
53016  41.419  -6.655  83.030 0.0000000000
53030  40.478  -6.684  81.767 0.0000000000
53968  41.712  -5.770  82.599 0.0000000000
54865  40.736  -4.828  78.770 0.0000000000
56690  42.468  -2.427  81.486 0.0000000000
56691  41.326  -2.372  81.184 0.0000000000
56701  42.682  -1.814  81.202 0.0000000000
58665  40.135  -0.169  78.219 0.0000000000
110570  42.013  -2.630  81.635 0.0000000000
112861  42.384  -4.704  82.226 0.0000000000
115033  41.433  -8.691  83.657 0.0000000000
119843  43.197  -7.631  82.432 0.0000000000
121564  43.037  -1.312  80.076 0.0000000000
123980  44.396  -6.786  81.056 0.0000000000
124682  43.620  -2.868  76.896 0.0000000000
126029  53.605  1.104  67.580 0.0000000000
126448  41.168  -11.728  83.371 0.0000000000
127491  42.023  -5.194  82.462 0.0000000000
127583  41.770  -1.130  75.100 0.0000000000
