#!ascii label  , from subject sub-fsm08un vox2ras=TkReg
363
68386  -26.253  -15.923  -0.787 0.0000000000
64060  -23.581  -20.104  2.590 0.0000000000
64991  -29.261  -19.739  0.108 0.0000000000
60333  -25.849  -23.598  2.416 0.0000000000
77844  -23.783  -4.559  -0.326 0.0000000000
75286  -26.076  -7.621  -2.167 0.0000000000
70951  -22.350  -11.341  1.579 0.0000000000
58451  -25.412  -26.716  4.110 0.0000000000
62173  -24.742  -22.145  2.318 0.0000000000
61258  -23.208  -23.430  3.971 0.0000000000
76982  -24.837  -6.210  -0.957 0.0000000000
124521  -23.131  -7.732  0.337 0.0000000000
68351  -23.289  -16.019  1.777 0.0000000000
133041  -21.148  -13.942  3.544 0.0000000000
114679  -24.464  -14.073  0.190 0.0000000000
118767  -25.677  -11.668  -1.322 0.0000000000
70085  -27.752  -13.604  -2.236 0.0000000000
67583  -29.346  -16.111  -1.144 0.0000000000
65838  -22.178  -17.979  3.451 0.0000000000
65866  -24.816  -18.037  0.835 0.0000000000
65879  -27.469  -18.253  -0.432 0.0000000000
64086  -26.567  -20.136  0.643 0.0000000000
62190  -27.352  -22.421  1.274 0.0000000000
61288  -29.055  -23.802  2.295 0.0000000000
73549  -20.541  -9.830  3.134 0.0000000000
72749  -24.120  -9.448  -0.287 0.0000000000
73617  -27.866  -9.129  -2.188 0.0000000000
60294  -22.977  -24.674  5.090 0.0000000000
59372  -25.932  -25.797  3.496 0.0000000000
62142  -22.622  -22.763  4.114 0.0000000000
61257  -22.490  -23.310  4.705 0.0000000000
124040  -22.316  -6.900  1.136 0.0000000000
74361  -21.237  -8.220  2.513 0.0000000000
68374  -24.613  -15.757  0.423 0.0000000000
68373  -24.061  -15.219  0.807 0.0000000000
68385  -25.804  -15.092  -0.678 0.0000000000
69195  -25.639  -14.085  -0.696 0.0000000000
68396  -26.630  -15.311  -1.269 0.0000000000
69219  -28.815  -14.703  -2.050 0.0000000000
67581  -27.806  -16.303  -1.341 0.0000000000
64947  -23.027  -19.315  2.885 0.0000000000
65854  -23.686  -18.179  1.923 0.0000000000
64975  -24.486  -19.370  1.637 0.0000000000
64976  -25.309  -19.445  1.074 0.0000000000
64075  -25.029  -20.111  1.521 0.0000000000
62174  -25.274  -22.912  2.317 0.0000000000
62189  -26.474  -22.299  1.527 0.0000000000
61298  -26.892  -23.054  1.643 0.0000000000
61300  -28.618  -23.190  1.602 0.0000000000
61286  -27.220  -23.771  1.885 0.0000000000
77835  -23.150  -4.234  0.552 0.0000000000
79584  -22.983  -3.173  1.064 0.0000000000
78771  -23.803  -3.702  -0.186 0.0000000000
79602  -24.846  -2.889  -0.738 0.0000000000
115678  -25.704  -5.076  -1.551 0.0000000000
76120  -25.538  -7.146  -1.653 0.0000000000
133786  -21.754  -12.972  2.645 0.0000000000
70941  -21.064  -11.612  3.007 0.0000000000
71868  -21.663  -10.784  2.132 0.0000000000
73571  -22.451  -9.566  1.203 0.0000000000
71882  -23.256  -10.381  0.568 0.0000000000
71904  -28.548  -11.277  -2.049 0.0000000000
71902  -27.212  -10.591  -1.978 0.0000000000
72767  -29.010  -10.161  -1.743 0.0000000000
65000  -28.172  -19.207  -0.139 0.0000000000
65881  -29.159  -18.326  -0.469 0.0000000000
58444  -23.922  -26.564  5.081 0.0000000000
58450  -24.588  -26.246  4.471 0.0000000000
59360  -24.396  -25.367  4.211 0.0000000000
132017  -25.680  -26.239  3.785 0.0000000000
130313  -22.527  -20.742  3.564 0.0000000000
132324  -24.084  -20.616  2.354 0.0000000000
63113  -23.670  -21.992  2.923 0.0000000000
62156  -24.396  -22.873  2.807 0.0000000000
61271  -25.031  -23.567  2.854 0.0000000000
77842  -23.240  -5.084  0.237 0.0000000000
113894  -24.517  -5.702  -0.748 0.0000000000
76077  -23.315  -6.161  0.124 0.0000000000
75263  -23.966  -6.908  -0.414 0.0000000000
74409  -24.214  -7.580  -0.566 0.0000000000
68331  -21.830  -15.916  3.351 0.0000000000
117178  -22.280  -14.973  2.611 0.0000000000
69173  -22.636  -14.215  2.007 0.0000000000
70962  -23.272  -12.423  0.918 0.0000000000
70969  -24.171  -11.251  -0.207 0.0000000000
70970  -24.665  -12.467  -0.391 0.0000000000
70084  -27.304  -12.714  -2.017 0.0000000000
70989  -28.605  -12.381  -2.364 0.0000000000
119937  -29.552  -13.225  -1.921 0.0000000000
112752  -26.168  -28.214  4.098 0.0000000000
56858  -26.819  -27.877  3.717 0.0000000000
66649  -22.536  -17.446  2.856 0.0000000000
67540  -24.222  -16.906  1.069 0.0000000000
66688  -25.680  -17.330  -0.028 0.0000000000
67569  -27.155  -16.802  -0.905 0.0000000000
65877  -26.065  -17.999  0.043 0.0000000000
64988  -26.952  -19.403  0.217 0.0000000000
64088  -27.879  -20.457  0.407 0.0000000000
64076  -25.506  -20.823  1.462 0.0000000000
63152  -26.951  -21.562  1.064 0.0000000000
63154  -28.322  -21.174  0.606 0.0000000000
63142  -28.684  -21.833  0.914 0.0000000000
61301  -29.455  -22.949  1.965 0.0000000000
77877  -25.860  -5.841  -1.699 0.0000000000
74372  -21.718  -8.972  1.867 0.0000000000
134204  -23.777  -8.634  -0.030 0.0000000000
120366  -25.076  -8.151  -1.310 0.0000000000
124734  -24.532  -10.175  -0.596 0.0000000000
73611  -26.223  -9.087  -2.091 0.0000000000
118466  -27.833  -8.720  -2.404 0.0000000000
66702  -28.293  -16.935  -1.035 0.0000000000
117848  -30.267  -16.626  -0.483 0.0000000000
61246  -22.430  -23.853  5.311 0.0000000000
119464  -23.109  -23.995  4.497 0.0000000000
60315  -24.751  -24.181  3.368 0.0000000000
60316  -25.606  -24.288  2.936 0.0000000000
111464  -26.982  -26.476  3.371 0.0000000000
59373  -26.671  -25.710  3.183 0.0000000000
60317  -27.056  -25.094  2.722 0.0000000000
74360  -20.383  -8.120  3.464 0.0000000000
67566  -25.202  -16.171  0.029 0.0000000000
68384  -25.145  -15.398  -0.100 0.0000000000
118176  -25.615  -15.848  -0.420 0.0000000000
68397  -27.510  -15.366  -1.669 0.0000000000
67580  -26.996  -16.090  -1.216 0.0000000000
64046  -22.772  -20.123  3.286 0.0000000000
65840  -23.724  -18.895  2.127 0.0000000000
64962  -23.845  -19.567  2.242 0.0000000000
64061  -24.314  -20.086  2.039 0.0000000000
62175  -26.101  -22.943  1.955 0.0000000000
61285  -26.523  -23.544  2.048 0.0000000000
77843  -23.531  -4.658  -0.048 0.0000000000
78770  -23.464  -3.745  0.302 0.0000000000
78776  -24.346  -3.833  -0.717 0.0000000000
77876  -24.899  -4.798  -1.124 0.0000000000
75285  -25.474  -7.426  -1.698 0.0000000000
119470  -26.220  -7.255  -2.116 0.0000000000
75287  -26.917  -7.833  -2.638 0.0000000000
112819  -22.051  -12.202  2.135 0.0000000000
70942  -21.444  -12.318  2.751 0.0000000000
70950  -21.773  -11.428  2.167 0.0000000000
71869  -22.173  -10.646  1.620 0.0000000000
71881  -22.697  -10.514  1.105 0.0000000000
71905  -29.054  -11.127  -1.896 0.0000000000
128614  -28.809  -10.691  -1.816 0.0000000000
64990  -28.439  -19.769  0.127 0.0000000000
65001  -28.830  -19.108  -0.222 0.0000000000
57627  -25.415  -27.633  4.369 0.0000000000
57626  -24.682  -27.087  4.706 0.0000000000
63125  -23.355  -20.913  2.892 0.0000000000
63112  -22.686  -21.497  3.547 0.0000000000
62155  -23.505  -22.933  3.407 0.0000000000
61270  -24.220  -23.519  3.282 0.0000000000
76952  -22.988  -5.653  0.367 0.0000000000
76958  -23.556  -5.665  -0.122 0.0000000000
76068  -22.606  -6.209  0.709 0.0000000000
75237  -22.561  -7.505  0.823 0.0000000000
75245  -23.535  -6.788  -0.017 0.0000000000
133964  -23.658  -7.247  -0.094 0.0000000000
75264  -24.322  -6.944  -0.692 0.0000000000
74392  -23.756  -7.684  -0.142 0.0000000000
68350  -22.506  -15.856  2.538 0.0000000000
132171  -24.045  -14.474  0.598 0.0000000000
69174  -23.455  -14.498  1.230 0.0000000000
122880  -23.742  -13.512  0.621 0.0000000000
70049  -23.010  -13.349  1.397 0.0000000000
70963  -23.856  -12.253  0.289 0.0000000000
70057  -24.343  -13.212  0.096 0.0000000000
70075  -26.919  -13.827  -1.784 0.0000000000
70074  -26.144  -13.558  -1.208 0.0000000000
112412  -28.015  -12.828  -2.422 0.0000000000
70086  -28.441  -13.384  -2.383 0.0000000000
70087  -29.030  -13.215  -2.315 0.0000000000
127533  -28.817  -13.929  -2.287 0.0000000000
68399  -29.072  -15.452  -1.600 0.0000000000
69208  -29.492  -14.727  -1.718 0.0000000000
68387  -30.353  -15.376  -0.723 0.0000000000
55983  -26.230  -29.165  4.346 0.0000000000
56846  -27.016  -28.733  3.891 0.0000000000
66648  -21.817  -17.361  3.733 0.0000000000
65855  -24.297  -18.495  1.492 0.0000000000
66668  -24.096  -17.620  1.385 0.0000000000
66678  -24.571  -17.317  0.820 0.0000000000
66679  -25.060  -17.342  0.417 0.0000000000
119103  -25.419  -17.878  0.360 0.0000000000
64987  -26.074  -19.456  0.571 0.0000000000
64989  -27.719  -19.652  0.150 0.0000000000
118205  -27.239  -20.090  0.411 0.0000000000
63126  -24.307  -21.297  2.365 0.0000000000
129334  -24.754  -20.725  1.946 0.0000000000
63127  -25.165  -21.471  1.890 0.0000000000
63153  -27.618  -21.171  0.700 0.0000000000
119331  -27.850  -21.814  0.871 0.0000000000
62191  -28.225  -22.522  1.186 0.0000000000
61289  -29.975  -23.346  2.670 0.0000000000
77862  -25.077  -5.776  -1.166 0.0000000000
76984  -25.788  -6.282  -1.662 0.0000000000
69162  -21.012  -14.599  3.864 0.0000000000
73542  -19.727  -9.885  4.212 0.0000000000
74371  -20.885  -9.030  2.726 0.0000000000
73561  -21.336  -9.747  2.317 0.0000000000
72737  -23.056  -9.792  0.676 0.0000000000
73583  -22.930  -9.332  0.696 0.0000000000
73597  -23.913  -8.958  -0.134 0.0000000000
123446  -24.136  -8.322  -0.411 0.0000000000
73609  -24.854  -8.734  -1.020 0.0000000000
71891  -24.912  -11.373  -0.771 0.0000000000
71896  -25.351  -10.519  -1.214 0.0000000000
72765  -27.740  -9.907  -1.974 0.0000000000
72764  -26.745  -9.861  -1.982 0.0000000000
119280  -27.076  -9.288  -2.204 0.0000000000
73616  -26.769  -8.650  -2.364 0.0000000000
73618  -28.654  -8.949  -2.071 0.0000000000
66690  -27.248  -17.530  -0.654 0.0000000000
66701  -27.703  -17.033  -0.935 0.0000000000
66691  -27.939  -17.636  -0.710 0.0000000000
114535  -29.466  -17.503  -0.626 0.0000000000
131637  -23.245  -25.381  5.182 0.0000000000
60293  -22.309  -24.340  5.952 0.0000000000
60301  -23.748  -24.656  4.330 0.0000000000
60303  -25.220  -25.045  3.521 0.0000000000
60302  -24.417  -24.659  3.827 0.0000000000
111707  -26.172  -25.041  3.030 0.0000000000
57635  -26.684  -27.128  3.619 0.0000000000
63097  -22.021  -21.924  4.312 0.0000000000
132556  -21.733  -6.968  1.853 0.0000000000
75236  -22.099  -7.601  1.475 0.0000000000
120529  -21.827  -8.180  1.812 0.0000000000
67553  -24.026  -16.110  1.075 0.0000000000
68365  -23.579  -15.411  1.351 0.0000000000
69185  -24.589  -14.931  0.298 0.0000000000
69194  -25.075  -14.556  -0.232 0.0000000000
70065  -24.907  -13.619  -0.319 0.0000000000
69205  -26.345  -14.449  -1.223 0.0000000000
69207  -27.609  -14.468  -1.988 0.0000000000
69218  -28.297  -14.199  -2.239 0.0000000000
68410  -28.154  -14.881  -2.003 0.0000000000
68398  -28.349  -15.494  -1.709 0.0000000000
67582  -28.642  -16.192  -1.336 0.0000000000
65821  -22.171  -18.671  3.574 0.0000000000
65839  -22.968  -18.300  2.703 0.0000000000
65867  -25.552  -18.646  0.567 0.0000000000
65856  -24.902  -18.820  1.122 0.0000000000
118518  -25.792  -20.156  1.029 0.0000000000
62188  -25.617  -22.231  1.879 0.0000000000
61299  -27.739  -23.190  1.496 0.0000000000
61287  -28.097  -23.891  1.865 0.0000000000
77834  -22.512  -4.502  1.250 0.0000000000
126835  -24.033  -3.585  -0.402 0.0000000000
78803  -26.633  -4.035  -2.167 0.0000000000
76108  -25.121  -6.693  -1.278 0.0000000000
76109  -25.633  -6.795  -1.614 0.0000000000
70929  -20.155  -12.589  4.203 0.0000000000
71841  -20.175  -11.608  3.954 0.0000000000
71857  -20.790  -11.013  3.122 0.0000000000
72710  -21.005  -10.403  2.744 0.0000000000
72711  -21.577  -10.277  2.118 0.0000000000
72721  -22.058  -10.161  1.617 0.0000000000
72736  -22.558  -9.983  1.157 0.0000000000
72748  -23.596  -9.620  0.211 0.0000000000
121334  -27.243  -11.529  -1.976 0.0000000000
71897  -26.343  -10.851  -1.742 0.0000000000
71903  -27.905  -10.918  -2.018 0.0000000000
119827  -28.480  -10.376  -1.840 0.0000000000
72766  -28.558  -9.574  -1.873 0.0000000000
65880  -28.259  -18.466  -0.446 0.0000000000
114412  -23.199  -25.992  5.499 0.0000000000
59359  -23.838  -25.800  4.833 0.0000000000
134242  -23.644  -25.189  4.698 0.0000000000
59361  -25.221  -25.901  3.939 0.0000000000
120816  -22.863  -22.248  3.611 0.0000000000
77833  -21.909  -4.974  1.936 0.0000000000
76969  -23.777  -5.246  -0.326 0.0000000000
121443  -24.149  -5.127  -0.584 0.0000000000
76970  -23.926  -5.848  -0.384 0.0000000000
76971  -24.381  -6.119  -0.654 0.0000000000
76078  -23.798  -6.203  -0.281 0.0000000000
76093  -24.239  -6.364  -0.573 0.0000000000
76107  -24.745  -6.675  -0.961 0.0000000000
75278  -25.045  -7.242  -1.309 0.0000000000
74424  -25.356  -7.713  -1.607 0.0000000000
68364  -23.008  -15.162  1.941 0.0000000000
69163  -21.729  -14.031  2.910 0.0000000000
70048  -22.342  -13.149  2.138 0.0000000000
70952  -22.628  -12.282  1.505 0.0000000000
70961  -22.993  -11.369  0.964 0.0000000000
133724  -23.403  -11.793  0.645 0.0000000000
70971  -25.315  -12.288  -0.895 0.0000000000
70066  -25.441  -13.135  -0.759 0.0000000000
70978  -25.923  -12.676  -1.271 0.0000000000
70979  -26.504  -12.101  -1.663 0.0000000000
70988  -27.960  -11.955  -2.310 0.0000000000
131995  -28.889  -11.754  -2.204 0.0000000000
70980  -29.224  -12.241  -2.139 0.0000000000
70981  -29.854  -12.522  -1.644 0.0000000000
69220  -29.281  -14.001  -2.085 0.0000000000
64090  -29.610  -20.401  0.451 0.0000000000
57628  -26.099  -27.364  3.875 0.0000000000
67523  -22.157  -16.667  3.119 0.0000000000
67524  -22.902  -16.726  2.294 0.0000000000
66667  -23.322  -17.526  2.093 0.0000000000
67539  -23.639  -16.833  1.575 0.0000000000
67554  -24.693  -16.639  0.532 0.0000000000
67567  -25.825  -16.581  -0.393 0.0000000000
67568  -26.561  -16.547  -0.754 0.0000000000
66689  -26.462  -17.291  -0.474 0.0000000000
65878  -26.777  -18.108  -0.301 0.0000000000
65868  -26.426  -18.724  0.165 0.0000000000
125891  -27.050  -18.706  -0.133 0.0000000000
64999  -27.604  -18.958  -0.145 0.0000000000
64077  -26.320  -20.833  1.065 0.0000000000
63141  -25.992  -21.551  1.451 0.0000000000
64087  -27.082  -20.744  0.671 0.0000000000
64089  -28.775  -20.457  0.372 0.0000000000
63155  -29.166  -21.143  0.658 0.0000000000
63143  -29.598  -21.749  1.217 0.0000000000
128317  -29.062  -22.469  1.362 0.0000000000
77861  -24.608  -5.266  -0.849 0.0000000000
76998  -26.541  -6.180  -2.136 0.0000000000
74381  -22.369  -8.334  1.159 0.0000000000
73570  -21.916  -9.700  1.682 0.0000000000
74382  -22.749  -8.835  0.760 0.0000000000
74391  -23.407  -8.530  0.240 0.0000000000
123445  -23.869  -8.155  -0.185 0.0000000000
74410  -24.559  -8.017  -0.853 0.0000000000
74429  -25.946  -7.945  -2.168 0.0000000000
113127  -23.553  -11.165  0.375 0.0000000000
71890  -23.843  -10.272  0.020 0.0000000000
72761  -25.838  -9.735  -1.646 0.0000000000
72759  -24.562  -9.255  -0.697 0.0000000000
73610  -25.450  -8.859  -1.515 0.0000000000
73615  -25.738  -8.338  -1.943 0.0000000000
74430  -26.865  -8.211  -2.526 0.0000000000
74431  -27.958  -8.437  -2.643 0.0000000000
66692  -28.681  -17.613  -0.707 0.0000000000
66703  -29.018  -16.849  -0.971 0.0000000000
67571  -29.981  -16.058  -0.804 0.0000000000
121309  -21.938  -23.161  5.582 0.0000000000
61259  -23.891  -23.995  3.812 0.0000000000
58452  -26.162  -26.544  3.646 0.0000000000
131547  -26.432  -26.114  3.427 0.0000000000
60334  -26.559  -24.273  2.444 0.0000000000
60335  -27.533  -24.466  2.280 0.0000000000
67555  -25.292  -16.812  0.110 0.0000000000
67570  -29.697  -16.735  -0.748 0.0000000000
69206  -26.965  -14.715  -1.668 0.0000000000
71858  -21.268  -10.800  2.556 0.0000000000
72760  -25.064  -9.489  -1.087 0.0000000000
73584  -23.448  -9.145  0.286 0.0000000000
73598  -24.402  -8.682  -0.618 0.0000000000
74423  -24.944  -7.607  -1.226 0.0000000000
75244  -22.919  -6.850  0.421 0.0000000000
75277  -24.675  -7.282  -0.958 0.0000000000
76983  -25.274  -6.335  -1.321 0.0000000000
78775  -24.012  -4.351  -0.539 0.0000000000
111972  -20.872  -12.598  3.424 0.0000000000
118620  -26.557  -13.014  -1.589 0.0000000000
122350  -25.109  -7.028  -1.344 0.0000000000
122537  -22.283  -9.148  1.315 0.0000000000
122628  -29.081  -8.926  -1.966 0.0000000000
127058  -24.154  -5.596  -0.533 0.0000000000
131177  -23.712  -23.480  3.586 0.0000000000
134160  -24.736  -8.334  -0.964 0.0000000000
