#!ascii label  , from subject sub-fsm96ry vox2ras=TkReg
560
75706  25.482  -19.457  -6.020 0.0000000000
85044  28.635  -9.640  -5.073 0.0000000000
94298  25.230  0.636  -8.409 0.0000000000
88093  22.540  -5.799  -8.379 0.0000000000
71980  27.362  -23.466  -3.746 0.0000000000
128109  30.296  -18.968  -2.756 0.0000000000
133489  28.352  -14.974  -7.070 0.0000000000
84152  25.698  -10.601  -9.048 0.0000000000
89961  26.476  -4.097  -6.943 0.0000000000
95862  26.897  1.655  -3.901 0.0000000000
98545  22.663  5.032  -9.837 0.0000000000
145632  26.906  -21.602  -5.289 0.0000000000
73835  28.950  -21.260  -3.435 0.0000000000
75703  27.921  -19.438  -5.725 0.0000000000
81514  24.107  -13.188  -7.260 0.0000000000
83256  23.175  -10.633  -7.084 0.0000000000
91872  23.922  -2.853  -9.580 0.0000000000
89974  24.955  -4.657  -9.346 0.0000000000
92690  26.001  -1.794  -7.544 0.0000000000
92670  26.411  -1.571  -4.931 0.0000000000
95054  25.822  1.488  -5.983 0.0000000000
98511  20.614  5.298  -7.635 0.0000000000
95905  21.171  2.871  -7.862 0.0000000000
99419  20.678  6.876  -10.329 0.0000000000
82374  28.603  -12.550  -6.214 0.0000000000
79681  29.764  -14.882  -4.203 0.0000000000
83208  30.235  -11.817  -3.667 0.0000000000
93506  22.687  -0.686  -9.062 0.0000000000
87036  28.951  -6.655  -4.000 0.0000000000
77696  24.112  -17.717  -5.707 0.0000000000
77709  27.061  -17.922  -6.814 0.0000000000
79728  25.613  -15.230  -7.522 0.0000000000
82409  26.928  -12.740  -8.499 0.0000000000
85082  27.289  -9.688  -7.632 0.0000000000
86041  23.535  -8.049  -8.666 0.0000000000
86040  26.287  -8.047  -8.945 0.0000000000
88046  27.647  -7.150  -5.876 0.0000000000
89941  28.161  -4.530  -4.310 0.0000000000
94300  22.058  0.838  -8.419 0.0000000000
96754  24.132  2.860  -9.172 0.0000000000
100991  22.498  9.007  -8.695 0.0000000000
99385  23.832  6.963  -7.008 0.0000000000
96719  24.805  4.151  -6.925 0.0000000000
98489  27.054  5.153  -4.643 0.0000000000
77694  28.971  -17.065  -4.876 0.0000000000
75698  23.774  -19.421  -4.548 0.0000000000
74774  24.440  -20.198  -4.992 0.0000000000
74785  25.877  -20.774  -5.722 0.0000000000
74783  27.150  -20.937  -5.567 0.0000000000
75705  26.748  -19.855  -6.188 0.0000000000
93505  24.996  -1.019  -9.169 0.0000000000
91870  24.778  -2.752  -9.175 0.0000000000
134651  25.456  -0.101  -8.105 0.0000000000
93493  25.796  -0.209  -7.236 0.0000000000
94293  25.564  0.665  -7.556 0.0000000000
99397  20.461  6.697  -8.468 0.0000000000
131191  20.570  5.955  -8.603 0.0000000000
100219  20.197  7.601  -10.124 0.0000000000
134418  28.631  -11.258  -5.650 0.0000000000
136813  29.355  -12.252  -4.805 0.0000000000
84092  29.523  -10.276  -4.214 0.0000000000
91865  22.188  -3.157  -8.753 0.0000000000
93507  21.994  -1.585  -8.270 0.0000000000
71981  26.367  -23.844  -3.895 0.0000000000
71029  26.483  -24.648  -3.406 0.0000000000
71027  27.773  -24.600  -2.453 0.0000000000
71966  28.469  -23.459  -2.463 0.0000000000
74760  29.115  -20.436  -3.643 0.0000000000
73823  29.851  -21.192  -2.233 0.0000000000
78758  25.325  -16.611  -6.820 0.0000000000
79711  24.405  -15.448  -6.520 0.0000000000
82412  25.175  -12.163  -8.482 0.0000000000
81528  25.433  -12.988  -8.360 0.0000000000
131293  26.223  -11.882  -8.694 0.0000000000
137875  27.358  -11.199  -8.109 0.0000000000
84138  26.593  -10.110  -8.730 0.0000000000
86025  22.819  -8.039  -7.817 0.0000000000
87092  23.388  -7.006  -8.847 0.0000000000
89967  25.806  -4.801  -8.191 0.0000000000
88091  25.552  -6.199  -9.161 0.0000000000
89018  26.077  -5.578  -7.917 0.0000000000
88075  26.866  -7.106  -7.161 0.0000000000
89004  27.081  -5.640  -6.245 0.0000000000
88992  27.617  -5.701  -5.449 0.0000000000
89949  27.274  -4.236  -5.486 0.0000000000
140697  26.514  0.166  -4.495 0.0000000000
92662  27.263  -1.862  -3.665 0.0000000000
97633  21.603  4.935  -9.854 0.0000000000
95918  21.631  2.578  -8.476 0.0000000000
95929  22.032  3.202  -9.254 0.0000000000
95927  23.373  2.162  -9.366 0.0000000000
97623  23.440  4.365  -9.349 0.0000000000
98509  24.617  5.376  -6.587 0.0000000000
135598  25.154  5.315  -5.844 0.0000000000
97599  25.470  4.604  -5.658 0.0000000000
78756  27.389  -16.370  -7.385 0.0000000000
77707  28.152  -17.262  -6.471 0.0000000000
78742  28.483  -16.385  -6.194 0.0000000000
80611  30.601  -14.213  -3.307 0.0000000000
128577  30.501  -15.707  -3.265 0.0000000000
72943  25.626  -22.760  -4.575 0.0000000000
72942  27.215  -22.944  -4.295 0.0000000000
72927  28.166  -22.421  -3.562 0.0000000000
73847  27.973  -21.314  -4.669 0.0000000000
74772  28.155  -20.560  -4.929 0.0000000000
137152  28.724  -19.297  -4.598 0.0000000000
81487  23.008  -13.201  -5.752 0.0000000000
82386  23.446  -12.092  -6.848 0.0000000000
84140  24.392  -10.840  -8.272 0.0000000000
89983  23.177  -4.549  -9.396 0.0000000000
89055  24.170  -5.193  -9.605 0.0000000000
90992  24.238  -4.021  -9.589 0.0000000000
90979  25.647  -3.225  -8.421 0.0000000000
139438  26.124  -2.959  -7.688 0.0000000000
90963  26.671  -3.151  -5.969 0.0000000000
92685  26.319  -1.858  -6.621 0.0000000000
137515  26.225  -0.425  -5.321 0.0000000000
95053  26.130  1.525  -5.177 0.0000000000
96713  20.665  3.363  -5.784 0.0000000000
134196  20.731  4.136  -7.576 0.0000000000
97625  21.070  5.231  -9.650 0.0000000000
99417  21.890  5.962  -10.128 0.0000000000
80641  28.439  -14.105  -6.927 0.0000000000
79697  29.042  -15.020  -5.408 0.0000000000
81484  29.140  -13.622  -5.481 0.0000000000
81466  29.840  -13.560  -4.277 0.0000000000
89019  21.846  -5.244  -7.568 0.0000000000
90985  22.375  -3.827  -8.896 0.0000000000
92702  22.926  -2.290  -9.449 0.0000000000
139341  23.913  -0.159  -9.560 0.0000000000
72910  29.492  -22.472  -1.936 0.0000000000
87048  28.946  -8.001  -4.320 0.0000000000
85025  29.691  -9.494  -3.777 0.0000000000
76660  24.356  -18.500  -5.610 0.0000000000
76671  26.587  -18.638  -6.598 0.0000000000
77710  25.627  -17.425  -6.733 0.0000000000
78770  26.711  -16.212  -7.562 0.0000000000
79726  27.167  -15.441  -7.772 0.0000000000
80661  25.139  -14.462  -7.557 0.0000000000
80671  26.405  -13.952  -8.406 0.0000000000
80658  27.332  -14.263  -8.100 0.0000000000
82396  27.930  -12.944  -7.625 0.0000000000
83241  27.853  -11.142  -7.175 0.0000000000
134542  28.109  -9.879  -6.001 0.0000000000
84126  23.294  -9.769  -7.539 0.0000000000
85101  24.652  -9.299  -9.214 0.0000000000
139723  24.369  -6.415  -9.566 0.0000000000
87107  25.163  -7.433  -9.572 0.0000000000
85099  26.143  -9.503  -9.218 0.0000000000
86023  26.693  -8.482  -8.264 0.0000000000
86007  27.389  -8.463  -6.813 0.0000000000
125428  28.412  -8.061  -5.021 0.0000000000
87049  28.586  -7.201  -4.611 0.0000000000
88013  28.727  -5.890  -4.080 0.0000000000
91840  27.006  -2.938  -4.785 0.0000000000
94299  22.764  0.445  -9.093 0.0000000000
95098  23.791  1.323  -9.476 0.0000000000
95916  24.509  2.030  -8.981 0.0000000000
137350  21.563  8.049  -10.197 0.0000000000
100217  22.811  7.212  -8.784 0.0000000000
100197  23.376  7.518  -7.619 0.0000000000
99407  23.182  6.354  -8.716 0.0000000000
97617  23.861  4.910  -8.600 0.0000000000
96729  24.578  4.111  -7.704 0.0000000000
137618  25.167  2.495  -7.607 0.0000000000
95883  25.533  2.335  -6.392 0.0000000000
139247  25.967  3.219  -5.132 0.0000000000
96702  27.012  3.602  -4.005 0.0000000000
76670  27.305  -18.717  -6.488 0.0000000000
76650  28.394  -18.850  -5.411 0.0000000000
76642  29.458  -18.295  -3.839 0.0000000000
78731  29.255  -16.230  -4.711 0.0000000000
130910  29.660  -16.794  -4.053 0.0000000000
128587  24.564  -19.355  -5.463 0.0000000000
127603  25.224  -20.165  -5.662 0.0000000000
125271  26.017  -20.076  -6.083 0.0000000000
74784  26.606  -20.537  -5.876 0.0000000000
75717  26.285  -19.366  -6.321 0.0000000000
139798  24.962  -0.347  -9.084 0.0000000000
93504  25.312  -0.638  -8.701 0.0000000000
150981  25.157  -0.014  -8.741 0.0000000000
100210  20.254  7.419  -9.189 0.0000000000
84104  28.635  -10.499  -5.381 0.0000000000
148918  29.200  -11.161  -4.794 0.0000000000
84093  29.038  -10.215  -4.762 0.0000000000
139660  26.931  -23.521  -4.065 0.0000000000
71046  26.971  -24.059  -3.618 0.0000000000
71028  27.122  -24.704  -3.081 0.0000000000
71045  27.538  -24.018  -3.159 0.0000000000
143005  28.046  -23.909  -2.635 0.0000000000
71979  27.936  -23.241  -3.149 0.0000000000
75679  29.780  -19.865  -2.996 0.0000000000
74750  30.146  -20.528  -2.272 0.0000000000
75678  30.529  -19.724  -2.213 0.0000000000
79712  23.828  -15.599  -5.798 0.0000000000
148283  23.967  -15.029  -6.202 0.0000000000
83267  24.956  -11.449  -8.565 0.0000000000
83266  25.643  -11.496  -8.750 0.0000000000
83265  26.147  -11.162  -8.873 0.0000000000
131325  26.520  -10.958  -8.762 0.0000000000
84151  26.169  -10.395  -9.075 0.0000000000
133530  22.377  -7.240  -7.421 0.0000000000
87093  22.813  -6.476  -8.403 0.0000000000
150595  26.090  -4.246  -7.753 0.0000000000
89966  26.266  -4.851  -7.404 0.0000000000
89017  26.550  -5.614  -7.056 0.0000000000
89960  26.715  -4.907  -6.575 0.0000000000
88993  27.218  -4.955  -5.782 0.0000000000
146537  26.882  -4.368  -6.162 0.0000000000
95029  26.842  0.872  -3.976 0.0000000000
94260  27.100  0.260  -3.685 0.0000000000
97632  22.029  5.017  -10.006 0.0000000000
96757  22.105  4.245  -9.644 0.0000000000
97631  22.699  4.256  -9.670 0.0000000000
98498  24.813  6.071  -5.961 0.0000000000
99370  25.374  6.874  -5.606 0.0000000000
142957  25.580  5.951  -5.516 0.0000000000
79709  27.860  -15.699  -7.379 0.0000000000
78755  27.989  -16.478  -6.946 0.0000000000
129497  28.301  -15.813  -6.831 0.0000000000
80600  31.052  -14.306  -2.797 0.0000000000
79666  30.809  -14.953  -2.995 0.0000000000
73860  25.821  -21.450  -5.363 0.0000000000
73850  25.604  -22.081  -4.919 0.0000000000
73849  26.382  -21.884  -5.164 0.0000000000
135050  26.230  -22.581  -4.748 0.0000000000
128229  26.926  -22.272  -4.794 0.0000000000
72941  27.654  -22.157  -4.359 0.0000000000
73848  27.377  -21.552  -5.041 0.0000000000
74782  27.681  -20.214  -5.564 0.0000000000
75697  28.295  -19.770  -5.181 0.0000000000
74771  28.659  -20.104  -4.429 0.0000000000
83242  23.035  -11.495  -6.631 0.0000000000
82387  22.955  -12.320  -6.192 0.0000000000
83255  23.745  -11.411  -7.454 0.0000000000
84125  23.722  -10.514  -7.728 0.0000000000
90993  23.556  -3.947  -9.571 0.0000000000
136739  24.074  -3.435  -9.607 0.0000000000
92691  25.567  -1.852  -8.374 0.0000000000
136824  25.323  -2.566  -8.717 0.0000000000
91858  25.854  -2.468  -8.025 0.0000000000
91857  26.261  -2.459  -7.203 0.0000000000
94285  25.849  0.627  -6.588 0.0000000000
94284  26.028  -0.298  -6.242 0.0000000000
94277  26.111  0.599  -5.475 0.0000000000
97609  20.745  4.936  -6.663 0.0000000000
97602  20.783  4.160  -6.262 0.0000000000
96720  20.701  3.594  -6.783 0.0000000000
97610  20.673  4.488  -7.107 0.0000000000
99398  20.504  6.620  -9.560 0.0000000000
98532  20.702  5.794  -9.414 0.0000000000
98547  20.907  6.056  -10.027 0.0000000000
98546  21.429  5.601  -10.051 0.0000000000
136979  21.154  6.975  -10.413 0.0000000000
81485  28.648  -13.395  -6.392 0.0000000000
82373  29.020  -12.821  -5.526 0.0000000000
83209  29.716  -11.785  -4.244 0.0000000000
82365  29.482  -13.105  -4.820 0.0000000000
82354  29.947  -12.652  -4.099 0.0000000000
81465  30.362  -13.446  -3.644 0.0000000000
89005  21.560  -5.264  -6.971 0.0000000000
136712  21.564  -4.781  -7.364 0.0000000000
89975  22.322  -4.461  -8.670 0.0000000000
90986  21.796  -4.317  -8.100 0.0000000000
92695  22.477  -1.698  -9.010 0.0000000000
93513  23.125  -1.360  -9.429 0.0000000000
93512  23.861  -0.995  -9.506 0.0000000000
133102  23.313  -0.371  -9.433 0.0000000000
141768  28.688  -21.936  -3.240 0.0000000000
72919  28.715  -22.636  -2.681 0.0000000000
73824  29.321  -21.732  -2.600 0.0000000000
138859  30.572  -21.738  -1.276 0.0000000000
150033  29.099  -7.349  -3.987 0.0000000000
76673  25.063  -18.112  -6.257 0.0000000000
77711  24.714  -17.198  -6.263 0.0000000000
79710  25.108  -15.800  -6.926 0.0000000000
78771  25.912  -16.052  -7.401 0.0000000000
79727  26.421  -15.352  -7.783 0.0000000000
81498  24.292  -14.023  -7.051 0.0000000000
81513  24.908  -13.523  -7.768 0.0000000000
81527  26.093  -13.226  -8.545 0.0000000000
81512  25.695  -13.821  -8.207 0.0000000000
81526  26.660  -13.335  -8.520 0.0000000000
80670  26.867  -13.961  -8.420 0.0000000000
81525  27.154  -13.464  -8.353 0.0000000000
81511  27.673  -13.545  -7.883 0.0000000000
82397  27.444  -12.822  -8.120 0.0000000000
84124  27.518  -10.434  -7.514 0.0000000000
84115  27.845  -10.424  -6.773 0.0000000000
85069  27.633  -9.781  -6.878 0.0000000000
86024  23.426  -8.936  -8.055 0.0000000000
85096  24.090  -9.099  -8.765 0.0000000000
85102  24.381  -8.504  -9.255 0.0000000000
88107  23.793  -5.838  -9.492 0.0000000000
88106  24.549  -5.877  -9.593 0.0000000000
87091  25.975  -7.083  -9.048 0.0000000000
88104  25.425  -6.840  -9.449 0.0000000000
87106  25.754  -7.722  -9.367 0.0000000000
86058  25.409  -8.302  -9.480 0.0000000000
85094  26.457  -9.054  -8.871 0.0000000000
88061  27.261  -6.903  -6.472 0.0000000000
87082  26.937  -7.996  -7.436 0.0000000000
87072  27.309  -7.611  -6.589 0.0000000000
85993  27.777  -8.097  -5.862 0.0000000000
87060  28.107  -7.406  -5.308 0.0000000000
88045  28.024  -6.568  -5.194 0.0000000000
88981  27.790  -4.913  -4.929 0.0000000000
88030  28.199  -5.767  -4.720 0.0000000000
88972  28.434  -5.156  -4.226 0.0000000000
89934  28.601  -4.613  -3.728 0.0000000000
90952  28.162  -3.988  -3.955 0.0000000000
92676  26.450  -2.076  -5.679 0.0000000000
91841  26.656  -2.799  -5.442 0.0000000000
91832  26.644  -2.375  -4.857 0.0000000000
95906  20.817  2.775  -7.069 0.0000000000
95092  21.820  1.720  -8.385 0.0000000000
131789  21.527  1.159  -7.828 0.0000000000
94294  21.594  0.302  -7.730 0.0000000000
127749  22.191  -0.139  -8.439 0.0000000000
138958  23.549  2.745  -9.397 0.0000000000
95099  23.137  1.376  -9.335 0.0000000000
95926  23.980  2.078  -9.394 0.0000000000
95097  24.372  1.288  -9.269 0.0000000000
142920  21.799  9.500  -9.564 0.0000000000
101002  21.721  8.756  -9.845 0.0000000000
100208  22.256  8.033  -9.294 0.0000000000
149364  23.760  7.711  -6.878 0.0000000000
100979  23.460  8.250  -7.178 0.0000000000
129320  23.398  6.853  -7.943 0.0000000000
99396  23.726  6.219  -7.753 0.0000000000
98530  23.554  5.636  -8.597 0.0000000000
97607  24.975  4.668  -6.394 0.0000000000
97608  24.564  4.728  -7.179 0.0000000000
96728  24.897  3.490  -7.226 0.0000000000
135597  25.266  3.049  -6.656 0.0000000000
97598  26.176  4.692  -4.960 0.0000000000
96711  25.735  3.874  -5.378 0.0000000000
96710  26.330  3.795  -4.688 0.0000000000
138578  26.386  2.954  -4.531 0.0000000000
97589  26.906  4.352  -4.414 0.0000000000
147547  26.563  -18.077  -6.755 0.0000000000
77695  28.562  -17.226  -5.727 0.0000000000
135855  28.293  -18.061  -6.008 0.0000000000
77686  28.684  -17.908  -5.174 0.0000000000
76649  28.895  -18.498  -4.574 0.0000000000
77685  29.261  -17.687  -4.351 0.0000000000
140003  29.427  -14.760  -4.777 0.0000000000
79688  29.372  -15.411  -4.722 0.0000000000
78710  30.699  -16.561  -2.934 0.0000000000
78722  30.181  -16.348  -3.511 0.0000000000
138725  30.187  -16.938  -3.428 0.0000000000
77674  30.432  -17.455  -3.023 0.0000000000
73859  26.508  -21.230  -5.562 0.0000000000
128380  27.137  -20.231  -5.902 0.0000000000
75704  27.385  -19.508  -6.090 0.0000000000
92700  24.389  -2.350  -9.400 0.0000000000
91871  24.346  -2.985  -9.433 0.0000000000
92694  25.034  -1.908  -9.087 0.0000000000
138885  25.361  -1.301  -8.725 0.0000000000
93499  25.700  -1.007  -7.976 0.0000000000
93498  26.002  -1.086  -6.922 0.0000000000
98510  20.748  5.659  -6.903 0.0000000000
98522  20.593  6.109  -7.688 0.0000000000
83230  28.816  -11.982  -5.533 0.0000000000
92696  22.046  -2.375  -8.495 0.0000000000
71996  25.287  -23.231  -4.165 0.0000000000
71983  24.861  -23.823  -3.620 0.0000000000
71982  25.659  -23.891  -3.909 0.0000000000
71047  25.876  -24.570  -3.586 0.0000000000
150992  28.157  -24.785  -1.947 0.0000000000
71956  28.571  -24.211  -1.922 0.0000000000
124434  29.413  -23.865  -1.324 0.0000000000
74751  29.542  -20.839  -2.866 0.0000000000
78743  23.934  -16.999  -5.748 0.0000000000
78759  24.345  -16.311  -6.234 0.0000000000
79729  24.942  -15.127  -7.074 0.0000000000
82398  24.685  -12.691  -7.952 0.0000000000
82411  25.866  -12.399  -8.629 0.0000000000
134742  26.657  -12.058  -8.595 0.0000000000
83253  27.185  -12.074  -8.348 0.0000000000
83264  26.833  -11.463  -8.559 0.0000000000
132615  26.886  -10.835  -8.531 0.0000000000
84137  27.086  -10.313  -8.182 0.0000000000
86042  22.853  -7.165  -8.129 0.0000000000
89973  25.389  -4.695  -8.915 0.0000000000
89036  25.218  -5.386  -9.268 0.0000000000
89035  25.644  -5.496  -8.732 0.0000000000
130158  26.016  -6.355  -8.500 0.0000000000
88076  26.476  -7.352  -8.190 0.0000000000
141949  26.457  -6.395  -7.594 0.0000000000
137336  26.931  -6.334  -6.736 0.0000000000
88060  27.430  -6.375  -5.978 0.0000000000
89942  27.680  -4.066  -4.694 0.0000000000
93477  26.466  -0.785  -4.657 0.0000000000
92669  26.787  -1.971  -4.331 0.0000000000
92663  26.739  -1.317  -4.140 0.0000000000
133563  27.124  -1.081  -3.571 0.0000000000
96741  21.303  3.465  -8.583 0.0000000000
95917  22.188  2.272  -8.878 0.0000000000
95091  22.500  1.503  -8.891 0.0000000000
96756  22.853  3.215  -9.443 0.0000000000
96755  23.406  3.504  -9.413 0.0000000000
100196  24.297  7.605  -6.348 0.0000000000
99395  24.234  6.131  -6.805 0.0000000000
99384  24.519  6.854  -6.186 0.0000000000
96718  25.259  3.850  -6.292 0.0000000000
148458  25.738  5.255  -5.377 0.0000000000
77708  27.536  -17.190  -6.908 0.0000000000
146721  28.784  -16.550  -5.376 0.0000000000
80612  30.081  -14.208  -3.898 0.0000000000
79680  30.276  -14.953  -3.590 0.0000000000
71995  25.991  -23.286  -4.374 0.0000000000
71994  26.633  -23.094  -4.403 0.0000000000
72928  27.655  -22.860  -3.861 0.0000000000
73836  28.341  -21.672  -3.942 0.0000000000
74773  27.658  -20.933  -5.205 0.0000000000
74761  28.545  -20.901  -4.209 0.0000000000
75688  29.153  -19.600  -3.849 0.0000000000
134286  23.474  -12.811  -6.657 0.0000000000
82399  23.988  -12.351  -7.398 0.0000000000
83254  24.489  -11.832  -8.087 0.0000000000
84139  25.122  -10.742  -8.832 0.0000000000
147135  22.548  -5.261  -8.659 0.0000000000
88108  23.003  -5.506  -9.077 0.0000000000
89056  23.463  -5.082  -9.441 0.0000000000
89981  24.466  -4.628  -9.549 0.0000000000
139818  24.702  -4.130  -9.430 0.0000000000
135075  25.094  -3.182  -8.983 0.0000000000
90984  25.184  -3.900  -9.073 0.0000000000
90983  25.711  -4.049  -8.392 0.0000000000
90978  26.125  -3.592  -7.717 0.0000000000
90971  26.428  -3.198  -6.855 0.0000000000
89950  26.801  -3.736  -6.098 0.0000000000
91850  26.496  -2.576  -6.311 0.0000000000
93486  26.257  -1.200  -5.870 0.0000000000
150240  26.299  -1.007  -5.200 0.0000000000
95041  26.446  1.143  -4.576 0.0000000000
96730  20.892  3.531  -7.710 0.0000000000
143101  20.638  4.682  -7.896 0.0000000000
96742  20.857  4.286  -8.486 0.0000000000
97624  21.389  4.319  -9.375 0.0000000000
129381  28.790  -14.407  -6.119 0.0000000000
80628  29.275  -14.287  -5.182 0.0000000000
81476  29.488  -13.753  -4.831 0.0000000000
80620  29.651  -14.235  -4.500 0.0000000000
89037  22.187  -5.275  -8.141 0.0000000000
135553  22.391  -4.893  -8.608 0.0000000000
90994  22.816  -4.178  -9.261 0.0000000000
134346  23.032  -3.566  -9.486 0.0000000000
91864  22.700  -3.077  -9.312 0.0000000000
91873  23.307  -2.885  -9.590 0.0000000000
129876  24.453  -1.476  -9.395 0.0000000000
93511  24.497  -0.442  -9.397 0.0000000000
94304  24.777  0.423  -9.089 0.0000000000
73814  29.936  -21.761  -1.811 0.0000000000
85982  28.774  -8.806  -4.690 0.0000000000
85043  29.198  -9.518  -4.441 0.0000000000
85965  29.351  -8.735  -4.060 0.0000000000
76659  25.042  -18.855  -5.957 0.0000000000
76672  25.748  -18.785  -6.328 0.0000000000
138951  26.017  -18.125  -6.643 0.0000000000
142461  26.439  -17.587  -6.922 0.0000000000
78757  26.207  -16.855  -7.204 0.0000000000
77723  26.940  -17.058  -7.235 0.0000000000
79725  27.665  -14.930  -7.707 0.0000000000
80642  24.411  -14.763  -6.799 0.0000000000
80660  26.041  -14.585  -8.033 0.0000000000
80659  26.788  -14.632  -8.161 0.0000000000
148887  27.225  -14.833  -7.997 0.0000000000
80657  27.982  -14.231  -7.544 0.0000000000
81510  28.210  -13.495  -7.273 0.0000000000
82385  28.302  -12.716  -7.005 0.0000000000
83252  27.786  -12.103  -7.633 0.0000000000
83231  28.354  -11.792  -6.541 0.0000000000
84114  28.265  -10.824  -6.279 0.0000000000
84116  22.606  -10.735  -6.315 0.0000000000
85083  23.921  -9.878  -8.241 0.0000000000
85095  24.569  -9.989  -8.827 0.0000000000
84153  25.155  -9.922  -9.216 0.0000000000
88092  23.195  -6.202  -8.994 0.0000000000
87109  23.883  -6.691  -9.415 0.0000000000
86060  24.079  -7.576  -9.336 0.0000000000
88105  25.101  -6.020  -9.540 0.0000000000
87108  24.560  -7.119  -9.562 0.0000000000
86059  24.805  -7.989  -9.522 0.0000000000
130833  25.096  -8.974  -9.440 0.0000000000
141045  25.700  -9.028  -9.384 0.0000000000
85100  25.679  -9.752  -9.285 0.0000000000
85093  26.875  -9.457  -8.261 0.0000000000
86022  27.143  -8.879  -7.623 0.0000000000
144743  27.450  -9.169  -7.069 0.0000000000
86006  27.742  -9.049  -6.321 0.0000000000
85992  28.258  -8.912  -5.471 0.0000000000
144512  28.510  -6.416  -4.517 0.0000000000
90962  27.077  -3.481  -5.224 0.0000000000
91831  27.213  -2.535  -4.260 0.0000000000
95080  21.276  1.993  -7.551 0.0000000000
147091  22.229  -0.978  -8.537 0.0000000000
94306  23.536  0.519  -9.477 0.0000000000
94305  24.197  0.498  -9.500 0.0000000000
95090  24.902  1.332  -8.763 0.0000000000
101790  20.028  8.901  -11.033 0.0000000000
101012  20.410  8.595  -10.797 0.0000000000
101011  20.968  8.621  -10.662 0.0000000000
100227  21.040  7.900  -10.528 0.0000000000
100218  21.892  7.150  -10.147 0.0000000000
99408  22.529  6.435  -9.639 0.0000000000
100990  22.932  8.160  -8.125 0.0000000000
98531  22.888  5.739  -9.527 0.0000000000
143773  23.305  5.120  -9.307 0.0000000000
97622  24.149  4.189  -8.553 0.0000000000
98521  24.150  5.391  -7.631 0.0000000000
97616  24.303  4.679  -7.950 0.0000000000
147501  24.537  3.351  -8.315 0.0000000000
149739  24.705  2.568  -8.553 0.0000000000
95904  25.015  2.015  -8.455 0.0000000000
95079  25.312  1.469  -8.000 0.0000000000
95066  25.581  1.524  -7.022 0.0000000000
138829  25.588  3.112  -5.844 0.0000000000
95882  25.924  2.372  -5.341 0.0000000000
95871  26.422  2.045  -4.535 0.0000000000
95870  26.926  2.599  -3.867 0.0000000000
150140  27.347  4.170  -4.078 0.0000000000
135780  27.576  2.112  -3.390 0.0000000000
75716  26.906  -19.252  -6.422 0.0000000000
76669  27.746  -18.018  -6.523 0.0000000000
76658  27.873  -18.785  -6.102 0.0000000000
146711  29.117  -18.925  -4.034 0.0000000000
75687  29.645  -18.966  -3.423 0.0000000000
79698  28.635  -15.415  -6.203 0.0000000000
78741  28.882  -15.829  -5.422 0.0000000000
78723  29.837  -15.755  -3.964 0.0000000000
77675  29.836  -17.554  -3.617 0.0000000000
76641  30.059  -18.222  -3.183 0.0000000000
138830  29.858  -11.050  -3.950 0.0000000000
82410  26.408  -12.618  -8.599 0.0000000000
86057  26.015  -8.617  -9.313 0.0000000000
88077  22.136  -5.679  -7.625 0.0000000000
89038  21.953  -4.859  -8.100 0.0000000000
89054  24.763  -5.283  -9.522 0.0000000000
89057  22.826  -4.968  -9.082 0.0000000000
89982  23.859  -4.557  -9.606 0.0000000000
89984  22.677  -4.605  -9.031 0.0000000000
90991  24.626  -3.486  -9.366 0.0000000000
92701  23.723  -2.051  -9.521 0.0000000000
93468  26.817  -0.536  -3.938 0.0000000000
95884  20.502  2.604  -5.245 0.0000000000
95928  22.751  2.294  -9.213 0.0000000000
96740  23.958  3.659  -9.076 0.0000000000
97618  20.672  5.133  -8.747 0.0000000000
99418  21.168  6.273  -10.256 0.0000000000
100228  20.513  7.975  -10.472 0.0000000000
101013  19.956  8.578  -10.686 0.0000000000
101020  20.154  8.624  -10.824 0.0000000000
130473  24.893  -6.608  -9.618 0.0000000000
135820  23.679  8.855  -6.755 0.0000000000
136883  22.453  -2.547  -9.098 0.0000000000
138540  23.602  -3.341  -9.619 0.0000000000
145634  26.467  -11.522  -8.688 0.0000000000
148017  20.917  4.729  -9.188 0.0000000000
