#!ascii label  , from subject sub-fsm76cw vox2ras=TkReg
1228
45096  0.074  -32.975  92.598 0.0000000000
37638  -3.320  -41.214  71.783 0.0000000000
39810  -5.426  -38.972  87.564 0.0000000000
117065  -2.986  -33.314  81.938 0.0000000000
48076  -6.576  -30.584  76.523 0.0000000000
40671  -1.628  -37.895  90.750 0.0000000000
43271  -2.541  -34.420  89.267 0.0000000000
43256  3.262  -34.282  91.676 0.0000000000
125567  0.419  -39.997  90.142 0.0000000000
35780  -3.768  -41.668  87.952 0.0000000000
47974  -7.943  -28.807  84.817 0.0000000000
44375  -7.217  -32.210  78.693 0.0000000000
49992  -5.769  -27.201  82.355 0.0000000000
39053  -7.761  -40.600  83.007 0.0000000000
40766  -4.966  -38.318  80.524 0.0000000000
42387  -2.565  -36.045  84.835 0.0000000000
43311  -6.749  -32.419  87.007 0.0000000000
118316  -2.854  -36.203  76.018 0.0000000000
42549  -4.855  -33.944  72.914 0.0000000000
45343  -7.378  -32.129  69.736 0.0000000000
48090  -2.523  -29.109  74.525 0.0000000000
41488  -0.510  -35.527  92.109 0.0000000000
42337  -2.283  -33.786  90.964 0.0000000000
119527  1.820  -33.824  92.575 0.0000000000
39786  2.543  -37.898  90.912 0.0000000000
40660  1.240  -37.003  92.443 0.0000000000
118052  -0.789  -39.094  91.622 0.0000000000
49018  -7.440  -28.244  83.873 0.0000000000
39032  -7.146  -40.137  85.624 0.0000000000
119064  -5.970  -38.354  84.141 0.0000000000
41509  -3.685  -37.132  86.453 0.0000000000
112841  -6.397  -31.985  89.862 0.0000000000
109500  -4.994  -33.169  88.046 0.0000000000
38248  -5.213  -40.577  88.355 0.0000000000
35793  -5.547  -42.197  86.347 0.0000000000
37442  -6.493  -41.382  86.312 0.0000000000
37469  -7.376  -42.085  84.348 0.0000000000
42439  -2.057  -35.245  81.470 0.0000000000
41606  -3.916  -37.372  78.252 0.0000000000
43404  -2.490  -34.388  78.646 0.0000000000
46122  -7.564  -31.378  77.792 0.0000000000
43438  -5.579  -33.306  76.201 0.0000000000
44411  -6.711  -32.435  74.624 0.0000000000
44452  -6.134  -33.084  71.416 0.0000000000
47108  -7.033  -30.756  73.610 0.0000000000
127931  -3.959  -38.771  89.050 0.0000000000
41503  -1.778  -36.399  88.227 0.0000000000
42351  -1.365  -35.578  90.227 0.0000000000
125684  -4.614  -32.543  90.744 0.0000000000
43269  4.312  -34.227  89.380 0.0000000000
121197  4.598  -36.504  86.425 0.0000000000
40676  3.817  -37.203  89.138 0.0000000000
38252  1.712  -39.861  88.149 0.0000000000
36580  -1.872  -41.141  89.094 0.0000000000
121069  -2.978  -40.087  90.213 0.0000000000
122005  -7.161  -32.792  83.236 0.0000000000
44344  -5.309  -33.372  80.112 0.0000000000
110619  -7.460  -31.943  81.928 0.0000000000
48018  -6.659  -30.186  80.662 0.0000000000
48030  -5.111  -29.540  79.915 0.0000000000
47875  0.711  -29.811  91.871 0.0000000000
45149  7.063  -30.654  87.508 0.0000000000
46908  8.763  -29.227  90.266 0.0000000000
45098  4.837  -31.746  91.087 0.0000000000
114991  3.149  -30.335  92.049 0.0000000000
37514  -8.026  -41.675  81.405 0.0000000000
38335  -7.160  -40.862  80.317 0.0000000000
111317  -6.913  -39.448  82.109 0.0000000000
41542  -4.169  -36.961  83.054 0.0000000000
44274  -1.645  -33.603  83.824 0.0000000000
42365  -1.320  -35.138  87.439 0.0000000000
44240  -3.223  -33.327  86.347 0.0000000000
44278  -5.563  -33.115  84.754 0.0000000000
45165  -7.691  -31.782  85.332 0.0000000000
39116  -6.453  -40.371  77.980 0.0000000000
39127  -5.039  -39.621  76.136 0.0000000000
40003  -2.971  -38.549  73.732 0.0000000000
43436  -3.939  -33.988  76.637 0.0000000000
42513  -3.388  -35.301  74.212 0.0000000000
40873  -2.652  -37.381  71.248 0.0000000000
41746  -4.603  -36.665  69.181 0.0000000000
42595  -6.168  -35.230  68.602 0.0000000000
50965  -4.996  -26.007  81.132 0.0000000000
106690  -3.490  -28.447  79.418 0.0000000000
50993  -2.172  -26.329  77.551 0.0000000000
48092  -4.475  -30.093  75.499 0.0000000000
48137  -5.305  -30.001  72.215 0.0000000000
43247  -0.353  -34.360  92.440 0.0000000000
124299  -1.276  -33.886  92.109 0.0000000000
108355  -1.330  -31.425  92.006 0.0000000000
45094  1.260  -33.468  92.660 0.0000000000
42327  1.273  -35.327  92.594 0.0000000000
43245  0.816  -34.982  92.700 0.0000000000
119759  0.312  -36.173  92.476 0.0000000000
36831  -4.437  -41.693  70.474 0.0000000000
38426  -3.660  -40.282  70.395 0.0000000000
39812  -6.323  -39.661  86.577 0.0000000000
40704  -5.299  -38.219  86.295 0.0000000000
40694  -5.041  -38.336  87.192 0.0000000000
42397  4.974  -34.476  85.131 0.0000000000
39006  -5.448  -40.214  88.196 0.0000000000
38255  -5.794  -40.671  87.280 0.0000000000
39022  -6.058  -40.045  87.090 0.0000000000
124719  -7.081  -40.649  85.937 0.0000000000
43380  -1.904  -33.894  81.449 0.0000000000
42462  -2.291  -35.444  79.784 0.0000000000
121453  -2.709  -33.571  80.541 0.0000000000
47067  -7.164  -30.811  77.107 0.0000000000
45265  -7.492  -31.720  76.419 0.0000000000
47084  -7.151  -30.893  75.920 0.0000000000
46170  -7.672  -31.547  73.794 0.0000000000
48109  -6.880  -30.801  74.917 0.0000000000
40673  -2.087  -37.864  90.206 0.0000000000
113391  -2.146  -37.510  89.526 0.0000000000
41497  -1.146  -36.328  90.672 0.0000000000
42343  -3.057  -33.473  90.663 0.0000000000
45980  -5.048  -30.963  90.698 0.0000000000
43260  3.821  -33.833  90.633 0.0000000000
120823  4.128  -35.848  89.164 0.0000000000
41496  3.404  -36.246  90.274 0.0000000000
38993  1.793  -38.838  90.886 0.0000000000
38245  2.085  -39.220  89.475 0.0000000000
38246  1.048  -40.088  89.382 0.0000000000
37427  -0.457  -40.603  89.599 0.0000000000
39788  -0.891  -38.312  91.578 0.0000000000
38995  -1.746  -39.663  90.933 0.0000000000
39790  -2.137  -39.301  90.936 0.0000000000
39000  -3.578  -39.423  89.879 0.0000000000
45187  -8.348  -32.224  84.287 0.0000000000
44314  -7.366  -32.419  82.880 0.0000000000
122757  -7.487  -30.442  83.800 0.0000000000
49033  -6.241  -28.267  82.948 0.0000000000
47988  -6.572  -29.587  82.691 0.0000000000
49047  -5.684  -28.987  82.300 0.0000000000
48017  -6.304  -30.016  80.436 0.0000000000
49046  -5.155  -28.903  81.689 0.0000000000
45112  5.806  -31.301  89.942 0.0000000000
111694  -8.071  -40.868  82.153 0.0000000000
39068  -7.894  -40.420  81.842 0.0000000000
39884  -7.374  -39.746  82.311 0.0000000000
109129  -4.046  -36.948  84.745 0.0000000000
41536  -4.764  -37.442  83.486 0.0000000000
42401  -2.681  -35.964  83.930 0.0000000000
42412  -1.994  -35.389  83.478 0.0000000000
42399  -1.368  -34.848  84.808 0.0000000000
42362  -1.418  -35.297  88.304 0.0000000000
41506  -1.500  -35.785  87.805 0.0000000000
43278  -1.595  -34.673  87.963 0.0000000000
43294  -5.572  -32.834  87.692 0.0000000000
44241  -4.207  -33.401  86.853 0.0000000000
44242  -5.024  -33.155  86.526 0.0000000000
123484  -3.687  -33.224  85.051 0.0000000000
107562  -6.024  -32.946  85.565 0.0000000000
44280  -6.938  -32.783  84.899 0.0000000000
44264  -7.693  -31.861  86.101 0.0000000000
39834  3.647  -37.879  85.730 0.0000000000
40716  3.979  -37.200  84.408 0.0000000000
35783  -3.403  -41.815  87.423 0.0000000000
35801  -3.892  -42.558  86.045 0.0000000000
35791  -4.649  -42.166  86.598 0.0000000000
35803  -6.314  -42.497  85.417 0.0000000000
35038  -6.024  -43.093  84.980 0.0000000000
38296  -7.542  -41.247  83.967 0.0000000000
36668  -8.157  -42.552  82.868 0.0000000000
39916  -6.747  -39.763  80.738 0.0000000000
39091  -6.701  -40.347  79.575 0.0000000000
39932  -5.994  -39.335  79.414 0.0000000000
41618  -3.576  -37.150  77.391 0.0000000000
40810  -4.586  -38.358  77.050 0.0000000000
40809  -3.984  -37.891  76.399 0.0000000000
39979  -4.031  -38.651  75.454 0.0000000000
39978  -3.454  -37.882  74.960 0.0000000000
43395  -5.953  -33.055  79.547 0.0000000000
44374  -4.492  -33.589  78.419 0.0000000000
43408  -5.803  -32.993  78.246 0.0000000000
122509  -4.946  -33.737  73.865 0.0000000000
43452  -4.816  -34.113  75.065 0.0000000000
42514  -3.838  -34.810  73.518 0.0000000000
41701  -2.774  -36.476  72.770 0.0000000000
42547  -3.601  -34.939  71.636 0.0000000000
41731  -3.588  -36.440  70.276 0.0000000000
42563  -3.958  -34.646  71.139 0.0000000000
44468  -7.214  -32.948  70.190 0.0000000000
117026  -6.040  -33.779  69.539 0.0000000000
122444  -7.217  -33.775  68.809 0.0000000000
51870  -5.116  -24.922  79.703 0.0000000000
50963  -3.538  -27.088  80.255 0.0000000000
51868  -3.423  -25.882  79.261 0.0000000000
50070  -1.412  -27.538  75.690 0.0000000000
50059  -1.661  -27.861  76.477 0.0000000000
109009  -2.515  -28.519  77.345 0.0000000000
48091  -3.128  -29.324  75.225 0.0000000000
48124  -4.948  -30.124  73.661 0.0000000000
48123  -3.956  -29.649  73.528 0.0000000000
119250  -0.524  -36.563  91.841 0.0000000000
42341  -1.105  -35.255  91.502 0.0000000000
42336  -1.244  -34.556  91.512 0.0000000000
43249  2.750  -34.563  92.198 0.0000000000
40663  2.623  -36.342  91.306 0.0000000000
41484  2.393  -36.026  92.155 0.0000000000
39777  1.724  -37.599  92.104 0.0000000000
38988  0.957  -38.839  91.485 0.0000000000
38237  -0.121  -39.561  91.009 0.0000000000
115403  0.410  -38.469  92.036 0.0000000000
40666  -0.239  -37.324  91.958 0.0000000000
127608  -8.282  -27.551  84.579 0.0000000000
47973  -7.505  -28.971  84.183 0.0000000000
49979  -8.240  -26.667  83.932 0.0000000000
49995  -7.830  -26.406  83.455 0.0000000000
50939  -7.326  -26.280  82.833 0.0000000000
123941  -7.519  -40.533  83.995 0.0000000000
39866  -6.967  -39.200  83.523 0.0000000000
39850  -6.324  -38.660  84.689 0.0000000000
40713  -5.202  -37.911  85.370 0.0000000000
112551  -3.211  -36.721  85.907 0.0000000000
43273  -4.298  -33.511  89.325 0.0000000000
117648  -4.291  -33.886  88.956 0.0000000000
108834  -5.237  -32.908  88.413 0.0000000000
43284  -6.378  -32.636  88.130 0.0000000000
44214  -7.892  -32.046  87.732 0.0000000000
46014  -8.099  -31.204  87.084 0.0000000000
36584  -4.797  -41.015  88.499 0.0000000000
35785  -4.732  -41.721  87.289 0.0000000000
120619  -5.569  -41.159  87.381 0.0000000000
36600  -6.332  -41.550  86.305 0.0000000000
36601  -6.819  -41.818  85.806 0.0000000000
36628  -7.315  -42.746  84.368 0.0000000000
37468  -7.227  -41.724  85.022 0.0000000000
38284  -7.344  -41.299  84.888 0.0000000000
41576  -3.867  -36.938  80.462 0.0000000000
106891  -4.840  -38.410  79.605 0.0000000000
41575  -2.923  -36.334  80.065 0.0000000000
122865  -2.882  -36.347  78.460 0.0000000000
42479  -2.465  -35.032  77.462 0.0000000000
45238  -7.653  -31.847  78.159 0.0000000000
43424  -6.564  -32.459  77.477 0.0000000000
43440  -7.091  -32.080  76.577 0.0000000000
43468  -6.318  -32.640  75.149 0.0000000000
43482  -5.722  -33.366  73.871 0.0000000000
43494  -5.126  -33.790  72.195 0.0000000000
44439  -6.705  -32.989  73.176 0.0000000000
45301  -7.370  -32.427  72.715 0.0000000000
46204  -7.255  -31.118  71.034 0.0000000000
49140  -1.256  -28.238  74.414 0.0000000000
48122  -3.076  -29.389  73.149 0.0000000000
48133  -1.593  -28.949  72.418 0.0000000000
39800  -4.249  -38.494  88.405 0.0000000000
40683  -4.344  -37.985  87.626 0.0000000000
40678  -2.424  -37.142  88.659 0.0000000000
41501  -1.533  -36.516  89.178 0.0000000000
42358  -1.849  -34.938  89.722 0.0000000000
42347  -1.665  -34.661  90.928 0.0000000000
118548  -2.344  -34.114  90.435 0.0000000000
42360  -3.442  -33.759  89.712 0.0000000000
44189  -5.452  -32.057  90.468 0.0000000000
127261  5.073  -33.178  88.602 0.0000000000
42372  4.900  -34.399  86.764 0.0000000000
42361  4.683  -35.046  88.052 0.0000000000
40672  2.971  -37.344  90.472 0.0000000000
39008  2.743  -38.898  88.241 0.0000000000
38273  2.145  -39.243  86.919 0.0000000000
35782  -2.709  -41.841  87.877 0.0000000000
121144  -3.168  -41.304  88.636 0.0000000000
37413  -0.968  -40.187  90.235 0.0000000000
127721  -2.439  -40.663  89.444 0.0000000000
121043  -3.481  -40.749  89.062 0.0000000000
118535  -4.023  -40.183  89.392 0.0000000000
39004  -4.558  -39.800  89.031 0.0000000000
122899  -5.166  -33.363  82.459 0.0000000000
107198  -4.969  -33.430  81.071 0.0000000000
44329  -6.434  -33.052  81.547 0.0000000000
112990  -6.782  -32.726  81.285 0.0000000000
44347  -7.214  -32.172  80.046 0.0000000000
47003  -7.348  -30.609  82.878 0.0000000000
47016  -7.268  -30.757  81.654 0.0000000000
46093  -7.519  -31.378  79.138 0.0000000000
47045  -7.374  -30.943  78.757 0.0000000000
48048  -7.096  -30.713  78.268 0.0000000000
48061  -6.675  -30.516  77.816 0.0000000000
46886  0.161  -31.505  92.333 0.0000000000
44222  5.662  -31.798  87.251 0.0000000000
47905  10.566  -28.313  89.959 0.0000000000
47878  9.635  -28.480  90.743 0.0000000000
46919  9.392  -29.110  89.783 0.0000000000
45998  8.077  -29.920  89.208 0.0000000000
45130  7.358  -30.503  88.699 0.0000000000
44201  5.927  -31.935  88.818 0.0000000000
43259  4.507  -33.122  90.170 0.0000000000
44178  4.135  -32.636  91.441 0.0000000000
45966  4.102  -31.319  91.750 0.0000000000
45100  3.322  -33.098  92.116 0.0000000000
45093  2.323  -33.234  92.473 0.0000000000
45960  1.461  -32.694  92.615 0.0000000000
39917  -7.319  -40.002  81.276 0.0000000000
116422  -5.819  -38.855  81.354 0.0000000000
40725  -6.492  -38.946  83.104 0.0000000000
40740  -5.334  -38.142  82.190 0.0000000000
41562  -4.676  -37.607  81.743 0.0000000000
42426  -2.659  -35.913  82.125 0.0000000000
42424  -1.630  -34.405  82.568 0.0000000000
44310  -2.492  -33.315  82.644 0.0000000000
41508  -3.026  -36.895  87.186 0.0000000000
41518  -2.707  -36.570  86.536 0.0000000000
42375  -1.611  -35.522  86.196 0.0000000000
43291  -2.262  -34.124  87.614 0.0000000000
44225  -2.139  -33.710  86.829 0.0000000000
43326  -1.255  -34.216  85.213 0.0000000000
44257  -2.079  -33.286  85.104 0.0000000000
44276  -2.853  -33.207  84.578 0.0000000000
44294  -4.046  -33.305  83.359 0.0000000000
44296  -6.021  -33.162  83.807 0.0000000000
44299  -8.366  -32.257  84.263 0.0000000000
107866  -7.766  -30.751  85.091 0.0000000000
46956  -8.385  -30.099  86.298 0.0000000000
47948  -8.416  -28.868  85.740 0.0000000000
49004  -8.555  -27.879  85.224 0.0000000000
35044  -4.537  -43.509  84.775 0.0000000000
35028  -5.111  -42.625  85.877 0.0000000000
40794  -5.557  -39.124  78.101 0.0000000000
126725  -5.737  -39.496  77.374 0.0000000000
39176  -2.614  -39.669  72.651 0.0000000000
44361  -4.318  -33.479  79.435 0.0000000000
43405  -2.915  -33.919  78.177 0.0000000000
43435  -3.121  -34.358  76.483 0.0000000000
108166  -5.427  -33.663  76.742 0.0000000000
43451  -3.969  -34.410  75.249 0.0000000000
123057  -3.141  -35.748  74.789 0.0000000000
41685  -2.935  -36.646  73.738 0.0000000000
40016  -2.568  -38.122  72.882 0.0000000000
39190  -2.648  -39.388  71.626 0.0000000000
116222  -3.575  -38.723  70.047 0.0000000000
42575  -4.619  -34.705  70.022 0.0000000000
41748  -5.338  -35.642  68.791 0.0000000000
51846  -6.979  -25.370  81.685 0.0000000000
51859  -6.571  -24.811  80.766 0.0000000000
50952  -5.461  -26.563  81.802 0.0000000000
49045  -4.435  -28.135  81.351 0.0000000000
49072  -4.161  -28.860  79.948 0.0000000000
125476  -4.566  -29.658  78.481 0.0000000000
50039  -2.441  -27.506  78.361 0.0000000000
49102  -3.898  -29.506  77.590 0.0000000000
48075  -5.894  -30.407  76.101 0.0000000000
48108  -6.357  -30.629  74.295 0.0000000000
48153  -6.470  -30.458  72.152 0.0000000000
47140  -6.934  -30.364  70.641 0.0000000000
110826  -5.697  -29.919  70.066 0.0000000000
44176  -0.138  -33.631  92.552 0.0000000000
45097  -0.785  -32.732  92.402 0.0000000000
45962  -0.558  -32.136  92.362 0.0000000000
45095  0.755  -33.259  92.662 0.0000000000
113730  0.987  -34.004  92.719 0.0000000000
44175  0.586  -33.883  92.674 0.0000000000
43246  0.373  -34.888  92.636 0.0000000000
37639  -3.968  -41.851  71.431 0.0000000000
37649  -3.714  -41.103  70.899 0.0000000000
39811  -5.910  -39.399  87.090 0.0000000000
39821  -5.587  -38.778  86.899 0.0000000000
115263  5.329  -32.999  86.088 0.0000000000
43325  5.244  -33.800  85.617 0.0000000000
43306  5.189  -33.705  86.364 0.0000000000
39009  -5.635  -39.732  87.832 0.0000000000
39010  -5.798  -40.113  87.638 0.0000000000
44326  -2.249  -33.549  81.829 0.0000000000
44341  -2.275  -33.743  80.938 0.0000000000
44327  -2.786  -33.434  81.184 0.0000000000
48077  -7.159  -30.818  76.564 0.0000000000
48078  -7.217  -30.881  76.195 0.0000000000
48110  -7.241  -30.882  75.349 0.0000000000
48095  -7.065  -30.865  75.772 0.0000000000
118567  -1.134  -37.166  91.004 0.0000000000
42338  3.310  -34.479  91.160 0.0000000000
41493  3.423  -35.523  90.423 0.0000000000
42345  3.088  -35.247  91.021 0.0000000000
115721  0.813  -39.570  90.524 0.0000000000
110347  1.585  -39.678  89.841 0.0000000000
38243  1.162  -39.912  89.875 0.0000000000
37425  0.629  -40.638  89.009 0.0000000000
37418  0.446  -40.359  89.706 0.0000000000
37426  0.036  -40.687  89.334 0.0000000000
37419  -0.017  -40.290  90.040 0.0000000000
40670  -1.201  -37.887  91.242 0.0000000000
39789  -1.622  -38.573  91.106 0.0000000000
39792  -2.325  -38.645  90.495 0.0000000000
46989  -7.652  -30.826  84.462 0.0000000000
128171  -7.667  -31.743  84.030 0.0000000000
109235  -7.594  -29.728  84.395 0.0000000000
49993  -6.304  -27.277  82.745 0.0000000000
49032  -5.625  -28.107  82.440 0.0000000000
38311  -7.952  -40.971  82.770 0.0000000000
39061  -7.896  -40.470  82.341 0.0000000000
39052  -7.647  -40.099  82.600 0.0000000000
41525  -3.259  -36.611  85.202 0.0000000000
111558  -3.376  -36.527  84.352 0.0000000000
42400  -1.902  -35.461  84.377 0.0000000000
43270  -1.645  -34.786  88.866 0.0000000000
43279  -2.363  -34.347  88.481 0.0000000000
43310  -6.091  -32.645  87.250 0.0000000000
43309  -5.595  -32.844  86.855 0.0000000000
124767  -5.656  -32.947  86.254 0.0000000000
43328  -6.765  -32.554  86.559 0.0000000000
44262  -7.066  -32.599  85.813 0.0000000000
44243  -7.149  -32.332  86.681 0.0000000000
121344  -3.807  -41.735  87.609 0.0000000000
110467  -4.022  -41.880  87.000 0.0000000000
35784  -4.461  -41.738  87.310 0.0000000000
35040  -6.580  -43.294  84.636 0.0000000000
35039  -6.289  -43.011  84.856 0.0000000000
38303  -7.717  -41.127  83.466 0.0000000000
37485  -7.870  -41.678  83.236 0.0000000000
37494  -8.109  -41.544  82.481 0.0000000000
40768  -6.052  -39.316  80.143 0.0000000000
39933  -6.470  -39.686  80.016 0.0000000000
40767  -5.524  -38.830  80.250 0.0000000000
122498  -3.203  -36.919  76.616 0.0000000000
111853  -3.860  -37.588  76.880 0.0000000000
40808  -3.334  -37.166  75.950 0.0000000000
40827  -3.753  -37.868  75.689 0.0000000000
43397  -6.449  -32.657  79.006 0.0000000000
43396  -5.804  -33.095  78.818 0.0000000000
42532  -4.787  -33.889  73.427 0.0000000000
42515  -4.504  -34.145  73.837 0.0000000000
42531  -4.393  -34.264  73.091 0.0000000000
42530  -3.759  -34.833  72.671 0.0000000000
42548  -4.280  -34.370  72.235 0.0000000000
44483  -7.090  -33.776  69.643 0.0000000000
117514  -7.344  -32.902  69.280 0.0000000000
52787  -6.063  -23.863  79.170 0.0000000000
51884  -5.392  -24.212  79.071 0.0000000000
51869  -4.220  -25.351  79.494 0.0000000000
51883  -4.631  -24.619  78.919 0.0000000000
49141  -1.791  -28.692  74.922 0.0000000000
49128  -1.791  -28.407  75.748 0.0000000000
49129  -2.404  -28.916  75.491 0.0000000000
48106  -3.490  -29.476  74.407 0.0000000000
108670  -3.085  -29.337  73.873 0.0000000000
41492  -0.694  -35.845  91.768 0.0000000000
42335  -0.636  -35.145  92.112 0.0000000000
45968  -2.143  -31.658  91.883 0.0000000000
43242  2.377  -34.288  92.397 0.0000000000
125110  2.607  -35.123  92.206 0.0000000000
43250  2.171  -34.950  92.407 0.0000000000
123728  1.282  -36.240  92.502 0.0000000000
41486  1.641  -36.607  92.401 0.0000000000
120648  1.629  -37.229  92.300 0.0000000000
39783  1.448  -38.255  91.924 0.0000000000
39778  1.359  -37.785  92.239 0.0000000000
39784  0.951  -38.434  92.041 0.0000000000
39779  0.848  -37.800  92.318 0.0000000000
42334  -0.061  -35.515  92.462 0.0000000000
40662  0.193  -36.853  92.284 0.0000000000
41491  -0.221  -36.208  92.192 0.0000000000
49980  -8.473  -26.958  84.347 0.0000000000
50940  -8.369  -25.956  83.577 0.0000000000
51834  -7.918  -25.620  83.016 0.0000000000
39039  -7.408  -40.311  84.729 0.0000000000
39852  -7.319  -39.743  84.011 0.0000000000
125801  -7.054  -39.438  85.042 0.0000000000
40703  -4.511  -37.629  85.914 0.0000000000
41526  -3.953  -37.010  85.568 0.0000000000
43267  -5.750  -32.594  89.585 0.0000000000
43274  -4.723  -33.083  88.920 0.0000000000
44197  -6.366  -32.352  89.327 0.0000000000
44204  -7.003  -32.129  88.691 0.0000000000
45142  -7.525  -32.174  88.188 0.0000000000
46006  -8.134  -31.421  88.128 0.0000000000
46007  -8.288  -30.967  87.564 0.0000000000
37428  -5.005  -40.904  88.477 0.0000000000
36589  -5.214  -41.311  88.004 0.0000000000
37429  -5.469  -40.947  88.017 0.0000000000
37434  -6.100  -40.859  86.896 0.0000000000
115652  -7.046  -42.015  85.359 0.0000000000
37443  -6.987  -41.585  85.846 0.0000000000
39033  -7.331  -40.816  85.212 0.0000000000
38295  -7.466  -41.005  84.349 0.0000000000
41560  -3.219  -36.468  80.938 0.0000000000
42454  -2.444  -35.680  80.681 0.0000000000
43394  -2.217  -34.505  79.677 0.0000000000
120111  -2.297  -35.188  78.886 0.0000000000
42471  -2.541  -35.686  78.163 0.0000000000
124756  -2.361  -34.922  78.152 0.0000000000
44384  -7.582  -32.023  77.882 0.0000000000
124928  -7.521  -31.922  77.166 0.0000000000
122644  -7.212  -31.757  75.368 0.0000000000
109949  -6.864  -32.128  75.659 0.0000000000
121762  -6.184  -32.991  74.417 0.0000000000
44426  -6.402  -33.061  73.880 0.0000000000
109004  -6.020  -33.321  73.327 0.0000000000
44427  -6.927  -32.637  73.891 0.0000000000
46169  -7.472  -30.966  73.256 0.0000000000
125258  -7.513  -31.790  72.478 0.0000000000
116674  -7.308  -32.091  71.803 0.0000000000
46184  -7.412  -31.108  72.320 0.0000000000
50081  -1.220  -27.278  74.805 0.0000000000
49151  -1.070  -28.387  73.535 0.0000000000
48120  -1.589  -28.924  73.203 0.0000000000
40679  -3.286  -38.005  89.082 0.0000000000
41500  -1.268  -36.248  89.893 0.0000000000
42357  -1.344  -35.606  89.224 0.0000000000
42342  -1.453  -34.586  91.142 0.0000000000
42346  -1.276  -35.390  91.020 0.0000000000
124901  -2.848  -33.613  90.374 0.0000000000
42349  -3.628  -33.300  90.344 0.0000000000
42353  -2.614  -34.090  90.143 0.0000000000
43261  -4.251  -33.118  90.097 0.0000000000
44192  -5.003  -32.441  90.507 0.0000000000
42355  4.740  -34.022  88.538 0.0000000000
42356  4.412  -35.064  88.817 0.0000000000
40675  4.115  -36.558  88.805 0.0000000000
40680  4.337  -36.517  88.006 0.0000000000
40681  3.931  -37.340  88.374 0.0000000000
40669  2.581  -37.131  91.130 0.0000000000
40668  2.939  -36.628  90.644 0.0000000000
39791  2.906  -38.103  90.255 0.0000000000
38251  2.152  -39.303  88.603 0.0000000000
39003  2.711  -38.858  89.094 0.0000000000
38263  2.195  -39.332  87.775 0.0000000000
38264  1.621  -39.766  87.287 0.0000000000
37439  1.074  -40.202  86.721 0.0000000000
37456  -0.043  -40.945  86.346 0.0000000000
121119  -1.710  -41.605  88.875 0.0000000000
36593  -2.194  -41.997  88.426 0.0000000000
36586  -2.409  -41.616  88.720 0.0000000000
38233  -0.660  -39.548  91.138 0.0000000000
38238  -0.455  -39.776  90.750 0.0000000000
124908  -0.941  -39.896  90.630 0.0000000000
113216  -2.318  -39.729  90.560 0.0000000000
37415  -2.107  -40.404  89.896 0.0000000000
37416  -2.779  -40.600  89.536 0.0000000000
37423  -2.782  -40.897  89.093 0.0000000000
37417  -3.362  -40.350  89.686 0.0000000000
38244  -3.970  -40.487  89.128 0.0000000000
39795  -3.474  -38.785  89.565 0.0000000000
39001  -4.077  -39.863  89.512 0.0000000000
39796  -4.056  -39.346  89.320 0.0000000000
39797  -4.551  -39.226  88.782 0.0000000000
44313  -6.813  -33.045  83.188 0.0000000000
107765  -5.702  -33.310  81.831 0.0000000000
129149  -6.437  -33.110  82.281 0.0000000000
44331  -7.143  -32.405  81.332 0.0000000000
44346  -6.873  -32.489  80.473 0.0000000000
45206  -7.373  -31.920  80.611 0.0000000000
46988  -7.244  -29.805  83.590 0.0000000000
47972  -6.989  -29.234  83.424 0.0000000000
48003  -6.568  -29.959  81.726 0.0000000000
47015  -6.913  -30.084  82.434 0.0000000000
47024  -6.964  -30.410  81.026 0.0000000000
114070  -7.426  -31.401  79.983 0.0000000000
47035  -7.310  -30.921  79.448 0.0000000000
47034  -6.984  -30.571  79.825 0.0000000000
48031  -6.189  -30.092  79.682 0.0000000000
48032  -6.942  -30.544  79.117 0.0000000000
48047  -6.487  -30.338  78.706 0.0000000000
48046  -5.491  -29.941  79.052 0.0000000000
46893  0.627  -30.612  92.208 0.0000000000
47876  -0.071  -30.163  91.694 0.0000000000
47881  0.368  -29.673  91.337 0.0000000000
46021  7.436  -30.315  87.202 0.0000000000
46022  6.577  -30.757  86.754 0.0000000000
45150  6.397  -31.019  87.360 0.0000000000
47879  8.949  -28.762  90.908 0.0000000000
48898  9.304  -28.214  91.200 0.0000000000
47892  9.186  -28.855  90.521 0.0000000000
46907  9.301  -28.956  90.211 0.0000000000
46920  8.942  -29.318  89.785 0.0000000000
45997  9.012  -29.398  89.404 0.0000000000
127111  8.564  -29.556  89.487 0.0000000000
45131  6.771  -31.025  89.068 0.0000000000
45141  6.546  -31.178  88.482 0.0000000000
45105  5.482  -31.341  90.449 0.0000000000
44190  5.126  -32.250  90.098 0.0000000000
44184  4.949  -32.211  90.472 0.0000000000
44191  4.351  -33.019  90.599 0.0000000000
45106  4.687  -32.194  90.891 0.0000000000
46891  3.809  -29.754  91.538 0.0000000000
46881  3.940  -30.583  91.841 0.0000000000
45091  3.644  -32.262  91.962 0.0000000000
45957  3.429  -31.673  92.110 0.0000000000
45092  3.004  -32.689  92.260 0.0000000000
46883  2.566  -31.540  92.407 0.0000000000
47874  1.675  -29.828  92.104 0.0000000000
46884  1.886  -31.648  92.526 0.0000000000
46892  1.473  -30.885  92.386 0.0000000000
46885  1.049  -31.682  92.517 0.0000000000
36696  -8.039  -42.475  81.045 0.0000000000
38326  -7.747  -41.106  81.050 0.0000000000
39901  -7.405  -39.850  81.798 0.0000000000
39067  -7.638  -40.128  81.549 0.0000000000
39900  -6.890  -39.623  81.444 0.0000000000
40742  -6.342  -39.194  81.659 0.0000000000
40719  -6.428  -38.789  83.868 0.0000000000
40724  -5.960  -38.449  83.454 0.0000000000
40731  -5.404  -38.003  83.037 0.0000000000
41550  -4.770  -37.547  82.588 0.0000000000
41549  -4.173  -36.966  82.167 0.0000000000
41548  -3.383  -36.535  81.752 0.0000000000
41541  -3.425  -36.518  82.612 0.0000000000
118545  -1.672  -34.771  83.158 0.0000000000
42425  -1.953  -35.210  82.515 0.0000000000
43351  -1.433  -34.110  83.338 0.0000000000
43360  -1.665  -33.827  82.604 0.0000000000
44291  -1.732  -33.624  83.148 0.0000000000
40682  -3.427  -37.605  88.079 0.0000000000
128249  -3.226  -37.191  87.610 0.0000000000
41504  -2.662  -36.877  87.870 0.0000000000
41507  -2.042  -36.359  87.309 0.0000000000
42366  -1.491  -35.662  87.008 0.0000000000
41517  -2.004  -36.040  86.588 0.0000000000
42374  -1.231  -35.030  86.583 0.0000000000
107332  -4.500  -33.791  88.455 0.0000000000
43292  -3.412  -34.090  88.043 0.0000000000
43293  -4.378  -33.693  87.683 0.0000000000
44226  -3.197  -33.679  87.172 0.0000000000
116574  -2.662  -33.489  86.601 0.0000000000
43307  -1.337  -34.371  86.073 0.0000000000
44238  -1.558  -33.705  85.595 0.0000000000
44277  -4.557  -33.198  84.934 0.0000000000
114941  -3.805  -33.244  84.220 0.0000000000
113458  -4.858  -33.249  84.018 0.0000000000
44282  -7.668  -31.933  85.217 0.0000000000
44281  -7.464  -32.194  85.148 0.0000000000
45175  -8.577  -32.461  84.353 0.0000000000
46047  -7.718  -31.719  85.135 0.0000000000
46957  -8.474  -29.638  86.535 0.0000000000
128320  4.853  -36.012  86.364 0.0000000000
42373  4.937  -35.342  86.344 0.0000000000
41523  4.751  -36.053  85.732 0.0000000000
35802  -4.691  -42.598  86.009 0.0000000000
35812  -3.931  -42.951  85.310 0.0000000000
35786  -5.004  -41.864  87.001 0.0000000000
35792  -4.875  -42.010  86.770 0.0000000000
118079  -8.245  -42.899  81.630 0.0000000000
39104  -6.641  -40.568  78.925 0.0000000000
38355  -6.652  -41.186  78.668 0.0000000000
41607  -4.123  -37.627  79.144 0.0000000000
40781  -4.608  -38.328  78.641 0.0000000000
39114  -4.935  -38.982  76.665 0.0000000000
39957  -5.354  -39.110  77.431 0.0000000000
121937  -5.512  -39.516  76.902 0.0000000000
39128  -5.677  -40.144  76.547 0.0000000000
39144  -4.663  -39.995  75.381 0.0000000000
39992  -3.451  -38.621  74.634 0.0000000000
39143  -3.959  -39.493  74.908 0.0000000000
39142  -3.343  -39.271  74.250 0.0000000000
38401  -3.110  -40.549  73.279 0.0000000000
39159  -2.996  -39.529  73.546 0.0000000000
44343  -4.130  -33.424  80.386 0.0000000000
43421  -4.173  -33.750  77.486 0.0000000000
44383  -3.553  -33.739  78.030 0.0000000000
43420  -3.199  -33.991  77.333 0.0000000000
122667  -5.884  -32.905  76.977 0.0000000000
110284  -5.293  -33.773  75.584 0.0000000000
42500  -4.215  -34.451  74.378 0.0000000000
42499  -3.482  -35.054  74.939 0.0000000000
41666  -3.043  -36.317  74.425 0.0000000000
41667  -3.167  -35.672  73.744 0.0000000000
41716  -2.674  -36.464  71.714 0.0000000000
40861  -2.460  -37.336  72.325 0.0000000000
40033  -2.369  -38.354  71.946 0.0000000000
40034  -2.916  -38.357  70.729 0.0000000000
41732  -4.187  -36.290  69.679 0.0000000000
40894  -4.699  -37.251  68.934 0.0000000000
43510  -5.556  -33.421  71.535 0.0000000000
43509  -5.076  -33.929  70.906 0.0000000000
112840  -5.787  -35.100  68.744 0.0000000000
42588  -5.640  -34.634  69.007 0.0000000000
116890  -5.733  -36.511  68.314 0.0000000000
52779  -6.597  -24.082  79.983 0.0000000000
51858  -5.580  -25.215  80.545 0.0000000000
51845  -6.026  -25.618  81.397 0.0000000000
50951  -4.557  -27.045  81.421 0.0000000000
50030  -3.206  -27.573  79.598 0.0000000000
49071  -3.627  -28.002  80.190 0.0000000000
110420  -4.004  -29.086  79.162 0.0000000000
51002  -1.898  -26.150  76.713 0.0000000000
51904  -2.496  -25.486  77.073 0.0000000000
51880  -2.720  -25.694  77.879 0.0000000000
50983  -2.486  -26.603  78.385 0.0000000000
126112  -2.123  -27.126  77.900 0.0000000000
48073  -3.644  -29.587  75.816 0.0000000000
49116  -3.220  -29.224  76.781 0.0000000000
48074  -4.294  -29.955  76.531 0.0000000000
107036  -5.042  -30.283  75.994 0.0000000000
124381  -6.247  -30.544  74.979 0.0000000000
48107  -5.646  -30.398  74.328 0.0000000000
114195  -5.330  -30.323  72.908 0.0000000000
48138  -5.906  -30.424  72.573 0.0000000000
48152  -5.871  -30.174  71.748 0.0000000000
48135  -3.920  -29.576  72.560 0.0000000000
42330  -0.097  -34.968  92.520 0.0000000000
43251  -0.939  -34.590  92.105 0.0000000000
44177  -1.082  -33.383  92.312 0.0000000000
124555  -1.328  -32.016  92.218 0.0000000000
113210  1.456  -34.125  92.624 0.0000000000
116934  1.619  -35.101  92.535 0.0000000000
115856  1.209  -34.632  92.656 0.0000000000
43244  1.063  -35.099  92.677 0.0000000000
41482  1.051  -35.683  92.585 0.0000000000
41487  0.861  -36.220  92.528 0.0000000000
41483  0.557  -35.602  92.583 0.0000000000
37658  -4.537  -41.079  69.632 0.0000000000
38433  -4.214  -40.266  69.704 0.0000000000
39823  -6.720  -39.542  85.936 0.0000000000
39836  -6.547  -38.945  85.408 0.0000000000
39822  -6.117  -38.957  86.277 0.0000000000
40693  -4.438  -37.791  86.787 0.0000000000
38254  -5.610  -40.619  87.865 0.0000000000
39011  -6.114  -40.534  86.866 0.0000000000
38275  -6.707  -40.820  86.334 0.0000000000
39023  -6.661  -40.198  86.354 0.0000000000
43371  -1.847  -34.400  81.321 0.0000000000
42453  -2.014  -34.848  80.555 0.0000000000
43381  -2.037  -34.153  80.646 0.0000000000
44359  -2.392  -33.844  80.119 0.0000000000
47055  -7.354  -30.952  77.604 0.0000000000
45255  -7.549  -31.622  77.160 0.0000000000
46137  -7.447  -31.257  76.525 0.0000000000
46148  -7.469  -31.302  75.620 0.0000000000
46157  -7.528  -31.395  74.655 0.0000000000
45286  -7.262  -32.034  74.284 0.0000000000
47109  -7.408  -30.947  74.089 0.0000000000
40674  -2.810  -38.212  89.887 0.0000000000
40677  -1.434  -37.090  90.179 0.0000000000
125878  -3.330  -33.277  91.051 0.0000000000
44187  -4.371  -32.408  91.042 0.0000000000
45108  -4.825  -31.882  90.895 0.0000000000
45109  -5.181  -31.816  90.682 0.0000000000
43264  4.067  -34.008  90.097 0.0000000000
42350  3.813  -34.951  89.955 0.0000000000
41498  3.765  -35.757  89.820 0.0000000000
41499  3.777  -36.608  89.622 0.0000000000
39787  2.078  -38.266  91.202 0.0000000000
38992  2.360  -38.538  90.603 0.0000000000
38999  1.970  -39.083  90.268 0.0000000000
115861  1.633  -39.774  89.032 0.0000000000
36585  -0.872  -41.150  88.886 0.0000000000
36579  -1.222  -40.899  89.264 0.0000000000
38991  -1.175  -39.500  91.165 0.0000000000
38994  -1.423  -39.146  91.284 0.0000000000
38997  -3.577  -39.956  89.980 0.0000000000
38996  -2.897  -39.520  90.379 0.0000000000
128528  -3.067  -38.905  90.102 0.0000000000
45186  -7.634  -32.171  84.003 0.0000000000
45196  -7.590  -31.918  83.368 0.0000000000
46075  -7.476  -31.298  82.380 0.0000000000
125291  -7.010  -27.930  83.434 0.0000000000
49034  -6.663  -28.796  83.218 0.0000000000
47987  -6.129  -29.382  82.472 0.0000000000
48002  -5.985  -29.678  81.430 0.0000000000
48016  -5.555  -29.597  80.657 0.0000000000
46013  7.666  -30.332  87.960 0.0000000000
47880  8.422  -29.037  91.036 0.0000000000
45121  5.982  -31.446  89.631 0.0000000000
45973  6.279  -30.604  90.551 0.0000000000
45964  5.574  -30.930  90.944 0.0000000000
37504  -8.135  -41.362  81.934 0.0000000000
38318  -7.988  -40.902  81.625 0.0000000000
39060  -7.698  -40.063  82.032 0.0000000000
41535  -4.688  -37.369  84.316 0.0000000000
40723  -5.393  -37.893  83.982 0.0000000000
41534  -4.123  -36.941  83.916 0.0000000000
121022  -3.434  -36.499  83.489 0.0000000000
42413  -2.673  -35.930  83.028 0.0000000000
43341  -1.283  -34.125  84.302 0.0000000000
126542  -1.389  -35.898  88.528 0.0000000000
43308  -4.913  -33.162  87.303 0.0000000000
44258  -3.000  -33.239  85.525 0.0000000000
44259  -4.145  -33.219  85.850 0.0000000000
44260  -5.198  -33.135  85.652 0.0000000000
44279  -6.475  -32.996  84.764 0.0000000000
44261  -6.712  -32.767  85.662 0.0000000000
40702  4.104  -37.291  86.196 0.0000000000
40711  4.029  -37.254  85.300 0.0000000000
39848  3.534  -37.929  84.812 0.0000000000
35790  -2.959  -41.925  87.100 0.0000000000
109308  -3.606  -42.092  86.732 0.0000000000
125674  -4.180  -42.264  86.501 0.0000000000
35030  -5.843  -42.637  85.518 0.0000000000
37478  -7.579  -41.785  83.888 0.0000000000
36641  -7.542  -42.587  84.003 0.0000000000
36654  -7.794  -42.505  83.562 0.0000000000
36680  -8.206  -42.186  82.048 0.0000000000
114539  -6.827  -40.135  80.296 0.0000000000
107448  -6.923  -40.617  80.078 0.0000000000
39090  -6.468  -39.802  79.472 0.0000000000
39944  -6.016  -39.398  78.698 0.0000000000
40792  -4.243  -37.976  77.715 0.0000000000
39967  -4.348  -38.429  76.245 0.0000000000
123340  -4.458  -39.350  75.597 0.0000000000
43382  -6.095  -33.055  80.255 0.0000000000
44362  -5.313  -33.407  79.109 0.0000000000
43407  -5.419  -33.399  78.290 0.0000000000
43406  -4.968  -33.695  77.787 0.0000000000
43453  -5.398  -33.402  75.099 0.0000000000
42501  -4.986  -33.819  74.520 0.0000000000
41686  -3.168  -35.576  73.120 0.0000000000
41702  -3.062  -35.556  72.192 0.0000000000
41717  -3.106  -35.789  71.069 0.0000000000
120253  -2.990  -36.642  70.844 0.0000000000
41718  -3.700  -35.461  70.529 0.0000000000
42574  -4.172  -35.145  70.237 0.0000000000
119366  -6.471  -33.505  70.490 0.0000000000
43521  -5.699  -33.449  70.524 0.0000000000
124531  -6.463  -34.584  69.050 0.0000000000
51871  -5.944  -24.471  79.897 0.0000000000
51857  -4.616  -25.655  80.314 0.0000000000
50964  -4.121  -26.565  80.767 0.0000000000
50973  -3.788  -26.172  79.994 0.0000000000
51001  -1.488  -26.871  76.286 0.0000000000
50049  -1.735  -27.205  77.209 0.0000000000
50060  -1.982  -28.080  77.104 0.0000000000
49115  -2.316  -28.665  76.458 0.0000000000
49130  -2.916  -29.155  75.981 0.0000000000
107185  -3.927  -29.763  74.950 0.0000000000
107184  -4.776  -30.142  74.604 0.0000000000
121061  -4.229  -29.818  74.211 0.0000000000
112657  -4.688  -29.944  72.770 0.0000000000
41495  -0.880  -36.259  91.410 0.0000000000
126889  -2.560  -33.226  91.601 0.0000000000
43248  3.228  -34.125  91.943 0.0000000000
42339  3.016  -35.013  91.616 0.0000000000
42340  2.792  -35.434  91.892 0.0000000000
41490  2.555  -36.046  91.920 0.0000000000
40664  2.340  -36.820  91.731 0.0000000000
42326  1.785  -35.472  92.469 0.0000000000
40658  2.233  -36.560  92.099 0.0000000000
40665  2.050  -37.256  91.953 0.0000000000
39782  1.851  -37.946  91.731 0.0000000000
38235  1.230  -39.063  90.965 0.0000000000
38236  0.579  -39.326  90.937 0.0000000000
37411  0.221  -39.799  90.470 0.0000000000
38231  0.358  -39.225  91.249 0.0000000000
38232  -0.059  -39.411  91.268 0.0000000000
38990  -0.137  -39.098  91.724 0.0000000000
40661  0.646  -36.953  92.408 0.0000000000
39780  0.313  -37.681  92.214 0.0000000000
39785  -0.194  -38.398  91.915 0.0000000000
40667  -0.776  -37.287  91.534 0.0000000000
49019  -7.950  -28.127  84.497 0.0000000000
124084  -8.051  -27.424  84.237 0.0000000000
49978  -7.656  -27.267  83.745 0.0000000000
49994  -7.027  -27.109  83.201 0.0000000000
129326  -6.827  -26.695  82.763 0.0000000000
113267  -7.557  -40.259  83.353 0.0000000000
39851  -6.895  -39.054  84.364 0.0000000000
40705  -5.898  -38.430  85.468 0.0000000000
40718  -5.716  -38.084  84.735 0.0000000000
40717  -5.117  -37.740  84.696 0.0000000000
40712  -4.590  -37.427  85.095 0.0000000000
43272  -3.578  -34.023  89.509 0.0000000000
43280  -3.528  -34.167  88.746 0.0000000000
43281  -4.816  -33.225  88.595 0.0000000000
44198  -6.763  -31.898  89.311 0.0000000000
107679  -5.799  -32.772  88.464 0.0000000000
43282  -5.417  -32.890  88.065 0.0000000000
43295  -6.032  -32.704  87.790 0.0000000000
43297  -7.124  -32.376  87.681 0.0000000000
44227  -7.392  -32.194  87.340 0.0000000000
44245  -7.668  -31.858  86.855 0.0000000000
128743  -7.901  -31.850  87.353 0.0000000000
36588  -4.661  -41.380  88.208 0.0000000000
35781  -4.542  -41.604  87.825 0.0000000000
36594  -5.012  -41.547  87.632 0.0000000000
36595  -5.376  -41.367  87.271 0.0000000000
37433  -5.631  -40.788  87.552 0.0000000000
36596  -5.777  -41.348  86.781 0.0000000000
35787  -5.756  -41.514  86.715 0.0000000000
35794  -6.245  -42.237  86.214 0.0000000000
35795  -6.542  -42.199  85.710 0.0000000000
123228  -6.653  -42.699  85.035 0.0000000000
36611  -6.912  -42.448  85.105 0.0000000000
36612  -7.171  -42.228  84.810 0.0000000000
38276  -7.157  -41.173  85.711 0.0000000000
38285  -7.424  -41.540  84.358 0.0000000000
39045  -7.602  -40.825  83.671 0.0000000000
41577  -4.496  -37.637  80.929 0.0000000000
41592  -4.312  -37.670  80.046 0.0000000000
41591  -3.638  -36.895  79.573 0.0000000000
120183  -3.441  -36.835  78.731 0.0000000000
41590  -2.752  -36.130  79.073 0.0000000000
41605  -2.981  -36.591  77.891 0.0000000000
42480  -2.589  -35.764  77.360 0.0000000000
41617  -2.793  -36.330  76.915 0.0000000000
44376  -7.557  -32.003  78.408 0.0000000000
43409  -6.563  -32.510  78.181 0.0000000000
43410  -7.333  -32.148  78.034 0.0000000000
43425  -7.302  -32.093  77.416 0.0000000000
43439  -6.439  -32.515  76.651 0.0000000000
43455  -6.551  -32.418  75.987 0.0000000000
43454  -5.990  -32.870  75.640 0.0000000000
42516  -5.269  -33.510  74.218 0.0000000000
43481  -5.136  -33.649  73.557 0.0000000000
127483  -4.677  -34.078  72.285 0.0000000000
112413  -5.493  -33.517  73.039 0.0000000000
43495  -5.943  -33.298  72.473 0.0000000000
45302  -7.393  -32.326  73.513 0.0000000000
118864  -6.857  -33.041  72.176 0.0000000000
111410  -7.077  -32.966  71.198 0.0000000000
117277  -7.315  -32.136  70.683 0.0000000000
129086  -7.354  -31.472  70.132 0.0000000000
116596  -1.386  -28.132  75.177 0.0000000000
48121  -2.315  -29.157  73.611 0.0000000000
49159  -0.922  -28.526  72.671 0.0000000000
37626  -3.770  -41.788  72.369 0.0000000000
39801  -5.076  -39.107  88.237 0.0000000000
40684  -4.850  -38.582  87.814 0.0000000000
42348  -2.152  -34.041  90.593 0.0000000000
42352  -1.926  -34.759  90.467 0.0000000000
42359  -2.666  -34.350  89.885 0.0000000000
43265  -4.150  -33.341  89.462 0.0000000000
43266  -4.870  -32.949  89.552 0.0000000000
45114  -6.029  -31.837  90.215 0.0000000000
45113  -5.524  -31.613  90.529 0.0000000000
43289  4.860  -33.480  87.160 0.0000000000
42363  4.740  -34.206  87.621 0.0000000000
42364  4.899  -35.189  87.235 0.0000000000
41516  4.934  -35.968  86.895 0.0000000000
41502  4.470  -35.837  88.427 0.0000000000
41505  4.742  -35.875  87.635 0.0000000000
121385  4.238  -36.993  86.862 0.0000000000
120650  3.867  -37.596  86.957 0.0000000000
39031  2.729  -38.781  86.587 0.0000000000
41494  2.943  -35.923  90.802 0.0000000000
121479  3.370  -36.880  90.167 0.0000000000
39793  3.438  -37.481  89.731 0.0000000000
39794  3.116  -38.265  89.467 0.0000000000
39799  3.180  -38.370  88.658 0.0000000000
39007  3.226  -38.360  87.902 0.0000000000
39021  2.741  -38.845  87.425 0.0000000000
38282  2.213  -39.202  85.970 0.0000000000
37440  0.536  -40.749  87.100 0.0000000000
35789  -2.345  -41.966  87.505 0.0000000000
35779  -3.122  -41.674  88.182 0.0000000000
37412  -0.296  -40.007  90.380 0.0000000000
37420  -0.720  -40.417  89.886 0.0000000000
37421  -1.340  -40.721  89.473 0.0000000000
38239  -1.456  -40.125  90.334 0.0000000000
37414  -1.591  -40.399  89.900 0.0000000000
37422  -2.078  -40.757  89.369 0.0000000000
36581  -2.520  -41.113  88.967 0.0000000000
126913  -3.085  -40.888  89.047 0.0000000000
36587  -3.983  -41.303  88.391 0.0000000000
36583  -4.083  -41.011  88.641 0.0000000000
37424  -4.294  -40.778  88.761 0.0000000000
38247  -4.572  -40.434  88.842 0.0000000000
39002  -4.439  -40.094  89.113 0.0000000000
116476  -4.932  -40.174  88.720 0.0000000000
39005  -5.096  -39.733  88.510 0.0000000000
44311  -4.354  -33.358  82.608 0.0000000000
108284  -3.799  -33.357  82.089 0.0000000000
108007  -4.630  -33.404  81.907 0.0000000000
106702  -5.896  -33.244  80.932 0.0000000000
44330  -6.953  -32.884  82.236 0.0000000000
44345  -6.476  -32.851  80.744 0.0000000000
43383  -6.499  -32.697  79.938 0.0000000000
44363  -7.027  -32.318  79.522 0.0000000000
114735  -7.385  -31.365  81.122 0.0000000000
45217  -7.490  -31.848  79.562 0.0000000000
44364  -7.421  -32.061  79.101 0.0000000000
45228  -7.605  -31.810  78.783 0.0000000000
46106  -7.571  -31.366  78.471 0.0000000000
114049  -7.365  -30.933  78.177 0.0000000000
113508  -6.681  -30.334  79.909 0.0000000000
47044  -7.209  -30.801  78.511 0.0000000000
47054  -7.257  -30.753  77.866 0.0000000000
48062  -7.173  -30.771  77.478 0.0000000000
120849  -6.722  -30.581  77.066 0.0000000000
45961  0.182  -32.334  92.493 0.0000000000
45967  -0.453  -31.656  92.272 0.0000000000
119810  -0.259  -30.685  92.004 0.0000000000
47882  -0.516  -30.039  91.246 0.0000000000
47906  9.958  -28.648  90.062 0.0000000000
46004  8.401  -29.822  88.832 0.0000000000
46005  7.792  -30.223  88.623 0.0000000000
45989  8.188  -29.765  89.384 0.0000000000
45140  7.062  -30.742  88.101 0.0000000000
113245  6.284  -31.221  87.859 0.0000000000
44211  5.831  -31.845  88.062 0.0000000000
44223  5.299  -32.626  87.594 0.0000000000
44212  5.393  -32.585  88.332 0.0000000000
44196  5.257  -32.338  89.742 0.0000000000
43255  3.680  -33.667  91.160 0.0000000000
44186  3.649  -33.499  91.620 0.0000000000
46890  5.277  -29.988  91.435 0.0000000000
45965  4.844  -30.984  91.226 0.0000000000
123806  4.564  -30.363  91.396 0.0000000000
111505  4.174  -31.999  91.510 0.0000000000
45099  3.789  -32.695  91.828 0.0000000000
44179  3.561  -33.357  91.894 0.0000000000
44180  3.003  -33.875  92.165 0.0000000000
44172  2.655  -33.571  92.350 0.0000000000
45959  2.019  -32.755  92.555 0.0000000000
126492  2.493  -31.063  92.391 0.0000000000
124755  1.623  -33.518  92.606 0.0000000000
125822  0.836  -32.517  92.607 0.0000000000
38325  -7.479  -40.654  80.853 0.0000000000
39083  -7.190  -40.430  80.698 0.0000000000
40754  -6.146  -39.213  80.927 0.0000000000
40753  -5.553  -38.726  80.872 0.0000000000
39867  -7.320  -39.711  83.023 0.0000000000
39883  -6.977  -39.348  82.749 0.0000000000
125796  -6.560  -39.130  82.536 0.0000000000
40732  -5.996  -38.670  82.618 0.0000000000
40733  -6.334  -39.072  82.174 0.0000000000
40741  -5.848  -38.722  81.899 0.0000000000
40752  -5.231  -38.296  81.368 0.0000000000
41561  -4.075  -36.959  81.316 0.0000000000
42440  -2.713  -35.948  81.393 0.0000000000
42438  -1.752  -34.635  81.945 0.0000000000
43370  -1.678  -34.076  81.956 0.0000000000
44309  -1.951  -33.496  82.609 0.0000000000
40692  -3.690  -37.457  87.273 0.0000000000
41524  -2.435  -36.133  85.804 0.0000000000
42386  -1.767  -35.511  85.297 0.0000000000
43290  -1.442  -34.398  86.988 0.0000000000
42385  -1.286  -34.921  85.711 0.0000000000
44256  -1.550  -33.606  84.707 0.0000000000
44275  -2.070  -33.258  84.175 0.0000000000
44293  -2.867  -33.213  83.544 0.0000000000
113480  -3.382  -33.287  82.685 0.0000000000
44295  -5.082  -33.305  83.161 0.0000000000
44297  -7.179  -32.906  83.945 0.0000000000
115559  -7.407  -32.485  84.419 0.0000000000
44298  -7.516  -32.303  83.886 0.0000000000
129336  -8.353  -32.174  84.129 0.0000000000
46057  -7.849  -31.890  84.824 0.0000000000
46990  -7.855  -29.701  84.967 0.0000000000
45156  -7.831  -31.592  86.295 0.0000000000
113625  -8.269  -30.568  86.017 0.0000000000
46966  -8.323  -29.782  85.873 0.0000000000
112218  -8.008  -30.593  85.594 0.0000000000
46979  -8.113  -29.554  85.399 0.0000000000
47959  -8.296  -28.551  85.270 0.0000000000
127834  -8.049  -29.079  85.146 0.0000000000
49020  -8.290  -28.014  84.880 0.0000000000
108449  -0.785  -31.020  91.997 0.0000000000
42383  5.126  -34.517  85.945 0.0000000000
42384  4.903  -35.229  85.451 0.0000000000
41532  4.788  -35.921  84.030 0.0000000000
40710  4.441  -36.475  84.900 0.0000000000
35036  -5.315  -43.012  85.329 0.0000000000
38345  -6.852  -41.221  79.636 0.0000000000
127419  -5.114  -38.715  79.084 0.0000000000
40782  -5.391  -38.951  78.729 0.0000000000
40793  -4.959  -38.698  77.924 0.0000000000
39102  -6.008  -39.548  77.895 0.0000000000
38365  -6.140  -40.618  77.014 0.0000000000
37572  -5.830  -40.919  76.185 0.0000000000
38413  -2.832  -40.446  72.196 0.0000000000
44342  -3.238  -33.422  80.661 0.0000000000
44360  -3.170  -33.511  79.849 0.0000000000
44372  -2.615  -33.880  79.262 0.0000000000
44373  -3.321  -33.626  78.803 0.0000000000
128422  -2.770  -33.892  78.704 0.0000000000
43419  -2.643  -34.445  77.788 0.0000000000
42488  -2.693  -35.241  76.495 0.0000000000
43423  -5.759  -32.980  77.600 0.0000000000
108511  -5.392  -33.499  77.535 0.0000000000
43422  -4.996  -34.031  77.022 0.0000000000
43437  -4.738  -34.117  75.982 0.0000000000
128683  -3.726  -34.282  75.960 0.0000000000
43450  -3.182  -34.783  75.717 0.0000000000
109930  -3.013  -35.541  75.502 0.0000000000
41649  -3.049  -36.366  75.214 0.0000000000
40826  -3.209  -37.182  75.102 0.0000000000
125285  -3.111  -37.188  74.492 0.0000000000
40839  -3.094  -37.735  74.207 0.0000000000
40850  -2.760  -37.489  73.334 0.0000000000
114646  -2.578  -38.892  72.854 0.0000000000
127824  -2.471  -39.076  72.269 0.0000000000
38425  -3.134  -40.373  71.219 0.0000000000
39198  -3.228  -39.414  70.610 0.0000000000
39199  -3.857  -39.426  69.846 0.0000000000
42564  -4.455  -34.272  71.328 0.0000000000
41733  -4.546  -35.806  69.436 0.0000000000
42576  -5.306  -34.203  69.745 0.0000000000
42587  -5.015  -35.247  69.187 0.0000000000
41747  -4.885  -36.414  68.934 0.0000000000
51847  -7.671  -25.034  82.210 0.0000000000
50954  -7.344  -25.704  82.410 0.0000000000
50953  -6.547  -26.290  82.273 0.0000000000
51860  -7.203  -24.793  81.384 0.0000000000
50008  -5.071  -27.683  81.932 0.0000000000
49060  -4.655  -28.998  80.762 0.0000000000
50019  -3.931  -27.537  80.865 0.0000000000
49059  -4.048  -28.345  80.680 0.0000000000
48060  -5.753  -30.160  78.108 0.0000000000
108807  -6.023  -30.371  77.102 0.0000000000
50029  -2.733  -27.151  79.013 0.0000000000
49085  -2.859  -27.998  78.869 0.0000000000
49100  -2.683  -28.286  78.100 0.0000000000
49086  -3.477  -28.874  78.499 0.0000000000
106674  -4.931  -30.096  77.434 0.0000000000
126860  -5.812  -30.383  75.547 0.0000000000
48125  -6.735  -30.756  73.963 0.0000000000
124165  -5.949  -30.510  73.521 0.0000000000
47117  -6.956  -30.664  72.724 0.0000000000
47130  -6.930  -30.532  71.716 0.0000000000
46220  -7.196  -30.760  69.957 0.0000000000
111841  -5.823  -30.031  70.902 0.0000000000
48159  -6.391  -30.238  70.347 0.0000000000
46233  -7.347  -31.301  69.321 0.0000000000
36582  -3.369  -40.983  88.814 0.0000000000
37625  -3.240  -41.168  72.609 0.0000000000
38234  -1.294  -39.715  90.830 0.0000000000
38240  -1.977  -39.899  90.526 0.0000000000
38241  -2.576  -40.261  90.077 0.0000000000
38242  1.433  -39.377  90.447 0.0000000000
38265  -6.247  -40.921  86.622 0.0000000000
38266  -6.861  -41.122  86.117 0.0000000000
38274  1.609  -39.724  86.363 0.0000000000
38987  1.588  -38.559  91.431 0.0000000000
38989  0.422  -38.954  91.651 0.0000000000
38998  2.621  -38.763  89.932 0.0000000000
39075  -7.479  -40.282  81.116 0.0000000000
39076  -7.717  -40.478  81.317 0.0000000000
39103  -6.475  -39.961  78.749 0.0000000000
39115  -5.977  -39.889  77.244 0.0000000000
39781  2.235  -37.598  91.492 0.0000000000
39798  3.595  -37.800  88.972 0.0000000000
39819  3.651  -37.882  86.412 0.0000000000
39980  -4.598  -38.978  76.028 0.0000000000
40659  1.924  -36.944  92.219 0.0000000000
40690  4.546  -36.479  87.220 0.0000000000
40701  4.444  -36.720  85.717 0.0000000000
40874  -3.322  -37.316  70.388 0.0000000000
41481  1.497  -35.897  92.495 0.0000000000
41485  2.024  -36.192  92.334 0.0000000000
41489  2.775  -35.657  91.485 0.0000000000
41758  -5.680  -35.820  68.602 0.0000000000
42328  0.863  -35.246  92.659 0.0000000000
42329  0.401  -35.202  92.617 0.0000000000
42331  2.941  -34.889  91.995 0.0000000000
42332  2.640  -35.533  92.085 0.0000000000
42333  2.311  -35.572  92.296 0.0000000000
42344  3.529  -34.733  90.567 0.0000000000
42354  -3.247  -33.535  90.089 0.0000000000
42411  -1.520  -34.794  83.911 0.0000000000
42487  -2.739  -34.580  77.094 0.0000000000
43243  1.919  -34.668  92.494 0.0000000000
43258  -4.447  -32.874  90.467 0.0000000000
43262  -4.959  -32.814  90.060 0.0000000000
43268  4.890  -33.287  89.114 0.0000000000
43275  -5.299  -32.843  88.967 0.0000000000
43276  -5.999  -32.656  89.100 0.0000000000
43277  5.041  -33.350  87.996 0.0000000000
43283  -5.966  -32.756  88.144 0.0000000000
43296  -6.500  -32.578  87.730 0.0000000000
43312  -6.902  -32.404  87.253 0.0000000000
43327  -6.226  -32.734  86.428 0.0000000000
43467  -5.734  -33.147  74.682 0.0000000000
44173  2.142  -33.944  92.490 0.0000000000
44174  1.619  -34.417  92.575 0.0000000000
44182  -2.966  -32.762  91.592 0.0000000000
44185  4.222  -32.873  91.050 0.0000000000
44188  -4.940  -32.154  90.728 0.0000000000
44193  -5.436  -32.473  90.142 0.0000000000
44194  -5.956  -32.207  90.033 0.0000000000
44203  -6.402  -32.566  88.510 0.0000000000
44213  -7.003  -32.404  88.158 0.0000000000
44224  -1.659  -33.835  86.343 0.0000000000
44228  -7.680  -32.051  87.358 0.0000000000
44239  -2.250  -33.417  86.069 0.0000000000
44244  -7.437  -32.075  86.806 0.0000000000
44263  -7.534  -32.110  85.981 0.0000000000
44292  -2.036  -33.302  83.316 0.0000000000
44312  -5.916  -33.213  82.769 0.0000000000
44325  -1.879  -33.742  82.100 0.0000000000
44328  -3.753  -33.385  81.322 0.0000000000
44402  -7.357  -31.854  76.318 0.0000000000
45101  -1.859  -32.451  92.123 0.0000000000
45132  -7.289  -31.905  88.656 0.0000000000
45143  -7.882  -31.948  88.169 0.0000000000
45151  -7.846  -31.652  86.937 0.0000000000
45246  -7.614  -31.855  77.660 0.0000000000
45958  2.717  -32.176  92.376 0.0000000000
45974  -5.084  -31.466  90.734 0.0000000000
45981  -5.517  -31.176  90.539 0.0000000000
46012  8.329  -29.930  88.428 0.0000000000
46023  -8.151  -31.016  86.460 0.0000000000
46034  -7.964  -31.230  85.829 0.0000000000
46067  -7.573  -31.139  83.528 0.0000000000
46185  -7.695  -31.663  73.018 0.0000000000
46882  3.236  -30.996  92.165 0.0000000000
46896  8.643  -29.143  90.612 0.0000000000
46939  -8.440  -29.997  87.491 0.0000000000
46947  -8.331  -30.390  86.711 0.0000000000
47025  -7.246  -30.865  80.425 0.0000000000
47068  -7.193  -30.847  76.784 0.0000000000
47096  -7.048  -30.832  74.477 0.0000000000
47097  -7.295  -30.927  74.978 0.0000000000
47891  9.793  -28.568  90.411 0.0000000000
47941  -8.521  -29.121  86.206 0.0000000000
48045  -4.646  -29.444  79.331 0.0000000000
48093  -5.456  -30.358  75.260 0.0000000000
48094  -6.663  -30.686  75.748 0.0000000000
48105  -1.709  -28.840  74.038 0.0000000000
48139  -6.548  -30.654  73.082 0.0000000000
48160  -6.433  -30.318  71.224 0.0000000000
49101  -3.094  -28.876  77.682 0.0000000000
50050  -2.191  -27.815  77.711 0.0000000000
50971  -2.892  -26.452  78.992 0.0000000000
50972  -3.195  -26.699  79.575 0.0000000000
107361  -0.910  -35.184  91.746 0.0000000000
107494  -7.454  -31.141  77.165 0.0000000000
109386  -8.108  -31.685  87.779 0.0000000000
113067  -4.092  -40.915  70.204 0.0000000000
113970  -7.445  -32.277  87.667 0.0000000000
115447  -6.505  -32.541  87.550 0.0000000000
115982  0.802  -34.584  92.701 0.0000000000
116778  5.644  -30.416  91.253 0.0000000000
116807  2.758  -38.741  85.909 0.0000000000
120150  -7.129  -40.102  80.882 0.0000000000
120274  -8.281  -30.687  88.089 0.0000000000
120981  -7.166  -30.743  79.058 0.0000000000
122539  -5.218  -30.294  76.635 0.0000000000
122763  -6.876  -33.085  84.095 0.0000000000
123434  -6.761  -40.892  79.415 0.0000000000
124720  1.443  -34.750  92.593 0.0000000000
124741  -5.494  -38.937  79.513 0.0000000000
124993  -5.272  -32.753  89.689 0.0000000000
125942  4.039  -35.200  89.409 0.0000000000
126675  -8.131  -42.280  81.530 0.0000000000
126853  -6.690  -41.198  79.146 0.0000000000
127590  9.221  -29.327  89.445 0.0000000000
128319  0.342  -34.376  92.642 0.0000000000
128886  0.066  -40.473  89.762 0.0000000000
128932  -6.776  -38.962  84.886 0.0000000000
129190  4.306  -29.665  91.268 0.0000000000
