#!ascii label  , from subject sub-fsm76cw vox2ras=TkReg
603
62246  22.933  -14.796  8.164 0.0000000000
112113  31.404  -9.329  2.484 0.0000000000
75838  30.332  1.177  3.602 0.0000000000
122565  23.814  -2.206  4.873 0.0000000000
57941  25.118  -19.486  9.495 0.0000000000
60594  28.612  -17.463  6.951 0.0000000000
64820  27.663  -11.758  6.673 0.0000000000
68402  25.292  -7.208  4.625 0.0000000000
117525  31.454  -4.153  3.014 0.0000000000
75885  31.415  0.841  -1.719 0.0000000000
78862  28.131  5.480  1.768 0.0000000000
60588  24.290  -16.528  8.585 0.0000000000
58850  27.138  -18.851  8.227 0.0000000000
61428  25.826  -15.757  7.719 0.0000000000
66504  22.461  -8.875  6.231 0.0000000000
69308  21.394  -6.051  6.285 0.0000000000
126396  28.503  -0.386  6.248 0.0000000000
119212  28.641  -3.214  6.495 0.0000000000
73372  31.177  -1.022  3.790 0.0000000000
72577  30.792  -2.251  -0.578 0.0000000000
74228  29.567  -0.464  -0.744 0.0000000000
80348  27.019  7.229  4.717 0.0000000000
78843  27.772  5.581  4.681 0.0000000000
80373  26.709  7.430  2.141 0.0000000000
122020  29.989  -10.993  4.543 0.0000000000
63102  30.523  -14.093  4.101 0.0000000000
63970  32.258  -12.653  3.457 0.0000000000
75821  27.437  1.543  5.810 0.0000000000
68417  33.212  -7.292  0.150 0.0000000000
63948  21.860  -12.053  7.895 0.0000000000
63093  24.645  -13.064  6.959 0.0000000000
128095  23.876  -10.989  6.195 0.0000000000
66502  26.653  -9.499  6.154 0.0000000000
67421  29.905  -7.712  6.027 0.0000000000
127957  24.518  -4.923  4.436 0.0000000000
70111  29.613  -5.401  6.467 0.0000000000
69337  31.201  -6.701  2.840 0.0000000000
70957  31.057  -5.018  -0.219 0.0000000000
77369  27.614  3.219  5.579 0.0000000000
77399  29.228  3.141  1.713 0.0000000000
79631  23.603  6.190  -1.691 0.0000000000
77417  26.266  3.530  -1.670 0.0000000000
75876  27.638  1.834  -1.344 0.0000000000
77427  29.953  3.030  -2.305 0.0000000000
62266  28.637  -15.637  5.799 0.0000000000
62247  21.553  -13.782  9.359 0.0000000000
61412  21.932  -15.097  9.355 0.0000000000
61418  24.066  -15.803  8.324 0.0000000000
60597  24.771  -16.166  8.246 0.0000000000
61429  24.850  -15.482  7.895 0.0000000000
75027  30.090  0.757  5.161 0.0000000000
74163  29.919  -0.802  6.012 0.0000000000
108656  30.796  -0.218  2.605 0.0000000000
74202  30.566  -0.571  1.514 0.0000000000
75059  29.596  0.442  0.599 0.0000000000
81176  26.838  8.079  4.042 0.0000000000
80355  27.257  7.358  3.992 0.0000000000
80366  26.073  8.190  2.178 0.0000000000
65686  30.955  -10.311  3.328 0.0000000000
64835  30.996  -11.816  3.238 0.0000000000
65689  31.732  -10.659  2.468 0.0000000000
75017  25.962  0.270  5.438 0.0000000000
75822  26.418  1.639  5.564 0.0000000000
58849  23.706  -18.179  9.845 0.0000000000
57932  24.755  -20.110  10.027 0.0000000000
57931  25.626  -20.343  9.597 0.0000000000
57930  26.589  -20.016  9.737 0.0000000000
59754  27.682  -18.122  7.576 0.0000000000
59741  27.828  -18.324  9.101 0.0000000000
63960  22.997  -11.760  6.894 0.0000000000
65646  22.080  -10.434  7.226 0.0000000000
68391  23.383  -7.554  5.067 0.0000000000
66520  24.700  -9.219  5.202 0.0000000000
67442  25.730  -8.525  5.317 0.0000000000
67424  27.717  -8.342  6.424 0.0000000000
68376  27.498  -7.481  6.214 0.0000000000
70915  22.197  -4.561  5.463 0.0000000000
71725  24.078  -3.605  4.584 0.0000000000
120767  31.179  -3.153  5.433 0.0000000000
71697  28.655  -4.026  6.505 0.0000000000
70910  31.128  -4.701  5.480 0.0000000000
69321  30.966  -6.168  5.320 0.0000000000
70948  31.440  -4.874  3.589 0.0000000000
70156  31.013  -5.661  0.710 0.0000000000
116829  30.926  -4.522  0.804 0.0000000000
73404  31.406  -1.510  -1.444 0.0000000000
72582  31.720  -2.216  -1.366 0.0000000000
78851  28.336  5.691  3.929 0.0000000000
78111  28.021  4.765  4.847 0.0000000000
78118  28.823  4.604  3.700 0.0000000000
77386  29.092  3.929  4.114 0.0000000000
78130  28.539  4.247  1.405 0.0000000000
76672  27.135  2.456  -1.186 0.0000000000
78167  27.557  3.305  -2.538 0.0000000000
75890  28.770  2.091  -2.363 0.0000000000
112945  26.120  -12.693  6.987 0.0000000000
62268  27.139  -14.295  6.970 0.0000000000
63090  27.908  -13.760  6.569 0.0000000000
63087  31.455  -14.425  4.972 0.0000000000
62264  30.366  -15.538  5.347 0.0000000000
59743  23.305  -17.376  9.633 0.0000000000
58853  24.982  -18.077  8.961 0.0000000000
57944  26.099  -19.120  8.674 0.0000000000
59749  25.451  -17.639  8.529 0.0000000000
59755  27.095  -17.681  7.571 0.0000000000
60595  27.709  -17.506  7.048 0.0000000000
68360  20.632  -7.799  7.572 0.0000000000
68377  21.887  -7.444  6.285 0.0000000000
69324  23.127  -6.741  5.093 0.0000000000
73346  26.569  -1.339  5.749 0.0000000000
72530  26.786  -2.822  5.796 0.0000000000
73331  28.531  -1.665  6.425 0.0000000000
73344  31.010  -1.687  5.136 0.0000000000
72555  31.492  -2.536  3.281 0.0000000000
117684  31.229  -2.966  1.350 0.0000000000
73396  31.290  -2.160  1.223 0.0000000000
73403  30.405  -1.614  -0.938 0.0000000000
74235  30.466  -0.500  -1.587 0.0000000000
114717  25.840  6.196  5.612 0.0000000000
79590  27.477  6.550  4.485 0.0000000000
79605  27.837  6.541  2.871 0.0000000000
79620  27.066  6.162  0.999 0.0000000000
64819  28.911  -11.750  6.077 0.0000000000
63966  28.994  -12.929  5.578 0.0000000000
63969  30.146  -13.002  4.125 0.0000000000
63103  31.701  -13.622  3.705 0.0000000000
122413  24.363  -1.270  5.092 0.0000000000
74175  26.235  -0.555  5.578 0.0000000000
75004  28.560  0.346  6.107 0.0000000000
75819  29.754  1.471  5.210 0.0000000000
57938  27.016  -19.487  9.317 0.0000000000
67465  32.478  -8.639  1.403 0.0000000000
66533  32.713  -10.022  1.900 0.0000000000
63081  22.629  -13.319  7.726 0.0000000000
63080  24.002  -13.665  7.258 0.0000000000
63946  23.334  -13.089  7.252 0.0000000000
63958  24.352  -12.229  6.571 0.0000000000
64822  25.139  -11.620  6.340 0.0000000000
66503  23.011  -9.685  6.159 0.0000000000
121872  24.961  -10.353  5.666 0.0000000000
122996  26.650  -10.663  6.465 0.0000000000
124885  28.902  -9.920  6.552 0.0000000000
66517  29.795  -9.388  5.722 0.0000000000
67450  30.937  -8.816  3.977 0.0000000000
70132  22.551  -5.286  5.275 0.0000000000
70146  25.404  -5.602  4.575 0.0000000000
71709  26.387  -3.625  5.508 0.0000000000
70131  26.297  -5.010  5.275 0.0000000000
69322  26.945  -6.129  5.804 0.0000000000
108802  29.420  -6.923  6.344 0.0000000000
68387  31.019  -7.091  4.839 0.0000000000
68407  31.183  -7.703  3.086 0.0000000000
68415  31.513  -7.413  1.406 0.0000000000
69346  32.362  -6.624  -0.103 0.0000000000
71757  31.184  -3.559  -0.478 0.0000000000
76617  28.222  2.348  5.715 0.0000000000
76634  29.773  2.550  4.030 0.0000000000
115640  29.882  1.877  2.196 0.0000000000
79622  24.868  6.412  -0.428 0.0000000000
78878  25.924  5.213  -0.529 0.0000000000
78153  25.446  4.462  -1.654 0.0000000000
78142  26.544  4.503  -0.422 0.0000000000
115512  27.959  3.117  0.174 0.0000000000
76662  28.053  2.117  -0.046 0.0000000000
75856  29.476  1.343  1.047 0.0000000000
75070  28.715  0.795  -1.251 0.0000000000
75887  29.860  1.199  -2.051 0.0000000000
76682  31.027  1.777  -1.772 0.0000000000
62256  25.575  -14.855  7.523 0.0000000000
62254  27.315  -15.449  6.934 0.0000000000
61436  28.917  -16.530  5.933 0.0000000000
62271  29.351  -15.244  5.253 0.0000000000
113573  29.900  -15.944  5.534 0.0000000000
62233  22.067  -14.458  8.753 0.0000000000
61420  22.486  -15.153  8.708 0.0000000000
61419  23.197  -15.487  8.463 0.0000000000
61430  23.816  -15.084  7.953 0.0000000000
75831  30.255  1.005  4.521 0.0000000000
75026  30.415  0.363  4.709 0.0000000000
75040  30.480  0.620  2.738 0.0000000000
118161  30.436  0.123  1.920 0.0000000000
75047  30.083  0.817  1.731 0.0000000000
81183  26.146  8.652  2.845 0.0000000000
66530  31.127  -9.506  3.247 0.0000000000
66529  31.366  -10.173  2.655 0.0000000000
58848  24.579  -18.554  9.456 0.0000000000
58839  24.183  -19.059  9.988 0.0000000000
57024  26.163  -20.347  9.511 0.0000000000
57940  25.997  -19.785  8.974 0.0000000000
59747  28.207  -17.991  7.458 0.0000000000
59740  28.230  -17.883  8.438 0.0000000000
60586  28.614  -17.376  7.791 0.0000000000
64806  21.774  -11.181  7.743 0.0000000000
119539  24.785  -7.713  4.603 0.0000000000
67451  25.199  -8.061  4.843 0.0000000000
68390  25.665  -7.733  5.062 0.0000000000
67441  26.979  -7.879  5.962 0.0000000000
68388  26.796  -7.067  5.698 0.0000000000
72545  23.589  -2.879  4.821 0.0000000000
72544  24.309  -2.785  4.761 0.0000000000
71706  31.384  -3.257  4.603 0.0000000000
71707  30.979  -3.902  5.831 0.0000000000
118520  31.430  -4.057  4.107 0.0000000000
70931  31.378  -4.766  4.616 0.0000000000
70951  31.221  -5.015  2.526 0.0000000000
117524  31.086  -4.301  1.935 0.0000000000
74234  31.232  -0.724  -1.655 0.0000000000
74233  31.952  -0.957  -1.469 0.0000000000
78855  28.497  5.469  2.601 0.0000000000
78850  28.582  5.300  3.414 0.0000000000
78861  28.634  4.850  1.928 0.0000000000
78124  28.894  4.772  2.816 0.0000000000
78159  28.368  4.242  -2.616 0.0000000000
77437  28.751  3.494  -2.542 0.0000000000
63956  26.829  -12.227  6.802 0.0000000000
63091  27.004  -13.151  6.948 0.0000000000
63955  27.756  -12.750  6.653 0.0000000000
129236  31.334  -13.739  5.768 0.0000000000
63088  30.970  -14.349  5.905 0.0000000000
60589  23.452  -16.207  8.790 0.0000000000
60580  22.924  -16.602  9.386 0.0000000000
59751  23.792  -16.943  9.079 0.0000000000
59742  24.172  -17.704  9.330 0.0000000000
59750  24.611  -17.277  8.785 0.0000000000
60596  25.559  -16.335  8.006 0.0000000000
106894  26.649  -16.669  7.562 0.0000000000
68379  20.738  -6.559  6.992 0.0000000000
113867  21.353  -6.913  6.580 0.0000000000
68393  21.978  -6.701  5.955 0.0000000000
110484  22.531  -6.549  5.471 0.0000000000
73345  27.228  -1.400  6.045 0.0000000000
119888  26.951  -1.997  6.004 0.0000000000
74165  27.924  -1.018  6.262 0.0000000000
73362  31.038  -1.137  4.630 0.0000000000
73329  30.424  -1.574  5.830 0.0000000000
73361  31.293  -1.868  4.181 0.0000000000
73371  31.403  -1.684  3.059 0.0000000000
72568  31.468  -2.339  2.189 0.0000000000
73383  31.295  -1.549  2.022 0.0000000000
74215  30.278  -0.881  0.548 0.0000000000
74227  29.987  -1.075  -0.441 0.0000000000
74231  30.012  -0.974  -1.173 0.0000000000
74232  29.753  -0.221  -1.361 0.0000000000
80343  26.536  7.669  5.193 0.0000000000
79583  26.001  6.986  5.590 0.0000000000
80342  26.842  6.769  5.113 0.0000000000
79582  26.545  6.163  5.372 0.0000000000
80365  27.341  7.114  2.971 0.0000000000
79612  27.389  6.656  2.026 0.0000000000
79613  26.538  6.939  1.129 0.0000000000
64818  29.498  -11.115  5.428 0.0000000000
64827  29.461  -12.366  5.018 0.0000000000
64832  29.948  -11.861  4.373 0.0000000000
64834  31.787  -12.176  3.022 0.0000000000
63972  31.369  -12.808  3.359 0.0000000000
63971  31.921  -13.027  3.439 0.0000000000
63967  32.118  -13.372  3.779 0.0000000000
73348  23.598  -1.391  5.037 0.0000000000
108902  24.815  -0.828  5.198 0.0000000000
120702  25.360  -0.300  5.324 0.0000000000
112620  26.651  0.856  5.645 0.0000000000
75015  27.627  0.646  5.953 0.0000000000
127149  29.260  1.405  5.653 0.0000000000
75820  28.577  1.321  5.897 0.0000000000
58851  26.510  -18.749  8.381 0.0000000000
57943  26.616  -19.346  8.674 0.0000000000
57942  26.961  -19.374  8.767 0.0000000000
58838  27.420  -18.793  9.751 0.0000000000
68414  32.890  -7.971  0.810 0.0000000000
63082  21.939  -12.823  8.138 0.0000000000
63947  22.660  -12.465  7.414 0.0000000000
64824  23.711  -11.643  6.503 0.0000000000
64823  24.425  -11.308  6.214 0.0000000000
108416  22.276  -9.733  6.740 0.0000000000
66519  25.317  -9.317  5.344 0.0000000000
107457  24.863  -9.912  5.461 0.0000000000
65679  25.460  -10.114  5.730 0.0000000000
65678  26.261  -10.107  6.122 0.0000000000
107067  27.059  -10.082  6.515 0.0000000000
65665  28.069  -10.168  6.731 0.0000000000
66501  27.402  -9.317  6.477 0.0000000000
67423  28.754  -8.448  6.525 0.0000000000
66499  29.211  -9.296  6.385 0.0000000000
67422  29.548  -8.551  6.144 0.0000000000
124127  30.639  -8.954  4.648 0.0000000000
67440  30.258  -8.555  5.441 0.0000000000
70935  22.933  -4.543  4.973 0.0000000000
70148  23.284  -5.327  4.788 0.0000000000
118177  24.039  -5.453  4.477 0.0000000000
70147  24.787  -5.554  4.402 0.0000000000
120048  27.606  -3.040  6.212 0.0000000000
70894  29.105  -4.661  6.536 0.0000000000
70895  28.201  -4.552  6.400 0.0000000000
123571  27.739  -5.065  6.256 0.0000000000
128869  26.468  -5.653  5.402 0.0000000000
70113  27.695  -5.807  6.244 0.0000000000
69306  28.505  -6.390  6.426 0.0000000000
123859  29.278  -6.064  6.452 0.0000000000
70144  31.289  -6.230  4.535 0.0000000000
123476  30.646  -6.723  5.552 0.0000000000
69331  31.310  -6.964  3.897 0.0000000000
68400  31.123  -7.916  4.002 0.0000000000
115014  31.263  -7.539  2.215 0.0000000000
69339  31.078  -6.841  1.907 0.0000000000
69347  31.555  -6.467  0.295 0.0000000000
70160  31.673  -5.890  -0.234 0.0000000000
70159  32.774  -5.957  -0.477 0.0000000000
70956  32.319  -5.100  -0.878 0.0000000000
72574  31.083  -2.743  0.615 0.0000000000
71754  30.990  -3.544  0.457 0.0000000000
72576  30.991  -2.876  -0.143 0.0000000000
78833  27.009  5.504  5.367 0.0000000000
78101  26.563  4.806  5.534 0.0000000000
78099  27.988  4.029  5.262 0.0000000000
110557  27.042  4.027  5.515 0.0000000000
77370  26.554  3.174  5.561 0.0000000000
76618  27.080  2.391  5.650 0.0000000000
77368  28.450  3.197  5.368 0.0000000000
77391  29.493  3.368  2.670 0.0000000000
77378  29.205  3.140  4.678 0.0000000000
76641  29.815  2.652  3.024 0.0000000000
126351  29.599  2.682  2.206 0.0000000000
80384  24.349  7.328  -0.146 0.0000000000
79621  26.075  6.191  0.115 0.0000000000
79629  25.204  5.630  -0.679 0.0000000000
78169  25.733  4.214  -2.110 0.0000000000
78899  25.075  4.784  -2.134 0.0000000000
117948  25.706  4.509  -1.012 0.0000000000
119540  26.113  3.929  -1.262 0.0000000000
78141  27.383  3.976  0.054 0.0000000000
77416  26.582  3.205  -1.275 0.0000000000
76685  27.315  2.383  -1.680 0.0000000000
76663  27.501  2.446  -0.521 0.0000000000
76671  27.664  1.807  -0.784 0.0000000000
76661  28.824  1.772  0.452 0.0000000000
75862  28.292  1.356  -0.380 0.0000000000
75861  28.951  0.912  0.108 0.0000000000
75875  28.066  1.213  -1.018 0.0000000000
116819  29.151  1.538  -2.168 0.0000000000
75889  29.758  2.148  -2.364 0.0000000000
118810  30.399  1.732  -2.120 0.0000000000
76683  30.437  2.459  -2.067 0.0000000000
63079  24.993  -13.909  7.233 0.0000000000
120163  28.104  -14.671  6.423 0.0000000000
62255  26.490  -14.820  7.274 0.0000000000
62267  27.915  -15.284  6.533 0.0000000000
61437  28.173  -16.201  6.338 0.0000000000
63965  29.656  -13.619  4.633 0.0000000000
63099  29.149  -14.141  5.211 0.0000000000
63098  30.056  -14.812  4.621 0.0000000000
62252  30.540  -15.092  6.003 0.0000000000
62265  30.067  -15.887  6.117 0.0000000000
61435  29.510  -16.373  5.909 0.0000000000
74173  29.332  -0.132  6.099 0.0000000000
74164  28.969  -0.903  6.357 0.0000000000
75013  30.183  0.001  5.440 0.0000000000
74184  30.764  -0.363  4.482 0.0000000000
124782  30.974  -0.401  3.502 0.0000000000
73384  30.950  -0.923  1.988 0.0000000000
75046  30.129  -0.078  1.044 0.0000000000
75058  29.724  -0.379  0.110 0.0000000000
81172  26.801  7.885  4.627 0.0000000000
80356  26.714  7.895  3.138 0.0000000000
80374  25.904  7.712  1.315 0.0000000000
65676  30.428  -10.438  4.117 0.0000000000
65683  30.383  -11.397  3.793 0.0000000000
128508  30.759  -11.008  3.368 0.0000000000
65685  31.358  -11.092  2.879 0.0000000000
64836  32.064  -11.364  2.640 0.0000000000
59732  22.840  -17.767  10.265 0.0000000000
58841  22.350  -18.150  10.900 0.0000000000
58840  23.254  -18.614  10.442 0.0000000000
57017  25.730  -20.971  9.987 0.0000000000
57016  26.231  -20.724  10.105 0.0000000000
58846  27.321  -18.948  8.801 0.0000000000
58845  27.705  -18.410  8.130 0.0000000000
121097  22.391  -11.723  7.388 0.0000000000
64805  22.558  -11.111  7.039 0.0000000000
64825  23.259  -11.053  6.544 0.0000000000
67444  22.932  -8.221  5.562 0.0000000000
66522  23.309  -9.007  5.657 0.0000000000
67443  23.722  -8.374  5.100 0.0000000000
66526  25.117  -8.721  5.043 0.0000000000
67425  26.669  -8.679  5.908 0.0000000000
68374  29.232  -7.828  6.360 0.0000000000
71726  23.297  -3.714  4.836 0.0000000000
70933  24.626  -4.243  4.509 0.0000000000
119945  29.745  -3.098  6.498 0.0000000000
71695  30.341  -3.887  6.374 0.0000000000
70911  30.687  -4.670  6.105 0.0000000000
70110  30.350  -5.411  6.241 0.0000000000
70129  30.861  -5.424  5.747 0.0000000000
110250  31.425  -5.540  4.133 0.0000000000
70150  31.292  -5.712  3.133 0.0000000000
70153  30.879  -5.957  1.952 0.0000000000
70953  30.947  -5.096  1.562 0.0000000000
72581  31.015  -1.996  -1.185 0.0000000000
72580  31.365  -2.812  -1.035 0.0000000000
73402  32.046  -1.646  -1.435 0.0000000000
78100  27.436  4.795  5.302 0.0000000000
78842  28.357  5.051  4.187 0.0000000000
78110  28.514  4.369  4.525 0.0000000000
114538  28.656  3.741  4.826 0.0000000000
78117  29.260  4.072  3.191 0.0000000000
77400  28.635  3.545  1.162 0.0000000000
77429  26.200  3.656  -2.042 0.0000000000
77428  26.721  2.964  -1.877 0.0000000000
76688  27.434  2.593  -2.180 0.0000000000
76684  27.846  2.065  -2.047 0.0000000000
75888  28.349  1.423  -1.699 0.0000000000
76687  28.254  2.705  -2.486 0.0000000000
76686  29.225  2.852  -2.463 0.0000000000
63092  25.517  -13.251  7.099 0.0000000000
128212  26.322  -13.455  7.126 0.0000000000
63097  31.230  -14.722  4.478 0.0000000000
62270  30.648  -15.146  4.764 0.0000000000
111212  30.997  -15.070  5.132 0.0000000000
59744  22.446  -16.977  10.036 0.0000000000
58847  25.435  -18.913  9.039 0.0000000000
58852  25.754  -18.436  8.629 0.0000000000
115438  26.166  -18.071  8.318 0.0000000000
60587  25.123  -16.851  8.368 0.0000000000
59748  26.157  -17.338  8.067 0.0000000000
58854  26.889  -18.310  7.892 0.0000000000
121298  28.224  -17.809  6.991 0.0000000000
67427  21.795  -8.225  6.640 0.0000000000
68378  21.301  -7.630  6.949 0.0000000000
67426  22.309  -8.014  6.033 0.0000000000
68392  22.556  -7.321  5.589 0.0000000000
68404  23.826  -6.933  4.628 0.0000000000
115286  25.600  -2.109  5.349 0.0000000000
72532  25.098  -2.627  5.001 0.0000000000
119171  26.257  -2.080  5.609 0.0000000000
72520  27.389  -2.422  6.149 0.0000000000
72519  28.122  -2.406  6.380 0.0000000000
73330  29.534  -1.570  6.355 0.0000000000
72517  30.115  -2.297  6.309 0.0000000000
72529  30.846  -2.360  5.648 0.0000000000
72543  31.393  -2.679  4.153 0.0000000000
71722  31.467  -3.330  3.604 0.0000000000
71741  31.393  -3.333  2.372 0.0000000000
73399  30.927  -2.182  0.341 0.0000000000
73397  30.841  -1.426  1.089 0.0000000000
73400  30.491  -1.624  -0.017 0.0000000000
73405  30.676  -1.277  -1.360 0.0000000000
75072  31.025  0.131  -1.875 0.0000000000
79581  27.175  6.103  5.075 0.0000000000
79598  27.780  6.655  3.615 0.0000000000
128894  28.087  6.187  4.036 0.0000000000
79597  28.305  6.069  3.286 0.0000000000
78856  28.032  6.072  2.400 0.0000000000
118834  27.650  5.983  1.675 0.0000000000
126802  28.329  -11.740  6.475 0.0000000000
106950  28.439  -12.371  6.327 0.0000000000
64831  30.569  -12.406  3.633 0.0000000000
63968  30.975  -13.501  3.630 0.0000000000
63101  31.278  -14.275  3.978 0.0000000000
63100  31.756  -14.030  4.217 0.0000000000
72533  24.382  -1.972  4.971 0.0000000000
73347  25.690  -1.255  5.435 0.0000000000
74174  27.074  -0.754  5.895 0.0000000000
75016  26.854  0.032  5.759 0.0000000000
75005  27.732  -0.204  6.072 0.0000000000
75014  29.454  0.768  5.719 0.0000000000
57939  26.572  -19.757  9.118 0.0000000000
67462  31.751  -9.015  1.890 0.0000000000
66534  31.805  -9.956  2.044 0.0000000000
67461  32.337  -9.414  1.716 0.0000000000
63069  21.992  -13.608  8.441 0.0000000000
62259  22.698  -14.073  7.958 0.0000000000
62258  23.506  -14.328  7.682 0.0000000000
109725  23.228  -13.711  7.532 0.0000000000
63094  23.946  -12.915  6.903 0.0000000000
63959  23.490  -12.375  6.870 0.0000000000
63957  25.260  -12.460  6.739 0.0000000000
107902  25.955  -11.863  6.654 0.0000000000
64821  26.703  -11.366  6.630 0.0000000000
65668  22.785  -10.418  6.595 0.0000000000
65667  23.598  -10.320  6.047 0.0000000000
123523  23.630  -9.618  5.690 0.0000000000
65681  24.211  -9.810  5.507 0.0000000000
65680  24.438  -10.514  5.814 0.0000000000
64828  25.047  -10.813  5.957 0.0000000000
65666  25.856  -10.920  6.294 0.0000000000
107940  28.256  -11.148  6.591 0.0000000000
118114  28.952  -10.707  6.368 0.0000000000
65664  29.437  -10.111  6.031 0.0000000000
66500  28.360  -9.242  6.646 0.0000000000
65677  29.931  -10.256  5.166 0.0000000000
66516  30.338  -9.544  4.890 0.0000000000
66525  30.759  -9.606  4.027 0.0000000000
70114  21.135  -5.114  6.338 0.0000000000
69326  22.177  -5.981  5.626 0.0000000000
69325  22.882  -5.994  5.165 0.0000000000
69335  23.565  -6.122  4.700 0.0000000000
69333  25.046  -6.339  4.409 0.0000000000
72531  25.939  -2.925  5.315 0.0000000000
71710  25.870  -3.722  5.172 0.0000000000
70914  25.577  -4.228  4.857 0.0000000000
71698  27.876  -3.794  6.317 0.0000000000
70912  26.663  -4.359  5.644 0.0000000000
70913  25.751  -4.932  4.826 0.0000000000
69323  26.280  -6.322  5.246 0.0000000000
69307  27.619  -6.715  6.215 0.0000000000
110092  30.527  -6.114  5.932 0.0000000000
69304  30.219  -6.844  6.031 0.0000000000
124538  30.494  -7.494  5.486 0.0000000000
110502  30.800  -8.155  4.777 0.0000000000
67457  31.170  -8.645  3.182 0.0000000000
68410  31.369  -8.412  2.400 0.0000000000
128850  32.108  -7.900  1.167 0.0000000000
69342  32.017  -7.310  0.505 0.0000000000
69343  31.213  -6.645  1.069 0.0000000000
71752  31.100  -3.744  1.368 0.0000000000
116836  30.938  -4.216  -0.088 0.0000000000
72579  32.205  -2.840  -1.427 0.0000000000
70958  32.546  -4.105  -1.268 0.0000000000
76628  28.953  2.627  5.391 0.0000000000
76616  29.112  1.957  5.615 0.0000000000
76627  29.545  2.301  4.979 0.0000000000
75832  30.030  1.771  4.333 0.0000000000
75847  30.230  1.300  2.726 0.0000000000
81192  25.229  8.510  1.374 0.0000000000
80383  25.528  7.129  0.420 0.0000000000
78870  26.777  5.430  0.240 0.0000000000
78887  24.758  5.037  -1.722 0.0000000000
78879  25.088  4.967  -1.178 0.0000000000
116331  27.282  4.853  0.356 0.0000000000
78140  28.150  3.944  0.736 0.0000000000
77411  27.112  3.069  -0.602 0.0000000000
76652  28.722  2.683  0.775 0.0000000000
76651  29.343  2.274  1.377 0.0000000000
115188  29.257  0.195  -0.312 0.0000000000
75069  29.165  0.174  -1.000 0.0000000000
108535  29.046  1.028  -1.806 0.0000000000
75074  29.439  0.512  -1.558 0.0000000000
75073  30.244  0.340  -1.796 0.0000000000
75886  30.698  0.998  -1.981 0.0000000000
77426  30.340  3.240  -1.775 0.0000000000
76670  30.849  2.700  -1.415 0.0000000000
76669  31.409  2.204  -0.905 0.0000000000
75873  31.651  1.419  -1.165 0.0000000000
62257  24.438  -14.549  7.555 0.0000000000
63078  25.982  -14.068  7.246 0.0000000000
61427  26.554  -15.636  7.390 0.0000000000
61426  27.514  -16.480  6.940 0.0000000000
60600  28.428  -17.079  6.636 0.0000000000
60593  29.021  -16.893  6.431 0.0000000000
63954  28.534  -13.391  6.111 0.0000000000
63089  28.606  -14.497  5.848 0.0000000000
61434  30.006  -15.584  5.074 0.0000000000
61440  29.438  -15.998  5.511 0.0000000000
60585  29.098  -16.953  7.198 0.0000000000
65688  32.345  -10.664  2.331 0.0000000000
66518  26.022  -9.388  5.667 0.0000000000
66521  24.017  -9.118  5.244 0.0000000000
67452  24.551  -8.434  4.867 0.0000000000
67453  24.128  -7.709  4.656 0.0000000000
67466  31.702  -8.150  1.722 0.0000000000
68375  28.388  -7.436  6.437 0.0000000000
68389  26.288  -7.826  5.480 0.0000000000
68401  25.972  -7.084  5.105 0.0000000000
68403  24.579  -7.050  4.466 0.0000000000
69305  29.996  -6.138  6.352 0.0000000000
69332  25.650  -6.368  4.747 0.0000000000
69334  24.313  -6.240  4.458 0.0000000000
70112  28.595  -5.418  6.454 0.0000000000
70128  31.234  -5.474  5.033 0.0000000000
70130  26.976  -5.190  5.852 0.0000000000
70145  25.969  -5.644  4.946 0.0000000000
70893  30.006  -4.651  6.540 0.0000000000
70896  27.371  -4.416  6.101 0.0000000000
70932  25.164  -4.791  4.500 0.0000000000
70934  23.809  -4.550  4.561 0.0000000000
71696  29.446  -3.927  6.555 0.0000000000
71708  27.081  -3.661  5.943 0.0000000000
71723  25.426  -3.513  4.930 0.0000000000
71724  24.808  -3.480  4.682 0.0000000000
72518  29.118  -2.348  6.537 0.0000000000
72528  31.276  -2.472  4.923 0.0000000000
73332  27.662  -1.825  6.237 0.0000000000
74194  31.155  -0.934  2.814 0.0000000000
75839  30.080  1.911  3.334 0.0000000000
75874  28.695  0.729  -0.694 0.0000000000
77385  29.509  3.327  3.637 0.0000000000
77392  29.097  4.070  2.118 0.0000000000
78131  28.014  4.728  1.000 0.0000000000
78152  26.653  3.659  -0.713 0.0000000000
78160  25.921  3.931  -1.780 0.0000000000
78869  27.525  5.469  0.998 0.0000000000
79630  24.316  5.646  -1.329 0.0000000000
107148  27.404  -10.845  6.654 0.0000000000
112052  31.379  -6.216  3.748 0.0000000000
116386  29.484  3.499  -2.323 0.0000000000
116550  25.160  -4.060  4.648 0.0000000000
118087  25.004  -1.662  5.188 0.0000000000
118318  26.073  -4.315  5.205 0.0000000000
118537  30.617  -0.896  5.302 0.0000000000
119886  31.307  -3.966  5.082 0.0000000000
120240  30.645  -3.092  6.109 0.0000000000
127705  30.627  0.340  3.768 0.0000000000
127930  30.817  -14.714  4.307 0.0000000000
128383  26.740  3.572  -2.370 0.0000000000
