#!ascii label  , from subject sub-fsm76cw vox2ras=TkReg
712
22906  26.226  -60.288  13.089 0.6000000238
22104  29.393  -61.096  18.730 0.6999999881
22116  29.392  -61.247  17.915 0.6999999881
20391  29.038  -63.133  15.943 0.8999999762
125831  28.212  -62.605  14.941 0.8000000119
22130  27.613  -61.653  14.543 0.8000000119
23655  26.335  -59.721  13.292 0.6000000238
23659  26.081  -59.644  12.725 0.6999999881
24435  26.107  -59.075  12.125 0.6999999881
22864  29.554  -60.558  19.446 0.6999999881
22073  29.218  -61.556  20.449 0.6999999881
114919  29.441  -60.678  18.123 0.6999999881
124454  29.323  -60.093  17.253 0.6000000238
22124  29.253  -61.280  17.135 0.6999999881
21282  29.224  -62.049  16.854 0.6999999881
22125  28.859  -61.359  16.198 0.8000000119
22893  28.601  -60.475  15.756 0.8000000119
22129  28.430  -61.914  15.453 0.8000000119
123813  27.387  -60.703  14.387 0.8000000119
22905  26.746  -60.218  13.760 0.6000000238
24404  26.159  -58.979  13.076 0.6000000238
108403  26.524  -57.672  12.262 0.6999999881
24428  26.585  -58.427  11.927 0.6999999881
23615  29.820  -59.817  19.225 0.5000000000
22852  29.420  -60.796  20.335 0.6000000238
24375  30.038  -58.807  18.358 0.4000000060
118712  29.558  -60.301  18.609 0.6000000238
23631  29.480  -59.530  17.452 0.5000000000
23638  29.216  -59.673  16.720 0.6000000238
22892  29.102  -60.492  16.675 0.8000000119
119311  28.082  -58.904  14.921 0.6999999881
23647  27.578  -59.550  14.591 0.6999999881
24417  26.357  -57.901  12.977 0.5000000000
25242  26.654  -56.973  12.531 0.6000000238
25252  26.923  -56.856  12.133 0.6000000238
24427  27.061  -57.523  11.895 0.6000000238
117939  27.681  -58.284  11.888 0.5000000000
24367  30.492  -58.528  19.787 0.5000000000
23605  29.785  -59.929  20.239 0.6000000238
22843  29.369  -60.241  21.101 0.6000000238
23614  30.120  -59.326  19.767 0.5000000000
24388  29.472  -58.938  16.843 0.5000000000
115196  29.388  -58.258  16.180 0.6000000238
24395  28.563  -58.091  15.235 0.6000000238
25214  27.732  -57.513  14.414 0.6000000238
111988  27.081  -57.864  13.907 0.5000000000
25224  26.954  -57.154  13.469 0.5000000000
26067  27.011  -56.365  12.288 0.6000000238
26066  27.316  -55.996  12.199 0.6000000238
25251  27.667  -56.756  11.922 0.5000000000
26064  28.889  -56.267  12.060 0.5000000000
117429  29.962  -57.042  12.541 0.5000000000
25250  28.884  -57.249  12.129 0.5000000000
23604  30.098  -59.049  20.500 0.5000000000
23593  28.929  -59.606  21.582 0.5000000000
24374  30.453  -58.350  18.814 0.5000000000
24382  30.221  -58.227  17.961 0.4000000060
25205  30.359  -56.873  17.117 0.3000000119
127630  30.059  -57.433  16.907 0.4000000060
112735  29.885  -56.940  16.318 0.3000000119
26019  30.337  -56.255  16.588 0.3000000119
127067  29.729  -57.653  16.451 0.5000000000
25212  29.318  -57.472  15.736 0.5000000000
26028  28.533  -56.229  14.679 0.5000000000
26029  27.697  -56.677  14.112 0.5000000000
26964  27.292  -55.594  13.078 0.5000000000
26058  26.995  -56.270  13.070 0.6000000238
26984  27.711  -55.378  12.283 0.6000000238
26065  27.746  -55.966  11.986 0.5000000000
119022  29.532  -55.465  12.168 0.5000000000
26063  30.201  -56.253  12.546 0.5000000000
24358  30.343  -58.243  20.716 0.5000000000
25186  30.788  -57.665  20.196 0.5000000000
122882  30.961  -57.328  19.010 0.5000000000
26008  31.268  -56.235  18.208 0.4000000060
112882  30.669  -57.569  18.460 0.5000000000
26014  30.811  -56.216  17.354 0.4000000060
26923  30.754  -55.587  16.772 0.3000000119
26932  30.196  -55.617  16.038 0.3000000119
26933  29.386  -55.697  15.247 0.4000000060
26043  27.717  -55.861  13.818 0.4000000060
116975  28.463  -55.356  12.001 0.5000000000
27875  29.820  -54.080  12.145 0.5000000000
26983  29.141  -54.692  12.009 0.5000000000
26057  31.150  -56.199  13.054 0.5000000000
26981  31.184  -55.248  12.852 0.4000000060
25176  30.482  -57.444  20.980 0.5000000000
25175  30.952  -56.875  20.484 0.5000000000
26000  31.463  -56.266  19.152 0.5000000000
26911  31.712  -55.520  18.636 0.4000000060
26922  31.347  -55.426  17.566 0.4000000060
27811  31.112  -55.004  16.847 0.3000000119
113911  30.613  -54.961  16.260 0.3000000119
27841  29.163  -54.827  14.731 0.4000000060
27842  28.350  -54.622  13.916 0.4000000060
26945  28.446  -55.381  14.356 0.4000000060
27858  27.836  -54.496  13.062 0.5000000000
27869  27.961  -54.626  12.523 0.5000000000
26982  30.163  -54.873  12.273 0.5000000000
124402  31.043  -56.183  20.717 0.4000000060
26901  31.717  -55.520  19.594 0.4000000060
107276  31.872  -54.718  18.121 0.4000000060
27810  31.498  -54.549  17.254 0.4000000060
27824  31.073  -54.402  16.535 0.4000000060
27825  30.517  -54.217  15.792 0.4000000060
27826  29.951  -54.923  15.530 0.4000000060
27840  29.733  -54.213  15.058 0.4000000060
28702  28.994  -54.091  14.291 0.4000000060
117598  28.366  -53.957  13.457 0.5000000000
120607  28.171  -53.936  12.787 0.5000000000
28741  28.983  -52.958  12.607 0.6000000238
28732  29.609  -53.390  12.267 0.5000000000
30299  30.431  -52.224  12.389 0.4000000060
121867  30.240  -52.857  12.326 0.4000000060
25968  30.795  -55.725  21.110 0.4000000060
27796  32.005  -54.776  19.106 0.4000000060
27788  31.834  -54.727  19.980 0.4000000060
27795  32.150  -54.006  18.622 0.4000000060
129310  31.047  -53.816  16.261 0.4000000060
28700  30.186  -53.671  15.257 0.4000000060
29528  29.441  -52.842  14.256 0.4000000060
120946  28.917  -53.415  13.856 0.4000000060
28725  28.441  -53.299  13.143 0.5000000000
29567  29.141  -52.409  12.715 0.4000000060
123864  29.304  -53.090  12.439 0.6000000238
27778  31.793  -53.962  20.236 0.4000000060
27787  32.044  -54.022  19.506 0.4000000060
28654  32.209  -53.206  18.146 0.4000000060
28655  31.933  -53.895  17.680 0.4000000060
29512  31.451  -52.351  16.495 0.4000000060
29513  30.948  -52.622  15.780 0.4000000060
30265  30.570  -51.974  15.193 0.5000000000
29527  30.230  -52.917  15.048 0.4000000060
30266  29.930  -52.276  14.534 0.3000000119
30282  29.355  -52.170  13.866 0.3000000119
29544  28.895  -52.769  13.481 0.4000000060
30301  29.126  -51.941  12.874 0.4000000060
30307  29.538  -51.797  12.673 0.4000000060
29566  29.429  -52.562  12.555 0.5000000000
26873  30.987  -54.929  21.098 0.4000000060
28667  31.808  -52.975  17.213 0.4000000060
128100  30.911  -51.521  15.548 0.3000000119
30281  29.984  -51.447  14.371 0.3000000119
110226  29.300  -51.532  13.442 0.3000000119
31077  29.798  -50.809  12.656 0.4000000060
31076  30.324  -50.674  12.441 0.4000000060
29470  32.218  -52.610  19.457 0.3000000119
29483  32.287  -52.574  18.663 0.3000000119
29497  32.183  -52.397  17.870 0.3000000119
29498  31.827  -51.989  17.183 0.3000000119
30254  31.532  -51.506  16.521 0.3000000119
31026  31.210  -51.097  15.858 0.3000000119
118254  30.666  -51.152  15.207 0.4000000060
126710  30.375  -49.721  14.741 0.4000000060
31055  30.350  -50.411  14.709 0.3000000119
31056  29.681  -50.643  13.828 0.3000000119
31064  29.379  -50.840  13.196 0.3000000119
31943  29.852  -49.907  12.689 0.4000000060
31949  30.110  -50.110  12.524 0.4000000060
31948  30.625  -49.864  12.334 0.4000000060
31040  30.941  -50.472  15.512 0.4000000060
31911  29.926  -48.919  14.094 0.4000000060
31923  29.930  -49.701  14.139 0.4000000060
110727  29.681  -49.209  13.453 0.3000000119
116654  29.648  -49.568  12.923 0.4000000060
32741  29.901  -49.048  12.717 0.4000000060
32740  30.241  -48.548  12.538 0.4000000060
31942  30.175  -49.402  12.519 0.4000000060
32746  30.629  -48.963  12.323 0.4000000060
32724  29.814  -48.421  13.620 0.4000000060
33539  29.823  -47.825  13.172 0.5000000000
33548  29.982  -48.153  12.797 0.4000000060
124389  30.254  -47.747  12.582 0.4000000060
32745  31.209  -48.646  12.154 0.3000000119
108469  30.999  -47.019  12.032 0.3000000119
22134  26.650  -61.043  13.661 0.6999999881
21283  28.942  -62.324  16.133 0.8000000119
23654  26.804  -59.548  13.846 0.6000000238
22900  27.906  -60.274  14.939 0.6999999881
22901  27.273  -60.073  14.312 0.6999999881
123234  27.974  -57.560  11.886 0.6000000238
24383  29.761  -58.857  17.675 0.4000000060
25200  29.875  -58.140  17.075 0.4000000060
119448  28.881  -59.073  15.925 0.6999999881
24403  27.016  -58.687  14.011 0.6999999881
110615  30.793  -57.752  19.321 0.5000000000
25213  28.577  -57.119  14.939 0.5000000000
26020  29.874  -56.235  15.917 0.4000000060
114021  28.349  -54.666  12.193 0.5000000000
27877  28.439  -54.024  12.454 0.6000000238
28685  30.736  -53.415  15.749 0.3000000119
30292  28.914  -52.047  13.019 0.4000000060
28638  31.649  -53.271  20.476 0.4000000060
31934  29.566  -50.068  13.335 0.3000000119
32735  29.698  -48.687  13.003 0.3000000119
33556  30.698  -47.978  12.288 0.3000000119
15247  29.330  -69.106  17.114 0.6000000238
15264  28.539  -69.883  16.507 0.6000000238
14498  27.158  -71.590  15.631 0.6000000238
14505  27.188  -71.467  14.722 0.6000000238
15231  27.763  -70.199  18.975 0.5000000000
15229  29.099  -69.352  18.194 0.6000000238
16863  30.008  -67.482  16.947 0.6999999881
16057  29.563  -68.249  16.444 0.6999999881
15248  28.629  -69.974  17.476 0.6000000238
16067  29.196  -68.165  15.533 0.6000000238
16068  28.616  -68.919  15.104 0.6000000238
15289  28.149  -68.752  14.275 0.6000000238
15281  27.862  -69.696  14.658 0.6000000238
14504  27.475  -70.638  15.144 0.6000000238
15282  27.213  -70.554  14.198 0.6000000238
14515  26.589  -70.432  12.234 0.6999999881
15211  28.524  -69.329  19.018 0.6000000238
16852  30.325  -67.079  17.703 0.6999999881
14445  27.190  -70.132  19.340 0.5000000000
16853  30.104  -67.807  17.868 0.6999999881
118710  29.811  -68.256  17.258 0.6999999881
17759  29.399  -66.555  15.588 0.6999999881
16888  29.120  -67.311  15.164 0.6999999881
114014  28.748  -68.049  14.709 0.5000000000
15290  27.371  -69.503  13.613 0.6000000238
16097  27.097  -68.701  12.813 0.6000000238
15291  26.691  -69.661  12.552 0.6999999881
16098  26.421  -68.845  11.913 0.6999999881
14524  26.502  -70.380  11.377 0.6999999881
16122  26.318  -68.979  10.569 0.6999999881
17782  30.584  -66.697  12.761 0.4000000060
17791  29.382  -67.065  10.806 0.5000000000
112793  28.860  -67.049  10.481 0.6000000238
16925  28.106  -67.805  10.178 0.6000000238
16927  26.485  -68.165  10.414 0.6999999881
16830  26.295  -67.827  19.262 0.5000000000
16828  28.703  -67.665  19.638 0.5000000000
17695  30.357  -66.615  19.043 0.6000000238
16020  28.688  -68.429  19.369 0.5000000000
18590  30.428  -65.822  17.830 0.6999999881
16838  30.238  -67.256  18.534 0.5000000000
16839  29.830  -67.952  18.721 0.6000000238
18607  30.086  -65.966  16.946 0.6999999881
16862  30.177  -66.741  17.092 0.6999999881
108378  29.619  -65.856  16.058 0.6999999881
16096  27.720  -68.519  13.591 0.6000000238
16905  27.483  -67.837  13.230 0.6000000238
16906  26.553  -67.813  12.248 0.6999999881
115524  26.192  -68.154  10.909 0.6999999881
109970  26.485  -67.230  10.572 0.6999999881
16926  27.119  -67.571  10.234 0.6000000238
17798  26.890  -66.643  10.467 0.6000000238
18533  28.418  -65.537  20.628 0.5000000000
16840  26.166  -66.765  18.998 0.4000000060
122328  29.711  -65.828  20.015 0.5000000000
118357  28.037  -66.334  20.291 0.5000000000
17696  29.676  -66.585  19.676 0.5000000000
19424  30.353  -65.077  19.151 0.6000000238
18550  30.231  -65.850  19.457 0.6000000238
20378  29.673  -63.454  17.337 0.6999999881
19440  30.380  -65.068  18.278 0.6000000238
19467  29.771  -64.376  16.888 0.6999999881
112461  29.380  -65.164  15.825 0.6999999881
17769  28.867  -66.478  14.827 0.6999999881
17776  28.311  -66.458  14.122 0.6999999881
16904  28.193  -67.907  13.981 0.6999999881
118581  27.093  -67.028  12.922 0.6999999881
17778  26.593  -66.248  12.588 0.6999999881
17784  26.019  -66.272  11.665 0.8000000119
18662  26.086  -65.678  10.979 0.6999999881
114147  28.887  -66.098  10.534 0.5000000000
18666  27.623  -65.955  10.465 0.6000000238
18667  26.579  -65.817  10.659 0.6000000238
17682  27.087  -66.071  20.174 0.4000000060
19400  29.452  -64.542  20.292 0.6000000238
18551  29.969  -65.151  19.877 0.6000000238
19425  29.949  -64.336  19.576 0.6000000238
111155  29.921  -63.618  18.221 0.6000000238
111356  29.446  -62.613  17.319 0.6000000238
124092  29.401  -63.708  16.406 0.6999999881
19483  29.408  -64.494  16.081 0.6999999881
19484  28.987  -64.649  15.324 0.6999999881
18627  29.092  -65.636  15.240 0.6999999881
19495  28.425  -64.353  14.663 0.8000000119
18628  28.646  -65.049  14.762 0.8000000119
18646  27.757  -65.497  13.737 0.6000000238
18647  26.860  -65.491  13.002 0.6000000238
19527  26.098  -64.739  11.317 0.8000000119
18653  25.948  -65.540  11.356 0.6999999881
19529  30.387  -64.965  11.072 0.5000000000
121332  28.908  -64.571  10.745 0.6000000238
20433  26.798  -64.143  10.899 0.6999999881
19530  29.963  -64.516  10.875 0.6000000238
19379  28.241  -64.111  21.295 0.5000000000
18517  27.079  -65.048  21.212 0.4000000060
19402  26.238  -65.082  21.179 0.4000000060
20334  29.443  -63.595  20.137 0.5000000000
19401  28.726  -64.772  20.767 0.5000000000
125832  29.461  -62.432  19.027 0.6000000238
20366  29.781  -63.383  19.095 0.6000000238
21270  29.374  -61.960  17.627 0.6000000238
20390  29.298  -62.876  16.667 0.6999999881
20400  29.056  -63.877  15.677 0.8000000119
118820  28.679  -63.939  15.111 0.8000000119
20409  27.307  -63.308  13.846 0.6000000238
19497  26.990  -63.851  13.454 0.6000000238
117965  26.177  -64.738  12.431 0.6999999881
19519  25.817  -63.992  11.905 0.6999999881
21344  27.006  -62.261  11.315 0.6999999881
21343  28.325  -62.582  11.197 0.6000000238
22155  29.583  -61.539  11.549 0.6000000238
20438  29.285  -63.864  10.923 0.6000000238
119006  29.193  -62.202  11.351 0.6000000238
113600  29.085  -62.163  20.574 0.5000000000
124001  27.603  -63.758  21.764 0.5000000000
19381  26.594  -64.528  21.721 0.5000000000
113336  29.264  -62.104  19.801 0.5000000000
21222  29.147  -62.755  20.360 0.5000000000
21307  27.534  -62.592  14.219 0.6999999881
118340  26.954  -61.902  13.810 0.6000000238
21320  26.001  -62.452  12.766 0.6000000238
115218  25.683  -62.415  12.114 0.6000000238
21345  26.016  -62.553  11.678 0.6999999881
22158  25.972  -60.991  11.898 0.6000000238
22157  26.814  -61.209  11.622 0.6000000238
22156  28.207  -61.580  11.541 0.6999999881
21348  30.723  -63.132  11.192 0.5000000000
22074  28.881  -61.811  21.166 0.5000000000
22061  28.247  -62.129  21.797 0.5000000000
22048  27.617  -62.049  22.282 0.5000000000
21190  26.276  -62.619  22.480 0.5000000000
20314  25.570  -63.161  22.482 0.5000000000
20324  24.125  -64.122  22.021 0.5000000000
22908  26.048  -60.272  12.444 0.6000000238
22919  26.053  -60.266  12.165 0.6000000238
22933  26.471  -60.209  11.873 0.4000000060
22932  27.609  -60.566  11.839 0.5000000000
22916  29.402  -59.996  12.195 0.4000000060
22915  30.636  -60.004  12.068 0.4000000060
22931  28.872  -60.750  11.892 0.5000000000
22853  29.118  -61.057  21.133 0.6000000238
111664  28.536  -61.273  21.729 0.5000000000
119017  27.155  -61.643  22.465 0.5000000000
22049  26.423  -61.940  22.511 0.5000000000
111459  25.165  -62.259  22.432 0.5000000000
126052  24.532  -62.197  22.303 0.5000000000
21207  23.337  -63.177  21.853 0.4000000060
19407  21.729  -64.392  20.561 0.5000000000
110720  20.614  -65.177  19.790 0.4000000060
17717  19.174  -66.282  18.471 0.4000000060
23671  26.520  -59.317  11.891 0.6000000238
23670  27.408  -59.109  11.879 0.4000000060
22917  28.173  -59.903  12.111 0.4000000060
23668  31.048  -59.226  12.410 0.4000000060
22830  28.132  -60.671  22.173 0.5000000000
22831  27.371  -60.859  22.409 0.4000000060
112641  26.554  -61.140  22.464 0.4000000060
22051  24.828  -61.603  22.293 0.5000000000
22062  24.385  -61.161  21.871 0.4000000060
109782  23.289  -62.480  21.676 0.5000000000
22854  23.893  -60.840  21.206 0.4000000060
22076  22.486  -61.709  20.513 0.5000000000
22064  22.873  -62.091  21.209 0.5000000000
22077  21.763  -62.108  20.080 0.3000000119
19429  20.080  -64.554  19.747 0.3000000119
19430  19.198  -64.739  19.520 0.3000000119
24426  29.039  -58.228  12.312 0.4000000060
23576  28.356  -60.025  22.005 0.5000000000
23577  27.656  -59.993  22.286 0.5000000000
22832  25.919  -60.619  22.391 0.4000000060
111849  29.378  -58.803  21.399 0.4000000060
24346  28.722  -58.827  21.694 0.4000000060
24327  27.617  -59.142  22.087 0.4000000060
24348  26.428  -58.262  21.624 0.4000000060
25158  30.035  -57.215  21.343 0.4000000060
113781  28.427  -58.032  21.724 0.4000000060
24347  27.637  -58.361  21.853 0.4000000060
25970  29.821  -56.629  21.490 0.4000000060
25160  27.540  -57.517  21.646 0.4000000060
25161  26.671  -57.590  21.459 0.4000000060
25162  25.936  -57.801  21.234 0.4000000060
122837  28.347  -57.200  21.656 0.4000000060
25969  30.513  -56.583  21.167 0.3000000119
25973  27.692  -56.541  21.493 0.4000000060
25177  26.186  -57.028  21.007 0.4000000060
25178  25.535  -57.481  20.610 0.4000000060
26874  30.192  -55.914  21.458 0.4000000060
128735  25.065  -57.858  20.256 0.4000000060
26001  25.379  -56.459  19.951 0.4000000060
27766  30.395  -54.430  21.396 0.3000000119
114899  29.838  -55.164  21.557 0.4000000060
26876  28.351  -55.786  21.546 0.4000000060
26877  27.319  -55.521  21.235 0.4000000060
25989  26.732  -56.302  21.131 0.4000000060
25990  25.995  -56.329  20.523 0.4000000060
26890  26.441  -55.601  20.619 0.3000000119
117495  26.230  -61.752  13.162 0.6000000238
124331  29.424  -62.844  19.679 0.5000000000
23679  26.105  -59.649  12.076 0.6000000238
14487  27.128  -71.622  16.502 0.6000000238
15308  26.342  -69.674  11.640 0.6999999881
16912  26.051  -67.239  11.337 0.6999999881
17790  29.755  -66.963  11.261 0.5000000000
16924  28.904  -67.880  10.465 0.5000000000
113773  29.420  -66.456  10.749 0.4000000060
112962  27.940  -66.865  10.346 0.6000000238
17698  27.992  -67.202  19.864 0.5000000000
18640  28.453  -65.709  14.403 0.6999999881
20439  27.864  -64.581  10.683 0.6000000238
19441  30.200  -64.279  18.726 0.6000000238
17777  27.560  -66.261  13.458 0.6999999881
18648  26.070  -65.502  12.082 0.8000000119
19532  26.395  -65.108  10.853 0.6999999881
19380  27.933  -64.959  21.128 0.4000000060
19507  28.097  -64.890  14.158 0.6000000238
19509  26.245  -63.937  12.764 0.6000000238
20434  26.073  -63.595  11.517 0.6999999881
113668  26.562  -63.129  11.202 0.6999999881
125417  30.717  -64.369  11.089 0.5000000000
20432  27.489  -63.200  11.014 0.6999999881
21350  28.560  -63.308  11.026 0.6000000238
21308  26.698  -62.547  13.526 0.6999999881
20420  25.860  -63.173  12.386 0.6999999881
20428  25.786  -63.111  11.899 0.6999999881
21349  29.544  -63.027  11.134 0.6000000238
22154  30.726  -61.637  11.483 0.6000000238
21205  28.101  -63.120  21.610 0.5000000000
20322  27.332  -63.202  22.135 0.5000000000
19368  26.133  -63.986  22.279 0.4000000060
22141  25.838  -60.956  12.170 0.6000000238
17716  20.007  -66.312  18.295 0.3000000119
23669  28.602  -59.128  12.206 0.5000000000
117385  29.884  -59.191  12.417 0.4000000060
126729  24.234  -61.813  22.096 0.5000000000
20337  21.360  -63.721  20.432 0.4000000060
18557  19.420  -65.551  19.343 0.4000000060
26875  29.332  -55.989  21.625 0.4000000060
25972  28.724  -56.586  21.635 0.4000000060
11251  41.500  -74.352  15.337 0.3000000119
12070  41.391  -73.471  14.861 0.3000000119
13774  33.719  -71.448  11.668 0.4000000060
15320  35.469  -69.329  11.721 0.4000000060
14523  36.092  -70.156  11.999 0.4000000060
14528  36.474  -69.559  11.931 0.4000000060
13782  32.601  -71.450  11.340 0.4000000060
12962  32.167  -71.838  11.621 0.4000000060
12963  31.363  -72.074  11.844 0.4000000060
12974  30.750  -71.830  11.497 0.5000000000
109114  30.288  -72.448  13.418 0.5000000000
12950  29.980  -72.370  12.729 0.5000000000
15305  33.676  -69.673  11.749 0.4000000060
14531  33.894  -70.630  11.380 0.5000000000
13775  32.939  -71.842  11.807 0.5000000000
108029  29.403  -72.619  13.482 0.5000000000
15304  34.544  -69.547  11.703 0.5000000000
14530  34.678  -70.103  11.474 0.5000000000
16109  35.062  -68.889  12.137 0.5000000000
129066  36.065  -68.992  11.817 0.4000000060
16108  36.562  -68.871  11.999 0.4000000060
15303  37.145  -69.130  12.057 0.4000000060
119877  37.899  -69.475  12.462 0.4000000060
14521  38.559  -70.051  12.820 0.3000000119
14510  39.691  -70.507  13.381 0.4000000060
15307  31.553  -69.757  11.774 0.4000000060
15323  31.231  -70.491  11.271 0.4000000060
15324  30.164  -70.294  10.924 0.4000000060
108650  31.925  -69.147  12.555 0.4000000060
15322  32.442  -70.540  11.313 0.4000000060
14534  30.882  -70.945  10.936 0.4000000060
118494  30.044  -71.146  10.785 0.5000000000
12975  29.872  -71.910  11.551 0.5000000000
16111  33.015  -69.123  12.539 0.4000000060
15321  33.428  -70.393  11.369 0.4000000060
14532  33.171  -71.028  11.198 0.4000000060
13793  29.145  -70.964  10.424 0.5000000000
12976  28.855  -72.039  11.823 0.5000000000
12951  29.059  -72.403  12.677 0.5000000000
12965  28.254  -72.239  12.573 0.6000000238
12953  27.605  -72.003  12.947 0.6000000238
12936  27.927  -72.728  14.591 0.6000000238
15340  26.493  -69.559  10.346 0.6000000238
115952  26.852  -71.028  11.294 0.6000000238
12937  27.545  -72.227  14.016 0.5000000000
108531  37.260  -68.736  12.353 0.4000000060
110183  27.093  -71.287  13.756 0.5000000000
16106  38.532  -69.084  12.787 0.4000000060
15288  38.875  -69.303  12.988 0.4000000060
14520  39.093  -69.862  13.060 0.4000000060
15325  29.613  -69.540  10.731 0.4000000060
14547  28.987  -70.405  10.173 0.5000000000
118445  28.261  -70.137  9.962 0.5000000000
13784  28.171  -71.541  11.166 0.5000000000
15338  27.708  -69.487  9.867 0.5000000000
13785  27.399  -71.426  11.438 0.6000000238
126799  27.055  -69.235  9.856 0.6000000238
14536  26.725  -70.280  10.566 0.6000000238
10487  41.608  -75.187  15.870 0.3000000119
12913  41.987  -72.741  15.552 0.3000000119
14495  40.790  -71.266  14.808 0.3000000119
16095  31.300  -68.299  13.060 0.4000000060
16911  30.941  -67.419  13.247 0.4000000060
113792  30.498  -67.791  12.491 0.4000000060
16119  30.433  -69.491  11.493 0.4000000060
16120  29.742  -68.703  11.254 0.4000000060
15337  28.815  -69.628  10.130 0.5000000000
16918  29.434  -67.875  10.971 0.4000000060
16128  28.338  -68.710  10.102 0.5000000000
122766  26.699  -70.959  11.952 0.6000000238
13749  27.267  -71.939  14.374 0.5000000000
16917  29.938  -67.781  11.666 0.4000000060
13783  31.805  -71.344  11.191 0.4000000060
12935  28.838  -72.808  14.353 0.5000000000
14496  40.197  -70.624  14.446 0.3000000119
16112  30.922  -68.905  12.326 0.4000000060
14546  29.749  -70.675  10.602 0.5000000000
13794  28.454  -71.154  10.586 0.5000000000
14535  27.528  -71.022  10.636 0.6000000238
30291  29.194  -51.405  13.067 0.3000000119
10488  41.003  -75.795  15.548 0.3000000119
10500  41.074  -74.975  15.236 0.3000000119
12060  41.953  -73.212  15.469 0.3000000119
12952  28.277  -72.518  13.498 0.6000000238
12964  30.451  -72.169  12.028 0.5000000000
12966  27.112  -71.493  12.230 0.6000000238
12972  32.120  -71.554  11.350 0.4000000060
12973  31.582  -71.686  11.419 0.4000000060
13766  27.231  -71.680  13.360 0.5000000000
13776  27.806  -71.902  11.996 0.6000000238
13780  34.248  -70.680  11.463 0.5000000000
13781  33.744  -71.085  11.382 0.5000000000
14514  26.899  -70.501  13.175 0.5000000000
14522  37.087  -69.690  12.263 0.4000000060
14529  35.646  -69.812  11.683 0.4000000060
14533  32.127  -71.058  11.058 0.4000000060
14548  28.301  -70.704  10.207 0.5000000000
15230  28.344  -70.093  18.315 0.6000000238
15263  28.998  -69.034  16.020 0.6000000238
15302  38.542  -69.378  12.775 0.4000000060
15306  32.683  -69.783  11.796 0.4000000060
15319  36.257  -69.231  11.819 0.4000000060
15326  26.269  -69.668  10.839 0.6999999881
15336  29.477  -70.142  10.416 0.5000000000
15339  26.902  -69.685  10.014 0.6000000238
16019  29.367  -67.931  19.318 0.5000000000
16032  29.268  -68.622  18.859 0.6000000238
16044  29.684  -68.561  18.016 0.6999999881
16089  38.460  -68.850  12.932 0.4000000060
16107  38.023  -68.979  12.495 0.4000000060
16110  34.073  -69.033  12.378 0.5000000000
16113  30.287  -68.536  11.889 0.4000000060
16114  26.158  -68.938  11.140 0.6999999881
16121  29.149  -68.743  10.530 0.4000000060
16129  27.273  -68.598  9.942 0.6000000238
16130  26.623  -69.079  10.077 0.6000000238
16827  29.886  -67.311  19.197 0.5000000000
16829  27.922  -68.097  19.667 0.5000000000
16873  29.578  -67.409  15.987 0.6999999881
16889  28.577  -67.217  14.428 0.6999999881
16919  26.222  -67.242  10.830 0.6999999881
17681  29.002  -66.147  20.291 0.5000000000
17697  28.774  -66.898  19.940 0.5000000000
17700  19.712  -66.062  18.986 0.4000000060
17701  18.906  -65.929  19.025 0.4000000060
17712  30.459  -66.531  18.245 0.6999999881
17728  30.339  -66.433  17.549 0.6999999881
17742  29.826  -66.669  16.422 0.6999999881
17792  26.007  -66.346  11.052 0.6999999881
17797  29.806  -66.262  11.010 0.5000000000
17799  26.250  -66.477  10.781 0.6000000238
18532  29.267  -65.336  20.377 0.6000000238
18534  27.551  -65.584  20.701 0.4000000060
18558  18.572  -65.369  19.319 0.3000000119
18570  30.493  -65.835  18.726 0.6000000238
18575  20.566  -66.053  18.859 0.3000000119
18591  30.129  -65.116  17.354 0.6999999881
18608  29.737  -65.165  16.508 0.6999999881
18665  29.802  -65.769  10.872 0.4000000060
19408  20.892  -64.388  20.143 0.4000000060
19454  30.096  -64.311  17.786 0.6999999881
19496  27.751  -64.093  14.023 0.6000000238
19508  27.144  -64.654  13.402 0.6000000238
19531  27.179  -65.123  10.618 0.6000000238
20313  26.548  -63.245  22.380 0.4000000060
20315  24.684  -63.762  22.319 0.5000000000
20316  23.970  -63.425  22.187 0.5000000000
20323  26.939  -63.883  22.053 0.5000000000
20326  22.869  -63.751  21.412 0.4000000060
20335  28.789  -63.376  20.896 0.5000000000
20336  22.046  -63.514  20.936 0.5000000000
20338  20.825  -63.374  19.961 0.3000000119
20401  28.655  -63.296  15.302 0.8000000119
20408  28.144  -63.464  14.578 0.8000000119
20410  26.411  -63.227  13.164 0.6000000238
20436  31.287  -63.860  11.205 0.5000000000
20437  30.342  -63.831  10.987 0.5000000000
21189  27.017  -62.471  22.412 0.5000000000
21191  24.596  -62.875  22.410 0.5000000000
21192  23.891  -62.507  22.129 0.5000000000
21206  27.693  -62.599  22.110 0.5000000000
21208  22.711  -62.912  21.410 0.5000000000
21223  28.744  -62.567  21.095 0.5000000000
21224  22.177  -62.526  20.803 0.5000000000
21225  21.479  -62.937  20.355 0.4000000060
21253  29.398  -61.865  18.411 0.6000000238
21294  28.666  -62.667  15.564 0.8999999762
21329  25.775  -61.700  11.970 0.6000000238
21342  30.186  -62.325  11.324 0.6000000238
22047  27.886  -61.435  22.247 0.5000000000
22050  25.684  -61.511  22.423 0.4000000060
22063  23.666  -61.726  21.635 0.5000000000
22075  23.214  -61.319  20.907 0.5000000000
22088  29.361  -61.313  19.619 0.5000000000
22138  26.054  -60.982  12.738 0.6000000238
22844  28.746  -60.477  21.644 0.6000000238
22874  29.448  -60.118  17.883 0.6999999881
22884  29.346  -60.647  17.501 0.6000000238
22918  27.191  -59.781  11.856 0.4000000060
22930  30.136  -60.800  11.791 0.4000000060
23578  26.889  -59.486  22.263 0.4000000060
23592  29.644  -59.414  21.095 0.5000000000
23594  26.224  -58.981  21.932 0.4000000060
23625  30.155  -59.100  19.026 0.5000000000
23626  29.707  -59.505  18.317 0.4000000060
23639  28.860  -59.892  16.112 0.8000000119
23646  28.362  -59.712  15.376 0.6999999881
23672  26.021  -59.639  12.285 0.6000000238
24326  28.246  -59.411  21.949 0.5000000000
24328  26.959  -58.674  21.998 0.4000000060
24345  29.841  -58.000  21.304 0.4000000060
24359  25.358  -58.151  20.818 0.4000000060
24396  27.683  -58.206  14.546 0.6000000238
24429  26.109  -58.495  12.401 0.6999999881
25159  29.249  -57.327  21.578 0.4000000060
25185  31.121  -57.020  19.576 0.5000000000
25187  25.078  -57.224  19.952 0.4000000060
25192  31.072  -56.896  18.717 0.4000000060
25199  30.336  -57.530  17.557 0.4000000060
25971  29.297  -56.642  21.595 0.4000000060
25988  31.401  -56.255  20.041 0.4000000060
26009  30.741  -56.883  17.913 0.5000000000
26027  29.321  -56.633  15.452 0.5000000000
26888  31.381  -55.429  20.506 0.4000000060
26889  26.780  -54.842  20.647 0.3000000119
26963  27.761  -55.155  13.469 0.4000000060
26975  27.504  -55.133  12.715 0.6000000238
26976  27.207  -55.771  12.503 0.6000000238
27765  31.070  -54.125  21.075 0.4000000060
27779  31.436  -54.515  20.635 0.4000000060
27868  31.490  -54.570  12.904 0.4000000060
27876  28.958  -54.020  12.144 0.5000000000
28637  32.051  -53.292  19.875 0.3000000119
28644  32.244  -53.297  19.075 0.4000000060
28684  31.281  -53.171  16.392 0.4000000060
28701  29.579  -53.529  14.638 0.4000000060
28731  30.570  -53.415  12.350 0.4000000060
28733  28.905  -53.487  12.392 0.6000000238
29552  28.630  -52.670  13.014 0.5000000000
29559  29.819  -52.731  12.386 0.6000000238
29560  28.844  -52.581  12.847 0.4000000060
29565  30.066  -52.097  12.438 0.5000000000
30242  32.204  -51.608  17.831 0.3000000119
30243  31.892  -51.134  17.185 0.3000000119
30255  31.158  -51.853  15.881 0.3000000119
30283  28.945  -52.236  13.265 0.4000000060
30300  29.399  -51.322  12.851 0.4000000060
31069  29.514  -50.572  12.909 0.3000000119
106951  27.036  -67.309  19.576 0.5000000000
107009  29.595  -62.751  18.142 0.6000000238
107300  25.822  -62.289  22.504 0.5000000000
108089  25.833  -61.683  12.391 0.6000000238
108152  27.362  -66.681  19.874 0.4000000060
108258  29.356  -61.750  19.096 0.6999999881
109224  31.477  -53.809  16.881 0.4000000060
110552  34.093  -70.131  11.409 0.5000000000
110598  27.045  -58.055  21.737 0.4000000060
111199  30.918  -71.396  11.155 0.4000000060
111265  26.214  -61.731  11.680 0.6999999881
112101  27.504  -70.280  10.093 0.5000000000
112534  36.461  -68.577  12.473 0.4000000060
112649  33.263  -71.373  11.420 0.5000000000
114079  29.144  -58.218  21.568 0.4000000060
115317  28.969  -55.098  21.588 0.4000000060
116075  27.400  -64.391  21.561 0.5000000000
116499  18.579  -66.365  17.923 0.4000000060
117136  26.753  -60.319  22.410 0.4000000060
117195  28.364  -65.259  10.565 0.6000000238
117465  29.497  -65.240  10.742 0.5000000000
117474  27.938  -67.114  13.700 0.6999999881
117517  28.947  -64.089  20.710 0.5000000000
117813  26.174  -68.196  11.433 0.6999999881
118706  28.140  -61.056  15.230 0.8000000119
118763  26.320  -66.906  12.157 0.6999999881
119167  28.582  -53.309  12.756 0.5000000000
119233  25.906  -64.887  11.715 0.8000000119
120294  31.430  -53.834  20.710 0.4000000060
120533  28.148  -58.784  21.866 0.4000000060
121342  20.211  -65.658  19.377 0.4000000060
122660  32.288  -51.990  18.396 0.3000000119
123717  30.467  -55.231  21.346 0.4000000060
124213  25.996  -59.132  12.457 0.6999999881
124493  26.902  -71.117  12.778 0.6999999881
124574  29.898  -58.713  21.091 0.5000000000
124673  25.623  -56.893  20.413 0.4000000060
124907  26.951  -56.976  21.382 0.4000000060
125431  30.478  -55.593  12.550 0.5000000000
125744  27.229  -56.329  12.101 0.6000000238
125967  28.096  -65.979  13.921 0.6999999881
126407  29.252  -71.480  10.977 0.5000000000
126634  29.316  -67.299  19.567 0.5000000000
126769  18.501  -66.178  18.576 0.4000000060
127298  28.142  -63.929  10.870 0.6000000238
127333  31.312  -50.521  15.957 0.3000000119
128790  30.193  -71.537  11.116 0.5000000000
128925  29.655  -72.208  12.130 0.5000000000
128950  35.914  -68.821  12.027 0.4000000060
129198  19.911  -65.193  19.611 0.4000000060
