#!ascii label  , from subject sub-fsm76cw vox2ras=TkReg
265
112113  31.404  -9.329  2.484 0.0000000000
60594  28.612  -17.463  6.951 0.0000000000
117525  31.454  -4.153  3.014 0.0000000000
78862  28.131  5.480  1.768 0.0000000000
58850  27.138  -18.851  8.227 0.0000000000
72577  30.792  -2.251  -0.578 0.0000000000
74228  29.567  -0.464  -0.744 0.0000000000
122020  29.989  -10.993  4.543 0.0000000000
63102  30.523  -14.093  4.101 0.0000000000
63970  32.258  -12.653  3.457 0.0000000000
68417  33.212  -7.292  0.150 0.0000000000
66528  33.797  -9.948  2.746 0.0000000000
69337  31.201  -6.701  2.840 0.0000000000
70957  31.057  -5.018  -0.219 0.0000000000
77399  29.228  3.141  1.713 0.0000000000
75876  27.638  1.834  -1.344 0.0000000000
123482  30.206  -15.027  6.877 0.0000000000
74202  30.566  -0.571  1.514 0.0000000000
75059  29.596  0.442  0.599 0.0000000000
65686  30.955  -10.311  3.328 0.0000000000
64835  30.996  -11.816  3.238 0.0000000000
65689  31.732  -10.659  2.468 0.0000000000
59754  27.682  -18.122  7.576 0.0000000000
70948  31.440  -4.874  3.589 0.0000000000
70156  31.013  -5.661  0.710 0.0000000000
116829  30.926  -4.522  0.804 0.0000000000
73404  31.406  -1.510  -1.444 0.0000000000
72582  31.720  -2.216  -1.366 0.0000000000
78851  28.336  5.691  3.929 0.0000000000
77386  29.092  3.929  4.114 0.0000000000
78130  28.539  4.247  1.405 0.0000000000
78898  25.929  4.784  -2.629 0.0000000000
78896  27.337  4.186  -2.687 0.0000000000
76672  27.135  2.456  -1.186 0.0000000000
78167  27.557  3.305  -2.538 0.0000000000
75890  28.770  2.091  -2.363 0.0000000000
63087  31.455  -14.425  4.972 0.0000000000
62264  30.366  -15.538  5.347 0.0000000000
57944  26.099  -19.120  8.674 0.0000000000
117684  31.229  -2.966  1.350 0.0000000000
73396  31.290  -2.160  1.223 0.0000000000
73403  30.405  -1.614  -0.938 0.0000000000
74235  30.466  -0.500  -1.587 0.0000000000
63966  28.994  -12.929  5.578 0.0000000000
63969  30.146  -13.002  4.125 0.0000000000
63103  31.701  -13.622  3.705 0.0000000000
63964  32.168  -13.228  4.379 0.0000000000
67465  32.478  -8.639  1.403 0.0000000000
66533  32.713  -10.022  1.900 0.0000000000
67464  33.539  -8.554  1.219 0.0000000000
67450  30.937  -8.816  3.977 0.0000000000
68387  31.019  -7.091  4.839 0.0000000000
68407  31.183  -7.703  3.086 0.0000000000
68415  31.513  -7.413  1.406 0.0000000000
69346  32.362  -6.624  -0.103 0.0000000000
114890  33.412  -5.318  -0.579 0.0000000000
71757  31.184  -3.559  -0.478 0.0000000000
71759  32.651  -3.389  -1.381 0.0000000000
115640  29.882  1.877  2.196 0.0000000000
78142  26.544  4.503  -0.422 0.0000000000
115512  27.959  3.117  0.174 0.0000000000
76662  28.053  2.117  -0.046 0.0000000000
75856  29.476  1.343  1.047 0.0000000000
75070  28.715  0.795  -1.251 0.0000000000
75887  29.860  1.199  -2.051 0.0000000000
61436  28.917  -16.530  5.933 0.0000000000
62271  29.351  -15.244  5.253 0.0000000000
65684  32.758  -11.221  2.758 0.0000000000
65675  32.726  -11.046  4.804 0.0000000000
118161  30.436  0.123  1.920 0.0000000000
75047  30.083  0.817  1.731 0.0000000000
66530  31.127  -9.506  3.247 0.0000000000
66529  31.366  -10.173  2.655 0.0000000000
57931  25.626  -20.343  9.597 0.0000000000
57940  25.997  -19.785  8.974 0.0000000000
59747  28.207  -17.991  7.458 0.0000000000
70951  31.221  -5.015  2.526 0.0000000000
117524  31.086  -4.301  1.935 0.0000000000
74234  31.232  -0.724  -1.655 0.0000000000
74233  31.952  -0.957  -1.469 0.0000000000
78855  28.497  5.469  2.601 0.0000000000
78850  28.582  5.300  3.414 0.0000000000
78124  28.894  4.772  2.816 0.0000000000
78861  28.634  4.850  1.928 0.0000000000
77437  28.751  3.494  -2.542 0.0000000000
129236  31.334  -13.739  5.768 0.0000000000
63088  30.970  -14.349  5.905 0.0000000000
60595  27.709  -17.506  7.048 0.0000000000
72568  31.468  -2.339  2.189 0.0000000000
73383  31.295  -1.549  2.022 0.0000000000
74215  30.278  -0.881  0.548 0.0000000000
74227  29.987  -1.075  -0.441 0.0000000000
74231  30.012  -0.974  -1.173 0.0000000000
74232  29.753  -0.221  -1.361 0.0000000000
79612  27.389  6.656  2.026 0.0000000000
64827  29.461  -12.366  5.018 0.0000000000
64832  29.948  -11.861  4.373 0.0000000000
64834  31.787  -12.176  3.022 0.0000000000
63972  31.369  -12.808  3.359 0.0000000000
63971  31.921  -13.027  3.439 0.0000000000
63967  32.118  -13.372  3.779 0.0000000000
63963  32.408  -12.845  3.931 0.0000000000
58851  26.510  -18.749  8.381 0.0000000000
57943  26.616  -19.346  8.674 0.0000000000
68414  32.890  -7.971  0.810 0.0000000000
68413  33.927  -7.901  0.701 0.0000000000
124127  30.639  -8.954  4.648 0.0000000000
70144  31.289  -6.230  4.535 0.0000000000
69331  31.310  -6.964  3.897 0.0000000000
68400  31.123  -7.916  4.002 0.0000000000
115014  31.263  -7.539  2.215 0.0000000000
69339  31.078  -6.841  1.907 0.0000000000
69347  31.555  -6.467  0.295 0.0000000000
70160  31.673  -5.890  -0.234 0.0000000000
70159  32.774  -5.957  -0.477 0.0000000000
70956  32.319  -5.100  -0.878 0.0000000000
72574  31.083  -2.743  0.615 0.0000000000
71754  30.990  -3.544  0.457 0.0000000000
72576  30.991  -2.876  -0.143 0.0000000000
72579  32.205  -2.840  -1.427 0.0000000000
128708  33.518  -3.080  -0.636 0.0000000000
77391  29.493  3.368  2.670 0.0000000000
77378  29.205  3.140  4.678 0.0000000000
76641  29.815  2.652  3.024 0.0000000000
76634  29.773  2.550  4.030 0.0000000000
126351  29.599  2.682  2.206 0.0000000000
78169  25.733  4.214  -2.110 0.0000000000
78899  25.075  4.784  -2.134 0.0000000000
119540  26.113  3.929  -1.262 0.0000000000
77416  26.582  3.205  -1.275 0.0000000000
76685  27.315  2.383  -1.680 0.0000000000
76663  27.501  2.446  -0.521 0.0000000000
76671  27.664  1.807  -0.784 0.0000000000
76661  28.824  1.772  0.452 0.0000000000
75862  28.292  1.356  -0.380 0.0000000000
75861  28.951  0.912  0.108 0.0000000000
75875  28.066  1.213  -1.018 0.0000000000
77427  29.953  3.030  -2.305 0.0000000000
116819  29.151  1.538  -2.168 0.0000000000
75889  29.758  2.148  -2.364 0.0000000000
118810  30.399  1.732  -2.120 0.0000000000
61437  28.173  -16.201  6.338 0.0000000000
63965  29.656  -13.619  4.633 0.0000000000
63099  29.149  -14.141  5.211 0.0000000000
63098  30.056  -14.812  4.621 0.0000000000
62252  30.540  -15.092  6.003 0.0000000000
113573  29.900  -15.944  5.534 0.0000000000
62265  30.067  -15.887  6.117 0.0000000000
61435  29.510  -16.373  5.909 0.0000000000
66532  33.549  -9.709  2.079 0.0000000000
65687  33.163  -10.509  2.417 0.0000000000
73384  30.950  -0.923  1.988 0.0000000000
108656  30.796  -0.218  2.605 0.0000000000
75046  30.129  -0.078  1.044 0.0000000000
75058  29.724  -0.379  0.110 0.0000000000
65676  30.428  -10.438  4.117 0.0000000000
65683  30.383  -11.397  3.793 0.0000000000
128508  30.759  -11.008  3.368 0.0000000000
65685  31.358  -11.092  2.879 0.0000000000
64836  32.064  -11.364  2.640 0.0000000000
58846  27.321  -18.948  8.801 0.0000000000
58845  27.705  -18.410  8.130 0.0000000000
59741  27.828  -18.324  9.101 0.0000000000
69344  33.901  -6.768  0.070 0.0000000000
68416  34.161  -7.342  0.384 0.0000000000
110250  31.425  -5.540  4.133 0.0000000000
70150  31.292  -5.712  3.133 0.0000000000
70153  30.879  -5.957  1.952 0.0000000000
70953  30.947  -5.096  1.562 0.0000000000
72581  31.015  -1.996  -1.185 0.0000000000
72580  31.365  -2.812  -1.035 0.0000000000
73402  32.046  -1.646  -1.435 0.0000000000
78117  29.260  4.072  3.191 0.0000000000
77400  28.635  3.545  1.162 0.0000000000
78168  26.401  4.143  -2.500 0.0000000000
77429  26.200  3.656  -2.042 0.0000000000
76688  27.434  2.593  -2.180 0.0000000000
76684  27.846  2.065  -2.047 0.0000000000
75888  28.349  1.423  -1.699 0.0000000000
76687  28.254  2.705  -2.486 0.0000000000
76686  29.225  2.852  -2.463 0.0000000000
63097  31.230  -14.722  4.478 0.0000000000
62270  30.648  -15.146  4.764 0.0000000000
111212  30.997  -15.070  5.132 0.0000000000
58847  25.435  -18.913  9.039 0.0000000000
58852  25.754  -18.436  8.629 0.0000000000
58854  26.889  -18.310  7.892 0.0000000000
121298  28.224  -17.809  6.991 0.0000000000
71722  31.467  -3.330  3.604 0.0000000000
71741  31.393  -3.333  2.372 0.0000000000
73399  30.927  -2.182  0.341 0.0000000000
73397  30.841  -1.426  1.089 0.0000000000
73400  30.491  -1.624  -0.017 0.0000000000
73405  30.676  -1.277  -1.360 0.0000000000
75072  31.025  0.131  -1.875 0.0000000000
79597  28.305  6.069  3.286 0.0000000000
78856  28.032  6.072  2.400 0.0000000000
118834  27.650  5.983  1.675 0.0000000000
64831  30.569  -12.406  3.633 0.0000000000
63968  30.975  -13.501  3.630 0.0000000000
63101  31.278  -14.275  3.978 0.0000000000
63100  31.756  -14.030  4.217 0.0000000000
110652  31.768  -13.562  5.095 0.0000000000
67462  31.751  -9.015  1.890 0.0000000000
66534  31.805  -9.956  2.044 0.0000000000
67461  32.337  -9.414  1.716 0.0000000000
66535  33.139  -9.288  1.603 0.0000000000
67460  34.011  -8.965  1.714 0.0000000000
67463  34.479  -8.297  1.291 0.0000000000
67459  34.806  -8.550  1.987 0.0000000000
66531  34.284  -9.163  2.384 0.0000000000
66516  30.338  -9.544  4.890 0.0000000000
66525  30.759  -9.606  4.027 0.0000000000
110502  30.800  -8.155  4.777 0.0000000000
67457  31.170  -8.645  3.182 0.0000000000
68410  31.369  -8.412  2.400 0.0000000000
128850  32.108  -7.900  1.167 0.0000000000
69342  32.017  -7.310  0.505 0.0000000000
69343  31.213  -6.645  1.069 0.0000000000
69345  33.194  -6.562  -0.207 0.0000000000
70954  34.089  -5.069  -0.111 0.0000000000
71752  31.100  -3.744  1.368 0.0000000000
116836  30.938  -4.216  -0.088 0.0000000000
70959  31.548  -4.269  -0.751 0.0000000000
71760  31.844  -3.562  -1.276 0.0000000000
70958  32.546  -4.105  -1.268 0.0000000000
70955  33.560  -4.427  -0.734 0.0000000000
75847  30.230  1.300  2.726 0.0000000000
78870  26.777  5.430  0.240 0.0000000000
116331  27.282  4.853  0.356 0.0000000000
78141  27.383  3.976  0.054 0.0000000000
78140  28.150  3.944  0.736 0.0000000000
77411  27.112  3.069  -0.602 0.0000000000
76652  28.722  2.683  0.775 0.0000000000
76651  29.343  2.274  1.377 0.0000000000
115188  29.257  0.195  -0.312 0.0000000000
75069  29.165  0.174  -1.000 0.0000000000
108535  29.046  1.028  -1.806 0.0000000000
75074  29.439  0.512  -1.558 0.0000000000
75073  30.244  0.340  -1.796 0.0000000000
75886  30.698  0.998  -1.981 0.0000000000
60600  28.428  -17.079  6.636 0.0000000000
60593  29.021  -16.893  6.431 0.0000000000
61434  30.006  -15.584  5.074 0.0000000000
61440  29.438  -15.998  5.511 0.0000000000
65688  32.345  -10.664  2.331 0.0000000000
64833  32.466  -11.933  3.059 0.0000000000
120833  33.338  -10.809  3.030 0.0000000000
64829  32.841  -11.455  3.241 0.0000000000
64830  32.682  -12.006  3.778 0.0000000000
64826  32.435  -12.265  4.583 0.0000000000
57942  26.961  -19.374  8.767 0.0000000000
67466  31.702  -8.150  1.722 0.0000000000
70158  33.770  -5.959  -0.166 0.0000000000
71758  33.306  -3.553  -1.045 0.0000000000
74194  31.155  -0.934  2.814 0.0000000000
75874  28.695  0.729  -0.694 0.0000000000
77385  29.509  3.327  3.637 0.0000000000
77392  29.097  4.070  2.118 0.0000000000
78131  28.014  4.728  1.000 0.0000000000
78152  26.653  3.659  -0.713 0.0000000000
78869  27.525  5.469  0.998 0.0000000000
112052  31.379  -6.216  3.748 0.0000000000
116386  29.484  3.499  -2.323 0.0000000000
127930  30.817  -14.714  4.307 0.0000000000
