#!ascii label  , from subject sub-fsm70qy vox2ras=TkReg
1597
109973  -12.286  -70.606  18.533 0.5000000000
122735  -12.560  -70.600  15.456 0.5000000000
2825  -14.113  -71.782  16.307 0.5000000000
2826  -14.990  -72.198  16.271 0.5000000000
3795  -12.710  -70.270  20.284 0.5000000000
3810  -12.502  -70.477  19.400 0.5000000000
4289  -12.843  -69.627  19.333 0.5000000000
3827  -12.618  -69.927  18.445 0.5000000000
4300  -13.116  -69.294  18.543 0.6000000238
4311  -12.792  -69.825  17.808 0.5000000000
2840  -14.970  -71.161  14.675 0.5000000000
3356  -12.145  -70.484  15.844 0.5000000000
2827  -15.807  -71.756  15.614 0.5000000000
2816  -13.142  -70.928  16.175 0.6000000238
115476  -15.926  -72.361  16.606 0.6000000238
3330  -14.283  -71.277  17.802 0.6000000238
2818  -14.713  -72.337  17.315 0.6000000238
2820  -16.695  -72.375  17.457 0.6999999881
2808  -14.634  -72.136  18.055 0.6999999881
2819  -15.511  -72.584  17.392 0.6999999881
111672  -15.681  -72.504  19.051 0.6999999881
122884  -16.326  -72.610  19.071 0.6999999881
2811  -16.929  -72.488  18.541 0.6999999881
4280  -12.950  -69.362  20.227 0.5000000000
4290  -13.156  -68.809  19.234 0.6000000238
4736  -13.433  -68.055  19.089 0.6000000238
4312  -13.037  -69.957  17.544 0.5000000000
2828  -16.870  -71.709  16.214 0.5000000000
104330  -17.893  -70.970  16.171 0.5000000000
3346  -19.167  -70.944  17.273 0.6999999881
120120  -17.736  -71.534  17.134 0.6999999881
3345  -18.462  -71.334  17.756 0.6999999881
3343  -13.543  -70.682  17.113 0.6000000238
3828  -13.982  -70.098  17.803 0.6999999881
3344  -17.730  -71.938  18.087 0.6999999881
3319  -14.694  -71.737  18.534 0.6999999881
3320  -15.061  -71.654  19.285 0.6999999881
3332  -18.424  -71.615  18.742 0.6999999881
2786  -15.832  -72.224  20.556 0.6999999881
2800  -16.189  -72.521  19.878 0.6999999881
121576  -16.983  -72.522  19.394 0.6999999881
3306  -18.233  -71.836  20.498 0.6999999881
2772  -16.205  -72.065  21.312 0.6999999881
2773  -16.932  -72.157  21.495 0.6999999881
114909  -17.680  -72.001  21.334 0.6999999881
3288  -17.518  -71.620  22.228 0.6999999881
4274  -13.111  -69.177  21.286 0.5000000000
107955  -13.057  -67.480  20.621 0.6000000238
4723  -13.047  -68.335  20.135 0.6000000238
119547  -13.492  -68.731  18.722 0.6000000238
112511  -13.094  -67.504  19.688 0.6000000238
4301  -13.513  -69.326  18.315 0.6000000238
118555  -19.694  -70.894  17.923 0.6999999881
4302  -13.718  -69.591  18.016 0.6999999881
3333  -19.095  -71.149  18.242 0.6999999881
3334  -20.433  -70.784  18.063 0.6999999881
113651  -21.361  -70.702  18.188 0.6999999881
3829  -14.431  -69.457  18.363 0.6999999881
113018  -19.807  -71.076  18.730 0.6999999881
3336  -22.150  -70.642  18.332 0.6999999881
3811  -14.653  -70.733  18.530 0.6999999881
120036  -14.981  -69.825  18.867 0.6999999881
114594  -19.091  -71.300  18.958 0.6999999881
3335  -20.749  -70.901  18.848 0.6999999881
114569  -21.685  -70.798  18.924 0.6999999881
3812  -15.223  -70.734  19.655 0.6999999881
104566  -15.339  -69.727  19.472 0.6999999881
3322  -18.710  -71.550  19.607 0.6999999881
3324  -21.150  -70.907  19.598 0.6999999881
3781  -15.911  -71.255  21.475 0.6999999881
3307  -18.992  -71.391  20.391 0.6999999881
3308  -19.784  -71.176  20.332 0.6999999881
3287  -16.545  -71.639  22.059 0.6999999881
3289  -18.414  -71.607  21.334 0.6999999881
3290  -19.268  -71.193  21.328 0.6999999881
3270  -16.873  -71.089  22.774 0.6999999881
3272  -19.020  -70.982  22.403 0.6999999881
3257  -17.916  -70.754  23.322 0.6999999881
4263  -13.449  -69.526  22.233 0.5000000000
121361  -13.428  -68.808  21.968 0.6000000238
107067  -13.460  -67.490  21.601 0.6000000238
4698  -13.699  -68.203  22.162 0.5000000000
120676  -13.805  -66.892  21.896 0.6000000238
4254  -14.391  -69.575  23.522 0.5000000000
4264  -13.943  -69.008  22.694 0.5000000000
5209  -13.183  -66.628  21.113 0.6000000238
6251  -13.968  -65.306  21.473 0.6000000238
5222  -12.958  -66.810  20.017 0.6000000238
5714  -12.937  -65.952  20.361 0.6000000238
4749  -13.835  -68.584  18.592 0.6999999881
4737  -14.112  -67.858  18.817 0.6999999881
4291  -15.123  -69.001  18.860 0.6999999881
124462  -14.840  -68.299  18.839 0.6999999881
3830  -22.676  -70.567  18.961 0.6999999881
4724  -15.440  -68.288  19.444 0.6999999881
3325  -22.012  -70.804  19.569 0.6999999881
3814  -23.789  -70.080  19.335 0.6999999881
4281  -15.632  -69.135  19.853 0.6999999881
3310  -21.720  -70.858  20.372 0.6999999881
3813  -22.741  -70.598  19.938 0.6999999881
3831  -24.380  -69.909  18.502 0.6999999881
4282  -16.006  -69.414  20.935 0.6000000238
3292  -21.001  -70.901  20.926 0.6999999881
3797  -22.641  -70.705  20.895 0.6999999881
3798  -23.625  -70.239  20.420 0.6999999881
3832  -25.174  -69.913  18.470 0.6999999881
3764  -16.317  -70.823  22.224 0.6999999881
3782  -20.780  -70.820  21.616 0.6999999881
114350  -21.465  -70.690  22.332 0.6000000238
3784  -22.612  -70.687  21.932 0.6999999881
114484  -23.310  -70.491  21.260 0.6999999881
3750  -17.405  -70.457  23.228 0.6000000238
3271  -18.129  -71.166  22.823 0.6999999881
3767  -19.692  -70.660  22.986 0.6999999881
3273  -19.889  -70.877  21.911 0.6999999881
107120  -20.733  -70.549  23.064 0.6000000238
3769  -22.246  -70.593  22.950 0.6000000238
3751  -18.285  -70.152  23.763 0.6000000238
3752  -19.110  -70.256  23.881 0.6000000238
3753  -20.093  -70.268  23.787 0.6000000238
3754  -21.033  -70.294  23.803 0.5000000000
121347  -21.503  -70.517  23.177 0.5000000000
3755  -22.734  -70.445  23.674 0.5000000000
4242  -19.284  -69.316  24.375 0.6000000238
109354  -20.132  -69.191  24.710 0.5000000000
117005  -20.505  -69.794  24.395 0.5000000000
5194  -14.082  -67.514  22.378 0.6000000238
5195  -14.814  -67.622  23.087 0.6000000238
6252  -14.849  -64.916  21.779 0.6999999881
124069  -14.488  -68.887  23.318 0.5000000000
4686  -14.948  -68.444  23.610 0.6000000238
107961  -14.751  -70.062  25.285 0.6000000238
4239  -14.692  -69.967  24.432 0.6000000238
6800  -14.117  -64.478  21.073 0.4000000060
4240  -15.176  -69.498  24.935 0.6000000238
6262  -13.237  -65.018  20.613 0.5000000000
103850  -12.907  -65.334  19.703 0.6000000238
5730  -13.163  -66.225  19.431 0.6000000238
4738  -14.963  -67.524  19.163 0.6999999881
5239  -14.090  -66.819  19.026 0.6000000238
4725  -16.042  -68.416  20.422 0.6000000238
4275  -16.458  -69.816  22.037 0.6000000238
113034  -23.600  -70.423  21.906 0.6000000238
114239  -24.160  -70.021  21.073 0.6000000238
120433  -24.319  -69.863  20.472 0.6999999881
115311  -24.558  -69.733  19.937 0.6999999881
3816  -25.469  -69.999  19.119 0.6999999881
4265  -17.031  -69.750  22.926 0.6000000238
3770  -23.150  -70.575  22.774 0.6000000238
3337  -25.672  -70.469  18.378 0.6999999881
4671  -19.005  -68.944  24.298 0.6000000238
3741  -22.292  -70.075  24.469 0.4000000060
3742  -23.174  -70.138  24.409 0.4000000060
3756  -23.627  -70.400  23.512 0.5000000000
3771  -24.047  -70.333  22.570 0.6000000238
3799  -24.864  -69.648  20.503 0.6000000238
3311  -25.830  -70.370  19.936 0.6000000238
4672  -19.638  -68.720  24.520 0.5000000000
5171  -20.916  -67.868  24.692 0.5000000000
4674  -21.147  -68.376  25.145 0.5000000000
4243  -21.827  -69.492  25.061 0.5000000000
3757  -24.550  -70.153  23.271 0.4000000060
116919  -24.969  -69.881  22.201 0.6000000238
6239  -15.454  -65.315  22.483 0.6000000238
5692  -14.644  -65.730  22.173 0.6000000238
6802  -16.041  -64.042  21.685 0.6000000238
5183  -15.592  -67.843  24.044 0.6000000238
5668  -16.025  -66.992  23.998 0.5000000000
5669  -16.547  -66.861  24.599 0.6000000238
5170  -16.831  -67.123  25.502 0.6000000238
6801  -15.092  -64.188  21.385 0.6000000238
4227  -15.098  -69.512  25.740 0.6999999881
4639  -15.915  -68.487  26.086 0.6000000238
109671  -16.671  -67.416  26.272 0.6000000238
6834  -13.001  -64.025  19.343 0.5000000000
7474  -13.735  -63.573  19.694 0.6000000238
4212  -14.295  -69.463  26.306 0.6000000238
5140  -15.497  -68.338  26.565 0.6999999881
6272  -12.894  -64.709  19.078 0.5000000000
4637  -14.743  -68.786  26.517 0.6999999881
106336  -12.986  -65.541  19.133 0.6000000238
5138  -13.982  -67.229  26.550 0.6000000238
5240  -15.268  -66.666  19.357 0.6000000238
5731  -14.040  -66.093  18.881 0.6000000238
5732  -15.644  -66.115  19.318 0.6000000238
4739  -15.906  -67.351  20.024 0.6000000238
4726  -16.832  -67.667  20.900 0.6000000238
4713  -17.201  -68.311  21.820 0.6000000238
5212  -19.646  -67.213  21.679 0.6000000238
4701  -18.121  -68.551  23.218 0.6000000238
5213  -20.447  -67.157  21.717 0.6000000238
5184  -19.595  -67.871  23.657 0.6000000238
3800  -25.377  -69.868  20.636 0.6000000238
5185  -21.086  -67.426  23.968 0.5000000000
5172  -21.691  -67.742  25.016 0.5000000000
5154  -22.361  -67.812  25.412 0.5000000000
118859  -26.084  -71.419  20.388 0.6000000238
4256  -25.838  -69.512  23.819 0.4000000060
3772  -25.733  -69.915  22.447 0.6000000238
3785  -25.593  -70.037  21.590 0.6000000238
6240  -16.224  -64.992  22.843 0.6000000238
6231  -17.092  -64.818  23.386 0.5000000000
6786  -16.591  -64.461  22.454 0.6000000238
6803  -17.108  -64.071  21.907 0.5000000000
120968  -15.808  -66.399  23.423 0.6000000238
6216  -17.072  -65.522  24.128 0.6000000238
6785  -15.704  -64.573  22.135 0.5000000000
7429  -16.426  -63.706  21.104 0.5000000000
5670  -17.023  -66.314  24.820 0.5000000000
5682  -16.447  -66.183  23.904 0.6000000238
115947  -17.030  -66.954  26.252 0.5000000000
7428  -15.403  -63.732  20.885 0.6000000238
5139  -14.784  -67.468  26.980 0.6999999881
5127  -16.191  -67.146  27.155 0.6000000238
5126  -15.429  -66.926  27.243 0.6000000238
6273  -13.282  -65.352  18.621 0.5000000000
5639  -13.256  -66.873  25.987 0.5000000000
5641  -14.531  -66.512  26.864 0.6999999881
6274  -14.752  -65.671  18.673 0.5000000000
5715  -16.562  -66.108  19.790 0.5000000000
5223  -16.745  -66.717  20.310 0.6000000238
5225  -18.613  -66.809  20.899 0.6000000238
5210  -17.776  -67.452  21.416 0.5000000000
5226  -19.595  -66.882  20.872 0.6000000238
5211  -18.703  -67.303  21.630 0.6000000238
5186  -21.945  -67.077  23.424 0.5000000000
4257  -26.587  -69.250  23.622 0.5000000000
4266  -26.153  -69.581  23.022 0.5000000000
3294  -26.258  -70.671  21.860 0.6000000238
2763  -26.442  -71.658  21.633 0.6000000238
119340  -17.571  -65.051  24.222 0.6000000238
123452  -17.606  -64.581  23.287 0.6000000238
6217  -17.618  -65.598  25.093 0.6000000238
7430  -17.455  -63.794  21.072 0.5000000000
5643  -17.246  -66.399  26.672 0.6999999881
7476  -16.225  -63.333  19.410 0.6000000238
5622  -16.071  -66.387  27.412 0.6000000238
5642  -16.688  -67.065  26.767 0.6000000238
114346  -15.153  -63.277  19.513 0.6000000238
6195  -14.617  -65.506  26.763 0.6000000238
6183  -15.902  -65.516  27.465 0.6000000238
6849  -12.927  -64.122  18.550 0.5000000000
6275  -16.094  -65.702  19.128 0.5000000000
6203  -12.844  -65.705  25.220 0.5000000000
6194  -13.957  -65.799  26.230 0.6000000238
5716  -17.440  -66.142  20.073 0.5000000000
5717  -18.383  -66.305  20.180 0.6000000238
5224  -17.626  -66.785  20.716 0.5000000000
5719  -20.294  -66.766  19.980 0.5000000000
5227  -20.482  -66.936  20.903 0.5000000000
4267  -26.975  -69.599  22.882 0.6000000238
3773  -26.866  -70.475  22.469 0.6000000238
111337  -18.654  -64.519  23.955 0.6000000238
6775  -18.177  -64.456  23.172 0.5000000000
6788  -18.002  -64.281  22.357 0.5000000000
6218  -18.235  -64.858  24.728 0.6999999881
6804  -18.070  -64.093  21.597 0.5000000000
6197  -17.634  -65.620  26.854 0.6999999881
125175  -18.123  -65.197  25.628 0.6000000238
7431  -18.365  -63.983  20.894 0.5000000000
119897  -17.196  -65.993  27.179 0.6000000238
7455  -16.877  -63.549  20.349 0.5000000000
7494  -16.097  -63.241  18.352 0.6000000238
6734  -15.717  -64.536  27.252 0.6999999881
112166  -13.759  -63.447  17.704 0.6000000238
6746  -14.812  -64.575  26.598 0.6000000238
6850  -13.063  -63.985  17.611 0.6000000238
7372  -13.776  -63.694  25.267 0.6999999881
6745  -14.094  -64.977  26.077 0.6999999881
6286  -13.799  -65.098  18.065 0.5000000000
119397  -13.286  -64.406  17.531 0.5000000000
6754  -13.604  -64.530  25.441 0.6000000238
6287  -15.255  -65.367  18.141 0.5000000000
6763  -13.186  -64.145  24.998 0.5000000000
6288  -16.569  -65.570  18.692 0.6000000238
5733  -17.110  -65.756  19.374 0.5000000000
6762  -12.612  -64.152  24.558 0.6000000238
5718  -19.351  -66.544  20.119 0.6000000238
5736  -20.476  -66.681  19.205 0.5000000000
110651  -19.110  -64.498  24.757 0.6999999881
121475  -19.451  -64.404  24.053 0.5000000000
6776  -19.279  -64.402  23.206 0.5000000000
6749  -19.188  -64.139  26.278 0.8000000119
6757  -19.585  -64.237  25.503 0.6999999881
7409  -18.742  -64.308  21.934 0.5000000000
7457  -19.175  -64.170  20.810 0.5000000000
7356  -17.882  -63.628  27.318 0.6999999881
6748  -18.581  -64.532  26.589 0.6999999881
6756  -18.755  -64.684  25.695 0.8000000119
6185  -17.269  -65.184  27.368 0.6999999881
112231  -18.769  -64.002  20.203 0.5000000000
7354  -16.638  -62.990  27.061 0.6999999881
118660  -16.663  -64.157  27.440 0.6999999881
113015  -16.996  -63.415  18.905 0.6000000238
7477  -18.308  -63.795  19.586 0.5000000000
7993  -15.255  -62.582  25.655 0.6000000238
7366  -15.688  -63.094  26.451 0.6000000238
106663  -13.998  -63.500  16.488 0.6000000238
7992  -14.375  -62.938  25.334 0.6999999881
7364  -14.714  -63.892  26.150 0.6999999881
107316  -13.940  -64.807  17.164 0.6000000238
6867  -13.407  -64.170  16.706 0.6000000238
114051  -13.674  -62.957  24.859 0.6000000238
6302  -16.398  -65.495  17.699 0.6000000238
5747  -17.678  -65.777  18.386 0.6000000238
8019  -12.378  -62.455  23.911 0.6000000238
5748  -18.594  -66.176  18.761 0.6000000238
5735  -19.816  -66.623  19.247 0.5000000000
7375  -19.847  -63.710  26.078 0.6000000238
6765  -20.088  -64.251  24.675 0.5000000000
6777  -20.171  -64.293  23.720 0.5000000000
6805  -20.188  -64.265  21.723 0.5000000000
7367  -18.526  -63.485  27.106 0.8000000119
103909  -19.985  -64.210  20.891 0.5000000000
7985  -17.488  -62.501  26.988 0.6999999881
7495  -17.156  -63.484  18.072 0.6000000238
11593  -12.161  -57.717  22.012 0.6000000238
7994  -16.119  -62.306  26.140 0.8000000119
10823  -12.516  -58.630  22.388 0.6000000238
8711  -15.427  -61.315  24.605 0.6999999881
8005  -15.688  -61.802  25.329 0.8000000119
116788  -16.041  -63.257  17.470 0.6000000238
10062  -11.768  -59.607  23.388 0.6000000238
8004  -14.655  -62.052  24.840 0.6000000238
6300  -14.140  -64.664  16.095 0.6000000238
6313  -16.122  -65.684  16.250 0.6000000238
113499  -12.782  -61.184  23.707 0.6000000238
8020  -13.107  -61.920  24.088 0.6000000238
8003  -13.760  -62.325  24.539 0.6000000238
117805  -17.262  -65.853  17.146 0.6000000238
5779  -17.439  -66.313  16.029 0.6000000238
8002  -13.063  -62.766  24.377 0.5000000000
5749  -19.344  -66.533  18.418 0.5000000000
5750  -20.225  -66.662  18.530 0.5000000000
110605  -19.526  -66.611  16.742 0.5000000000
7384  -21.008  -63.596  25.366 0.5000000000
6766  -20.915  -63.939  24.875 0.5000000000
7369  -19.896  -63.146  26.344 0.6000000238
7376  -20.585  -63.277  25.892 0.5000000000
123767  -18.165  -62.373  26.944 0.8000000119
7987  -19.439  -62.602  26.630 0.6999999881
8689  -17.776  -61.872  26.565 0.8000000119
8688  -16.954  -62.037  26.491 0.8000000119
114485  -17.828  -63.622  18.926 0.6000000238
7479  -20.028  -64.201  19.569 0.5000000000
11606  -12.522  -57.443  20.301 0.6000000238
9333  -17.005  -61.013  25.270 0.8000000119
7497  -19.100  -64.109  18.524 0.5000000000
10860  -13.325  -58.906  20.703 0.6999999881
121785  -12.507  -57.793  21.115 0.6000000238
117625  -16.014  -60.879  24.404 0.8000000119
7509  -15.220  -63.354  16.403 0.6000000238
7510  -16.675  -63.466  16.935 0.6000000238
7511  -17.840  -63.791  17.355 0.6000000238
10091  -13.151  -59.111  21.755 0.6000000238
6322  -14.683  -64.887  15.214 0.6000000238
6883  -13.946  -64.109  15.897 0.6000000238
109255  -16.176  -63.612  15.882 0.6000000238
108971  -12.402  -60.331  23.478 0.6000000238
8732  -14.267  -60.991  23.634 0.6000000238
108972  -14.717  -61.340  24.221 0.5000000000
5778  -16.296  -66.035  15.125 0.6000000238
8731  -13.512  -61.301  23.809 0.6000000238
111308  -18.621  -66.535  16.460 0.6000000238
5792  -17.268  -66.358  14.901 0.6000000238
110242  -18.225  -66.536  15.445 0.5000000000
5780  -19.164  -66.616  15.763 0.5000000000
5764  -20.417  -66.610  16.937 0.5000000000
5781  -20.061  -66.633  15.952 0.5000000000
7988  -20.279  -62.516  26.246 0.6000000238
8690  -18.698  -61.940  26.618 0.6999999881
115572  -12.235  -55.288  18.989 0.6000000238
107828  -12.149  -56.288  19.959 0.6000000238
121010  -17.671  -61.008  25.490 0.8000000119
6835  -19.927  -64.249  18.812 0.5000000000
11618  -12.612  -57.199  19.217 0.6000000238
9351  -17.635  -60.617  24.684 0.8000000119
6852  -19.769  -64.393  17.839 0.5000000000
10877  -12.864  -57.972  19.653 0.6999999881
105092  -16.834  -60.416  23.252 0.8000000119
7521  -17.394  -63.868  16.293 0.6000000238
6851  -18.829  -64.162  17.632 0.6000000238
10109  -13.817  -59.264  20.014 0.8000000119
105041  -15.825  -60.491  23.161 0.6999999881
6899  -15.011  -64.079  15.116 0.6000000238
6885  -18.154  -64.109  15.475 0.6000000238
10092  -13.768  -59.497  21.103 0.6999999881
9395  -14.044  -59.957  21.790 0.6999999881
9370  -14.855  -60.583  23.040 0.6000000238
6913  -15.763  -64.843  14.428 0.6000000238
6900  -17.421  -64.130  14.543 0.6000000238
120424  -13.415  -60.661  23.373 0.6000000238
6914  -16.739  -64.689  14.154 0.5000000000
5793  -17.985  -66.463  14.614 0.5000000000
8698  -19.816  -61.285  25.765 0.6000000238
8699  -20.696  -61.417  25.590 0.5000000000
14106  -12.951  -53.684  19.530 0.6000000238
9335  -19.261  -60.866  25.246 0.6999999881
116863  -12.617  -54.770  18.649 0.6000000238
9334  -18.360  -60.874  25.386 0.6999999881
9352  -18.682  -60.622  24.602 0.6000000238
12444  -12.482  -56.284  18.630 0.6000000238
13287  -12.659  -55.633  18.240 0.6000000238
122285  -18.262  -60.477  24.011 0.6000000238
116991  -18.453  -60.476  23.203 0.6999999881
10896  -13.069  -58.031  18.732 0.8000000119
9372  -17.626  -60.442  23.702 0.6999999881
105031  -17.738  -60.408  22.797 0.6000000238
10878  -13.340  -58.668  19.589 0.8000000119
9384  -16.301  -60.372  22.455 0.8000000119
9398  -17.425  -60.303  21.053 0.6999999881
10110  -14.303  -59.679  20.396 0.6999999881
10093  -14.316  -59.820  21.105 0.6999999881
106804  -15.490  -60.048  20.869 0.6000000238
9397  -16.479  -60.152  21.000 0.8000000119
110712  -13.601  -54.222  20.380 0.6000000238
13272  -13.057  -54.607  18.767 0.6000000238
13306  -12.990  -56.019  17.820 0.6999999881
10112  -19.211  -60.064  21.032 0.6000000238
11653  -13.027  -57.123  17.754 0.6999999881
10157  -13.768  -58.531  17.454 0.6999999881
123672  -18.199  -60.381  21.008 0.6999999881
9415  -18.009  -60.265  20.375 0.6000000238
10140  -13.883  -58.952  18.169 0.8000000119
9450  -14.960  -59.604  17.994 0.6000000238
9430  -14.968  -59.708  18.960 0.5000000000
9414  -17.132  -60.078  20.283 0.6999999881
9433  -17.728  -59.948  19.635 0.6999999881
112480  -18.393  -59.243  19.640 0.6000000238
10122  -13.846  -59.153  19.036 0.8000000119
9431  -15.802  -59.789  19.312 0.6000000238
9413  -16.114  -59.911  20.187 0.6000000238
13238  -13.833  -55.006  21.305 0.6000000238
111592  -14.235  -55.488  20.683 0.6000000238
107960  -13.870  -55.486  18.501 0.6999999881
13257  -13.895  -55.075  19.473 0.6000000238
124389  -13.938  -55.809  17.932 0.6999999881
13307  -13.663  -56.223  17.595 0.6999999881
11654  -13.495  -57.590  17.356 0.6999999881
10926  -14.021  -58.332  16.899 0.6000000238
10111  -18.660  -59.765  20.351 0.6000000238
10911  -14.209  -58.944  16.948 0.6000000238
9469  -15.761  -59.694  17.755 0.6000000238
105745  -18.531  -58.329  19.898 0.5000000000
10879  -18.162  -58.364  18.981 0.6000000238
11619  -18.362  -57.381  19.384 0.5000000000
12459  -18.432  -56.550  18.902 0.5000000000
10898  -17.820  -58.377  17.974 0.6000000238
11639  -18.181  -57.415  18.313 0.5000000000
12393  -14.899  -56.431  22.719 0.6000000238
13239  -14.384  -55.927  21.854 0.6000000238
13273  -14.720  -56.040  19.354 0.6999999881
12431  -15.307  -56.415  20.964 0.6999999881
107272  -14.756  -55.903  18.471 0.6999999881
13289  -14.460  -55.915  17.691 0.6999999881
13322  -14.855  -56.330  16.934 0.6000000238
12481  -14.347  -57.001  16.824 0.5000000000
11689  -15.739  -57.870  16.087 0.6999999881
11672  -16.242  -56.923  16.164 0.6000000238
10928  -15.445  -58.706  16.148 0.6000000238
10191  -16.655  -58.993  15.790 0.6000000238
10942  -17.307  -58.649  15.783 0.6000000238
10162  -17.516  -59.090  17.622 0.6000000238
11655  -18.153  -57.833  17.128 0.5000000000
12472  -18.689  -57.160  16.838 0.5000000000
13310  -19.015  -56.353  17.291 0.5000000000
14014  -15.304  -54.562  26.135 0.6999999881
14834  -16.067  -53.790  25.125 0.6999999881
14811  -15.631  -53.686  25.830 0.6999999881
12379  -16.034  -56.183  23.062 0.6000000238
14039  -16.425  -54.740  23.879 0.6999999881
14835  -16.424  -53.072  24.764 0.6999999881
15702  -16.927  -52.673  24.202 0.6999999881
15677  -17.347  -51.939  24.624 0.6000000238
12394  -15.663  -56.354  22.489 0.6999999881
112365  -16.407  -55.720  22.753 0.6999999881
14054  -16.506  -54.136  23.100 0.6999999881
111286  -17.048  -52.786  23.251 0.6999999881
12432  -16.030  -56.324  20.761 0.6999999881
12395  -16.177  -56.184  22.232 0.6999999881
15729  -16.875  -52.960  22.379 0.6999999881
13290  -15.373  -55.576  17.930 0.6999999881
13323  -15.541  -55.659  16.897 0.6000000238
117334  -15.558  -56.232  16.609 0.6000000238
13336  -17.122  -56.493  15.887 0.6000000238
14163  -17.982  -55.414  15.946 0.6000000238
11690  -16.656  -57.946  15.691 0.6000000238
12495  -17.993  -57.277  15.471 0.6000000238
12496  -19.129  -57.185  15.159 0.6000000238
11692  -18.573  -57.605  15.527 0.5000000000
12497  -19.964  -57.194  14.883 0.6000000238
13340  -21.080  -56.340  14.691 0.6000000238
11673  -18.634  -57.646  15.600 0.5000000000
12483  -19.152  -57.404  15.565 0.5000000000
13326  -20.445  -56.891  15.147 0.5000000000
14810  -15.006  -53.713  26.499 0.6999999881
14819  -16.102  -52.888  25.509 0.6999999881
15676  -16.748  -52.189  25.167 0.6000000238
16485  -17.868  -51.373  24.439 0.6000000238
16486  -18.466  -50.824  24.088 0.6000000238
16517  -19.468  -51.402  22.694 0.4000000060
15730  -17.464  -52.569  22.725 0.6000000238
15703  -17.676  -52.189  23.819 0.5000000000
16516  -18.763  -51.783  22.901 0.5000000000
16518  -20.121  -51.052  22.507 0.4000000060
17309  -20.813  -50.579  22.244 0.5000000000
13259  -15.897  -56.249  19.984 0.6999999881
13240  -16.510  -55.708  21.030 0.8000000119
14896  -16.720  -53.570  21.143 0.6999999881
16546  -17.908  -52.281  21.016 0.5000000000
16532  -19.461  -51.566  21.022 0.4000000060
17316  -20.104  -51.194  20.474 0.4000000060
17317  -20.847  -50.789  21.173 0.4000000060
17329  -21.631  -50.249  20.185 0.4000000060
13260  -16.355  -55.772  20.134 0.8000000119
14120  -16.504  -54.951  19.350 0.8000000119
14909  -16.807  -53.380  20.322 0.8000000119
15760  -17.086  -52.808  19.840 0.8000000119
116121  -17.707  -52.249  19.825 0.6000000238
16547  -18.544  -51.880  20.429 0.5000000000
16548  -19.224  -51.479  19.853 0.4000000060
17328  -20.822  -50.716  19.987 0.4000000060
13291  -16.095  -55.233  18.578 0.6999999881
14133  -16.097  -54.606  17.818 0.8000000119
124459  -16.485  -53.879  17.806 0.6999999881
14950  -16.910  -53.954  16.978 0.5000000000
16565  -19.084  -51.345  18.733 0.5000000000
17341  -20.516  -50.618  18.852 0.4000000060
17342  -21.278  -50.334  19.221 0.4000000060
14162  -16.569  -54.743  16.717 0.6000000238
112361  -17.371  -54.598  16.444 0.5000000000
14164  -18.492  -54.787  15.945 0.5000000000
14961  -19.472  -54.547  15.536 0.6000000238
14180  -19.777  -55.868  15.005 0.6000000238
14181  -20.732  -55.623  14.699 0.6000000238
15652  -15.481  -52.642  26.163 0.6000000238
16457  -14.799  -51.725  26.319 0.5000000000
17287  -16.750  -50.652  25.120 0.5000000000
17288  -17.697  -50.639  24.585 0.4000000060
18036  -18.386  -50.160  24.102 0.5000000000
17300  -19.053  -50.310  23.691 0.5000000000
106386  -20.325  -50.434  22.966 0.5000000000
116356  -20.827  -50.005  22.823 0.5000000000
18081  -22.002  -49.554  21.862 0.5000000000
18069  -22.136  -48.722  22.179 0.5000000000
113785  -21.934  -50.047  21.100 0.5000000000
18083  -23.444  -48.222  21.447 0.5000000000
15771  -17.016  -52.940  19.036 0.6999999881
15772  -17.350  -52.526  19.029 0.6000000238
16580  -18.084  -52.056  18.233 0.5000000000
119721  -18.371  -51.763  18.589 0.5000000000
18106  -22.631  -49.575  19.709 0.5000000000
104414  -23.424  -49.120  20.036 0.5000000000
106064  -16.489  -54.049  18.478 0.8000000119
14929  -16.750  -53.305  18.102 0.6999999881
14940  -17.307  -53.294  17.330 0.6000000238
16581  -18.707  -51.588  18.066 0.5000000000
16582  -19.551  -51.076  17.890 0.4000000060
105359  -21.068  -50.366  17.558 0.5000000000
18112  -22.258  -49.733  18.707 0.4000000060
18107  -23.965  -49.091  19.138 0.5000000000
15802  -17.925  -53.063  17.071 0.5000000000
15803  -18.664  -52.799  16.835 0.5000000000
16594  -18.873  -52.135  17.214 0.6000000238
16595  -19.785  -51.270  17.337 0.5000000000
109523  -21.102  -50.522  17.032 0.5000000000
17357  -21.796  -50.165  17.035 0.5000000000
14953  -19.385  -53.450  16.151 0.5000000000
15810  -20.244  -53.326  15.756 0.5000000000
16605  -19.611  -51.745  16.977 0.5000000000
103911  -20.325  -51.294  16.848 0.5000000000
14962  -20.163  -54.261  15.351 0.6000000238
15811  -21.204  -53.354  15.300 0.6000000238
17268  -14.495  -50.749  25.966 0.5000000000
17285  -15.136  -50.396  25.480 0.5000000000
17286  -15.879  -50.198  25.085 0.5000000000
115421  -16.497  -49.651  24.309 0.4000000060
113731  -17.731  -49.903  24.312 0.4000000060
18017  -14.190  -49.885  25.278 0.5000000000
18034  -15.829  -49.677  24.398 0.4000000060
112655  -18.883  -49.633  23.655 0.5000000000
18052  -19.610  -49.759  23.424 0.6000000238
123009  -20.527  -49.230  22.988 0.5000000000
18068  -21.613  -49.239  22.384 0.5000000000
18840  -22.076  -48.029  22.250 0.4000000060
18852  -22.771  -48.081  21.960 0.4000000060
20450  -23.613  -46.574  21.474 0.4000000060
117073  -15.138  -49.519  23.543 0.4000000060
18049  -16.032  -49.382  23.600 0.4000000060
18050  -17.028  -49.348  23.878 0.4000000060
18051  -18.037  -49.307  23.701 0.5000000000
18822  -19.324  -49.104  23.284 0.5000000000
18837  -19.641  -48.483  22.831 0.5000000000
18820  -18.074  -48.612  22.913 0.4000000060
113413  -18.208  -48.167  21.916 0.4000000060
18836  -19.089  -47.909  22.169 0.5000000000
107388  -20.422  -47.477  22.065 0.4000000060
112417  -21.163  -47.120  21.769 0.4000000060
19649  -22.558  -47.357  21.974 0.4000000060
20449  -22.904  -46.554  21.615 0.4000000060
18063  -14.430  -49.674  22.504 0.4000000060
18064  -15.373  -49.458  22.421 0.4000000060
18065  -16.392  -49.086  22.797 0.4000000060
18078  -14.275  -49.856  20.676 0.4000000060
18849  -15.564  -49.125  20.315 0.4000000060
18834  -16.800  -48.730  22.001 0.4000000060
18867  -18.045  -47.935  20.622 0.4000000060
19646  -18.742  -47.788  21.279 0.5000000000
19647  -19.533  -47.481  21.360 0.5000000000
19667  -20.353  -46.972  20.959 0.4000000060
20448  -21.955  -46.679  21.573 0.4000000060
19664  -17.978  -47.706  19.561 0.4000000060
20463  -19.925  -46.736  19.384 0.4000000060
20477  -20.767  -46.221  19.141 0.4000000060
119050  -20.778  -46.598  20.222 0.4000000060
122521  -22.128  -45.925  20.303 0.4000000060
18077  -13.344  -49.661  20.490 0.4000000060
18093  -13.632  -49.155  19.792 0.3000000119
18865  -16.363  -48.575  19.871 0.3000000119
18866  -17.292  -48.140  19.749 0.4000000060
20460  -14.611  -46.926  20.137 0.4000000060
18863  -14.459  -48.716  19.511 0.3000000119
19674  -15.916  -47.850  18.902 0.3000000119
18881  -16.558  -48.086  18.970 0.4000000060
21329  -17.902  -44.897  18.749 0.5000000000
20476  -19.022  -46.502  18.448 0.4000000060
113273  -19.805  -46.082  18.470 0.4000000060
110947  -21.006  -45.762  18.667 0.4000000060
122312  -22.394  -45.123  18.994 0.3000000119
124217  -17.303  -44.795  19.556 0.5000000000
22170  -18.709  -44.484  19.191 0.5000000000
124535  -19.717  -45.376  18.345 0.4000000060
21341  -20.098  -44.909  18.410 0.4000000060
22180  -20.626  -44.405  18.485 0.3000000119
19661  -13.697  -48.307  19.930 0.4000000060
112172  -14.372  -46.560  21.084 0.4000000060
20445  -15.089  -46.105  20.664 0.4000000060
20462  -15.598  -45.650  19.780 0.5000000000
21328  -16.997  -45.464  18.689 0.5000000000
124169  -15.526  -46.083  21.307 0.4000000060
21318  -16.479  -45.090  20.037 0.5000000000
21319  -17.458  -44.980  20.429 0.5000000000
22159  -18.125  -44.586  20.090 0.4000000060
22161  -19.990  -43.934  20.283 0.4000000060
23053  -20.367  -43.666  18.935 0.3000000119
21305  -18.149  -45.198  21.485 0.3000000119
22147  -18.989  -44.843  21.472 0.3000000119
22148  -19.835  -44.467  21.481 0.3000000119
111314  -13.604  -46.979  21.215 0.4000000060
20419  -15.754  -46.451  22.870 0.3000000119
21279  -17.205  -45.864  23.263 0.4000000060
110398  -20.878  -43.602  20.566 0.3000000119
21278  -15.354  -46.311  23.681 0.3000000119
22107  -16.277  -44.452  24.532 0.3000000119
112849  -14.545  -66.705  22.498 0.6000000238
5196  -15.344  -66.954  23.297 0.5000000000
10143  -17.402  -59.386  18.205 0.6000000238
10142  -16.512  -59.676  17.724 0.6000000238
3357  -13.223  -70.799  15.117 0.5000000000
2809  -15.186  -72.499  18.214 0.6999999881
3331  -17.651  -72.190  18.894 0.6999999881
111911  -15.559  -71.044  20.676 0.6999999881
3321  -17.828  -72.146  19.714 0.6999999881
2788  -17.345  -72.300  20.726 0.6999999881
5238  -13.435  -67.174  19.304 0.5000000000
112422  -20.241  -71.079  19.549 0.6999999881
123411  -15.721  -70.699  21.053 0.6999999881
3309  -20.655  -71.003  20.295 0.6999999881
3765  -16.774  -70.462  22.746 0.6999999881
5704  -13.877  -66.152  21.765 0.6000000238
3783  -21.736  -70.815  21.346 0.6999999881
4712  -16.549  -68.776  21.399 0.6000000238
119335  -17.854  -69.525  23.581 0.6000000238
3739  -19.616  -69.758  24.273 0.5000000000
4652  -15.542  -68.980  25.482 0.6999999881
4700  -17.414  -68.903  22.770 0.6000000238
117819  -24.378  -70.065  21.765 0.6000000238
107522  -25.197  -69.709  19.854 0.6000000238
5198  -18.897  -68.128  23.460 0.5000000000
106181  -21.867  -67.322  24.361 0.5000000000
4255  -25.415  -69.800  23.071 0.5000000000
5152  -15.943  -68.336  25.188 0.6000000238
4638  -15.342  -68.970  26.167 0.6999999881
7492  -13.299  -63.706  18.634 0.6000000238
4714  -17.916  -68.008  22.254 0.5000000000
105201  -19.740  -67.531  22.659 0.6000000238
5197  -18.757  -67.725  22.499 0.5000000000
5199  -20.385  -67.517  23.297 0.5000000000
3293  -26.012  -70.726  20.973 0.6000000238
116257  -26.359  -69.873  22.621 0.6000000238
4258  -27.356  -69.074  23.405 0.5000000000
112324  -16.438  -65.030  27.499 0.6000000238
7478  -19.205  -64.068  19.415 0.5000000000
10809  -12.224  -58.989  23.097 0.6000000238
8730  -12.327  -61.739  23.771 0.6000000238
5762  -18.203  -66.291  17.219 0.6000000238
10072  -12.846  -59.317  22.716 0.6000000238
9350  -16.706  -60.751  24.574 0.8000000119
10073  -13.483  -59.671  22.187 0.6000000238
124403  -16.478  -64.206  14.717 0.6000000238
112500  -14.124  -60.526  23.024 0.6000000238
5805  -16.520  -65.896  14.486 0.6000000238
9385  -17.101  -60.378  22.437 0.8000000119
109640  -19.118  -64.434  16.024 0.6000000238
9383  -15.327  -60.384  22.347 0.6000000238
9382  -14.439  -60.315  22.359 0.6999999881
9412  -15.053  -59.876  19.995 0.6000000238
10159  -15.150  -59.563  17.120 0.6000000238
9453  -17.207  -59.724  18.955 0.6999999881
115733  -16.782  -59.394  16.544 0.6000000238
124600  -18.340  -57.213  17.633 0.5000000000
13324  -16.232  -55.693  16.480 0.5000000000
10929  -17.558  -58.675  16.112 0.6000000238
13311  -19.875  -56.239  16.439 0.5000000000
104496  -15.698  -55.419  25.101 0.6999999881
13195  -15.445  -56.136  24.699 0.6000000238
14852  -16.465  -53.771  23.715 0.6999999881
14087  -16.659  -54.675  21.519 0.8000000119
15747  -17.249  -52.689  21.577 0.6000000238
15659  -16.178  -52.149  25.737 0.6000000238
118509  -19.682  -51.479  21.966 0.5000000000
16530  -18.080  -52.267  22.199 0.5000000000
18122  -21.781  -49.951  17.865 0.5000000000
17269  -15.931  -50.899  25.592 0.5000000000
121632  -22.411  -49.563  21.187 0.5000000000
15782  -17.102  -52.844  18.476 0.6000000238
15793  -18.174  -52.486  17.415 0.6000000238
16617  -21.322  -52.422  15.669 0.5000000000
18033  -14.952  -49.705  24.617 0.5000000000
18838  -20.583  -48.511  22.726 0.5000000000
18821  -18.825  -48.485  22.798 0.6000000238
118774  -13.800  -49.863  21.487 0.4000000060
119683  -14.584  -49.758  21.627 0.4000000060
18080  -15.950  -49.114  21.633 0.4000000060
18864  -14.950  -49.140  19.577 0.3000000119
18850  -16.403  -48.798  20.979 0.4000000060
123982  -19.569  -47.201  20.172 0.5000000000
104236  -17.370  -47.622  18.816 0.4000000060
19666  -19.143  -47.116  19.219 0.4000000060
21332  -21.712  -45.771  19.406 0.4000000060
21333  -22.629  -45.598  20.238 0.4000000060
20461  -15.154  -46.478  19.695 0.3000000119
107336  -16.527  -46.294  18.566 0.5000000000
20474  -17.281  -46.662  18.344 0.4000000060
21330  -18.919  -45.425  18.406 0.5000000000
20475  -18.049  -46.029  18.235 0.4000000060
21343  -21.385  -45.247  18.557 0.4000000060
22160  -19.112  -44.322  20.278 0.5000000000
125013  -19.363  -44.160  19.527 0.4000000060
23045  -19.847  -43.859  19.263 0.4000000060
20446  -15.843  -45.708  20.772 0.5000000000
21292  -16.988  -45.962  22.246 0.5000000000
21304  -17.299  -45.447  21.403 0.4000000060
21293  -17.815  -45.602  22.432 0.4000000060
105440  -16.291  -46.175  23.570 0.3000000119
21261  -16.733  -45.407  24.080 0.3000000119
21280  -18.027  -45.323  23.342 0.3000000119
1653  -25.838  -75.424  17.227 0.5000000000
1286  -25.948  -76.471  18.232 0.5000000000
980  -26.247  -77.417  19.461 0.5000000000
1282  -25.811  -76.627  19.225 0.5000000000
974  -26.346  -77.427  20.290 0.6000000238
107026  -25.779  -74.267  17.123 0.5000000000
105801  -25.563  -74.950  18.075 0.5000000000
1635  -25.533  -75.597  18.951 0.5000000000
967  -26.981  -77.126  21.388 0.6000000238
105128  -25.577  -75.917  20.056 0.6000000238
1277  -25.912  -76.741  20.199 0.6000000238
1663  -26.154  -73.901  15.832 0.4000000060
3381  -23.775  -70.686  15.485 0.4000000060
107908  -25.083  -70.748  15.528 0.4000000060
3383  -26.418  -71.559  14.404 0.5000000000
2847  -26.597  -71.749  14.994 0.5000000000
2435  -27.030  -72.570  14.234 0.5000000000
2832  -26.287  -71.558  16.106 0.5000000000
3366  -25.982  -70.928  16.673 0.5000000000
2434  -26.514  -72.525  15.442 0.5000000000
108954  -26.077  -72.712  16.768 0.5000000000
1269  -28.634  -77.153  22.039 0.6000000238
2412  -25.787  -73.304  17.806 0.5000000000
117763  -25.599  -74.138  18.095 0.5000000000
2402  -25.864  -72.756  18.561 0.5000000000
1267  -26.672  -76.255  21.420 0.6000000238
2005  -25.505  -74.391  18.953 0.5000000000
1623  -25.713  -75.306  20.737 0.6000000238
1266  -25.925  -76.127  20.911 0.6000000238
113807  -28.147  -76.340  21.744 0.6000000238
1609  -26.892  -75.462  21.617 0.6000000238
124371  -27.357  -76.020  21.640 0.6000000238
1611  -28.605  -76.009  21.548 0.6999999881
1610  -27.688  -75.482  21.583 0.6000000238
111077  -28.220  -75.264  21.380 0.6999999881
121531  -21.627  -70.584  16.742 0.6000000238
113299  -22.426  -70.563  16.495 0.6000000238
119915  -22.906  -70.438  18.050 0.6000000238
3363  -23.294  -70.557  16.233 0.5000000000
3364  -24.415  -70.487  16.437 0.5000000000
3846  -24.392  -70.265  17.263 0.6000000238
3365  -25.605  -70.683  16.328 0.5000000000
3847  -25.374  -70.439  17.173 0.5000000000
2821  -26.073  -71.474  17.175 0.5000000000
3351  -25.829  -70.776  17.588 0.5000000000
115895  -25.986  -72.303  17.718 0.5000000000
960  -29.911  -77.689  22.271 0.6999999881
1270  -29.482  -76.834  22.087 0.6000000238
103742  -25.654  -73.538  19.075 0.5000000000
109138  -25.637  -73.794  19.891 0.5000000000
1986  -25.706  -74.441  20.668 0.6000000238
1612  -29.727  -76.198  21.564 0.6999999881
1976  -28.961  -75.568  21.133 0.6999999881
1973  -26.498  -74.702  21.541 0.6000000238
1974  -27.762  -74.609  21.612 0.6000000238
2373  -28.159  -73.949  21.622 0.6999999881
1975  -28.453  -74.739  21.179 0.6999999881
1988  -29.199  -75.073  20.293 0.6000000238
105378  -20.866  -70.601  16.516 0.5000000000
3349  -22.123  -70.578  17.484 0.6000000238
114481  -24.838  -70.037  17.838 0.6000000238
118325  -25.396  -70.301  17.901 0.6000000238
114000  -26.011  -71.441  18.227 0.5000000000
3326  -25.986  -70.827  19.070 0.6000000238
1257  -30.866  -77.441  22.524 0.6999999881
2802  -26.022  -71.973  19.176 0.5000000000
119263  -26.056  -71.388  19.733 0.5000000000
1271  -30.848  -76.630  22.172 0.5000000000
1272  -31.386  -76.366  22.479 0.6000000238
2391  -25.810  -72.954  19.379 0.6000000238
2382  -25.891  -73.491  20.748 0.5000000000
121458  -30.595  -76.019  21.269 0.6000000238
1972  -25.984  -74.113  21.222 0.5000000000
105699  -26.574  -73.744  21.693 0.5000000000
1624  -29.940  -75.735  20.656 0.6000000238
1636  -30.173  -75.419  19.726 0.6000000238
2359  -27.941  -73.337  22.021 0.5000000000
2383  -29.298  -74.326  19.821 0.5000000000
106035  -29.210  -73.504  20.345 0.5000000000
2006  -30.035  -74.502  18.535 0.5000000000
3347  -20.113  -70.716  17.186 0.6000000238
3348  -21.088  -70.651  17.382 0.6000000238
106457  -19.552  -70.724  16.541 0.4000000060
2789  -25.947  -72.518  20.102 0.5000000000
1613  -31.153  -75.860  21.484 0.5000000000
2370  -26.150  -73.357  21.229 0.5000000000
1625  -30.808  -75.667  20.428 0.5000000000
1626  -31.282  -75.399  20.459 0.5000000000
2358  -27.169  -72.993  22.095 0.5000000000
1997  -30.463  -75.067  18.883 0.5000000000
2765  -28.072  -72.650  22.245 0.6000000238
113630  -28.787  -72.073  22.040 0.6000000238
1996  -29.769  -74.835  19.307 0.5000000000
111329  -29.307  -72.129  21.283 0.6000000238
2790  -29.452  -72.598  20.322 0.5000000000
117688  -18.446  -71.098  16.923 0.4000000060
2774  -26.152  -72.313  21.012 0.5000000000
122611  -31.452  -75.045  20.080 0.5000000000
2371  -26.481  -72.748  21.588 0.5000000000
2764  -27.414  -72.146  22.325 0.5000000000
1998  -31.236  -74.906  18.614 0.5000000000
1989  -31.710  -74.432  19.821 0.5000000000
2384  -32.352  -73.911  19.231 0.5000000000
124559  -33.846  -73.254  19.261 0.5000000000
113375  -28.128  -71.929  22.442 0.6000000238
2007  -30.707  -74.723  18.080 0.5000000000
3295  -29.302  -71.386  21.628 0.6000000238
2414  -30.711  -74.060  16.985 0.5000000000
3801  -29.564  -70.834  21.041 0.5000000000
3817  -29.687  -70.798  19.953 0.5000000000
109006  -27.819  -69.558  22.862 0.5000000000
2393  -31.806  -74.561  18.818 0.5000000000
2394  -32.429  -74.089  18.317 0.5000000000
2385  -33.233  -73.521  18.771 0.5000000000
3774  -27.711  -70.428  22.648 0.5000000000
4268  -28.491  -69.481  22.636 0.6000000238
2008  -31.315  -74.646  17.867 0.5000000000
1999  -31.818  -74.520  18.051 0.5000000000
2804  -34.054  -73.162  19.169 0.5000000000
2805  -34.600  -72.802  19.844 0.5000000000
2017  -30.987  -74.473  17.346 0.5000000000
2415  -31.243  -73.994  16.832 0.5000000000
4259  -28.100  -68.901  23.202 0.5000000000
2813  -32.776  -73.093  17.622 0.5000000000
2814  -33.479  -73.164  18.464 0.5000000000
3836  -34.228  -70.603  19.012 0.4000000060
3340  -33.062  -71.732  18.281 0.4000000060
4253  -13.909  -69.933  22.980 0.4000000060
114074  -12.100  -56.973  21.173 0.5000000000
13256  -12.072  -54.196  19.394 0.5000000000
12430  -11.738  -55.180  20.106 0.5000000000
14895  -13.093  -53.198  20.542 0.5000000000
12413  -11.585  -55.921  21.161 0.5000000000
13174  -14.882  -55.475  26.237 0.5000000000
14013  -14.749  -54.602  26.657 0.5000000000
15651  -14.527  -52.783  26.678 0.5000000000
3274  -26.852  -71.458  22.216 0.5000000000
1278  -26.343  -76.940  20.947 0.6000000238
118777  -25.479  -74.929  19.932 0.6000000238
113872  -25.928  -74.819  21.146 0.6000000238
3350  -23.318  -70.430  17.107 0.6000000238
2372  -27.501  -73.849  21.881 0.6000000238
1987  -28.810  -74.049  20.905 0.6000000238
1258  -31.381  -77.067  22.811 0.6999999881
2775  -28.465  -73.156  21.742 0.6000000238
2776  -29.058  -72.938  21.194 0.6000000238
2403  -30.215  -74.149  17.649 0.5000000000
1637  -30.962  -75.356  19.528 0.5000000000
112566  -31.385  -75.046  19.491 0.5000000000
3312  -29.554  -71.596  20.712 0.5000000000
3275  -27.578  -71.338  22.502 0.5000000000
3277  -29.002  -71.128  22.181 0.5000000000
3276  -28.411  -71.133  22.485 0.5000000000
117267  -32.803  -73.683  17.976 0.5000000000
2416  -31.824  -74.024  17.150 0.5000000000
105949  -32.247  -73.700  17.304 0.5000000000
3328  -34.064  -72.581  19.117 0.5000000000
1951  -30.709  -74.086  23.349 0.5000000000
116975  -31.351  -74.579  22.457 0.6000000238
1952  -31.442  -75.599  22.950 0.6000000238
1592  -30.988  -76.120  23.479 0.4000000060
2360  -31.471  -73.591  21.808 0.4000000060
2374  -31.649  -73.939  20.809 0.4000000060
121214  -31.506  -75.516  22.334 0.6000000238
1962  -31.539  -74.814  21.603 0.5000000000
1977  -31.508  -74.991  20.695 0.4000000060
1614  -31.394  -75.640  21.763 0.5000000000
1259  -31.492  -76.759  22.930 0.6000000238
968  -29.137  -78.094  21.946 0.6000000238
690  -28.731  -78.512  21.268 0.6000000238
108751  -27.903  -77.735  21.568 0.5000000000
975  -26.992  -77.907  20.803 0.5000000000
981  -26.824  -78.134  19.758 0.4000000060
986  -26.866  -78.088  18.829 0.5000000000
119532  -34.589  -71.580  19.717 0.3000000119
1289  -26.103  -76.256  17.361 0.4000000060
109591  -20.536  -64.550  16.883 0.4000000060
6886  -19.888  -64.468  15.994 0.4000000060
6902  -19.103  -64.113  15.204 0.5000000000
14165  -21.575  -55.833  15.196 0.5000000000
14182  -21.707  -55.535  14.665 0.5000000000
14166  -22.322  -55.359  14.986 0.5000000000
14196  -22.835  -54.490  14.736 0.4000000060
16618  -22.031  -52.208  15.485 0.4000000060
15795  -23.897  -52.541  16.639 0.4000000060
16607  -22.166  -51.313  15.923 0.4000000060
17379  -23.317  -51.508  15.437 0.4000000060
112534  -23.634  -52.784  14.908 0.4000000060
17367  -21.538  -50.695  16.579 0.4000000060
17369  -23.575  -50.438  16.012 0.4000000060
122555  -25.042  -52.449  15.330 0.4000000060
18136  -22.758  -49.913  16.900 0.4000000060
18138  -24.319  -50.005  16.198 0.4000000060
119240  -26.388  -51.556  15.030 0.4000000060
18124  -23.434  -49.589  17.344 0.4000000060
18125  -24.169  -49.566  16.914 0.4000000060
18113  -23.451  -49.433  18.196 0.4000000060
18114  -24.296  -49.321  17.947 0.4000000060
19651  -24.139  -47.696  21.201 0.3000000119
18869  -24.598  -48.008  20.612 0.4000000060
21320  -24.216  -45.710  20.712 0.3000000119
19676  -25.613  -47.297  20.131 0.3000000119
20467  -24.665  -46.453  20.940 0.3000000119
15806  -23.608  -53.318  16.048 0.4000000060
15796  -24.355  -52.952  15.388 0.4000000060
14966  -23.467  -53.916  14.885 0.4000000060
14955  -23.172  -54.101  15.384 0.4000000060
15815  -24.723  -52.563  15.130 0.4000000060
16620  -24.413  -52.480  14.961 0.4000000060
16598  -25.616  -52.023  15.947 0.4000000060
16608  -25.440  -52.086  15.097 0.4000000060
17381  -25.696  -51.209  15.025 0.4000000060
17370  -24.707  -50.852  15.392 0.4000000060
2702  -36.967  -73.067  27.829 0.3000000119
2309  -36.131  -73.156  27.187 0.3000000119
2289  -35.704  -73.955  28.086 0.4000000060
2712  -35.553  -72.737  26.317 0.4000000060
2287  -34.234  -74.609  27.854 0.3000000119
2308  -35.237  -73.513  27.065 0.3000000119
2711  -34.721  -72.978  26.388 0.4000000060
118322  -33.554  -74.828  27.727 0.3000000119
2307  -34.441  -73.776  27.079 0.3000000119
2710  -33.957  -73.279  26.504 0.3000000119
2306  -33.640  -73.973  27.073 0.3000000119
2322  -33.268  -72.869  26.130 0.3000000119
1925  -32.891  -74.393  27.199 0.3000000119
2305  -32.098  -73.822  26.636 0.3000000119
2321  -32.234  -73.001  26.074 0.3000000119
1924  -32.043  -74.705  27.234 0.3000000119
2304  -31.266  -74.110  26.625 0.3000000119
2320  -31.101  -73.283  26.001 0.3000000119
1553  -30.034  -76.318  27.571 0.3000000119
1923  -30.995  -74.824  27.142 0.3000000119
2303  -30.278  -74.111  26.225 0.3000000119
2319  -30.269  -73.490  25.413 0.3000000119
1565  -30.016  -75.159  26.850 0.4000000060
1910  -35.333  -74.520  28.838 0.4000000060
1909  -34.700  -74.872  28.849 0.3000000119
2730  -34.153  -72.531  25.870 0.4000000060
1907  -32.913  -75.394  28.035 0.3000000119
2729  -32.533  -72.265  25.430 0.4000000060
1906  -31.908  -75.591  27.890 0.3000000119
2728  -31.513  -72.506  25.338 0.4000000060
1215  -30.752  -76.620  28.500 0.3000000119
1216  -31.435  -76.459  28.905 0.4000000060
2333  -30.380  -73.308  24.456 0.4000000060
2318  -29.876  -73.872  24.915 0.3000000119
919  -30.112  -77.099  28.774 0.3000000119
109793  -36.265  -72.528  26.288 0.3000000119
2732  -36.018  -72.205  25.577 0.3000000119
2733  -36.858  -72.057  25.722 0.3000000119
2731  -35.126  -72.222  25.512 0.3000000119
2750  -35.885  -71.782  24.732 0.3000000119
2260  -34.682  -74.240  30.059 0.4000000060
2749  -35.230  -71.737  24.592 0.3000000119
1908  -33.839  -75.272  28.764 0.3000000119
1900  -34.333  -74.920  29.663 0.4000000060
111586  -33.479  -72.218  25.471 0.4000000060
3246  -33.739  -71.494  23.984 0.3000000119
2747  -33.070  -71.680  24.795 0.4000000060
3245  -32.639  -71.432  23.898 0.4000000060
112082  -32.346  -75.923  28.687 0.3000000119
1889  -32.161  -75.510  29.498 0.3000000119
2746  -31.911  -71.810  24.568 0.4000000060
3244  -31.898  -71.621  23.686 0.4000000060
1543  -31.957  -76.277  28.954 0.3000000119
1535  -31.538  -76.019  29.459 0.3000000119
2760  -31.367  -72.088  23.801 0.4000000060
3258  -31.655  -71.914  23.019 0.5000000000
1196  -31.675  -76.277  29.197 0.3000000119
2346  -30.838  -72.871  23.651 0.4000000060
2347  -31.139  -73.343  22.754 0.5000000000
918  -29.544  -77.323  28.726 0.3000000119
2751  -36.468  -71.771  24.952 0.3000000119
3237  -37.108  -71.625  24.754 0.3000000119
2259  -33.942  -74.550  29.864 0.4000000060
3279  -32.875  -71.666  22.272 0.4000000060
2258  -32.930  -74.875  29.671 0.4000000060
3259  -32.328  -71.522  23.030 0.4000000060
3278  -32.040  -71.861  22.276 0.5000000000
2777  -31.764  -72.960  21.242 0.4000000060
2766  -31.566  -72.565  22.251 0.4000000060
1888  -31.223  -75.518  29.536 0.3000000119
2791  -32.068  -73.457  20.262 0.4000000060
112932  -31.073  -76.394  29.309 0.3000000119
1205  -30.152  -77.000  29.077 0.3000000119
1204  -29.630  -77.091  29.056 0.3000000119
3248  -35.763  -71.683  23.701 0.3000000119
3247  -34.817  -71.615  23.927 0.3000000119
108707  -33.954  -71.796  22.306 0.3000000119
3297  -33.523  -72.210  21.415 0.5000000000
2778  -32.476  -72.625  20.869 0.4000000060
2257  -31.782  -74.826  29.501 0.4000000060
1898  -28.981  -74.223  29.001 0.3000000119
2256  -30.720  -74.638  29.305 0.3000000119
1886  -29.389  -75.229  29.293 0.3000000119
1897  -28.816  -75.639  29.025 0.3000000119
1203  -28.361  -77.179  28.544 0.3000000119
1542  -28.967  -76.763  28.980 0.3000000119
125257  -35.234  -71.765  23.145 0.3000000119
119899  -33.735  -72.752  20.472 0.4000000060
106117  -28.349  -73.983  28.604 0.3000000119
120118  -28.744  -74.746  28.945 0.3000000119
1896  -28.127  -74.874  28.431 0.3000000119
2269  -27.558  -73.816  28.094 0.3000000119
2286  -26.731  -73.782  27.421 0.3000000119
1905  -27.275  -74.661  27.604 0.3000000119
2780  -35.267  -72.427  21.232 0.3000000119
2779  -34.593  -72.628  20.844 0.4000000060
2302  -26.038  -73.793  26.889 0.3000000119
2301  -25.270  -73.823  26.741 0.3000000119
3299  -36.234  -71.755  21.479 0.3000000119
2781  -35.676  -72.178  21.318 0.3000000119
3313  -35.117  -72.314  20.382 0.3000000119
119040  -35.945  -71.460  20.953 0.3000000119
3314  -35.611  -72.124  20.920 0.3000000119
3802  -35.363  -71.370  20.423 0.3000000119
14964  -22.206  -54.503  14.635 0.5000000000
18882  -24.612  -48.569  19.904 0.5000000000
18890  -24.945  -48.902  18.906 0.4000000060
15821  -22.766  -53.959  14.657 0.4000000060
1593  -31.521  -76.182  22.683 0.5000000000
2792  -33.139  -73.202  19.711 0.4000000060
14149  -21.772  -54.931  15.988 0.5000000000
14954  -22.501  -54.539  15.669 0.4000000060
16597  -24.656  -52.162  16.614 0.4000000060
2288  -34.956  -74.275  27.910 0.3000000119
1554  -30.940  -75.867  27.754 0.3000000119
1901  -35.067  -74.589  29.671 0.4000000060
2745  -31.055  -72.454  24.564 0.4000000060
1890  -33.746  -74.942  29.734 0.4000000060
1899  -33.565  -75.263  29.454 0.3000000119
1544  -32.355  -75.958  29.188 0.3000000119
3260  -33.286  -71.454  23.081 0.4000000060
1533  -29.960  -75.991  29.554 0.3000000119
3296  -32.480  -72.069  21.701 0.4000000060
1193  -29.488  -76.277  29.330 0.3000000119
2255  -29.750  -74.455  29.177 0.3000000119
1541  -28.278  -76.050  28.554 0.3000000119
3280  -34.740  -72.278  21.666 0.3000000119
1921  -26.516  -74.542  26.919 0.3000000119
694  -28.081  -78.625  20.750 0.5000000000
109958  -29.025  -79.152  20.581 0.5000000000
691  -29.543  -78.922  21.048 0.5000000000
961  -30.721  -78.283  22.611 0.5000000000
956  -31.387  -77.232  23.052 0.4000000060
4702  -28.802  -68.677  22.838 0.4000000060
108661  -30.613  -75.007  23.505 0.5000000000
1942  -30.019  -74.235  24.206 0.3000000119
1941  -29.440  -74.578  25.004 0.3000000119
1922  -29.436  -74.711  25.921 0.3000000119
118005  -29.769  -74.084  25.454 0.3000000119
2271  -31.250  -73.932  28.913 0.3000000119
2272  -32.262  -74.069  29.213 0.3000000119
2275  -35.915  -74.157  29.474 0.3000000119
2678  -30.876  -73.027  28.362 0.3000000119
2680  -32.644  -73.233  28.760 0.3000000119
2273  -33.210  -74.024  29.532 0.3000000119
2274  -33.981  -73.909  29.828 0.3000000119
2665  -35.287  -73.722  30.107 0.3000000119
2682  -34.538  -73.254  29.581 0.3000000119
2679  -31.755  -73.174  28.530 0.3000000119
2701  -33.041  -72.432  28.263 0.3000000119
2681  -33.536  -73.220  29.069 0.3000000119
3190  -33.931  -72.356  28.508 0.3000000119
2261  -35.425  -74.123  30.087 0.3000000119
2276  -36.704  -73.617  29.538 0.3000000119
2700  -32.204  -72.445  28.080 0.3000000119
2666  -35.992  -73.469  30.135 0.3000000119
2683  -35.469  -72.936  29.812 0.3000000119
985  -26.529  -77.454  18.321 0.3000000119
1249  -31.510  -76.615  23.048 0.5000000000
962  -31.154  -77.845  22.947 0.4000000060
969  -30.157  -78.721  22.001 0.5000000000
16599  -27.089  -51.396  16.453 0.3000000119
16609  -26.094  -51.798  15.227 0.3000000119
18126  -25.597  -49.246  16.932 0.3000000119
698  -27.683  -78.782  19.900 0.4000000060
460  -28.770  -79.892  20.210 0.4000000060
247  -27.591  -79.853  22.936 0.4000000060
262  -29.029  -80.149  21.793 0.4000000060
263  -29.483  -80.045  21.767 0.4000000060
439  -30.072  -79.386  22.000 0.4000000060
119807  -30.809  -78.496  22.797 0.4000000060
452  -29.209  -79.833  20.694 0.4000000060
692  -29.936  -79.294  21.561 0.4000000060
685  -30.460  -78.925  22.277 0.4000000060
235  -26.072  -79.970  24.706 0.3000000119
109919  -28.280  -79.570  23.448 0.4000000060
431  -29.263  -79.427  23.253 0.4000000060
695  -29.154  -79.611  20.602 0.4000000060
261  -28.295  -80.223  22.112 0.4000000060
274  -29.088  -80.114  20.993 0.4000000060
246  -26.487  -79.773  23.628 0.3000000119
248  -28.781  -79.904  22.610 0.4000000060
445  -29.556  -79.661  21.255 0.4000000060
432  -30.190  -79.252  22.788 0.4000000060
681  -30.635  -78.816  23.042 0.4000000060
425  -26.534  -79.694  25.478 0.3000000119
430  -27.168  -79.513  24.284 0.3000000119
427  -28.109  -79.194  24.275 0.3000000119
673  -30.561  -78.344  23.356 0.3000000119
950  -30.720  -77.580  23.518 0.3000000119
680  -30.025  -78.965  23.390 0.3000000119
1242  -30.637  -76.832  23.686 0.3000000119
1248  -31.257  -77.118  23.238 0.3000000119
955  -31.120  -77.787  23.123 0.3000000119
106753  -30.932  -78.399  23.005 0.3000000119
2221  -25.182  -73.597  34.534 0.3000000119
108292  -24.819  -73.157  33.933 0.3000000119
2675  -27.164  -72.045  28.483 0.3000000119
124435  -24.116  -71.697  34.164 0.3000000119
3153  -23.969  -71.715  32.563 0.3000000119
3168  -23.621  -71.349  30.725 0.3000000119
3169  -23.887  -70.768  30.190 0.3000000119
3172  -24.295  -71.069  29.467 0.3000000119
117226  -24.960  -70.725  29.268 0.3000000119
3187  -26.442  -71.399  28.616 0.3000000119
3137  -23.787  -70.883  33.158 0.3000000119
112516  -23.690  -70.958  32.331 0.3000000119
3672  -23.657  -70.612  30.987 0.3000000119
3673  -24.169  -69.948  30.520 0.3000000119
3676  -24.569  -70.356  29.798 0.3000000119
2654  -23.683  -72.020  31.173 0.3000000119
3154  -24.351  -72.314  33.062 0.3000000119
2633  -24.440  -72.423  33.858 0.3000000119
2646  -23.930  -72.103  31.893 0.3000000119
3163  -23.668  -71.331  31.655 0.3000000119
3661  -23.708  -70.238  32.519 0.3000000119
438  -29.576  -79.725  22.299 0.4000000060
686  -30.605  -78.881  22.659 0.4000000060
1194  -30.103  -76.621  29.370 0.3000000119
1195  -30.561  -76.617  29.272 0.3000000119
1268  -27.558  -76.730  21.706 0.6000000238
1534  -30.666  -76.161  29.507 0.3000000119
1536  -32.169  -75.862  29.383 0.3000000119
1545  -33.035  -75.664  29.033 0.3000000119
1555  -31.620  -76.196  28.513 0.4000000060
1608  -26.209  -75.456  21.283 0.6000000238
1646  -25.711  -75.748  18.002 0.5000000000
1887  -30.257  -75.349  29.481 0.3000000119
1891  -34.395  -74.635  29.849 0.4000000060
1892  -34.795  -74.541  29.968 0.4000000060
2009  -31.607  -74.340  17.448 0.5000000000
2227  -24.739  -73.102  33.100 0.3000000119
2262  -36.297  -73.637  30.064 0.3000000119
2404  -32.197  -74.128  17.659 0.5000000000
2727  -30.756  -72.861  25.229 0.4000000060
2748  -34.268  -71.809  24.953 0.4000000060
2767  -31.974  -72.349  21.661 0.4000000060
2771  -15.734  -71.719  20.910 0.6999999881
2787  -16.540  -72.350  20.746 0.6999999881
2793  -34.378  -72.949  19.832 0.4000000060
2794  -35.111  -72.524  20.625 0.3000000119
2798  -15.056  -72.218  18.869 0.6999999881
2799  -15.464  -72.235  19.720 0.6999999881
2801  -16.937  -72.500  20.141 0.6999999881
2810  -16.007  -72.704  18.322 0.6999999881
2817  -14.146  -71.724  17.142 0.6000000238
2823  -31.580  -73.563  16.727 0.5000000000
2839  -14.232  -71.403  15.410 0.5000000000
3138  -24.102  -71.719  33.442 0.3000000119
3173  -25.764  -70.850  28.987 0.3000000119
3261  -34.376  -71.636  23.132 0.3000000119
3291  -20.212  -71.016  21.041 0.6999999881
3305  -15.429  -71.661  20.209 0.6999999881
3323  -19.433  -71.273  19.558 0.6999999881
3669  -23.664  -70.480  31.769 0.3000000119
3738  -18.927  -69.816  24.155 0.6000000238
3740  -21.412  -69.935  24.462 0.5000000000
3749  -14.242  -70.409  23.873 0.5000000000
3766  -18.630  -70.682  23.293 0.6000000238
3768  -20.493  -70.711  22.341 0.6000000238
3779  -12.700  -70.827  21.040 0.5000000000
3786  -26.112  -70.180  22.222 0.6000000238
3796  -15.626  -70.140  20.441 0.6999999881
3815  -24.871  -69.668  19.173 0.6999999881
3818  -33.737  -71.228  18.950 0.5000000000
3843  -12.687  -70.399  16.826 0.6000000238
3844  -13.350  -70.066  17.488 0.5000000000
3845  -23.896  -70.160  17.852 0.6000000238
4167  -23.807  -69.694  31.894 0.3000000119
4213  -14.884  -69.379  26.171 0.6000000238
4241  -18.633  -69.456  24.082 0.6000000238
4276  -16.880  -69.107  22.231 0.6000000238
4303  -14.410  -68.689  18.553 0.6999999881
4653  -21.903  -68.382  25.441 0.5000000000
4654  -22.736  -68.409  25.658 0.5000000000
4669  -14.901  -69.217  24.037 0.6000000238
4670  -15.423  -68.767  24.537 0.6000000238
4673  -20.411  -68.503  24.825 0.5000000000
4687  -18.559  -68.873  23.940 0.6000000238
4688  -19.238  -68.427  24.127 0.6000000238
4689  -20.092  -67.939  24.281 0.5000000000
4699  -14.308  -68.264  22.866 0.6000000238
4711  -13.239  -68.238  21.311 0.6000000238
5141  -16.175  -67.760  26.613 0.6000000238
5153  -16.407  -67.887  25.830 0.6000000238
5169  -16.297  -67.574  24.874 0.6000000238
5173  -22.579  -67.246  24.970 0.5000000000
5241  -16.112  -66.564  19.840 0.6000000238
5623  -16.740  -66.534  27.172 0.6000000238
5640  -13.808  -66.494  26.297 0.5000000000
5655  -13.345  -66.088  25.770 0.5000000000
5656  -17.337  -66.428  25.773 0.6000000238
5693  -15.311  -66.147  22.812 0.5000000000
5703  -13.315  -65.773  21.151 0.6000000238
5734  -18.080  -65.938  19.445 0.6000000238
5737  -20.899  -66.732  19.527 0.5000000000
5763  -19.052  -66.551  17.433 0.5000000000
5782  -20.934  -66.630  16.147 0.5000000000
5806  -16.897  -65.670  13.996 0.6000000238
6182  -15.290  -66.031  27.287 0.6000000238
6184  -16.662  -65.826  27.414 0.6000000238
6196  -15.247  -65.217  27.160 0.6000000238
6198  -18.138  -65.112  26.381 0.6999999881
6204  -13.466  -65.313  25.596 0.6000000238
6205  -17.754  -65.794  26.123 0.6000000238
6229  -15.965  -65.720  23.144 0.6000000238
6230  -16.547  -65.391  23.470 0.6000000238
6285  -13.025  -64.518  18.268 0.5000000000
6301  -15.043  -65.224  16.852 0.6000000238
6312  -15.417  -65.523  15.257 0.6000000238
6323  -15.587  -65.447  14.775 0.6000000238
6331  -15.181  -64.902  14.702 0.6000000238
6332  -15.992  -65.317  14.361 0.6000000238
6333  -16.405  -65.136  14.035 0.5000000000
6735  -17.611  -64.326  27.349 0.6999999881
6736  -18.288  -64.178  27.139 0.6999999881
6747  -18.024  -64.909  27.037 0.6999999881
6755  -14.227  -64.212  25.843 0.6999999881
6758  -20.374  -63.881  25.435 0.5000000000
6764  -17.854  -64.681  23.796 0.6000000238
6787  -17.412  -64.434  22.774 0.6000000238
6789  -19.460  -64.369  22.270 0.5000000000
6818  -12.985  -64.593  19.796 0.5000000000
6819  -13.480  -64.143  20.235 0.4000000060
6820  -14.393  -63.839  20.589 0.6000000238
6853  -20.676  -64.485  18.094 0.5000000000
6866  -13.500  -63.861  16.616 0.6000000238
6868  -18.503  -64.204  16.638 0.6000000238
6869  -19.491  -64.460  16.835 0.6000000238
6882  -13.837  -63.777  16.103 0.6000000238
6884  -15.819  -63.914  15.121 0.6000000238
6898  -14.675  -64.380  15.201 0.6000000238
7355  -17.233  -63.632  27.402 0.6999999881
7365  -15.280  -63.827  26.625 0.6000000238
7368  -19.248  -63.426  26.690 0.8000000119
7373  -14.403  -63.608  25.693 0.6999999881
7374  -14.948  -63.312  25.975 0.6999999881
7382  -12.348  -63.368  24.124 0.6000000238
7383  -13.108  -63.520  24.689 0.5000000000
7432  -19.410  -64.288  21.471 0.5000000000
7453  -14.718  -63.424  20.041 0.6000000238
7454  -15.794  -63.459  20.278 0.6000000238
7456  -17.884  -63.751  20.309 0.5000000000
7458  -20.572  -64.174  20.179 0.5000000000
7475  -14.144  -63.226  19.062 0.6000000238
7493  -14.932  -63.182  17.467 0.6000000238
7496  -18.257  -63.814  18.275 0.6000000238
7519  -14.323  -63.807  15.686 0.6000000238
7520  -15.170  -63.695  15.509 0.6000000238
7534  -15.711  -64.407  14.725 0.6000000238
7975  -17.445  -63.114  27.296 0.6999999881
7976  -18.074  -62.956  27.230 0.8000000119
7986  -18.730  -62.778  26.992 0.8000000119
8691  -19.589  -61.821  26.326 0.6000000238
8692  -20.281  -61.769  26.083 0.5000000000
8695  -16.553  -61.585  25.705 0.8000000119
8696  -18.113  -61.327  26.056 0.8000000119
8697  -18.962  -61.272  25.967 0.6999999881
8710  -13.985  -61.650  24.207 0.6000000238
8712  -16.237  -61.173  24.992 0.8000000119
8733  -15.327  -60.835  23.858 0.5000000000
9371  -16.297  -60.611  23.910 0.8000000119
9380  -13.091  -59.929  23.088 0.6000000238
9381  -13.748  -60.177  22.647 0.6999999881
9386  -18.699  -60.490  22.236 0.6000000238
9396  -14.848  -60.143  21.534 0.6999999881
9399  -18.822  -60.377  21.332 0.6000000238
9416  -18.636  -60.177  20.632 0.6000000238
9432  -16.779  -59.849  19.485 0.6999999881
9434  -18.311  -60.031  20.091 0.6000000238
9451  -15.560  -59.726  18.526 0.6000000238
9452  -16.411  -59.739  18.567 0.6000000238
10063  -12.470  -59.609  23.256 0.6000000238
10123  -14.346  -59.535  19.464 0.6999999881
10124  -17.618  -59.593  18.926 0.6000000238
10125  -18.150  -59.699  19.581 0.6999999881
10141  -14.358  -59.383  18.474 0.6000000238
10144  -17.856  -59.188  18.737 0.6000000238
10158  -14.367  -59.239  17.457 0.6000000238
10160  -16.145  -59.616  16.900 0.6000000238
10161  -17.026  -59.523  17.359 0.6000000238
10175  -14.691  -59.255  16.832 0.6000000238
10176  -15.462  -59.292  16.426 0.6000000238
10177  -16.355  -59.311  16.151 0.6000000238
10178  -17.027  -59.131  16.068 0.6000000238
10190  -16.014  -59.111  15.910 0.6000000238
10808  -11.547  -58.909  23.196 0.6000000238
10843  -12.785  -58.434  21.433 0.6000000238
10859  -12.893  -58.257  20.461 0.6999999881
10861  -18.786  -59.126  20.306 0.5000000000
10897  -13.496  -58.426  18.151 0.8000000119
10912  -17.265  -59.126  16.692 0.6000000238
10913  -17.714  -58.586  16.909 0.5000000000
10927  -14.668  -58.858  16.587 0.6000000238
10930  -18.143  -58.202  16.094 0.5000000000
10940  -16.240  -58.605  15.796 0.6000000238
10941  -16.903  -58.511  15.664 0.6000000238
10943  -18.001  -58.143  15.738 0.6000000238
11637  -12.783  -57.142  18.253 0.6999999881
11638  -13.235  -57.809  17.883 0.6999999881
11671  -13.961  -57.561  16.916 0.6999999881
11674  -19.368  -57.250  15.272 0.5000000000
11691  -17.580  -58.048  15.577 0.6000000238
12377  -14.733  -56.436  23.752 0.6000000238
12378  -15.484  -56.348  23.369 0.6000000238
12414  -15.106  -56.432  21.803 0.6999999881
12415  -15.848  -56.374  21.623 0.6999999881
12416  -16.260  -56.174  21.504 0.6999999881
12445  -15.395  -56.329  20.152 0.6999999881
12458  -12.793  -56.433  17.949 0.6000000238
12469  -13.213  -56.701  17.607 0.6999999881
12470  -13.711  -56.922  17.199 0.6999999881
12471  -14.152  -56.561  17.203 0.6999999881
12473  -19.599  -56.920  16.054 0.5000000000
12482  -15.206  -56.998  16.508 0.6999999881
12484  -19.985  -57.285  15.015 0.5000000000
12485  -20.466  -56.842  14.770 0.6000000238
12494  -17.144  -57.379  15.661 0.6000000238
13196  -16.045  -55.594  24.336 0.6000000238
13210  -15.806  -56.151  23.866 0.6000000238
13211  -16.267  -55.702  23.530 0.6999999881
13223  -13.666  -55.112  22.313 0.6000000238
13225  -16.489  -55.652  21.920 0.6999999881
13258  -14.725  -56.141  20.288 0.6999999881
13274  -15.442  -56.155  19.407 0.6999999881
13275  -16.052  -55.880  19.374 0.8000000119
13276  -18.647  -55.798  19.363 0.5000000000
13288  -13.152  -55.462  18.159 0.6000000238
13308  -14.403  -56.247  17.367 0.6000000238
13309  -15.078  -55.897  17.359 0.6000000238
13325  -17.179  -55.491  16.198 0.5000000000
13327  -21.081  -56.469  14.798 0.5000000000
13328  -21.643  -55.764  14.770 0.5000000000
13337  -18.041  -56.359  15.564 0.6000000238
13338  -20.009  -56.911  14.714 0.6000000238
13339  -20.571  -56.562  14.649 0.6000000238
14022  -15.725  -54.562  25.450 0.6999999881
14038  -16.110  -54.683  24.733 0.6999999881
14107  -16.675  -54.547  20.383 0.8000000119
14119  -12.618  -54.041  19.129 0.6000000238
14145  -15.810  -55.173  17.311 0.6000000238
14146  -16.397  -54.363  17.283 0.6000000238
14161  -16.046  -55.037  16.909 0.6000000238
14167  -22.822  -54.750  14.879 0.5000000000
14179  -18.905  -56.111  15.299 0.6000000238
14183  -22.470  -55.016  14.801 0.4000000060
14184  -22.900  -54.549  14.807 0.4000000060
14185  -23.126  -54.288  14.805 0.4000000060
14873  -16.631  -53.669  22.190 0.6999999881
14920  -16.753  -53.633  19.401 0.6999999881
14939  -16.831  -53.567  17.578 0.6000000238
14951  -17.647  -53.787  16.701 0.5000000000
14952  -18.535  -53.650  16.414 0.5000000000
14956  -23.713  -53.664  15.086 0.4000000060
14963  -21.109  -54.532  14.846 0.5000000000
14965  -23.217  -54.268  14.854 0.4000000060
15746  -16.793  -53.068  21.601 0.6000000238
15761  -17.313  -52.597  20.585 0.6000000238
15783  -17.523  -52.448  18.373 0.6000000238
15791  -17.206  -52.882  17.888 0.6000000238
15792  -17.786  -52.404  17.873 0.6000000238
15804  -19.469  -52.517  16.560 0.5000000000
15805  -20.431  -52.229  16.247 0.5000000000
15812  -22.074  -53.256  15.045 0.4000000060
15813  -22.922  -53.166  14.850 0.4000000060
15814  -24.047  -53.279  15.029 0.4000000060
15822  -23.176  -53.988  14.711 0.4000000060
16465  -15.242  -51.087  25.922 0.5000000000
16466  -15.736  -51.663  25.931 0.6000000238
16467  -16.479  -51.480  25.472 0.6000000238
16484  -17.208  -51.351  24.983 0.6000000238
16504  -18.410  -51.561  23.732 0.5000000000
16505  -19.169  -51.021  23.481 0.4000000060
16515  -18.140  -52.130  23.125 0.5000000000
16531  -18.857  -51.855  21.761 0.5000000000
16533  -20.236  -51.198  21.607 0.4000000060
16564  -18.390  -51.774  19.336 0.5000000000
16593  -18.419  -52.002  17.738 0.6000000238
16596  -20.405  -50.805  17.344 0.5000000000
16606  -21.188  -51.480  16.272 0.5000000000
16610  -26.728  -51.508  15.354 0.3000000119
16619  -22.806  -52.145  15.305 0.4000000060
16621  -25.238  -52.015  14.950 0.4000000060
16622  -25.949  -51.757  14.963 0.4000000060
16623  -27.010  -51.248  14.975 0.4000000060
17301  -19.740  -50.349  23.341 0.5000000000
17310  -21.358  -49.886  22.379 0.5000000000
17318  -21.455  -50.269  21.677 0.5000000000
17327  -19.904  -51.030  19.350 0.4000000060
17340  -19.838  -50.884  18.510 0.4000000060
17349  -20.345  -50.581  18.026 0.4000000060
17350  -21.086  -50.293  18.320 0.5000000000
17368  -22.469  -50.548  16.331 0.4000000060
17380  -24.257  -51.429  15.261 0.4000000060
18035  -17.080  -50.002  24.611 0.4000000060
18053  -20.071  -49.185  23.150 0.5000000000
18066  -17.289  -48.815  23.002 0.4000000060
18067  -20.992  -49.336  22.769 0.5000000000
18079  -15.093  -49.593  21.088 0.4000000060
18082  -22.748  -48.905  21.572 0.5000000000
18094  -14.180  -49.491  19.829 0.3000000119
18095  -22.257  -49.802  20.405 0.5000000000
18096  -22.844  -49.352  20.681 0.5000000000
18097  -23.340  -48.859  20.957 0.5000000000
18105  -21.948  -49.941  19.477 0.4000000060
18123  -22.659  -49.645  17.839 0.5000000000
18137  -23.598  -49.837  16.677 0.4000000060
18835  -17.532  -48.517  22.228 0.4000000060
18839  -21.474  -48.637  22.475 0.5000000000
18851  -17.258  -48.435  21.036 0.4000000060
18868  -23.983  -48.498  20.658 0.4000000060
18870  -25.197  -47.958  20.163 0.4000000060
18879  -15.366  -48.490  19.279 0.3000000119
18880  -15.936  -48.387  19.168 0.3000000119
19634  -19.832  -47.846  22.352 0.4000000060
19635  -21.307  -47.864  22.350 0.4000000060
19648  -21.849  -47.396  22.093 0.4000000060
19650  -23.430  -47.346  21.666 0.4000000060
19662  -14.326  -47.814  19.734 0.3000000119
19663  -15.112  -47.650  19.305 0.3000000119
19665  -18.792  -47.551  20.053 0.5000000000
19668  -24.848  -47.279  20.789 0.3000000119
19675  -18.265  -47.133  18.680 0.4000000060
20435  -16.075  -46.149  21.935 0.5000000000
20444  -13.906  -47.301  20.382 0.4000000060
20447  -21.150  -46.641  21.113 0.4000000060
20451  -24.187  -46.935  21.349 0.4000000060
20464  -21.577  -46.252  20.455 0.4000000060
20465  -22.444  -46.050  21.011 0.4000000060
20466  -24.042  -46.250  21.234 0.3000000119
20468  -25.284  -46.678  20.504 0.3000000119
20473  -15.788  -46.650  18.947 0.5000000000
21303  -16.553  -45.655  21.304 0.5000000000
21306  -23.335  -45.846  21.052 0.4000000060
21327  -16.122  -45.585  19.033 0.5000000000
21331  -20.382  -45.724  18.424 0.4000000060
21342  -20.704  -45.274  18.417 0.4000000060
22171  -19.414  -44.515  18.682 0.4000000060
22172  -19.964  -44.145  18.676 0.4000000060
104396  -26.129  -71.096  15.591 0.5000000000
104593  -17.843  -60.439  21.807 0.6999999881
104892  -15.879  -60.252  21.670 0.8000000119
105091  -16.837  -60.327  21.763 0.6999999881
105541  -17.332  -61.430  25.952 0.8000000119
105722  -16.574  -47.233  18.624 0.4000000060
106286  -18.466  -56.679  17.960 0.5000000000
106512  -17.836  -52.093  18.861 0.5000000000
107096  -14.223  -68.057  26.665 0.6000000238
107585  -18.980  -66.343  19.375 0.6000000238
107842  -17.411  -66.198  14.217 0.5000000000
108047  -14.709  -57.919  16.514 0.6000000238
108175  -19.128  -51.598  17.549 0.6000000238
108230  -15.603  -48.757  19.542 0.3000000119
108427  -32.959  -73.594  26.601 0.3000000119
109037  -20.642  -64.285  15.989 0.4000000060
110045  -26.358  -51.669  16.163 0.4000000060
110608  -19.874  -66.650  17.675 0.5000000000
110938  -16.671  -53.265  23.242 0.6999999881
111248  -14.772  -59.923  20.775 0.6999999881
111741  -18.813  -63.976  26.836 0.8000000119
112045  -20.978  -69.331  24.923 0.5000000000
112156  -17.010  -60.523  24.059 0.6999999881
112215  -15.001  -63.163  18.603 0.6000000238
112459  -16.909  -52.920  20.838 0.6000000238
112644  -31.260  -72.512  23.099 0.5000000000
113101  -16.312  -53.849  24.366 0.6999999881
113484  -16.607  -54.844  22.457 0.6999999881
113585  -24.934  -69.728  21.237 0.6000000238
113637  -23.057  -49.442  18.931 0.5000000000
113813  -13.531  -58.699  18.711 0.8000000119
113860  -15.954  -63.674  27.092 0.6999999881
113983  -17.396  -63.552  19.607 0.6000000238
114062  -17.094  -59.643  18.257 0.6000000238
114368  -18.641  -66.351  18.018 0.6000000238
114568  -27.116  -74.373  21.810 0.6000000238
114689  -15.551  -55.850  18.752 0.6999999881
114698  -19.634  -64.166  20.175 0.5000000000
114710  -14.746  -56.210  21.117 0.6999999881
115125  -15.408  -55.227  25.723 0.6999999881
115489  -14.938  -65.235  15.768 0.6000000238
115727  -23.521  -53.566  14.858 0.4000000060
115890  -20.625  -67.288  22.372 0.6000000238
116099  -24.993  -69.891  24.060 0.4000000060
116120  -20.750  -64.116  24.228 0.5000000000
116602  -21.887  -70.374  23.778 0.5000000000
117124  -18.473  -71.372  22.089 0.6999999881
117299  -16.821  -53.270  18.655 0.6999999881
117599  -18.721  -64.397  22.599 0.5000000000
117693  -20.865  -50.859  16.822 0.5000000000
117804  -27.192  -74.896  21.671 0.6000000238
117863  -18.642  -48.996  23.337 0.5000000000
117936  -16.513  -46.247  22.833 0.4000000060
118090  -16.980  -65.130  13.777 0.5000000000
118216  -18.775  -64.194  21.324 0.5000000000
118255  -14.783  -49.545  20.172 0.4000000060
118432  -16.430  -50.012  24.761 0.4000000060
118436  -21.450  -68.952  25.314 0.5000000000
118691  -17.418  -45.175  23.840 0.3000000119
118971  -18.593  -57.781  16.087 0.5000000000
119132  -19.825  -50.878  23.100 0.5000000000
119459  -21.656  -50.037  18.674 0.4000000060
119708  -15.554  -67.698  27.026 0.6000000238
119907  -15.180  -64.546  14.815 0.6000000238
120298  -16.904  -63.900  15.267 0.6000000238
120912  -20.797  -68.908  25.076 0.5000000000
120955  -17.629  -52.783  17.547 0.6000000238
121094  -15.956  -70.357  21.412 0.6999999881
121315  -16.545  -53.302  24.061 0.6999999881
121639  -18.578  -63.864  18.958 0.6000000238
121830  -29.504  -79.564  21.003 0.4000000060
121855  -24.836  -49.357  17.214 0.4000000060
121862  -21.369  -67.584  24.541 0.5000000000
121938  -20.335  -49.754  23.130 0.6000000238
122082  -21.381  -50.453  20.865 0.4000000060
122562  -23.999  -48.816  19.955 0.5000000000
122600  -25.651  -73.646  18.505 0.5000000000
122687  -13.994  -69.052  18.320 0.6000000238
122759  -26.786  -72.229  22.018 0.5000000000
122924  -28.285  -70.232  22.608 0.6000000238
123163  -23.501  -70.240  18.531 0.6999999881
123290  -22.217  -49.887  17.349 0.5000000000
124555  -17.515  -71.091  22.991 0.6999999881
124612  -14.095  -62.557  24.893 0.6000000238
124835  -14.969  -68.121  26.895 0.6999999881
124935  -16.543  -55.092  23.174 0.6999999881
125014  -33.476  -73.444  26.572 0.3000000119
125181  -32.864  -75.428  29.460 0.3000000119
