#!ascii label  , from subject sub-fsm70qy vox2ras=TkReg
797
76999  45.124  9.788  45.838 0.0000000000
76309  44.744  9.253  37.040 0.0000000000
77928  48.990  12.285  35.184 0.0000000000
72362  45.339  4.173  29.108 0.0000000000
73142  41.949  4.721  44.521 0.0000000000
119512  53.459  10.665  41.753 0.0000000000
74828  44.891  7.595  30.469 0.0000000000
79472  40.233  14.478  33.628 0.0000000000
75492  50.291  8.721  41.883 0.0000000000
74751  45.514  7.300  43.764 0.0000000000
72251  43.365  4.918  39.530 0.0000000000
77917  44.576  12.147  36.835 0.0000000000
80272  43.910  15.615  29.969 0.0000000000
77074  50.109  10.597  35.151 0.0000000000
77128  46.850  11.417  27.209 0.0000000000
106792  42.439  15.029  35.704 0.0000000000
73967  47.791  6.558  46.363 0.0000000000
73970  45.793  6.317  46.370 0.0000000000
72225  41.980  4.728  41.469 0.0000000000
77879  48.988  11.630  38.678 0.0000000000
77859  46.415  11.680  39.790 0.0000000000
119497  46.985  11.642  35.911 0.0000000000
113057  44.730  13.838  32.712 0.0000000000
78745  45.783  12.958  31.607 0.0000000000
109761  47.211  9.503  39.879 0.0000000000
76293  50.409  9.802  38.646 0.0000000000
76325  47.132  9.736  35.878 0.0000000000
74084  46.924  6.076  27.538 0.0000000000
76373  45.860  9.350  28.812 0.0000000000
113563  45.402  7.131  26.371 0.0000000000
113579  44.139  8.930  27.321 0.0000000000
114544  43.540  5.671  29.222 0.0000000000
72341  42.917  4.918  33.119 0.0000000000
77011  42.776  10.174  44.898 0.0000000000
109434  43.777  7.156  45.756 0.0000000000
77877  51.435  12.087  38.352 0.0000000000
74040  43.651  7.005  35.591 0.0000000000
76340  44.603  8.803  34.444 0.0000000000
74058  45.097  6.104  32.924 0.0000000000
108921  48.053  5.610  29.527 0.0000000000
75454  52.154  8.799  45.529 0.0000000000
75456  49.916  7.796  45.481 0.0000000000
75487  47.528  8.492  42.614 0.0000000000
75499  44.929  9.006  40.881 0.0000000000
73140  43.244  5.723  44.377 0.0000000000
74762  42.524  7.238  41.141 0.0000000000
118368  43.091  7.732  38.175 0.0000000000
73188  45.097  4.966  37.030 0.0000000000
78650  41.121  12.344  45.406 0.0000000000
80174  44.807  14.085  40.903 0.0000000000
80216  45.502  15.609  36.028 0.0000000000
80249  43.538  15.421  33.865 0.0000000000
80263  42.418  15.571  31.752 0.0000000000
77106  42.329  10.769  32.537 0.0000000000
76255  53.060  9.306  41.756 0.0000000000
77055  53.593  11.641  37.578 0.0000000000
77940  52.474  12.510  33.535 0.0000000000
77095  47.109  10.175  33.251 0.0000000000
77103  49.623  11.500  31.075 0.0000000000
78753  49.850  13.111  29.402 0.0000000000
78776  45.382  13.820  27.686 0.0000000000
77118  43.300  10.640  30.190 0.0000000000
80217  42.766  15.090  36.506 0.0000000000
80997  44.093  15.694  36.232 0.0000000000
75448  46.315  8.230  46.497 0.0000000000
75449  45.717  8.009  46.288 0.0000000000
77914  48.951  12.026  36.301 0.0000000000
77898  47.600  11.584  37.516 0.0000000000
77929  47.905  11.915  35.315 0.0000000000
77955  46.598  12.159  33.426 0.0000000000
77954  48.028  12.515  32.840 0.0000000000
112966  46.174  9.533  38.973 0.0000000000
76307  47.609  9.632  37.576 0.0000000000
76317  46.379  9.571  36.510 0.0000000000
72378  46.265  5.010  27.559 0.0000000000
74097  46.077  6.549  26.787 0.0000000000
73293  45.143  5.553  27.375 0.0000000000
74092  44.124  6.143  27.756 0.0000000000
72371  44.624  4.648  29.273 0.0000000000
72354  44.263  4.495  30.949 0.0000000000
71439  44.849  4.180  30.183 0.0000000000
75471  42.030  8.316  44.832 0.0000000000
118551  51.129  11.257  40.894 0.0000000000
77863  53.343  11.623  39.336 0.0000000000
73217  45.185  5.392  35.386 0.0000000000
74050  44.226  6.682  34.301 0.0000000000
73245  45.599  5.579  33.499 0.0000000000
73254  47.990  5.341  31.505 0.0000000000
73274  49.352  5.542  29.706 0.0000000000
72367  48.553  5.299  29.079 0.0000000000
73984  46.717  6.503  45.436 0.0000000000
74741  47.563  7.066  44.974 0.0000000000
75479  46.558  8.063  43.165 0.0000000000
75496  46.395  8.828  41.847 0.0000000000
75490  44.799  8.419  41.990 0.0000000000
73131  42.930  5.343  45.793 0.0000000000
73130  43.685  5.528  45.809 0.0000000000
73141  42.391  5.409  43.909 0.0000000000
72237  42.202  5.210  40.802 0.0000000000
124343  41.971  6.161  41.267 0.0000000000
74001  42.384  6.389  40.056 0.0000000000
74774  42.822  7.844  39.880 0.0000000000
74008  43.115  6.229  38.530 0.0000000000
108386  43.866  5.906  37.386 0.0000000000
72266  44.491  4.832  38.282 0.0000000000
71372  46.435  4.093  37.962 0.0000000000
77882  45.079  11.774  38.170 0.0000000000
78670  44.948  12.935  40.891 0.0000000000
111092  44.415  12.820  38.576 0.0000000000
80189  45.273  14.926  38.328 0.0000000000
79446  44.643  14.173  36.335 0.0000000000
80239  44.603  15.183  35.039 0.0000000000
79459  44.560  13.967  35.182 0.0000000000
79482  44.159  15.566  30.640 0.0000000000
81013  42.979  16.193  31.464 0.0000000000
79484  42.806  15.553  30.934 0.0000000000
78747  42.249  12.854  32.378 0.0000000000
78756  43.237  13.528  30.721 0.0000000000
75476  50.908  8.434  43.054 0.0000000000
119646  52.762  8.836  43.302 0.0000000000
76256  51.528  8.964  41.556 0.0000000000
77057  50.478  10.362  37.158 0.0000000000
77046  51.927  10.301  38.338 0.0000000000
77064  51.858  10.947  36.249 0.0000000000
77911  53.258  12.156  35.880 0.0000000000
77082  52.345  11.862  33.906 0.0000000000
75563  44.512  8.142  32.350 0.0000000000
115232  45.483  9.403  33.447 0.0000000000
75562  44.888  8.841  31.885 0.0000000000
76372  46.468  10.147  27.499 0.0000000000
77116  46.857  10.588  29.882 0.0000000000
77122  47.941  11.774  28.451 0.0000000000
77974  50.089  12.920  29.590 0.0000000000
109307  48.771  13.004  28.250 0.0000000000
79495  47.052  13.664  28.252 0.0000000000
78783  46.438  12.836  27.079 0.0000000000
75582  42.764  7.890  29.353 0.0000000000
76367  43.487  10.079  29.330 0.0000000000
75575  42.387  8.118  30.246 0.0000000000
75570  42.061  8.549  31.099 0.0000000000
77016  53.970  10.334  43.303 0.0000000000
80242  41.146  14.936  35.483 0.0000000000
117135  42.023  15.176  34.842 0.0000000000
74716  48.087  6.947  47.367 0.0000000000
74723  47.291  6.806  46.984 0.0000000000
73969  46.439  6.457  46.431 0.0000000000
105822  45.798  6.020  45.755 0.0000000000
72216  41.578  4.480  42.834 0.0000000000
77868  47.301  11.554  39.639 0.0000000000
77899  46.818  11.539  37.640 0.0000000000
77916  45.390  11.656  36.656 0.0000000000
78721  44.649  12.731  34.325 0.0000000000
78720  44.966  12.336  34.131 0.0000000000
78746  45.087  13.432  32.149 0.0000000000
79481  45.015  14.529  30.372 0.0000000000
76261  49.160  9.132  40.957 0.0000000000
76271  49.639  9.361  40.229 0.0000000000
76282  48.598  9.518  39.347 0.0000000000
76306  48.517  9.736  37.756 0.0000000000
77075  48.861  10.329  35.198 0.0000000000
74833  45.422  7.141  29.462 0.0000000000
75573  45.281  8.718  29.832 0.0000000000
113345  45.763  7.557  28.243 0.0000000000
117361  45.860  8.380  26.238 0.0000000000
76381  46.011  9.974  26.176 0.0000000000
77135  45.312  10.262  26.525 0.0000000000
75591  44.438  8.270  26.636 0.0000000000
74842  43.584  7.492  27.951 0.0000000000
108705  42.718  5.688  30.467 0.0000000000
72339  44.209  4.297  32.725 0.0000000000
77001  43.447  10.326  45.255 0.0000000000
75458  44.257  8.155  45.616 0.0000000000
75459  43.406  8.473  45.285 0.0000000000
125792  42.586  7.008  45.589 0.0000000000
73132  42.079  4.986  45.973 0.0000000000
118873  49.666  11.356  40.685 0.0000000000
77878  49.934  11.820  38.366 0.0000000000
77912  50.795  12.471  36.871 0.0000000000
75533  43.898  8.465  36.170 0.0000000000
121234  44.831  9.195  35.705 0.0000000000
75538  44.160  8.379  34.903 0.0000000000
74812  44.188  7.445  33.687 0.0000000000
74072  44.933  6.725  31.465 0.0000000000
126055  47.198  5.125  32.577 0.0000000000
73267  46.215  5.748  31.281 0.0000000000
74071  45.650  6.313  30.787 0.0000000000
74077  47.027  6.118  28.412 0.0000000000
72377  47.416  5.414  28.019 0.0000000000
71446  46.174  3.962  28.799 0.0000000000
71428  45.992  3.157  30.455 0.0000000000
75455  50.958  8.272  45.475 0.0000000000
110815  50.083  8.194  43.655 0.0000000000
74728  48.466  6.836  46.302 0.0000000000
75469  48.894  7.933  43.963 0.0000000000
75486  48.438  8.563  42.476 0.0000000000
76263  47.165  9.143  41.296 0.0000000000
76274  46.641  9.396  40.443 0.0000000000
112258  45.135  9.403  39.251 0.0000000000
112853  44.653  6.781  46.113 0.0000000000
73985  44.918  5.890  45.388 0.0000000000
73988  44.645  6.618  44.121 0.0000000000
119901  42.113  5.842  42.795 0.0000000000
73992  43.123  6.845  42.910 0.0000000000
74756  44.276  7.853  42.459 0.0000000000
75501  43.429  8.347  40.375 0.0000000000
75510  43.360  8.431  39.515 0.0000000000
75526  43.467  8.276  37.598 0.0000000000
74032  43.492  6.991  36.485 0.0000000000
73203  44.349  5.795  36.289 0.0000000000
72314  45.622  4.960  36.003 0.0000000000
72265  45.185  4.404  38.302 0.0000000000
72283  46.532  4.404  37.079 0.0000000000
111159  43.175  11.214  45.451 0.0000000000
77834  41.613  11.060  44.822 0.0000000000
77826  39.794  11.768  45.075 0.0000000000
79427  45.457  13.751  42.282 0.0000000000
80188  45.832  15.499  39.137 0.0000000000
80996  44.974  15.881  35.762 0.0000000000
107333  42.892  15.372  34.297 0.0000000000
81007  41.568  15.518  33.084 0.0000000000
80248  44.102  15.312  33.473 0.0000000000
120542  42.822  16.065  32.214 0.0000000000
79478  41.628  14.916  32.493 0.0000000000
77025  54.256  10.046  41.695 0.0000000000
105254  51.716  9.333  40.650 0.0000000000
76279  53.564  10.348  39.816 0.0000000000
77034  54.056  11.048  39.726 0.0000000000
78680  53.425  12.323  37.531 0.0000000000
112626  52.609  13.075  35.760 0.0000000000
78717  51.606  13.061  33.125 0.0000000000
76338  46.053  9.615  34.801 0.0000000000
77085  47.569  10.120  34.549 0.0000000000
115250  47.900  10.295  33.733 0.0000000000
76365  46.443  10.215  30.962 0.0000000000
77104  48.186  10.756  31.667 0.0000000000
77093  50.102  11.362  31.970 0.0000000000
77092  51.285  11.977  31.660 0.0000000000
78741  51.311  12.862  31.492 0.0000000000
125583  49.488  12.953  32.195 0.0000000000
78754  48.279  13.320  29.663 0.0000000000
79488  45.892  14.168  28.968 0.0000000000
79498  44.576  14.477  28.716 0.0000000000
77129  45.005  11.291  27.385 0.0000000000
77983  44.301  12.626  28.886 0.0000000000
77976  43.818  12.590  29.657 0.0000000000
77112  42.809  11.002  31.653 0.0000000000
73231  42.355  5.073  33.872 0.0000000000
125520  44.247  15.964  36.732 0.0000000000
76228  45.871  9.262  46.226 0.0000000000
76234  45.293  8.879  45.919 0.0000000000
126309  48.108  11.877  35.912 0.0000000000
77943  47.550  12.167  33.922 0.0000000000
78719  48.946  12.614  33.302 0.0000000000
111985  45.978  9.542  38.039 0.0000000000
108687  45.671  9.483  37.175 0.0000000000
72370  45.854  4.456  28.188 0.0000000000
73292  46.053  5.660  27.094 0.0000000000
72379  45.510  4.973  27.713 0.0000000000
73285  44.650  5.112  28.311 0.0000000000
121802  45.143  4.604  28.500 0.0000000000
77021  52.705  10.783  42.475 0.0000000000
77027  52.271  11.019  41.577 0.0000000000
77850  52.813  11.209  40.719 0.0000000000
77031  53.608  10.858  40.998 0.0000000000
73216  45.948  4.986  35.166 0.0000000000
73229  45.411  5.481  34.479 0.0000000000
73244  46.329  5.109  34.154 0.0000000000
73264  49.760  5.828  29.897 0.0000000000
73273  49.879  5.849  29.892 0.0000000000
72361  49.414  5.453  29.640 0.0000000000
74743  46.169  6.734  44.680 0.0000000000
74750  46.512  7.581  43.746 0.0000000000
75480  46.006  8.019  43.073 0.0000000000
75489  45.733  8.457  42.313 0.0000000000
74755  45.168  7.942  42.785 0.0000000000
73138  42.135  4.829  45.581 0.0000000000
73137  42.889  5.168  45.337 0.0000000000
110495  42.781  4.953  40.155 0.0000000000
126364  42.395  5.623  40.269 0.0000000000
73155  42.764  5.615  39.655 0.0000000000
74009  42.737  6.386  39.191 0.0000000000
73164  43.263  5.579  38.975 0.0000000000
73175  43.766  5.573  38.202 0.0000000000
72267  43.909  4.895  38.888 0.0000000000
77901  44.663  12.037  37.569 0.0000000000
77870  44.864  12.124  38.925 0.0000000000
78682  44.514  12.405  38.068 0.0000000000
79437  44.424  13.338  37.655 0.0000000000
78692  44.373  12.822  37.140 0.0000000000
79454  44.694  14.463  35.532 0.0000000000
78701  44.382  13.051  36.061 0.0000000000
80267  43.385  15.894  30.615 0.0000000000
79483  43.457  15.143  30.208 0.0000000000
122693  42.868  14.437  30.989 0.0000000000
113138  50.114  8.461  42.697 0.0000000000
75484  51.091  8.631  42.379 0.0000000000
77065  50.320  10.494  36.150 0.0000000000
108604  51.503  11.128  35.088 0.0000000000
111278  51.208  11.163  34.220 0.0000000000
75569  44.660  8.088  31.328 0.0000000000
77123  47.155  11.197  28.035 0.0000000000
77981  47.807  12.170  27.819 0.0000000000
77980  48.763  12.621  28.387 0.0000000000
77987  47.408  12.405  27.406 0.0000000000
78774  47.222  12.917  27.225 0.0000000000
77991  46.738  12.106  27.045 0.0000000000
74829  42.485  7.289  29.789 0.0000000000
74830  42.060  7.288  30.539 0.0000000000
75576  41.903  7.823  30.948 0.0000000000
80231  41.569  14.784  36.459 0.0000000000
122809  40.712  15.197  34.376 0.0000000000
75441  47.792  7.654  47.347 0.0000000000
76226  47.439  8.872  46.964 0.0000000000
74724  46.267  7.006  46.671 0.0000000000
73975  45.733  6.084  46.180 0.0000000000
115688  48.673  11.455  40.397 0.0000000000
111499  47.767  11.553  40.842 0.0000000000
77867  47.929  11.524  39.047 0.0000000000
105600  46.963  11.575  36.938 0.0000000000
106602  46.238  11.546  36.537 0.0000000000
106232  46.144  11.534  37.234 0.0000000000
77930  45.623  11.648  35.837 0.0000000000
77945  44.917  11.989  34.951 0.0000000000
107491  46.045  11.646  35.013 0.0000000000
78731  46.150  12.440  32.523 0.0000000000
121793  45.408  12.696  32.722 0.0000000000
76273  47.618  9.392  40.442 0.0000000000
76272  48.596  9.395  40.205 0.0000000000
76283  47.882  9.500  39.673 0.0000000000
76315  48.292  9.849  36.894 0.0000000000
77066  49.072  10.250  36.118 0.0000000000
77067  48.054  9.998  36.038 0.0000000000
74085  46.288  6.695  28.048 0.0000000000
74847  45.933  7.526  26.385 0.0000000000
75586  46.107  9.314  26.461 0.0000000000
74848  45.472  8.112  26.005 0.0000000000
75594  45.300  8.826  25.945 0.0000000000
74849  44.819  7.654  26.298 0.0000000000
73286  43.989  5.634  28.502 0.0000000000
74093  43.751  6.821  27.786 0.0000000000
74086  43.416  6.255  28.739 0.0000000000
74087  42.724  6.578  29.571 0.0000000000
73279  42.975  5.928  29.675 0.0000000000
73278  43.389  5.414  29.923 0.0000000000
110655  44.192  4.424  31.786 0.0000000000
76236  43.875  9.308  45.349 0.0000000000
76243  43.106  9.485  44.970 0.0000000000
74744  42.061  7.477  45.245 0.0000000000
74733  42.286  6.528  45.713 0.0000000000
73978  42.769  5.497  45.968 0.0000000000
73979  41.786  5.905  45.909 0.0000000000
77864  51.870  11.735  39.245 0.0000000000
77857  50.702  11.500  39.997 0.0000000000
77896  50.357  12.132  37.702 0.0000000000
77895  51.717  12.485  37.429 0.0000000000
74799  43.610  7.726  35.948 0.0000000000
75539  43.884  8.247  35.551 0.0000000000
74798  43.770  7.647  35.212 0.0000000000
74049  44.849  6.002  33.872 0.0000000000
74059  44.497  6.669  33.318 0.0000000000
74819  44.394  7.384  32.812 0.0000000000
74066  44.710  6.681  32.390 0.0000000000
119913  47.186  4.928  33.460 0.0000000000
73266  47.419  5.555  30.665 0.0000000000
73277  46.826  5.882  29.771 0.0000000000
74078  45.912  6.470  29.523 0.0000000000
73276  47.740  5.652  28.746 0.0000000000
73283  47.846  5.465  28.543 0.0000000000
72368  47.767  5.040  28.330 0.0000000000
72369  46.866  4.755  28.005 0.0000000000
71445  47.097  4.218  28.772 0.0000000000
71437  46.440  3.532  29.574 0.0000000000
74720  50.176  7.867  46.367 0.0000000000
75467  50.627  8.168  44.589 0.0000000000
75468  49.504  7.819  44.670 0.0000000000
74722  47.989  6.625  46.975 0.0000000000
125584  48.326  6.842  47.216 0.0000000000
74749  47.355  7.641  43.989 0.0000000000
74748  48.069  7.675  44.224 0.0000000000
75477  48.069  8.122  43.356 0.0000000000
75495  47.864  8.872  41.882 0.0000000000
115858  47.109  8.768  42.071 0.0000000000
75497  45.480  8.858  41.472 0.0000000000
76264  46.278  9.163  41.168 0.0000000000
76275  45.667  9.245  40.677 0.0000000000
76285  45.847  9.456  39.873 0.0000000000
76286  44.796  9.197  40.133 0.0000000000
74731  44.163  5.943  46.114 0.0000000000
73136  43.725  5.480  45.412 0.0000000000
73129  44.319  5.631  45.752 0.0000000000
73986  44.167  5.749  44.876 0.0000000000
73989  43.723  6.391  43.802 0.0000000000
73148  41.665  4.954  42.220 0.0000000000
73145  41.695  5.077  43.150 0.0000000000
125348  41.800  5.521  42.286 0.0000000000
108698  42.250  6.656  41.556 0.0000000000
74758  42.726  7.167  41.970 0.0000000000
74757  43.444  7.547  42.226 0.0000000000
74761  43.034  7.641  41.491 0.0000000000
74760  43.770  8.215  41.426 0.0000000000
74764  42.921  7.814  40.761 0.0000000000
115505  42.899  7.828  39.004 0.0000000000
75520  43.543  8.561  38.555 0.0000000000
74787  43.263  7.345  37.424 0.0000000000
121610  44.456  5.241  37.584 0.0000000000
74024  43.906  6.155  36.693 0.0000000000
110013  44.448  5.535  36.877 0.0000000000
73202  44.937  5.312  36.245 0.0000000000
126484  45.370  4.970  36.501 0.0000000000
71357  45.488  3.959  38.886 0.0000000000
77822  43.673  11.746  45.912 0.0000000000
78649  41.971  12.179  45.511 0.0000000000
77823  42.278  11.352  45.192 0.0000000000
77824  41.430  11.655  45.101 0.0000000000
77825  40.613  11.766  45.031 0.0000000000
79430  44.705  13.540  40.571 0.0000000000
79429  45.093  13.424  41.447 0.0000000000
80173  45.143  14.267  41.548 0.0000000000
80172  45.571  14.531  42.220 0.0000000000
80177  45.259  14.819  40.544 0.0000000000
80178  44.810  14.391  39.961 0.0000000000
80202  45.211  14.862  36.911 0.0000000000
115567  46.036  16.073  36.096 0.0000000000
80989  45.773  16.075  35.909 0.0000000000
80228  45.030  15.554  35.716 0.0000000000
80240  43.995  15.325  34.584 0.0000000000
81003  42.502  15.611  33.482 0.0000000000
79470  44.624  13.898  33.582 0.0000000000
80268  42.903  16.090  31.121 0.0000000000
81014  42.553  15.992  31.838 0.0000000000
80256  41.972  15.455  32.472 0.0000000000
78748  41.616  13.668  32.667 0.0000000000
77964  42.639  11.895  32.116 0.0000000000
75453  53.203  9.123  44.824 0.0000000000
76252  53.063  9.069  42.618 0.0000000000
76251  53.856  9.543  43.280 0.0000000000
76254  54.085  9.792  42.245 0.0000000000
118957  54.038  9.832  41.567 0.0000000000
76281  50.061  9.540  39.455 0.0000000000
76270  50.828  9.434  40.062 0.0000000000
76280  51.328  9.740  39.215 0.0000000000
112943  52.948  10.909  37.701 0.0000000000
77036  52.850  10.302  39.115 0.0000000000
77045  53.722  11.057  38.446 0.0000000000
77035  54.013  10.887  39.172 0.0000000000
77044  54.044  11.292  38.930 0.0000000000
77862  53.925  11.507  39.075 0.0000000000
77054  53.790  11.775  38.245 0.0000000000
77926  52.778  12.389  34.315 0.0000000000
77924  53.252  12.812  35.949 0.0000000000
77939  52.685  12.853  34.375 0.0000000000
78708  52.422  13.112  35.036 0.0000000000
78716  52.324  12.829  33.512 0.0000000000
76328  44.720  9.061  35.068 0.0000000000
76327  45.368  9.376  35.318 0.0000000000
76339  45.235  9.282  34.429 0.0000000000
76353  46.270  9.857  32.868 0.0000000000
77086  46.817  9.935  34.185 0.0000000000
76366  45.760  9.632  30.157 0.0000000000
77109  48.575  11.209  30.753 0.0000000000
105048  47.647  10.876  30.434 0.0000000000
77094  48.438  10.630  32.503 0.0000000000
106595  50.743  11.389  32.663 0.0000000000
77102  50.898  12.286  31.022 0.0000000000
78752  50.407  12.919  30.037 0.0000000000
77967  50.826  12.808  30.738 0.0000000000
105599  50.296  13.142  30.260 0.0000000000
78742  50.587  13.129  31.196 0.0000000000
78743  48.869  13.006  31.469 0.0000000000
105181  49.099  13.269  30.281 0.0000000000
79502  46.712  13.721  27.663 0.0000000000
79496  45.711  14.310  28.103 0.0000000000
79497  44.974  14.536  28.307 0.0000000000
78770  44.699  13.917  28.342 0.0000000000
76377  44.523  9.932  27.223 0.0000000000
77993  45.705  11.296  26.742 0.0000000000
77125  43.829  11.314  29.367 0.0000000000
121327  43.508  11.566  30.173 0.0000000000
77111  43.229  11.249  30.875 0.0000000000
77119  42.795  10.169  30.963 0.0000000000
75571  41.513  8.013  31.637 0.0000000000
76361  41.774  8.856  31.774 0.0000000000
72347  42.734  5.132  32.241 0.0000000000
80218  41.775  14.784  37.432 0.0000000000
80230  43.800  15.450  35.701 0.0000000000
76227  46.676  9.059  46.566 0.0000000000
74730  45.441  6.811  46.368 0.0000000000
119458  49.215  11.766  37.874 0.0000000000
105601  48.225  11.598  38.130 0.0000000000
77897  48.545  11.744  37.274 0.0000000000
77915  47.853  11.694  36.665 0.0000000000
77944  46.548  11.856  34.315 0.0000000000
107615  47.204  11.855  34.868 0.0000000000
77963  47.233  12.527  32.372 0.0000000000
111664  47.247  9.546  39.126 0.0000000000
76296  46.927  9.566  38.258 0.0000000000
76308  46.668  9.567  37.391 0.0000000000
73299  46.551  6.049  27.109 0.0000000000
74090  46.525  6.359  27.096 0.0000000000
73300  45.369  6.226  26.805 0.0000000000
74098  44.601  6.720  26.882 0.0000000000
74091  44.721  6.010  27.233 0.0000000000
73294  44.480  5.644  27.812 0.0000000000
72372  44.015  5.207  29.256 0.0000000000
72363  43.961  4.854  30.232 0.0000000000
71430  44.794  4.034  31.209 0.0000000000
76244  42.372  9.646  44.711 0.0000000000
75470  42.624  8.801  44.853 0.0000000000
118775  41.967  9.060  44.639 0.0000000000
77843  50.656  11.159  41.884 0.0000000000
77856  52.370  11.467  40.050 0.0000000000
74039  44.122  6.458  35.197 0.0000000000
121132  43.798  7.045  34.916 0.0000000000
73230  44.671  5.913  34.797 0.0000000000
107295  49.353  5.757  30.610 0.0000000000
73265  48.851  5.679  29.968 0.0000000000
73275  48.562  5.386  29.226 0.0000000000
74727  49.270  7.331  46.358 0.0000000000
73973  47.333  6.420  45.955 0.0000000000
74742  46.856  7.143  44.551 0.0000000000
75478  47.104  8.092  43.246 0.0000000000
75488  46.627  8.414  42.626 0.0000000000
117766  44.617  8.667  41.303 0.0000000000
73977  43.601  5.557  45.901 0.0000000000
119189  41.871  5.556  41.525 0.0000000000
73147  42.059  5.944  40.763 0.0000000000
73996  42.209  6.590  40.803 0.0000000000
74765  42.478  7.207  40.324 0.0000000000
74775  42.597  7.159  39.480 0.0000000000
74017  42.833  7.078  38.577 0.0000000000
74016  43.287  6.565  37.878 0.0000000000
71356  46.219  3.788  38.713 0.0000000000
118567  47.901  3.741  37.957 0.0000000000
77869  45.570  11.833  39.422 0.0000000000
125223  45.581  12.005  40.126 0.0000000000
78675  45.020  12.278  39.814 0.0000000000
78676  44.533  12.798  39.343 0.0000000000
79432  44.554  13.666  39.570 0.0000000000
79435  44.503  13.639  38.488 0.0000000000
125242  44.622  14.729  34.806 0.0000000000
108240  44.325  15.185  34.368 0.0000000000
79476  44.521  14.802  31.626 0.0000000000
80254  44.325  15.102  32.580 0.0000000000
80262  43.699  15.848  31.331 0.0000000000
81012  43.219  16.112  30.857 0.0000000000
79477  42.310  14.368  31.814 0.0000000000
78757  42.733  13.150  31.571 0.0000000000
75466  51.890  8.597  44.689 0.0000000000
75475  52.993  8.941  44.012 0.0000000000
75483  51.896  8.632  42.877 0.0000000000
123108  52.102  8.836  42.233 0.0000000000
77047  50.704  10.202  37.934 0.0000000000
77056  51.754  10.560  37.375 0.0000000000
118843  52.834  11.212  36.936 0.0000000000
77894  53.476  11.890  36.675 0.0000000000
77063  52.984  11.593  36.131 0.0000000000
77073  52.784  11.785  35.127 0.0000000000
77941  52.197  12.207  32.977 0.0000000000
76347  44.747  8.849  33.757 0.0000000000
75553  44.818  8.870  32.864 0.0000000000
76354  45.480  9.417  32.434 0.0000000000
77117  46.475  10.299  28.926 0.0000000000
113024  47.255  11.093  28.977 0.0000000000
77115  48.197  11.546  29.290 0.0000000000
113125  48.840  11.621  29.873 0.0000000000
77969  49.789  12.208  29.955 0.0000000000
77975  49.476  12.512  29.179 0.0000000000
78763  49.468  12.999  28.850 0.0000000000
107245  48.722  13.258  28.518 0.0000000000
78769  47.952  13.285  27.873 0.0000000000
115172  46.573  13.498  27.331 0.0000000000
78775  45.980  13.586  27.274 0.0000000000
75588  43.246  8.023  28.548 0.0000000000
76374  43.751  9.501  28.293 0.0000000000
76375  43.059  8.881  29.349 0.0000000000
114271  42.549  9.147  30.531 0.0000000000
77020  53.982  10.340  42.382 0.0000000000
117553  40.925  15.295  33.570 0.0000000000
75447  46.998  7.804  46.850 0.0000000000
73968  47.197  6.539  46.515 0.0000000000
73974  46.507  6.255  46.148 0.0000000000
115355  45.445  6.411  44.770 0.0000000000
72210  41.466  4.217  43.727 0.0000000000
109996  41.508  3.860  43.000 0.0000000000
72226  41.756  4.134  42.176 0.0000000000
71301  42.314  4.013  41.427 0.0000000000
71318  42.602  4.410  40.786 0.0000000000
71336  43.464  4.198  40.143 0.0000000000
107451  43.950  4.420  39.459 0.0000000000
77858  47.060  11.640  40.371 0.0000000000
77880  47.166  11.536  38.360 0.0000000000
77881  46.335  11.603  38.927 0.0000000000
107950  46.060  11.583  38.084 0.0000000000
77900  45.273  11.687  37.448 0.0000000000
78711  44.489  12.766  35.207 0.0000000000
77931  44.671  12.068  35.942 0.0000000000
78733  44.863  12.844  33.357 0.0000000000
77956  45.661  11.918  34.234 0.0000000000
78732  45.500  12.301  33.442 0.0000000000
125598  44.076  15.599  30.014 0.0000000000
75493  49.558  8.865  41.538 0.0000000000
76260  50.334  9.069  40.981 0.0000000000
108096  49.207  9.481  39.641 0.0000000000
114898  49.365  9.600  38.945 0.0000000000
76295  47.827  9.584  38.391 0.0000000000
76294  48.631  9.611  38.581 0.0000000000
76305  49.558  9.872  38.021 0.0000000000
77058  49.287  10.134  37.050 0.0000000000
75574  44.892  8.249  30.476 0.0000000000
74834  45.205  7.940  29.603 0.0000000000
75580  45.659  8.457  28.527 0.0000000000
74840  46.286  7.023  26.917 0.0000000000
112405  46.102  8.142  26.888 0.0000000000
114374  46.070  9.106  27.514 0.0000000000
76380  46.309  10.400  26.617 0.0000000000
77133  46.281  11.035  26.625 0.0000000000
77134  45.908  10.616  26.356 0.0000000000
121842  45.577  9.566  26.112 0.0000000000
122231  44.837  9.151  26.291 0.0000000000
74841  44.137  7.476  27.086 0.0000000000
75587  43.783  8.127  27.589 0.0000000000
74835  43.073  7.162  28.801 0.0000000000
72356  42.504  5.450  31.360 0.0000000000
109100  43.498  4.694  32.405 0.0000000000
72355  43.473  4.906  31.372 0.0000000000
72340  43.591  4.543  33.207 0.0000000000
77000  44.350  10.090  45.544 0.0000000000
76235  44.669  9.081  45.634 0.0000000000
75460  42.812  7.676  45.347 0.0000000000
74732  43.193  6.286  45.903 0.0000000000
77852  48.573  11.423  41.546 0.0000000000
77866  48.816  11.522  39.517 0.0000000000
112529  49.520  11.481  39.941 0.0000000000
109507  49.587  12.085  37.072 0.0000000000
77927  49.832  12.468  35.541 0.0000000000
75525  43.959  8.742  36.935 0.0000000000
76319  44.484  9.054  36.282 0.0000000000
75532  44.328  8.772  35.613 0.0000000000
74805  43.938  7.575  34.475 0.0000000000
75545  44.263  8.227  34.072 0.0000000000
75554  44.391  8.173  33.250 0.0000000000
74824  44.563  7.346  31.925 0.0000000000
126322  44.741  7.288  31.164 0.0000000000
110472  46.421  5.256  33.053 0.0000000000
73256  45.831  5.649  32.463 0.0000000000
73255  46.778  5.377  31.966 0.0000000000
74065  45.373  6.227  31.928 0.0000000000
74079  45.165  6.848  30.524 0.0000000000
73284  47.416  5.791  28.027 0.0000000000
73291  46.860  5.592  27.545 0.0000000000
71438  45.643  3.662  29.785 0.0000000000
74715  48.689  7.181  47.388 0.0000000000
111034  48.651  6.871  47.008 0.0000000000
74739  49.030  7.386  45.545 0.0000000000
74729  48.046  6.799  45.715 0.0000000000
74740  48.517  7.407  44.938 0.0000000000
108971  49.140  8.286  43.044 0.0000000000
75485  49.363  8.631  42.220 0.0000000000
75494  48.755  8.882  41.692 0.0000000000
76262  48.194  9.179  41.089 0.0000000000
76284  46.634  9.515  39.667 0.0000000000
76297  45.370  9.471  38.541 0.0000000000
107906  45.032  9.416  37.845 0.0000000000
75457  45.034  7.942  45.922 0.0000000000
73976  45.071  5.949  46.208 0.0000000000
106544  44.328  5.702  45.920 0.0000000000
106454  45.014  5.766  46.029 0.0000000000
74752  44.699  7.435  43.230 0.0000000000
73990  42.707  6.176  43.304 0.0000000000
73144  41.923  6.094  41.936 0.0000000000
73993  42.440  6.522  42.404 0.0000000000
119629  43.173  6.303  43.554 0.0000000000
74753  43.956  7.197  43.118 0.0000000000
75500  44.212  8.727  40.691 0.0000000000
110925  43.921  8.802  40.019 0.0000000000
75509  44.133  9.034  39.348 0.0000000000
76298  44.514  9.243  38.555 0.0000000000
75519  44.136  9.022  37.758 0.0000000000
74793  43.474  7.953  36.744 0.0000000000
74025  43.530  6.592  37.170 0.0000000000
74031  43.976  6.349  35.978 0.0000000000
73218  44.514  5.824  35.639 0.0000000000
72250  44.647  4.295  39.024 0.0000000000
72285  44.972  4.743  37.739 0.0000000000
72284  45.695  4.495  37.588 0.0000000000
72301  45.803  4.715  36.707 0.0000000000
105811  46.492  4.657  36.032 0.0000000000
76993  44.838  10.703  45.910 0.0000000000
77821  44.024  10.981  45.633 0.0000000000
77002  42.761  10.736  45.107 0.0000000000
78648  42.822  11.962  45.697 0.0000000000
77012  42.105  10.499  44.762 0.0000000000
78651  40.262  12.412  45.362 0.0000000000
77836  40.146  11.180  44.781 0.0000000000
80969  46.660  16.252  37.625 0.0000000000
80990  45.331  16.155  35.997 0.0000000000
80229  44.486  15.376  35.489 0.0000000000
80241  43.348  15.294  35.052 0.0000000000
80250  41.691  15.428  33.912 0.0000000000
79465  44.564  13.848  34.508 0.0000000000
124338  44.533  14.616  34.032 0.0000000000
80255  43.411  15.829  32.356 0.0000000000
116822  43.100  15.804  33.061 0.0000000000
81006  42.359  15.817  32.627 0.0000000000
80257  40.980  15.086  33.158 0.0000000000
79471  40.875  14.228  33.107 0.0000000000
76250  54.301  10.058  42.829 0.0000000000
126063  54.257  10.082  42.091 0.0000000000
77026  54.050  10.291  41.499 0.0000000000
125173  52.577  9.379  41.084 0.0000000000
104951  52.260  9.672  39.841 0.0000000000
76269  53.068  9.691  40.448 0.0000000000
76268  53.904  10.352  40.553 0.0000000000
77030  53.914  10.632  40.684 0.0000000000
77855  53.857  11.238  40.047 0.0000000000
77876  53.287  12.062  38.502 0.0000000000
78681  52.750  12.447  37.765 0.0000000000
77910  53.431  12.343  36.473 0.0000000000
78691  52.899  12.749  37.028 0.0000000000
78699  52.104  12.793  36.558 0.0000000000
78700  51.477  12.819  35.952 0.0000000000
78709  51.066  12.845  35.228 0.0000000000
78710  50.553  12.800  34.502 0.0000000000
76318  45.353  9.397  36.240 0.0000000000
76326  46.185  9.588  35.640 0.0000000000
76346  45.940  9.614  34.104 0.0000000000
76337  46.932  9.830  35.063 0.0000000000
77076  47.817  10.086  35.218 0.0000000000
111905  48.516  10.353  34.376 0.0000000000
77084  50.015  10.790  34.024 0.0000000000
75568  45.022  8.841  30.876 0.0000000000
76359  45.545  9.491  31.414 0.0000000000
76358  46.296  9.990  31.963 0.0000000000
77110  47.315  10.522  31.426 0.0000000000
77105  47.197  10.344  32.346 0.0000000000
107923  49.244  10.688  33.245 0.0000000000
77083  51.621  11.614  33.208 0.0000000000
77953  51.747  12.195  32.210 0.0000000000
77962  51.336  12.536  31.489 0.0000000000
77952  52.002  12.579  32.680 0.0000000000
78730  50.769  13.112  32.291 0.0000000000
78718  49.850  12.736  33.821 0.0000000000
78744  47.208  12.853  31.220 0.0000000000
78764  47.272  13.526  29.101 0.0000000000
78755  46.476  13.388  30.204 0.0000000000
79489  44.566  14.802  29.218 0.0000000000
79490  44.304  14.834  29.313 0.0000000000
77992  46.166  11.751  26.769 0.0000000000
77988  45.720  12.585  27.200 0.0000000000
77982  44.954  12.713  27.983 0.0000000000
77130  44.143  10.586  28.349 0.0000000000
77124  44.412  11.655  28.444 0.0000000000
78771  44.208  13.873  29.048 0.0000000000
78765  43.681  13.890  29.774 0.0000000000
77970  43.436  12.424  30.464 0.0000000000
77971  43.080  12.125  31.302 0.0000000000
76360  42.261  9.401  31.424 0.0000000000
76355  42.461  10.158  31.815 0.0000000000
71429  45.379  3.569  30.752 0.0000000000
73268  43.210  5.266  30.674 0.0000000000
75581  43.558  8.676  28.236 0.0000000000
75589  45.758  8.995  26.018 0.0000000000
75590  44.939  8.407  26.049 0.0000000000
76241  54.321  10.033  43.703 0.0000000000
76259  53.655  9.734  41.056 0.0000000000
76267  54.121  10.162  41.205 0.0000000000
76316  47.367  9.676  36.725 0.0000000000
76368  43.025  9.760  30.109 0.0000000000
77865  50.103  11.644  39.155 0.0000000000
77893  53.606  12.155  37.217 0.0000000000
77913  50.169  12.442  36.211 0.0000000000
77925  53.095  12.595  35.105 0.0000000000
77942  48.343  12.244  34.472 0.0000000000
77961  51.611  12.632  31.930 0.0000000000
77968  50.491  12.663  30.280 0.0000000000
77986  48.096  12.895  27.689 0.0000000000
78672  45.255  12.450  40.565 0.0000000000
78673  44.726  12.843  40.211 0.0000000000
78690  53.284  12.637  36.719 0.0000000000
78698  53.011  13.032  36.203 0.0000000000
78707  52.950  13.008  35.393 0.0000000000
78729  51.602  12.857  32.135 0.0000000000
79503  45.835  14.092  27.602 0.0000000000
80266  43.618  15.822  30.461 0.0000000000
105567  52.087  13.118  34.156 0.0000000000
107901  47.061  11.545  39.145 0.0000000000
111498  47.925  11.510  39.944 0.0000000000
112526  48.031  9.546  39.025 0.0000000000
116869  47.377  13.289  27.504 0.0000000000
117773  42.284  6.782  30.207 0.0000000000
120524  45.553  11.720  38.733 0.0000000000
121570  45.820  4.151  38.299 0.0000000000
121859  46.309  9.799  33.587 0.0000000000
122667  51.565  8.479  43.731 0.0000000000
124088  43.074  7.210  38.006 0.0000000000
125965  48.513  7.105  45.612 0.0000000000
126152  53.491  10.544  42.855 0.0000000000
