#!ascii label  , from subject sub-fsm70qy vox2ras=TkReg
1497
51656  58.245  -17.141  59.379 0.0000000000
39370  41.329  -29.082  71.678 0.0000000000
38295  24.788  -30.852  75.204 0.0000000000
117315  20.353  -33.824  77.863 0.0000000000
105645  36.069  -31.424  80.231 0.0000000000
41486  30.352  -27.670  70.403 0.0000000000
50631  49.968  -18.859  60.348 0.0000000000
52804  53.440  -16.387  52.458 0.0000000000
51544  48.614  -17.258  67.622 0.0000000000
107960  41.130  -24.321  65.183 0.0000000000
121049  34.045  -27.788  62.150 0.0000000000
36333  28.350  -32.139  80.250 0.0000000000
34490  22.947  -34.442  76.175 0.0000000000
35357  24.760  -34.392  80.701 0.0000000000
122534  30.852  -30.640  77.965 0.0000000000
123494  53.407  -15.402  67.680 0.0000000000
118211  43.408  -27.944  77.614 0.0000000000
43405  45.038  -24.815  74.335 0.0000000000
46473  44.474  -22.569  70.321 0.0000000000
42552  41.601  -27.152  68.615 0.0000000000
41606  37.809  -27.788  63.370 0.0000000000
40457  37.929  -28.414  67.083 0.0000000000
40446  24.250  -29.195  67.796 0.0000000000
41579  26.846  -27.694  65.068 0.0000000000
50681  53.958  -18.394  57.288 0.0000000000
48777  54.197  -21.016  55.197 0.0000000000
38330  22.210  -31.105  69.951 0.0000000000
34557  20.328  -34.306  70.645 0.0000000000
125903  39.650  -30.197  76.512 0.0000000000
124630  36.008  -28.052  71.837 0.0000000000
39331  33.703  -29.110  75.084 0.0000000000
40349  27.446  -29.025  73.099 0.0000000000
50627  53.957  -18.175  60.442 0.0000000000
34400  23.177  -34.074  85.313 0.0000000000
107569  18.491  -32.477  81.823 0.0000000000
53733  53.904  -15.654  58.523 0.0000000000
54762  56.437  -14.678  61.743 0.0000000000
115315  53.434  -17.295  63.886 0.0000000000
51596  49.345  -17.853  63.622 0.0000000000
50585  45.559  -18.838  63.359 0.0000000000
50505  48.205  -17.913  71.922 0.0000000000
48623  44.614  -20.855  66.982 0.0000000000
46588  41.325  -22.108  61.817 0.0000000000
126451  38.142  -24.402  59.909 0.0000000000
111724  32.707  -27.486  66.302 0.0000000000
37184  28.798  -31.316  82.330 0.0000000000
35355  26.308  -33.267  79.943 0.0000000000
37205  26.617  -31.725  80.919 0.0000000000
106266  30.392  -31.570  81.606 0.0000000000
40315  42.638  -29.148  74.506 0.0000000000
41445  43.273  -27.660  73.054 0.0000000000
42526  43.061  -26.091  71.144 0.0000000000
40400  41.495  -28.704  70.612 0.0000000000
40456  39.503  -28.663  67.328 0.0000000000
40419  39.644  -28.675  69.494 0.0000000000
37387  21.520  -30.771  66.438 0.0000000000
39435  22.582  -29.921  64.519 0.0000000000
50660  57.379  -17.724  58.590 0.0000000000
124996  55.143  -19.997  57.928 0.0000000000
49721  57.792  -18.538  58.951 0.0000000000
37292  23.140  -31.118  72.619 0.0000000000
35496  20.946  -33.416  70.030 0.0000000000
36383  22.586  -32.427  73.263 0.0000000000
34480  21.611  -35.196  76.376 0.0000000000
35439  20.385  -34.271  73.604 0.0000000000
35406  19.422  -33.241  75.336 0.0000000000
36360  17.833  -32.799  76.868 0.0000000000
38214  39.987  -30.129  78.611 0.0000000000
37263  37.478  -30.813  78.385 0.0000000000
39277  36.818  -29.769  76.339 0.0000000000
38254  35.233  -30.550  77.731 0.0000000000
105232  27.917  -30.346  76.693 0.0000000000
39309  29.566  -29.680  75.323 0.0000000000
39338  26.355  -29.609  74.049 0.0000000000
106638  25.155  -29.488  71.619 0.0000000000
50628  52.352  -18.638  60.407 0.0000000000
49705  53.048  -19.620  59.630 0.0000000000
48738  51.461  -20.357  59.586 0.0000000000
112785  17.163  -32.272  82.754 0.0000000000
52623  55.893  -15.935  63.275 0.0000000000
53618  55.570  -15.016  64.726 0.0000000000
52564  51.228  -16.281  67.794 0.0000000000
51565  51.377  -17.223  65.262 0.0000000000
51568  48.713  -17.505  65.671 0.0000000000
51598  47.718  -18.008  63.785 0.0000000000
106857  47.177  -17.925  65.804 0.0000000000
45511  42.908  -23.761  67.870 0.0000000000
47534  44.824  -21.175  68.650 0.0000000000
45547  43.191  -22.672  66.636 0.0000000000
108983  43.536  -21.373  65.190 0.0000000000
108455  41.254  -23.436  64.176 0.0000000000
45643  40.138  -23.152  61.923 0.0000000000
113792  39.544  -24.433  62.866 0.0000000000
42629  36.512  -27.023  61.171 0.0000000000
123649  33.377  -27.782  71.408 0.0000000000
105452  34.447  -27.472  69.068 0.0000000000
41525  31.501  -27.460  68.367 0.0000000000
41630  28.155  -27.115  62.970 0.0000000000
52811  56.477  -16.682  51.211 0.0000000000
50759  55.430  -17.939  51.825 0.0000000000
37267  26.702  -31.530  77.755 0.0000000000
36363  23.489  -32.673  75.477 0.0000000000
36352  24.882  -32.976  77.550 0.0000000000
34449  23.756  -34.853  78.316 0.0000000000
33477  22.852  -35.507  79.462 0.0000000000
38185  34.621  -30.736  81.709 0.0000000000
37252  33.557  -31.131  79.315 0.0000000000
37237  31.584  -31.390  80.456 0.0000000000
37256  29.448  -31.427  79.223 0.0000000000
54704  53.852  -14.205  66.267 0.0000000000
52542  50.726  -15.686  69.874 0.0000000000
45469  44.744  -23.651  72.551 0.0000000000
43487  43.016  -25.083  69.953 0.0000000000
43518  41.205  -25.570  66.735 0.0000000000
43527  39.757  -25.966  64.838 0.0000000000
41569  39.749  -27.553  65.887 0.0000000000
40485  37.943  -28.780  65.371 0.0000000000
40499  35.636  -28.048  64.592 0.0000000000
40442  27.249  -28.220  69.089 0.0000000000
41545  29.164  -27.558  67.769 0.0000000000
41565  25.995  -28.235  66.552 0.0000000000
51731  52.428  -18.168  55.254 0.0000000000
49763  53.819  -19.536  53.441 0.0000000000
49747  53.081  -19.760  56.083 0.0000000000
34512  21.552  -34.567  73.525 0.0000000000
38248  41.652  -29.980  77.084 0.0000000000
106192  40.205  -29.569  74.302 0.0000000000
40385  38.604  -28.491  71.690 0.0000000000
40338  37.830  -28.826  73.979 0.0000000000
40341  34.695  -28.611  73.614 0.0000000000
40368  32.474  -28.321  72.638 0.0000000000
39282  32.274  -29.966  76.464 0.0000000000
40323  30.379  -28.996  73.879 0.0000000000
40390  29.705  -28.217  71.800 0.0000000000
40408  26.041  -28.898  70.335 0.0000000000
39392  23.372  -29.885  69.139 0.0000000000
50625  56.399  -17.964  60.438 0.0000000000
49685  58.008  -18.793  60.758 0.0000000000
49703  54.963  -19.638  60.009 0.0000000000
34419  23.722  -35.057  83.083 0.0000000000
112918  22.157  -34.863  81.382 0.0000000000
112686  21.163  -33.882  83.547 0.0000000000
35366  19.939  -33.090  80.019 0.0000000000
52755  52.850  -16.644  55.444 0.0000000000
52729  54.279  -16.742  57.815 0.0000000000
52714  56.253  -16.182  58.726 0.0000000000
53697  57.137  -15.252  60.419 0.0000000000
51624  55.949  -16.607  61.328 0.0000000000
51626  53.725  -17.629  61.880 0.0000000000
51628  51.685  -18.131  61.968 0.0000000000
52589  53.915  -16.358  66.330 0.0000000000
105059  51.796  -17.533  64.051 0.0000000000
50593  49.982  -18.220  62.046 0.0000000000
122979  47.965  -18.512  61.762 0.0000000000
49676  45.633  -19.063  61.749 0.0000000000
123427  48.623  -17.237  69.934 0.0000000000
117027  46.447  -20.013  71.157 0.0000000000
49572  46.498  -19.417  69.898 0.0000000000
50541  46.670  -18.635  67.753 0.0000000000
49624  44.869  -19.777  65.438 0.0000000000
47638  43.175  -20.674  62.643 0.0000000000
43565  38.382  -25.535  62.407 0.0000000000
41501  37.123  -27.804  69.269 0.0000000000
41540  35.393  -27.563  67.086 0.0000000000
107133  32.745  -27.475  64.006 0.0000000000
111656  29.898  -27.487  66.076 0.0000000000
41611  30.774  -27.338  63.817 0.0000000000
37204  27.717  -31.850  81.228 0.0000000000
38169  26.923  -29.628  81.858 0.0000000000
39346  41.980  -29.222  72.987 0.0000000000
40314  43.164  -28.553  74.201 0.0000000000
40359  42.291  -28.840  72.668 0.0000000000
122916  42.442  -28.182  71.558 0.0000000000
110400  41.231  -28.899  70.865 0.0000000000
122469  40.766  -28.741  69.833 0.0000000000
39381  40.475  -28.906  70.912 0.0000000000
51677  57.728  -16.836  58.781 0.0000000000
50659  58.079  -17.403  58.921 0.0000000000
38301  24.105  -30.883  74.064 0.0000000000
37287  22.964  -31.629  73.155 0.0000000000
36382  23.105  -31.890  73.918 0.0000000000
34481  20.975  -34.692  76.731 0.0000000000
35405  20.425  -34.170  75.302 0.0000000000
35392  19.686  -33.334  76.709 0.0000000000
35393  18.761  -32.917  76.199 0.0000000000
35381  18.792  -32.860  77.145 0.0000000000
38183  36.489  -30.469  81.129 0.0000000000
38203  37.074  -30.692  80.618 0.0000000000
37214  37.971  -30.788  79.670 0.0000000000
37249  36.909  -31.111  78.775 0.0000000000
37264  36.829  -30.792  78.253 0.0000000000
37233  36.084  -31.330  79.134 0.0000000000
38294  26.436  -30.305  75.775 0.0000000000
39311  27.212  -29.937  75.436 0.0000000000
38299  25.395  -30.365  74.898 0.0000000000
39355  24.915  -30.150  73.545 0.0000000000
50630  50.861  -19.050  60.026 0.0000000000
49707  51.084  -19.648  59.610 0.0000000000
49687  50.199  -19.514  59.726 0.0000000000
54739  54.759  -14.451  64.171 0.0000000000
53633  55.810  -14.855  64.120 0.0000000000
116419  54.826  -14.479  64.966 0.0000000000
52565  50.201  -16.643  67.415 0.0000000000
51554  49.969  -16.975  66.521 0.0000000000
51555  48.577  -17.386  66.641 0.0000000000
51569  47.848  -17.745  65.300 0.0000000000
51556  47.887  -17.653  66.172 0.0000000000
44513  42.003  -24.318  66.737 0.0000000000
45527  43.071  -23.158  67.223 0.0000000000
45548  42.230  -23.686  66.197 0.0000000000
109504  42.439  -22.649  65.010 0.0000000000
45592  41.481  -23.705  64.926 0.0000000000
45607  40.631  -23.802  63.749 0.0000000000
44549  40.267  -24.566  64.147 0.0000000000
41469  31.963  -27.619  70.840 0.0000000000
41506  32.367  -27.459  69.668 0.0000000000
105448  31.214  -27.466  69.210 0.0000000000
52813  54.613  -16.298  51.436 0.0000000000
125918  53.646  -17.695  52.116 0.0000000000
37259  27.078  -32.051  78.620 0.0000000000
36351  25.619  -32.634  77.945 0.0000000000
36343  26.720  -32.706  79.142 0.0000000000
35356  25.531  -33.834  80.160 0.0000000000
34437  25.203  -34.233  79.478 0.0000000000
34438  24.720  -34.774  79.913 0.0000000000
33492  23.494  -35.319  78.954 0.0000000000
33475  24.207  -35.213  80.428 0.0000000000
38162  33.181  -30.592  82.389 0.0000000000
37219  33.020  -31.468  81.173 0.0000000000
37200  32.176  -31.316  82.143 0.0000000000
36320  28.968  -31.896  80.484 0.0000000000
37239  29.678  -31.673  80.197 0.0000000000
37240  28.833  -31.856  79.830 0.0000000000
126871  28.110  -31.277  78.281 0.0000000000
42456  45.119  -25.830  75.683 0.0000000000
107058  45.651  -24.678  75.758 0.0000000000
44382  45.859  -23.684  74.846 0.0000000000
45462  45.616  -23.460  73.983 0.0000000000
44391  44.602  -24.809  73.442 0.0000000000
42542  42.336  -26.794  69.835 0.0000000000
43464  43.264  -25.289  70.773 0.0000000000
42551  42.061  -26.418  69.013 0.0000000000
43499  42.274  -25.485  68.671 0.0000000000
43500  41.728  -26.173  68.255 0.0000000000
42567  40.505  -26.827  66.593 0.0000000000
42559  40.586  -27.384  67.092 0.0000000000
111518  38.782  -28.710  67.227 0.0000000000
40472  38.896  -28.733  66.623 0.0000000000
40473  38.194  -28.662  66.295 0.0000000000
40486  37.284  -28.675  64.882 0.0000000000
122232  36.207  -27.866  66.240 0.0000000000
114295  26.076  -28.625  68.821 0.0000000000
41530  26.749  -28.191  67.888 0.0000000000
40461  24.737  -28.929  67.269 0.0000000000
50700  52.711  -18.271  56.098 0.0000000000
49748  52.602  -19.035  55.632 0.0000000000
49739  53.425  -19.149  56.788 0.0000000000
109966  54.827  -20.996  57.671 0.0000000000
37335  21.465  -31.584  69.130 0.0000000000
36426  20.821  -33.033  69.185 0.0000000000
35403  23.241  -33.715  75.815 0.0000000000
36372  22.587  -33.562  74.204 0.0000000000
34503  21.735  -34.758  74.236 0.0000000000
112312  18.785  -33.268  72.858 0.0000000000
35440  19.908  -33.879  72.880 0.0000000000
38251  39.630  -30.488  77.751 0.0000000000
38228  40.910  -30.127  77.965 0.0000000000
38270  40.793  -30.267  76.798 0.0000000000
38298  41.115  -29.940  75.506 0.0000000000
39299  40.096  -29.806  75.218 0.0000000000
39349  39.302  -29.196  73.962 0.0000000000
39300  38.778  -29.608  75.552 0.0000000000
39303  35.453  -29.365  75.523 0.0000000000
39329  35.850  -29.051  74.857 0.0000000000
126941  34.791  -28.936  74.512 0.0000000000
40367  33.283  -28.309  72.712 0.0000000000
40320  33.306  -28.884  74.320 0.0000000000
124798  32.441  -30.689  78.455 0.0000000000
38256  33.511  -30.496  77.755 0.0000000000
38279  32.034  -30.307  77.200 0.0000000000
40325  28.662  -29.214  74.083 0.0000000000
39334  30.008  -29.363  74.617 0.0000000000
40324  29.488  -29.094  73.957 0.0000000000
40345  30.659  -28.618  73.132 0.0000000000
122275  28.639  -28.613  72.523 0.0000000000
40392  27.971  -28.441  71.429 0.0000000000
40393  26.698  -28.873  71.610 0.0000000000
38328  23.463  -30.381  70.972 0.0000000000
39383  24.055  -29.877  70.671 0.0000000000
38340  22.718  -30.509  69.560 0.0000000000
50626  55.045  -18.160  60.219 0.0000000000
49702  55.466  -18.848  60.151 0.0000000000
50646  54.557  -18.989  59.856 0.0000000000
48717  53.759  -20.803  60.259 0.0000000000
34413  23.492  -34.749  83.932 0.0000000000
33429  23.342  -35.303  82.492 0.0000000000
34420  22.414  -34.781  83.367 0.0000000000
118997  18.812  -32.566  83.157 0.0000000000
36293  19.310  -32.745  82.514 0.0000000000
35359  20.059  -33.083  80.946 0.0000000000
36325  19.209  -32.704  80.515 0.0000000000
36337  18.243  -32.562  79.308 0.0000000000
106715  17.700  -32.538  79.760 0.0000000000
52771  52.908  -16.511  54.554 0.0000000000
109361  53.487  -16.520  57.202 0.0000000000
52716  53.790  -15.976  57.901 0.0000000000
51679  55.373  -16.870  58.244 0.0000000000
52715  54.864  -16.030  58.519 0.0000000000
54769  56.448  -14.656  61.105 0.0000000000
125767  57.101  -15.184  59.910 0.0000000000
123434  56.767  -14.889  61.152 0.0000000000
52662  57.035  -16.033  60.924 0.0000000000
52637  56.611  -15.495  61.731 0.0000000000
51591  55.302  -16.409  63.758 0.0000000000
51607  54.794  -16.991  62.770 0.0000000000
113047  53.345  -17.547  62.936 0.0000000000
51627  52.653  -17.974  61.958 0.0000000000
51608  52.183  -17.837  62.722 0.0000000000
106451  53.907  -14.414  66.828 0.0000000000
53609  54.688  -15.185  66.099 0.0000000000
52577  53.829  -15.751  67.148 0.0000000000
105419  50.265  -17.382  65.034 0.0000000000
124743  51.524  -17.402  64.608 0.0000000000
51595  50.180  -17.787  63.528 0.0000000000
51610  50.481  -18.004  62.762 0.0000000000
51611  49.657  -18.044  62.862 0.0000000000
50613  48.639  -18.510  61.471 0.0000000000
51612  48.839  -18.065  62.998 0.0000000000
50584  46.428  -18.425  63.540 0.0000000000
120535  46.843  -18.422  62.809 0.0000000000
49663  45.173  -19.138  62.468 0.0000000000
121974  44.553  -19.549  62.658 0.0000000000
51510  48.759  -17.135  70.721 0.0000000000
47467  45.731  -21.778  72.281 0.0000000000
47485  46.137  -21.076  72.246 0.0000000000
126439  45.435  -21.335  70.808 0.0000000000
48609  44.872  -20.801  67.862 0.0000000000
48584  45.716  -20.177  69.149 0.0000000000
49585  45.737  -19.901  68.428 0.0000000000
50533  46.687  -18.809  68.569 0.0000000000
49598  45.687  -19.700  67.653 0.0000000000
49611  46.111  -18.819  66.473 0.0000000000
48622  44.949  -20.054  66.329 0.0000000000
47616  42.534  -21.835  63.888 0.0000000000
47615  42.849  -21.221  63.378 0.0000000000
47639  42.491  -21.214  62.320 0.0000000000
47664  42.451  -21.129  61.170 0.0000000000
125670  41.551  -21.802  61.214 0.0000000000
46603  41.230  -22.071  60.866 0.0000000000
44621  39.007  -23.939  61.263 0.0000000000
45672  39.075  -23.707  59.870 0.0000000000
42585  38.748  -26.873  64.026 0.0000000000
43551  38.673  -26.017  63.337 0.0000000000
42609  38.043  -26.421  62.717 0.0000000000
42645  36.850  -26.177  60.733 0.0000000000
40387  37.193  -28.180  71.681 0.0000000000
110383  37.795  -28.118  70.456 0.0000000000
41481  36.287  -27.723  70.553 0.0000000000
41542  33.335  -27.493  67.755 0.0000000000
122002  34.809  -27.493  68.436 0.0000000000
121715  33.544  -27.477  66.838 0.0000000000
111725  34.179  -27.509  66.108 0.0000000000
120519  33.041  -27.478  65.586 0.0000000000
111654  27.993  -27.565  66.169 0.0000000000
41561  29.537  -27.494  66.941 0.0000000000
41577  28.523  -27.467  65.238 0.0000000000
42599  28.929  -27.122  63.230 0.0000000000
125896  31.185  -27.241  63.137 0.0000000000
48785  53.835  -20.473  54.639 0.0000000000
49762  54.904  -19.702  53.285 0.0000000000
49684  58.308  -19.150  60.521 0.0000000000
36321  28.664  -31.996  80.883 0.0000000000
36335  26.984  -32.761  79.834 0.0000000000
36307  27.436  -32.323  80.556 0.0000000000
37223  26.649  -32.636  80.440 0.0000000000
36324  25.914  -33.272  80.314 0.0000000000
37202  29.200  -31.663  81.686 0.0000000000
40294  43.340  -28.671  76.783 0.0000000000
41407  44.226  -27.390  76.949 0.0000000000
40303  43.876  -28.097  75.503 0.0000000000
41435  44.201  -27.147  74.585 0.0000000000
42497  43.710  -26.927  73.358 0.0000000000
42504  43.824  -26.128  73.046 0.0000000000
41462  42.955  -27.411  72.043 0.0000000000
41479  42.320  -27.602  70.445 0.0000000000
41500  41.552  -27.979  69.077 0.0000000000
40454  40.688  -28.398  68.321 0.0000000000
40438  40.472  -28.605  68.664 0.0000000000
106634  39.596  -28.697  68.568 0.0000000000
40440  38.826  -28.556  68.161 0.0000000000
39414  22.787  -29.827  67.256 0.0000000000
39413  23.281  -29.432  66.745 0.0000000000
38380  21.828  -30.568  64.954 0.0000000000
50680  54.916  -18.391  57.727 0.0000000000
49731  54.168  -19.240  57.346 0.0000000000
50661  56.094  -18.242  58.241 0.0000000000
49723  55.944  -19.319  58.294 0.0000000000
38318  22.868  -30.966  71.288 0.0000000000
37323  21.746  -31.808  70.276 0.0000000000
120300  22.341  -31.654  71.600 0.0000000000
36407  21.546  -33.197  71.297 0.0000000000
35467  21.266  -34.157  71.586 0.0000000000
33512  21.933  -35.351  76.101 0.0000000000
34504  21.655  -35.081  74.915 0.0000000000
34505  21.170  -34.952  74.995 0.0000000000
35424  19.928  -33.681  74.488 0.0000000000
35409  16.741  -33.760  74.924 0.0000000000
38231  38.835  -30.634  78.743 0.0000000000
106810  38.123  -30.346  77.234 0.0000000000
38293  37.734  -29.857  76.438 0.0000000000
38273  37.257  -30.164  76.985 0.0000000000
38275  35.583  -30.173  77.031 0.0000000000
39280  34.080  -29.635  76.176 0.0000000000
38260  29.445  -30.663  77.643 0.0000000000
38280  30.590  -30.187  76.649 0.0000000000
39285  29.020  -29.988  76.096 0.0000000000
116619  27.928  -29.694  75.035 0.0000000000
39352  27.282  -29.310  73.836 0.0000000000
40374  26.130  -29.119  71.999 0.0000000000
39354  25.648  -29.676  73.297 0.0000000000
39366  23.997  -30.244  72.236 0.0000000000
111150  53.120  -18.557  60.301 0.0000000000
50647  53.647  -18.893  59.844 0.0000000000
126456  52.309  -19.522  59.647 0.0000000000
48737  52.382  -20.232  59.603 0.0000000000
121828  18.174  -32.233  84.531 0.0000000000
36295  17.777  -32.356  82.210 0.0000000000
124509  16.833  -32.702  80.382 0.0000000000
36313  16.270  -32.762  81.541 0.0000000000
54753  56.173  -14.632  62.683 0.0000000000
53653  56.308  -14.842  62.991 0.0000000000
53632  56.083  -14.822  63.574 0.0000000000
52612  55.916  -15.086  64.180 0.0000000000
52614  55.168  -16.279  64.532 0.0000000000
115662  53.063  -15.978  67.702 0.0000000000
105816  52.949  -16.477  66.874 0.0000000000
52579  50.961  -16.707  66.884 0.0000000000
51566  50.640  -17.077  65.929 0.0000000000
51580  49.347  -17.533  64.926 0.0000000000
51597  48.481  -17.884  63.852 0.0000000000
51581  48.533  -17.702  64.751 0.0000000000
50561  47.088  -17.987  64.954 0.0000000000
50573  46.416  -18.367  64.524 0.0000000000
45497  44.059  -23.011  69.861 0.0000000000
46480  44.433  -22.295  69.603 0.0000000000
46491  43.794  -22.608  68.209 0.0000000000
46499  44.100  -22.063  67.882 0.0000000000
47548  44.179  -21.659  67.247 0.0000000000
117007  44.457  -20.693  66.220 0.0000000000
46528  43.061  -22.057  65.300 0.0000000000
46547  42.197  -22.441  64.238 0.0000000000
106289  41.437  -22.462  62.913 0.0000000000
46604  40.642  -22.516  61.302 0.0000000000
45625  40.402  -23.488  62.874 0.0000000000
44594  39.781  -23.837  62.470 0.0000000000
44595  39.170  -24.284  62.111 0.0000000000
40507  37.309  -28.384  63.338 0.0000000000
41624  37.368  -27.772  62.739 0.0000000000
41647  36.154  -27.836  61.473 0.0000000000
41665  35.834  -27.346  60.639 0.0000000000
41684  35.125  -27.210  58.931 0.0000000000
41466  34.941  -27.773  71.259 0.0000000000
106867  35.355  -27.611  70.540 0.0000000000
41504  34.022  -27.468  69.815 0.0000000000
105450  32.821  -27.440  69.030 0.0000000000
105446  31.845  -27.480  67.526 0.0000000000
122678  27.516  -27.390  63.842 0.0000000000
41632  26.526  -27.544  62.659 0.0000000000
113558  55.247  -15.836  51.010 0.0000000000
51786  55.984  -17.305  51.519 0.0000000000
50750  55.947  -18.576  52.319 0.0000000000
37271  25.486  -31.291  76.570 0.0000000000
37277  24.186  -31.616  75.536 0.0000000000
37272  24.681  -31.796  76.365 0.0000000000
36358  24.457  -32.616  76.781 0.0000000000
35390  23.581  -33.900  76.586 0.0000000000
35363  26.284  -33.220  79.538 0.0000000000
35377  24.578  -33.703  77.867 0.0000000000
111298  23.278  -34.544  76.881 0.0000000000
33504  22.446  -35.299  77.496 0.0000000000
33494  22.065  -35.356  77.916 0.0000000000
34450  21.671  -35.079  78.435 0.0000000000
37196  35.324  -31.054  81.339 0.0000000000
37234  35.227  -31.420  79.852 0.0000000000
105648  34.262  -31.419  80.207 0.0000000000
121330  32.850  -31.172  79.784 0.0000000000
37253  32.121  -31.122  79.743 0.0000000000
37221  31.017  -31.541  81.164 0.0000000000
37238  30.642  -31.472  80.315 0.0000000000
38237  30.069  -30.877  78.432 0.0000000000
116399  28.689  -30.936  77.955 0.0000000000
38262  27.149  -30.777  77.122 0.0000000000
49688  49.289  -19.426  59.865 0.0000000000
49708  49.566  -20.100  59.548 0.0000000000
49709  48.734  -19.946  59.605 0.0000000000
54720  53.081  -14.261  64.965 0.0000000000
54671  53.230  -14.679  67.887 0.0000000000
52552  52.153  -15.251  68.843 0.0000000000
116876  51.379  -15.849  68.633 0.0000000000
52553  50.406  -16.323  68.367 0.0000000000
46455  45.539  -22.560  72.746 0.0000000000
45479  44.629  -23.211  71.692 0.0000000000
43448  43.892  -24.878  72.152 0.0000000000
112883  43.871  -23.923  70.998 0.0000000000
45490  43.715  -23.724  70.172 0.0000000000
44471  43.071  -24.040  68.783 0.0000000000
44492  42.298  -24.442  67.482 0.0000000000
44514  41.481  -24.823  66.435 0.0000000000
44533  40.750  -24.949  65.394 0.0000000000
43526  40.338  -25.835  65.563 0.0000000000
42576  39.754  -26.733  65.412 0.0000000000
41588  38.793  -27.678  64.629 0.0000000000
40470  40.071  -28.318  66.999 0.0000000000
40483  39.264  -28.300  65.826 0.0000000000
120396  38.300  -28.378  64.581 0.0000000000
111545  36.882  -28.649  63.639 0.0000000000
40509  36.105  -28.454  63.683 0.0000000000
41607  35.260  -28.107  63.659 0.0000000000
41509  28.935  -27.773  69.549 0.0000000000
105447  29.659  -27.578  69.110 0.0000000000
123907  28.174  -27.822  68.515 0.0000000000
41546  27.361  -27.914  67.507 0.0000000000
116020  26.210  -27.995  65.642 0.0000000000
40490  23.823  -28.952  65.494 0.0000000000
40489  24.588  -28.548  65.316 0.0000000000
51770  52.624  -17.302  53.774 0.0000000000
50752  53.128  -18.009  52.591 0.0000000000
122158  52.810  -19.152  53.874 0.0000000000
125026  53.174  -20.076  54.825 0.0000000000
48778  53.440  -20.417  55.460 0.0000000000
48761  53.669  -20.037  56.844 0.0000000000
48770  53.687  -20.613  56.257 0.0000000000
36371  23.017  -32.698  74.563 0.0000000000
35452  21.773  -34.124  73.103 0.0000000000
34538  20.985  -34.602  72.072 0.0000000000
34514  20.922  -34.835  73.552 0.0000000000
34523  20.521  -34.442  72.240 0.0000000000
40282  42.552  -28.938  77.820 0.0000000000
39297  42.174  -29.699  75.887 0.0000000000
39324  41.449  -29.697  74.669 0.0000000000
39348  40.696  -29.469  73.382 0.0000000000
124061  40.171  -28.959  71.714 0.0000000000
40336  39.310  -28.947  73.058 0.0000000000
40337  38.474  -28.839  73.553 0.0000000000
40339  36.614  -28.415  73.096 0.0000000000
39301  37.325  -29.399  75.551 0.0000000000
40317  36.201  -28.759  74.037 0.0000000000
40364  35.874  -28.240  72.482 0.0000000000
41449  33.725  -28.040  71.996 0.0000000000
41450  32.832  -28.037  71.940 0.0000000000
41451  31.978  -27.903  71.631 0.0000000000
38232  34.866  -30.858  78.393 0.0000000000
38277  33.803  -30.061  77.049 0.0000000000
39305  33.367  -29.444  75.624 0.0000000000
39283  30.946  -29.927  75.938 0.0000000000
39307  31.403  -29.580  75.336 0.0000000000
39332  32.889  -29.138  74.972 0.0000000000
40321  32.115  -28.851  73.861 0.0000000000
40369  30.947  -28.329  72.438 0.0000000000
41470  30.108  -27.887  71.136 0.0000000000
40405  28.533  -28.164  70.900 0.0000000000
40423  26.575  -28.534  69.494 0.0000000000
40424  25.707  -28.886  69.400 0.0000000000
39373  25.340  -29.272  70.910 0.0000000000
123537  24.637  -29.414  69.731 0.0000000000
39401  23.817  -29.491  68.397 0.0000000000
38362  22.296  -30.259  67.763 0.0000000000
51637  58.017  -16.938  59.912 0.0000000000
114583  58.301  -17.637  59.891 0.0000000000
50624  57.881  -17.834  60.404 0.0000000000
49704  53.980  -19.670  59.738 0.0000000000
127012  54.987  -20.247  60.341 0.0000000000
48739  50.505  -20.402  59.585 0.0000000000
38187  26.199  -30.276  81.270 0.0000000000
107710  25.442  -30.939  81.148 0.0000000000
36308  24.725  -32.970  81.056 0.0000000000
35341  24.366  -34.172  82.719 0.0000000000
34424  24.379  -34.912  81.480 0.0000000000
33443  23.732  -35.342  81.828 0.0000000000
33445  22.628  -35.326  80.934 0.0000000000
34451  21.152  -34.418  78.985 0.0000000000
34415  22.413  -34.547  84.279 0.0000000000
35342  21.609  -34.282  82.814 0.0000000000
35358  20.693  -33.652  80.405 0.0000000000
110248  19.698  -33.199  78.314 0.0000000000
36353  18.851  -32.798  77.968 0.0000000000
52789  53.384  -15.992  53.397 0.0000000000
52790  53.004  -16.484  53.804 0.0000000000
124157  52.572  -17.425  55.314 0.0000000000
51714  53.121  -17.470  56.627 0.0000000000
106419  53.240  -15.715  56.067 0.0000000000
52741  53.101  -16.578  56.337 0.0000000000
51701  53.741  -17.528  57.257 0.0000000000
51699  55.551  -17.630  58.099 0.0000000000
51678  56.647  -17.056  58.450 0.0000000000
52713  57.696  -16.236  59.151 0.0000000000
53731  55.840  -15.543  59.179 0.0000000000
52688  57.497  -15.699  59.724 0.0000000000
52687  57.916  -16.408  59.524 0.0000000000
52661  57.507  -15.933  60.232 0.0000000000
51639  56.144  -17.196  60.693 0.0000000000
51640  54.901  -17.482  60.861 0.0000000000
52638  55.874  -16.266  62.229 0.0000000000
51625  54.839  -17.185  61.648 0.0000000000
51641  54.020  -17.710  61.128 0.0000000000
50608  53.086  -18.128  61.019 0.0000000000
50609  52.058  -18.337  61.172 0.0000000000
50610  51.177  -18.388  61.226 0.0000000000
54702  55.029  -14.792  65.413 0.0000000000
52588  54.664  -15.782  65.955 0.0000000000
51577  54.194  -16.872  64.786 0.0000000000
52590  52.623  -16.967  65.880 0.0000000000
52603  52.236  -17.251  64.911 0.0000000000
51578  52.903  -17.299  64.415 0.0000000000
111632  51.739  -17.728  63.270 0.0000000000
50592  50.818  -18.187  61.990 0.0000000000
50612  49.492  -18.474  61.261 0.0000000000
50632  48.941  -18.865  60.538 0.0000000000
50633  47.951  -18.868  60.873 0.0000000000
50596  47.533  -18.378  62.466 0.0000000000
49675  46.468  -18.864  61.517 0.0000000000
52543  50.039  -16.206  69.888 0.0000000000
51533  48.740  -17.109  68.605 0.0000000000
123101  46.883  -19.476  71.439 0.0000000000
47503  45.355  -21.111  70.092 0.0000000000
48572  46.196  -19.974  70.342 0.0000000000
50515  47.629  -18.336  70.717 0.0000000000
50525  47.507  -18.261  69.791 0.0000000000
50532  47.319  -18.228  68.783 0.0000000000
51534  47.954  -17.641  68.230 0.0000000000
109437  46.736  -18.287  66.400 0.0000000000
115975  46.384  -18.452  65.540 0.0000000000
49637  45.205  -19.157  64.184 0.0000000000
48646  44.400  -20.293  65.061 0.0000000000
48662  44.210  -20.136  64.227 0.0000000000
118782  44.186  -19.884  63.283 0.0000000000
48682  43.595  -20.273  62.015 0.0000000000
107281  39.831  -23.230  59.833 0.0000000000
114499  40.086  -23.594  59.119 0.0000000000
43539  39.739  -25.321  64.204 0.0000000000
43564  39.044  -25.034  62.872 0.0000000000
43581  38.123  -25.016  61.414 0.0000000000
42628  37.152  -26.561  61.541 0.0000000000
43582  37.444  -25.655  61.041 0.0000000000
119013  38.739  -28.449  70.908 0.0000000000
40403  37.897  -28.078  69.633 0.0000000000
41519  37.163  -27.833  68.397 0.0000000000
41502  35.757  -27.554  69.766 0.0000000000
41521  35.595  -27.540  68.082 0.0000000000
41539  36.335  -27.743  67.287 0.0000000000
111838  35.104  -27.596  66.214 0.0000000000
41589  34.566  -27.741  64.414 0.0000000000
41609  33.383  -27.569  63.373 0.0000000000
41526  30.486  -27.481  68.578 0.0000000000
41560  30.450  -27.479  66.896 0.0000000000
111657  30.871  -27.486  66.061 0.0000000000
41594  28.736  -27.383  64.494 0.0000000000
41575  30.254  -27.453  65.164 0.0000000000
41574  31.387  -27.487  65.211 0.0000000000
111698  32.119  -27.474  64.623 0.0000000000
41610  32.590  -27.430  63.142 0.0000000000
116179  53.897  -18.381  52.330 0.0000000000
49771  55.428  -19.192  52.707 0.0000000000
49770  56.506  -19.151  52.761 0.0000000000
50622  58.397  -18.830  59.963 0.0000000000
39360  41.569  -29.221  72.489 0.0000000000
39359  41.810  -28.999  72.130 0.0000000000
40383  41.633  -28.851  71.347 0.0000000000
39371  41.025  -29.058  71.057 0.0000000000
51676  58.086  -16.726  59.020 0.0000000000
37282  23.704  -31.318  74.175 0.0000000000
37281  24.148  -31.118  74.697 0.0000000000
121568  20.833  -34.460  77.450 0.0000000000
35379  20.347  -33.930  77.101 0.0000000000
35380  19.652  -33.249  77.517 0.0000000000
37216  36.596  -31.121  80.651 0.0000000000
37215  37.377  -31.010  80.108 0.0000000000
37232  36.946  -31.286  79.631 0.0000000000
120196  25.560  -30.660  75.712 0.0000000000
121432  25.951  -30.230  75.228 0.0000000000
38300  24.721  -30.535  74.335 0.0000000000
104871  53.810  -14.367  64.590 0.0000000000
51543  49.446  -16.770  68.024 0.0000000000
107599  49.299  -16.984  67.051 0.0000000000
45549  41.734  -24.272  66.158 0.0000000000
45572  41.657  -23.981  65.615 0.0000000000
44548  40.892  -24.066  64.523 0.0000000000
125749  31.524  -27.586  70.552 0.0000000000
41485  31.888  -27.524  70.194 0.0000000000
106553  31.167  -27.541  70.093 0.0000000000
51788  53.880  -16.926  51.768 0.0000000000
51778  53.203  -17.239  52.420 0.0000000000
36342  27.398  -32.377  79.439 0.0000000000
34430  25.179  -34.311  80.110 0.0000000000
33491  24.138  -35.173  79.653 0.0000000000
34431  24.594  -34.780  80.663 0.0000000000
39172  33.252  -30.011  82.594 0.0000000000
37180  32.599  -30.996  82.356 0.0000000000
38163  32.307  -30.474  82.703 0.0000000000
37241  28.100  -32.091  79.630 0.0000000000
43383  44.813  -25.724  74.735 0.0000000000
120296  45.372  -25.128  75.343 0.0000000000
44383  45.613  -24.418  75.096 0.0000000000
117763  45.449  -24.084  74.353 0.0000000000
42543  41.890  -27.268  69.259 0.0000000000
42558  41.171  -27.029  67.783 0.0000000000
40474  37.270  -28.465  65.733 0.0000000000
40458  37.198  -28.195  66.685 0.0000000000
40444  25.386  -28.877  68.525 0.0000000000
40460  25.393  -28.714  67.670 0.0000000000
111191  24.879  -28.995  67.960 0.0000000000
50699  53.258  -18.317  56.745 0.0000000000
49740  52.898  -18.949  56.279 0.0000000000
109796  21.713  -31.499  69.623 0.0000000000
113379  21.271  -32.289  69.662 0.0000000000
35404  22.648  -34.436  75.393 0.0000000000
35422  22.373  -34.386  74.575 0.0000000000
115840  22.108  -35.005  75.033 0.0000000000
111444  17.696  -33.401  72.832 0.0000000000
38272  39.180  -30.419  77.127 0.0000000000
38271  40.075  -30.373  76.977 0.0000000000
38290  40.456  -30.087  76.024 0.0000000000
38291  39.542  -29.877  75.797 0.0000000000
39304  34.539  -29.250  75.313 0.0000000000
39330  35.190  -29.060  74.909 0.0000000000
40319  34.128  -28.887  74.428 0.0000000000
119072  31.721  -30.612  78.029 0.0000000000
38258  31.165  -30.386  77.297 0.0000000000
40348  28.049  -29.077  73.587 0.0000000000
40347  28.871  -28.848  73.256 0.0000000000
40372  28.113  -28.803  72.870 0.0000000000
116532  28.089  -28.605  72.175 0.0000000000
120959  27.595  -28.811  72.510 0.0000000000
38329  22.849  -30.726  70.427 0.0000000000
38341  21.936  -30.948  69.100 0.0000000000
124253  54.278  -18.542  60.002 0.0000000000
34405  23.885  -34.294  84.429 0.0000000000
34406  23.460  -34.362  84.691 0.0000000000
34414  22.956  -34.927  83.777 0.0000000000
34407  23.063  -34.569  84.553 0.0000000000
36294  18.478  -32.469  82.535 0.0000000000
36310  19.294  -32.709  81.449 0.0000000000
36311  18.421  -32.500  80.948 0.0000000000
36326  18.361  -32.530  80.100 0.0000000000
52754  53.352  -15.522  55.281 0.0000000000
108616  53.384  -14.636  55.411 0.0000000000
52636  56.987  -15.238  61.065 0.0000000000
53673  56.546  -14.860  62.042 0.0000000000
51592  54.395  -17.002  63.803 0.0000000000
53593  53.791  -14.889  67.355 0.0000000000
106287  49.833  -17.623  64.261 0.0000000000
50514  48.163  -17.807  71.161 0.0000000000
46466  44.751  -22.506  71.072 0.0000000000
46472  45.283  -21.853  71.323 0.0000000000
47533  45.311  -20.530  68.564 0.0000000000
110071  45.382  -20.252  67.956 0.0000000000
48608  45.213  -20.220  67.263 0.0000000000
49612  45.597  -19.509  66.799 0.0000000000
46587  41.887  -21.826  62.550 0.0000000000
116761  42.348  -21.655  63.148 0.0000000000
47640  41.899  -21.574  61.609 0.0000000000
44646  38.545  -24.196  60.513 0.0000000000
44662  38.599  -24.206  59.468 0.0000000000
42597  38.234  -27.006  63.373 0.0000000000
41465  36.480  -27.978  71.407 0.0000000000
41558  32.670  -27.486  67.240 0.0000000000
124119  34.017  -27.488  67.505 0.0000000000
41572  33.444  -27.483  66.021 0.0000000000
112324  27.084  -27.747  65.864 0.0000000000
41578  27.622  -27.558  65.220 0.0000000000
48784  54.897  -20.784  54.488 0.0000000000
37203  28.472  -31.788  81.470 0.0000000000
36306  28.107  -32.138  80.893 0.0000000000
38186  27.147  -30.922  81.547 0.0000000000
115940  25.541  -32.273  80.722 0.0000000000
38167  28.998  -30.575  83.090 0.0000000000
37183  29.652  -31.223  82.705 0.0000000000
40304  43.361  -28.729  75.928 0.0000000000
113752  43.249  -28.731  75.043 0.0000000000
40334  42.868  -28.436  73.264 0.0000000000
123631  43.403  -28.024  73.786 0.0000000000
41436  43.772  -27.377  73.908 0.0000000000
114344  43.441  -26.908  72.695 0.0000000000
40399  41.993  -28.587  71.087 0.0000000000
125291  42.285  -28.137  70.914 0.0000000000
40417  41.920  -28.334  70.417 0.0000000000
41499  41.940  -27.836  69.767 0.0000000000
40418  41.402  -28.501  69.764 0.0000000000
40437  41.051  -28.474  68.910 0.0000000000
39389  40.846  -28.668  69.417 0.0000000000
39390  40.406  -28.785  69.997 0.0000000000
39400  40.299  -28.719  69.136 0.0000000000
40420  38.802  -28.422  69.086 0.0000000000
38371  22.087  -30.223  66.871 0.0000000000
38379  21.961  -30.252  65.971 0.0000000000
126144  21.614  -30.675  65.736 0.0000000000
119969  56.883  -18.659  58.526 0.0000000000
49722  56.861  -19.559  58.717 0.0000000000
38312  22.824  -31.212  72.001 0.0000000000
37293  22.488  -31.912  72.480 0.0000000000
113566  22.021  -33.145  72.638 0.0000000000
36394  21.672  -33.478  71.930 0.0000000000
34492  21.644  -35.191  75.570 0.0000000000
34493  21.060  -34.879  75.841 0.0000000000
121222  19.011  -33.009  74.673 0.0000000000
35425  18.099  -32.981  74.456 0.0000000000
35426  17.237  -33.408  74.292 0.0000000000
35407  18.292  -32.919  75.315 0.0000000000
35394  17.568  -33.034  76.048 0.0000000000
108712  16.809  -33.579  75.914 0.0000000000
39232  38.845  -29.516  79.749 0.0000000000
37247  38.155  -30.870  79.088 0.0000000000
37262  38.255  -30.728  78.474 0.0000000000
38252  38.708  -30.584  77.809 0.0000000000
109233  37.966  -30.647  77.939 0.0000000000
38253  37.191  -30.551  77.683 0.0000000000
37265  36.188  -30.593  77.823 0.0000000000
38276  34.690  -30.103  77.002 0.0000000000
38282  28.730  -30.386  77.009 0.0000000000
38281  29.675  -30.256  76.783 0.0000000000
126243  28.428  -30.172  76.398 0.0000000000
39312  26.501  -29.933  74.984 0.0000000000
39337  27.193  -29.617  74.626 0.0000000000
39336  27.931  -29.393  74.314 0.0000000000
124003  26.217  -29.445  73.335 0.0000000000
38305  24.333  -30.554  73.664 0.0000000000
38310  24.302  -30.297  72.935 0.0000000000
38311  23.692  -30.629  72.634 0.0000000000
38317  23.421  -30.625  71.908 0.0000000000
50648  52.687  -19.016  59.878 0.0000000000
50649  51.772  -19.136  59.874 0.0000000000
49706  51.787  -19.769  59.563 0.0000000000
47702  51.913  -20.895  59.827 0.0000000000
47703  51.084  -20.930  59.758 0.0000000000
36281  17.538  -32.185  83.780 0.0000000000
113134  18.062  -32.328  83.070 0.0000000000
106062  16.972  -32.404  81.859 0.0000000000
54738  55.690  -14.591  63.644 0.0000000000
52601  55.510  -15.501  64.775 0.0000000000
52563  52.247  -15.876  68.149 0.0000000000
52578  52.072  -16.377  67.335 0.0000000000
107863  49.223  -17.238  66.290 0.0000000000
51567  49.676  -17.296  65.699 0.0000000000
45510  43.460  -23.309  68.487 0.0000000000
46481  43.917  -22.773  69.028 0.0000000000
46500  43.621  -22.463  67.380 0.0000000000
47564  43.658  -22.010  66.620 0.0000000000
105736  43.261  -22.267  66.074 0.0000000000
45591  41.838  -23.055  64.613 0.0000000000
46567  41.613  -22.778  63.818 0.0000000000
45606  41.018  -23.126  63.338 0.0000000000
44569  40.042  -24.161  63.287 0.0000000000
125180  36.890  -28.550  63.124 0.0000000000
40518  36.899  -28.286  62.684 0.0000000000
40519  36.333  -28.260  62.179 0.0000000000
41666  35.115  -27.792  60.534 0.0000000000
42647  35.359  -27.258  59.767 0.0000000000
41685  34.559  -27.597  59.651 0.0000000000
41467  34.102  -27.746  71.310 0.0000000000
41482  34.475  -27.568  70.564 0.0000000000
41483  33.496  -27.558  70.635 0.0000000000
105449  32.018  -27.429  69.019 0.0000000000
41524  32.493  -27.476  68.199 0.0000000000
51787  54.893  -17.171  51.509 0.0000000000
52812  55.483  -16.583  51.237 0.0000000000
37270  26.302  -31.068  76.959 0.0000000000
37268  25.932  -31.827  77.450 0.0000000000
36357  25.140  -32.143  77.154 0.0000000000
35389  24.201  -33.406  77.077 0.0000000000
34448  24.952  -34.054  78.682 0.0000000000
34463  24.212  -34.362  78.126 0.0000000000
35378  23.898  -34.101  77.350 0.0000000000
34464  23.529  -34.679  77.613 0.0000000000
33510  22.879  -35.031  77.170 0.0000000000
33503  23.125  -35.186  77.960 0.0000000000
33493  22.637  -35.378  78.445 0.0000000000
33478  22.243  -35.349  78.916 0.0000000000
38161  34.015  -30.483  82.174 0.0000000000
39198  34.595  -29.654  81.947 0.0000000000
38160  34.677  -30.188  81.936 0.0000000000
38184  35.485  -30.442  81.539 0.0000000000
122634  34.884  -31.439  80.608 0.0000000000
37197  34.500  -31.317  81.279 0.0000000000
37236  32.498  -31.373  80.473 0.0000000000
109473  30.503  -31.363  82.460 0.0000000000
37201  31.349  -31.420  82.098 0.0000000000
37255  30.326  -31.256  79.448 0.0000000000
38238  29.249  -31.097  78.440 0.0000000000
37266  27.467  -31.359  78.051 0.0000000000
53585  52.865  -15.361  68.176 0.0000000000
54660  52.638  -14.491  68.474 0.0000000000
53586  51.361  -15.453  69.349 0.0000000000
110477  50.602  -15.975  69.206 0.0000000000
41419  44.417  -27.353  76.243 0.0000000000
45468  45.315  -23.249  73.116 0.0000000000
46442  45.837  -22.745  73.616 0.0000000000
45478  45.065  -23.016  72.400 0.0000000000
42514  43.365  -26.344  72.030 0.0000000000
43430  43.713  -25.587  72.366 0.0000000000
43449  43.488  -25.469  71.614 0.0000000000
44430  43.469  -24.496  70.455 0.0000000000
44451  43.280  -24.288  69.617 0.0000000000
43510  41.995  -25.242  67.886 0.0000000000
44493  41.722  -25.015  67.132 0.0000000000
43525  40.952  -25.287  66.047 0.0000000000
43519  40.676  -26.090  66.339 0.0000000000
42575  40.213  -26.763  66.037 0.0000000000
41587  39.293  -27.628  65.273 0.0000000000
40455  40.209  -28.592  67.873 0.0000000000
40484  38.609  -28.672  65.863 0.0000000000
40496  38.239  -28.711  65.143 0.0000000000
40495  38.751  -28.353  65.216 0.0000000000
40497  37.772  -28.715  64.604 0.0000000000
116001  37.430  -28.631  63.978 0.0000000000
40487  36.446  -28.244  65.209 0.0000000000
40498  36.626  -28.536  64.350 0.0000000000
41510  28.076  -27.950  69.155 0.0000000000
41548  25.944  -28.399  67.320 0.0000000000
41547  26.599  -28.124  67.139 0.0000000000
41564  26.620  -27.983  66.384 0.0000000000
39422  23.125  -29.353  65.899 0.0000000000
40477  23.744  -29.130  66.298 0.0000000000
39429  23.096  -29.342  65.019 0.0000000000
119407  24.117  -28.706  64.948 0.0000000000
121233  24.426  -28.496  64.357 0.0000000000
106185  25.399  -28.107  64.851 0.0000000000
50738  52.419  -18.245  54.277 0.0000000000
49754  52.827  -19.680  55.245 0.0000000000
49730  55.101  -19.192  57.807 0.0000000000
113030  54.393  -20.110  57.445 0.0000000000
48760  54.102  -20.874  56.961 0.0000000000
36417  21.398  -32.796  70.532 0.0000000000
37278  23.557  -31.829  74.755 0.0000000000
35438  22.100  -34.232  73.824 0.0000000000
34521  21.233  -34.658  72.891 0.0000000000
35423  20.722  -34.642  74.322 0.0000000000
116319  21.237  -34.892  74.240 0.0000000000
35454  19.446  -33.712  72.144 0.0000000000
126049  18.996  -33.636  71.584 0.0000000000
39230  39.978  -29.649  78.934 0.0000000000
39229  40.800  -29.306  78.641 0.0000000000
39263  41.500  -29.842  77.752 0.0000000000
39245  41.238  -29.605  78.285 0.0000000000
39262  42.122  -29.565  77.501 0.0000000000
39261  42.736  -29.180  77.156 0.0000000000
39276  42.206  -29.701  76.728 0.0000000000
39325  40.782  -29.844  74.993 0.0000000000
120636  41.584  -29.855  75.600 0.0000000000
117439  40.976  -29.662  74.156 0.0000000000
39347  41.438  -29.463  73.423 0.0000000000
121077  39.991  -29.299  73.450 0.0000000000
39350  38.472  -29.102  74.471 0.0000000000
115046  37.606  -28.574  73.259 0.0000000000
40318  35.384  -28.851  74.205 0.0000000000
40340  35.637  -28.491  73.332 0.0000000000
40365  35.053  -28.264  72.656 0.0000000000
40366  34.173  -28.292  72.730 0.0000000000
125824  32.259  -28.145  72.140 0.0000000000
37251  34.535  -31.243  79.124 0.0000000000
38233  34.022  -30.833  78.450 0.0000000000
38278  32.916  -30.158  77.118 0.0000000000
39281  33.154  -29.778  76.357 0.0000000000
39284  30.041  -29.962  75.992 0.0000000000
123350  30.931  -29.278  74.585 0.0000000000
39333  31.951  -29.169  74.638 0.0000000000
40322  31.331  -28.863  73.753 0.0000000000
40370  30.165  -28.407  72.483 0.0000000000
40389  30.543  -28.102  71.794 0.0000000000
40404  29.310  -28.026  71.103 0.0000000000
110323  27.222  -28.608  71.154 0.0000000000
40407  26.917  -28.560  70.392 0.0000000000
39364  25.481  -29.490  72.312 0.0000000000
105040  24.061  -29.695  69.870 0.0000000000
39391  24.230  -29.465  69.154 0.0000000000
39403  23.045  -29.880  68.138 0.0000000000
51638  57.456  -16.870  60.418 0.0000000000
124145  55.669  -19.285  60.293 0.0000000000
48736  53.366  -20.269  59.739 0.0000000000
48735  54.267  -20.268  59.979 0.0000000000
48716  54.535  -20.669  60.489 0.0000000000
48740  49.693  -20.919  59.716 0.0000000000
39178  27.043  -28.658  82.134 0.0000000000
38188  25.528  -29.834  81.566 0.0000000000
36309  24.631  -31.684  81.694 0.0000000000
34418  24.172  -34.963  82.470 0.0000000000
33442  24.099  -35.176  81.965 0.0000000000
33428  23.849  -35.210  82.431 0.0000000000
34425  22.759  -35.239  81.974 0.0000000000
34432  21.973  -34.947  80.372 0.0000000000
34440  21.300  -34.320  79.895 0.0000000000
120381  20.460  -33.465  83.867 0.0000000000
35338  20.308  -33.348  84.637 0.0000000000
35337  21.116  -33.818  84.444 0.0000000000
35329  21.895  -34.104  84.959 0.0000000000
35336  21.748  -34.233  84.230 0.0000000000
107902  21.886  -34.432  83.679 0.0000000000
35343  20.843  -33.677  82.689 0.0000000000
35350  20.832  -33.681  81.334 0.0000000000
35365  20.575  -33.697  79.504 0.0000000000
35371  19.808  -33.155  79.147 0.0000000000
36345  18.953  -32.758  78.794 0.0000000000
121472  17.433  -32.736  77.937 0.0000000000
36328  16.532  -33.039  79.927 0.0000000000
52770  53.421  -15.710  54.348 0.0000000000
51715  52.690  -17.433  55.869 0.0000000000
53759  53.316  -14.982  55.921 0.0000000000
122488  53.269  -15.809  56.723 0.0000000000
51700  54.618  -17.602  57.699 0.0000000000
107358  57.233  -16.313  58.833 0.0000000000
53715  56.456  -15.079  59.818 0.0000000000
52622  56.167  -15.158  63.579 0.0000000000
108491  56.379  -15.264  62.730 0.0000000000
54719  54.182  -14.322  65.577 0.0000000000
54703  54.392  -14.684  66.232 0.0000000000
52576  54.355  -15.604  66.524 0.0000000000
104872  54.367  -16.422  65.653 0.0000000000
52591  51.755  -16.843  66.351 0.0000000000
50611  50.351  -18.430  61.221 0.0000000000
50634  47.104  -18.985  60.917 0.0000000000
50614  47.319  -18.652  61.623 0.0000000000
50582  48.037  -18.111  63.127 0.0000000000
50583  47.269  -18.215  63.320 0.0000000000
50598  46.102  -18.680  62.519 0.0000000000
50597  46.859  -18.557  62.192 0.0000000000
51520  49.254  -16.754  69.957 0.0000000000
51521  48.851  -17.015  69.381 0.0000000000
48556  46.275  -20.572  71.734 0.0000000000
123018  46.781  -19.908  72.031 0.0000000000
110398  47.377  -19.139  72.132 0.0000000000
47520  44.825  -21.516  69.461 0.0000000000
125948  46.049  -19.888  69.662 0.0000000000
49560  46.690  -19.443  70.705 0.0000000000
49559  47.041  -18.863  70.277 0.0000000000
49571  46.844  -18.826  69.399 0.0000000000
122588  46.980  -18.448  68.255 0.0000000000
50540  47.273  -18.116  67.889 0.0000000000
50550  47.028  -18.167  67.122 0.0000000000
50551  46.522  -18.591  67.002 0.0000000000
49623  45.551  -19.234  65.775 0.0000000000
50574  45.733  -18.800  64.861 0.0000000000
107507  45.226  -19.327  64.989 0.0000000000
47579  44.062  -20.918  65.615 0.0000000000
48663  43.548  -20.599  63.656 0.0000000000
49652  44.609  -19.610  63.945 0.0000000000
123269  43.698  -20.252  62.798 0.0000000000
48681  44.084  -19.890  62.374 0.0000000000
45670  39.960  -22.975  60.828 0.0000000000
44661  39.392  -23.837  59.210 0.0000000000
44673  39.983  -24.316  58.713 0.0000000000
43538  40.252  -25.196  64.839 0.0000000000
43550  39.293  -25.447  63.616 0.0000000000
44596  38.654  -24.834  62.079 0.0000000000
41646  36.859  -27.599  61.999 0.0000000000
42610  37.477  -26.910  62.314 0.0000000000
43614  36.601  -25.911  59.787 0.0000000000
43599  37.162  -25.515  60.279 0.0000000000
40360  39.386  -28.781  72.160 0.0000000000
40384  39.522  -28.708  71.300 0.0000000000
41480  37.098  -27.839  70.117 0.0000000000
40421  37.972  -28.100  68.729 0.0000000000
41503  34.895  -27.492  69.796 0.0000000000
41541  34.710  -27.497  67.725 0.0000000000
112431  36.486  -27.674  68.056 0.0000000000
117119  33.784  -27.529  65.237 0.0000000000
41571  34.806  -27.654  65.355 0.0000000000
41590  33.613  -27.573  64.227 0.0000000000
41527  29.638  -27.537  68.371 0.0000000000
111655  28.982  -27.490  66.116 0.0000000000
41559  31.345  -27.485  66.856 0.0000000000
125602  27.839  -27.252  63.395 0.0000000000
108396  28.004  -27.422  64.510 0.0000000000
41613  28.330  -27.281  63.777 0.0000000000
41612  29.770  -27.226  63.585 0.0000000000
124125  29.595  -27.338  64.115 0.0000000000
106708  30.092  -27.372  64.311 0.0000000000
41592  30.778  -27.438  64.582 0.0000000000
122903  31.396  -27.447  64.399 0.0000000000
41628  31.047  -27.096  62.408 0.0000000000
105445  31.828  -27.280  62.763 0.0000000000
41627  32.551  -27.357  62.266 0.0000000000
52819  56.816  -16.014  50.660 0.0000000000
49773  53.355  -18.823  52.946 0.0000000000
50623  58.332  -18.386  60.170 0.0000000000
122900  28.412  -30.744  82.656 0.0000000000
37185  28.053  -31.291  82.000 0.0000000000
38168  27.766  -30.299  82.312 0.0000000000
39323  42.047  -29.416  73.986 0.0000000000
40335  42.488  -28.991  73.570 0.0000000000
41446  42.648  -28.270  72.391 0.0000000000
40382  42.110  -28.708  71.838 0.0000000000
39379  41.098  -28.788  70.157 0.0000000000
39380  40.904  -28.885  70.450 0.0000000000
50645  58.261  -18.106  59.480 0.0000000000
38306  23.638  -30.992  73.414 0.0000000000
35391  20.423  -34.099  76.274 0.0000000000
118469  19.823  -33.467  75.969 0.0000000000
109939  37.691  -29.864  80.556 0.0000000000
38201  38.385  -30.425  79.832 0.0000000000
37231  37.631  -31.050  79.498 0.0000000000
37248  37.602  -31.053  78.975 0.0000000000
112999  36.345  -30.941  78.476 0.0000000000
37250  35.675  -30.900  78.416 0.0000000000
38283  27.218  -30.275  76.237 0.0000000000
39313  25.923  -30.011  74.685 0.0000000000
39339  25.479  -30.026  74.154 0.0000000000
50629  51.478  -18.681  60.486 0.0000000000
36282  16.529  -32.233  83.273 0.0000000000
53654  54.632  -14.515  63.216 0.0000000000
54718  55.421  -14.692  64.552 0.0000000000
108688  43.387  -23.072  67.823 0.0000000000
45528  42.542  -23.757  67.021 0.0000000000
122838  42.750  -23.222  66.601 0.0000000000
46529  42.711  -22.841  65.899 0.0000000000
45571  42.077  -23.335  65.381 0.0000000000
41468  32.708  -27.688  71.149 0.0000000000
41484  32.597  -27.519  70.379 0.0000000000
41507  31.727  -27.476  69.635 0.0000000000
50760  54.371  -17.812  51.846 0.0000000000
36350  26.362  -32.328  78.294 0.0000000000
36344  26.039  -33.059  78.774 0.0000000000
35364  25.740  -33.724  79.762 0.0000000000
116211  24.425  -34.747  79.005 0.0000000000
33476  23.560  -35.462  79.993 0.0000000000
125046  33.635  -30.287  82.386 0.0000000000
37178  33.857  -30.972  81.935 0.0000000000
37198  33.541  -31.323  81.625 0.0000000000
37179  33.214  -31.109  82.124 0.0000000000
37199  32.803  -31.375  81.896 0.0000000000
37220  32.078  -31.463  81.379 0.0000000000
37222  29.550  -31.766  81.085 0.0000000000
37257  28.604  -31.549  78.911 0.0000000000
37258  27.789  -31.811  78.869 0.0000000000
42476  44.627  -26.523  75.088 0.0000000000
43369  45.493  -25.202  76.050 0.0000000000
45453  46.169  -23.158  75.313 0.0000000000
45461  46.102  -22.946  74.499 0.0000000000
44390  44.991  -24.048  73.511 0.0000000000
44399  44.446  -24.448  72.721 0.0000000000
42527  42.663  -26.781  70.721 0.0000000000
43465  42.788  -25.933  70.314 0.0000000000
43488  42.530  -25.734  69.481 0.0000000000
44452  42.754  -24.843  69.139 0.0000000000
43511  41.445  -25.887  67.474 0.0000000000
42566  40.906  -26.435  67.018 0.0000000000
41555  40.157  -27.553  66.473 0.0000000000
40443  26.690  -28.344  68.622 0.0000000000
40459  26.074  -28.490  68.067 0.0000000000
40475  25.320  -28.581  66.848 0.0000000000
35482  21.112  -33.867  70.828 0.0000000000
35421  22.860  -33.579  75.016 0.0000000000
106468  19.196  -33.211  73.755 0.0000000000
35455  18.439  -33.449  72.152 0.0000000000
38229  40.241  -30.312  78.146 0.0000000000
39246  40.559  -29.869  78.444 0.0000000000
38250  40.492  -30.344  77.510 0.0000000000
38269  41.278  -30.144  76.750 0.0000000000
38289  41.162  -30.092  76.175 0.0000000000
39326  39.315  -29.507  74.912 0.0000000000
126700  38.682  -29.355  75.036 0.0000000000
39327  38.156  -29.295  75.202 0.0000000000
39278  35.928  -29.743  76.307 0.0000000000
39302  36.317  -29.386  75.568 0.0000000000
40342  33.723  -28.582  73.544 0.0000000000
40343  32.773  -28.620  73.502 0.0000000000
38234  33.171  -30.738  78.470 0.0000000000
38257  32.656  -30.523  77.817 0.0000000000
39335  29.152  -29.421  74.664 0.0000000000
39308  30.484  -29.634  75.294 0.0000000000
40346  29.816  -28.721  73.214 0.0000000000
40371  29.331  -28.516  72.512 0.0000000000
40391  28.795  -28.356  71.780 0.0000000000
120411  27.416  -28.711  71.896 0.0000000000
123213  26.570  -28.802  70.938 0.0000000000
39375  24.028  -30.048  71.513 0.0000000000
39374  24.656  -29.652  71.197 0.0000000000
38339  23.429  -30.161  70.100 0.0000000000
38353  22.517  -30.351  68.659 0.0000000000
37352  21.416  -31.335  68.477 0.0000000000
48718  52.831  -20.862  59.990 0.0000000000
34412  24.037  -34.672  83.522 0.0000000000
33415  23.280  -35.080  83.293 0.0000000000
33430  22.866  -35.142  82.949 0.0000000000
34426  22.285  -34.828  82.408 0.0000000000
36264  19.473  -32.799  84.720 0.0000000000
35344  20.244  -33.296  83.039 0.0000000000
35351  20.238  -33.204  81.999 0.0000000000
36336  19.107  -32.726  79.645 0.0000000000
36338  17.418  -32.630  79.154 0.0000000000
104783  53.242  -15.617  57.256 0.0000000000
108185  55.861  -14.710  60.466 0.0000000000
53698  56.761  -14.877  60.473 0.0000000000
53601  54.274  -15.050  66.753 0.0000000000
51579  50.831  -17.534  64.292 0.0000000000
51594  51.030  -17.743  63.419 0.0000000000
50594  49.157  -18.258  62.169 0.0000000000
50595  48.365  -18.301  62.345 0.0000000000
109690  45.165  -19.459  61.110 0.0000000000
123978  45.125  -19.265  61.798 0.0000000000
49664  44.611  -19.555  61.851 0.0000000000
50524  48.120  -17.715  70.277 0.0000000000
47466  46.345  -21.346  72.951 0.0000000000
47486  45.756  -21.192  71.528 0.0000000000
48573  45.852  -20.646  70.790 0.0000000000
47519  45.293  -20.824  69.301 0.0000000000
109929  46.247  -19.488  69.033 0.0000000000
111622  46.192  -19.285  68.131 0.0000000000
49597  46.111  -19.081  67.311 0.0000000000
47598  43.151  -21.434  64.397 0.0000000000
47665  41.868  -21.658  60.705 0.0000000000
46622  40.703  -22.544  60.245 0.0000000000
45644  39.532  -23.583  61.543 0.0000000000
45671  39.306  -23.549  60.578 0.0000000000
42596  39.250  -26.053  64.140 0.0000000000
123700  36.341  -26.596  60.436 0.0000000000
42646  35.964  -26.638  59.802 0.0000000000
109143  37.857  -28.339  71.930 0.0000000000
40386  37.904  -28.236  71.200 0.0000000000
41464  37.108  -27.975  70.922 0.0000000000
41522  34.030  -27.487  68.287 0.0000000000
41557  34.480  -27.494  66.920 0.0000000000
112226  32.940  -27.485  64.868 0.0000000000
121941  27.906  -27.703  67.059 0.0000000000
41562  28.644  -27.572  66.998 0.0000000000
41629  30.417  -27.120  62.961 0.0000000000
110584  53.416  -19.896  54.181 0.0000000000
36334  27.714  -32.440  80.009 0.0000000000
36322  27.956  -32.250  80.445 0.0000000000
105701  27.430  -32.492  80.163 0.0000000000
36323  26.877  -32.781  80.127 0.0000000000
35348  24.937  -33.914  80.778 0.0000000000
126410  29.885  -31.589  81.883 0.0000000000
40280  43.723  -28.016  77.174 0.0000000000
40293  43.904  -28.059  76.480 0.0000000000
125551  43.541  -28.339  74.822 0.0000000000
41427  43.792  -27.868  74.584 0.0000000000
41426  44.358  -27.292  75.341 0.0000000000
42496  44.238  -26.505  74.060 0.0000000000
43406  44.455  -25.539  73.747 0.0000000000
42515  42.921  -26.827  71.423 0.0000000000
41463  42.599  -27.515  71.179 0.0000000000
41518  41.155  -27.953  68.381 0.0000000000
40439  39.948  -28.746  68.197 0.0000000000
112580  39.430  -28.698  67.822 0.0000000000
40441  38.016  -28.242  67.834 0.0000000000
39402  23.524  -29.485  67.567 0.0000000000
40462  23.999  -29.148  67.008 0.0000000000
39423  22.595  -29.787  66.376 0.0000000000
39430  22.499  -29.840  65.454 0.0000000000
110179  21.320  -31.404  64.654 0.0000000000
37322  22.300  -31.364  70.765 0.0000000000
37308  21.823  -32.174  71.078 0.0000000000
36406  21.937  -32.550  71.861 0.0000000000
35468  20.812  -34.337  71.210 0.0000000000
34491  22.290  -35.065  75.880 0.0000000000
33517  21.920  -35.248  75.467 0.0000000000
35441  17.962  -33.115  73.601 0.0000000000
35408  17.330  -33.239  75.150 0.0000000000
38200  38.883  -30.232  79.633 0.0000000000
38215  39.372  -30.287  79.078 0.0000000000
38230  39.544  -30.443  78.417 0.0000000000
38292  38.763  -30.002  76.405 0.0000000000
38274  36.481  -30.195  77.045 0.0000000000
39279  35.038  -29.699  76.234 0.0000000000
123121  33.933  -29.352  75.549 0.0000000000
38259  30.292  -30.489  77.436 0.0000000000
39310  28.699  -29.704  75.283 0.0000000000
39286  28.057  -30.007  75.876 0.0000000000
120616  28.475  -29.488  74.678 0.0000000000
39353  26.729  -29.268  73.263 0.0000000000
39363  26.168  -29.302  72.771 0.0000000000
105609  25.010  -29.902  72.839 0.0000000000
39365  24.658  -29.854  72.101 0.0000000000
36265  18.772  -32.485  84.827 0.0000000000
36280  18.628  -32.511  83.979 0.0000000000
36312  17.662  -32.433  81.374 0.0000000000
104819  16.902  -32.576  81.035 0.0000000000
52613  55.784  -15.653  64.121 0.0000000000
107852  49.107  -17.718  64.270 0.0000000000
51582  47.779  -17.870  64.466 0.0000000000
50572  47.091  -18.076  64.105 0.0000000000
113075  45.829  -18.655  64.103 0.0000000000
47504  44.888  -21.846  70.392 0.0000000000
46490  44.360  -22.009  68.668 0.0000000000
108324  44.478  -21.502  67.965 0.0000000000
125981  44.537  -21.221  67.511 0.0000000000
47563  44.125  -21.327  66.427 0.0000000000
47580  43.606  -21.658  65.887 0.0000000000
122445  42.681  -22.089  64.578 0.0000000000
46566  42.003  -22.170  63.449 0.0000000000
45624  40.791  -22.761  62.373 0.0000000000
44622  38.687  -24.424  61.493 0.0000000000
42598  37.777  -27.174  62.907 0.0000000000
116995  35.745  -27.821  71.259 0.0000000000
41505  33.158  -27.443  69.766 0.0000000000
105451  33.625  -27.450  69.070 0.0000000000
41523  33.263  -27.475  68.466 0.0000000000
125786  32.083  -27.486  66.814 0.0000000000
41596  26.683  -27.633  64.367 0.0000000000
41595  27.290  -27.531  64.513 0.0000000000
41614  26.709  -27.526  63.614 0.0000000000
41631  27.361  -27.269  62.953 0.0000000000
122674  27.059  -27.363  62.142 0.0000000000
120539  55.920  -16.157  50.838 0.0000000000
50758  56.648  -17.957  52.019 0.0000000000
118137  56.850  -18.568  52.462 0.0000000000
47747  55.013  -21.338  55.106 0.0000000000
37276  24.910  -31.173  75.900 0.0000000000
36362  24.076  -32.326  76.130 0.0000000000
36359  23.815  -33.102  76.328 0.0000000000
35376  25.315  -33.379  78.358 0.0000000000
35369  25.654  -33.659  79.146 0.0000000000
34479  22.700  -34.876  76.550 0.0000000000
33511  22.292  -35.232  76.673 0.0000000000
33505  21.966  -35.370  76.942 0.0000000000
34465  21.516  -35.048  77.401 0.0000000000
34466  20.998  -34.491  78.126 0.0000000000
37195  35.979  -30.951  81.234 0.0000000000
110283  35.916  -31.298  80.966 0.0000000000
37217  35.388  -31.394  80.829 0.0000000000
37218  33.751  -31.474  80.988 0.0000000000
37235  33.331  -31.369  80.325 0.0000000000
119117  32.683  -30.879  79.121 0.0000000000
38235  31.874  -30.790  78.970 0.0000000000
38236  31.007  -30.822  78.761 0.0000000000
37181  31.892  -30.942  82.616 0.0000000000
105836  30.202  -31.636  80.906 0.0000000000
37254  31.240  -31.140  79.629 0.0000000000
38261  27.992  -30.766  77.539 0.0000000000
113398  26.624  -30.594  76.470 0.0000000000
38284  26.066  -30.734  76.299 0.0000000000
124870  49.033  -20.552  59.613 0.0000000000
54685  53.392  -14.121  67.417 0.0000000000
46454  46.058  -22.039  73.251 0.0000000000
46465  45.168  -22.490  71.908 0.0000000000
43429  44.154  -25.226  72.914 0.0000000000
44411  43.662  -24.667  71.306 0.0000000000
122630  44.206  -24.045  71.825 0.0000000000
125844  44.250  -23.594  71.321 0.0000000000
45489  44.269  -23.224  70.764 0.0000000000
45498  43.572  -23.520  69.317 0.0000000000
44472  42.540  -24.613  68.301 0.0000000000
123770  41.295  -24.601  65.800 0.0000000000
42584  39.273  -26.815  64.729 0.0000000000
41605  38.310  -27.745  63.963 0.0000000000
41537  40.670  -28.051  67.724 0.0000000000
41556  39.705  -28.140  66.340 0.0000000000
40471  39.314  -28.572  66.502 0.0000000000
40506  37.849  -28.388  63.961 0.0000000000
121326  37.254  -28.686  64.277 0.0000000000
122128  35.746  -28.435  63.089 0.0000000000
120843  29.679  -27.677  69.934 0.0000000000
41508  30.418  -27.542  69.558 0.0000000000
41528  28.842  -27.678  68.628 0.0000000000
105175  28.234  -27.731  67.851 0.0000000000
41529  27.506  -28.011  68.381 0.0000000000
41563  27.251  -27.824  66.692 0.0000000000
41580  26.219  -27.820  64.810 0.0000000000
40476  24.505  -28.801  66.316 0.0000000000
40488  25.329  -28.366  65.928 0.0000000000
51779  52.898  -16.813  53.058 0.0000000000
50753  52.768  -17.502  52.978 0.0000000000
50742  52.679  -18.218  53.323 0.0000000000
49755  52.466  -19.053  54.818 0.0000000000
121361  52.851  -19.602  54.594 0.0000000000
123766  22.715  -32.773  73.881 0.0000000000
109238  22.312  -33.411  73.475 0.0000000000
35453  21.483  -34.190  72.335 0.0000000000
34539  20.560  -34.349  71.442 0.0000000000
34513  21.239  -34.799  73.539 0.0000000000
34515  20.681  -34.633  72.995 0.0000000000
34522  20.942  -34.761  72.887 0.0000000000
115328  19.858  -34.328  70.764 0.0000000000
40265  42.912  -28.225  77.928 0.0000000000
40281  43.150  -28.510  77.471 0.0000000000
39296  42.784  -29.274  76.324 0.0000000000
39322  42.730  -29.256  75.424 0.0000000000
39298  42.103  -29.587  74.993 0.0000000000
39361  41.077  -29.350  72.479 0.0000000000
39372  40.813  -29.157  71.684 0.0000000000
39362  40.264  -29.166  72.551 0.0000000000
40361  38.359  -28.575  72.588 0.0000000000
40362  37.351  -28.354  72.447 0.0000000000
40363  36.579  -28.205  72.152 0.0000000000
112723  38.149  -29.626  75.851 0.0000000000
39351  37.581  -28.998  74.669 0.0000000000
39328  36.706  -29.010  74.798 0.0000000000
40316  37.079  -28.734  73.969 0.0000000000
41447  35.367  -28.038  71.898 0.0000000000
41448  34.564  -28.029  71.961 0.0000000000
112507  31.101  -27.723  71.060 0.0000000000
104889  35.281  -31.241  78.917 0.0000000000
38255  34.366  -30.512  77.717 0.0000000000
119115  31.459  -30.115  76.575 0.0000000000
121837  31.696  -29.870  75.956 0.0000000000
39306  32.395  -29.589  75.616 0.0000000000
123554  32.597  -28.943  74.259 0.0000000000
40344  31.957  -28.553  73.193 0.0000000000
122512  31.326  -28.513  72.986 0.0000000000
120968  31.743  -28.270  72.402 0.0000000000
40388  31.260  -28.060  71.862 0.0000000000
125272  29.694  -27.804  70.595 0.0000000000
121631  29.070  -27.887  70.364 0.0000000000
41487  28.311  -28.045  70.071 0.0000000000
40406  27.745  -28.335  70.629 0.0000000000
40422  27.484  -28.267  69.808 0.0000000000
40445  24.590  -29.207  68.514 0.0000000000
40373  26.887  -29.003  72.456 0.0000000000
40394  26.059  -29.052  71.224 0.0000000000
39382  24.668  -29.506  70.396 0.0000000000
40409  25.231  -29.200  69.999 0.0000000000
40425  24.973  -29.194  69.221 0.0000000000
38354  21.829  -30.737  68.209 0.0000000000
38363  21.689  -30.689  67.373 0.0000000000
120803  21.086  -31.365  66.389 0.0000000000
49686  56.640  -18.781  60.574 0.0000000000
47704  50.440  -21.032  59.782 0.0000000000
109768  24.421  -32.964  82.097 0.0000000000
112927  24.441  -34.501  81.601 0.0000000000
33459  24.174  -35.208  81.275 0.0000000000
33460  23.644  -35.435  80.962 0.0000000000
33461  23.015  -35.548  80.492 0.0000000000
33444  23.176  -35.460  81.484 0.0000000000
33462  22.440  -35.357  79.919 0.0000000000
34439  21.810  -35.034  79.396 0.0000000000
34427  21.552  -34.302  81.804 0.0000000000
110921  21.020  -33.795  82.113 0.0000000000
34433  21.425  -34.287  80.844 0.0000000000
35370  20.453  -33.767  78.650 0.0000000000
36354  18.018  -32.673  77.622 0.0000000000
36346  17.971  -32.597  78.454 0.0000000000
36327  17.537  -32.516  80.475 0.0000000000
110250  17.069  -32.656  79.805 0.0000000000
53793  53.920  -15.465  52.893 0.0000000000
51755  52.533  -17.388  54.752 0.0000000000
53732  54.791  -15.458  59.001 0.0000000000
52689  57.017  -15.640  59.281 0.0000000000
123660  50.752  -18.660  60.607 0.0000000000
52587  55.130  -15.342  65.408 0.0000000000
116303  54.985  -16.019  65.305 0.0000000000
52602  53.420  -16.967  65.374 0.0000000000
51593  52.528  -17.568  63.535 0.0000000000
51609  51.304  -17.949  62.689 0.0000000000
51532  49.614  -16.567  69.072 0.0000000000
121193  47.936  -18.359  72.516 0.0000000000
50506  47.761  -18.420  71.614 0.0000000000
48585  45.724  -20.430  69.888 0.0000000000
49548  47.213  -18.932  71.156 0.0000000000
114089  48.138  -17.582  69.288 0.0000000000
51545  47.786  -17.689  67.162 0.0000000000
122858  47.304  -17.896  66.526 0.0000000000
48634  44.548  -20.340  65.733 0.0000000000
48647  43.793  -20.770  64.711 0.0000000000
49638  44.731  -19.686  64.657 0.0000000000
49651  44.855  -19.336  63.320 0.0000000000
48683  43.033  -20.677  61.631 0.0000000000
126186  40.658  -24.614  64.825 0.0000000000
44570  39.648  -24.816  63.518 0.0000000000
43598  37.722  -24.838  60.285 0.0000000000
43566  37.720  -25.971  61.948 0.0000000000
40401  39.627  -28.675  70.426 0.0000000000
124596  38.246  -28.290  70.678 0.0000000000
40402  38.692  -28.376  70.085 0.0000000000
41538  37.187  -27.973  67.552 0.0000000000
125019  36.486  -27.665  69.737 0.0000000000
106235  35.286  -27.511  69.013 0.0000000000
41520  36.253  -27.602  68.913 0.0000000000
41570  35.632  -27.826  65.526 0.0000000000
41608  34.337  -27.817  63.395 0.0000000000
41626  33.850  -27.713  62.747 0.0000000000
41544  30.042  -27.487  67.717 0.0000000000
41543  30.950  -27.469  67.664 0.0000000000
111699  31.805  -27.499  66.125 0.0000000000
123946  29.005  -27.417  64.909 0.0000000000
105188  29.126  -27.299  63.968 0.0000000000
41593  29.439  -27.393  64.607 0.0000000000
41573  32.343  -27.493  65.462 0.0000000000
41591  31.815  -27.395  63.712 0.0000000000
123663  33.221  -27.529  62.642 0.0000000000
123854  33.618  -27.637  62.365 0.0000000000
49772  54.354  -19.103  52.738 0.0000000000
50751  54.888  -18.538  52.252 0.0000000000
47746  55.781  -21.295  54.746 0.0000000000
35349  24.536  -33.801  81.593 0.0000000000
36339  16.754  -32.935  79.172 0.0000000000
38202  37.771  -30.441  80.299 0.0000000000
38216  38.606  -30.591  79.307 0.0000000000
38249  41.124  -30.190  77.329 0.0000000000
38268  41.655  -29.962  76.363 0.0000000000
39171  34.066  -30.048  82.344 0.0000000000
39213  38.540  -29.993  80.120 0.0000000000
40501  23.698  -28.940  64.616 0.0000000000
41383  43.232  -27.548  77.753 0.0000000000
41576  29.340  -27.450  65.337 0.0000000000
105156  39.006  -30.596  78.240 0.0000000000
112138  25.626  -29.269  71.606 0.0000000000
125036  26.336  -28.309  67.605 0.0000000000
125889  27.050  -27.512  64.087 0.0000000000
