#!ascii label  , from subject sub-fsm70qy vox2ras=TkReg
288
67249  25.872  -1.476  2.795 0.0000000000
59250  23.906  -10.555  4.338 0.0000000000
71728  24.763  2.793  0.703 0.0000000000
77447  23.846  9.883  -5.739 0.0000000000
58138  21.334  -11.174  5.456 0.0000000000
74345  29.090  6.021  0.171 0.0000000000
75851  28.629  8.736  -1.085 0.0000000000
65530  22.888  -3.730  2.897 0.0000000000
63005  24.269  -6.084  3.499 0.0000000000
105206  26.767  -4.852  2.640 0.0000000000
68135  29.030  0.222  1.596 0.0000000000
66421  28.774  -2.883  0.175 0.0000000000
69016  24.953  0.804  1.994 0.0000000000
71723  29.361  3.021  1.186 0.0000000000
75879  24.772  8.252  -3.871 0.0000000000
77426  27.655  10.593  -2.142 0.0000000000
61169  26.478  -8.672  3.715 0.0000000000
109618  26.696  6.255  -0.643 0.0000000000
75102  26.530  7.392  -1.423 0.0000000000
65529  24.356  -3.262  3.132 0.0000000000
65528  25.117  -4.113  3.325 0.0000000000
109160  26.871  -3.246  2.744 0.0000000000
59236  23.189  -10.976  4.747 0.0000000000
106410  24.448  1.477  1.296 0.0000000000
69899  26.559  1.871  2.249 0.0000000000
71725  27.376  3.269  1.526 0.0000000000
119267  30.325  6.762  -0.941 0.0000000000
106756  30.696  5.072  -0.886 0.0000000000
76673  23.024  8.444  -5.993 0.0000000000
111380  23.841  7.520  -4.633 0.0000000000
77438  24.305  9.416  -5.013 0.0000000000
80559  26.522  14.604  -5.378 0.0000000000
79767  26.879  13.577  -4.348 0.0000000000
78297  26.622  11.670  -3.300 0.0000000000
79039  28.051  12.481  -3.480 0.0000000000
78284  28.800  11.150  -2.620 0.0000000000
63805  26.119  -6.358  3.149 0.0000000000
121925  25.164  -7.304  3.439 0.0000000000
58125  20.845  -11.741  5.905 0.0000000000
72673  27.220  4.539  0.693 0.0000000000
73556  26.771  5.034  0.150 0.0000000000
74358  28.579  6.731  -0.126 0.0000000000
120008  29.896  8.742  -1.766 0.0000000000
63809  22.482  -5.396  3.450 0.0000000000
105092  23.170  -5.030  3.445 0.0000000000
64646  24.874  -5.396  3.433 0.0000000000
63825  27.566  -6.053  2.365 0.0000000000
68124  27.529  -0.825  2.663 0.0000000000
67263  28.274  -2.059  1.956 0.0000000000
125044  28.653  -1.314  0.462 0.0000000000
123385  23.912  -1.534  2.189 0.0000000000
68138  23.744  -0.421  1.628 0.0000000000
68126  25.240  -0.654  2.432 0.0000000000
69881  27.893  0.512  2.488 0.0000000000
69912  29.675  1.694  0.843 0.0000000000
107764  30.471  2.407  -0.960 0.0000000000
72672  29.123  4.581  0.754 0.0000000000
120107  30.684  3.979  -0.828 0.0000000000
115611  25.100  7.549  -3.159 0.0000000000
79051  25.102  11.969  -4.763 0.0000000000
77437  25.278  10.442  -4.027 0.0000000000
76654  26.104  9.412  -2.610 0.0000000000
75865  26.452  8.768  -1.983 0.0000000000
77416  28.177  10.042  -1.686 0.0000000000
76643  29.329  9.840  -1.978 0.0000000000
61173  22.967  -8.726  3.894 0.0000000000
63006  23.585  -6.265  3.520 0.0000000000
65553  28.180  -3.884  1.460 0.0000000000
64684  28.733  -5.051  1.460 0.0000000000
74370  26.246  6.624  -1.335 0.0000000000
119525  25.862  6.993  -1.897 0.0000000000
66382  25.223  -2.318  2.934 0.0000000000
105826  25.715  -3.197  3.126 0.0000000000
66381  26.392  -2.326  2.914 0.0000000000
57127  19.860  -12.931  6.994 0.0000000000
56262  20.593  -12.907  6.765 0.0000000000
70805  25.057  2.301  1.327 0.0000000000
120544  25.823  2.388  1.752 0.0000000000
71727  25.645  3.044  1.204 0.0000000000
115501  30.604  7.250  -1.932 0.0000000000
74381  30.765  6.355  -1.988 0.0000000000
76681  23.258  8.924  -6.084 0.0000000000
76672  23.631  8.434  -5.361 0.0000000000
79049  27.520  13.127  -3.894 0.0000000000
79038  28.860  12.236  -3.690 0.0000000000
63019  27.160  -6.621  2.817 0.0000000000
108484  27.122  -7.144  3.052 0.0000000000
59237  22.458  -10.378  4.662 0.0000000000
72675  25.666  4.016  -0.040 0.0000000000
72688  26.021  4.703  -0.312 0.0000000000
75093  28.003  7.493  -0.517 0.0000000000
74359  27.604  6.588  -0.249 0.0000000000
75841  28.561  8.094  -0.743 0.0000000000
75091  29.621  7.702  -0.856 0.0000000000
75850  29.306  8.783  -1.348 0.0000000000
77466  22.353  9.580  -6.923 0.0000000000
121554  22.634  -4.764  3.326 0.0000000000
65507  23.256  -4.415  3.310 0.0000000000
65527  26.302  -4.107  2.968 0.0000000000
123717  24.694  -4.812  3.424 0.0000000000
64668  25.778  -4.986  3.151 0.0000000000
64667  26.744  -5.547  2.699 0.0000000000
64666  27.517  -5.260  2.163 0.0000000000
58124  21.820  -12.048  5.733 0.0000000000
125181  21.831  -12.474  6.198 0.0000000000
69015  28.534  -0.059  2.196 0.0000000000
68137  28.335  -1.008  2.232 0.0000000000
68150  28.939  -0.544  0.615 0.0000000000
66384  22.533  -2.367  2.069 0.0000000000
108266  24.137  0.731  1.404 0.0000000000
69017  24.265  0.171  1.684 0.0000000000
68127  24.463  -0.340  2.012 0.0000000000
69005  25.870  0.190  2.443 0.0000000000
69004  27.037  0.088  2.653 0.0000000000
121161  26.485  0.565  2.487 0.0000000000
119787  28.846  2.685  1.558 0.0000000000
70802  28.587  1.982  1.972 0.0000000000
70801  29.319  2.202  1.343 0.0000000000
69911  30.069  1.977  0.245 0.0000000000
71739  30.227  2.856  0.211 0.0000000000
73554  28.671  5.326  0.532 0.0000000000
112103  28.168  4.665  0.835 0.0000000000
73553  29.692  5.221  0.253 0.0000000000
105955  30.676  3.619  -1.964 0.0000000000
75867  24.417  7.551  -4.001 0.0000000000
74393  23.750  6.842  -3.965 0.0000000000
75119  24.457  6.879  -3.518 0.0000000000
124998  24.954  7.921  -3.508 0.0000000000
79776  26.224  13.932  -4.874 0.0000000000
80560  25.497  14.214  -5.491 0.0000000000
79041  26.008  12.147  -3.930 0.0000000000
78286  27.147  11.162  -2.697 0.0000000000
77436  26.152  10.876  -3.176 0.0000000000
77427  26.654  10.324  -2.559 0.0000000000
76653  27.197  9.687  -1.844 0.0000000000
76646  27.276  8.902  -1.444 0.0000000000
77445  29.716  11.093  -3.645 0.0000000000
77424  29.121  10.501  -2.283 0.0000000000
77434  30.030  10.359  -3.405 0.0000000000
76651  30.310  9.416  -3.143 0.0000000000
113906  22.197  -8.718  4.199 0.0000000000
63808  23.402  -5.632  3.499 0.0000000000
119311  22.944  -5.715  3.483 0.0000000000
61184  25.990  -8.014  3.417 0.0000000000
115386  24.160  -7.293  3.559 0.0000000000
61185  25.008  -8.139  3.519 0.0000000000
61171  24.749  -9.046  3.666 0.0000000000
66403  28.444  -2.614  0.692 0.0000000000
66404  28.173  -3.011  1.556 0.0000000000
107679  28.584  -3.382  0.738 0.0000000000
73569  26.353  5.470  -0.493 0.0000000000
121138  25.924  5.856  -1.204 0.0000000000
112733  27.044  7.032  -0.820 0.0000000000
75101  27.248  7.727  -0.977 0.0000000000
120391  23.461  -3.769  3.126 0.0000000000
65506  24.047  -4.259  3.404 0.0000000000
58137  22.363  -11.308  5.177 0.0000000000
110331  22.644  -11.983  5.627 0.0000000000
58136  23.200  -11.631  5.318 0.0000000000
58122  23.767  -11.562  5.833 0.0000000000
69028  29.354  0.349  0.615 0.0000000000
125317  29.005  -0.552  -0.260 0.0000000000
69901  23.665  0.991  1.038 0.0000000000
69900  25.449  1.682  1.900 0.0000000000
69883  26.041  1.031  2.328 0.0000000000
70803  27.493  2.424  2.095 0.0000000000
71724  28.540  3.402  1.382 0.0000000000
74356  30.139  6.371  -0.536 0.0000000000
73567  30.295  5.571  -0.400 0.0000000000
115537  30.617  6.076  -1.059 0.0000000000
75880  24.068  7.950  -4.711 0.0000000000
76663  24.506  8.737  -4.467 0.0000000000
79040  27.071  12.440  -3.499 0.0000000000
78296  27.611  11.852  -3.025 0.0000000000
78285  28.060  11.293  -2.485 0.0000000000
78295  28.456  11.784  -3.052 0.0000000000
78294  29.160  11.518  -3.276 0.0000000000
63806  25.071  -5.976  3.398 0.0000000000
63004  25.353  -6.633  3.380 0.0000000000
62137  26.658  -7.515  3.273 0.0000000000
57142  20.144  -12.206  6.457 0.0000000000
124597  20.557  -10.982  5.708 0.0000000000
59238  21.598  -10.400  5.044 0.0000000000
123816  23.155  -10.316  4.340 0.0000000000
71742  25.226  3.435  0.381 0.0000000000
71741  26.034  3.684  0.688 0.0000000000
72674  26.409  4.298  0.359 0.0000000000
73555  27.656  5.259  0.464 0.0000000000
74346  28.142  6.001  0.226 0.0000000000
73568  27.170  5.810  -0.015 0.0000000000
74357  29.439  6.630  -0.260 0.0000000000
115254  29.848  7.094  -0.659 0.0000000000
75090  30.197  7.424  -1.233 0.0000000000
75849  30.302  8.042  -1.826 0.0000000000
76682  22.689  9.034  -6.553 0.0000000000
77458  22.990  9.415  -6.715 0.0000000000
78315  23.585  10.373  -6.275 0.0000000000
108588  22.807  -5.218  3.441 0.0000000000
63807  24.041  -5.556  3.526 0.0000000000
64647  23.970  -4.956  3.495 0.0000000000
63827  25.899  -5.758  3.153 0.0000000000
63826  26.726  -6.113  2.807 0.0000000000
63018  27.934  -6.515  2.444 0.0000000000
67248  27.003  -1.528  2.802 0.0000000000
120036  27.850  -1.561  2.455 0.0000000000
67262  28.468  -1.697  1.117 0.0000000000
67279  28.659  -2.090  -0.099 0.0000000000
121365  28.812  -1.301  -0.409 0.0000000000
67278  29.022  -1.634  -0.735 0.0000000000
66420  28.984  -2.440  -0.294 0.0000000000
106824  23.201  -2.964  2.583 0.0000000000
66383  24.094  -2.260  2.572 0.0000000000
67250  24.792  -1.516  2.533 0.0000000000
67264  23.377  -1.123  1.761 0.0000000000
68125  26.431  -0.674  2.692 0.0000000000
69003  27.978  -0.256  2.546 0.0000000000
69898  27.730  1.463  2.377 0.0000000000
108273  28.649  0.875  2.145 0.0000000000
125763  29.579  1.088  0.822 0.0000000000
69925  29.730  1.013  0.131 0.0000000000
121582  30.284  1.794  -0.990 0.0000000000
72655  27.758  4.009  1.143 0.0000000000
72654  28.610  4.115  1.077 0.0000000000
72653  29.297  3.798  0.957 0.0000000000
73552  30.370  4.650  -0.171 0.0000000000
72671  29.865  4.238  0.457 0.0000000000
72670  30.360  3.724  0.052 0.0000000000
71754  30.502  3.064  -0.488 0.0000000000
75118  25.269  6.911  -2.642 0.0000000000
79052  24.256  11.522  -5.705 0.0000000000
78305  24.486  10.936  -5.267 0.0000000000
77446  24.654  10.407  -4.873 0.0000000000
116153  25.020  9.553  -4.040 0.0000000000
78298  25.831  11.330  -3.700 0.0000000000
77428  25.685  10.005  -3.231 0.0000000000
76662  25.253  9.087  -3.492 0.0000000000
75866  25.487  8.411  -2.933 0.0000000000
75103  25.969  7.733  -2.223 0.0000000000
75853  26.868  8.190  -1.427 0.0000000000
76645  28.001  9.272  -1.323 0.0000000000
77425  28.456  10.665  -2.117 0.0000000000
77415  28.793  10.142  -1.860 0.0000000000
76644  28.824  9.478  -1.514 0.0000000000
126961  29.469  9.263  -1.729 0.0000000000
75863  30.311  8.657  -2.433 0.0000000000
60312  22.656  -9.578  4.254 0.0000000000
107278  23.483  -9.728  4.011 0.0000000000
62138  23.201  -6.961  3.574 0.0000000000
120659  24.488  -6.652  3.499 0.0000000000
61186  23.513  -7.964  3.646 0.0000000000
61172  23.880  -8.972  3.734 0.0000000000
66380  27.555  -2.436  2.494 0.0000000000
111968  27.696  -3.354  2.218 0.0000000000
65526  27.409  -4.237  2.301 0.0000000000
65564  28.893  -3.519  0.501 0.0000000000
65552  28.742  -4.208  1.028 0.0000000000
64685  28.189  -4.793  1.599 0.0000000000
64665  28.288  -5.676  1.874 0.0000000000
63003  26.441  -6.944  3.180 0.0000000000
64648  22.773  -4.302  3.167 0.0000000000
67251  24.234  -0.915  2.095 0.0000000000
67252  23.201  -1.935  2.093 0.0000000000
68136  28.736  -0.686  1.560 0.0000000000
68162  28.963  -0.951  -1.029 0.0000000000
69006  24.931  0.053  2.155 0.0000000000
69039  29.275  -0.048  -0.553 0.0000000000
69882  26.964  0.940  2.495 0.0000000000
69897  29.280  1.215  1.440 0.0000000000
69924  30.050  1.431  -0.520 0.0000000000
70804  26.537  2.772  1.733 0.0000000000
70817  29.797  2.542  0.788 0.0000000000
70831  30.328  2.273  -0.380 0.0000000000
71726  26.448  3.377  1.264 0.0000000000
71740  29.865  3.380  0.642 0.0000000000
72656  26.834  3.894  0.995 0.0000000000
74369  30.528  6.776  -1.411 0.0000000000
75092  29.060  7.482  -0.471 0.0000000000
75100  29.769  8.170  -1.288 0.0000000000
75127  23.995  7.151  -4.269 0.0000000000
75840  29.182  8.203  -0.885 0.0000000000
75852  27.811  8.395  -0.988 0.0000000000
75864  29.896  9.359  -2.239 0.0000000000
76652  29.740  10.084  -2.615 0.0000000000
77435  29.464  10.836  -2.915 0.0000000000
110796  28.178  2.780  1.772 0.0000000000
115360  29.783  5.978  -0.120 0.0000000000
124258  25.951  -7.285  3.332 0.0000000000
126482  22.461  -8.243  3.965 0.0000000000
