#!ascii label  , from subject sub-fsm93cs vox2ras=TkReg
341
17898  44.451  -80.915  15.116 0.0000000000
12963  36.793  -86.062  4.990 0.0000000000
10739  41.213  -87.369  12.342 0.0000000000
15013  41.607  -83.197  10.165 0.0000000000
118179  36.858  -89.006  5.957 0.0000000000
10796  38.883  -87.449  9.505 0.0000000000
6908  35.206  -91.434  7.898 0.0000000000
14007  39.517  -84.704  7.606 0.0000000000
16980  39.447  -81.534  11.400 0.0000000000
12818  44.898  -84.724  13.944 0.0000000000
12884  43.269  -85.263  10.276 0.0000000000
11866  41.540  -86.590  7.039 0.0000000000
9856  39.747  -88.372  4.414 0.0000000000
6958  36.427  -91.602  3.221 0.0000000000
117238  40.891  -79.934  15.837 0.0000000000
14967  42.549  -84.041  14.835 0.0000000000
9714  42.487  -88.158  15.265 0.0000000000
18881  42.462  -79.714  12.160 0.0000000000
6901  36.277  -91.606  8.892 0.0000000000
12909  38.138  -85.046  6.972 0.0000000000
13977  37.967  -84.225  8.965 0.0000000000
11793  44.044  -86.062  12.867 0.0000000000
10778  42.399  -86.443  11.173 0.0000000000
9806  37.511  -88.220  7.941 0.0000000000
10803  40.909  -87.480  8.454 0.0000000000
9822  39.966  -88.392  6.919 0.0000000000
11894  40.574  -86.929  5.810 0.0000000000
8878  39.001  -89.418  5.216 0.0000000000
7948  38.236  -90.457  1.775 0.0000000000
118105  41.696  -85.730  15.278 0.0000000000
131522  43.505  -85.613  14.917 0.0000000000
10684  42.410  -87.688  15.869 0.0000000000
14999  43.977  -82.677  11.311 0.0000000000
15973  42.171  -82.018  11.226 0.0000000000
17938  38.389  -80.569  11.605 0.0000000000
125339  40.317  -79.315  11.974 0.0000000000
8806  39.247  -89.217  12.285 0.0000000000
10760  39.257  -87.451  11.258 0.0000000000
9781  37.548  -89.146  10.305 0.0000000000
9796  36.623  -88.971  8.856 0.0000000000
8856  35.507  -89.267  7.373 0.0000000000
13975  39.965  -84.069  8.939 0.0000000000
126027  40.138  -82.667  10.613 0.0000000000
15016  38.879  -83.187  10.197 0.0000000000
15990  37.631  -82.495  10.664 0.0000000000
11933  35.658  -86.618  3.571 0.0000000000
15955  44.935  -82.096  14.328 0.0000000000
15010  44.226  -83.618  11.195 0.0000000000
15031  43.110  -84.078  10.077 0.0000000000
10793  41.666  -86.681  9.685 0.0000000000
11853  42.056  -86.237  8.601 0.0000000000
13990  41.740  -84.858  8.262 0.0000000000
14006  40.548  -84.861  7.405 0.0000000000
12928  39.755  -85.685  6.090 0.0000000000
129539  38.774  -86.704  4.422 0.0000000000
7902  36.700  -89.897  4.830 0.0000000000
7916  38.429  -90.236  3.887 0.0000000000
9885  39.012  -88.561  2.507 0.0000000000
10885  37.375  -87.244  2.877 0.0000000000
19764  41.648  -78.612  15.704 0.0000000000
17900  42.784  -80.358  15.609 0.0000000000
16941  41.583  -81.640  15.513 0.0000000000
15938  43.449  -82.152  15.344 0.0000000000
13901  44.170  -84.219  14.562 0.0000000000
130970  44.076  -86.075  14.359 0.0000000000
10721  42.444  -87.643  13.639 0.0000000000
7815  40.408  -89.822  14.053 0.0000000000
8799  40.310  -89.115  13.338 0.0000000000
17937  40.966  -80.876  11.766 0.0000000000
18836  43.402  -79.807  15.365 0.0000000000
18862  44.000  -79.377  14.957 0.0000000000
17921  44.919  -80.312  14.630 0.0000000000
12946  37.653  -85.963  5.434 0.0000000000
12910  37.264  -84.923  7.121 0.0000000000
10737  42.756  -87.092  12.941 0.0000000000
10756  42.594  -86.740  12.134 0.0000000000
10757  41.922  -86.798  11.763 0.0000000000
9824  38.194  -88.501  7.214 0.0000000000
9823  39.165  -88.567  7.137 0.0000000000
134780  38.850  -88.811  6.647 0.0000000000
9834  38.923  -89.027  5.988 0.0000000000
8864  38.066  -89.297  5.695 0.0000000000
6994  37.237  -91.737  1.301 0.0000000000
138902  42.327  -86.374  15.514 0.0000000000
15012  42.578  -83.284  10.329 0.0000000000
15985  42.897  -82.628  10.889 0.0000000000
15986  41.879  -82.619  10.711 0.0000000000
124969  38.866  -79.916  11.760 0.0000000000
8816  38.143  -89.816  10.961 0.0000000000
8817  37.752  -90.302  10.482 0.0000000000
7875  35.739  -90.978  8.359 0.0000000000
7874  36.249  -90.488  8.793 0.0000000000
8844  35.748  -89.778  8.161 0.0000000000
8855  36.135  -88.862  7.726 0.0000000000
7881  35.223  -90.231  7.768 0.0000000000
13991  39.617  -84.397  8.337 0.0000000000
15035  39.366  -83.644  9.611 0.0000000000
13976  38.981  -84.058  8.978 0.0000000000
15037  37.506  -83.649  9.642 0.0000000000
15018  37.126  -83.042  10.193 0.0000000000
15978  37.269  -81.735  11.077 0.0000000000
14977  44.909  -83.534  13.977 0.0000000000
15954  44.959  -82.741  13.899 0.0000000000
14985  44.952  -83.251  13.516 0.0000000000
120625  43.722  -84.228  10.523 0.0000000000
13971  43.194  -84.796  9.940 0.0000000000
10782  39.001  -87.368  10.490 0.0000000000
10780  41.018  -86.823  10.428 0.0000000000
10795  39.789  -87.259  9.714 0.0000000000
10822  41.311  -87.253  7.706 0.0000000000
10802  41.568  -86.878  8.632 0.0000000000
11865  41.789  -86.488  7.812 0.0000000000
13989  42.270  -85.206  8.605 0.0000000000
12905  41.796  -85.939  7.334 0.0000000000
12896  41.505  -85.216  7.540 0.0000000000
12906  41.202  -85.616  6.789 0.0000000000
10850  39.956  -87.659  4.860 0.0000000000
11884  40.405  -86.334  5.829 0.0000000000
11895  40.044  -86.858  5.294 0.0000000000
11896  39.364  -86.500  5.044 0.0000000000
10863  39.199  -87.219  4.005 0.0000000000
5301  33.378  -93.403  1.635 0.0000000000
6976  36.017  -92.025  2.893 0.0000000000
6960  34.664  -91.604  3.177 0.0000000000
6959  35.693  -91.624  3.268 0.0000000000
7936  36.938  -91.032  3.661 0.0000000000
7917  37.498  -90.383  4.281 0.0000000000
7935  37.729  -90.832  3.430 0.0000000000
8926  38.541  -89.650  1.784 0.0000000000
8925  38.987  -89.372  2.481 0.0000000000
123156  38.533  -88.808  1.892 0.0000000000
10884  38.388  -87.403  3.031 0.0000000000
9886  37.580  -88.348  1.731 0.0000000000
130473  40.612  -78.283  15.811 0.0000000000
121708  40.739  -79.096  15.970 0.0000000000
18838  41.507  -79.426  15.843 0.0000000000
119440  41.833  -80.141  15.770 0.0000000000
135913  42.063  -83.381  14.929 0.0000000000
129465  41.005  -82.263  15.212 0.0000000000
15939  42.002  -82.549  15.265 0.0000000000
16940  42.520  -81.842  15.491 0.0000000000
14966  43.368  -83.037  15.127 0.0000000000
123416  43.992  -82.822  15.032 0.0000000000
122845  43.252  -83.879  14.867 0.0000000000
11760  42.947  -87.173  15.445 0.0000000000
11759  43.522  -86.544  15.030 0.0000000000
10692  43.320  -87.127  15.081 0.0000000000
10702  43.507  -87.035  14.446 0.0000000000
9733  42.523  -88.040  14.543 0.0000000000
6838  39.495  -91.125  13.609 0.0000000000
7816  39.948  -90.319  13.840 0.0000000000
8784  40.048  -89.795  13.522 0.0000000000
15975  39.730  -82.146  11.034 0.0000000000
16979  40.721  -81.555  11.445 0.0000000000
128706  40.073  -81.005  11.656 0.0000000000
14008  38.515  -84.721  7.633 0.0000000000
130494  38.026  -84.517  8.233 0.0000000000
12834  44.742  -85.260  13.580 0.0000000000
12847  44.788  -85.047  12.846 0.0000000000
12859  44.358  -85.454  12.332 0.0000000000
115259  42.806  -86.088  10.803 0.0000000000
10806  37.875  -87.933  8.597 0.0000000000
10804  39.921  -87.675  8.653 0.0000000000
9805  38.507  -88.175  7.870 0.0000000000
10824  40.540  -87.867  7.548 0.0000000000
10823  41.076  -87.417  6.880 0.0000000000
9833  40.048  -88.451  6.150 0.0000000000
9843  40.005  -88.346  5.365 0.0000000000
8877  39.546  -89.021  4.792 0.0000000000
6974  37.829  -91.078  2.527 0.0000000000
125754  37.212  -91.732  2.280 0.0000000000
7955  37.920  -90.532  1.127 0.0000000000
13904  42.228  -84.912  14.901 0.0000000000
13903  43.053  -84.811  14.898 0.0000000000
12808  42.699  -85.675  15.222 0.0000000000
131433  43.014  -86.500  15.350 0.0000000000
128522  42.705  -87.639  15.457 0.0000000000
16977  42.550  -81.360  11.682 0.0000000000
16981  38.658  -81.369  11.418 0.0000000000
18883  39.319  -79.129  11.907 0.0000000000
9767  40.222  -87.761  12.308 0.0000000000
9768  39.289  -88.173  11.988 0.0000000000
9769  38.576  -87.978  11.197 0.0000000000
9780  38.069  -87.875  10.261 0.0000000000
131673  36.987  -89.090  9.476 0.0000000000
135014  37.460  -88.185  9.483 0.0000000000
9807  36.666  -88.535  8.163 0.0000000000
9825  37.089  -88.553  7.262 0.0000000000
15033  41.349  -83.761  9.577 0.0000000000
15987  40.977  -82.632  10.612 0.0000000000
15014  40.668  -83.179  10.127 0.0000000000
15015  39.763  -83.193  10.171 0.0000000000
15988  39.317  -82.664  10.654 0.0000000000
15036  38.430  -83.679  9.635 0.0000000000
15989  38.484  -82.609  10.680 0.0000000000
15976  38.959  -82.087  11.111 0.0000000000
15977  38.136  -81.928  11.106 0.0000000000
16982  37.815  -81.139  11.426 0.0000000000
11911  36.207  -86.306  4.251 0.0000000000
16938  44.564  -81.734  14.958 0.0000000000
16958  45.004  -81.166  14.559 0.0000000000
15011  43.517  -83.431  10.649 0.0000000000
15032  42.315  -83.905  9.753 0.0000000000
126115  42.314  -86.336  10.107 0.0000000000
135783  40.515  -87.389  9.135 0.0000000000
11841  42.005  -86.445  9.231 0.0000000000
11840  42.429  -86.010  9.362 0.0000000000
13972  42.681  -85.053  9.186 0.0000000000
130852  42.780  -84.574  9.560 0.0000000000
13973  42.152  -84.525  9.016 0.0000000000
13974  41.039  -84.196  8.893 0.0000000000
128753  40.641  -84.552  8.163 0.0000000000
136970  40.056  -84.595  7.890 0.0000000000
11883  41.050  -86.554  6.274 0.0000000000
12907  40.161  -85.181  6.771 0.0000000000
12908  39.125  -85.073  6.854 0.0000000000
12929  38.689  -85.490  6.222 0.0000000000
119937  38.329  -85.861  5.728 0.0000000000
11910  37.842  -86.342  4.671 0.0000000000
8866  35.458  -89.178  6.459 0.0000000000
6107  33.765  -92.737  2.326 0.0000000000
8896  35.739  -89.710  4.958 0.0000000000
7901  37.344  -89.657  5.154 0.0000000000
8895  38.310  -89.842  4.739 0.0000000000
8894  39.077  -89.653  4.321 0.0000000000
8893  39.525  -88.978  3.772 0.0000000000
7934  38.544  -90.301  2.753 0.0000000000
128525  39.299  -89.042  3.022 0.0000000000
9871  39.601  -88.262  3.710 0.0000000000
11909  38.585  -87.055  3.722 0.0000000000
11931  37.716  -86.894  3.554 0.0000000000
124416  37.212  -86.465  4.169 0.0000000000
11932  36.705  -86.756  3.537 0.0000000000
20676  41.343  -77.739  15.427 0.0000000000
18837  42.479  -79.382  15.629 0.0000000000
17899  43.665  -80.652  15.414 0.0000000000
15956  40.376  -82.870  14.878 0.0000000000
17902  41.204  -80.785  15.679 0.0000000000
17901  42.170  -80.993  15.656 0.0000000000
128835  43.111  -81.232  15.536 0.0000000000
16939  43.950  -81.473  15.361 0.0000000000
133596  44.145  -82.145  15.157 0.0000000000
131015  44.327  -83.369  14.628 0.0000000000
13900  44.610  -83.868  14.311 0.0000000000
13902  43.659  -84.555  14.715 0.0000000000
117529  43.966  -85.017  14.557 0.0000000000
12819  44.469  -85.472  14.133 0.0000000000
11781  43.787  -86.612  13.634 0.0000000000
10720  43.192  -87.131  13.609 0.0000000000
9753  41.574  -87.927  13.273 0.0000000000
9734  41.877  -88.364  14.062 0.0000000000
9735  41.093  -88.688  13.678 0.0000000000
9754  40.721  -88.263  12.993 0.0000000000
15974  41.266  -82.071  11.094 0.0000000000
16978  41.560  -81.464  11.557 0.0000000000
125816  41.952  -80.708  11.885 0.0000000000
128979  40.440  -80.283  11.833 0.0000000000
125378  41.222  -79.979  11.934 0.0000000000
6092  35.492  -92.132  2.827 0.0000000000
6946  36.061  -90.991  3.737 0.0000000000
6957  37.124  -91.485  3.058 0.0000000000
6977  33.969  -92.044  2.813 0.0000000000
6993  37.781  -91.152  1.613 0.0000000000
7863  36.899  -91.100  9.455 0.0000000000
8764  40.884  -89.514  14.557 0.0000000000
8783  40.687  -89.332  13.914 0.0000000000
8800  39.571  -89.755  12.795 0.0000000000
8807  38.640  -89.186  11.616 0.0000000000
8832  36.660  -89.893  9.202 0.0000000000
8843  36.248  -89.345  8.525 0.0000000000
8865  37.263  -88.818  6.437 0.0000000000
8912  39.071  -89.649  3.370 0.0000000000
8933  38.065  -89.908  1.153 0.0000000000
9794  38.154  -87.710  9.270 0.0000000000
9795  37.064  -88.314  8.749 0.0000000000
9804  39.560  -88.161  7.774 0.0000000000
9821  40.496  -87.992  6.609 0.0000000000
9842  40.394  -88.009  5.964 0.0000000000
9844  39.543  -88.886  5.655 0.0000000000
9872  39.358  -88.433  3.138 0.0000000000
10703  42.981  -87.614  14.936 0.0000000000
10738  42.111  -87.273  12.694 0.0000000000
10758  40.583  -87.072  11.531 0.0000000000
10759  39.821  -87.362  11.647 0.0000000000
10781  39.963  -87.064  10.714 0.0000000000
10794  41.095  -87.106  9.294 0.0000000000
10805  38.813  -87.800  8.586 0.0000000000
10837  40.724  -87.455  6.173 0.0000000000
10849  40.343  -87.582  5.589 0.0000000000
10862  39.598  -87.702  4.109 0.0000000000
10883  39.187  -87.693  3.422 0.0000000000
10900  38.919  -87.963  2.797 0.0000000000
10901  38.209  -87.914  2.321 0.0000000000
11758  43.984  -85.787  14.549 0.0000000000
11761  42.463  -87.100  15.745 0.0000000000
11770  43.749  -86.534  14.684 0.0000000000
11780  44.289  -85.982  13.758 0.0000000000
11794  43.319  -86.585  12.633 0.0000000000
11807  42.994  -86.309  11.587 0.0000000000
11823  42.808  -85.795  10.119 0.0000000000
11897  38.543  -86.235  5.110 0.0000000000
11908  39.530  -87.084  4.586 0.0000000000
12833  44.970  -84.542  13.373 0.0000000000
12846  44.889  -84.409  12.708 0.0000000000
12885  42.768  -85.388  9.605 0.0000000000
12894  42.339  -85.589  8.869 0.0000000000
12895  42.058  -85.689  8.039 0.0000000000
12927  40.602  -85.793  6.257 0.0000000000
12930  37.641  -85.431  6.255 0.0000000000
12944  39.815  -86.231  5.512 0.0000000000
12945  39.122  -85.994  5.586 0.0000000000
13915  44.847  -84.190  14.059 0.0000000000
13916  44.449  -84.773  14.289 0.0000000000
13930  45.001  -84.013  13.711 0.0000000000
13992  38.739  -84.447  8.322 0.0000000000
14965  44.722  -83.038  14.294 0.0000000000
15017  37.995  -83.166  10.224 0.0000000000
15034  40.331  -83.672  9.579 0.0000000000
15937  44.487  -82.540  14.746 0.0000000000
15940  40.145  -82.035  15.084 0.0000000000
18835  44.195  -80.089  15.010 0.0000000000
19801  39.778  -78.429  11.991 0.0000000000
116920  38.133  -88.761  10.914 0.0000000000
120837  43.819  -83.644  14.805 0.0000000000
122252  39.484  -88.755  6.403 0.0000000000
124882  42.966  -87.508  14.281 0.0000000000
124970  42.813  -82.546  15.319 0.0000000000
125851  40.507  -87.086  9.825 0.0000000000
126166  39.699  -80.095  11.801 0.0000000000
126231  43.236  -85.687  10.797 0.0000000000
127927  38.099  -88.820  6.519 0.0000000000
128705  39.189  -80.776  11.633 0.0000000000
129487  44.956  -83.771  13.038 0.0000000000
130360  40.085  -81.682  11.334 0.0000000000
130556  40.475  -82.128  11.019 0.0000000000
131346  42.714  -83.218  15.096 0.0000000000
136429  43.899  -86.457  14.270 0.0000000000
137029  43.157  -85.985  11.197 0.0000000000
137260  45.118  -82.054  13.775 0.0000000000
138026  44.522  -85.609  13.089 0.0000000000
139191  38.035  -86.653  4.098 0.0000000000
