#!ascii label  , from subject sub-fsm85fp vox2ras=TkReg
1189
61270  21.554  -18.676  84.133 0.0000000000
62266  32.721  -15.885  86.187 0.0000000000
72655  37.794  -7.082  60.646 0.0000000000
68499  29.682  -11.059  70.523 0.0000000000
64492  35.506  -15.973  76.469 0.0000000000
83918  50.256  5.364  53.013 0.0000000000
69487  38.621  -8.693  64.483 0.0000000000
71513  34.517  -7.588  63.768 0.0000000000
152838  24.411  -26.263  84.438 0.0000000000
63409  26.627  -14.812  84.415 0.0000000000
63443  29.094  -16.042  81.628 0.0000000000
63467  22.181  -16.317  80.386 0.0000000000
79430  43.865  -0.362  57.665 0.0000000000
141430  24.077  -12.886  88.078 0.0000000000
59357  24.332  -20.566  87.871 0.0000000000
76584  43.675  -3.723  61.215 0.0000000000
52892  20.662  -25.460  86.332 0.0000000000
149188  14.749  -23.847  85.687 0.0000000000
73604  33.319  -5.084  70.210 0.0000000000
67524  32.683  -13.311  73.328 0.0000000000
62484  32.696  -18.155  72.366 0.0000000000
62414  31.306  -18.139  76.940 0.0000000000
72554  39.377  -6.528  66.923 0.0000000000
70452  36.496  -8.430  64.663 0.0000000000
73626  36.867  -5.928  66.316 0.0000000000
147856  42.107  -6.909  67.405 0.0000000000
59435  21.875  -21.599  82.738 0.0000000000
55801  24.248  -24.886  82.686 0.0000000000
59400  22.781  -21.857  84.482 0.0000000000
65441  22.063  -14.026  84.230 0.0000000000
63426  24.105  -14.778  82.475 0.0000000000
142609  21.123  -16.615  82.269 0.0000000000
60362  21.223  -19.119  80.822 0.0000000000
75676  37.121  -4.376  60.365 0.0000000000
148746  41.482  -6.504  61.766 0.0000000000
156051  40.466  -5.112  60.146 0.0000000000
76605  40.546  -3.469  59.145 0.0000000000
57608  24.380  -22.098  89.359 0.0000000000
53858  23.518  -25.059  87.348 0.0000000000
52850  21.434  -25.151  88.686 0.0000000000
53821  15.166  -24.168  90.622 0.0000000000
54836  16.783  -23.965  88.528 0.0000000000
130380  13.987  -23.642  88.848 0.0000000000
130381  11.727  -23.742  89.428 0.0000000000
149532  11.521  -23.712  91.694 0.0000000000
67494  34.018  -12.166  75.686 0.0000000000
65530  34.309  -14.632  74.302 0.0000000000
64529  34.076  -15.356  72.332 0.0000000000
62467  34.627  -17.522  73.814 0.0000000000
64438  27.482  -15.455  79.283 0.0000000000
62394  30.727  -17.111  79.367 0.0000000000
63499  28.859  -15.962  77.669 0.0000000000
62427  29.362  -17.048  75.710 0.0000000000
71446  30.920  -7.737  70.063 0.0000000000
72569  30.725  -6.754  67.167 0.0000000000
70425  29.144  -9.017  67.708 0.0000000000
143344  53.332  2.761  50.336 0.0000000000
83061  50.590  3.644  50.325 0.0000000000
71539  38.944  -9.220  61.595 0.0000000000
70502  36.581  -9.894  62.138 0.0000000000
72607  41.241  -7.018  64.063 0.0000000000
63392  30.040  -15.401  85.509 0.0000000000
62323  30.647  -16.134  83.367 0.0000000000
62326  27.266  -15.394  83.741 0.0000000000
134257  25.518  -15.501  81.192 0.0000000000
63479  23.893  -15.856  79.261 0.0000000000
79408  46.710  0.190  60.527 0.0000000000
81232  46.764  2.671  58.505 0.0000000000
83012  46.674  3.830  56.204 0.0000000000
83032  47.003  4.084  53.685 0.0000000000
64398  21.541  -15.166  86.492 0.0000000000
61261  22.702  -18.765  86.510 0.0000000000
63365  23.015  -16.119  88.486 0.0000000000
66481  25.019  -12.893  85.812 0.0000000000
77535  44.354  -2.349  58.652 0.0000000000
56718  24.015  -23.793  85.637 0.0000000000
52904  22.774  -26.708  85.298 0.0000000000
52921  20.036  -26.390  83.539 0.0000000000
53849  19.127  -24.629  88.531 0.0000000000
53873  18.156  -24.388  85.902 0.0000000000
55733  8.310  -23.851  93.845 0.0000000000
75583  36.271  -3.485  68.873 0.0000000000
70366  31.672  -8.883  72.360 0.0000000000
69402  32.669  -10.528  74.336 0.0000000000
68488  31.075  -11.398  72.542 0.0000000000
65564  32.115  -14.338  71.237 0.0000000000
62506  32.369  -17.632  70.851 0.0000000000
139889  30.182  -18.589  71.572 0.0000000000
62363  32.149  -17.372  81.183 0.0000000000
61330  33.360  -18.519  78.679 0.0000000000
61389  34.238  -18.369  76.050 0.0000000000
61407  32.365  -18.478  74.739 0.0000000000
61424  30.447  -18.164  73.247 0.0000000000
73643  33.188  -5.449  65.969 0.0000000000
155763  31.675  -6.661  64.059 0.0000000000
73602  39.586  -5.388  67.828 0.0000000000
72555  38.210  -6.677  66.316 0.0000000000
74606  37.761  -4.840  67.465 0.0000000000
72538  40.659  -6.292  67.863 0.0000000000
144164  21.624  -20.189  83.194 0.0000000000
58530  22.190  -21.598  83.588 0.0000000000
60344  21.881  -19.645  84.357 0.0000000000
64412  21.023  -15.541  83.992 0.0000000000
64418  21.391  -15.071  83.227 0.0000000000
62329  21.065  -17.121  83.204 0.0000000000
61279  21.159  -18.528  82.435 0.0000000000
74693  37.729  -5.053  60.541 0.0000000000
142772  39.683  -7.012  60.620 0.0000000000
147952  41.548  -5.647  61.009 0.0000000000
74692  39.314  -5.544  60.312 0.0000000000
75674  39.106  -4.656  60.039 0.0000000000
54797  13.983  -24.057  91.588 0.0000000000
54824  14.867  -23.875  89.486 0.0000000000
130382  12.921  -23.732  89.986 0.0000000000
130379  12.883  -23.688  88.832 0.0000000000
54811  11.972  -23.670  90.435 0.0000000000
149367  11.226  -23.710  90.798 0.0000000000
66556  34.683  -13.796  76.105 0.0000000000
64505  35.003  -15.309  75.123 0.0000000000
64518  35.039  -15.867  74.156 0.0000000000
136004  35.292  -16.290  75.083 0.0000000000
62301  33.545  -16.692  84.517 0.0000000000
64450  26.762  -15.340  78.620 0.0000000000
64448  28.114  -15.428  78.682 0.0000000000
64463  27.465  -15.277  77.473 0.0000000000
64494  28.100  -15.830  76.221 0.0000000000
70386  30.471  -9.142  70.981 0.0000000000
70413  29.751  -8.824  69.190 0.0000000000
84777  49.663  5.527  54.828 0.0000000000
84775  51.554  5.603  54.403 0.0000000000
83917  51.332  5.108  52.656 0.0000000000
83040  52.090  4.099  51.600 0.0000000000
83932  50.301  4.448  51.521 0.0000000000
70499  39.322  -9.679  62.538 0.0000000000
70516  37.999  -9.611  61.699 0.0000000000
69540  37.871  -10.206  63.149 0.0000000000
70453  35.854  -8.278  64.439 0.0000000000
70483  35.563  -9.258  63.606 0.0000000000
70484  34.719  -9.035  63.117 0.0000000000
70448  39.993  -7.892  65.236 0.0000000000
71512  40.403  -8.011  63.774 0.0000000000
71538  40.487  -8.594  62.262 0.0000000000
54891  24.480  -25.173  83.709 0.0000000000
52918  23.440  -27.189  84.530 0.0000000000
63395  28.054  -15.003  84.989 0.0000000000
141200  28.601  -15.394  84.694 0.0000000000
63424  26.597  -15.079  83.888 0.0000000000
63448  23.332  -15.108  81.050 0.0000000000
63434  25.423  -14.996  82.198 0.0000000000
63465  23.950  -15.135  80.734 0.0000000000
63478  24.894  -15.654  80.148 0.0000000000
63466  22.986  -15.907  80.122 0.0000000000
62382  22.075  -16.843  79.614 0.0000000000
65578  30.522  -14.588  70.160 0.0000000000
79418  45.790  -0.114  59.288 0.0000000000
80354  46.779  1.396  59.499 0.0000000000
80363  44.901  1.024  58.076 0.0000000000
82147  45.528  3.070  56.378 0.0000000000
82152  45.902  3.425  54.772 0.0000000000
83024  47.103  4.191  54.633 0.0000000000
65409  22.284  -14.272  87.491 0.0000000000
63380  22.364  -16.186  87.742 0.0000000000
64380  23.063  -15.082  88.726 0.0000000000
67432  24.452  -12.550  86.645 0.0000000000
66484  22.385  -13.485  86.110 0.0000000000
155934  45.256  -2.197  60.314 0.0000000000
76583  44.334  -3.328  60.538 0.0000000000
77539  40.116  -1.907  58.595 0.0000000000
60337  23.716  -19.509  87.405 0.0000000000
59374  23.390  -21.303  86.014 0.0000000000
57628  23.900  -22.364  86.687 0.0000000000
52876  21.895  -25.549  86.779 0.0000000000
52888  22.846  -25.743  86.284 0.0000000000
52905  21.944  -26.003  85.679 0.0000000000
134583  21.521  -26.546  84.766 0.0000000000
52907  20.553  -25.600  85.452 0.0000000000
53836  18.258  -24.488  89.137 0.0000000000
54845  15.746  -23.572  87.340 0.0000000000
54856  17.711  -24.072  86.889 0.0000000000
54870  16.539  -24.090  85.211 0.0000000000
54880  17.342  -24.918  83.905 0.0000000000
71419  32.766  -7.815  72.614 0.0000000000
67503  33.476  -12.122  75.104 0.0000000000
68461  33.503  -11.214  75.301 0.0000000000
68471  32.470  -11.497  74.120 0.0000000000
69403  32.138  -10.663  73.696 0.0000000000
67525  32.057  -12.725  72.988 0.0000000000
66606  31.711  -13.503  71.783 0.0000000000
66605  32.394  -13.923  71.950 0.0000000000
63555  34.112  -16.952  72.132 0.0000000000
63569  33.647  -16.562  71.510 0.0000000000
62493  32.568  -17.953  71.546 0.0000000000
62494  31.779  -18.164  71.212 0.0000000000
61454  31.848  -18.282  71.991 0.0000000000
130227  29.969  -16.029  82.954 0.0000000000
62342  31.341  -16.622  82.600 0.0000000000
62365  30.562  -16.578  81.163 0.0000000000
62406  30.741  -17.352  78.584 0.0000000000
62392  31.867  -18.090  78.833 0.0000000000
61352  32.334  -18.447  77.718 0.0000000000
61351  33.228  -18.583  77.900 0.0000000000
139911  32.913  -18.607  77.170 0.0000000000
61390  33.408  -18.553  75.814 0.0000000000
61374  31.819  -18.454  76.277 0.0000000000
62456  28.699  -17.378  74.108 0.0000000000
62455  29.799  -17.812  74.424 0.0000000000
75573  34.276  -3.980  69.934 0.0000000000
74609  34.328  -4.135  68.418 0.0000000000
73617  32.727  -5.175  68.641 0.0000000000
133517  29.764  -7.629  65.894 0.0000000000
72585  30.986  -6.554  66.106 0.0000000000
81276  53.765  2.182  49.120 0.0000000000
70422  38.750  -7.465  65.999 0.0000000000
69489  37.618  -8.717  64.362 0.0000000000
71483  37.686  -7.451  65.584 0.0000000000
71485  36.721  -7.540  65.123 0.0000000000
72582  36.186  -6.767  65.263 0.0000000000
72536  42.145  -6.801  68.537 0.0000000000
71456  40.804  -6.813  67.158 0.0000000000
57663  22.729  -22.996  82.881 0.0000000000
56736  23.653  -23.879  83.469 0.0000000000
132756  24.071  -24.315  84.240 0.0000000000
65439  24.323  -14.058  84.230 0.0000000000
63418  25.475  -14.796  83.577 0.0000000000
64417  23.155  -14.434  82.930 0.0000000000
63437  22.507  -15.265  81.464 0.0000000000
63468  21.598  -16.586  80.952 0.0000000000
61306  21.258  -18.098  80.519 0.0000000000
61291  21.139  -18.309  81.430 0.0000000000
60361  21.388  -20.133  81.330 0.0000000000
80366  42.572  0.465  56.941 0.0000000000
66441  24.757  -13.603  89.460 0.0000000000
75655  42.247  -4.507  62.632 0.0000000000
140545  42.485  -4.464  61.973 0.0000000000
75671  41.948  -4.565  60.015 0.0000000000
137863  42.634  -4.082  59.554 0.0000000000
75686  40.344  -4.127  59.569 0.0000000000
76593  38.563  -3.619  59.884 0.0000000000
58497  24.500  -20.853  88.404 0.0000000000
58502  24.187  -22.089  87.528 0.0000000000
154388  23.916  -24.072  88.281 0.0000000000
52861  22.064  -25.358  87.716 0.0000000000
52877  21.360  -25.399  87.490 0.0000000000
54822  16.719  -24.153  89.099 0.0000000000
147981  15.910  -24.073  89.397 0.0000000000
130377  14.926  -23.684  88.673 0.0000000000
130375  14.813  -23.605  87.700 0.0000000000
130376  13.211  -23.744  87.970 0.0000000000
140328  33.822  -12.897  75.222 0.0000000000
66576  33.733  -14.102  74.089 0.0000000000
66589  33.163  -14.118  72.922 0.0000000000
64528  34.370  -15.337  73.064 0.0000000000
63554  34.531  -16.178  72.668 0.0000000000
62468  33.850  -18.053  73.468 0.0000000000
63461  28.464  -15.879  80.874 0.0000000000
63459  30.201  -16.436  80.579 0.0000000000
63474  29.356  -16.103  79.215 0.0000000000
63487  29.511  -16.303  78.253 0.0000000000
63497  30.146  -17.169  77.142 0.0000000000
132384  30.659  -17.691  76.851 0.0000000000
63509  29.487  -16.751  76.552 0.0000000000
63519  28.737  -16.418  75.927 0.0000000000
72540  31.895  -6.693  69.978 0.0000000000
134074  31.695  -6.409  69.097 0.0000000000
71460  30.746  -7.495  69.170 0.0000000000
71472  29.697  -7.975  67.753 0.0000000000
83049  53.244  3.486  51.437 0.0000000000
83059  52.106  3.376  50.706 0.0000000000
72646  38.545  -7.542  60.643 0.0000000000
72656  37.157  -7.531  60.704 0.0000000000
71549  37.968  -8.970  61.047 0.0000000000
69522  36.639  -9.840  63.632 0.0000000000
156872  35.506  -9.705  62.574 0.0000000000
142553  42.873  -6.528  66.958 0.0000000000
138214  42.074  -5.958  65.798 0.0000000000
74645  41.816  -5.439  65.222 0.0000000000
141266  41.412  -7.045  62.223 0.0000000000
72644  40.289  -7.481  60.994 0.0000000000
62257  31.280  -15.536  86.019 0.0000000000
62303  31.625  -15.966  84.814 0.0000000000
141311  29.941  -15.681  84.884 0.0000000000
62325  28.777  -15.790  83.894 0.0000000000
62346  27.588  -15.694  82.638 0.0000000000
62328  26.040  -15.050  82.905 0.0000000000
62367  26.526  -15.416  82.476 0.0000000000
129925  26.967  -15.685  81.838 0.0000000000
63477  25.989  -15.784  80.366 0.0000000000
64440  25.660  -15.691  79.430 0.0000000000
64452  24.911  -15.534  77.819 0.0000000000
82141  47.930  3.606  58.361 0.0000000000
81237  45.500  2.667  57.310 0.0000000000
82143  46.367  3.077  57.736 0.0000000000
83005  48.358  4.130  57.854 0.0000000000
83018  47.958  4.550  56.076 0.0000000000
83910  48.332  4.949  54.565 0.0000000000
83920  48.413  4.831  53.546 0.0000000000
83041  48.709  4.402  52.103 0.0000000000
62290  21.233  -16.815  85.183 0.0000000000
133360  21.974  -19.037  84.993 0.0000000000
62272  21.904  -17.026  86.591 0.0000000000
62271  22.600  -17.750  87.139 0.0000000000
62258  23.524  -17.882  88.239 0.0000000000
64371  23.943  -15.655  89.594 0.0000000000
61254  24.621  -18.972  89.243 0.0000000000
60333  24.762  -19.603  89.627 0.0000000000
63363  32.128  -15.280  87.074 0.0000000000
64387  31.009  -15.203  86.401 0.0000000000
137228  29.468  -14.927  85.689 0.0000000000
65414  27.491  -14.348  85.146 0.0000000000
146379  26.787  -13.582  85.393 0.0000000000
65425  25.397  -13.668  85.043 0.0000000000
65427  23.708  -13.620  84.879 0.0000000000
65429  21.499  -14.386  85.110 0.0000000000
79394  46.368  -0.041  61.672 0.0000000000
79410  45.598  -0.984  59.520 0.0000000000
78491  43.951  -1.197  57.874 0.0000000000
76617  42.414  -2.916  58.320 0.0000000000
77537  42.096  -2.161  57.916 0.0000000000
152150  42.510  -0.744  57.536 0.0000000000
132712  22.748  -20.493  85.294 0.0000000000
57645  23.722  -23.218  85.239 0.0000000000
54878  24.348  -24.759  85.031 0.0000000000
53869  24.038  -24.995  86.584 0.0000000000
53870  23.795  -25.564  85.989 0.0000000000
130426  23.773  -26.690  84.885 0.0000000000
52919  22.704  -27.253  84.436 0.0000000000
52931  21.473  -27.247  83.393 0.0000000000
53847  20.424  -25.016  88.866 0.0000000000
53859  19.875  -25.038  87.051 0.0000000000
53861  18.509  -24.400  87.427 0.0000000000
53872  19.024  -24.820  85.813 0.0000000000
53884  18.971  -25.138  84.722 0.0000000000
54774  9.836  -23.796  93.050 0.0000000000
75582  37.348  -3.415  69.041 0.0000000000
73578  33.214  -6.319  71.574 0.0000000000
72523  32.299  -7.217  71.472 0.0000000000
71421  31.557  -8.319  71.687 0.0000000000
69426  30.510  -10.003  71.625 0.0000000000
70359  31.954  -9.660  73.174 0.0000000000
69416  31.165  -10.061  72.428 0.0000000000
68498  30.128  -10.997  71.403 0.0000000000
67549  30.572  -12.908  71.226 0.0000000000
135706  31.366  -14.437  70.696 0.0000000000
65577  31.347  -15.215  70.263 0.0000000000
65563  32.937  -14.564  71.640 0.0000000000
64550  32.477  -15.818  70.489 0.0000000000
63595  31.387  -16.935  69.866 0.0000000000
62519  31.267  -17.722  70.141 0.0000000000
61456  29.929  -19.070  70.857 0.0000000000
62412  35.670  -17.020  77.282 0.0000000000
62321  32.673  -17.004  83.586 0.0000000000
129678  32.877  -17.484  81.858 0.0000000000
61290  33.063  -17.962  80.899 0.0000000000
151539  31.288  -17.418  79.728 0.0000000000
61305  32.821  -18.205  79.938 0.0000000000
61314  34.334  -18.332  79.432 0.0000000000
61329  34.241  -18.435  78.584 0.0000000000
61370  34.955  -18.114  77.249 0.0000000000
62438  35.334  -17.385  76.058 0.0000000000
62440  34.158  -18.289  75.207 0.0000000000
62454  34.033  -18.196  74.340 0.0000000000
132047  32.174  -18.387  73.861 0.0000000000
61393  30.727  -18.092  75.044 0.0000000000
61408  31.484  -18.316  74.474 0.0000000000
61423  31.312  -18.249  73.616 0.0000000000
61441  29.995  -18.386  72.259 0.0000000000
74607  36.664  -4.196  67.664 0.0000000000
73627  35.916  -5.238  66.276 0.0000000000
142940  34.221  -5.910  65.012 0.0000000000
146609  32.083  -5.695  67.513 0.0000000000
72595  32.428  -6.065  65.075 0.0000000000
72625  32.924  -7.042  63.362 0.0000000000
83062  49.478  3.746  50.534 0.0000000000
74593  39.998  -4.633  68.628 0.0000000000
73603  38.691  -5.183  67.561 0.0000000000
74594  39.037  -4.467  68.309 0.0000000000
61274  21.517  -19.313  83.419 0.0000000000
60346  21.789  -20.143  83.885 0.0000000000
62309  21.048  -16.729  84.155 0.0000000000
61271  21.256  -17.732  83.909 0.0000000000
61275  21.244  -18.168  83.274 0.0000000000
73705  37.545  -6.039  60.654 0.0000000000
135505  36.458  -5.933  60.574 0.0000000000
73706  36.855  -6.751  60.683 0.0000000000
73694  38.724  -6.768  60.540 0.0000000000
74684  39.495  -6.335  60.481 0.0000000000
73704  38.547  -5.790  60.467 0.0000000000
54810  13.554  -23.956  90.925 0.0000000000
131443  12.714  -23.849  91.094 0.0000000000
64477  35.378  -15.196  76.638 0.0000000000
146420  35.033  -15.093  75.970 0.0000000000
64493  35.298  -15.782  75.874 0.0000000000
62265  33.369  -16.128  85.728 0.0000000000
62282  33.110  -16.259  85.135 0.0000000000
133509  26.017  -15.281  77.961 0.0000000000
152397  26.861  -15.206  77.875 0.0000000000
64464  26.509  -15.178  77.004 0.0000000000
69427  29.982  -10.076  70.816 0.0000000000
70405  29.960  -9.197  70.089 0.0000000000
84780  49.929  5.588  53.904 0.0000000000
84776  50.579  5.695  54.601 0.0000000000
84779  50.937  5.585  53.637 0.0000000000
83926  50.415  4.911  52.238 0.0000000000
70481  39.330  -9.413  63.377 0.0000000000
70482  38.694  -9.983  63.315 0.0000000000
69519  38.662  -9.312  63.844 0.0000000000
153169  35.133  -8.176  63.931 0.0000000000
70468  35.307  -8.736  63.827 0.0000000000
70469  34.418  -8.394  63.332 0.0000000000
147259  33.917  -8.881  62.699 0.0000000000
70449  39.281  -8.313  65.046 0.0000000000
152808  40.279  -7.764  64.677 0.0000000000
70465  39.235  -8.820  64.087 0.0000000000
70498  40.029  -9.162  62.757 0.0000000000
53893  24.595  -26.051  84.044 0.0000000000
52917  24.264  -26.801  84.379 0.0000000000
51991  24.165  -27.465  83.902 0.0000000000
63408  27.469  -15.021  84.669 0.0000000000
63417  26.266  -14.936  83.973 0.0000000000
141622  22.956  -15.598  80.558 0.0000000000
152270  30.669  -15.454  69.914 0.0000000000
79429  44.612  -0.038  58.131 0.0000000000
80356  45.290  0.373  58.676 0.0000000000
82156  45.855  3.317  53.798 0.0000000000
66469  22.833  -13.427  87.502 0.0000000000
65408  22.815  -14.212  88.237 0.0000000000
66456  23.391  -13.380  88.211 0.0000000000
66468  23.695  -12.832  87.260 0.0000000000
76576  43.251  -3.532  62.049 0.0000000000
77497  44.483  -2.564  62.012 0.0000000000
157057  44.812  -2.877  60.992 0.0000000000
60339  23.984  -20.330  87.300 0.0000000000
59362  24.109  -21.099  87.196 0.0000000000
52891  21.536  -25.582  86.510 0.0000000000
52890  22.150  -25.712  86.308 0.0000000000
52906  21.303  -25.824  85.587 0.0000000000
138599  17.798  -24.436  89.460 0.0000000000
54858  15.344  -23.639  86.452 0.0000000000
54857  16.493  -23.720  86.470 0.0000000000
54871  15.578  -23.857  85.506 0.0000000000
67512  32.842  -13.055  74.015 0.0000000000
151293  32.902  -12.294  74.445 0.0000000000
67513  32.432  -12.457  73.750 0.0000000000
133482  31.997  -13.309  72.343 0.0000000000
66590  32.532  -13.627  72.642 0.0000000000
62483  33.608  -17.806  72.626 0.0000000000
62492  33.352  -17.545  71.836 0.0000000000
62366  30.069  -16.253  82.015 0.0000000000
63442  29.923  -16.234  81.178 0.0000000000
62415  30.921  -17.740  77.728 0.0000000000
62404  31.718  -18.184  78.143 0.0000000000
150625  31.641  -18.238  77.537 0.0000000000
61353  32.107  -18.442  77.030 0.0000000000
74599  33.348  -4.720  69.096 0.0000000000
71468  38.779  -7.162  66.240 0.0000000000
70423  38.213  -7.442  65.801 0.0000000000
71469  38.208  -7.111  66.017 0.0000000000
72556  37.612  -6.382  66.281 0.0000000000
72566  37.221  -6.770  65.803 0.0000000000
72581  36.905  -7.037  65.425 0.0000000000
72567  36.552  -6.328  65.807 0.0000000000
133937  43.015  -6.413  69.399 0.0000000000
72539  39.906  -6.129  67.519 0.0000000000
72552  40.803  -6.630  67.535 0.0000000000
72553  40.065  -6.568  67.230 0.0000000000
70421  39.410  -7.198  66.406 0.0000000000
58541  22.675  -22.452  83.675 0.0000000000
57662  23.138  -23.224  83.596 0.0000000000
56735  23.796  -23.948  84.159 0.0000000000
57654  23.470  -23.391  84.210 0.0000000000
65440  23.179  -13.838  84.263 0.0000000000
64411  23.855  -14.236  83.633 0.0000000000
65452  22.769  -14.100  83.645 0.0000000000
63438  21.607  -15.404  82.227 0.0000000000
63450  21.595  -16.069  81.507 0.0000000000
151070  21.265  -16.838  81.543 0.0000000000
62368  21.239  -17.403  81.113 0.0000000000
62349  21.121  -17.524  81.892 0.0000000000
133676  21.494  -20.210  82.343 0.0000000000
137584  21.224  -19.309  81.838 0.0000000000
59436  21.640  -21.098  81.948 0.0000000000
74667  42.049  -5.588  63.305 0.0000000000
74673  42.093  -5.330  62.599 0.0000000000
74682  40.869  -5.508  60.474 0.0000000000
75665  42.089  -5.127  61.684 0.0000000000
136964  41.612  -5.086  60.674 0.0000000000
75664  42.322  -4.635  61.110 0.0000000000
75672  40.936  -4.830  59.954 0.0000000000
75675  37.951  -4.232  60.264 0.0000000000
153665  37.317  -3.898  60.148 0.0000000000
58494  24.473  -21.649  89.131 0.0000000000
140010  24.261  -22.889  88.303 0.0000000000
56691  24.224  -22.742  88.893 0.0000000000
53830  22.889  -24.884  88.838 0.0000000000
52849  21.833  -25.164  88.595 0.0000000000
52862  21.769  -25.353  87.798 0.0000000000
52863  21.096  -25.223  88.392 0.0000000000
53807  15.591  -24.224  91.165 0.0000000000
54808  15.559  -24.144  89.911 0.0000000000
148176  14.118  -23.624  88.175 0.0000000000
130374  13.644  -23.797  87.214 0.0000000000
157063  12.329  -23.697  89.179 0.0000000000
54837  12.209  -24.117  87.761 0.0000000000
54800  10.512  -23.755  91.205 0.0000000000
54789  10.851  -23.706  92.124 0.0000000000
65529  34.583  -14.566  74.951 0.0000000000
66565  34.472  -13.981  75.459 0.0000000000
66566  34.074  -13.810  74.915 0.0000000000
65542  34.072  -14.735  73.572 0.0000000000
63542  34.888  -16.592  73.474 0.0000000000
156768  34.782  -15.835  73.367 0.0000000000
63543  34.412  -17.247  72.945 0.0000000000
63476  27.935  -15.657  80.159 0.0000000000
130495  28.852  -15.950  80.002 0.0000000000
63475  28.444  -15.635  79.326 0.0000000000
63488  28.764  -15.781  78.515 0.0000000000
63486  30.174  -16.960  77.983 0.0000000000
63498  29.552  -16.503  77.388 0.0000000000
63510  28.851  -16.151  76.808 0.0000000000
71445  31.540  -7.333  70.459 0.0000000000
72541  31.366  -7.077  69.596 0.0000000000
70424  29.561  -8.622  68.439 0.0000000000
71461  30.055  -8.006  68.754 0.0000000000
83060  51.395  3.633  50.659 0.0000000000
83051  51.746  3.867  51.156 0.0000000000
82181  51.522  3.245  50.106 0.0000000000
82193  50.669  3.104  49.423 0.0000000000
71548  38.810  -8.318  60.882 0.0000000000
72647  37.896  -7.996  60.732 0.0000000000
70501  37.518  -10.069  62.231 0.0000000000
70517  37.042  -9.456  61.462 0.0000000000
69490  37.185  -8.800  64.350 0.0000000000
69502  36.991  -9.363  64.072 0.0000000000
70466  36.699  -8.879  64.334 0.0000000000
69524  34.959  -9.551  62.703 0.0000000000
69523  35.885  -9.686  63.329 0.0000000000
72564  42.635  -6.958  67.803 0.0000000000
72563  43.602  -6.488  67.518 0.0000000000
72580  42.334  -6.797  67.002 0.0000000000
72606  41.459  -6.616  65.182 0.0000000000
73655  41.804  -6.331  65.513 0.0000000000
141253  41.912  -5.824  64.781 0.0000000000
73678  41.891  -6.187  63.726 0.0000000000
139901  41.487  -6.916  63.277 0.0000000000
150627  39.893  -9.182  61.970 0.0000000000
148493  40.850  -7.774  61.876 0.0000000000
72637  39.883  -8.345  61.369 0.0000000000
72645  39.368  -7.600  60.720 0.0000000000
156822  30.364  -15.403  85.653 0.0000000000
62285  30.226  -15.876  84.962 0.0000000000
62269  30.102  -15.470  85.424 0.0000000000
131068  28.063  -15.635  83.893 0.0000000000
62305  28.689  -15.518  84.545 0.0000000000
62345  28.540  -15.774  83.102 0.0000000000
129776  27.850  -15.633  83.497 0.0000000000
144845  25.094  -14.823  82.941 0.0000000000
63425  25.978  -14.949  83.373 0.0000000000
153374  25.521  -14.910  82.723 0.0000000000
130110  25.003  -15.133  81.436 0.0000000000
63446  25.774  -15.253  81.953 0.0000000000
63445  26.185  -15.480  81.782 0.0000000000
63463  26.474  -15.717  81.154 0.0000000000
63489  24.814  -15.760  78.954 0.0000000000
64451  25.520  -15.549  78.592 0.0000000000
59453  21.328  -20.056  80.109 0.0000000000
80335  47.208  0.720  60.961 0.0000000000
81230  46.380  1.840  58.853 0.0000000000
81223  47.408  1.855  59.845 0.0000000000
81229  47.144  2.224  59.148 0.0000000000
82138  48.224  3.246  59.096 0.0000000000
82139  47.525  2.966  58.789 0.0000000000
80374  43.779  1.443  56.933 0.0000000000
81234  44.609  1.877  57.332 0.0000000000
131067  46.001  3.448  55.790 0.0000000000
82146  46.134  3.339  56.791 0.0000000000
82145  46.865  3.693  57.219 0.0000000000
83006  47.637  3.930  57.584 0.0000000000
83011  47.389  4.165  56.644 0.0000000000
83010  48.141  4.380  57.046 0.0000000000
83019  47.227  4.224  55.620 0.0000000000
83023  47.760  4.603  55.074 0.0000000000
83031  47.674  4.511  54.105 0.0000000000
83042  47.622  4.354  53.162 0.0000000000
63411  21.112  -16.009  85.493 0.0000000000
63410  21.431  -16.686  85.899 0.0000000000
63396  21.427  -16.024  86.356 0.0000000000
62260  22.296  -16.888  87.324 0.0000000000
62259  22.883  -17.116  87.910 0.0000000000
156227  23.070  -17.836  87.692 0.0000000000
62252  23.383  -16.999  88.593 0.0000000000
65399  24.133  -14.481  89.495 0.0000000000
63353  24.099  -16.564  89.550 0.0000000000
61255  24.181  -18.371  88.814 0.0000000000
62250  24.563  -17.962  89.688 0.0000000000
64386  31.639  -15.270  86.731 0.0000000000
65413  28.359  -14.499  85.338 0.0000000000
66480  25.999  -12.834  85.882 0.0000000000
65415  26.033  -13.564  85.322 0.0000000000
65426  24.796  -13.897  84.671 0.0000000000
66492  24.304  -13.276  85.359 0.0000000000
65416  21.893  -14.282  86.598 0.0000000000
65428  21.860  -13.990  85.787 0.0000000000
65417  21.548  -14.566  85.944 0.0000000000
72657  36.352  -7.491  60.595 0.0000000000
77523  44.965  -2.398  59.560 0.0000000000
78466  45.435  -1.704  59.902 0.0000000000
78474  44.993  -1.661  59.051 0.0000000000
78475  44.417  -1.540  58.276 0.0000000000
78476  43.590  -1.936  57.889 0.0000000000
76604  41.384  -3.563  58.967 0.0000000000
75684  42.201  -3.629  58.880 0.0000000000
76618  41.665  -3.063  58.580 0.0000000000
138336  40.853  -1.884  58.329 0.0000000000
77538  41.525  -2.358  58.270 0.0000000000
78478  41.429  -1.504  57.908 0.0000000000
78477  42.485  -1.528  57.719 0.0000000000
78493  41.802  -0.788  57.589 0.0000000000
61265  22.546  -19.337  85.684 0.0000000000
61269  22.423  -19.848  85.075 0.0000000000
157158  22.835  -19.978  85.642 0.0000000000
139399  23.731  -22.344  86.135 0.0000000000
58517  23.516  -22.012  85.798 0.0000000000
56719  23.867  -23.464  85.455 0.0000000000
56727  24.046  -24.063  84.925 0.0000000000
155366  23.987  -24.011  87.482 0.0000000000
55773  23.981  -24.063  86.969 0.0000000000
135507  23.751  -25.191  86.732 0.0000000000
52889  22.704  -26.048  85.827 0.0000000000
130969  23.376  -25.929  85.775 0.0000000000
52903  23.215  -26.404  85.473 0.0000000000
144970  23.538  -26.291  85.403 0.0000000000
52920  20.811  -26.539  84.040 0.0000000000
53835  18.979  -24.584  89.045 0.0000000000
141348  19.786  -24.923  87.980 0.0000000000
136498  19.172  -24.663  87.739 0.0000000000
135345  18.552  -24.468  86.606 0.0000000000
53860  19.184  -24.732  86.822 0.0000000000
53883  19.757  -25.367  85.157 0.0000000000
146446  18.423  -24.709  85.141 0.0000000000
137518  10.973  -23.803  92.948 0.0000000000
54761  10.612  -23.731  93.672 0.0000000000
151189  9.252  -23.722  94.226 0.0000000000
55732  8.974  -23.841  93.453 0.0000000000
74584  34.490  -4.316  71.114 0.0000000000
136433  32.604  -6.626  71.186 0.0000000000
72522  32.858  -7.129  72.007 0.0000000000
71401  32.371  -8.548  72.870 0.0000000000
71420  32.179  -7.904  72.064 0.0000000000
70367  31.062  -9.079  71.702 0.0000000000
69396  33.208  -10.418  74.921 0.0000000000
70350  32.445  -9.854  73.865 0.0000000000
68479  31.575  -11.879  72.923 0.0000000000
69408  31.571  -10.865  73.114 0.0000000000
68489  30.602  -10.883  72.072 0.0000000000
67537  30.677  -11.983  71.785 0.0000000000
66616  31.282  -13.659  71.208 0.0000000000
65576  32.056  -15.059  70.581 0.0000000000
65552  33.454  -14.717  72.240 0.0000000000
64537  33.538  -15.432  71.586 0.0000000000
63570  33.085  -17.189  71.091 0.0000000000
64538  33.149  -16.124  70.913 0.0000000000
63583  32.611  -16.763  70.531 0.0000000000
63584  32.034  -16.398  70.102 0.0000000000
143702  31.974  -17.247  70.312 0.0000000000
154537  31.724  -17.877  70.647 0.0000000000
61455  30.930  -18.416  71.437 0.0000000000
61475  30.892  -18.344  70.633 0.0000000000
131360  31.100  -16.060  84.093 0.0000000000
132244  31.936  -16.503  83.903 0.0000000000
150247  31.427  -16.418  83.409 0.0000000000
152066  31.548  -16.999  81.789 0.0000000000
130747  32.122  -17.095  82.192 0.0000000000
62362  33.638  -17.873  81.780 0.0000000000
151527  30.070  -16.462  79.792 0.0000000000
62381  30.826  -16.946  80.272 0.0000000000
61316  32.624  -18.337  79.158 0.0000000000
62379  31.959  -17.898  79.641 0.0000000000
61315  33.428  -18.419  79.399 0.0000000000
151378  33.625  -18.592  77.260 0.0000000000
61350  34.178  -18.481  77.738 0.0000000000
61371  34.273  -18.431  76.870 0.0000000000
62423  35.354  -17.498  76.853 0.0000000000
62424  34.938  -18.030  76.396 0.0000000000
62439  34.900  -17.934  75.545 0.0000000000
61391  32.523  -18.575  75.624 0.0000000000
61406  33.274  -18.486  74.973 0.0000000000
61421  33.095  -18.411  74.102 0.0000000000
62426  30.090  -17.383  76.314 0.0000000000
62425  30.856  -18.029  76.075 0.0000000000
62441  30.031  -17.622  75.448 0.0000000000
61409  30.650  -18.154  74.110 0.0000000000
143584  30.988  -18.210  72.883 0.0000000000
74596  37.270  -3.939  68.174 0.0000000000
75594  35.844  -3.730  68.362 0.0000000000
74610  33.704  -4.509  67.787 0.0000000000
74621  35.028  -4.368  67.157 0.0000000000
73628  34.578  -4.748  66.488 0.0000000000
72583  35.236  -6.032  65.251 0.0000000000
73642  34.331  -5.218  65.770 0.0000000000
139024  31.114  -6.609  67.869 0.0000000000
73618  32.130  -5.725  68.389 0.0000000000
72568  31.538  -6.065  66.962 0.0000000000
72596  31.469  -6.446  64.904 0.0000000000
72610  32.512  -6.506  64.106 0.0000000000
72626  31.873  -7.025  63.323 0.0000000000
81268  54.327  2.475  49.741 0.0000000000
81275  54.557  2.219  48.964 0.0000000000
81274  55.111  2.348  48.804 0.0000000000
157233  48.946  3.849  51.008 0.0000000000
83063  48.478  3.463  50.697 0.0000000000
73613  39.129  -5.998  67.186 0.0000000000
154760  38.768  -6.460  66.694 0.0000000000
73614  38.251  -5.904  66.817 0.0000000000
73615  37.309  -5.390  66.803 0.0000000000
73601  40.395  -5.666  68.167 0.0000000000
59417  21.752  -20.925  82.959 0.0000000000
60345  21.913  -20.791  83.789 0.0000000000
59401  22.353  -21.180  84.291 0.0000000000
65442  21.344  -14.688  84.108 0.0000000000
63427  20.992  -15.995  83.118 0.0000000000
140501  21.093  -17.568  82.607 0.0000000000
60350  21.396  -19.532  82.659 0.0000000000
73693  40.379  -6.759  60.719 0.0000000000
73692  41.169  -6.308  60.916 0.0000000000
74683  40.234  -6.007  60.492 0.0000000000
74691  40.006  -5.297  60.217 0.0000000000
130712  38.517  -5.041  60.362 0.0000000000
57604  24.448  -21.888  90.090 0.0000000000
55760  23.759  -23.528  89.286 0.0000000000
55758  23.366  -23.885  89.485 0.0000000000
54825  14.062  -23.917  90.169 0.0000000000
155338  13.778  -23.727  89.504 0.0000000000
150846  12.026  -23.751  91.248 0.0000000000
65515  35.032  -14.438  76.413 0.0000000000
65522  34.760  -14.542  75.668 0.0000000000
64506  34.779  -15.095  74.414 0.0000000000
63529  35.152  -16.916  74.330 0.0000000000
64449  27.505  -15.293  78.316 0.0000000000
64462  28.200  -15.444  77.954 0.0000000000
64478  28.180  -15.591  77.115 0.0000000000
64479  27.394  -15.385  76.552 0.0000000000
70404  30.530  -8.479  70.376 0.0000000000
71447  30.318  -8.255  69.625 0.0000000000
150521  29.533  -9.573  69.395 0.0000000000
83899  49.443  5.346  55.804 0.0000000000
83898  50.537  5.454  56.315 0.0000000000
84769  50.263  5.611  55.424 0.0000000000
83924  52.765  4.467  52.538 0.0000000000
83925  52.088  4.526  52.156 0.0000000000
83931  51.303  4.482  51.717 0.0000000000
130206  50.150  4.071  50.916 0.0000000000
70500  38.437  -10.032  62.326 0.0000000000
69541  37.043  -10.145  62.976 0.0000000000
70467  36.057  -8.873  64.189 0.0000000000
71482  40.985  -7.119  66.361 0.0000000000
71496  41.571  -6.859  65.938 0.0000000000
70463  40.669  -7.393  64.632 0.0000000000
150587  40.771  -8.003  63.280 0.0000000000
72624  41.092  -7.561  63.300 0.0000000000
71525  40.520  -8.529  63.007 0.0000000000
130783  24.422  -25.070  83.161 0.0000000000
51992  23.871  -27.940  83.558 0.0000000000
51993  23.200  -27.838  83.514 0.0000000000
63406  28.916  -15.336  84.929 0.0000000000
62270  29.470  -15.536  84.992 0.0000000000
63407  28.303  -15.173  84.873 0.0000000000
62287  27.745  -15.196  84.557 0.0000000000
62307  26.922  -15.221  83.887 0.0000000000
63436  23.746  -14.875  81.740 0.0000000000
63435  24.808  -14.860  82.254 0.0000000000
63447  24.465  -14.942  81.550 0.0000000000
63464  24.666  -15.319  80.795 0.0000000000
144508  23.892  -15.564  80.139 0.0000000000
63480  23.001  -16.259  79.410 0.0000000000
80344  46.477  0.471  59.778 0.0000000000
80355  46.040  0.907  59.134 0.0000000000
80362  45.598  1.416  58.534 0.0000000000
81238  44.911  2.620  56.442 0.0000000000
82153  45.199  3.029  55.435 0.0000000000
83020  46.566  3.831  55.191 0.0000000000
83025  46.485  3.760  54.225 0.0000000000
83033  46.420  3.597  53.326 0.0000000000
64391  21.956  -15.295  87.228 0.0000000000
64390  22.505  -15.199  88.059 0.0000000000
66482  23.905  -12.835  86.209 0.0000000000
66483  23.002  -13.070  86.613 0.0000000000
66470  22.404  -13.604  86.886 0.0000000000
77515  45.185  -2.265  61.069 0.0000000000
77516  44.908  -2.801  60.287 0.0000000000
76590  44.229  -3.181  59.373 0.0000000000
77524  40.825  -2.709  58.674 0.0000000000
130464  23.258  -19.353  86.881 0.0000000000
60340  23.026  -19.700  86.239 0.0000000000
135059  23.515  -20.063  86.757 0.0000000000
59373  23.806  -21.698  86.555 0.0000000000
57636  23.915  -23.123  86.289 0.0000000000
52875  22.364  -25.490  87.020 0.0000000000
138985  22.360  -25.664  86.444 0.0000000000
132503  22.398  -26.084  85.791 0.0000000000
131576  22.217  -26.718  85.140 0.0000000000
147805  21.012  -25.993  84.883 0.0000000000
133101  20.379  -25.847  84.549 0.0000000000
138809  18.670  -24.546  89.353 0.0000000000
140039  18.575  -24.510  88.830 0.0000000000
132846  15.827  -23.702  88.249 0.0000000000
54844  16.764  -23.755  87.655 0.0000000000
145201  17.343  -24.094  85.904 0.0000000000
54869  17.535  -24.479  84.897 0.0000000000
72509  33.304  -7.388  72.848 0.0000000000
154212  33.743  -11.713  75.477 0.0000000000
68462  33.011  -11.344  74.762 0.0000000000
68472  31.986  -11.691  73.463 0.0000000000
67536  31.423  -12.573  72.305 0.0000000000
150949  34.099  -16.086  71.963 0.0000000000
61440  31.008  -18.315  72.209 0.0000000000
62343  30.606  -16.336  82.568 0.0000000000
129991  30.918  -16.640  81.872 0.0000000000
62364  31.274  -17.031  81.087 0.0000000000
62393  31.299  -17.636  79.101 0.0000000000
62405  31.289  -17.820  78.487 0.0000000000
61331  32.496  -18.417  78.418 0.0000000000
154762  33.750  -18.544  78.231 0.0000000000
61372  33.527  -18.590  76.600 0.0000000000
61373  32.705  -18.604  76.432 0.0000000000
61392  31.613  -18.376  75.406 0.0000000000
154403  29.286  -17.335  74.950 0.0000000000
61410  29.910  -18.062  73.640 0.0000000000
61425  29.414  -18.286  72.845 0.0000000000
62469  29.020  -17.948  73.456 0.0000000000
146727  35.479  -3.481  69.909 0.0000000000
73629  33.008  -5.081  67.154 0.0000000000
72586  30.247  -7.131  66.428 0.0000000000
72597  30.349  -7.096  65.257 0.0000000000
152852  52.488  2.547  49.377 0.0000000000
82190  53.726  2.500  49.865 0.0000000000
131569  38.634  -8.266  65.193 0.0000000000
69500  38.066  -8.907  64.050 0.0000000000
69488  38.023  -8.451  64.885 0.0000000000
70450  37.412  -8.383  64.861 0.0000000000
70437  37.255  -7.916  65.198 0.0000000000
71470  37.704  -7.016  65.844 0.0000000000
71484  37.234  -7.427  65.393 0.0000000000
70438  36.870  -7.982  65.035 0.0000000000
146273  36.473  -8.012  64.850 0.0000000000
71498  36.070  -7.545  64.802 0.0000000000
71499  35.298  -7.557  64.331 0.0000000000
72550  42.633  -7.017  68.359 0.0000000000
72565  42.136  -6.930  67.920 0.0000000000
72537  41.371  -6.516  68.211 0.0000000000
72551  41.534  -6.779  67.818 0.0000000000
71455  41.474  -6.872  67.205 0.0000000000
71467  40.580  -7.059  66.627 0.0000000000
70434  39.087  -7.775  65.805 0.0000000000
56747  23.864  -24.349  82.671 0.0000000000
58542  22.257  -22.264  82.888 0.0000000000
142790  23.303  -23.700  82.775 0.0000000000
55800  24.110  -24.472  83.466 0.0000000000
55795  24.296  -24.715  83.776 0.0000000000
54879  24.471  -25.276  84.312 0.0000000000
64404  25.162  -14.381  84.270 0.0000000000
64409  25.752  -14.686  84.109 0.0000000000
64410  24.897  -14.538  83.849 0.0000000000
64416  24.495  -14.649  83.194 0.0000000000
148251  22.066  -14.703  82.678 0.0000000000
64422  22.839  -14.746  82.098 0.0000000000
63449  22.292  -15.858  80.939 0.0000000000
62383  21.539  -17.125  80.346 0.0000000000
79431  42.966  -0.226  57.372 0.0000000000
80364  44.189  0.745  57.627 0.0000000000
80365  43.394  0.557  57.232 0.0000000000
66455  24.056  -13.506  88.843 0.0000000000
66454  24.830  -12.725  88.564 0.0000000000
150858  41.620  -3.900  63.920 0.0000000000
76570  42.012  -3.773  63.273 0.0000000000
74674  41.704  -5.854  61.792 0.0000000000
76577  42.580  -3.725  62.498 0.0000000000
76585  42.910  -4.132  61.619 0.0000000000
76592  42.873  -4.237  60.557 0.0000000000
75685  41.185  -4.147  59.476 0.0000000000
132887  39.840  -3.448  59.391 0.0000000000
75673  40.052  -4.711  59.894 0.0000000000
75687  39.491  -3.940  59.711 0.0000000000
76607  38.308  -2.747  59.592 0.0000000000
58503  24.303  -21.334  87.698 0.0000000000
58496  24.389  -21.599  88.186 0.0000000000
56697  24.176  -23.272  87.885 0.0000000000
130016  23.921  -24.238  87.721 0.0000000000
55761  23.642  -24.116  88.839 0.0000000000
53829  23.217  -24.906  88.146 0.0000000000
149066  22.115  -25.486  87.084 0.0000000000
132619  20.634  -25.313  87.259 0.0000000000
53838  16.664  -24.241  89.594 0.0000000000
54823  15.831  -23.933  88.959 0.0000000000
154583  15.065  -23.559  87.036 0.0000000000
54859  14.316  -23.726  86.468 0.0000000000
66557  34.290  -13.150  75.732 0.0000000000
67511  33.407  -13.180  74.548 0.0000000000
66577  33.205  -13.729  73.725 0.0000000000
66588  33.585  -14.320  73.409 0.0000000000
65551  33.821  -14.746  72.879 0.0000000000
64519  34.615  -15.257  73.774 0.0000000000
63460  29.471  -16.130  80.554 0.0000000000
153771  29.466  -16.155  79.880 0.0000000000
134488  30.123  -16.694  78.846 0.0000000000
62442  28.507  -16.747  74.912 0.0000000000
72526  32.416  -6.334  70.338 0.0000000000
73606  32.222  -6.003  69.426 0.0000000000
72558  31.190  -6.842  68.704 0.0000000000
71471  30.557  -7.271  68.129 0.0000000000
72570  30.177  -7.338  67.274 0.0000000000
71486  29.665  -7.758  66.732 0.0000000000
82172  52.898  3.169  50.824 0.0000000000
83050  52.475  3.627  51.272 0.0000000000
82192  51.740  2.804  49.424 0.0000000000
71550  36.924  -8.466  60.794 0.0000000000
69501  37.531  -9.185  63.973 0.0000000000
69521  37.363  -9.868  63.781 0.0000000000
69503  36.339  -9.376  63.943 0.0000000000
69542  36.232  -9.887  62.825 0.0000000000
69559  35.539  -9.652  61.829 0.0000000000
72579  42.066  -6.552  66.233 0.0000000000
73654  42.426  -6.235  66.386 0.0000000000
74657  41.869  -5.444  64.169 0.0000000000
73679  41.779  -6.209  62.663 0.0000000000
72636  41.235  -7.516  62.663 0.0000000000
73685  41.022  -7.047  61.338 0.0000000000
145541  32.035  -15.663  86.217 0.0000000000
142682  32.234  -15.822  85.780 0.0000000000
138984  31.049  -15.629  85.458 0.0000000000
62304  30.656  -15.765  84.856 0.0000000000
132125  30.245  -15.858  84.260 0.0000000000
62286  29.455  -15.658  84.731 0.0000000000
131839  29.445  -15.713  84.483 0.0000000000
62324  29.732  -15.889  83.747 0.0000000000
146620  29.275  -15.857  83.312 0.0000000000
62344  29.254  -15.949  82.590 0.0000000000
63433  28.494  -15.878  82.365 0.0000000000
62327  26.587  -15.156  83.539 0.0000000000
62347  26.552  -15.268  83.089 0.0000000000
62348  26.078  -15.161  82.531 0.0000000000
150375  27.082  -15.482  83.151 0.0000000000
63444  27.993  -15.842  81.741 0.0000000000
63462  27.446  -15.768  81.031 0.0000000000
147778  26.989  -15.717  80.284 0.0000000000
64439  26.526  -15.587  79.475 0.0000000000
153173  26.119  -15.478  78.810 0.0000000000
62397  21.489  -17.813  79.676 0.0000000000
83001  48.646  3.893  58.519 0.0000000000
130740  45.236  1.924  57.972 0.0000000000
81233  45.935  2.330  58.216 0.0000000000
82142  47.191  3.352  58.073 0.0000000000
83009  48.754  4.498  57.374 0.0000000000
83888  48.824  4.828  56.566 0.0000000000
83900  48.501  4.965  55.519 0.0000000000
149779  48.938  5.268  54.991 0.0000000000
83909  49.046  5.281  54.188 0.0000000000
83919  49.340  5.206  53.324 0.0000000000
83927  49.562  4.681  52.077 0.0000000000
62308  21.528  -17.889  84.863 0.0000000000
61266  22.091  -18.453  85.715 0.0000000000
61262  22.176  -17.921  86.373 0.0000000000
63381  21.899  -16.218  87.049 0.0000000000
61259  23.239  -18.588  87.445 0.0000000000
61258  23.878  -18.882  88.086 0.0000000000
65400  23.443  -14.241  88.865 0.0000000000
146971  23.570  -15.026  89.194 0.0000000000
64379  23.468  -15.666  89.002 0.0000000000
63364  23.667  -16.401  89.040 0.0000000000
62251  24.021  -17.322  89.063 0.0000000000
61257  24.339  -19.180  88.567 0.0000000000
60335  24.582  -19.923  88.695 0.0000000000
59353  24.688  -20.473  89.203 0.0000000000
59352  24.692  -20.945  89.580 0.0000000000
60332  24.811  -20.162  90.026 0.0000000000
58492  24.615  -21.423  89.846 0.0000000000
134539  32.908  -15.805  86.562 0.0000000000
62255  32.311  -15.664  86.482 0.0000000000
155258  31.555  -15.430  86.453 0.0000000000
63377  31.205  -15.469  86.163 0.0000000000
63378  30.670  -15.233  86.137 0.0000000000
64388  30.072  -14.899  86.035 0.0000000000
147908  29.291  -14.974  85.625 0.0000000000
63394  28.730  -15.186  85.023 0.0000000000
64395  28.126  -14.887  85.056 0.0000000000
64396  27.190  -14.727  84.794 0.0000000000
151233  26.760  -14.170  85.076 0.0000000000
64403  25.846  -14.365  84.526 0.0000000000
66493  23.231  -13.183  85.694 0.0000000000
133973  22.475  -13.636  85.125 0.0000000000
64405  21.090  -15.286  84.873 0.0000000000
63419  21.016  -16.046  84.759 0.0000000000
156430  47.050  0.591  61.636 0.0000000000
79400  46.695  0.062  61.238 0.0000000000
78459  45.913  -0.994  61.109 0.0000000000
78465  45.867  -1.062  60.359 0.0000000000
79409  46.197  -0.388  60.014 0.0000000000
79419  45.016  -0.757  58.682 0.0000000000
79420  44.384  -0.850  58.101 0.0000000000
76591  43.581  -3.877  59.948 0.0000000000
76603  43.138  -3.570  58.955 0.0000000000
77536  43.452  -2.832  58.365 0.0000000000
143391  42.802  -2.342  57.910 0.0000000000
78492  43.245  -1.034  57.651 0.0000000000
79432  42.140  -0.167  57.277 0.0000000000
60343  22.265  -20.476  84.529 0.0000000000
59387  22.717  -21.110  84.911 0.0000000000
59375  23.012  -21.021  85.537 0.0000000000
59386  23.132  -21.611  85.314 0.0000000000
57646  23.501  -22.964  84.875 0.0000000000
57653  23.662  -23.477  84.680 0.0000000000
55790  24.295  -24.642  84.425 0.0000000000
54868  24.359  -25.442  84.945 0.0000000000
57627  23.998  -22.766  87.084 0.0000000000
155040  23.947  -23.174  86.797 0.0000000000
55778  24.083  -24.138  86.361 0.0000000000
52873  23.361  -25.487  86.531 0.0000000000
54867  24.251  -24.716  85.710 0.0000000000
53882  24.117  -25.932  85.189 0.0000000000
52930  22.387  -27.627  83.389 0.0000000000
154553  22.047  -27.106  84.268 0.0000000000
52864  20.490  -25.144  88.171 0.0000000000
53837  17.459  -24.336  89.217 0.0000000000
53850  17.747  -24.313  88.772 0.0000000000
132008  18.507  -24.439  88.278 0.0000000000
54835  17.718  -24.116  87.981 0.0000000000
53871  19.844  -25.208  86.122 0.0000000000
53894  19.544  -25.688  84.125 0.0000000000
53885  18.155  -24.967  84.264 0.0000000000
53895  18.641  -25.558  83.682 0.0000000000
53904  19.184  -26.167  83.007 0.0000000000
136105  10.181  -23.747  92.418 0.0000000000
54790  9.180  -23.906  92.162 0.0000000000
154788  9.798  -23.757  93.804 0.0000000000
75581  38.377  -3.534  69.028 0.0000000000
74585  33.969  -4.563  70.585 0.0000000000
73588  32.952  -5.947  70.739 0.0000000000
72527  32.054  -6.929  70.816 0.0000000000
71438  31.778  -7.606  71.264 0.0000000000
71439  31.094  -8.191  70.976 0.0000000000
70358  32.664  -9.021  73.602 0.0000000000
143332  30.056  -11.984  70.966 0.0000000000
134894  31.109  -12.961  71.704 0.0000000000
66617  30.632  -13.712  70.678 0.0000000000
64562  31.259  -16.050  69.877 0.0000000000
66604  32.907  -14.201  72.261 0.0000000000
138935  32.825  -15.131  70.952 0.0000000000
64551  31.911  -15.688  70.181 0.0000000000
62520  30.626  -17.546  69.576 0.0000000000
152334  30.603  -18.199  69.903 0.0000000000
153142  30.171  -18.854  70.046 0.0000000000
63507  35.597  -16.462  76.840 0.0000000000
62302  32.657  -16.516  84.433 0.0000000000
62320  33.525  -17.289  83.199 0.0000000000
62322  32.050  -16.812  83.071 0.0000000000
131203  32.772  -17.228  82.733 0.0000000000
62341  33.396  -17.519  82.413 0.0000000000
61289  34.063  -18.124  81.047 0.0000000000
62380  31.644  -17.404  80.357 0.0000000000
148531  32.328  -17.799  80.382 0.0000000000
61304  33.711  -18.280  80.165 0.0000000000
61303  34.666  -18.164  80.320 0.0000000000
61313  35.251  -18.014  79.707 0.0000000000
61349  35.011  -18.192  78.092 0.0000000000
62413  35.464  -17.629  77.688 0.0000000000
63508  35.548  -16.999  76.567 0.0000000000
63518  35.489  -16.615  75.987 0.0000000000
62452  35.269  -17.196  75.228 0.0000000000
62453  34.801  -17.758  74.686 0.0000000000
61422  32.870  -18.288  73.242 0.0000000000
133528  31.865  -18.285  72.919 0.0000000000
141173  29.231  -19.078  71.462 0.0000000000
74595  38.112  -4.214  68.195 0.0000000000
73616  36.294  -4.765  66.858 0.0000000000
74608  35.502  -3.994  67.854 0.0000000000
73641  35.594  -5.654  65.713 0.0000000000
72593  35.350  -6.779  64.793 0.0000000000
72608  34.497  -6.782  64.304 0.0000000000
73630  32.379  -5.557  66.739 0.0000000000
72584  31.731  -6.120  65.816 0.0000000000
73644  32.352  -5.765  65.968 0.0000000000
73656  33.124  -5.786  65.262 0.0000000000
72609  33.671  -6.875  63.792 0.0000000000
71514  33.657  -7.637  63.221 0.0000000000
83053  49.371  4.205  51.357 0.0000000000
83066  49.846  3.379  49.830 0.0000000000
82182  48.968  3.191  49.887 0.0000000000
52860  22.463  -25.248  87.885 0.0000000000
52874  23.047  -25.265  87.380 0.0000000000
52902  23.790  -26.189  85.310 0.0000000000
53818  18.254  -24.514  89.753 0.0000000000
53845  22.754  -25.106  88.174 0.0000000000
53846  22.314  -25.108  88.602 0.0000000000
53857  23.848  -24.739  87.259 0.0000000000
54820  23.292  -24.590  88.790 0.0000000000
54834  23.660  -24.527  88.081 0.0000000000
54855  24.111  -24.588  86.427 0.0000000000
55754  23.526  -23.324  89.930 0.0000000000
55767  24.089  -23.765  88.014 0.0000000000
55772  24.026  -23.656  87.454 0.0000000000
55784  24.152  -24.225  85.706 0.0000000000
55789  24.195  -24.321  85.129 0.0000000000
56688  24.180  -22.539  89.606 0.0000000000
56689  23.912  -22.933  89.787 0.0000000000
56692  24.046  -23.162  89.118 0.0000000000
56698  24.157  -23.294  88.466 0.0000000000
56705  24.020  -23.253  87.234 0.0000000000
56711  23.991  -23.614  86.433 0.0000000000
57613  24.325  -22.302  88.581 0.0000000000
57620  24.217  -22.685  87.813 0.0000000000
57637  23.795  -22.855  85.903 0.0000000000
58516  23.617  -22.644  85.543 0.0000000000
58521  23.303  -22.309  85.080 0.0000000000
59349  24.754  -20.667  90.330 0.0000000000
59355  24.518  -21.241  88.849 0.0000000000
59363  23.189  -20.502  86.024 0.0000000000
60336  24.186  -19.744  87.983 0.0000000000
62256  31.633  -15.539  86.270 0.0000000000
62267  31.420  -15.610  85.836 0.0000000000
62268  30.899  -15.591  85.736 0.0000000000
62283  32.351  -15.989  85.263 0.0000000000
62284  31.708  -15.731  85.569 0.0000000000
62288  26.990  -15.055  84.297 0.0000000000
62289  21.703  -17.488  85.791 0.0000000000
62306  27.838  -15.507  84.095 0.0000000000
63376  31.942  -15.439  86.730 0.0000000000
63379  29.828  -14.859  86.078 0.0000000000
63391  30.665  -15.391  85.889 0.0000000000
63393  29.148  -15.189  85.297 0.0000000000
64389  28.966  -14.856  85.399 0.0000000000
64397  26.345  -14.215  84.859 0.0000000000
64399  21.240  -15.218  85.745 0.0000000000
65453  21.957  -14.359  83.395 0.0000000000
69520  38.040  -9.624  63.743 0.0000000000
70420  39.817  -7.382  66.264 0.0000000000
70433  40.282  -7.520  65.996 0.0000000000
70435  38.361  -7.859  65.545 0.0000000000
70436  37.754  -7.908  65.364 0.0000000000
70451  36.954  -8.418  64.797 0.0000000000
70464  39.819  -8.260  64.373 0.0000000000
70480  39.884  -8.728  63.510 0.0000000000
71457  40.104  -6.836  66.944 0.0000000000
71458  39.432  -6.869  66.665 0.0000000000
71459  38.793  -6.854  66.451 0.0000000000
71481  41.644  -6.888  66.711 0.0000000000
71511  40.842  -7.473  63.852 0.0000000000
71524  40.944  -8.088  62.733 0.0000000000
72535  42.990  -6.899  68.956 0.0000000000
72549  43.238  -7.009  68.293 0.0000000000
72557  31.607  -6.231  68.139 0.0000000000
72594  33.446  -6.263  64.545 0.0000000000
73600  41.092  -6.006  68.500 0.0000000000
73605  32.758  -5.547  69.781 0.0000000000
73640  43.230  -6.050  66.965 0.0000000000
73665  41.580  -6.549  64.395 0.0000000000
74597  34.973  -3.718  69.151 0.0000000000
74598  33.932  -4.288  69.589 0.0000000000
76606  39.122  -3.036  59.559 0.0000000000
77507  44.396  -3.092  61.441 0.0000000000
77508  43.864  -3.102  62.028 0.0000000000
78451  46.198  -0.411  61.346 0.0000000000
78452  45.832  -0.683  61.582 0.0000000000
78460  45.540  -1.635  60.734 0.0000000000
79401  46.303  -0.467  60.801 0.0000000000
80343  47.092  1.012  60.214 0.0000000000
81282  54.820  2.094  48.090 0.0000000000
83039  52.703  3.975  51.858 0.0000000000
83052  50.933  4.043  51.028 0.0000000000
83928  48.965  4.806  52.742 0.0000000000
129668  44.841  -2.588  61.521 0.0000000000
129802  32.750  -16.004  85.695 0.0000000000
130238  24.162  -25.213  85.828 0.0000000000
132354  23.978  -23.690  88.664 0.0000000000
134821  23.970  -24.431  87.086 0.0000000000
137856  39.658  -7.785  65.706 0.0000000000
138855  23.971  -23.716  86.915 0.0000000000
139551  24.321  -22.121  88.123 0.0000000000
140042  42.616  -5.850  66.469 0.0000000000
140246  24.090  -21.718  87.137 0.0000000000
142120  23.136  -22.702  84.347 0.0000000000
142697  23.715  -20.841  86.653 0.0000000000
142867  40.112  -7.017  66.716 0.0000000000
144581  49.686  5.049  52.654 0.0000000000
148742  43.156  -6.776  67.625 0.0000000000
151301  41.886  -4.069  59.333 0.0000000000
153381  23.855  -23.784  84.798 0.0000000000
156180  33.835  -18.476  79.023 0.0000000000
156553  26.545  -14.573  84.619 0.0000000000
156661  24.397  -21.805  88.567 0.0000000000
157447  21.679  -15.690  86.809 0.0000000000
