#!ascii label  , from subject sub-fsm85fp vox2ras=TkReg
1008
77163  18.967  -2.956  7.319 0.2500000000
77162  19.311  -3.636  7.012 0.2500000000
77161  19.771  -4.114  6.672 0.7500000000
79935  16.838  0.225  7.547 0.2500000000
79952  17.504  -0.588  7.475 0.1250000000
79009  17.587  -1.425  7.278 0.2500000000
152029  18.362  -2.138  7.577 0.2500000000
138874  19.296  -2.672  6.818 0.7500000000
156585  18.834  -2.200  7.112 0.3750000000
149647  19.681  -3.361  6.619 0.8750000000
155090  20.994  -4.004  5.669 0.8750000000
79021  18.024  -1.010  7.335 0.3750000000
78086  18.463  -1.549  7.276 0.3750000000
78102  18.980  -1.765  6.876 0.8750000000
78112  20.662  -2.653  5.675 1.0000000000
78113  20.239  -1.897  5.847 1.0000000000
78101  19.546  -1.893  6.422 0.8750000000
77170  21.237  -3.293  5.467 1.0000000000
78100  19.946  -2.682  6.308 0.8750000000
80865  16.941  0.498  7.446 0.2500000000
79951  18.163  -0.357  7.139 0.7500000000
79950  18.802  -0.334  6.626 0.8750000000
79019  19.209  -1.085  6.555 0.8750000000
79020  18.675  -0.883  6.935 0.7500000000
79030  21.025  -1.901  5.270 1.0000000000
79032  19.837  -1.120  5.970 1.0000000000
78123  22.787  -2.297  4.352 1.0000000000
155150  21.394  -2.555  5.247 1.0000000000
77187  22.136  -2.982  4.914 1.0000000000
80864  17.577  0.278  7.295 0.6250000000
80863  18.386  0.359  6.745 1.0000000000
79963  19.464  -0.334  6.083 1.0000000000
79037  22.452  -1.352  4.252 1.0000000000
79038  21.451  -1.190  4.779 1.0000000000
79031  20.628  -1.103  5.383 1.0000000000
79962  20.196  -0.310  5.518 1.0000000000
138292  21.877  -2.048  4.790 1.0000000000
78136  24.213  -2.455  3.717 1.0000000000
129642  12.257  4.649  9.116 0.2500000000
80843  16.874  0.673  7.445 0.2500000000
81714  15.556  1.053  7.837 0.3750000000
139793  18.052  1.029  6.866 1.0000000000
81737  17.002  0.843  7.305 0.6250000000
80878  19.824  0.450  5.563 1.0000000000
80879  19.129  0.438  6.192 1.0000000000
79986  22.683  -0.502  3.795 1.0000000000
79970  21.859  -0.461  4.340 1.0000000000
80887  20.449  0.368  5.142 1.0000000000
139550  24.100  -1.660  3.519 1.0000000000
79985  23.543  -0.396  3.367 1.0000000000
145918  24.022  -0.994  3.358 1.0000000000
84296  13.718  4.294  8.257 0.5000000000
83409  13.052  4.038  8.699 0.3750000000
82577  13.963  2.819  8.476 0.3750000000
82575  14.804  2.350  7.791 0.5000000000
83422  14.430  2.961  7.948 0.5000000000
82598  16.365  2.593  7.153 0.8750000000
81736  17.902  1.720  6.702 1.0000000000
82597  17.846  2.156  6.630 1.0000000000
81754  20.328  1.115  5.037 1.0000000000
81735  18.456  1.618  6.413 1.0000000000
80903  21.550  0.969  4.160 1.0000000000
80886  20.929  0.702  4.637 1.0000000000
80915  23.851  0.534  2.837 1.0000000000
80901  22.884  0.383  3.437 1.0000000000
80005  25.213  -0.448  2.755 0.8750000000
129455  12.535  5.582  8.906 0.5000000000
83423  13.909  3.594  8.251 0.5000000000
84294  14.953  4.153  7.639 0.6250000000
84293  15.644  4.127  7.385 0.6250000000
83444  16.874  3.410  6.934 1.0000000000
82614  18.603  2.283  6.204 1.0000000000
145775  22.607  2.768  2.869 1.0000000000
139259  21.508  2.369  3.841 1.0000000000
81766  20.989  1.672  4.389 1.0000000000
81767  20.261  1.987  4.877 1.0000000000
81790  22.978  2.098  2.743 1.0000000000
80902  22.213  1.097  3.620 1.0000000000
81780  21.665  1.646  3.861 1.0000000000
150524  23.785  1.686  2.419 0.8750000000
80916  22.989  1.326  3.072 1.0000000000
80914  24.819  0.307  2.498 0.8750000000
129621  14.050  4.942  8.174 0.5000000000
85145  15.375  4.774  7.565 0.8750000000
83457  20.035  3.859  4.811 1.0000000000
83442  18.778  3.114  5.946 1.0000000000
150200  22.000  2.800  3.413 1.0000000000
82635  21.064  3.639  4.006 1.0000000000
137571  19.717  2.288  5.305 1.0000000000
83504  23.512  3.790  1.973 1.0000000000
82655  25.183  2.455  1.329 1.0000000000
154436  24.102  2.234  2.015 1.0000000000
82645  22.934  3.488  2.421 1.0000000000
82656  24.315  2.717  1.666 1.0000000000
129457  14.527  5.810  8.145 0.5000000000
85144  15.997  4.978  7.338 0.8750000000
84349  20.742  5.067  4.032 1.0000000000
84337  19.583  4.255  5.186 1.0000000000
84315  17.422  4.296  6.737 1.0000000000
85237  23.223  5.592  1.573 1.0000000000
84371  22.413  4.865  2.468 1.0000000000
84395  24.526  4.792  0.753 1.0000000000
84382  23.799  4.881  1.367 1.0000000000
83495  22.299  4.143  2.752 1.0000000000
83516  24.930  3.552  0.877 1.0000000000
137721  23.656  4.273  1.684 1.0000000000
140351  24.842  3.072  1.216 0.8750000000
87809  20.022  8.313  4.589 1.0000000000
140856  18.279  8.345  6.560 0.3750000000
146353  20.609  8.171  3.918 0.8750000000
86055  20.806  6.289  3.937 1.0000000000
86102  23.415  6.188  1.244 1.0000000000
85226  22.493  5.713  2.162 1.0000000000
88663  20.630  9.558  3.806 0.8750000000
88670  22.019  9.106  2.456 1.0000000000
87826  21.592  8.152  2.899 1.0000000000
146351  21.404  7.475  3.144 1.0000000000
87840  21.772  8.294  2.653 1.0000000000
86077  21.205  6.464  3.447 1.0000000000
86103  22.787  6.295  1.701 1.0000000000
86969  22.987  6.812  1.372 1.0000000000
86976  24.284  6.792  0.221 1.0000000000
89566  21.623  10.171  2.814 0.7500000000
88680  22.298  8.916  1.798 1.0000000000
88695  22.685  8.638  1.149 1.0000000000
87872  23.967  8.274  -0.244 1.0000000000
87867  22.776  7.884  1.176 1.0000000000
86977  23.213  7.350  0.960 1.0000000000
135522  22.583  9.791  1.078 1.0000000000
88704  23.619  9.104  -0.069 1.0000000000
140052  22.273  17.619  -1.331 0.1250000000
96095  22.340  18.505  -1.637 0.1250000000
134033  22.561  16.518  -2.073 0.2500000000
143152  22.392  17.467  -2.542 0.1250000000
95267  22.584  16.930  -3.719 0.3750000000
96868  22.405  18.782  -4.018 0.2500000000
96122  22.622  17.154  -5.314 0.5000000000
140181  22.528  18.045  -4.701 0.2500000000
136151  22.837  17.937  -5.853 0.3750000000
138290  22.457  19.563  -3.768 0.2500000000
96881  22.684  18.948  -4.853 0.2500000000
97701  22.593  20.086  -4.330 0.2500000000
131245  23.282  21.261  -5.665 0.2500000000
155016  22.912  18.784  -5.943 0.2500000000
97733  23.496  20.681  -7.426 0.2500000000
97722  23.283  19.854  -7.013 0.3750000000
144167  23.112  20.176  -6.043 0.2500000000
97732  23.754  19.921  -7.593 0.3750000000
78085  18.699  -2.676  7.439 0.1250000000
78122  23.536  -2.925  4.232 1.0000000000
84316  16.457  4.191  7.139 0.8750000000
154048  21.162  4.212  3.770 1.0000000000
76225  19.105  -4.431  7.459 0.1250000000
75259  20.622  -5.219  6.236 0.7500000000
79934  16.799  -0.831  6.915 0.1250000000
75258  21.395  -5.515  5.725 1.0000000000
76272  21.880  -4.020  5.245 1.0000000000
77186  22.825  -3.710  4.607 1.0000000000
77203  24.380  -3.240  3.967 1.0000000000
81701  15.114  1.387  8.261 0.3750000000
83396  12.918  3.641  9.649 0.2500000000
82561  14.161  2.196  8.602 0.2500000000
79062  24.732  -1.111  3.245 0.8750000000
80928  25.276  0.987  2.076 0.8750000000
80913  25.607  0.273  2.351 0.8750000000
82666  25.944  2.430  1.103 0.8750000000
87793  17.706  8.548  7.289 0.1250000000
145595  16.334  5.996  7.343 0.6250000000
84381  24.381  4.186  1.121 1.0000000000
82667  25.505  3.016  0.877 0.8750000000
87808  20.378  8.963  4.105 0.5000000000
155948  18.858  8.023  5.974 0.3750000000
86907  18.596  7.306  6.146 0.8750000000
86113  24.045  6.117  0.676 1.0000000000
86123  25.009  6.366  -0.185 1.0000000000
86986  25.097  6.960  -0.639 1.0000000000
88671  21.785  9.192  2.827 1.0000000000
86988  23.781  7.524  0.303 1.0000000000
90578  22.174  11.011  1.329 0.8750000000
90588  23.244  11.190  -0.157 1.0000000000
89600  23.248  10.064  0.110 1.0000000000
88703  24.262  8.987  -0.868 1.0000000000
95253  22.521  17.331  0.236 0.1250000000
150579  22.530  16.052  0.245 0.1250000000
94422  23.306  15.046  -1.928 0.6250000000
147074  22.617  16.503  -3.104 0.6250000000
96136  23.169  16.870  -6.167 0.5000000000
96099  22.365  18.400  -2.742 0.2500000000
136022  23.393  17.672  -6.622 0.5000000000
97692  22.673  19.820  -3.011 0.2500000000
135255  22.926  20.679  -4.898 0.2500000000
97721  23.358  19.069  -7.157 0.5000000000
96905  23.734  19.067  -7.425 0.5000000000
99350  23.424  22.153  -6.070 0.1250000000
138337  23.529  21.548  -6.761 0.2500000000
99375  24.047  23.041  -8.691 0.2500000000
98563  24.057  20.586  -8.290 0.3750000000
99374  24.265  22.487  -9.087 0.2500000000
99351  23.607  22.770  -6.893 0.1250000000
76235  19.052  -3.895  7.429 0.1250000000
76234  19.348  -4.555  7.157 0.5000000000
76251  20.447  -4.434  6.206 0.7500000000
77171  20.361  -3.526  6.112 0.8750000000
76250  21.194  -4.714  5.689 1.0000000000
155733  22.812  -2.990  4.512 1.0000000000
141226  17.360  0.971  7.183 0.8750000000
151083  23.042  -1.746  4.014 1.0000000000
79971  20.988  -0.251  4.868 1.0000000000
78137  23.513  -2.062  3.881 1.0000000000
81702  14.630  1.842  8.205 0.3750000000
137545  15.872  1.731  7.423 0.5000000000
144976  17.413  1.408  7.047 0.8750000000
149117  18.776  1.115  6.318 1.0000000000
81755  19.564  1.336  5.565 1.0000000000
79047  23.325  -1.278  3.687 1.0000000000
146152  21.487  0.249  4.399 1.0000000000
79987  22.108  0.285  3.962 1.0000000000
80006  24.418  -0.381  3.018 1.0000000000
82574  15.521  2.477  7.436 0.6250000000
83421  15.098  3.279  7.531 0.6250000000
81756  19.079  1.904  5.927 1.0000000000
81788  24.516  1.068  2.323 0.8750000000
83443  18.339  2.937  6.277 1.0000000000
82613  19.244  2.701  5.640 1.0000000000
81789  23.494  2.639  2.291 1.0000000000
81779  22.269  2.041  3.364 1.0000000000
148420  20.856  2.718  4.319 1.0000000000
82634  21.514  3.192  3.701 1.0000000000
81801  24.698  1.811  1.828 0.8750000000
83486  20.713  4.259  4.176 1.0000000000
138565  19.111  3.873  5.626 1.0000000000
83471  20.464  3.368  4.527 1.0000000000
82633  22.160  3.442  3.123 1.0000000000
155166  20.240  2.690  4.817 1.0000000000
83485  21.603  4.042  3.401 1.0000000000
82644  23.696  3.256  1.956 1.0000000000
129633  15.411  5.731  7.687 0.6250000000
85157  16.826  5.045  7.097 0.7500000000
85156  18.937  4.574  5.747 1.0000000000
84338  19.193  4.603  5.547 1.0000000000
145100  19.656  4.926  5.074 1.0000000000
84350  20.173  4.788  4.596 1.0000000000
85201  20.525  5.618  4.247 1.0000000000
85218  21.410  5.928  3.155 1.0000000000
85227  21.848  5.406  2.778 1.0000000000
85247  24.622  5.471  0.431 1.0000000000
84361  21.268  4.914  3.476 1.0000000000
146222  19.406  8.153  5.411 0.7500000000
86921  20.106  6.357  4.666 1.0000000000
85179  19.508  5.389  5.246 1.0000000000
86092  21.871  6.340  2.595 1.0000000000
86037  19.809  6.004  4.923 1.0000000000
86056  20.326  6.137  4.458 1.0000000000
86091  22.346  6.484  2.122 1.0000000000
89576  21.794  10.117  2.614 0.8750000000
86939  21.100  6.848  3.593 1.0000000000
146354  21.582  7.642  2.854 1.0000000000
86978  22.643  7.396  1.516 1.0000000000
86970  22.491  6.929  1.835 1.0000000000
86938  21.404  7.075  3.155 1.0000000000
142913  23.590  6.719  0.895 1.0000000000
87854  22.407  8.038  1.666 1.0000000000
88694  23.050  9.166  0.570 1.0000000000
146177  22.724  10.749  0.565 1.0000000000
140213  22.302  17.691  -0.436 0.1250000000
140211  22.380  16.775  -0.920 0.1250000000
95254  22.390  16.784  -0.078 0.1250000000
96862  22.523  19.139  -2.302 0.2500000000
149635  22.430  17.682  -3.392 0.2500000000
95282  22.630  16.588  -4.825 0.7500000000
99356  23.645  21.603  -7.690 0.2500000000
98564  23.757  21.094  -8.197 0.2500000000
76205  18.891  -4.807  8.028 0.1250000000
155397  19.028  -4.935  7.744 0.1250000000
76233  19.888  -4.925  6.718 0.6250000000
76249  22.001  -4.962  5.256 1.0000000000
86894  17.395  7.397  7.266 0.5000000000
146022  17.523  5.142  6.802 0.8750000000
86013  16.997  6.616  7.315 0.7500000000
139634  17.935  5.736  6.619 0.8750000000
86893  17.990  7.394  6.744 0.7500000000
86021  18.304  6.480  6.367 1.0000000000
86038  19.492  5.798  5.269 1.0000000000
90603  23.751  11.189  -1.075 1.0000000000
89615  23.840  9.809  -0.739 1.0000000000
142842  22.762  15.227  0.080 0.3750000000
94431  23.262  14.995  -2.915 0.7500000000
94432  22.852  15.750  -3.084 0.7500000000
143744  22.941  15.633  -2.267 0.5000000000
94460  23.004  15.864  -5.397 0.7500000000
99373  24.138  21.957  -9.085 0.2500000000
98574  24.808  21.407  -8.543 0.3750000000
72172  23.138  -8.707  6.329 0.7500000000
71090  24.446  -8.787  5.972 0.7500000000
71081  22.317  -8.871  6.766 0.7500000000
72174  21.762  -7.975  6.621 0.7500000000
72185  24.109  -8.103  5.640 0.7500000000
73234  22.351  -7.635  6.106 0.7500000000
73257  24.581  -7.479  5.200 0.7500000000
73248  23.650  -7.454  5.324 0.7500000000
73249  22.819  -7.257  5.565 0.7500000000
74292  20.850  -5.982  6.255 0.7500000000
75238  20.129  -5.637  6.749 0.6250000000
74290  22.475  -6.544  5.374 0.8750000000
74291  21.671  -6.286  5.798 0.8750000000
74289  23.259  -6.771  5.041 0.7500000000
75257  22.189  -5.785  5.278 0.8750000000
74302  24.736  -6.477  4.776 0.7500000000
74303  23.786  -6.225  4.698 0.7500000000
75272  23.502  -5.402  4.572 0.8750000000
76271  22.525  -4.511  4.858 0.8750000000
76268  24.886  -4.744  4.304 0.7500000000
76269  24.101  -4.682  4.359 0.8750000000
76270  23.219  -4.581  4.543 0.8750000000
76283  25.268  -4.048  3.998 0.8750000000
76284  24.603  -3.985  4.137 0.8750000000
137828  24.934  -3.474  3.809 0.8750000000
78135  24.899  -2.784  3.600 0.8750000000
132449  27.606  -2.411  3.372 0.3750000000
78133  26.907  -2.474  3.413 0.6250000000
79045  25.503  -2.227  3.390 0.7500000000
79044  27.657  -1.657  3.127 0.5000000000
78132  27.199  -1.870  3.161 0.5000000000
79060  26.296  -1.091  2.891 0.7500000000
79061  25.536  -1.254  3.105 0.7500000000
80899  28.501  0.085  2.988 0.1250000000
80002  27.355  -0.488  2.712 0.3750000000
80016  26.932  -0.166  2.512 0.6250000000
80003  26.544  -0.476  2.630 0.6250000000
80018  26.123  0.364  2.286 0.6250000000
143057  29.440  0.711  4.285 0.1250000000
138480  27.575  1.020  2.272 0.1250000000
81787  28.087  1.449  2.165 0.1250000000
140393  26.716  1.118  2.057 0.6250000000
81800  26.550  1.500  1.744 0.6250000000
82654  25.685  1.653  1.593 0.7500000000
81786  28.769  1.554  2.757 0.1250000000
145631  28.652  2.915  2.194 0.1250000000
82653  27.491  2.172  1.302 0.1250000000
81809  27.042  2.301  1.100 0.5000000000
145373  26.457  2.477  1.030 0.6250000000
152780  26.247  2.987  0.533 0.7500000000
81778  29.255  1.912  3.591 0.1250000000
82664  27.333  2.767  0.647 0.5000000000
83513  27.487  3.433  0.096 0.5000000000
83514  26.837  3.228  0.035 0.6250000000
89587  21.667  10.992  2.138 0.6250000000
90579  21.732  11.836  1.789 0.5000000000
90589  22.593  11.642  0.535 0.7500000000
84400  27.060  4.302  -0.742 0.6250000000
85256  26.527  5.282  -0.994 0.6250000000
84403  25.266  4.707  -0.012 0.8750000000
85236  27.621  6.000  0.264 0.5000000000
85255  26.997  5.103  -0.969 0.6250000000
86121  26.847  5.889  -1.092 0.6250000000
85263  26.236  5.917  -0.995 0.7500000000
135143  22.133  12.007  1.143 0.7500000000
85258  25.292  5.671  -0.205 0.8750000000
86987  24.500  7.579  -0.431 0.8750000000
87871  24.613  8.260  -0.940 0.8750000000
154273  25.790  5.732  -0.659 0.7500000000
135175  25.975  7.575  -2.107 0.8750000000
153491  25.264  7.705  -1.457 0.8750000000
88725  25.834  8.817  -2.729 0.8750000000
88711  25.046  8.726  -1.815 0.8750000000
86968  27.634  7.402  0.472 0.3750000000
135800  27.198  5.884  -0.635 0.5000000000
86132  27.119  6.746  -1.045 0.5000000000
87001  26.765  7.330  -1.621 0.6250000000
138918  27.696  7.984  0.917 0.2500000000
86975  27.420  7.424  -0.394 0.3750000000
86985  27.197  7.661  -1.200 0.5000000000
91513  22.524  12.706  0.600 0.6250000000
91524  22.991  12.943  -0.118 0.7500000000
91512  23.051  12.177  -0.108 0.7500000000
133344  23.498  11.860  -0.714 0.8750000000
89614  24.477  9.655  -1.564 0.8750000000
89636  25.079  10.564  -2.762 0.7500000000
88726  25.280  9.657  -2.516 0.8750000000
139160  26.427  7.674  -2.061 0.6250000000
87881  26.343  8.263  -2.513 0.7500000000
136614  27.430  8.058  -0.511 0.3750000000
87870  27.350  8.484  -1.046 0.5000000000
89633  27.061  10.746  -2.559 0.7500000000
140538  27.548  8.042  0.222 0.2500000000
92448  23.135  13.514  -0.515 0.6250000000
139811  23.724  12.828  -1.652 0.8750000000
91538  23.835  11.995  -1.581 0.8750000000
90613  24.300  11.081  -2.050 0.8750000000
91561  24.232  12.813  -3.210 0.7500000000
152304  26.097  10.744  -3.481 0.7500000000
88723  27.123  9.657  -2.402 0.5000000000
90602  27.786  11.209  -0.722 0.2500000000
88709  27.265  9.017  -1.725 0.5000000000
88693  27.709  9.358  0.462 0.2500000000
93467  22.974  14.316  -0.190 0.5000000000
93466  23.152  14.088  -0.928 0.5000000000
93488  23.571  14.258  -2.613 0.6250000000
92487  23.908  13.515  -3.387 0.7500000000
92486  24.429  13.025  -4.021 0.7500000000
92502  24.172  13.540  -4.513 0.7500000000
92501  24.927  13.005  -4.823 0.7500000000
145250  25.577  13.332  -5.084 0.7500000000
91560  24.896  12.473  -3.952 0.7500000000
92515  24.569  13.812  -5.553 0.7500000000
92499  25.863  12.880  -4.664 0.7500000000
92485  26.273  12.774  -4.102 0.7500000000
138823  26.172  13.445  -4.460 0.7500000000
91545  27.103  12.172  -2.657 0.5000000000
149025  27.332  13.732  -2.707 0.3750000000
92470  26.838  12.741  -3.232 0.6250000000
91522  27.982  12.058  -0.871 0.2500000000
91537  27.573  12.363  -1.709 0.3750000000
92458  27.436  13.043  -2.258 0.3750000000
94442  23.297  15.031  -4.010 0.6250000000
93503  23.597  14.212  -3.741 0.7500000000
93539  24.302  15.073  -6.420 0.7500000000
93529  24.859  14.561  -6.132 0.7500000000
94458  25.588  14.747  -5.358 0.7500000000
94457  26.312  15.080  -4.496 0.6250000000
94430  28.037  15.264  -2.762 0.3750000000
147266  27.290  15.139  -3.282 0.3750000000
91536  28.251  12.889  -1.014 0.1250000000
93486  28.686  14.760  -2.165 0.1250000000
93475  27.963  13.970  -1.855 0.2500000000
94473  23.665  15.297  -6.017 0.6250000000
94488  23.985  15.571  -6.565 0.7500000000
94486  24.597  15.449  -6.399 0.6250000000
94472  25.292  15.489  -5.770 0.7500000000
94441  26.965  15.475  -3.751 0.3750000000
94471  26.037  15.733  -4.923 0.3750000000
93515  25.916  14.079  -4.898 0.7500000000
94439  28.540  15.991  -3.225 0.2500000000
94440  27.706  15.812  -3.325 0.3750000000
93502  26.612  14.483  -3.878 0.6250000000
93500  30.834  15.061  -3.446 0.1250000000
94428  29.987  15.413  -3.008 0.1250000000
143340  29.523  14.022  -1.247 0.1250000000
94474  23.403  16.034  -6.101 0.6250000000
95307  23.751  16.267  -6.525 0.6250000000
96121  25.315  17.070  -5.981 0.3750000000
95305  24.418  16.357  -6.547 0.3750000000
96120  26.276  17.599  -5.374 0.3750000000
96107  28.272  17.481  -4.871 0.2500000000
95266  26.729  15.969  -4.217 0.3750000000
95293  25.876  16.557  -5.300 0.3750000000
94456  29.667  16.397  -4.205 0.1250000000
95263  28.856  16.581  -3.804 0.3750000000
95264  28.019  16.482  -3.638 0.3750000000
94438  29.417  15.990  -3.424 0.1250000000
96903  24.524  18.990  -7.345 0.3750000000
96135  23.764  16.906  -6.670 0.3750000000
96134  24.091  17.048  -6.815 0.3750000000
96890  26.152  18.963  -6.339 0.3750000000
96133  24.719  17.488  -6.644 0.3750000000
96889  27.319  19.093  -6.319 0.3750000000
96879  26.774  18.497  -5.648 0.3750000000
96880  25.703  18.080  -6.083 0.3750000000
96132  28.679  18.223  -5.990 0.3750000000
96108  27.618  17.313  -4.548 0.3750000000
95315  30.206  16.243  -7.208 0.1250000000
95278  29.078  17.038  -4.651 0.1250000000
96131  29.345  17.590  -6.155 0.2500000000
153039  30.849  15.373  -5.204 0.1250000000
98561  25.715  20.595  -7.915 0.2500000000
149844  26.901  20.060  -7.374 0.2500000000
97729  26.063  20.072  -7.360 0.3750000000
97720  25.530  19.378  -7.012 0.3750000000
96913  28.629  18.947  -8.466 0.1250000000
97718  27.474  19.606  -7.157 0.3750000000
96888  28.680  18.523  -6.776 0.1250000000
143704  28.138  18.719  -6.305 0.2500000000
95322  29.694  16.628  -8.543 0.1250000000
96887  29.138  18.044  -6.641 0.1250000000
98562  24.728  20.489  -8.205 0.3750000000
97730  25.002  19.818  -7.694 0.3750000000
98560  26.604  20.511  -7.878 0.2500000000
97740  28.113  19.727  -8.435 0.1250000000
97741  27.709  20.262  -8.930 0.1250000000
96919  28.651  18.549  -9.607 0.1250000000
97753  28.110  19.204  -10.330 0.1250000000
143998  29.944  15.657  -9.103 0.1250000000
96166  28.756  17.801  -10.255 0.1250000000
98585  26.386  20.806  -11.069 0.1250000000
96923  28.339  18.379  -10.721 0.1250000000
97754  27.480  19.720  -10.988 0.1250000000
95327  29.033  16.422  -10.591 0.1250000000
94506  29.354  15.489  -10.350 0.1250000000
77202  25.605  -3.223  3.632 0.6250000000
84392  27.534  4.128  -0.221 0.6250000000
87002  26.283  7.152  -1.704 0.8750000000
87865  27.501  8.680  -0.085 0.3750000000
92471  23.778  13.404  -2.290 0.8750000000
91548  24.041  12.494  -2.382 0.8750000000
91547  24.631  12.115  -3.122 0.8750000000
90652  25.498  12.435  -4.293 0.7500000000
90651  25.852  11.959  -4.036 0.7500000000
90636  25.937  11.435  -3.749 0.7500000000
90618  27.211  11.623  -2.315 0.5000000000
90619  26.800  11.410  -2.999 0.7500000000
90612  27.497  11.436  -1.602 0.5000000000
145117  29.798  16.788  -7.558 0.1250000000
97728  27.502  20.150  -7.985 0.2500000000
136829  28.672  17.134  -10.787 0.1250000000
80925  26.806  0.526  2.291 0.5000000000
80926  26.385  0.834  2.115 0.6250000000
85245  27.889  4.688  0.328 0.3750000000
85246  27.447  5.047  -0.236 0.3750000000
86967  27.880  7.460  1.293 0.2500000000
89634  26.474  10.022  -3.147 0.7500000000
96901  29.153  18.158  -7.339 0.1250000000
141548  28.043  8.363  1.608 0.1250000000
70115  23.421  -9.994  6.773 0.7500000000
71064  22.632  -9.762  7.081 0.7500000000
72161  21.410  -8.556  7.218 0.7500000000
71078  24.632  -9.515  6.220 0.7500000000
71089  25.142  -8.994  5.918 0.7500000000
74274  20.376  -6.312  6.773 0.6250000000
73235  21.692  -7.365  6.325 0.7500000000
144319  25.257  -7.757  5.344 0.6250000000
73256  25.346  -7.092  5.089 0.7500000000
74301  25.622  -6.261  4.905 0.6250000000
76267  25.535  -4.739  4.330 0.6250000000
76282  26.081  -4.132  4.022 0.5000000000
77200  27.275  -3.189  3.773 0.3750000000
77201  26.473  -3.219  3.679 0.5000000000
78131  28.346  -2.185  3.437 0.1250000000
79983  28.850  -0.797  3.418 0.1250000000
80885  29.221  0.053  3.763 0.1250000000
82622  29.594  2.523  4.577 0.1250000000
82632  29.295  2.773  3.646 0.1250000000
83484  29.330  3.711  3.598 0.1250000000
83493  28.891  3.609  2.663 0.1250000000
83494  28.502  3.431  1.798 0.1250000000
143137  28.220  4.852  1.104 0.1250000000
85235  27.935  5.438  0.701 0.2500000000
141625  27.942  6.156  1.040 0.2500000000
92449  22.811  13.622  0.262 0.5000000000
88692  28.063  9.912  0.936 0.1250000000
88679  28.041  9.283  1.295 0.2500000000
91511  29.184  12.264  0.349 0.1250000000
92447  29.112  13.342  -0.686 0.1250000000
92456  30.519  13.955  -1.295 0.1250000000
93477  22.968  14.953  -0.925 0.3750000000
93483  31.245  14.476  -2.815 0.1250000000
93514  31.326  14.702  -4.205 0.1250000000
93499  31.434  14.475  -3.534 0.1250000000
94495  30.500  15.472  -7.328 0.1250000000
93550  30.583  14.321  -8.540 0.1250000000
97685  22.759  19.501  -2.268 0.1250000000
99370  25.883  21.669  -9.307 0.2500000000
98586  25.895  21.287  -10.262 0.1250000000
98589  25.635  21.152  -11.541 0.1250000000
96924  27.670  18.856  -11.309 0.1250000000
97755  26.629  20.093  -11.528 0.1250000000
96169  27.950  17.146  -11.500 0.1250000000
145873  29.244  14.561  -10.556 0.1250000000
95330  28.299  16.436  -11.336 0.1250000000
79046  24.839  -1.928  3.405 0.7500000000
84394  25.032  4.072  0.459 0.7500000000
83515  25.599  3.497  0.377 0.7500000000
77185  23.820  -3.849  4.315 0.8750000000
140798  26.186  1.325  1.769 0.6250000000
86122  25.654  6.322  -0.751 0.8750000000
152783  23.619  10.547  -0.635 0.8750000000
89621  24.049  10.432  -1.363 0.8750000000
96904  23.962  18.789  -7.351 0.3750000000
97731  24.137  19.602  -7.760 0.3750000000
99372  24.549  22.007  -9.302 0.1250000000
99362  25.366  21.916  -8.873 0.2500000000
72173  22.557  -8.231  6.334 0.7500000000
71080  23.074  -9.324  6.632 0.7500000000
71091  23.783  -8.559  6.055 0.7500000000
71079  23.848  -9.293  6.356 0.7500000000
72184  24.886  -8.273  5.573 0.7500000000
72175  20.931  -7.750  7.035 0.7500000000
138839  21.192  -7.396  6.638 0.7500000000
72186  23.210  -7.990  5.894 0.7500000000
74273  21.168  -6.787  6.353 0.7500000000
73250  22.024  -6.993  5.905 0.7500000000
73258  23.985  -6.927  4.912 0.7500000000
74304  22.954  -6.026  4.858 0.8750000000
75273  22.713  -5.230  4.826 0.8750000000
75271  24.398  -5.527  4.494 0.7500000000
75270  25.250  -5.520  4.558 0.7500000000
77199  28.095  -2.984  3.681 0.2500000000
78134  26.187  -2.438  3.398 0.6250000000
78147  26.033  -1.734  3.200 0.7500000000
79059  27.015  -1.049  2.866 0.5000000000
79043  28.187  -1.315  3.178 0.2500000000
154737  28.805  -1.616  3.556 0.1250000000
80900  27.496  0.265  2.497 0.2500000000
80017  26.480  0.144  2.395 0.6250000000
134461  29.079  0.916  3.380 0.1250000000
81765  29.495  1.492  4.402 0.1250000000
80912  28.233  0.841  2.597 0.1250000000
81798  27.470  1.540  1.867 0.5000000000
142479  27.976  1.894  1.706 0.1250000000
82643  28.561  2.166  2.243 0.1250000000
81799  26.980  1.682  1.648 0.5000000000
82642  29.048  2.246  2.972 0.1250000000
82652  28.170  2.566  1.493 0.1250000000
83502  28.022  3.191  0.835 0.1250000000
82665  26.798  2.658  0.735 0.6250000000
84391  28.012  4.027  0.490 0.1250000000
83521  26.609  3.857  -0.513 0.6250000000
84402  25.969  4.196  -0.508 0.6250000000
86133  26.591  6.625  -1.293 0.6250000000
88724  26.513  9.101  -2.913 0.7500000000
144697  26.519  10.815  -3.238 0.7500000000
87880  26.953  8.121  -1.957 0.5000000000
92459  23.467  13.475  -1.295 0.6250000000
89635  25.793  10.160  -3.252 0.7500000000
89613  27.642  10.351  -0.635 0.3750000000
90637  25.410  11.799  -3.695 0.7500000000
91546  26.649  11.929  -3.306 0.6250000000
91559  26.282  12.082  -3.854 0.7500000000
89619  27.438  10.533  -1.568 0.5000000000
91521  28.716  12.581  -0.343 0.1250000000
90601  28.389  11.776  -0.070 0.1250000000
89612  28.112  10.935  0.112 0.2500000000
89598  28.378  10.576  0.870 0.1250000000
93517  23.790  14.238  -4.954 0.7500000000
93516  25.263  13.842  -5.647 0.7500000000
92484  26.720  13.604  -3.554 0.6250000000
93487  27.813  14.491  -2.435 0.3750000000
93501  27.264  14.474  -3.047 0.3750000000
141347  27.904  13.203  -1.563 0.3750000000
95294  25.101  16.144  -6.100 0.3750000000
92457  28.571  13.644  -1.270 0.1250000000
94429  29.079  15.477  -2.744 0.1250000000
93473  29.374  14.545  -1.792 0.1250000000
95280  27.328  16.727  -4.154 0.3750000000
96109  26.806  17.168  -4.731 0.3750000000
140286  30.239  15.775  -3.843 0.1250000000
94454  30.831  15.326  -4.406 0.1250000000
93484  30.487  14.820  -2.549 0.1250000000
96892  24.178  18.075  -7.019 0.3750000000
95279  28.234  17.035  -4.198 0.2500000000
94455  30.368  16.002  -4.840 0.1250000000
95291  30.169  16.407  -5.692 0.1250000000
95277  29.806  16.617  -4.963 0.1250000000
97727  28.155  19.442  -7.720 0.3750000000
96878  27.796  18.473  -5.711 0.3750000000
94470  30.602  15.676  -5.795 0.1250000000
95304  29.890  16.814  -6.533 0.1250000000
94496  30.150  16.025  -8.014 0.1250000000
96145  29.509  17.521  -7.029 0.1250000000
93538  31.030  14.904  -5.955 0.1250000000
94485  30.692  15.339  -6.524 0.1250000000
98572  26.161  21.545  -8.772 0.2500000000
98573  25.572  21.273  -8.431 0.2500000000
96154  29.117  18.111  -8.788 0.1250000000
96165  29.164  17.190  -9.977 0.1250000000
96153  29.417  17.558  -8.040 0.1250000000
95324  29.485  16.461  -9.602 0.1250000000
98582  26.453  21.274  -9.377 0.1250000000
98581  27.130  20.681  -9.565 0.1250000000
96162  29.063  17.805  -9.522 0.1250000000
142810  26.588  20.876  -10.137 0.1250000000
70114  24.190  -10.155  6.528 0.7500000000
71065  21.796  -9.460  7.438 0.7500000000
73236  20.603  -7.015  6.893 0.5000000000
76266  26.742  -4.388  4.372 0.5000000000
84370  28.713  4.261  2.320 0.1250000000
84369  29.110  4.442  3.149 0.1250000000
84380  28.371  4.121  1.411 0.1250000000
155905  30.667  14.768  -7.766 0.1250000000
94499  30.366  15.192  -8.293 0.1250000000
72162  20.723  -8.185  7.660 0.5000000000
70100  23.713  -10.831  6.944 0.6250000000
69191  24.451  -10.962  6.704 0.6250000000
70111  25.984  -10.041  6.505 0.3750000000
151920  25.095  -9.665  6.187 0.6250000000
71076  26.182  -9.175  6.246 0.2500000000
71088  25.692  -8.886  5.904 0.3750000000
135950  27.192  -3.851  4.161 0.3750000000
91503  21.992  12.848  1.591 0.3750000000
92442  22.362  13.686  1.068 0.2500000000
94423  22.713  15.811  -1.416 0.2500000000
72183  25.601  -8.271  5.584 0.5000000000
74288  25.897  -6.829  5.165 0.5000000000
74300  26.214  -6.265  5.102 0.3750000000
70099  26.482  -10.606  7.346 0.5000000000
69189  25.777  -10.845  6.711 0.6250000000
75269  26.132  -5.264  4.695 0.5000000000
69177  23.955  -11.835  7.134 0.6250000000
71066  21.053  -9.091  7.938 0.3750000000
70102  22.136  -10.373  7.586 0.6250000000
68242  26.089  -12.137  7.486 0.3750000000
69175  25.540  -11.622  6.932 0.5000000000
72163  20.373  -7.768  8.102 0.2500000000
72170  26.712  -8.479  6.284 0.2500000000
71063  26.550  -9.641  7.056 0.2500000000
73233  26.680  -7.978  5.861 0.2500000000
74287  26.386  -6.953  5.318 0.3750000000
74286  27.071  -6.476  5.376 0.2500000000
75268  26.958  -5.030  4.809 0.2500000000
136422  27.403  -4.305  4.506 0.2500000000
82542  13.503  3.341  9.460 0.1250000000
129632  13.087  6.448  8.985 0.2500000000
77183  28.564  -3.390  4.166 0.2500000000
86885  16.829  7.408  7.550 0.3750000000
129599  15.023  6.775  8.150 0.2500000000
146333  19.844  9.199  4.597 0.2500000000
93462  22.619  14.567  0.735 0.2500000000
83388  12.051  3.983  10.462 0.1250000000
81691  14.639  1.821  8.631 0.2500000000
75239  19.591  -5.354  7.129 0.2500000000
86015  15.791  6.885  7.769 0.3750000000
73247  25.799  -7.466  5.343 0.5000000000
70113  24.812  -10.233  6.385 0.6250000000
71077  25.536  -9.475  6.159 0.5000000000
74275  20.022  -6.024  7.020 0.2500000000
70101  22.940  -10.575  7.243 0.6250000000
73220  20.345  -7.250  7.457 0.3750000000
75256  26.676  -5.837  5.089 0.2500000000
69176  24.828  -11.773  6.845 0.6250000000
69190  25.107  -10.942  6.580 0.5000000000
71062  27.123  -9.121  7.554 0.2500000000
72171  26.186  -8.466  5.816 0.3750000000
73246  26.239  -7.760  5.542 0.3750000000
69174  26.149  -11.405  7.226 0.5000000000
69164  26.742  -11.594  7.941 0.3750000000
69178  23.123  -11.415  7.372 0.6250000000
68243  25.350  -12.400  7.264 0.5000000000
73245  26.907  -7.327  5.652 0.2500000000
75255  27.361  -5.586  5.212 0.2500000000
81677  14.670  2.031  9.074 0.1250000000
68228  22.444  -12.724  7.987 0.5000000000
67250  25.909  -12.953  7.934 0.2500000000
67269  24.463  -13.373  7.684 0.3750000000
68245  23.798  -12.891  7.450 0.5000000000
68246  23.132  -12.350  7.541 0.5000000000
133770  21.855  -12.958  8.474 0.3750000000
69166  21.090  -11.617  8.762 0.5000000000
69179  22.437  -11.817  7.788 0.5000000000
69165  21.733  -11.144  8.101 0.3750000000
140300  22.469  -11.074  7.602 0.5000000000
67241  20.585  -13.483  9.681 0.1250000000
68230  21.240  -12.548  8.891 0.3750000000
70089  20.646  -10.323  8.835 0.2500000000
65262  20.600  -15.188  9.680 0.1250000000
66297  22.096  -14.516  8.631 0.3750000000
146805  25.200  -13.586  8.253 0.2500000000
67252  23.031  -14.019  7.923 0.3750000000
67271  23.063  -13.289  7.744 0.5000000000
66287  20.097  -14.217  10.136 0.1250000000
67254  21.402  -13.670  8.965 0.3750000000
67253  22.388  -13.687  8.256 0.3750000000
68206  20.147  -12.201  10.162 0.1250000000
69145  20.530  -11.097  9.209 0.1250000000
86100  28.099  6.732  1.602 0.1250000000
70088  21.300  -10.099  8.210 0.3750000000
68244  24.583  -12.585  7.254 0.3750000000
71046  20.620  -9.595  8.685 0.2500000000
68229  21.803  -12.130  8.336 0.5000000000
67268  25.123  -13.051  7.587 0.3750000000
67270  23.680  -13.743  7.798 0.3750000000
138040  21.024  -10.841  8.641 0.1250000000
66286  20.802  -14.296  9.489 0.1250000000
67242  20.073  -13.114  10.261 0.1250000000
67255  20.848  -12.890  9.390 0.2500000000
139818  20.419  -12.719  9.844 0.1250000000
67251  24.351  -14.031  8.287 0.2500000000
68205  20.566  -12.027  9.490 0.1250000000
66285  21.383  -14.801  9.147 0.2500000000
66284  22.690  -14.937  8.621 0.2500000000
73237  20.101  -6.442  7.236 0.2500000000
66296  22.721  -14.383  8.282 0.2500000000
65270  21.966  -15.231  8.937 0.1250000000
73221  19.986  -6.645  7.601 0.1250000000
89577  21.290  11.021  2.448 0.1250000000
90570  21.386  11.677  2.264 0.1250000000
90566  20.540  11.882  3.509 0.1250000000
90571  21.279  12.015  2.422 0.1250000000
149651  20.915  12.847  3.721 0.1250000000
140804  22.309  14.424  1.493 0.1250000000
89560  20.312  10.444  3.944 0.1250000000
91501  21.476  12.921  2.494 0.1250000000
92437  21.979  13.920  1.875 0.1250000000
92431  21.221  14.334  3.951 0.1250000000
87798  19.415  9.080  5.314 0.1250000000
88649  20.066  9.790  4.314 0.1250000000
130226  14.139  6.777  8.660 0.1250000000
72140  20.564  -8.688  8.447 0.1250000000
73195  20.183  -7.333  8.154 0.1250000000
86886  16.290  7.931  7.915 0.1250000000
88640  18.844  9.908  6.124 0.1250000000
89561  19.675  10.719  4.628 0.1250000000
89552  19.326  10.935  5.556 0.1250000000
134405  20.184  12.277  4.822 0.1250000000
92429  21.245  14.152  4.842 0.1250000000
93454  22.436  14.923  3.127 0.1250000000
93459  22.302  14.719  2.278 0.1250000000
87799  18.725  9.034  6.178 0.1250000000
76224  19.227  -5.188  7.610 0.1250000000
91504  21.554  12.433  2.226 0.1250000000
153331  20.161  -7.188  7.811 0.1250000000
86887  15.534  7.663  8.324 0.1250000000
74256  19.646  -5.821  7.418 0.1250000000
155805  19.715  -6.109  7.511 0.1250000000
74235  19.990  -6.893  7.899 0.1250000000
139783  20.434  11.011  3.458 0.1250000000
90563  20.105  11.515  4.209 0.1250000000
154601  21.120  13.571  3.881 0.1250000000
91496  20.806  13.141  4.896 0.1250000000
92433  22.025  14.285  2.648 0.1250000000
92434  21.764  13.895  2.676 0.1250000000
91492  20.069  12.340  5.850 0.1250000000
93452  23.197  15.220  3.552 0.1250000000
70087  27.214  -10.696  8.213 0.1250000000
70098  27.086  -9.890  7.860 0.1250000000
71045  27.624  -9.297  8.304 0.1250000000
72160  27.217  -8.425  7.103 0.1250000000
73232  27.279  -7.692  6.430 0.1250000000
74272  27.530  -6.789  6.079 0.1250000000
75223  28.859  -5.699  7.167 0.1250000000
74271  28.210  -6.226  6.616 0.1250000000
74285  27.840  -6.018  5.762 0.1250000000
76232  28.873  -4.850  5.832 0.1250000000
75267  27.711  -4.838  4.964 0.1250000000
143872  29.394  -4.195  6.183 0.1250000000
76247  29.020  -4.237  5.325 0.1250000000
76265  28.295  -4.138  4.671 0.1250000000
66281  25.217  -14.067  9.687 0.1250000000
66295  23.432  -14.443  8.364 0.1250000000
149836  25.496  -13.835  8.974 0.1250000000
67239  26.015  -13.472  8.719 0.1250000000
68204  26.771  -13.027  8.669 0.1250000000
69143  28.477  -11.515  9.101 0.1250000000
69144  27.869  -12.126  8.889 0.1250000000
146456  27.626  -10.017  8.458 0.1250000000
72138  28.233  -8.721  8.645 0.1250000000
73193  28.480  -7.440  8.345 0.1250000000
73231  27.861  -6.925  7.032 0.1250000000
74234  28.825  -6.703  8.285 0.1250000000
75236  29.263  -4.897  6.840 0.1250000000
77182  29.092  -3.601  4.814 0.1250000000
144410  29.456  -3.003  5.134 0.1250000000
77160  29.869  -3.419  6.531 0.1250000000
78121  28.721  -2.787  3.833 0.1250000000
68227  26.568  -12.449  8.078 0.1250000000
69163  27.584  -11.484  8.577 0.1250000000
72139  27.618  -8.522  7.996 0.1250000000
149850  26.554  -13.439  9.278 0.1250000000
66282  24.250  -14.452  9.188 0.1250000000
68226  27.209  -12.281  8.515 0.1250000000
71044  28.356  -9.652  8.901 0.1250000000
73219  27.774  -7.691  7.629 0.1250000000
73194  28.127  -8.057  8.350 0.1250000000
75237  28.568  -5.519  6.253 0.1250000000
74255  28.514  -6.393  7.527 0.1250000000
75254  28.174  -5.306  5.473 0.1250000000
77150  29.753  -4.137  6.961 0.1250000000
66265  25.427  -14.117  10.694 0.1250000000
67221  25.962  -13.677  9.508 0.1250000000
70062  28.831  -10.496  9.225 0.1250000000
78099  29.780  -2.783  5.840 0.1250000000
67240  24.934  -14.067  8.843 0.2500000000
70112  25.357  -10.196  6.367 0.6250000000
71075  26.710  -8.965  6.836 0.2500000000
76248  28.425  -4.697  5.222 0.1250000000
76281  26.759  -3.764  3.990 0.5000000000
77151  18.827  -3.629  7.488 0.1250000000
77169  29.446  -3.546  5.635 0.1250000000
77184  27.798  -3.659  4.103 0.2500000000
78146  26.623  -1.758  3.154 0.7500000000
79058  27.596  -1.001  2.956 0.5000000000
79953  16.954  -0.128  7.620 0.3750000000
79984  27.961  -0.548  2.908 0.1250000000
80004  25.988  -0.368  2.571 0.6250000000
80924  27.091  1.034  2.164 0.5000000000
80927  25.923  0.876  2.005 0.6250000000
81715  15.152  1.687  7.801 0.3750000000
81810  26.713  2.132  1.294 0.6250000000
81811  26.292  1.927  1.419 0.7500000000
82552  14.071  2.395  8.943 0.1250000000
82562  13.620  2.876  8.993 0.2500000000
82576  14.364  2.337  8.182 0.5000000000
82596  18.233  2.485  6.396 1.0000000000
82623  19.878  3.065  5.093 1.0000000000
83397  12.452  3.980  9.514 0.3750000000
83408  13.253  3.376  8.923 0.3750000000
83420  15.989  3.349  7.244 0.6250000000
83458  19.431  3.479  5.390 1.0000000000
83503  24.201  3.557  1.489 1.0000000000
83505  22.974  4.263  2.207 1.0000000000
83522  26.161  3.562  -0.103 0.6250000000
84276  11.778  4.460  10.078 0.2500000000
84295  14.317  4.229  7.917 0.6250000000
84314  18.775  3.851  5.874 1.0000000000
84372  21.865  4.678  2.967 1.0000000000
84383  23.090  4.941  1.932 1.0000000000
84393  25.597  3.957  -0.024 0.7500000000
84401  26.511  4.579  -0.834 0.6250000000
85143  17.233  5.804  7.068 0.8750000000
85146  14.793  4.907  7.834 0.5000000000
85180  19.199  5.154  5.556 1.0000000000
85202  19.978  5.515  4.747 1.0000000000
85219  20.986  5.734  3.704 1.0000000000
85248  23.945  5.513  1.045 1.0000000000
85257  25.914  5.092  -0.701 0.7500000000
86014  16.412  6.953  7.552 0.3750000000
86022  17.671  6.520  6.910 0.8750000000
86076  21.480  6.616  3.016 1.0000000000
86101  27.780  6.750  0.783 0.2500000000
86111  27.469  6.698  -0.111 0.5000000000
86112  24.647  6.080  0.220 1.0000000000
86134  26.149  6.612  -1.289 0.6250000000
86906  19.739  6.204  5.015 1.0000000000
86920  20.610  6.523  4.175 1.0000000000
86957  22.080  7.023  2.307 1.0000000000
86958  21.680  7.088  2.732 1.0000000000
87003  25.770  7.030  -1.412 0.8750000000
87827  20.843  8.795  3.664 1.0000000000
87839  22.073  8.203  2.212 1.0000000000
87853  27.696  8.628  0.772 0.2500000000
87866  23.257  8.245  0.562 1.0000000000
87882  25.716  8.129  -2.304 0.8750000000
88662  21.067  9.301  3.538 0.8750000000
88702  27.497  9.414  -0.584 0.3750000000
88710  26.920  8.776  -2.468 0.7500000000
89575  22.135  10.004  2.004 1.0000000000
89599  27.839  10.117  0.229 0.2500000000
89620  24.605  10.282  -2.052 1.0000000000
89651  25.616  10.960  -3.411 0.7500000000
90620  24.866  11.361  -2.954 0.7500000000
90621  24.292  11.799  -2.430 0.8750000000
90635  26.286  11.396  -3.616 0.7500000000
90650  26.022  11.789  -3.997 0.7500000000
91497  20.150  12.364  5.354 0.1250000000
91499  20.586  12.558  4.303 0.1250000000
91523  23.416  12.692  -0.829 0.7500000000
91575  25.887  12.348  -4.319 0.7500000000
92421  21.140  13.896  5.203 0.1250000000
92438  21.726  13.370  2.301 0.1250000000
92500  25.112  13.401  -5.456 0.7500000000
92514  24.884  13.922  -5.918 0.7500000000
93471  30.946  14.289  -2.013 0.1250000000
93472  30.122  14.520  -1.807 0.1250000000
93474  28.812  14.243  -1.601 0.1250000000
93476  23.439  14.253  -1.657 0.5000000000
93485  29.646  14.972  -2.308 0.1250000000
93528  31.246  14.832  -5.036 0.1250000000
93530  24.500  14.504  -6.055 0.7500000000
93531  24.020  14.546  -5.865 0.7500000000
93540  24.119  14.942  -6.340 0.7500000000
94418  22.543  15.953  -0.472 0.1250000000
94443  22.951  15.980  -4.184 0.7500000000
94459  23.392  15.083  -5.155 0.6250000000
94487  24.166  15.657  -6.624 0.3750000000
94502  30.216  14.823  -9.049 0.1250000000
95265  27.358  16.143  -3.755 0.3750000000
95281  26.545  16.462  -4.610 0.3750000000
95292  29.570  17.050  -5.539 0.1250000000
95295  22.852  16.454  -5.610 0.5000000000
95303  30.397  16.015  -6.521 0.1250000000
95306  24.022  16.211  -6.724 0.3750000000
96092  22.299  18.267  -0.854 0.1250000000
96106  28.876  17.562  -5.425 0.2500000000
96110  22.500  17.411  -4.296 0.3750000000
96119  28.249  17.946  -5.392 0.3750000000
96161  29.374  17.308  -9.068 0.1250000000
96859  22.615  19.146  -1.597 0.1250000000
96865  22.427  19.044  -3.196 0.2500000000
96891  25.090  18.480  -6.825 0.3750000000
96893  23.612  18.354  -7.089 0.3750000000
96894  23.133  18.467  -6.665 0.5000000000
96902  28.673  18.762  -7.538 0.1250000000
96912  29.061  18.326  -8.037 0.1250000000
97696  22.566  20.344  -3.619 0.2500000000
97710  22.918  19.616  -5.426 0.2500000000
97717  28.110  19.070  -6.934 0.2500000000
97719  26.581  19.600  -6.833 0.3750000000
97747  28.226  19.500  -9.260 0.1250000000
97748  27.664  19.980  -9.921 0.1250000000
98553  23.341  20.646  -6.610 0.2500000000
98571  26.895  20.859  -8.650 0.2500000000
98575  24.259  21.538  -8.636 0.2500000000
98584  27.088  20.431  -10.565 0.1250000000
99363  24.454  21.963  -8.567 0.2500000000
99364  23.809  22.261  -8.149 0.2500000000
99371  25.181  21.687  -9.732 0.2500000000
99382  23.235  22.604  -9.345 0.2500000000
129454  13.561  5.787  8.470 0.2500000000
129456  13.683  6.896  9.262 0.1250000000
129902  13.145  4.865  8.473 0.5000000000
133270  28.383  17.703  -10.990 0.1250000000
135333  25.991  9.464  -3.143 0.8750000000
135894  25.479  12.914  -4.818 0.7500000000
143380  22.410  18.230  -3.711 0.2500000000
144128  23.818  17.587  -6.884 0.3750000000
144277  27.091  3.702  -0.400 0.6250000000
144832  22.243  7.525  2.021 1.0000000000
146082  27.409  17.863  -5.084 0.3750000000
146191  21.865  7.631  2.472 1.0000000000
146312  28.857  4.955  2.762 0.1250000000
146663  28.985  2.898  2.876 0.1250000000
146810  14.531  3.634  7.802 0.5000000000
146887  26.237  21.018  -8.305 0.2500000000
147668  24.900  21.967  -8.852 0.3750000000
152587  23.043  19.247  -6.524 0.2500000000
154195  27.743  2.625  0.987 0.1250000000
155539  23.689  7.072  0.631 1.0000000000
157037  23.647  22.106  -7.208 0.2500000000
157042  27.423  9.792  -1.409 0.5000000000
157434  26.558  -6.400  5.218 0.2500000000
