#!ascii label  , from subject sub-fsm85fp vox2ras=TkReg
2108
25045  37.483  -57.464  14.754 0.6000000238
24113  38.541  -57.920  13.801 0.5000000000
26746  37.024  -55.187  15.491 0.6999999881
27574  36.530  -54.445  15.838 0.6000000238
27562  35.342  -54.735  16.335 0.6000000238
28495  35.539  -53.343  15.735 0.6000000238
25904  37.606  -56.695  14.834 0.6999999881
154573  37.256  -56.409  15.221 0.6000000238
26734  36.420  -55.333  16.081 0.5000000000
26735  35.692  -55.430  16.386 0.5000000000
26736  34.774  -55.446  16.381 0.5000000000
27563  34.743  -54.693  16.208 0.6000000238
28496  34.714  -53.553  15.601 0.6000000238
25903  38.112  -56.265  14.360 0.5000000000
25044  38.236  -57.160  14.290 0.5000000000
25023  37.003  -56.956  15.402 0.6000000238
28512  34.281  -53.151  14.924 0.6000000238
24159  39.381  -58.683  12.760 0.5000000000
147849  39.928  -58.104  12.715 0.5000000000
30487  36.541  -51.439  14.530 0.6000000238
30488  35.839  -51.640  14.807 0.6999999881
146241  37.816  -53.935  13.981 0.6000000238
27585  37.468  -54.172  14.705 0.6999999881
148720  36.944  -52.786  14.941 0.6000000238
29459  36.317  -52.957  15.455 0.6000000238
29460  35.715  -52.460  15.238 0.6000000238
26755  37.985  -55.440  14.300 0.6000000238
26745  37.518  -54.966  14.828 0.6999999881
29461  34.979  -52.773  15.252 0.6000000238
25914  39.132  -56.448  13.402 0.5000000000
26754  38.560  -55.791  13.720 0.5000000000
29480  34.447  -52.339  14.721 0.6000000238
24135  39.312  -57.918  13.246 0.5000000000
29481  33.786  -52.723  14.411 0.6000000238
153585  39.772  -57.612  12.953 0.5000000000
28528  33.291  -53.022  13.826 0.6000000238
30518  32.006  -52.014  13.131 0.6999999881
29495  32.696  -52.346  13.549 0.6000000238
30504  31.600  -51.365  13.032 0.6999999881
29506  32.230  -52.758  12.774 0.6000000238
29507  31.596  -52.104  12.316 0.6000000238
30536  31.318  -51.670  10.431 0.6000000238
147896  31.561  -52.468  11.100 0.6000000238
129942  31.564  -48.195  7.700 0.5000000000
138923  31.394  -46.024  6.893 0.6999999881
33622  31.503  -48.557  6.918 0.6000000238
149615  31.474  -45.299  6.867 0.8000000119
34579  31.053  -47.721  6.499 0.6999999881
153599  36.437  -50.494  13.886 0.6000000238
31528  35.878  -50.740  14.295 0.6999999881
28527  37.742  -53.143  13.799 0.6999999881
155755  37.383  -52.695  14.357 0.6999999881
29477  37.077  -52.080  14.528 0.6000000238
29479  35.147  -51.998  14.859 0.6999999881
31529  34.806  -50.791  14.267 0.6999999881
149206  38.171  -54.491  13.484 0.6000000238
27600  38.079  -53.766  13.207 0.6000000238
31544  34.216  -50.247  13.850 0.8000000119
26787  38.875  -54.950  12.455 0.5000000000
130720  38.565  -55.066  13.177 0.5000000000
31530  33.832  -51.002  14.232 0.8000000119
30490  33.832  -51.902  14.364 0.6000000238
26786  39.528  -55.391  12.362 0.5000000000
26769  39.126  -55.637  13.026 0.5000000000
139098  32.961  -50.771  13.969 0.8000000119
30502  33.127  -51.605  14.035 0.6000000238
24158  40.621  -58.095  12.249 0.5000000000
31546  32.310  -50.391  13.652 0.8000000119
31547  31.766  -50.737  13.396 0.8000000119
30503  32.298  -51.329  13.616 0.6999999881
31564  30.853  -50.089  12.396 0.6999999881
31563  31.216  -50.572  12.872 0.6999999881
32597  30.658  -49.197  11.455 0.6999999881
31575  30.692  -49.998  11.659 0.6999999881
144956  31.189  -51.293  12.410 0.6999999881
32604  30.752  -49.060  10.749 0.6000000238
31583  30.905  -50.702  10.891 0.6000000238
30530  31.142  -51.531  11.554 0.6000000238
132063  31.125  -48.786  9.554 0.6999999881
133135  31.080  -50.080  9.939 0.6999999881
31584  30.764  -49.737  10.800 0.6000000238
136802  31.451  -47.803  8.509 0.6999999881
153896  31.486  -49.184  8.399 0.6000000238
35612  31.592  -46.805  7.286 0.8000000119
34568  31.586  -47.524  7.678 0.8000000119
33617  31.554  -48.938  7.750 0.6000000238
36582  31.778  -45.206  7.230 0.8999999762
36612  30.704  -45.646  6.674 0.6999999881
37516  31.784  -44.634  6.876 0.8000000119
34580  30.827  -47.050  6.434 0.6999999881
148388  36.112  -50.040  13.423 0.6000000238
32568  35.318  -49.540  12.931 0.6999999881
32585  34.903  -49.122  12.681 0.6999999881
150559  37.265  -50.890  13.725 0.6000000238
33585  34.490  -48.764  12.944 0.6000000238
30529  38.460  -51.564  11.747 0.4000000060
29492  38.049  -51.956  13.046 0.6000000238
30501  37.689  -51.367  13.421 0.6000000238
31543  35.115  -50.156  13.653 0.6999999881
28544  38.344  -53.008  12.154 0.6000000238
129980  38.658  -54.235  11.216 0.4000000060
27624  38.597  -54.327  11.944 0.5000000000
132772  38.316  -53.692  12.399 0.6000000238
32569  33.565  -49.661  13.584 0.8000000119
26816  39.921  -55.219  11.689 0.5000000000
149811  32.990  -49.542  13.624 0.8000000119
26785  40.127  -55.772  12.237 0.4000000060
33571  31.670  -49.104  13.349 0.8000000119
25945  40.567  -56.410  12.286 0.5000000000
32587  30.767  -49.378  12.277 0.8000000119
34542  30.744  -47.159  11.416 0.8000000119
33587  30.690  -48.481  12.061 0.6999999881
32586  31.167  -49.662  12.937 0.8000000119
35563  30.861  -46.924  10.664 0.8000000119
146059  30.665  -47.879  11.504 0.6999999881
139266  31.180  -46.388  10.122 0.8999999762
34547  31.062  -47.174  9.883 0.8999999762
34548  30.775  -47.730  10.633 0.6999999881
35590  31.359  -46.671  9.159 0.8999999762
32603  30.971  -49.283  10.085 0.6999999881
33607  31.401  -48.625  8.674 0.6000000238
143104  31.657  -45.973  7.461 0.8999999762
36583  31.803  -45.499  8.109 0.8999999762
38376  30.727  -43.540  6.884 0.8000000119
37517  29.831  -44.581  7.507 0.8000000119
37521  31.031  -44.222  6.682 0.8000000119
153119  30.128  -45.151  6.983 0.8000000119
37520  31.674  -44.097  6.697 0.8000000119
143958  31.271  -44.947  6.697 0.6999999881
32584  35.428  -49.097  12.278 0.6999999881
34528  35.234  -47.902  12.644 0.6000000238
31562  36.969  -49.924  12.856 0.6000000238
32596  35.962  -49.099  11.664 0.5000000000
34529  34.717  -48.193  12.959 0.6999999881
31560  38.259  -50.781  11.871 0.4000000060
31561  37.717  -50.312  12.322 0.5000000000
31542  37.533  -50.634  13.146 0.6000000238
33568  33.818  -48.874  13.314 0.6999999881
30535  38.599  -51.922  10.836 0.5000000000
29531  38.469  -53.572  9.522 0.5000000000
150306  38.458  -53.625  11.491 0.6000000238
28574  38.698  -54.148  9.472 0.4000000060
28564  38.538  -53.941  10.519 0.4000000060
140646  32.624  -47.107  13.616 0.8000000119
33570  32.391  -48.454  13.552 0.8000000119
27633  39.696  -54.682  10.739 0.4000000060
136247  31.561  -48.210  13.252 0.8000000119
34513  32.100  -47.575  13.496 0.8000000119
32570  32.395  -49.501  13.599 0.8000000119
26800  40.697  -55.688  11.809 0.3000000119
155162  31.291  -45.988  12.047 0.8000000119
36537  31.822  -45.358  12.398 0.8000000119
34530  31.400  -47.301  12.920 0.8000000119
36544  31.451  -45.437  11.451 0.8000000119
34531  30.817  -47.582  12.184 0.8000000119
37487  32.203  -44.176  10.140 0.8999999762
36553  31.414  -45.579  10.449 0.8999999762
36569  31.538  -45.742  9.249 0.8999999762
37497  32.276  -44.213  8.949 0.8999999762
37506  31.852  -44.993  8.824 0.8999999762
37505  32.108  -44.711  7.965 0.8999999762
39179  30.601  -42.752  7.154 0.8000000119
38365  30.165  -43.560  7.521 0.8000000119
138658  32.500  -43.915  7.826 0.8999999762
150768  32.460  -43.671  7.176 0.8999999762
38375  31.374  -43.462  6.651 0.8000000119
37519  32.159  -43.874  6.851 0.8000000119
148898  36.105  -47.828  11.453 0.6000000238
33593  35.662  -48.239  11.960 0.6000000238
154922  36.461  -47.017  12.653 0.6000000238
135850  36.094  -48.510  11.186 0.6000000238
140094  37.375  -49.669  9.994 0.4000000060
32601  37.235  -49.618  10.819 0.4000000060
133522  36.393  -49.136  10.905 0.4000000060
32595  36.917  -49.577  11.774 0.5000000000
140112  34.808  -47.491  13.472 0.6999999881
31581  38.467  -50.901  11.089 0.4000000060
156026  34.028  -47.498  13.686 0.6999999881
30556  38.436  -51.868  8.991 0.5000000000
31591  38.550  -51.167  9.985 0.4000000060
35531  34.360  -46.704  13.985 0.6999999881
148166  38.409  -52.825  8.974 0.5000000000
36523  33.809  -45.358  14.059 0.8000000119
144161  33.384  -47.103  13.770 0.8000000119
37475  33.035  -44.230  12.881 0.8000000119
35533  32.088  -46.755  13.345 0.8000000119
38328  32.821  -43.685  11.495 0.8000000119
38334  32.757  -43.565  10.557 0.8999999762
37482  31.738  -44.817  10.781 0.8999999762
38333  33.324  -42.880  9.984 0.8999999762
38354  32.850  -43.343  8.499 0.8999999762
38353  33.214  -42.551  8.137 1.0000000000
136638  30.518  -41.890  7.359 0.8000000119
131988  32.805  -43.126  7.571 1.0000000000
39995  31.046  -42.199  6.848 0.8000000119
39178  32.908  -42.243  7.326 1.0000000000
39191  32.305  -42.481  6.778 0.8000000119
39994  31.746  -41.808  6.791 0.8000000119
34540  36.438  -47.330  11.938 0.6000000238
154902  37.011  -46.505  12.822 0.6000000238
35561  36.742  -47.274  11.302 0.6000000238
35528  37.186  -45.858  13.389 0.6999999881
32602  36.743  -49.217  9.576 0.4000000060
155054  36.705  -49.265  10.270 0.4000000060
31592  38.010  -50.307  9.548 0.4000000060
30557  38.000  -51.447  7.957 0.5000000000
32623  37.264  -49.794  8.137 0.4000000060
35510  35.045  -46.030  14.297 0.8000000119
36524  33.012  -45.585  13.669 0.8000000119
145986  34.696  -45.169  14.378 0.8000000119
36525  32.561  -44.994  13.055 0.8000000119
150224  33.389  -43.235  11.837 0.8000000119
143277  32.401  -44.395  12.163 0.8000000119
37481  32.244  -44.215  11.148 0.8999999762
38344  33.317  -42.734  9.012 0.8999999762
39150  33.705  -42.302  10.463 0.8999999762
141186  33.504  -42.149  8.646 1.0000000000
139604  33.552  -41.719  8.757 1.0000000000
39964  33.228  -41.251  8.483 1.0000000000
39980  31.012  -41.466  7.095 0.8000000119
39180  30.113  -42.507  7.746 0.8000000119
40827  32.688  -41.270  7.676 1.0000000000
137086  31.763  -40.636  8.031 0.8000000119
39979  32.168  -41.303  7.155 0.8000000119
35560  37.514  -46.676  11.395 0.6000000238
35547  37.693  -46.163  12.381 0.6000000238
36504  36.910  -45.447  14.025 0.6999999881
151752  37.408  -44.315  14.201 0.6999999881
145782  36.720  -47.547  9.027 0.4000000060
34558  36.860  -47.383  9.741 0.5000000000
34546  36.375  -47.824  10.489 0.5000000000
36506  35.587  -45.384  14.422 0.8000000119
143625  36.633  -44.105  14.527 0.8000000119
32612  36.826  -49.212  8.707 0.4000000060
37447  35.382  -44.703  14.477 0.8000000119
32624  36.765  -49.220  7.785 0.4000000060
33616  36.546  -48.666  8.319 0.4000000060
37464  33.330  -44.775  13.559 0.8000000119
37463  34.056  -44.521  14.047 0.8000000119
134992  33.671  -43.980  13.428 0.8000000119
156078  33.001  -43.800  12.223 0.8000000119
39149  33.988  -41.751  11.008 0.8999999762
39142  34.104  -42.060  11.932 0.8000000119
39947  33.871  -41.518  10.097 1.0000000000
39956  33.659  -41.361  9.320 1.0000000000
41649  33.954  -40.073  10.966 1.0000000000
40797  33.478  -40.759  9.460 1.0000000000
41671  32.557  -39.892  9.582 1.0000000000
41691  31.172  -40.254  8.601 0.8999999762
39981  30.441  -41.142  7.600 0.8000000119
41692  30.144  -40.212  8.362 0.8999999762
41672  31.606  -39.886  9.508 1.0000000000
41653  31.044  -39.519  10.301 1.0000000000
41673  30.572  -39.891  9.344 1.0000000000
42579  32.551  -38.583  10.644 1.0000000000
43515  32.424  -37.074  11.238 1.0000000000
133198  32.108  -37.832  10.970 1.0000000000
43516  31.619  -37.044  11.238 1.0000000000
45585  32.222  -35.471  11.382 1.0000000000
44516  31.969  -36.263  11.313 1.0000000000
36536  38.423  -45.475  12.159 0.6999999881
36521  37.958  -45.331  13.056 0.6999999881
134922  38.394  -43.983  13.260 0.6999999881
36542  38.714  -45.512  11.441 0.6000000238
37462  37.430  -45.093  13.839 0.6999999881
35572  38.083  -46.500  10.530 0.6000000238
35589  37.315  -46.979  8.943 0.5000000000
38292  37.293  -43.343  14.467 0.8000000119
34572  36.515  -47.905  7.754 0.4000000060
38295  34.986  -43.362  14.356 0.8000000119
38310  34.333  -43.660  13.915 0.8000000119
38321  33.998  -43.169  13.196 0.8000000119
144740  34.544  -42.659  13.832 0.8000000119
39938  34.242  -41.530  12.544 0.6999999881
39135  34.183  -42.340  12.891 0.8000000119
147387  34.156  -41.258  11.627 0.8999999762
40765  34.128  -40.164  12.920 0.8000000119
39942  34.032  -40.890  10.700 0.8999999762
41625  33.937  -39.453  12.657 1.0000000000
41636  34.023  -39.905  11.890 1.0000000000
40783  33.723  -40.355  10.215 1.0000000000
41637  33.807  -39.428  11.267 1.0000000000
42547  33.556  -38.196  11.925 1.0000000000
41650  33.518  -39.484  10.591 1.0000000000
130949  33.321  -37.326  11.859 1.0000000000
136035  33.246  -37.943  11.236 1.0000000000
43499  32.927  -37.188  11.396 1.0000000000
43514  32.834  -37.829  10.978 1.0000000000
42581  30.490  -38.954  10.947 1.0000000000
41654  29.997  -39.561  10.219 1.0000000000
44502  32.598  -36.333  11.529 1.0000000000
42580  31.576  -38.734  10.765 1.0000000000
44503  30.809  -37.068  11.349 1.0000000000
44517  31.022  -36.185  11.324 1.0000000000
145955  31.677  -34.671  11.018 1.0000000000
45598  31.566  -35.540  11.255 1.0000000000
37474  38.564  -44.586  12.647 0.6999999881
38309  38.005  -43.762  13.917 0.6999999881
36551  39.377  -44.876  10.270 0.5000000000
37473  39.107  -44.075  11.918 0.6999999881
38291  38.074  -42.942  14.074 0.6999999881
36552  38.718  -45.841  10.803 0.6000000238
36581  38.730  -45.859  8.931 0.5000000000
36568  38.796  -46.028  9.969 0.5000000000
38293  36.326  -43.264  14.634 0.8000000119
39115  35.897  -42.513  14.701 0.8000000119
139026  35.468  -41.911  14.621 0.8000000119
145425  34.733  -40.935  14.329 0.8000000119
39922  34.829  -41.728  14.249 0.8000000119
134371  34.299  -40.965  13.173 0.6999999881
40755  34.326  -40.397  13.919 0.6999999881
41614  34.076  -39.509  13.532 0.8999999762
145521  34.433  -38.082  14.529 0.8000000119
44452  35.020  -36.479  14.803 0.8000000119
45539  35.429  -35.536  14.699 0.8000000119
42546  33.780  -38.646  12.982 0.8999999762
43453  34.309  -37.202  14.349 0.8000000119
45540  34.697  -35.719  14.417 0.8000000119
42560  33.800  -39.042  11.937 1.0000000000
133665  33.773  -36.953  13.560 0.8999999762
44466  34.188  -36.290  14.153 0.8999999762
46522  34.884  -34.956  14.268 0.8000000119
43468  33.429  -36.679  12.656 1.0000000000
44501  33.060  -36.456  11.884 1.0000000000
42578  33.129  -38.614  10.776 1.0000000000
45584  32.833  -35.423  11.835 1.0000000000
146946  32.519  -34.558  11.426 1.0000000000
45599  30.129  -35.700  11.228 1.0000000000
46559  33.106  -34.087  11.831 1.0000000000
148247  32.109  -33.938  10.914 1.0000000000
146300  30.822  -35.072  11.025 1.0000000000
47514  32.683  -33.532  11.248 1.0000000000
47529  32.914  -32.566  10.782 1.0000000000
47531  31.426  -32.984  9.969 1.0000000000
38326  39.395  -42.994  10.934 0.6999999881
38319  39.182  -43.155  11.918 0.6999999881
144320  39.063  -42.421  12.185 0.6999999881
39134  38.762  -42.827  12.721 0.6999999881
39128  38.442  -42.497  13.466 0.6999999881
149193  39.431  -43.653  10.615 0.6000000238
148067  38.122  -42.249  14.056 0.6999999881
36567  39.223  -45.363  9.580 0.5000000000
39918  37.848  -41.631  14.289 0.6999999881
36580  39.153  -45.091  8.525 0.5000000000
39919  37.092  -41.680  14.717 0.8000000119
138690  36.685  -41.052  14.926 0.6999999881
39921  35.329  -41.076  14.763 0.6999999881
40740  36.720  -40.317  15.059 0.6999999881
40741  35.468  -40.215  15.119 0.6999999881
40742  34.814  -40.310  14.675 0.6999999881
41600  34.435  -39.581  14.384 0.6999999881
43452  34.988  -37.509  14.974 0.8000000119
44450  36.982  -35.912  14.942 0.8000000119
46519  37.282  -34.557  14.473 0.8000000119
45538  36.291  -35.315  14.812 0.8000000119
46520  36.556  -34.611  14.519 0.8000000119
46535  36.181  -34.063  14.147 0.8000000119
44467  33.677  -36.023  13.399 1.0000000000
46536  35.306  -34.205  13.926 0.8999999762
47477  35.868  -33.656  13.461 0.8000000119
47478  34.957  -33.744  13.251 1.0000000000
136033  33.295  -35.729  12.555 1.0000000000
45558  33.695  -35.110  13.188 1.0000000000
46553  33.652  -33.887  12.386 1.0000000000
48532  33.852  -32.292  11.186 1.0000000000
46573  30.270  -34.202  10.492 1.0000000000
136358  30.030  -34.919  10.882 1.0000000000
48546  33.489  -31.907  10.278 1.0000000000
48566  33.104  -32.077  9.237 1.0000000000
48547  32.161  -32.544  10.087 1.0000000000
46572  30.947  -34.211  10.610 1.0000000000
48579  33.160  -32.893  8.031 1.0000000000
39941  39.365  -41.645  11.230 0.6999999881
39937  39.147  -41.795  11.961 0.6999999881
40764  38.643  -40.972  13.047 0.6000000238
40753  38.412  -40.339  13.525 0.6000000238
40738  38.231  -40.929  13.972 0.6000000238
40739  38.019  -40.124  14.150 0.6999999881
41598  37.387  -39.793  14.740 0.6999999881
41586  36.611  -39.385  15.250 0.6999999881
42506  36.006  -38.815  15.400 0.6999999881
44434  36.631  -36.800  15.216 0.8000000119
42507  35.294  -38.838  15.224 0.6999999881
44451  35.796  -37.064  15.241 0.8000000119
47462  37.557  -33.938  14.148 0.8000000119
47476  37.784  -33.374  13.619 0.8000000119
47497  36.494  -33.280  12.865 0.8000000119
47498  35.532  -33.261  12.613 0.8000000119
47510  36.365  -33.085  11.990 0.8000000119
47500  34.133  -33.280  12.321 1.0000000000
47511  35.570  -32.831  11.698 1.0000000000
48544  35.506  -32.479  10.789 1.0000000000
47528  36.421  -33.062  10.960 0.8999999762
48531  34.722  -32.467  11.396 1.0000000000
48545  34.544  -31.962  10.431 1.0000000000
48577  35.065  -32.450  8.762 1.0000000000
46574  29.567  -34.240  10.615 1.0000000000
49619  33.989  -31.809  9.649 1.0000000000
48578  34.237  -33.082  7.867 1.0000000000
48581  31.507  -33.060  8.515 1.0000000000
47550  30.800  -33.129  8.866 1.0000000000
47533  29.721  -33.604  9.782 1.0000000000
48548  31.626  -32.758  9.492 1.0000000000
151213  38.953  -41.275  12.331 0.6999999881
41613  37.963  -39.235  14.234 0.6000000238
42520  37.952  -38.233  14.278 0.6999999881
42505  36.704  -38.316  15.296 0.6999999881
42521  37.393  -38.850  14.863 0.6999999881
43435  36.405  -37.535  15.321 0.6999999881
44433  37.356  -36.760  14.900 0.8000000119
45537  37.670  -35.265  14.547 0.6999999881
47475  38.351  -33.850  13.925 0.6999999881
151552  38.474  -32.152  12.122 0.6999999881
153554  38.060  -32.498  11.849 0.6999999881
48530  37.624  -32.903  11.500 0.6999999881
136974  37.045  -33.479  10.545 0.8000000119
47527  37.482  -33.366  10.632 0.6999999881
48543  36.113  -32.825  10.123 0.8999999762
47549  36.001  -33.066  9.160 1.0000000000
46588  36.527  -34.227  8.570 1.0000000000
47551  29.930  -33.401  8.697 1.0000000000
47561  35.443  -33.584  7.949 1.0000000000
47564  30.909  -33.322  7.545 1.0000000000
47562  32.381  -33.681  7.184 1.0000000000
40763  39.002  -40.571  12.215 0.6000000238
41624  38.728  -40.060  12.861 0.6000000238
135134  38.788  -39.206  12.836 0.6000000238
132414  39.477  -37.969  12.430 0.6000000238
40754  38.404  -39.618  13.536 0.6000000238
42545  38.919  -38.361  12.935 0.6000000238
135145  38.537  -37.896  13.577 0.6000000238
43450  38.219  -37.346  14.120 0.6000000238
43451  37.657  -37.456  14.650 0.6000000238
45556  38.905  -35.525  13.890 0.6999999881
46534  38.843  -34.565  13.936 0.6999999881
48498  39.344  -32.914  13.373 0.6999999881
48519  38.682  -32.415  12.950 0.6999999881
48528  39.017  -31.749  11.648 0.6999999881
48542  39.086  -32.029  10.712 0.6999999881
48529  38.370  -32.461  11.251 0.6999999881
53759  46.714  -27.926  4.433 0.3000000119
47546  37.991  -33.665  10.028 0.6999999881
47526  37.997  -33.127  10.726 0.6999999881
53767  47.376  -28.206  3.633 0.3000000119
46586  38.012  -34.470  9.153 0.8000000119
46561  26.759  -34.377  11.535 0.8999999762
47548  36.761  -33.597  9.814 1.0000000000
137599  28.448  -33.529  10.669 1.0000000000
47552  29.182  -33.254  8.807 1.0000000000
46597  35.378  -34.559  7.028 1.0000000000
142551  32.777  -33.827  6.745 1.0000000000
48595  33.253  -33.861  7.108 1.0000000000
47579  32.069  -33.640  6.844 1.0000000000
41635  39.577  -39.130  11.678 0.6000000238
42544  39.305  -38.787  12.251 0.6000000238
148254  39.987  -37.621  12.135 0.6000000238
43484  40.295  -37.002  12.245 0.6000000238
44486  41.110  -36.105  12.025 0.6000000238
45554  40.589  -35.589  12.598 0.6999999881
153810  40.307  -34.842  13.041 0.6999999881
43465  39.245  -36.525  13.359 0.6000000238
49629  46.909  -31.101  9.159 0.3000000119
142550  46.284  -31.032  9.691 0.3000000119
46533  39.692  -34.445  13.475 0.6999999881
48497  39.933  -32.747  13.174 0.6999999881
49605  39.664  -31.254  11.992 0.6999999881
53735  46.104  -27.044  6.234 0.3000000119
53750  45.641  -27.661  5.616 0.4000000060
53760  46.048  -28.127  4.683 0.4000000060
52785  45.748  -28.825  3.867 0.4000000060
46562  25.779  -34.335  11.398 0.6999999881
47517  25.200  -33.597  11.383 0.6999999881
52811  43.956  -28.633  1.737 0.3000000119
52784  46.599  -28.574  3.608 0.3000000119
46585  38.854  -34.460  8.842 0.6999999881
47535  26.889  -32.423  11.075 0.8999999762
53780  44.968  -28.144  1.602 0.3000000119
52794  46.338  -29.251  2.651 0.3000000119
46587  37.275  -34.450  9.042 0.8000000119
151942  27.813  -33.043  10.836 0.8999999762
131811  45.333  -29.889  1.827 0.3000000119
51860  45.824  -29.718  2.078 0.3000000119
151517  37.086  -35.001  8.294 0.8000000119
130207  36.023  -35.142  6.917 1.0000000000
47566  29.642  -33.196  7.835 1.0000000000
46604  34.941  -34.626  6.366 1.0000000000
47565  30.223  -33.329  7.741 1.0000000000
47582  30.040  -33.220  7.496 1.0000000000
46605  34.256  -34.317  6.356 1.0000000000
47596  32.572  -33.716  6.671 1.0000000000
47597  31.967  -33.570  6.792 1.0000000000
48611  32.532  -33.160  6.519 1.0000000000
46558  41.776  -34.977  11.917 0.6999999881
47508  41.895  -34.124  12.150 0.6999999881
48559  46.119  -32.371  9.403 0.3000000119
49631  45.862  -31.774  9.793 0.4000000060
149307  41.377  -33.678  12.516 0.6999999881
47495  40.745  -33.601  12.871 0.6999999881
47473  39.983  -33.469  13.295 0.6999999881
50696  46.043  -30.203  10.020 0.4000000060
134712  39.955  -31.698  12.613 0.6999999881
51782  46.503  -29.389  9.724 0.3000000119
50682  45.259  -30.140  10.448 0.5000000000
50671  40.893  -30.395  11.595 0.6999999881
49604  40.172  -30.794  11.448 0.6999999881
134319  46.031  -28.598  9.826 0.5000000000
49618  39.577  -31.321  11.172 0.6999999881
54687  45.876  -26.932  8.036 0.4000000060
53693  44.016  -27.853  8.978 0.6000000238
52754  43.985  -28.069  7.254 0.5000000000
54700  45.944  -26.895  7.179 0.3000000119
48562  39.594  -32.465  9.754 0.6999999881
50762  41.774  -30.731  3.246 0.4000000060
52778  43.895  -29.092  5.749 0.4000000060
47545  39.231  -33.555  9.332 0.6999999881
48552  25.089  -31.980  11.157 0.6999999881
132313  42.328  -29.136  2.502 0.4000000060
52776  45.290  -28.378  4.995 0.4000000060
51841  44.242  -29.521  4.722 0.4000000060
48534  24.824  -32.913  11.363 0.6000000238
52812  43.315  -28.165  2.080 0.3000000119
51870  43.613  -29.678  2.022 0.3000000119
51871  42.870  -29.908  2.314 0.4000000060
52786  44.960  -29.144  4.257 0.4000000060
51842  43.658  -29.958  5.239 0.4000000060
46594  38.453  -35.333  8.194 0.6999999881
47560  39.686  -34.196  8.590 0.6999999881
47516  26.174  -33.392  11.494 0.6999999881
50767  43.357  -31.198  2.584 0.4000000060
51852  44.625  -30.007  3.511 0.4000000060
50745  43.513  -31.040  4.831 0.4000000060
51869  44.476  -30.052  1.945 0.3000000119
51861  44.902  -30.218  2.380 0.3000000119
50760  44.194  -30.820  3.032 0.4000000060
45616  38.023  -35.977  7.388 0.8000000119
47553  28.713  -32.750  8.590 1.0000000000
45626  37.452  -36.182  6.465 0.8999999762
151665  35.536  -35.069  6.408 1.0000000000
47580  31.382  -33.347  7.063 1.0000000000
48610  33.441  -33.189  6.176 1.0000000000
47595  33.382  -33.922  6.417 1.0000000000
47606  34.798  -34.249  5.699 1.0000000000
48596  31.705  -33.043  6.767 1.0000000000
49669  31.380  -32.206  7.360 1.0000000000
49683  33.339  -32.199  6.356 1.0000000000
138436  32.109  -31.888  7.248 1.0000000000
46557  42.435  -34.589  11.582 0.6000000238
47506  43.192  -33.401  11.379 0.6000000238
146402  42.552  -33.752  11.736 0.6000000238
47507  42.669  -32.992  11.786 0.6999999881
48540  44.369  -32.773  10.727 0.5000000000
48525  43.938  -32.371  11.126 0.6000000238
48527  42.354  -32.167  12.095 0.6999999881
49615  45.217  -31.800  10.332 0.5000000000
135569  44.845  -30.959  10.654 0.4000000060
48516  41.590  -32.345  12.451 0.6999999881
48517  40.786  -32.034  12.687 0.6999999881
50667  44.132  -30.896  11.153 0.6000000238
49603  41.877  -30.810  12.069 0.6999999881
51766  44.847  -29.310  10.436 0.6000000238
50660  41.328  -30.710  12.069 0.6999999881
52721  45.224  -28.595  10.062 0.6000000238
52706  44.406  -28.592  10.199 0.6000000238
50686  40.631  -30.410  10.829 0.6999999881
50698  40.563  -30.754  10.121 0.6999999881
53712  44.942  -27.524  8.931 0.5000000000
52741  43.354  -28.404  8.509 0.6000000238
51784  42.284  -29.297  9.283 0.6000000238
49633  40.292  -31.576  9.735 0.6000000238
134568  41.222  -31.320  4.243 0.4000000060
52764  44.231  -28.326  6.307 0.4000000060
52755  43.446  -28.570  7.596 0.4000000060
52756  42.929  -29.046  7.974 0.5000000000
51803  41.969  -29.862  8.949 0.6000000238
48561  40.334  -32.413  9.170 0.6999999881
50756  41.342  -30.388  3.870 0.4000000060
51819  43.168  -29.336  7.114 0.5000000000
47544  40.011  -33.208  8.922 0.6999999881
49715  42.276  -31.156  2.856 0.4000000060
50755  41.592  -31.436  3.572 0.5000000000
51831  43.423  -29.621  6.230 0.4000000060
50736  43.343  -30.398  5.812 0.4000000060
48550  27.001  -31.523  10.097 0.8999999762
48551  26.132  -31.622  10.848 0.6999999881
50766  44.051  -30.762  2.464 0.4000000060
49697  43.424  -32.068  4.032 0.4000000060
45615  38.921  -36.068  7.196 0.6999999881
46593  39.308  -35.201  8.097 0.6999999881
50761  43.663  -31.406  2.889 0.4000000060
48568  28.123  -32.267  8.837 0.8999999762
45638  36.599  -35.936  6.005 0.8999999762
48583  28.655  -32.315  8.312 0.8999999762
149320  30.856  -33.085  7.079 1.0000000000
48582  29.239  -32.649  7.910 1.0000000000
46627  35.484  -34.900  5.715 1.0000000000
49670  30.143  -32.854  7.315 1.0000000000
48624  34.929  -33.272  5.451 1.0000000000
157331  30.670  -32.377  7.406 1.0000000000
49651  30.016  -31.985  7.641 1.0000000000
141220  34.864  -32.227  5.401 1.0000000000
51845  34.344  -29.826  5.604 0.8999999762
50748  34.747  -30.602  5.492 1.0000000000
49682  33.946  -31.329  5.994 1.0000000000
139935  32.798  -30.951  7.427 1.0000000000
49649  31.985  -31.180  7.944 1.0000000000
50740  33.927  -30.394  6.042 1.0000000000
50730  33.453  -30.184  6.780 1.0000000000
50715  32.520  -30.178  8.310 0.8999999762
51835  33.848  -29.342  5.917 1.0000000000
51824  33.332  -29.192  6.918 0.8999999762
48526  43.236  -32.458  11.509 0.6000000238
49601  42.900  -31.493  11.713 0.6999999881
49602  42.245  -31.298  12.063 0.6999999881
153968  43.837  -30.315  11.175 0.6999999881
50670  41.738  -30.147  11.647 0.6999999881
51767  44.040  -29.198  10.642 0.6000000238
145729  43.390  -29.118  10.619 0.6000000238
50685  41.244  -29.860  10.995 0.6999999881
52708  42.997  -28.829  10.220 0.6999999881
51770  41.639  -29.609  10.425 0.6000000238
50697  41.105  -30.119  10.091 0.6000000238
49632  41.007  -31.014  9.408 0.6000000238
52779  41.196  -28.778  4.909 0.3000000119
52723  43.337  -28.437  9.504 0.6000000238
52724  42.705  -28.845  9.651 0.6000000238
49645  40.918  -31.931  8.880 0.6000000238
141863  41.130  -30.482  4.647 0.4000000060
51843  40.992  -30.116  5.449 0.4000000060
50725  42.502  -30.493  7.582 0.6000000238
49644  41.593  -31.339  8.501 0.6000000238
49643  42.189  -31.301  7.768 0.5000000000
48575  40.761  -32.886  8.507 0.6000000238
143631  42.704  -31.403  6.812 0.4000000060
49699  41.468  -32.292  3.833 0.5000000000
49689  43.001  -32.691  5.334 0.4000000060
50737  43.174  -31.169  5.904 0.4000000060
47559  40.498  -33.901  8.241 0.6000000238
48634  41.911  -33.015  3.668 0.5000000000
48632  43.028  -32.645  3.523 0.4000000060
46602  40.423  -35.644  7.045 0.6000000238
48641  42.426  -32.585  3.410 0.4000000060
48620  42.822  -33.372  4.690 0.4000000060
48569  27.495  -31.588  9.132 0.8999999762
45636  38.115  -36.377  6.013 0.8999999762
45625  38.314  -36.361  6.572 0.8000000119
49653  28.573  -31.704  8.264 0.8999999762
50718  28.546  -31.073  8.292 0.8999999762
136786  29.254  -31.510  8.090 0.8999999762
47605  35.610  -34.242  5.473 1.0000000000
49692  34.511  -31.540  5.567 1.0000000000
49650  31.037  -31.408  8.076 1.0000000000
50716  31.721  -30.520  8.590 0.8999999762
52769  33.971  -28.505  5.504 1.0000000000
52759  32.885  -28.183  7.092 1.0000000000
51825  32.845  -29.146  7.922 0.8999999762
138414  33.531  -27.560  5.773 1.0000000000
52770  32.915  -27.322  6.384 0.8999999762
51756  42.591  -29.895  11.358 0.6999999881
53752  41.360  -27.419  5.108 0.3000000119
133164  41.053  -29.220  5.631 0.3000000119
51833  40.748  -29.783  6.386 0.3000000119
157254  41.892  -31.813  7.907 0.6000000238
49678  40.673  -31.691  5.873 0.5000000000
50738  40.722  -30.690  6.163 0.4000000060
49660  42.233  -32.233  7.286 0.5000000000
49677  42.716  -32.450  6.318 0.5000000000
48590  42.387  -33.052  6.612 0.5000000000
47558  41.243  -33.569  7.768 0.5000000000
49690  41.005  -32.211  4.761 0.5000000000
48604  42.650  -33.462  5.637 0.5000000000
48605  42.202  -33.941  6.338 0.5000000000
48621  40.848  -33.150  4.875 0.5000000000
47587  42.262  -34.444  5.364 0.5000000000
46592  40.130  -34.906  7.869 0.6000000238
47615  41.879  -33.858  3.978 0.5000000000
47614  42.114  -34.182  4.192 0.5000000000
45635  39.706  -36.218  5.981 0.6999999881
48606  40.413  -33.399  5.578 0.5000000000
46634  41.315  -34.685  4.631 0.5000000000
142268  38.875  -36.335  6.041 0.6000000238
46615  37.592  -36.033  5.789 0.8999999762
47604  36.264  -34.683  5.493 0.8999999762
46616  36.019  -35.518  5.789 0.8999999762
48609  35.837  -32.776  5.647 0.8999999762
51834  35.184  -29.817  5.935 0.8999999762
50747  35.138  -30.600  5.649 0.8999999762
49681  35.513  -31.603  5.828 0.8999999762
133252  35.295  -32.398  5.438 1.0000000000
155631  31.018  -30.620  8.808 0.8999999762
50717  30.184  -31.043  8.420 0.8999999762
154424  32.068  -29.969  8.790 0.8999999762
146214  34.410  -29.111  5.496 0.8000000119
52768  34.341  -28.247  5.659 0.6999999881
51790  30.888  -29.197  9.472 0.8999999762
52747  32.291  -28.082  8.254 0.8999999762
52748  31.722  -28.716  9.166 0.8999999762
53738  41.380  -27.430  6.147 0.3000000119
53739  41.101  -28.029  6.792 0.3000000119
53727  40.906  -27.823  7.671 0.4000000060
53713  41.186  -27.177  8.033 0.3000000119
147319  40.528  -28.895  7.593 0.3000000119
52743  40.444  -28.410  8.233 0.4000000060
50726  40.430  -30.349  6.916 0.4000000060
48574  41.541  -32.426  8.041 0.6000000238
49679  40.221  -32.422  6.354 0.5000000000
49661  40.212  -31.294  6.923 0.4000000060
47588  41.895  -34.914  5.978 0.5000000000
47572  41.684  -34.362  6.952 0.5000000000
46610  42.021  -34.689  4.636 0.5000000000
46601  41.213  -35.423  6.466 0.5000000000
46624  40.749  -35.205  5.036 0.5000000000
45634  40.457  -35.995  5.737 0.5000000000
47589  40.224  -34.514  5.482 0.5000000000
46612  39.968  -35.368  5.548 0.5000000000
48607  39.650  -33.458  6.457 0.5000000000
47574  38.853  -33.892  6.642 0.6000000238
46614  38.351  -36.114  5.853 0.6000000238
48593  37.601  -33.140  7.069 0.6999999881
47576  37.453  -34.020  6.236 0.6999999881
47593  36.781  -34.483  5.652 0.6999999881
48594  36.868  -32.601  7.010 0.6999999881
49680  36.185  -32.263  6.379 0.8000000119
48608  36.639  -33.344  6.127 0.8000000119
50701  30.480  -30.177  9.167 0.8999999762
52780  34.794  -29.108  5.796 0.6999999881
52728  31.124  -28.334  9.364 0.8999999762
53718  31.482  -27.723  8.886 0.8999999762
134398  33.611  -26.972  5.713 1.0000000000
54675  40.982  -27.008  8.952 0.3000000119
52725  40.139  -28.032  9.197 0.4000000060
54660  40.581  -26.831  9.949 0.3000000119
51822  39.850  -29.895  8.117 0.4000000060
50727  39.944  -30.478  7.621 0.4000000060
51805  39.423  -29.616  8.784 0.4000000060
52744  39.760  -28.807  8.999 0.4000000060
49662  39.567  -32.225  7.231 0.4000000060
50710  39.237  -30.515  8.444 0.4000000060
51806  38.655  -30.018  9.155 0.4000000060
49646  38.775  -31.275  8.334 0.4000000060
49663  38.827  -32.025  7.924 0.5000000000
48592  38.915  -32.903  7.350 0.5000000000
49665  36.608  -31.850  7.402 0.6000000238
49666  35.969  -31.307  6.786 0.8000000119
51823  35.497  -29.820  6.782 0.6999999881
52767  34.964  -28.389  6.322 0.6999999881
53729  32.268  -27.101  7.153 0.8999999762
137636  30.804  -26.978  8.701 0.8999999762
54716  33.202  -26.325  5.844 0.8999999762
54704  32.312  -25.860  6.294 0.8000000119
53730  31.350  -26.163  6.950 0.8000000119
54717  32.641  -25.754  6.069 0.6999999881
55668  32.739  -25.289  5.939 0.8000000119
55627  40.912  -25.980  10.192 0.3000000119
155039  40.197  -27.039  10.199 0.3000000119
52726  39.394  -28.276  9.799 0.3000000119
54647  39.173  -26.892  10.799 0.4000000060
51786  38.877  -29.142  9.595 0.4000000060
52709  38.606  -28.381  10.211 0.4000000060
51771  38.065  -29.037  10.104 0.5000000000
50711  38.330  -30.770  8.778 0.5000000000
50699  37.859  -30.205  9.322 0.5000000000
51772  37.297  -28.806  10.103 0.5000000000
50712  37.517  -30.804  8.787 0.5000000000
133220  36.538  -30.021  8.959 0.5000000000
49648  37.077  -31.427  8.235 0.5000000000
50728  36.361  -31.027  7.842 0.6000000238
50729  35.845  -30.461  7.302 0.6999999881
51808  35.724  -29.720  7.787 0.6999999881
52758  35.328  -28.615  7.287 0.6999999881
53728  35.188  -27.784  7.248 0.6999999881
53740  34.749  -27.513  6.255 0.6999999881
54689  35.123  -26.780  7.130 0.6999999881
54715  33.699  -26.437  5.694 0.8000000119
55657  34.788  -26.053  6.492 0.6999999881
55626  41.526  -25.562  9.749 0.3000000119
56543  40.751  -24.705  11.032 0.3000000119
55588  40.109  -24.911  11.209 0.4000000060
55609  39.815  -26.183  10.848 0.3000000119
54634  39.246  -26.014  11.073 0.4000000060
53681  38.413  -27.624  10.560 0.4000000060
52710  37.868  -28.278  10.375 0.4000000060
131550  38.139  -26.836  10.825 0.3000000119
52711  37.255  -28.078  10.262 0.5000000000
51789  36.679  -29.340  9.491 0.6000000238
53683  36.944  -27.419  10.152 0.3000000119
52727  36.590  -28.234  9.781 0.5000000000
53695  36.405  -27.366  9.605 0.4000000060
51807  36.074  -29.514  8.664 0.6999999881
52745  35.994  -28.690  8.985 0.6999999881
53715  35.942  -27.769  9.045 0.6000000238
53716  35.538  -28.187  8.212 0.6999999881
144653  35.466  -29.253  7.310 0.6999999881
135283  35.528  -27.274  8.179 0.6999999881
54677  35.636  -26.325  8.134 0.6000000238
56526  39.492  -24.693  11.244 0.3000000119
54648  38.583  -26.080  11.037 0.3000000119
135730  37.796  -25.979  10.745 0.3000000119
55610  38.257  -25.256  10.900 0.3000000119
55611  37.585  -25.160  10.434 0.3000000119
56544  37.985  -24.405  10.589 0.3000000119
55612  37.134  -25.804  10.216 0.3000000119
55628  37.089  -25.078  9.945 0.4000000060
54676  36.030  -26.851  8.974 0.5000000000
55629  36.677  -25.452  9.519 0.5000000000
56565  36.861  -24.601  9.384 0.5000000000
55640  36.178  -25.897  8.884 0.6000000238
55641  35.844  -25.419  8.080 0.6000000238
58324  41.168  -22.419  11.395 0.4000000060
138784  40.683  -23.159  11.376 0.3000000119
56525  40.183  -24.052  11.353 0.3000000119
135250  39.842  -23.071  11.365 0.3000000119
57445  39.275  -23.788  11.235 0.3000000119
57461  39.070  -22.864  11.070 0.3000000119
57462  38.457  -23.509  10.726 0.3000000119
153013  38.577  -22.621  10.554 0.3000000119
58336  38.087  -22.801  10.051 0.3000000119
57463  37.728  -23.612  10.051 0.4000000060
137675  37.595  -22.940  9.417 0.4000000060
56577  36.372  -24.899  8.682 0.6000000238
57485  36.686  -24.136  8.769 0.4000000060
151496  37.202  -22.964  8.833 0.4000000060
56585  36.317  -24.134  8.138 0.5000000000
56578  36.020  -24.720  7.949 0.6000000238
56608  33.743  -24.534  5.819 0.6999999881
55670  31.622  -24.963  6.331 0.8000000119
59192  40.855  -21.615  11.469 0.4000000060
59193  40.067  -21.515  11.324 0.3000000119
58334  39.602  -22.207  11.208 0.3000000119
58335  38.956  -22.037  10.745 0.3000000119
58358  38.394  -21.900  9.988 0.3000000119
58359  37.880  -22.259  9.472 0.4000000060
58380  37.462  -22.288  8.899 0.4000000060
58381  36.953  -22.484  8.320 0.4000000060
57507  36.134  -23.479  7.609 0.4000000060
56586  35.818  -24.202  7.492 0.5000000000
58392  36.423  -22.695  7.688 0.4000000060
141327  35.048  -25.206  6.644 0.6000000238
57508  35.564  -23.607  6.966 0.4000000060
56596  34.545  -24.578  6.171 0.6999999881
57515  34.962  -23.704  6.360 0.4000000060
58400  35.394  -22.205  6.297 0.4000000060
57516  34.180  -23.754  5.938 0.6000000238
58401  34.653  -22.803  6.028 0.5000000000
57529  33.323  -23.879  5.821 0.6000000238
56610  32.201  -24.797  6.127 0.6999999881
57530  32.541  -24.077  5.985 0.6999999881
140755  41.404  -20.970  11.398 0.3000000119
60175  39.801  -20.862  11.125 0.3000000119
60184  39.331  -20.691  10.678 0.3000000119
59203  38.880  -21.255  10.409 0.3000000119
59218  38.479  -20.936  9.752 0.3000000119
59219  37.835  -21.362  9.063 0.4000000060
59235  37.241  -21.707  8.348 0.3000000119
60207  37.760  -20.465  8.493 0.3000000119
59247  36.978  -21.158  7.780 0.3000000119
60218  37.296  -20.467  7.854 0.3000000119
58399  36.135  -22.069  7.023 0.4000000060
59248  36.441  -21.287  7.110 0.3000000119
60219  36.738  -20.549  7.231 0.3000000119
59261  35.828  -21.361  6.353 0.3000000119
60234  36.233  -20.636  6.434 0.3000000119
58414  34.745  -21.864  5.766 0.3000000119
60235  35.576  -20.584  5.701 0.4000000060
58415  34.106  -22.011  5.721 0.5000000000
58416  32.978  -23.101  5.848 0.5000000000
57531  32.191  -23.323  6.089 0.5000000000
141150  40.529  -19.780  11.337 0.3000000119
61088  39.815  -20.035  11.008 0.3000000119
133902  39.161  -19.992  10.366 0.3000000119
61100  38.678  -20.131  9.742 0.3000000119
60206  38.227  -20.389  9.125 0.3000000119
61124  37.650  -19.696  7.971 0.3000000119
145235  37.321  -19.308  7.341 0.3000000119
61138  36.581  -19.933  6.630 0.3000000119
60254  36.063  -19.949  5.763 0.3000000119
59275  34.386  -21.018  5.374 0.4000000060
59276  33.688  -21.367  5.500 0.5000000000
155317  33.938  -20.530  5.150 0.5000000000
146116  32.789  -21.958  5.834 0.5000000000
62084  40.464  -18.216  11.220 0.3000000119
62096  39.794  -18.400  10.688 0.3000000119
62097  39.250  -18.550  9.978 0.3000000119
61108  38.939  -19.345  9.822 0.3000000119
62104  38.698  -18.649  9.093 0.3000000119
146769  38.186  -19.164  8.445 0.3000000119
62126  37.748  -18.757  7.647 0.3000000119
62140  37.156  -18.832  6.814 0.3000000119
60255  35.306  -19.824  5.158 0.4000000060
60256  34.276  -20.067  4.977 0.4000000060
60257  33.814  -19.949  4.914 0.4000000060
60269  33.696  -19.429  4.648 0.4000000060
59277  33.393  -20.700  5.325 0.5000000000
60258  33.020  -19.934  5.058 0.4000000060
136361  42.008  -17.863  11.312 0.3000000119
62083  41.297  -18.041  11.426 0.3000000119
63206  39.153  -17.842  9.443 0.3000000119
63215  38.716  -17.714  8.484 0.3000000119
62125  38.150  -17.906  7.662 0.3000000119
63222  37.513  -18.054  6.896 0.3000000119
61154  36.498  -19.184  6.075 0.3000000119
62152  36.117  -18.581  5.307 0.3000000119
61166  35.729  -19.246  5.254 0.3000000119
61167  35.072  -19.184  4.781 0.4000000060
60268  34.183  -19.493  4.691 0.3000000119
63178  40.765  -17.330  11.262 0.3000000119
63192  39.980  -17.462  10.730 0.3000000119
64248  39.860  -16.572  10.373 0.3000000119
63193  39.503  -17.884  10.186 0.3000000119
63214  39.224  -17.060  9.006 0.3000000119
64273  38.997  -16.115  7.857 0.3000000119
63221  38.498  -17.267  7.742 0.3000000119
64274  38.538  -16.626  7.454 0.3000000119
62141  36.821  -18.301  6.087 0.3000000119
65227  40.370  -15.964  10.759 0.3000000119
64258  39.511  -16.404  9.544 0.3000000119
65246  39.795  -15.740  10.074 0.3000000119
65257  39.538  -15.582  9.163 0.3000000119
64266  39.275  -16.255  8.651 0.3000000119
64288  38.077  -16.325  6.696 0.3000000119
153964  37.612  -16.828  6.460 0.3000000119
63252  36.689  -17.080  5.462 0.3000000119
143723  40.241  -15.085  10.500 0.3000000119
66262  40.105  -14.231  10.222 0.3000000119
66292  39.576  -14.700  8.707 0.3000000119
141885  39.757  -14.041  9.419 0.4000000060
155798  39.536  -14.304  8.169 0.3000000119
65275  38.991  -15.433  7.462 0.3000000119
65276  38.490  -15.516  6.777 0.3000000119
67248  39.604  -13.243  8.077 0.4000000060
67236  39.704  -13.134  9.092 0.4000000060
141076  39.514  -13.931  7.792 0.4000000060
68224  39.625  -12.586  8.417 0.4000000060
40798  32.948  -40.508  9.036 1.0000000000
41651  32.929  -39.316  10.242 1.0000000000
40812  32.557  -40.810  8.216 0.8999999762
53741  34.170  -27.155  5.672 0.6999999881
154844  33.815  -25.880  5.745 0.8000000119
55667  33.522  -25.256  5.771 0.8000000119
55658  34.321  -25.468  6.009 0.6999999881
28493  36.894  -53.657  15.311 0.6000000238
28494  36.247  -53.664  15.795 0.6000000238
30489  34.550  -51.548  14.509 0.6000000238
25065  39.575  -57.132  13.164 0.5000000000
25083  40.221  -57.272  12.651 0.5000000000
29493  37.640  -52.210  13.767 0.6000000238
130201  31.534  -47.083  8.315 0.8999999762
30517  38.153  -51.212  12.617 0.5000000000
27634  38.900  -54.296  10.583 0.4000000060
143145  33.367  -48.112  13.592 0.6999999881
35562  31.031  -46.281  11.212 0.8999999762
34510  35.765  -47.186  13.225 0.6999999881
29524  38.525  -53.081  10.655 0.5000000000
35532  33.602  -46.186  13.979 0.8000000119
26815  40.654  -55.071  11.175 0.4000000060
35549  31.596  -46.317  12.738 0.8000000119
35530  35.313  -46.710  13.879 0.6999999881
31605  38.272  -51.014  9.030 0.4000000060
39143  33.752  -42.539  11.401 0.8000000119
40813  30.946  -40.601  7.851 0.8000000119
34567  36.464  -48.045  8.597 0.4000000060
31611  37.477  -50.563  7.455 0.4000000060
38294  35.703  -43.950  14.567 0.8000000119
41670  33.264  -40.027  9.815 1.0000000000
34566  36.817  -47.429  8.248 0.5000000000
134242  37.494  -46.886  9.873 0.5000000000
37479  39.318  -44.379  11.027 0.6999999881
42561  33.542  -38.749  11.203 1.0000000000
143138  31.437  -33.678  10.505 1.0000000000
47530  32.090  -33.074  10.585 1.0000000000
154696  34.955  -38.259  15.057 0.8000000119
153305  34.172  -32.737  11.817 1.0000000000
47496  37.325  -33.076  13.049 0.8000000119
46552  34.237  -33.851  12.883 1.0000000000
46538  33.819  -34.397  12.920 1.0000000000
45536  38.257  -35.683  14.322 0.6999999881
155619  36.035  -34.494  7.641 1.0000000000
47577  34.332  -34.171  6.999 1.0000000000
46596  36.599  -35.091  7.662 1.0000000000
44465  40.045  -36.364  12.770 0.6000000238
45555  39.756  -35.467  13.309 0.6999999881
54673  46.480  -26.929  8.378 0.4000000060
47534  28.496  -32.898  9.637 1.0000000000
53736  45.382  -27.358  6.556 0.4000000060
138180  33.930  -32.167  5.894 1.0000000000
53691  46.389  -27.930  9.384 0.4000000060
53724  44.523  -27.570  8.012 0.5000000000
53692  45.532  -27.923  9.525 0.5000000000
143938  41.951  -31.537  3.177 0.4000000060
49706  42.866  -32.139  3.057 0.4000000060
49667  33.383  -31.193  6.613 1.0000000000
51832  42.987  -30.306  6.717 0.5000000000
132510  40.635  -32.561  5.511 0.5000000000
46611  41.435  -35.510  5.520 0.5000000000
47590  39.446  -34.822  5.996 0.5000000000
47592  37.679  -35.179  5.881 0.6999999881
154236  38.350  -33.246  7.186 0.6000000238
49647  37.998  -31.642  8.335 0.5000000000
49664  37.394  -32.216  7.717 0.5000000000
54702  34.608  -26.772  6.186 0.6999999881
55647  35.350  -25.784  7.315 0.6999999881
56595  35.294  -24.377  6.814 0.6000000238
61123  38.083  -19.862  8.621 0.3000000119
137314  31.297  -50.941  9.727 0.5000000000
32613  31.310  -49.435  9.106 0.5000000000
29526  31.906  -53.313  10.078 0.5000000000
148089  31.918  -53.135  9.291 0.5000000000
28556  32.423  -53.844  11.457 0.5000000000
155903  31.722  -52.919  10.523 0.5000000000
143376  31.639  -52.554  9.934 0.5000000000
27616  32.832  -54.432  12.053 0.5000000000
27586  33.499  -54.386  13.874 0.4000000060
28545  32.565  -53.583  12.364 0.5000000000
28529  32.844  -53.278  13.152 0.5000000000
27575  34.462  -54.309  15.810 0.5000000000
42599  27.256  -38.477  8.995 0.6999999881
148821  26.804  -38.503  8.896 0.6999999881
42598  28.107  -38.818  9.261 0.8000000119
41693  29.197  -39.925  8.525 0.8000000119
130867  29.136  -40.154  8.453 0.8000000119
41674  29.517  -39.748  9.024 0.8999999762
43519  26.413  -37.339  10.075 0.6999999881
41675  28.582  -39.448  8.855 0.8999999762
43517  28.028  -38.062  11.065 0.8999999762
41655  28.998  -39.301  9.841 0.8999999762
42582  29.461  -38.961  10.905 0.8999999762
44519  26.035  -36.677  10.435 0.6000000238
43532  26.809  -37.891  9.522 0.8000000119
42583  28.509  -38.672  10.525 0.8999999762
42564  28.957  -38.259  11.313 0.8999999762
43501  29.449  -37.539  11.483 0.8999999762
43500  30.252  -37.515  11.417 0.8999999762
42597  41.901  -38.595  10.203 0.5000000000
41647  40.447  -39.525  10.549 0.5000000000
41634  39.976  -39.211  11.148 0.5000000000
40782  39.740  -40.649  10.591 0.6000000238
141294  39.467  -41.022  11.068 0.5000000000
40772  39.416  -40.357  11.391 0.5000000000
39148  39.442  -42.171  10.677 0.6000000238
45601  25.640  -35.936  10.690 0.6000000238
44518  26.825  -37.027  11.028 0.8999999762
44506  28.158  -36.751  11.515 0.8999999762
43518  27.200  -37.659  10.557 0.8999999762
43502  28.533  -37.506  11.441 0.8999999762
45586  29.450  -36.082  11.381 0.8999999762
43513  42.059  -37.079  10.865 0.5000000000
44499  41.546  -36.580  11.468 0.5000000000
43512  42.709  -37.242  10.394 0.5000000000
42558  40.757  -38.075  11.257 0.5000000000
43498  41.275  -37.435  11.245 0.5000000000
42575  42.225  -37.894  10.401 0.5000000000
42576  41.390  -38.217  10.725 0.5000000000
45588  27.223  -35.175  11.572 0.8999999762
147435  26.163  -35.212  11.292 0.6999999881
139739  27.716  -36.017  11.549 0.8999999762
46560  28.279  -35.134  11.415 0.8999999762
45587  28.668  -36.010  11.467 0.8999999762
45600  29.298  -35.205  11.189 0.8999999762
45597  42.827  -35.818  10.868 0.5000000000
45583  41.707  -35.784  11.678 0.5000000000
45596  43.277  -36.177  10.470 0.5000000000
43530  43.417  -36.881  10.104 0.5000000000
46576  27.803  -34.118  11.351 0.8999999762
46575  28.795  -34.272  10.989 0.8999999762
46571  42.975  -35.045  11.072 0.5000000000
46569  44.344  -34.215  10.331 0.5000000000
47525  43.712  -33.847  10.882 0.5000000000
45595  44.161  -35.202  10.199 0.5000000000
47524  44.845  -33.343  10.229 0.4000000060
49622  25.463  -31.034  10.549 0.6000000238
50687  24.909  -30.455  10.341 0.6000000238
49621  26.342  -30.960  9.953 0.8000000119
49637  25.812  -30.418  9.803 0.6999999881
50704  25.314  -29.898  9.755 0.6999999881
51796  25.372  -29.282  9.522 0.6999999881
52734  24.565  -28.447  9.908 0.6999999881
49636  26.602  -30.561  9.367 0.8000000119
49620  26.967  -31.070  9.360 0.8000000119
143429  26.052  -29.735  9.348 0.6999999881
51795  25.885  -29.238  9.343 0.6999999881
147196  25.515  -28.577  9.525 0.6999999881
52732  26.039  -28.781  9.359 0.6999999881
53701  25.933  -28.116  9.662 0.6999999881
51812  27.844  -30.035  8.816 0.8000000119
51793  27.423  -29.206  9.323 0.8000000119
50719  27.980  -30.854  8.429 0.8000000119
53700  26.691  -27.410  9.834 0.6999999881
52731  27.463  -27.942  9.781 0.6999999881
52730  28.379  -28.417  9.681 0.8000000119
51811  28.304  -30.513  8.574 0.8000000119
53699  28.411  -27.233  9.661 0.6999999881
156829  29.139  -27.638  9.642 0.8000000119
54679  29.048  -25.919  8.536 0.6000000238
51791  29.839  -29.494  9.436 0.8000000119
145546  29.399  -28.549  9.652 0.8000000119
54678  29.652  -25.680  7.622 0.6000000238
55648  29.402  -25.104  6.995 0.6000000238
53719  29.934  -26.385  8.563 0.8000000119
54690  30.353  -25.532  6.996 0.6000000238
53696  30.830  -27.727  9.276 0.8000000119
155762  29.578  -24.824  6.750 0.6000000238
152694  30.586  -26.249  7.689 0.6999999881
54705  30.970  -25.442  6.626 0.6000000238
154274  31.689  -24.688  6.307 0.6999999881
56598  30.355  -24.557  6.540 0.6000000238
56597  30.930  -24.844  6.475 0.6000000238
55659  31.963  -25.387  6.315 0.6999999881
149282  34.267  -55.053  15.965 0.4000000060
27576  33.723  -54.706  14.687 0.5000000000
28513  33.714  -53.668  14.328 0.5000000000
29519  32.003  -53.040  11.855 0.5000000000
42563  29.918  -38.263  11.338 0.8999999762
47542  45.461  -33.606  9.592 0.3000000119
50720  27.219  -30.427  8.903 0.8000000119
28565  32.345  -54.066  10.371 0.5000000000
27602  33.059  -54.047  12.771 0.5000000000
42584  27.604  -38.299  9.992 0.8000000119
51813  27.158  -29.953  8.917 0.8000000119
51794  26.575  -29.300  9.258 0.6999999881
51792  28.571  -29.629  9.204 0.8000000119
144085  27.629  -26.541  9.631 0.6999999881
53698  29.233  -26.733  9.301 0.6999999881
35600  37.242  -46.820  7.770 0.4000000060
134090  37.593  -45.262  6.370 0.4000000060
36597  38.412  -45.475  7.645 0.4000000060
37496  39.439  -44.430  9.325 0.5000000000
142552  38.151  -44.555  6.627 0.4000000060
36609  37.714  -44.506  5.544 0.4000000060
38332  39.472  -43.478  9.775 0.5000000000
151885  39.475  -42.721  10.105 0.5000000000
145341  39.432  -42.887  7.739 0.5000000000
38352  39.176  -43.464  7.603 0.4000000060
37504  39.253  -44.217  8.110 0.4000000060
38373  38.275  -43.100  5.705 0.4000000060
38363  38.738  -42.964  6.623 0.4000000060
36596  38.809  -44.679  7.611 0.4000000060
38391  38.577  -42.982  5.319 0.4000000060
40796  40.018  -41.095  9.660 0.5000000000
39166  39.603  -42.638  9.013 0.5000000000
39992  39.588  -41.960  6.214 0.4000000060
39189  39.591  -42.177  5.564 0.4000000060
39989  43.208  -41.082  5.404 0.4000000060
151576  40.961  -42.112  5.354 0.4000000060
39205  39.676  -42.378  5.349 0.4000000060
39188  42.939  -42.152  6.030 0.4000000060
39203  41.927  -42.164  5.643 0.4000000060
39954  39.897  -41.866  8.871 0.5000000000
39963  40.166  -41.857  7.872 0.4000000060
42640  50.460  -37.503  3.371 0.3000000119
39977  39.803  -42.024  7.080 0.4000000060
42624  48.806  -38.478  4.972 0.3000000119
39991  40.264  -41.773  5.848 0.4000000060
41714  49.722  -39.035  5.532 0.3000000119
41715  48.301  -38.944  5.583 0.3000000119
41706  47.135  -39.735  6.096 0.3000000119
40835  44.793  -40.677  5.786 0.3000000119
40002  43.994  -40.389  4.940 0.4000000060
39202  41.992  -41.266  5.550 0.4000000060
132973  41.282  -41.709  5.506 0.4000000060
40834  46.904  -40.519  6.490 0.3000000119
145852  45.710  -40.447  6.074 0.3000000119
39988  44.318  -41.260  6.119 0.4000000060
40794  41.264  -40.380  9.279 0.4000000060
40795  40.785  -41.006  8.971 0.4000000060
40826  41.785  -41.092  7.154 0.4000000060
40811  41.582  -40.874  8.409 0.4000000060
43563  49.388  -37.082  3.219 0.3000000119
43565  47.792  -36.876  3.440 0.3000000119
154074  49.084  -38.148  4.355 0.3000000119
42625  47.403  -38.506  4.433 0.3000000119
41717  45.510  -39.005  4.002 0.3000000119
41718  44.658  -39.343  4.283 0.4000000060
41720  43.315  -40.058  4.886 0.4000000060
40847  42.122  -40.988  5.456 0.4000000060
41716  47.277  -39.144  5.280 0.3000000119
144949  46.296  -39.381  4.890 0.3000000119
40845  44.762  -40.097  4.846 0.3000000119
41669  40.890  -39.910  9.925 0.4000000060
43548  46.456  -36.832  5.097 0.3000000119
152287  45.933  -37.299  5.941 0.3000000119
42615  44.550  -38.765  6.161 0.4000000060
43546  45.075  -38.101  7.327 0.4000000060
41686  44.053  -39.291  7.090 0.4000000060
41688  42.810  -39.965  8.415 0.4000000060
44551  47.237  -36.617  3.853 0.3000000119
43553  45.966  -37.634  4.319 0.3000000119
43549  45.282  -38.164  4.543 0.3000000119
42619  44.722  -38.581  4.814 0.4000000060
41701  43.350  -39.813  6.313 0.4000000060
40809  42.935  -40.233  7.141 0.4000000060
42635  46.332  -37.855  3.874 0.3000000119
42620  44.193  -39.015  4.685 0.4000000060
41709  43.125  -39.861  5.026 0.4000000060
40825  42.390  -40.661  6.482 0.4000000060
42634  47.062  -37.957  3.863 0.3000000119
133283  45.604  -38.369  3.960 0.3000000119
41708  43.838  -39.523  4.635 0.4000000060
40837  42.481  -40.698  5.462 0.4000000060
43529  44.243  -36.721  9.540 0.4000000060
43542  43.859  -37.554  9.447 0.4000000060
43531  43.057  -37.761  9.896 0.4000000060
155498  41.953  -39.086  9.806 0.4000000060
44541  45.806  -36.847  7.436 0.3000000119
150409  44.245  -38.149  8.753 0.4000000060
41667  43.185  -39.225  8.900 0.4000000060
136323  42.390  -39.473  9.267 0.4000000060
43545  45.539  -37.573  7.046 0.4000000060
156049  44.787  -37.920  8.261 0.4000000060
42609  43.906  -38.927  8.376 0.4000000060
41689  42.046  -40.203  8.880 0.4000000060
148210  26.830  -26.357  9.736 0.6000000238
54664  25.668  -26.528  9.968 0.6000000238
54691  28.757  -25.289  7.738 0.5000000000
54662  27.356  -25.515  9.198 0.5000000000
55642  27.943  -25.003  8.157 0.5000000000
55661  29.012  -24.650  6.825 0.5000000000
131310  29.683  -24.608  6.653 0.5000000000
56612  30.410  -24.024  6.463 0.5000000000
57532  31.228  -23.570  6.351 0.4000000060
65302  37.755  -14.959  5.536 0.3000000119
66329  37.111  -14.941  4.926 0.3000000119
66346  36.353  -14.860  4.519 0.3000000119
66314  39.284  -14.095  7.092 0.3000000119
66315  38.785  -14.211  6.406 0.3000000119
66327  38.225  -14.296  5.756 0.3000000119
67286  38.082  -13.772  5.426 0.3000000119
67296  37.122  -13.227  4.445 0.3000000119
67297  36.382  -13.854  4.242 0.3000000119
68270  36.470  -12.746  4.008 0.3000000119
148690  39.411  -12.801  6.674 0.3000000119
67278  39.156  -13.519  6.533 0.3000000119
67279  38.604  -13.648  5.903 0.3000000119
137340  38.304  -13.139  5.393 0.3000000119
67287  37.659  -13.538  4.958 0.3000000119
68268  37.890  -11.902  4.649 0.3000000119
68269  37.254  -12.342  4.293 0.3000000119
69210  36.020  -11.946  3.688 0.3000000119
69216  35.297  -11.281  3.642 0.3000000119
68237  39.593  -12.524  7.525 0.3000000119
155536  39.219  -12.339  6.152 0.3000000119
153474  38.946  -12.948  5.982 0.3000000119
68262  38.644  -12.186  5.410 0.3000000119
69208  37.792  -11.141  4.423 0.3000000119
150885  37.363  -11.622  4.197 0.3000000119
69209  36.790  -11.788  3.873 0.3000000119
69215  36.270  -11.088  3.577 0.3000000119
69172  39.603  -11.660  7.420 0.3000000119
70106  39.568  -11.253  6.716 0.3000000119
69198  39.291  -11.674  6.055 0.3000000119
69207  38.430  -11.326  4.971 0.3000000119
70130  37.717  -10.465  4.246 0.3000000119
70131  37.136  -10.900  3.859 0.3000000119
71108  36.923  -9.260  3.368 0.3000000119
70095  39.626  -10.898  7.446 0.3000000119
71070  39.530  -9.933  6.112 0.3000000119
140092  39.238  -10.206  5.577 0.3000000119
71096  38.904  -9.240  4.905 0.3000000119
70140  37.363  -9.927  3.820 0.3000000119
138575  39.607  -9.512  6.848 0.3000000119
138147  39.303  -9.544  5.513 0.3000000119
72190  39.003  -8.437  4.771 0.3000000119
139135  38.451  -8.927  4.409 0.3000000119
72167  39.587  -9.097  6.114 0.3000000119
73252  39.405  -7.949  5.352 0.3000000119
135925  39.571  -7.502  6.010 0.3000000119
39204  40.255  -42.500  5.327 0.4000000060
35611  36.980  -46.636  6.679 0.4000000060
36598  37.177  -45.851  6.114 0.4000000060
37538  38.579  -43.588  5.148 0.4000000060
37539  37.883  -44.410  5.286 0.4000000060
38371  43.746  -43.081  6.276 0.4000000060
143645  42.351  -43.552  5.809 0.4000000060
38389  40.430  -43.471  5.382 0.4000000060
42632  51.103  -38.935  4.751 0.3000000119
41713  50.661  -39.479  5.431 0.3000000119
41704  49.096  -39.402  6.074 0.3000000119
40833  47.990  -40.528  6.494 0.3000000119
39986  46.665  -41.540  6.627 0.3000000119
39987  45.469  -41.557  6.552 0.3000000119
136622  50.737  -38.177  3.992 0.3000000119
44557  48.568  -36.766  3.209 0.3000000119
44548  46.991  -36.360  4.697 0.3000000119
156665  48.316  -36.352  3.163 0.3000000119
45611  44.675  -35.811  9.548 0.4000000060
44529  45.281  -35.950  8.971 0.4000000060
44537  45.536  -36.398  8.358 0.4000000060
44540  46.315  -36.398  6.969 0.3000000119
44544  46.504  -36.489  6.118 0.3000000119
46584  44.810  -34.835  9.749 0.4000000060
53702  25.021  -28.210  9.800 0.6000000238
149602  39.602  -11.298  7.993 0.3000000119
71059  39.579  -10.006  7.702 0.3000000119
72158  39.568  -8.534  6.896 0.3000000119
73216  39.525  -7.708  7.354 0.3000000119
43562  51.225  -37.308  3.000 0.3000000119
35599  38.010  -46.364  8.305 0.4000000060
39990  41.089  -41.425  6.272 0.4000000060
43564  48.457  -37.355  3.537 0.3000000119
42596  43.516  -38.397  9.250 0.4000000060
69184  39.493  -12.047  6.748 0.3000000119
71097  38.183  -9.741  4.413 0.3000000119
71098  37.755  -8.973  3.838 0.3000000119
74268  39.527  -7.136  6.792 0.3000000119
34578  36.494  -47.926  6.837 0.3000000119
152877  36.695  -47.268  6.309 0.3000000119
35613  29.735  -46.656  6.947 0.6000000238
145066  29.465  -46.216  7.381 0.6999999881
36600  29.106  -46.153  7.953 0.6999999881
36610  37.385  -45.629  5.656 0.3000000119
27632  40.675  -54.762  10.321 0.3000000119
146578  39.685  -54.589  8.936 0.3000000119
37508  29.261  -44.204  8.977 0.6999999881
32627  37.010  -49.844  7.134 0.3000000119
137063  29.006  -45.066  9.017 0.6999999881
36584  29.146  -45.534  8.294 0.6999999881
32642  36.774  -48.837  5.922 0.3000000119
34588  36.967  -47.293  5.780 0.3000000119
34587  37.659  -47.557  5.494 0.3000000119
36623  40.043  -45.743  5.261 0.3000000119
148203  38.335  -46.897  5.373 0.3000000119
134262  37.460  -46.338  5.546 0.3000000119
36622  41.331  -45.799  5.057 0.3000000119
148035  40.121  -44.884  5.316 0.3000000119
36624  38.581  -45.104  5.245 0.3000000119
140149  38.658  -54.334  8.311 0.3000000119
29547  38.170  -52.606  8.060 0.4000000060
38356  29.271  -42.719  8.843 0.6999999881
149852  37.178  -50.580  6.407 0.3000000119
150692  29.398  -43.481  8.793 0.6999999881
136192  29.634  -43.974  8.192 0.6999999881
32641  37.362  -49.277  5.613 0.3000000119
33632  38.076  -48.697  5.419 0.3000000119
34586  39.538  -47.337  5.189 0.3000000119
36625  37.845  -44.849  5.297 0.3000000119
135277  42.403  -46.118  4.636 0.3000000119
131163  38.278  -53.562  8.351 0.4000000060
132236  28.408  -41.309  8.913 0.6999999881
30568  37.358  -52.461  5.964 0.3000000119
30563  37.431  -51.473  6.641 0.3000000119
31622  37.610  -50.329  5.535 0.3000000119
149069  37.264  -50.532  5.889 0.3000000119
148188  29.641  -42.314  8.289 0.6999999881
33631  39.414  -49.243  5.039 0.3000000119
38355  29.724  -43.095  8.230 0.6999999881
37535  41.805  -44.367  5.479 0.3000000119
37537  39.602  -43.903  5.219 0.3000000119
36621  42.930  -45.632  4.723 0.3000000119
39966  29.161  -40.841  8.440 0.6999999881
30574  37.670  -51.426  5.505 0.3000000119
31620  39.718  -50.874  5.118 0.3000000119
31621  38.586  -51.087  5.160 0.3000000119
39168  29.883  -41.541  7.997 0.6999999881
140017  43.122  -44.694  5.277 0.3000000119
30573  38.204  -52.346  5.197 0.3000000119
147393  29.738  -40.329  8.305 0.6999999881
38388  43.432  -43.843  5.833 0.3000000119
46591  45.881  -34.806  8.759 0.3000000119
136778  30.248  -48.757  6.252 0.5000000000
34575  28.885  -47.457  7.852 0.6999999881
34574  29.479  -47.478  6.992 0.6000000238
33624  29.007  -48.251  7.521 0.6000000238
34581  30.189  -47.087  6.576 0.6000000238
37499  28.672  -44.382  9.730 0.6999999881
38346  28.806  -43.377  9.447 0.6999999881
27664  39.256  -54.690  7.888 0.3000000119
39160  27.925  -42.821  9.807 0.6999999881
28589  38.316  -54.111  7.698 0.4000000060
40815  28.242  -40.201  8.671 0.6999999881
28605  37.674  -54.011  5.876 0.4000000060
29565  37.960  -53.531  7.039 0.4000000060
41695  27.712  -39.383  8.682 0.6999999881
29577  38.006  -53.423  5.141 0.3000000119
29576  38.363  -53.727  5.039 0.3000000119
29571  39.640  -53.428  5.991 0.3000000119
146098  36.528  -48.624  6.515 0.3000000119
35614  29.198  -46.793  7.546 0.6000000238
30572  39.007  -51.969  5.118 0.3000000119
27695  38.276  -54.398  5.580 0.3000000119
29532  31.849  -52.533  8.716 0.5000000000
31613  31.749  -50.258  6.887 0.5000000000
130925  31.917  -51.175  6.875 0.5000000000
139876  31.564  -51.080  8.776 0.4000000060
28578  27.551  -52.757  10.483 0.4000000060
28568  26.193  -53.280  10.586 0.5000000000
32625  31.624  -49.730  7.975 0.4000000060
31607  31.745  -50.698  7.900 0.5000000000
32634  31.525  -49.893  6.130 0.5000000000
27640  24.744  -54.132  10.499 0.4000000060
26823  23.377  -55.490  10.537 0.4000000060
28567  27.049  -53.278  10.701 0.5000000000
32635  30.867  -49.366  5.988 0.4000000060
26835  23.071  -54.897  9.865 0.4000000060
26824  22.702  -55.805  10.380 0.4000000060
27652  24.804  -53.360  10.061 0.4000000060
28579  26.383  -52.827  10.453 0.5000000000
143056  25.499  -53.062  10.251 0.4000000060
29534  28.158  -52.181  10.169 0.5000000000
31608  28.772  -50.375  8.449 0.4000000060
151221  29.639  -49.076  6.511 0.5000000000
31615  29.018  -49.925  7.506 0.4000000060
151947  28.754  -49.739  8.175 0.4000000060
32631  29.183  -49.071  7.166 0.4000000060
148517  22.254  -55.233  9.699 0.4000000060
28583  20.106  -53.253  9.597 0.4000000060
143427  24.341  -53.165  9.585 0.4000000060
30549  21.547  -51.243  9.513 0.4000000060
136437  25.573  -52.537  10.108 0.5000000000
28580  24.813  -52.848  9.796 0.4000000060
30560  22.433  -51.355  9.264 0.4000000060
29535  26.758  -52.193  10.360 0.5000000000
33610  23.575  -49.059  9.633 0.4000000060
130876  22.846  -50.082  9.388 0.4000000060
30545  27.651  -51.467  10.172 0.5000000000
143841  27.815  -50.776  10.002 0.5000000000
33603  24.175  -47.949  10.351 0.4000000060
34553  23.568  -47.250  10.320 0.4000000060
30544  28.479  -50.960  9.400 0.5000000000
31594  28.302  -50.260  9.476 0.6000000238
32614  28.537  -49.643  8.812 0.6000000238
32626  28.744  -49.076  8.068 0.5000000000
28596  20.361  -53.893  9.255 0.4000000060
29557  20.762  -53.086  9.267 0.4000000060
27655  22.665  -54.370  9.267 0.4000000060
30561  22.070  -52.108  9.182 0.4000000060
150689  25.782  -51.249  10.022 0.5000000000
29536  24.851  -52.280  9.650 0.4000000060
30559  22.991  -51.947  9.058 0.4000000060
31596  26.844  -50.884  10.266 0.5000000000
32617  23.925  -49.900  9.464 0.4000000060
31609  23.022  -50.928  9.211 0.4000000060
31595  27.577  -50.245  10.134 0.5000000000
32615  28.095  -49.595  9.724 0.5000000000
35576  23.950  -46.475  10.500 0.4000000060
134543  28.393  -48.909  9.072 0.6000000238
33618  28.586  -48.124  8.479 0.6000000238
137112  21.179  -53.584  9.004 0.4000000060
29537  24.180  -52.707  9.346 0.4000000060
29555  22.533  -52.879  8.954 0.4000000060
29554  23.190  -52.691  9.002 0.4000000060
31597  24.305  -50.862  9.313 0.4000000060
31585  26.805  -50.203  10.408 0.5000000000
32608  24.389  -49.343  9.853 0.4000000060
155788  24.029  -48.629  9.974 0.4000000060
34552  24.468  -47.186  10.686 0.4000000060
35602  28.831  -46.785  8.275 0.6000000238
34569  28.639  -47.375  8.546 0.6000000238
33608  28.383  -47.626  9.267 0.6000000238
27656  21.770  -54.739  9.185 0.4000000060
27668  22.253  -54.010  8.974 0.4000000060
29553  23.662  -52.282  9.112 0.4000000060
30548  23.654  -51.371  9.142 0.4000000060
31586  25.831  -50.413  10.227 0.5000000000
149230  25.098  -50.855  9.692 0.5000000000
32616  24.764  -50.160  9.708 0.5000000000
32607  25.373  -49.565  10.303 0.5000000000
155532  27.506  -48.503  10.541 0.5000000000
32606  26.414  -49.666  10.572 0.5000000000
33601  26.041  -48.974  10.816 0.5000000000
33602  24.954  -48.663  10.510 0.4000000060
33609  27.876  -48.856  10.076 0.6000000238
34551  25.503  -47.170  11.113 0.5000000000
35575  24.920  -46.366  10.856 0.4000000060
36585  28.802  -46.014  8.906 0.6000000238
35591  28.552  -46.872  9.137 0.6000000238
34549  27.528  -47.413  10.725 0.6000000238
33600  27.110  -48.157  10.979 0.5000000000
144208  25.966  -48.127  11.104 0.5000000000
34561  28.162  -47.124  10.084 0.6000000238
35573  27.481  -46.487  10.837 0.6000000238
34550  26.656  -47.266  11.177 0.5000000000
36570  28.527  -45.319  9.855 0.6000000238
40799  26.520  -40.890  9.525 0.5000000000
39957  26.994  -41.616  9.631 0.6000000238
38348  26.424  -43.177  10.259 0.5000000000
38347  27.287  -43.210  10.197 0.6000000238
38336  25.908  -43.851  10.435 0.5000000000
35592  28.361  -46.242  9.989 0.6000000238
36554  27.001  -45.651  10.986 0.5000000000
35574  26.167  -46.212  11.160 0.5000000000
36555  26.225  -45.222  10.869 0.5000000000
148563  25.399  -44.617  10.555 0.5000000000
40816  27.252  -40.018  8.918 0.5000000000
41676  26.639  -38.898  8.857 0.5000000000
39967  27.527  -40.969  9.182 0.6000000238
37488  27.085  -44.910  10.727 0.6000000238
136799  28.028  -43.707  10.146 0.6000000238
37500  27.952  -44.629  10.381 0.6000000238
31624  31.483  -50.605  5.768 0.4000000060
32636  30.002  -49.503  6.034 0.4000000060
33626  31.204  -48.298  6.571 0.5000000000
131793  31.256  -48.989  6.406 0.4000000060
138062  31.851  -51.679  7.968 0.5000000000
30564  31.910  -51.749  6.068 0.5000000000
138540  32.064  -51.961  6.865 0.5000000000
133312  31.852  -50.788  6.076 0.5000000000
27653  24.174  -53.703  9.797 0.4000000060
28581  23.811  -53.343  9.343 0.4000000060
147942  22.219  -49.885  9.598 0.4000000060
34562  23.281  -48.098  9.943 0.4000000060
29538  23.540  -52.999  9.093 0.4000000060
149837  24.257  -51.864  9.290 0.4000000060
36571  27.783  -45.536  10.542 0.6000000238
29540  20.306  -52.492  9.678 0.3000000119
32619  22.500  -49.358  9.608 0.3000000119
31599  21.583  -50.244  9.736 0.3000000119
34554  22.752  -47.203  10.173 0.3000000119
32620  21.679  -49.372  9.877 0.3000000119
33612  22.067  -48.659  9.866 0.3000000119
33613  21.456  -48.652  10.178 0.3000000119
25066  38.933  -57.202  13.663 0.5000000000
25877  36.114  -56.100  16.260 0.5000000000
25891  37.505  -55.866  14.970 0.6000000238
25892  36.856  -56.085  15.675 0.5000000000
25915  38.635  -56.584  13.927 0.5000000000
25931  39.781  -56.304  12.760 0.5000000000
25961  22.535  -56.648  10.541 0.4000000060
26747  34.055  -55.879  16.121 0.4000000060
26770  38.245  -55.088  13.757 0.6000000238
26801  39.135  -54.705  11.588 0.4000000060
26814  41.343  -54.988  10.777 0.4000000060
27561  36.009  -54.797  16.263 0.6000000238
27573  37.115  -54.468  15.288 0.6999999881
27601  37.894  -54.676  14.171 0.6000000238
27615  38.422  -54.399  12.747 0.6000000238
27639  25.610  -53.736  10.651 0.5000000000
27641  23.904  -54.664  10.327 0.4000000060
27648  39.977  -54.588  9.819 0.4000000060
27654  23.466  -54.045  9.516 0.4000000060
27682  37.906  -54.473  6.095 0.3000000119
27696  37.955  -54.283  5.444 0.3000000119
27700  38.509  -54.310  5.414 0.3000000119
27701  38.155  -54.206  5.227 0.3000000119
28481  35.802  -54.135  16.122 0.6000000238
28482  35.065  -54.064  16.113 0.6000000238
28497  34.116  -53.987  15.161 0.6000000238
28511  37.406  -53.377  14.554 0.6999999881
28526  38.088  -52.862  12.961 0.6000000238
28582  23.089  -53.619  9.098 0.4000000060
28593  23.044  -53.173  8.952 0.4000000060
28594  22.617  -53.477  8.945 0.4000000060
28595  21.931  -53.566  8.926 0.4000000060
28604  38.139  -54.276  6.572 0.4000000060
28614  37.879  -53.978  5.278 0.3000000119
28619  38.588  -53.897  4.966 0.3000000119
28620  38.133  -53.940  5.051 0.3000000119
29478  36.419  -52.189  14.986 0.6000000238
29494  33.335  -52.315  14.058 0.6000000238
29505  38.336  -52.188  12.367 0.4000000060
29518  38.473  -52.575  11.556 0.5000000000
29525  31.959  -53.294  10.915 0.5000000000
29539  21.125  -52.237  9.382 0.4000000060
29548  37.677  -52.456  6.912 0.4000000060
29556  21.610  -52.937  9.028 0.4000000060
29566  37.483  -53.222  6.139 0.4000000060
29572  38.878  -53.617  5.171 0.3000000119
29573  37.635  -53.346  5.610 0.3000000119
29574  31.832  -52.688  5.837 0.5000000000
30486  37.210  -51.427  14.086 0.6000000238
30542  38.565  -52.412  9.841 0.5000000000
30543  31.579  -51.743  9.278 0.5000000000
30546  26.511  -51.597  10.222 0.5000000000
30547  25.700  -51.958  9.943 0.5000000000
30567  39.251  -52.552  5.350 0.3000000119
31527  36.744  -50.835  14.104 0.6000000238
31545  33.498  -50.347  13.899 0.8000000119
31573  37.864  -50.173  11.417 0.4000000060
31574  30.821  -50.746  12.009 0.6999999881
31582  38.045  -50.225  10.500 0.4000000060
31593  31.441  -50.327  8.930 0.5000000000
31598  22.315  -50.584  9.436 0.4000000060
31606  37.800  -50.444  8.559 0.4000000060
31612  36.901  -49.814  6.310 0.3000000119
31617  37.362  -51.501  5.883 0.3000000119
31623  37.007  -49.657  5.876 0.3000000119
32571  31.690  -49.996  13.400 0.8000000119
32605  27.345  -49.626  10.386 0.5000000000
32611  37.369  -49.723  9.112 0.4000000060
32618  23.206  -49.578  9.457 0.4000000060
32628  36.644  -49.222  6.880 0.3000000119
32629  31.588  -49.361  6.903 0.5000000000
32633  36.711  -49.226  6.235 0.3000000119
32639  39.572  -50.243  4.991 0.3000000119
32640  38.413  -49.838  5.292 0.3000000119
33569  33.059  -49.018  13.517 0.6999999881
33584  35.120  -48.607  12.452 0.6999999881
33586  31.092  -48.814  12.835 0.8000000119
33594  30.662  -48.485  11.120 0.6999999881
33597  36.298  -48.679  10.116 0.4000000060
33598  31.104  -48.004  9.531 0.6999999881
33599  30.865  -48.561  10.282 0.6999999881
33606  36.471  -48.646  9.153 0.4000000060
33611  22.818  -48.762  9.687 0.4000000060
33621  36.502  -48.547  7.461 0.4000000060
33623  29.578  -48.386  6.735 0.6000000238
33627  30.902  -48.500  6.325 0.4000000060
33628  30.375  -47.841  6.450 0.5000000000
33633  37.073  -48.269  5.658 0.3000000119
34511  34.167  -48.143  13.373 0.6999999881
34512  32.768  -47.666  13.619 0.8000000119
34541  31.022  -46.731  12.155 0.8000000119
34545  37.141  -47.062  10.554 0.6000000238
34559  36.372  -47.990  9.506 0.4000000060
34560  31.304  -47.350  9.102 0.8999999762
34563  22.289  -47.856  9.996 0.3000000119
34571  36.710  -47.318  7.252 0.3000000119
34573  31.436  -47.713  6.893 0.8000000119
34589  36.595  -48.019  6.050 0.3000000119
35509  35.912  -46.132  14.164 0.6999999881
35511  34.304  -45.899  14.222 0.8000000119
35529  36.442  -46.486  13.449 0.6999999881
35548  32.238  -45.877  13.235 0.8000000119
35559  38.269  -46.101  11.484 0.6000000238
35588  38.148  -46.501  9.455 0.5000000000
35601  31.628  -46.303  8.209 0.8999999762
35610  37.529  -46.076  7.145 0.4000000060
35622  31.230  -46.941  6.664 0.6999999881
35623  31.040  -46.317  6.559 0.6999999881
35624  30.445  -46.462  6.621 0.6999999881
35631  41.343  -46.710  4.808 0.3000000119
35633  39.279  -46.232  5.278 0.3000000119
35634  38.137  -45.810  5.309 0.3000000119
36505  36.339  -45.428  14.293 0.6999999881
36522  36.581  -45.879  13.915 0.6999999881
36541  39.113  -45.195  10.964 0.6000000238
36543  31.842  -44.801  11.623 0.8000000119
36556  25.274  -45.514  10.777 0.5000000000
36599  29.523  -45.500  7.557 0.6999999881
36611  31.204  -45.675  6.700 0.6999999881
36613  29.950  -45.940  6.949 0.6000000238
36626  37.679  -44.955  5.465 0.4000000060
37445  36.841  -44.889  14.334 0.6999999881
37446  36.099  -44.760  14.499 0.8000000119
37448  34.838  -44.227  14.350 0.8000000119
37461  38.002  -44.536  13.539 0.6999999881
37480  38.929  -44.889  11.720 0.6999999881
37486  39.446  -44.177  10.222 0.6000000238
37489  26.319  -44.507  10.633 0.5000000000
37498  31.768  -44.894  9.758 0.8999999762
37507  29.384  -44.827  8.222 0.6999999881
37513  38.586  -43.779  6.926 0.4000000060
37514  38.011  -43.673  5.888 0.4000000060
37515  32.171  -44.345  7.200 0.8999999762
37522  30.400  -44.340  7.001 0.8000000119
37536  40.842  -44.635  5.374 0.3000000119
38308  38.425  -43.288  13.370 0.6999999881
38320  38.762  -43.659  12.649 0.6999999881
38322  33.471  -43.524  12.667 0.8000000119
38327  33.332  -43.054  10.949 0.8000000119
38335  27.008  -43.988  10.437 0.6000000238
38343  39.444  -43.521  8.631 0.5000000000
38345  32.777  -43.475  9.538 0.8999999762
38364  32.503  -43.107  6.954 0.8000000119
38372  42.846  -43.001  6.131 0.4000000060
38374  32.041  -43.298  6.658 0.8000000119
38390  39.343  -42.916  5.213 0.4000000060
38392  38.036  -43.705  5.269 0.4000000060
39113  37.553  -42.395  14.423 0.6999999881
39114  36.724  -42.486  14.702 0.8000000119
39116  35.190  -42.557  14.412 0.8000000119
39136  33.830  -42.808  12.313 0.8000000119
39141  39.296  -42.369  11.495 0.6999999881
39157  39.622  -41.934  9.809 0.5000000000
39158  33.677  -42.086  9.429 1.0000000000
39159  28.597  -42.318  9.250 0.6999999881
39161  26.962  -42.423  10.002 0.6000000238
39167  33.341  -41.884  8.108 1.0000000000
39169  27.738  -41.908  9.490 0.6000000238
39176  39.354  -42.403  6.819 0.4000000060
39177  33.022  -41.645  7.712 1.0000000000
39187  43.946  -42.164  6.384 0.4000000060
39190  38.886  -42.449  5.800 0.4000000060
39192  31.613  -42.675  6.644 0.8000000119
39193  31.035  -42.905  6.748 0.8000000119
39206  39.127  -42.533  5.363 0.4000000060
39909  36.053  -40.748  15.131 0.6999999881
39920  36.151  -41.661  14.905 0.6999999881
39931  38.382  -41.707  13.645 0.6999999881
39932  34.421  -41.742  13.459 0.8000000119
39946  39.577  -41.397  10.492 0.6000000238
39953  40.338  -41.496  8.697 0.5000000000
39955  33.842  -40.947  9.907 1.0000000000
39962  40.899  -41.442  7.781 0.4000000060
39965  29.837  -40.706  8.108 0.6999999881
39976  40.268  -41.731  6.790 0.4000000060
39978  32.700  -41.627  7.296 1.0000000000
39993  32.445  -41.837  6.952 0.8000000119
40003  41.644  -41.422  5.669 0.4000000060
40004  40.387  -41.968  5.404 0.4000000060
40731  36.103  -40.049  15.284 0.6999999881
40773  39.229  -41.109  11.693 0.6999999881
40781  40.244  -40.276  10.220 0.6000000238
40800  26.356  -39.772  9.231 0.5000000000
40810  42.356  -40.611  7.842 0.4000000060
40814  30.334  -40.645  7.895 0.8000000119
40824  42.774  -40.253  5.665 0.4000000060
40828  31.578  -40.927  7.434 0.8000000119
40829  30.942  -40.939  7.395 0.8000000119
40836  42.812  -40.299  5.105 0.4000000060
40838  41.898  -41.009  5.910 0.4000000060
40843  50.027  -39.942  5.933 0.3000000119
40844  45.403  -39.647  4.728 0.3000000119
40846  42.577  -40.718  5.356 0.4000000060
41587  35.718  -39.486  15.317 0.6999999881
41599  34.977  -39.566  15.043 0.6999999881
41623  39.176  -39.674  12.068 0.6000000238
41646  41.268  -39.118  10.267 0.5000000000
41648  39.847  -39.912  10.841 0.5000000000
41652  32.093  -39.356  10.206 1.0000000000
41668  41.631  -39.684  9.586 0.4000000060
41687  43.499  -39.678  7.832 0.4000000060
41690  32.129  -40.321  8.814 0.8999999762
41694  28.448  -39.620  8.721 0.8000000119
41696  27.066  -39.314  8.747 0.6999999881
41700  43.785  -39.384  5.463 0.4000000060
41705  48.167  -39.606  6.206 0.3000000119
41707  46.304  -39.946  5.788 0.3000000119
41719  44.123  -39.631  4.519 0.4000000060
42522  34.648  -38.854  14.767 0.8000000119
42523  34.106  -38.774  14.049 0.8000000119
42533  38.429  -38.758  13.559 0.6000000238
42559  39.991  -38.375  11.656 0.6000000238
42562  30.995  -37.954  11.235 1.0000000000
42577  40.611  -38.744  10.911 0.5000000000
42608  44.524  -38.580  7.771 0.4000000060
42610  27.889  -39.010  8.696 0.6999999881
42611  27.259  -38.873  8.728 0.6999999881
42614  45.211  -38.105  5.983 0.3000000119
42623  49.921  -38.428  4.732 0.3000000119
42626  46.267  -38.436  3.957 0.3000000119
42627  44.775  -38.900  4.160 0.4000000060
42628  44.283  -39.277  4.385 0.4000000060
42633  48.226  -37.992  3.980 0.3000000119
43434  37.076  -37.483  15.160 0.6999999881
43466  38.697  -37.147  13.621 0.6000000238
43467  33.896  -37.889  13.757 0.8000000119
43485  39.685  -37.170  12.661 0.6000000238
43486  39.106  -37.522  13.100 0.6000000238
43487  33.586  -37.614  12.789 0.8999999762
43503  27.662  -37.325  11.297 0.8999999762
43540  45.248  -37.289  8.127 0.3000000119
43541  44.588  -37.384  8.907 0.4000000060
43556  49.443  -37.801  3.856 0.3000000119
43557  47.662  -37.527  3.689 0.3000000119
43558  47.050  -37.357  3.781 0.3000000119
44448  38.451  -36.459  14.074 0.6000000238
44449  37.792  -36.145  14.591 0.6999999881
44487  40.595  -36.390  12.303 0.6000000238
44498  42.223  -36.220  11.172 0.5000000000
44500  40.882  -36.842  11.821 0.6000000238
44504  30.037  -36.689  11.414 0.8999999762
44505  29.051  -36.778  11.511 0.8999999762
44507  27.382  -36.690  11.407 0.8999999762
44508  26.637  -36.168  11.291 0.8999999762
44515  42.747  -36.570  10.635 0.5000000000
44530  44.965  -36.608  8.964 0.4000000060
44531  43.915  -36.070  10.134 0.5000000000
44552  46.567  -37.105  4.060 0.3000000119
45557  34.171  -35.411  13.913 0.8999999762
45574  41.259  -35.408  12.172 0.6000000238
45575  33.296  -34.738  12.389 1.0000000000
45582  42.332  -35.412  11.385 0.5000000000
45610  45.331  -35.257  9.197 0.4000000060
45614  45.744  -35.614  8.549 0.4000000060
45617  37.255  -35.633  7.509 0.8000000119
45622  40.980  -35.852  5.821 0.5000000000
45623  40.426  -36.029  6.190 0.5000000000
45624  39.685  -36.165  6.593 0.6000000238
45627  36.645  -35.706  6.720 1.0000000000
45628  36.001  -35.556  6.190 1.0000000000
45632  46.775  -35.757  6.693 0.3000000119
45633  40.881  -35.694  5.346 0.5000000000
45637  37.177  -36.033  5.886 0.8999999762
45642  46.891  -36.085  5.688 0.3000000119
45643  40.246  -35.825  5.623 0.5000000000
45644  36.527  -35.708  5.749 0.8999999762
45648  47.625  -35.774  4.385 0.3000000119
45652  48.510  -35.777  3.123 0.3000000119
46518  38.018  -34.504  14.287 0.6999999881
46521  35.748  -34.731  14.460 0.8000000119
46537  34.379  -34.491  13.540 1.0000000000
46551  41.039  -34.548  12.546 0.6999999881
46556  43.099  -34.229  11.251 0.6000000238
46570  43.612  -34.672  10.692 0.5000000000
46590  46.434  -34.315  8.317 0.3000000119
46595  37.696  -35.212  8.296 0.8000000119
46603  39.713  -35.683  7.389 0.6999999881
46613  39.352  -35.939  5.820 0.6000000238
46617  35.456  -35.131  5.983 1.0000000000
46622  41.735  -34.485  4.396 0.5000000000
46623  41.436  -35.158  4.843 0.5000000000
46625  36.819  -35.463  5.640 0.8999999762
46626  36.112  -35.187  5.572 0.8999999762
46628  34.806  -34.598  5.990 1.0000000000
47463  36.863  -33.598  13.705 0.8000000119
47474  39.161  -33.712  13.653 0.6999999881
47494  41.983  -33.156  12.254 0.6999999881
47499  34.701  -33.406  12.671 1.0000000000
47509  37.078  -33.037  12.232 0.8000000119
47512  34.794  -32.927  12.138 1.0000000000
47513  33.482  -33.138  11.709 1.0000000000
47515  27.004  -33.533  11.410 0.8999999762
47532  30.570  -33.473  9.909 1.0000000000
47543  44.977  -34.095  9.862 0.3000000119
47547  37.442  -33.824  9.856 0.8000000119
47563  31.624  -33.483  7.308 1.0000000000
47567  29.081  -32.890  8.145 1.0000000000
47573  40.937  -34.680  7.468 0.6000000238
47575  38.152  -34.043  6.527 0.6999999881
47578  33.586  -34.068  6.575 1.0000000000
47581  30.446  -33.199  7.326 1.0000000000
47591  38.653  -35.128  6.081 0.6000000238
47594  34.109  -34.184  6.154 1.0000000000
47603  42.453  -34.041  4.620 0.5000000000
47607  34.130  -33.702  5.861 1.0000000000
47616  41.507  -34.139  4.360 0.5000000000
48499  38.572  -33.134  13.525 0.8000000119
48500  38.020  -32.815  13.197 0.8000000119
48518  39.555  -32.278  12.977 0.6999999881
48520  37.867  -32.641  12.458 0.6999999881
48533  25.716  -32.591  11.375 0.6999999881
48539  44.890  -32.496  10.414 0.5000000000
48541  43.808  -33.066  11.078 0.6000000238
48549  27.768  -32.160  9.988 0.8999999762
48560  45.504  -32.653  9.869 0.3000000119
48563  38.656  -33.034  10.186 0.6999999881
48564  35.404  -32.298  9.787 1.0000000000
48565  34.667  -31.944  9.481 1.0000000000
48567  32.205  -32.436  9.388 1.0000000000
48576  38.177  -32.546  7.715 0.6999999881
48580  32.249  -32.952  8.279 1.0000000000
48584  27.947  -31.643  8.544 0.8999999762
48591  41.908  -33.250  7.204 0.5000000000
48597  29.830  -33.061  7.474 1.0000000000
48619  43.135  -32.820  4.324 0.4000000060
48622  36.092  -33.818  5.449 0.8999999762
48623  35.540  -33.286  5.453 0.8999999762
48625  34.326  -32.681  5.647 1.0000000000
48633  42.526  -33.454  3.888 0.5000000000
48635  41.404  -33.314  4.221 0.5000000000
49589  41.546  -31.447  12.323 0.6999999881
49590  40.576  -31.057  12.229 0.6999999881
49591  39.178  -31.829  12.418 0.6999999881
49600  43.693  -31.630  11.344 0.6000000238
49616  44.452  -31.856  10.833 0.4000000060
49617  40.095  -31.007  10.607 0.6999999881
49630  46.488  -31.771  9.301 0.3000000119
49634  39.689  -31.628  10.373 0.6999999881
49635  27.222  -31.078  8.982 0.8000000119
49652  29.466  -32.405  7.721 1.0000000000
49654  27.722  -31.017  8.536 0.8000000119
49668  32.647  -32.115  6.772 1.0000000000
49691  35.063  -31.442  5.421 1.0000000000
49698  41.897  -32.190  3.352 0.4000000060
49705  43.318  -31.977  3.225 0.4000000060
49707  42.344  -31.943  3.002 0.4000000060
49713  43.216  -31.742  2.819 0.4000000060
49714  42.815  -31.592  2.716 0.4000000060
50668  43.318  -30.647  11.434 0.6999999881
50669  42.471  -30.679  11.790 0.6999999881
50683  44.372  -30.052  10.868 0.6000000238
50684  43.477  -29.740  11.052 0.6999999881
50695  46.707  -30.318  9.511 0.3000000119
50700  37.127  -30.150  9.262 0.5000000000
50702  29.268  -30.515  8.694 0.8999999762
50703  26.714  -30.241  9.160 0.8000000119
50708  42.028  -30.503  8.373 0.6000000238
50709  41.548  -30.390  9.157 0.6000000238
50713  36.769  -30.648  8.637 0.6000000238
50714  36.175  -30.246  8.255 0.6999999881
50721  26.627  -29.843  9.165 0.6999999881
50731  33.108  -29.948  7.600 0.8999999762
50739  35.524  -30.580  6.238 0.6999999881
50746  40.935  -31.064  5.188 0.4000000060
50749  34.340  -30.684  5.683 1.0000000000
50768  42.813  -30.806  2.493 0.4000000060
51757  41.992  -29.526  11.002 0.6999999881
51768  42.761  -29.324  10.770 0.6000000238
51769  42.270  -29.207  10.191 0.6000000238
51783  45.691  -29.356  10.171 0.5000000000
51785  41.745  -29.670  9.678 0.6000000238
51787  38.200  -29.627  9.652 0.5000000000
51788  37.520  -29.564  9.739 0.5000000000
51802  42.414  -29.655  8.339 0.5000000000
51804  40.100  -29.215  8.206 0.4000000060
51809  32.284  -29.317  8.746 0.8999999762
51810  31.514  -29.832  9.137 0.8999999762
51820  42.761  -29.753  7.526 0.5000000000
51821  40.398  -29.632  7.390 0.4000000060
51844  34.809  -29.808  5.576 0.8999999762
51851  45.457  -29.661  3.017 0.3000000119
51853  43.948  -30.452  4.117 0.4000000060
51862  41.584  -29.717  3.349 0.4000000060
51863  41.303  -29.433  3.854 0.4000000060
51872  42.123  -30.071  2.748 0.4000000060
51875  45.151  -29.467  1.632 0.3000000119
51876  44.251  -29.297  1.721 0.3000000119
52707  43.677  -28.643  10.225 0.6000000238
52722  43.984  -28.207  9.748 0.6000000238
52729  30.390  -28.432  9.520 0.8999999762
52733  25.205  -28.818  9.562 0.6999999881
52742  42.764  -28.844  8.879 0.6000000238
52746  35.600  -29.007  8.118 0.6999999881
52757  40.777  -28.397  7.396 0.4000000060
52765  43.631  -28.784  6.691 0.4000000060
52766  40.863  -28.879  6.707 0.3000000119
52777  44.551  -28.687  5.343 0.4000000060
52804  43.458  -28.909  2.002 0.3000000119
52810  44.722  -28.767  1.563 0.3000000119
53680  39.099  -27.744  10.358 0.4000000060
53682  37.652  -27.513  10.506 0.3000000119
53694  39.923  -27.428  10.097 0.3000000119
53697  30.032  -27.401  9.370 0.8000000119
53711  45.910  -27.295  8.850 0.5000000000
53714  40.690  -27.651  8.549 0.3000000119
53717  31.547  -26.940  7.966 0.8999999762
53723  45.257  -27.237  7.508 0.5000000000
53725  43.822  -28.003  8.087 0.6000000238
53737  44.661  -27.677  6.914 0.4000000060
53742  32.272  -26.364  6.543 0.8000000119
53749  46.421  -27.471  5.310 0.3000000119
53751  44.894  -27.928  5.930 0.4000000060
53753  41.208  -28.274  5.687 0.3000000119
53754  33.943  -27.698  5.508 0.6999999881
53781  44.072  -28.049  1.699 0.3000000119
54646  40.034  -26.805  10.461 0.3000000119
54649  37.346  -26.689  10.454 0.3000000119
54650  36.619  -26.495  9.763 0.4000000060
54661  28.524  -26.306  9.282 0.6999999881
54663  26.123  -26.961  9.897 0.6000000238
54672  47.125  -26.740  8.209 0.4000000060
54680  28.221  -25.575  8.799 0.6000000238
54703  34.219  -26.312  5.888 0.8000000119
55589  39.679  -25.469  11.137 0.4000000060
55590  38.989  -25.357  11.167 0.3000000119
55608  40.411  -25.554  10.834 0.3000000119
55649  28.540  -24.813  7.306 0.5000000000
55660  31.247  -25.172  6.464 0.6000000238
55669  32.223  -25.237  6.180 0.8000000119
56527  38.724  -24.508  11.059 0.3000000119
56564  37.369  -24.417  9.978 0.4000000060
56599  29.723  -24.193  6.549 0.5000000000
56609  32.941  -24.687  5.839 0.6999999881
56611  31.144  -24.473  6.419 0.6000000238
57484  37.160  -23.714  9.258 0.4000000060
57499  36.700  -23.368  8.377 0.4000000060
58325  40.363  -22.334  11.414 0.3000000119
58393  35.842  -22.856  7.019 0.4000000060
59202  39.421  -21.424  10.953 0.3000000119
59236  36.692  -21.900  7.733 0.4000000060
59262  35.130  -21.252  5.698 0.4000000060
59278  32.668  -20.887  5.552 0.5000000000
60185  38.887  -20.592  10.202 0.3000000119
60267  34.652  -19.617  4.828 0.4000000060
61098  40.153  -19.102  11.136 0.3000000119
61099  39.502  -19.229  10.541 0.3000000119
61109  38.468  -19.585  9.138 0.3000000119
61137  36.925  -19.418  6.854 0.3000000119
61177  34.520  -19.044  4.600 0.3000000119
62082  41.931  -18.625  11.297 0.3000000119
62113  38.317  -18.436  8.261 0.3000000119
63238  37.187  -17.384  6.160 0.3000000119
63239  36.437  -17.804  5.362 0.3000000119
64247  40.389  -16.735  10.924 0.3000000119
64267  38.948  -16.858  8.165 0.3000000119
64275  37.930  -17.184  7.025 0.3000000119
65268  39.340  -15.471  8.243 0.3000000119
66279  39.779  -14.892  9.720 0.3000000119
66303  39.366  -14.683  7.752 0.3000000119
66304  38.901  -14.803  6.957 0.3000000119
66328  37.629  -14.260  5.192 0.3000000119
66345  37.050  -14.113  4.664 0.3000000119
67263  39.498  -13.359  7.262 0.3000000119
69199  38.973  -11.352  5.514 0.3000000119
70084  39.598  -10.682  8.255 0.3000000119
70120  39.398  -10.802  5.967 0.3000000119
70121  38.893  -10.725  5.271 0.3000000119
70129  38.308  -10.580  4.706 0.3000000119
71084  38.822  -10.016  5.048 0.3000000119
72179  39.363  -8.753  5.432 0.3000000119
73228  39.551  -7.830  6.602 0.3000000119
129961  41.881  -45.357  5.148 0.3000000119
130042  32.939  -50.033  13.738 0.8000000119
131078  34.466  -49.499  13.262 0.6000000238
131771  37.000  -33.219  11.334 0.6999999881
131967  29.063  -33.549  10.105 1.0000000000
132082  39.620  -10.409  6.771 0.3000000119
132314  39.004  -44.469  5.176 0.3000000119
132391  40.932  -41.651  5.612 0.4000000060
132453  36.027  -36.149  15.110 0.8000000119
132537  23.512  -50.427  9.287 0.4000000060
132847  38.596  -53.069  5.070 0.3000000119
132865  39.182  -54.411  9.751 0.4000000060
133324  38.844  -48.033  5.283 0.3000000119
133508  38.093  -44.235  5.114 0.3000000119
134268  33.324  -53.828  13.492 0.4000000060
134326  38.768  -41.930  12.765 0.6999999881
134545  41.174  -32.937  12.666 0.6999999881
134957  39.619  -11.912  8.212 0.3000000119
135287  40.523  -37.561  11.720 0.6000000238
135719  41.456  -23.123  11.154 0.4000000060
135990  41.217  -42.965  5.551 0.4000000060
136043  31.681  -25.653  6.493 0.6999999881
136048  31.819  -24.240  6.236 0.6999999881
136162  43.666  -31.372  3.609 0.4000000060
136544  33.221  -25.845  5.797 0.8000000119
136784  39.615  -13.897  8.529 0.4000000060
136792  42.968  -29.211  2.226 0.4000000060
136819  35.241  -29.143  6.458 0.6999999881
136833  37.639  -52.483  5.547 0.3000000119
137282  24.948  -51.549  9.599 0.5000000000
137336  27.895  -48.000  10.181 0.6000000238
137442  36.972  -35.111  14.724 0.8000000119
137648  46.457  -38.891  4.302 0.3000000119
137752  39.326  -43.659  11.301 0.6999999881
138152  26.126  -30.176  9.428 0.6999999881
138316  32.723  -32.109  10.024 1.0000000000
138505  39.774  -42.313  7.893 0.4000000060
138787  36.992  -46.827  12.083 0.6000000238
138825  34.075  -32.134  8.814 1.0000000000
139494  35.574  -24.946  7.392 0.6000000238
140068  43.559  -30.448  2.301 0.4000000060
140171  37.432  -21.032  8.310 0.3000000119
140265  27.049  -48.965  10.793 0.5000000000
140541  38.356  -14.903  6.240 0.3000000119
140578  37.822  -12.729  4.815 0.3000000119
140604  37.612  -45.378  5.470 0.3000000119
140830  39.450  -31.293  7.799 0.4000000060
140970  26.565  -28.555  9.508 0.6999999881
141011  29.175  -41.810  8.633 0.6999999881
141100  35.313  -23.048  6.502 0.4000000060
141153  37.454  -40.795  14.598 0.6999999881
141197  40.466  -32.835  12.961 0.6999999881
141334  37.393  -38.072  14.902 0.6999999881
141340  38.527  -33.866  9.524 0.6999999881
141455  39.575  -39.643  11.399 0.5000000000
141786  24.854  -28.918  9.661 0.6999999881
142020  39.582  -8.276  6.044 0.3000000119
142354  34.858  -20.371  5.195 0.4000000060
142439  40.379  -34.170  13.109 0.6999999881
142660  40.925  -34.147  4.732 0.5000000000
142745  30.297  -24.993  6.639 0.6000000238
143224  39.484  -17.196  9.921 0.3000000119
143257  40.370  -26.289  10.505 0.3000000119
143310  35.711  -38.040  15.326 0.8000000119
143613  35.897  -47.609  12.272 0.6000000238
143737  38.934  -36.411  6.285 0.6999999881
143746  37.908  -36.835  14.480 0.6000000238
143880  33.767  -22.959  5.831 0.5000000000
144005  32.798  -46.431  13.684 0.8000000119
144344  37.076  -19.883  7.341 0.3000000119
144348  45.614  -30.991  10.212 0.4000000060
144389  34.487  -41.162  13.886 0.8000000119
144701  43.047  -31.939  5.936 0.5000000000
144901  44.662  -28.023  9.627 0.6000000238
144931  38.981  -54.461  8.875 0.3000000119
146061  44.855  -42.173  6.537 0.3000000119
146464  43.455  -35.496  10.566 0.5000000000
146726  44.220  -33.452  10.647 0.5000000000
146894  45.284  -27.251  8.296 0.4000000060
147227  42.608  -38.629  9.696 0.4000000060
147650  25.464  -27.726  9.850 0.6000000238
147960  39.317  -34.988  13.698 0.6999999881
148665  32.189  -40.960  7.609 0.8999999762
148732  36.970  -46.439  5.894 0.3000000119
148760  24.983  -47.833  10.813 0.4000000060
149043  31.060  -48.068  12.703 0.8000000119
149153  37.422  -45.224  5.655 0.4000000060
149768  36.905  -50.420  13.579 0.6000000238
149781  34.104  -40.561  11.460 0.8999999762
149922  34.184  -40.732  12.257 0.8000000119
150160  31.491  -41.228  7.098 0.8000000119
150565  40.608  -40.523  9.624 0.4000000060
150630  43.255  -31.958  5.069 0.4000000060
150984  28.283  -48.289  9.393 0.6000000238
151660  32.944  -26.564  6.046 0.8999999762
151907  39.120  -45.497  10.339 0.6000000238
151928  36.072  -49.463  12.456 0.5000000000
152394  37.908  -57.890  14.253 0.5000000000
152399  38.634  -16.001  7.248 0.3000000119
152445  40.491  -27.422  9.355 0.3000000119
152806  40.150  -32.303  12.918 0.6999999881
153120  26.564  -48.577  10.993 0.5000000000
153651  33.457  -22.249  5.775 0.5000000000
153746  33.476  -28.326  6.156 1.0000000000
153792  35.623  -43.139  14.555 0.8000000119
153944  41.726  -37.648  10.796 0.5000000000
154084  32.937  -34.699  11.850 1.0000000000
154102  35.678  -48.722  11.930 0.6000000238
154133  39.446  -43.211  10.366 0.6000000238
154168  38.415  -54.030  8.688 0.3000000119
154262  35.879  -46.637  13.723 0.6999999881
154304  33.097  -54.552  12.575 0.5000000000
154363  34.172  -29.165  5.508 0.8000000119
154387  36.885  -34.085  14.286 0.8000000119
154412  48.998  -38.912  5.668 0.3000000119
154610  26.448  -33.926  11.535 0.8999999762
154618  30.697  -44.873  6.737 0.8000000119
155053  36.495  -48.279  8.057 0.4000000060
155415  38.790  -46.527  5.328 0.3000000119
155547  42.450  -41.348  5.524 0.4000000060
155930  39.546  -8.279  7.753 0.3000000119
156096  38.264  -43.268  6.202 0.4000000060
156256  50.376  -38.928  5.199 0.3000000119
156510  34.039  -54.676  15.443 0.5000000000
156586  34.064  -24.968  5.861 0.8000000119
157187  41.864  -35.069  5.186 0.5000000000
157374  35.255  -51.314  14.580 0.6999999881
157404  27.562  -30.495  8.704 0.8000000119
157465  38.360  -35.082  14.271 0.6999999881
