#!ascii label  , from subject sub-fsm23qf vox2ras=TkReg
350
51050  -23.257  -18.683  5.605 0.0000000000
47589  -20.189  -21.806  6.922 0.0000000000
47595  -25.854  -22.822  6.734 0.0000000000
44956  -22.152  -25.711  8.290 0.0000000000
102397  -23.024  -7.078  3.355 0.0000000000
57865  -25.545  -10.343  4.967 0.0000000000
53838  -19.097  -14.954  4.702 0.0000000000
43271  -20.084  -27.649  10.396 0.0000000000
45785  -21.154  -23.507  7.295 0.0000000000
106668  -18.868  -24.835  9.332 0.0000000000
58719  -24.175  -8.827  4.005 0.0000000000
57879  -20.850  -10.934  3.737 0.0000000000
51046  -19.642  -18.644  5.773 0.0000000000
52890  -17.522  -16.392  6.222 0.0000000000
52905  -21.344  -16.554  4.472 0.0000000000
103997  -23.340  -14.568  4.774 0.0000000000
52879  -25.496  -16.400  6.355 0.0000000000
50215  -27.677  -19.111  6.441 0.0000000000
50191  -17.507  -20.133  7.584 0.0000000000
49341  -21.370  -20.490  5.639 0.0000000000
94634  -23.624  -20.390  6.193 0.0000000000
108763  -22.574  -21.782  6.273 0.0000000000
45802  -24.042  -24.098  7.076 0.0000000000
108063  -25.301  -27.138  7.117 0.0000000000
55425  -17.788  -13.117  4.927 0.0000000000
56243  -22.374  -12.663  4.223 0.0000000000
56232  -26.481  -12.519  5.524 0.0000000000
44133  -18.489  -25.874  10.139 0.0000000000
44136  -21.915  -26.843  9.085 0.0000000000
108671  -18.452  -23.820  8.998 0.0000000000
45751  -17.476  -24.335  9.943 0.0000000000
97181  -20.327  -10.247  3.713 0.0000000000
57862  -19.204  -10.841  4.161 0.0000000000
51059  -21.071  -18.360  4.846 0.0000000000
51955  -20.444  -17.672  4.954 0.0000000000
51967  -22.737  -17.396  4.982 0.0000000000
52894  -23.150  -16.642  5.109 0.0000000000
51051  -24.184  -17.392  6.002 0.0000000000
51943  -26.561  -17.653  6.520 0.0000000000
93268  -25.059  -18.444  6.491 0.0000000000
49325  -19.011  -20.665  7.179 0.0000000000
49329  -19.115  -20.011  6.786 0.0000000000
48453  -20.575  -21.275  6.399 0.0000000000
48464  -21.777  -21.051  5.850 0.0000000000
47590  -20.794  -22.050  6.602 0.0000000000
45769  -21.298  -24.387  7.723 0.0000000000
98166  -22.534  -24.018  7.194 0.0000000000
45787  -23.045  -24.755  7.425 0.0000000000
45788  -23.892  -25.418  7.436 0.0000000000
44971  -24.021  -26.370  7.691 0.0000000000
97647  -20.906  -8.178  3.517 0.0000000000
60305  -21.190  -7.242  3.485 0.0000000000
104983  -22.082  -6.772  3.306 0.0000000000
61114  -23.761  -5.754  2.596 0.0000000000
61108  -24.759  -6.854  3.066 0.0000000000
58704  -24.766  -9.280  4.353 0.0000000000
94895  -18.379  -15.347  5.391 0.0000000000
54633  -17.237  -14.442  5.632 0.0000000000
55438  -18.412  -13.666  4.719 0.0000000000
55452  -20.129  -13.319  3.807 0.0000000000
90657  -21.157  -14.102  3.880 0.0000000000
103090  -25.437  -14.659  5.789 0.0000000000
55427  -24.854  -13.335  5.367 0.0000000000
55446  -27.825  -13.608  5.277 0.0000000000
48457  -25.224  -21.778  6.666 0.0000000000
49336  -26.505  -20.604  6.650 0.0000000000
43270  -19.155  -27.296  10.687 0.0000000000
43281  -19.594  -26.974  10.224 0.0000000000
44134  -19.542  -26.322  9.780 0.0000000000
43272  -21.224  -27.911  10.017 0.0000000000
47581  -18.682  -21.957  7.964 0.0000000000
47583  -20.169  -22.517  7.285 0.0000000000
46680  -19.779  -23.139  7.810 0.0000000000
46670  -19.929  -23.769  8.109 0.0000000000
44955  -21.191  -25.286  8.327 0.0000000000
96278  -21.452  -8.772  3.507 0.0000000000
59545  -23.638  -8.271  3.714 0.0000000000
102119  -22.284  -9.015  3.577 0.0000000000
57882  -22.678  -9.782  3.923 0.0000000000
57881  -22.483  -10.707  4.115 0.0000000000
51036  -17.156  -18.374  6.919 0.0000000000
51952  -18.198  -16.982  6.090 0.0000000000
52892  -19.361  -16.392  5.226 0.0000000000
53840  -20.652  -15.907  4.404 0.0000000000
54647  -21.644  -14.800  4.145 0.0000000000
53843  -22.745  -16.028  4.729 0.0000000000
53831  -24.304  -15.567  5.550 0.0000000000
53818  -26.691  -15.686  6.296 0.0000000000
52896  -28.008  -16.547  6.099 0.0000000000
41506  -21.636  -29.520  10.775 0.0000000000
108085  -22.421  -29.135  10.056 0.0000000000
50200  -19.178  -19.203  6.347 0.0000000000
50210  -20.191  -19.264  5.697 0.0000000000
50213  -22.153  -19.725  5.340 0.0000000000
50203  -23.780  -19.676  6.110 0.0000000000
49343  -22.495  -20.233  5.672 0.0000000000
103339  -23.443  -21.094  6.306 0.0000000000
47593  -23.753  -22.487  6.668 0.0000000000
46691  -21.676  -22.931  6.786 0.0000000000
46693  -23.420  -23.228  6.838 0.0000000000
46694  -24.412  -23.378  6.863 0.0000000000
97262  -25.127  -24.518  6.866 0.0000000000
44987  -26.318  -26.680  6.386 0.0000000000
60309  -26.002  -7.793  3.054 0.0000000000
57065  -19.941  -11.859  3.828 0.0000000000
57067  -21.354  -11.702  3.831 0.0000000000
57050  -23.799  -11.448  4.602 0.0000000000
55443  -23.261  -13.836  4.649 0.0000000000
56230  -24.710  -12.521  5.252 0.0000000000
57051  -25.876  -11.121  5.299 0.0000000000
100662  -26.104  -19.835  6.606 0.0000000000
101731  -28.042  -20.001  6.341 0.0000000000
44939  -17.322  -24.792  10.554 0.0000000000
44941  -19.106  -25.485  9.537 0.0000000000
44942  -20.006  -25.741  9.193 0.0000000000
44144  -21.621  -26.088  8.718 0.0000000000
42412  -23.121  -28.587  9.319 0.0000000000
43290  -22.806  -27.509  8.923 0.0000000000
106444  -23.281  -27.170  8.469 0.0000000000
51049  -22.592  -18.991  5.315 0.0000000000
51060  -21.694  -18.073  4.720 0.0000000000
51956  -22.983  -18.129  5.325 0.0000000000
51957  -23.445  -17.360  5.456 0.0000000000
94643  -23.666  -18.073  5.758 0.0000000000
107403  -24.340  -18.056  6.202 0.0000000000
51038  -23.944  -18.818  6.075 0.0000000000
48447  -18.854  -21.321  7.552 0.0000000000
49324  -18.005  -20.787  7.713 0.0000000000
48452  -19.696  -21.256  7.002 0.0000000000
49330  -19.874  -20.623  6.551 0.0000000000
44969  -21.883  -25.017  7.957 0.0000000000
45786  -22.195  -24.520  7.558 0.0000000000
44970  -22.611  -25.287  7.840 0.0000000000
108816  -23.327  -25.587  7.707 0.0000000000
103769  -22.040  -7.862  3.429 0.0000000000
61107  -23.850  -6.580  3.092 0.0000000000
106073  -25.153  -6.471  2.508 0.0000000000
57864  -24.622  -10.020  4.542 0.0000000000
58705  -25.606  -9.518  4.526 0.0000000000
58706  -26.517  -9.891  4.506 0.0000000000
104438  -26.479  -10.526  5.034 0.0000000000
95092  -17.480  -15.064  5.753 0.0000000000
54634  -18.231  -14.491  5.163 0.0000000000
54644  -19.054  -14.137  4.487 0.0000000000
55439  -19.668  -13.709  4.081 0.0000000000
54645  -19.804  -14.538  4.226 0.0000000000
53833  -27.161  -14.840  6.039 0.0000000000
55430  -27.276  -14.036  5.752 0.0000000000
100747  -26.370  -22.131  6.684 0.0000000000
47596  -26.761  -23.119  6.446 0.0000000000
42402  -20.735  -28.608  10.727 0.0000000000
42401  -19.582  -28.061  10.980 0.0000000000
43282  -20.350  -27.041  9.868 0.0000000000
47572  -18.420  -22.600  8.434 0.0000000000
47573  -19.281  -22.585  7.899 0.0000000000
46669  -19.036  -23.353  8.434 0.0000000000
45768  -19.218  -24.264  8.780 0.0000000000
97909  -20.330  -24.580  8.311 0.0000000000
44953  -19.655  -25.033  8.966 0.0000000000
95969  -20.580  -8.904  3.567 0.0000000000
58717  -20.974  -9.341  3.546 0.0000000000
98715  -21.069  -10.060  3.627 0.0000000000
57880  -21.633  -10.863  3.868 0.0000000000
51045  -18.875  -18.300  6.137 0.0000000000
51953  -18.730  -17.588  5.949 0.0000000000
52904  -20.572  -16.794  4.665 0.0000000000
52893  -19.866  -16.961  5.115 0.0000000000
52903  -19.951  -16.183  4.746 0.0000000000
53841  -21.448  -15.646  4.293 0.0000000000
52906  -22.077  -16.279  4.472 0.0000000000
52895  -24.026  -16.514  5.661 0.0000000000
53816  -24.877  -16.025  6.077 0.0000000000
53817  -25.745  -15.785  6.271 0.0000000000
52880  -26.289  -16.387  6.418 0.0000000000
52881  -27.203  -16.434  6.374 0.0000000000
103990  -26.711  -16.974  6.483 0.0000000000
51040  -27.200  -18.292  6.512 0.0000000000
51052  -28.059  -18.232  6.215 0.0000000000
50216  -28.413  -19.266  5.841 0.0000000000
41488  -22.190  -30.085  10.958 0.0000000000
50190  -16.960  -19.615  7.569 0.0000000000
50198  -17.392  -19.039  7.150 0.0000000000
50199  -18.097  -19.555  7.072 0.0000000000
50201  -20.027  -19.935  6.154 0.0000000000
50211  -20.815  -19.925  5.584 0.0000000000
50212  -21.529  -19.821  5.344 0.0000000000
49342  -21.951  -20.397  5.528 0.0000000000
48455  -22.219  -21.414  6.061 0.0000000000
102183  -22.709  -21.207  6.137 0.0000000000
48456  -23.189  -21.767  6.396 0.0000000000
100114  -24.098  -21.748  6.570 0.0000000000
46681  -20.453  -23.291  7.501 0.0000000000
46690  -20.966  -22.762  6.929 0.0000000000
45801  -23.176  -23.977  7.065 0.0000000000
46692  -22.496  -23.196  6.820 0.0000000000
44972  -24.810  -26.301  7.215 0.0000000000
44986  -25.395  -25.831  6.780 0.0000000000
44973  -25.637  -26.929  6.791 0.0000000000
44162  -26.187  -27.301  6.742 0.0000000000
60307  -25.174  -7.542  3.357 0.0000000000
98676  -24.658  -8.132  3.764 0.0000000000
52877  -16.557  -16.616  6.511 0.0000000000
103256  -16.958  -12.868  5.386 0.0000000000
107542  -17.536  -12.311  5.029 0.0000000000
56242  -18.188  -12.273  4.629 0.0000000000
102983  -18.911  -12.351  4.342 0.0000000000
55453  -20.774  -13.342  3.753 0.0000000000
56258  -21.076  -12.540  3.740 0.0000000000
56259  -21.722  -12.382  3.964 0.0000000000
57068  -22.232  -11.670  4.125 0.0000000000
56244  -23.073  -12.062  4.450 0.0000000000
54648  -22.539  -14.521  4.414 0.0000000000
56231  -25.484  -12.747  5.473 0.0000000000
56246  -25.610  -12.005  5.433 0.0000000000
98150  -26.465  -11.703  5.373 0.0000000000
56247  -27.265  -11.892  5.165 0.0000000000
49334  -24.502  -20.109  6.404 0.0000000000
99964  -25.253  -19.787  6.543 0.0000000000
49337  -27.528  -20.739  6.514 0.0000000000
44119  -17.946  -26.178  10.788 0.0000000000
44927  -17.627  -25.477  10.647 0.0000000000
44940  -18.088  -25.061  9.886 0.0000000000
44135  -20.516  -26.399  9.379 0.0000000000
104884  -21.215  -26.422  9.120 0.0000000000
44143  -20.820  -25.866  8.893 0.0000000000
42403  -22.285  -28.621  9.802 0.0000000000
46668  -18.059  -23.230  8.917 0.0000000000
46652  -17.718  -23.773  9.453 0.0000000000
45752  -18.289  -24.356  9.418 0.0000000000
58716  -20.414  -9.528  3.614 0.0000000000
93687  -19.843  -9.713  3.783 0.0000000000
57878  -19.751  -10.458  3.900 0.0000000000
91752  -20.180  -11.049  3.790 0.0000000000
51047  -20.340  -18.519  5.299 0.0000000000
51954  -19.573  -17.821  5.519 0.0000000000
51965  -21.197  -17.462  4.642 0.0000000000
51966  -22.018  -17.260  4.583 0.0000000000
52907  -22.543  -16.721  4.737 0.0000000000
52878  -24.865  -16.815  6.296 0.0000000000
101545  -25.802  -17.089  6.470 0.0000000000
51941  -24.981  -17.589  6.427 0.0000000000
51039  -26.173  -18.407  6.559 0.0000000000
105911  -18.352  -20.206  7.278 0.0000000000
49331  -20.684  -20.563  5.985 0.0000000000
48463  -21.201  -20.998  5.947 0.0000000000
48454  -21.317  -21.537  6.186 0.0000000000
102802  -21.816  -21.660  6.146 0.0000000000
104473  -20.637  -23.927  7.758 0.0000000000
46682  -21.871  -23.746  7.208 0.0000000000
104522  -23.704  -24.642  7.246 0.0000000000
45803  -24.492  -25.098  7.138 0.0000000000
97169  -20.291  -7.572  3.696 0.0000000000
61106  -22.902  -6.234  3.021 0.0000000000
59534  -25.132  -8.686  4.113 0.0000000000
104611  -25.389  -9.084  4.320 0.0000000000
54632  -16.276  -14.405  5.758 0.0000000000
55426  -17.765  -13.890  5.220 0.0000000000
109327  -19.042  -12.866  4.289 0.0000000000
109137  -19.066  -13.360  4.328 0.0000000000
55441  -21.622  -13.263  3.953 0.0000000000
54636  -24.638  -14.784  5.507 0.0000000000
54635  -24.111  -14.120  5.147 0.0000000000
97630  -25.177  -14.072  5.552 0.0000000000
55429  -26.966  -13.357  5.681 0.0000000000
55445  -27.523  -12.745  5.242 0.0000000000
103984  -25.236  -21.113  6.603 0.0000000000
49335  -25.408  -20.514  6.588 0.0000000000
48458  -25.936  -21.254  6.693 0.0000000000
48459  -26.953  -21.460  6.641 0.0000000000
44120  -18.830  -26.598  10.408 0.0000000000
43283  -21.209  -27.039  9.484 0.0000000000
47582  -19.499  -21.906  7.436 0.0000000000
59543  -20.107  -8.423  3.669 0.0000000000
107781  -23.094  -7.800  3.524 0.0000000000
103621  -22.087  -8.529  3.475 0.0000000000
93836  -23.191  -9.000  3.795 0.0000000000
58718  -21.692  -9.516  3.619 0.0000000000
58703  -23.797  -9.573  4.208 0.0000000000
57863  -23.548  -10.525  4.369 0.0000000000
92255  -24.549  -10.822  4.744 0.0000000000
99794  -19.043  -16.997  5.567 0.0000000000
52891  -18.483  -16.218  5.621 0.0000000000
53829  -19.233  -15.726  5.010 0.0000000000
53839  -19.909  -15.378  4.449 0.0000000000
54646  -20.707  -14.924  4.094 0.0000000000
53842  -22.241  -15.432  4.407 0.0000000000
54649  -23.018  -15.246  4.727 0.0000000000
53830  -23.486  -15.836  5.142 0.0000000000
92473  -23.804  -15.032  5.102 0.0000000000
53832  -25.144  -15.288  5.926 0.0000000000
54620  -26.058  -15.039  6.117 0.0000000000
54638  -28.131  -15.160  5.505 0.0000000000
105933  -28.171  -15.964  5.685 0.0000000000
52897  -28.381  -16.576  5.445 0.0000000000
51944  -27.546  -17.338  6.374 0.0000000000
46696  -26.263  -23.805  6.470 0.0000000000
95263  -21.808  -28.884  10.299 0.0000000000
51037  -18.115  -18.716  6.679 0.0000000000
94119  -20.967  -19.201  5.189 0.0000000000
51048  -21.763  -18.972  4.968 0.0000000000
50202  -23.193  -19.325  5.714 0.0000000000
50214  -22.665  -19.673  5.563 0.0000000000
49333  -23.074  -20.002  5.853 0.0000000000
48465  -22.328  -20.821  5.833 0.0000000000
49332  -22.895  -20.611  5.998 0.0000000000
99774  -24.460  -20.946  6.478 0.0000000000
47594  -24.780  -22.600  6.733 0.0000000000
99481  -21.463  -22.195  6.443 0.0000000000
47591  -22.138  -22.210  6.368 0.0000000000
47592  -22.880  -22.421  6.530 0.0000000000
46695  -25.424  -23.567  6.750 0.0000000000
107647  -25.875  -24.409  6.542 0.0000000000
60306  -24.063  -7.432  3.460 0.0000000000
60308  -25.561  -7.127  2.776 0.0000000000
59546  -25.624  -8.214  3.660 0.0000000000
57047  -18.645  -11.481  4.439 0.0000000000
57048  -19.349  -11.741  4.147 0.0000000000
57066  -20.618  -11.790  3.737 0.0000000000
56256  -19.556  -12.749  4.012 0.0000000000
57049  -23.021  -11.287  4.346 0.0000000000
91958  -21.861  -14.078  4.105 0.0000000000
55442  -22.461  -13.570  4.304 0.0000000000
55444  -23.966  -13.185  4.959 0.0000000000
91376  -23.173  -12.954  4.528 0.0000000000
56245  -23.890  -12.303  4.793 0.0000000000
90594  -24.751  -11.583  5.099 0.0000000000
108060  -25.150  -10.947  5.084 0.0000000000
57866  -27.096  -10.564  4.489 0.0000000000
50204  -24.670  -19.333  6.418 0.0000000000
98004  -25.654  -19.149  6.565 0.0000000000
50205  -26.692  -19.101  6.608 0.0000000000
101509  -27.131  -19.887  6.597 0.0000000000
44954  -20.398  -25.310  8.712 0.0000000000
44137  -22.086  -27.746  9.429 0.0000000000
44145  -22.477  -26.567  8.602 0.0000000000
44957  -23.133  -26.261  8.121 0.0000000000
51061  -22.306  -18.182  4.885 0.0000000000
51942  -25.721  -17.836  6.511 0.0000000000
53819  -27.629  -15.738  6.107 0.0000000000
55428  -25.872  -13.357  5.627 0.0000000000
55440  -20.370  -14.017  3.901 0.0000000000
56257  -20.340  -12.624  3.744 0.0000000000
58720  -25.967  -8.889  4.091 0.0000000000
59544  -22.704  -8.421  3.558 0.0000000000
90710  -26.272  -14.177  5.842 0.0000000000
91746  -17.065  -13.732  5.498 0.0000000000
93058  -18.564  -12.955  4.497 0.0000000000
94493  -19.696  -11.169  3.968 0.0000000000
103701  -26.273  -9.371  4.255 0.0000000000
105257  -21.890  -10.170  3.820 0.0000000000
