#!ascii label  , from subject sub-fsm99tc vox2ras=TkReg
2036
52573  -39.783  -44.444  69.714 0.0000000000
72128  -51.862  -23.066  55.372 0.0000000000
56368  -45.457  -38.801  55.778 0.0000000000
39850  -8.027  -58.564  58.544 0.0000000000
45343  -23.030  -52.030  66.734 0.0000000000
124960  -7.750  -47.918  62.956 0.0000000000
132590  -4.550  -49.655  69.223 0.0000000000
66818  -48.544  -29.647  55.321 0.0000000000
51800  -8.136  -45.002  54.473 0.0000000000
36210  -4.374  -62.486  65.611 0.0000000000
52646  -41.737  -44.854  62.378 0.0000000000
52616  -35.217  -44.519  66.918 0.0000000000
51640  -31.789  -44.965  70.197 0.0000000000
70427  -54.456  -25.358  52.432 0.0000000000
61213  -46.870  -36.001  53.519 0.0000000000
40683  -21.173  -56.195  61.662 0.0000000000
55354  -11.329  -41.834  60.469 0.0000000000
44407  -5.691  -53.177  61.380 0.0000000000
46395  -5.318  -52.633  57.365 0.0000000000
40784  -5.356  -57.415  55.460 0.0000000000
37959  -10.090  -59.401  71.534 0.0000000000
38783  -5.464  -59.331  71.368 0.0000000000
56322  -43.745  -39.558  59.372 0.0000000000
47955  -29.603  -48.258  72.362 0.0000000000
47156  -27.247  -49.011  64.580 0.0000000000
49744  -5.259  -48.025  65.956 0.0000000000
43360  -6.665  -53.835  65.476 0.0000000000
71269  -48.424  -24.651  57.626 0.0000000000
38821  -13.185  -57.766  69.726 0.0000000000
40613  -17.430  -55.983  65.937 0.0000000000
50747  -9.977  -47.320  58.565 0.0000000000
137334  -4.897  -49.206  54.076 0.0000000000
46200  -5.753  -51.260  72.929 0.0000000000
41501  -5.135  -56.599  68.524 0.0000000000
38026  -5.173  -60.617  62.253 0.0000000000
52576  -42.099  -44.085  69.248 0.0000000000
49733  -39.617  -46.025  66.514 0.0000000000
50672  -41.290  -45.705  66.159 0.0000000000
141656  -38.211  -44.883  68.141 0.0000000000
50682  -37.558  -46.697  65.286 0.0000000000
52557  -36.260  -43.204  69.763 0.0000000000
71285  -53.341  -24.098  54.271 0.0000000000
71296  -47.584  -24.393  53.582 0.0000000000
70410  -50.583  -25.113  52.137 0.0000000000
70438  -51.900  -25.635  51.026 0.0000000000
141395  -46.167  -38.188  54.184 0.0000000000
140487  -41.784  -38.679  55.598 0.0000000000
57392  -42.810  -38.543  53.565 0.0000000000
58448  -44.133  -37.753  52.111 0.0000000000
144344  -8.398  -55.505  60.165 0.0000000000
42522  -6.493  -55.049  58.417 0.0000000000
142569  -7.825  -57.911  56.455 0.0000000000
38107  -5.680  -60.366  54.117 0.0000000000
37221  -6.699  -61.317  54.963 0.0000000000
124635  -9.647  -60.052  69.067 0.0000000000
36150  -8.171  -61.049  69.743 0.0000000000
124648  -43.268  -39.395  62.092 0.0000000000
54401  -41.626  -42.967  64.081 0.0000000000
54421  -40.901  -43.122  61.850 0.0000000000
56295  -40.427  -40.472  62.568 0.0000000000
57312  -39.909  -39.637  60.743 0.0000000000
128774  -29.876  -45.979  73.602 0.0000000000
50667  -31.019  -46.158  66.316 0.0000000000
47982  -29.702  -48.037  66.849 0.0000000000
69558  -54.329  -26.018  47.926 0.0000000000
71339  -54.823  -24.651  46.574 0.0000000000
130934  -4.603  -48.794  67.548 0.0000000000
148176  -5.237  -50.529  65.408 0.0000000000
45332  -5.401  -51.996  67.573 0.0000000000
68613  -48.460  -27.755  56.520 0.0000000000
142267  -45.460  -32.952  53.146 0.0000000000
65811  -45.724  -30.605  53.556 0.0000000000
67753  -46.163  -28.371  54.550 0.0000000000
39675  -14.570  -57.962  71.402 0.0000000000
141734  -16.614  -57.694  70.649 0.0000000000
51724  -10.960  -46.356  64.081 0.0000000000
51737  -12.259  -45.894  61.652 0.0000000000
125160  -9.044  -47.963  61.009 0.0000000000
132240  -5.121  -53.326  55.285 0.0000000000
47231  -5.369  -50.248  56.123 0.0000000000
45511  -5.444  -52.278  54.505 0.0000000000
45280  -7.004  -52.790  72.681 0.0000000000
37074  -4.754  -60.892  68.921 0.0000000000
39683  -4.711  -58.317  70.495 0.0000000000
38844  -4.315  -59.700  67.622 0.0000000000
39747  -5.159  -58.672  65.671 0.0000000000
37143  -4.120  -61.784  63.950 0.0000000000
134895  -42.254  -44.275  65.034 0.0000000000
52536  -31.954  -44.148  72.184 0.0000000000
53437  -33.414  -43.360  71.703 0.0000000000
52587  -33.275  -43.977  68.670 0.0000000000
70442  -55.815  -25.557  51.202 0.0000000000
69542  -53.024  -26.292  49.329 0.0000000000
63919  -48.342  -32.715  54.045 0.0000000000
61224  -44.802  -35.861  52.129 0.0000000000
44396  -23.094  -53.041  62.627 0.0000000000
129589  -23.062  -55.490  63.536 0.0000000000
54452  -11.280  -43.483  56.971 0.0000000000
48008  -5.475  -50.281  62.927 0.0000000000
47189  -6.941  -50.402  60.438 0.0000000000
144594  -5.525  -53.255  59.024 0.0000000000
132073  -5.181  -54.586  56.822 0.0000000000
41687  -4.507  -56.402  53.806 0.0000000000
41446  -9.851  -57.322  72.837 0.0000000000
41443  -7.666  -56.877  72.668 0.0000000000
37949  -7.301  -59.704  71.858 0.0000000000
36120  -5.842  -61.487  69.879 0.0000000000
122979  -44.183  -39.289  57.199 0.0000000000
56332  -41.255  -39.527  58.343 0.0000000000
46252  -26.846  -50.262  69.192 0.0000000000
49710  -30.752  -46.819  71.030 0.0000000000
47142  -28.573  -49.109  68.066 0.0000000000
124393  -25.425  -49.945  66.021 0.0000000000
50677  -8.791  -46.536  65.376 0.0000000000
51684  -7.321  -45.971  66.982 0.0000000000
49764  -5.999  -48.204  64.266 0.0000000000
47159  -5.392  -50.352  63.831 0.0000000000
43379  -6.609  -53.444  63.025 0.0000000000
41572  -8.397  -56.155  61.936 0.0000000000
131777  -49.890  -22.538  56.828 0.0000000000
123492  -46.363  -25.403  54.829 0.0000000000
39662  -12.350  -58.010  72.392 0.0000000000
37973  -11.659  -58.581  70.607 0.0000000000
38845  -11.463  -58.539  67.635 0.0000000000
39753  -21.339  -56.539  65.491 0.0000000000
39738  -20.230  -57.087  66.766 0.0000000000
38838  -17.862  -57.640  69.426 0.0000000000
39720  -15.321  -57.421  68.139 0.0000000000
39733  -12.800  -57.485  66.345 0.0000000000
137229  -13.253  -42.689  62.350 0.0000000000
51753  -12.444  -45.487  58.844 0.0000000000
51768  -9.503  -46.216  55.963 0.0000000000
48903  -7.012  -48.787  57.863 0.0000000000
49847  -6.134  -47.457  56.184 0.0000000000
50793  -5.617  -46.628  55.080 0.0000000000
47099  -4.834  -51.233  71.501 0.0000000000
42384  -5.813  -55.393  72.024 0.0000000000
43299  -5.092  -54.114  70.904 0.0000000000
44327  -4.855  -53.120  69.595 0.0000000000
42447  -5.704  -55.663  67.174 0.0000000000
40643  -6.078  -58.034  63.957 0.0000000000
39817  -5.971  -59.418  60.899 0.0000000000
123670  -3.838  -64.091  63.120 0.0000000000
131682  -4.190  -63.073  60.888 0.0000000000
37207  -6.091  -62.122  57.569 0.0000000000
52575  -41.277  -44.374  69.621 0.0000000000
129747  -40.191  -43.307  70.490 0.0000000000
51666  -39.754  -45.108  68.441 0.0000000000
51668  -41.095  -45.348  68.284 0.0000000000
51649  -38.732  -44.641  68.674 0.0000000000
50641  -38.619  -45.607  67.175 0.0000000000
53453  -38.781  -43.288  70.830 0.0000000000
52558  -37.843  -43.362  69.888 0.0000000000
72136  -52.545  -23.533  54.811 0.0000000000
72134  -50.415  -23.483  54.721 0.0000000000
71316  -49.367  -24.598  52.727 0.0000000000
71299  -50.728  -24.411  53.421 0.0000000000
71318  -51.386  -24.833  52.832 0.0000000000
122387  -45.896  -38.623  55.160 0.0000000000
57382  -46.864  -38.377  55.251 0.0000000000
139907  -46.470  -38.800  55.825 0.0000000000
56375  -41.948  -38.561  54.786 0.0000000000
56388  -44.092  -38.590  54.856 0.0000000000
122334  -44.513  -38.516  54.283 0.0000000000
40712  -8.762  -57.108  58.949 0.0000000000
41636  -8.220  -56.016  58.503 0.0000000000
39869  -8.422  -58.127  57.510 0.0000000000
38988  -7.521  -59.864  55.851 0.0000000000
38095  -7.590  -59.991  56.460 0.0000000000
129001  -9.649  -60.417  67.091 0.0000000000
36186  -9.045  -60.997  67.464 0.0000000000
55309  -41.470  -41.175  64.403 0.0000000000
55320  -40.883  -41.119  63.669 0.0000000000
56285  -41.348  -40.509  63.847 0.0000000000
57285  -41.502  -39.853  62.608 0.0000000000
69554  -55.171  -25.830  48.595 0.0000000000
136415  -54.728  -25.368  47.294 0.0000000000
71334  -57.214  -24.487  47.477 0.0000000000
48824  -4.593  -48.774  68.550 0.0000000000
127468  -4.999  -50.621  67.100 0.0000000000
47144  -4.773  -50.846  68.118 0.0000000000
67744  -48.736  -28.572  56.272 0.0000000000
68610  -49.699  -27.793  57.635 0.0000000000
64864  -46.852  -31.918  53.535 0.0000000000
134668  -46.312  -31.320  53.560 0.0000000000
66828  -47.109  -30.150  54.151 0.0000000000
67754  -47.516  -28.670  55.235 0.0000000000
39677  -16.298  -57.802  71.687 0.0000000000
38799  -17.496  -57.748  70.988 0.0000000000
45325  -23.901  -51.685  68.773 0.0000000000
43346  -22.757  -53.836  67.430 0.0000000000
53538  -10.082  -43.454  55.117 0.0000000000
142220  -9.100  -47.367  63.218 0.0000000000
50714  -9.971  -47.319  61.990 0.0000000000
129181  -8.764  -47.914  61.886 0.0000000000
43469  -5.061  -54.716  54.195 0.0000000000
45510  -5.409  -53.149  54.529 0.0000000000
44502  -5.346  -54.171  53.972 0.0000000000
46228  -8.356  -51.282  71.769 0.0000000000
44302  -8.149  -53.649  71.857 0.0000000000
136143  -4.548  -61.576  66.975 0.0000000000
37984  -4.311  -60.200  68.132 0.0000000000
37101  -4.272  -60.944  66.877 0.0000000000
123968  -4.225  -60.738  65.411 0.0000000000
130360  -4.012  -62.083  64.560 0.0000000000
51682  -42.599  -44.660  66.768 0.0000000000
51713  -42.093  -44.807  65.331 0.0000000000
53485  -43.082  -43.313  66.400 0.0000000000
54386  -43.106  -42.753  66.005 0.0000000000
124448  -36.190  -43.755  68.714 0.0000000000
137962  -34.682  -43.479  69.457 0.0000000000
52588  -34.318  -43.874  68.021 0.0000000000
122623  -32.702  -44.124  66.111 0.0000000000
130460  -55.364  -25.478  52.058 0.0000000000
70439  -52.950  -25.650  51.217 0.0000000000
69541  -52.185  -26.233  49.425 0.0000000000
70440  -53.939  -25.679  51.140 0.0000000000
69531  -54.265  -25.912  50.371 0.0000000000
62117  -47.966  -34.197  53.933 0.0000000000
62997  -48.936  -33.150  54.533 0.0000000000
136366  -48.353  -34.875  54.392 0.0000000000
59433  -45.565  -37.442  52.888 0.0000000000
59437  -44.406  -37.177  51.899 0.0000000000
61216  -46.157  -35.859  52.929 0.0000000000
62122  -46.521  -34.364  53.181 0.0000000000
122609  -10.544  -41.961  59.751 0.0000000000
54446  -10.636  -42.402  57.773 0.0000000000
53520  -11.915  -43.242  58.878 0.0000000000
45396  -5.392  -51.995  61.877 0.0000000000
47187  -5.607  -51.511  61.271 0.0000000000
44420  -5.547  -53.241  59.972 0.0000000000
41650  -5.919  -56.118  56.712 0.0000000000
42532  -5.414  -54.585  57.309 0.0000000000
41664  -5.183  -55.733  56.265 0.0000000000
42548  -4.642  -55.667  55.089 0.0000000000
40783  -4.831  -57.030  54.834 0.0000000000
39910  -4.872  -58.195  53.920 0.0000000000
38773  -10.147  -58.393  72.695 0.0000000000
38771  -8.508  -58.881  72.741 0.0000000000
37049  -8.503  -59.895  71.586 0.0000000000
35169  -7.072  -62.476  68.272 0.0000000000
35133  -6.940  -61.717  69.587 0.0000000000
35168  -6.572  -62.519  68.504 0.0000000000
35166  -5.512  -62.278  68.370 0.0000000000
140942  -43.647  -39.524  58.603 0.0000000000
57331  -41.816  -39.787  60.064 0.0000000000
130166  -40.528  -39.512  59.013 0.0000000000
56320  -42.160  -39.680  59.115 0.0000000000
56344  -42.507  -39.333  57.439 0.0000000000
47098  -28.352  -49.246  72.710 0.0000000000
47105  -27.377  -50.262  72.171 0.0000000000
47124  -28.042  -49.816  70.738 0.0000000000
137710  -31.751  -44.814  71.507 0.0000000000
51625  -30.867  -45.578  72.276 0.0000000000
135532  -31.091  -46.230  70.300 0.0000000000
47154  -28.736  -48.632  65.962 0.0000000000
47146  -29.015  -48.763  67.617 0.0000000000
46279  -27.752  -49.250  66.359 0.0000000000
46278  -27.161  -49.451  66.447 0.0000000000
46310  -25.918  -49.661  64.690 0.0000000000
125459  -24.411  -50.528  63.682 0.0000000000
50645  -5.339  -47.043  67.225 0.0000000000
50673  -5.735  -47.142  66.161 0.0000000000
50674  -6.222  -46.907  65.858 0.0000000000
49755  -5.563  -48.184  65.026 0.0000000000
47992  -5.455  -49.661  64.197 0.0000000000
47988  -5.395  -49.313  64.724 0.0000000000
44367  -5.861  -52.277  65.176 0.0000000000
44378  -5.823  -52.304  64.036 0.0000000000
43369  -6.837  -53.669  64.293 0.0000000000
43390  -7.606  -54.652  63.165 0.0000000000
42465  -7.622  -55.033  64.005 0.0000000000
72121  -49.427  -22.996  57.566 0.0000000000
73009  -50.397  -22.438  58.573 0.0000000000
72996  -49.930  -23.173  59.014 0.0000000000
69484  -46.945  -25.953  56.011 0.0000000000
69491  -45.994  -26.268  54.921 0.0000000000
71271  -47.683  -24.684  56.446 0.0000000000
71276  -48.007  -23.953  55.939 0.0000000000
141480  -13.324  -56.000  72.901 0.0000000000
38796  -13.957  -57.772  70.916 0.0000000000
130716  -12.773  -58.235  71.189 0.0000000000
37981  -12.417  -58.187  69.992 0.0000000000
38820  -11.783  -58.402  69.416 0.0000000000
38833  -12.429  -57.972  69.074 0.0000000000
40665  -21.795  -56.405  62.627 0.0000000000
40635  -22.116  -56.276  64.227 0.0000000000
39795  -21.034  -56.426  63.282 0.0000000000
40631  -18.150  -55.877  65.281 0.0000000000
39765  -19.796  -56.684  65.481 0.0000000000
40597  -18.861  -56.875  66.402 0.0000000000
39723  -19.285  -57.371  67.887 0.0000000000
133618  -17.680  -57.316  67.726 0.0000000000
39707  -16.658  -57.641  69.016 0.0000000000
128337  -16.491  -56.772  66.956 0.0000000000
39748  -13.356  -57.043  65.880 0.0000000000
53501  -13.326  -43.122  63.072 0.0000000000
124344  -11.191  -46.852  60.011 0.0000000000
50726  -12.405  -45.931  60.140 0.0000000000
125246  -11.603  -46.642  59.184 0.0000000000
50761  -11.434  -46.314  57.455 0.0000000000
122505  -10.004  -47.081  57.621 0.0000000000
124385  -5.810  -51.708  58.307 0.0000000000
47197  -7.383  -50.130  59.210 0.0000000000
47206  -6.281  -50.829  58.071 0.0000000000
48084  -4.962  -49.558  55.011 0.0000000000
48076  -5.461  -48.659  56.206 0.0000000000
49845  -4.946  -48.160  55.489 0.0000000000
50775  -6.057  -46.871  55.667 0.0000000000
49870  -4.772  -47.715  54.286 0.0000000000
49879  -4.870  -47.415  53.665 0.0000000000
139821  -5.098  -51.269  71.890 0.0000000000
39664  -6.301  -58.414  71.911 0.0000000000
41441  -6.489  -56.501  72.294 0.0000000000
40529  -5.662  -57.429  71.677 0.0000000000
41493  -4.853  -57.066  69.392 0.0000000000
41480  -4.992  -56.457  70.714 0.0000000000
42419  -5.174  -55.353  70.158 0.0000000000
126788  -4.857  -53.788  70.092 0.0000000000
128180  -5.275  -54.675  69.208 0.0000000000
43344  -5.430  -53.814  68.449 0.0000000000
41511  -5.233  -56.585  67.832 0.0000000000
38872  -5.161  -59.938  63.454 0.0000000000
40626  -5.453  -58.408  65.064 0.0000000000
39789  -5.537  -59.430  62.988 0.0000000000
39805  -6.036  -59.085  61.650 0.0000000000
38898  -5.695  -59.803  61.314 0.0000000000
32094  -3.720  -66.270  61.593 0.0000000000
140885  -3.731  -63.860  61.873 0.0000000000
143654  -43.149  -43.998  68.048 0.0000000000
49750  -39.221  -46.903  65.120 0.0000000000
49752  -40.320  -46.554  64.972 0.0000000000
50671  -40.348  -45.896  66.631 0.0000000000
51681  -42.320  -45.029  67.237 0.0000000000
141404  -36.784  -44.669  67.817 0.0000000000
50655  -37.868  -45.695  66.763 0.0000000000
49739  -38.879  -46.475  65.921 0.0000000000
52570  -36.675  -43.615  69.100 0.0000000000
71302  -53.786  -24.608  53.683 0.0000000000
70420  -48.160  -25.366  51.097 0.0000000000
69525  -49.041  -25.878  49.809 0.0000000000
69526  -50.028  -26.085  49.524 0.0000000000
70423  -50.982  -25.424  51.522 0.0000000000
70412  -52.079  -25.134  52.488 0.0000000000
59427  -46.545  -37.323  53.581 0.0000000000
61208  -48.280  -35.913  54.528 0.0000000000
59418  -47.717  -37.364  54.788 0.0000000000
59410  -49.078  -37.420  56.105 0.0000000000
57362  -40.264  -39.156  56.131 0.0000000000
56374  -41.172  -38.659  55.002 0.0000000000
57380  -41.171  -38.593  54.139 0.0000000000
57404  -41.597  -38.591  52.480 0.0000000000
57427  -42.162  -38.492  51.405 0.0000000000
57406  -43.293  -38.465  52.864 0.0000000000
58438  -45.248  -37.943  53.187 0.0000000000
43411  -6.354  -54.274  60.705 0.0000000000
43410  -6.035  -54.048  60.210 0.0000000000
42523  -7.551  -55.337  58.899 0.0000000000
134746  -6.852  -56.052  57.263 0.0000000000
40785  -6.338  -57.969  55.823 0.0000000000
39897  -5.699  -58.374  55.174 0.0000000000
39898  -6.765  -58.800  55.488 0.0000000000
38108  -6.404  -60.804  54.557 0.0000000000
37068  -9.570  -59.889  70.278 0.0000000000
37060  -9.004  -60.246  70.576 0.0000000000
37076  -8.652  -60.912  69.277 0.0000000000
57314  -42.791  -39.732  60.600 0.0000000000
138544  -41.654  -43.819  63.642 0.0000000000
53516  -41.463  -44.400  61.819 0.0000000000
54411  -41.089  -42.857  62.641 0.0000000000
55332  -40.040  -41.323  62.387 0.0000000000
55347  -39.455  -41.110  61.721 0.0000000000
57296  -40.267  -39.826  61.557 0.0000000000
124170  -41.924  -39.813  61.077 0.0000000000
49688  -29.987  -46.786  73.329 0.0000000000
50653  -31.394  -45.725  67.890 0.0000000000
49723  -30.765  -46.786  69.097 0.0000000000
49737  -30.532  -47.023  66.527 0.0000000000
47990  -28.970  -48.118  64.958 0.0000000000
70460  -53.269  -25.579  46.660 0.0000000000
70467  -53.536  -24.761  46.138 0.0000000000
71347  -54.358  -24.119  45.892 0.0000000000
72181  -55.046  -23.387  45.456 0.0000000000
48829  -4.991  -48.302  66.269 0.0000000000
47147  -5.075  -49.712  65.509 0.0000000000
123919  -4.839  -49.863  66.423 0.0000000000
45342  -5.529  -51.732  66.608 0.0000000000
125822  -5.850  -52.422  66.338 0.0000000000
70377  -48.370  -25.526  57.624 0.0000000000
69475  -49.011  -26.021  58.151 0.0000000000
138239  -44.731  -32.178  53.065 0.0000000000
65820  -45.032  -30.917  53.252 0.0000000000
66826  -44.871  -29.342  53.648 0.0000000000
66822  -46.633  -29.346  54.343 0.0000000000
68616  -47.299  -27.664  55.582 0.0000000000
41463  -14.736  -56.564  72.768 0.0000000000
39670  -15.714  -57.637  72.075 0.0000000000
38788  -15.244  -57.826  71.036 0.0000000000
131090  -14.807  -57.598  70.166 0.0000000000
129357  -18.092  -55.314  63.629 0.0000000000
41534  -15.557  -55.710  65.357 0.0000000000
51716  -11.626  -45.667  64.232 0.0000000000
52638  -12.712  -44.738  63.122 0.0000000000
143736  -11.201  -46.410  62.793 0.0000000000
50715  -10.764  -46.918  61.614 0.0000000000
136486  -9.809  -47.589  59.527 0.0000000000
45469  -5.057  -52.986  56.215 0.0000000000
47219  -5.460  -50.653  56.698 0.0000000000
46430  -5.165  -52.268  55.519 0.0000000000
46431  -5.046  -51.217  55.225 0.0000000000
46458  -5.363  -51.249  54.359 0.0000000000
47957  -8.706  -49.504  71.537 0.0000000000
46219  -6.981  -51.239  72.926 0.0000000000
45271  -6.603  -52.492  72.785 0.0000000000
37971  -4.901  -60.222  70.367 0.0000000000
144962  -4.852  -58.443  70.913 0.0000000000
126575  -4.575  -59.129  70.162 0.0000000000
130221  -4.426  -58.787  68.947 0.0000000000
122668  -4.664  -58.232  67.984 0.0000000000
40592  -4.886  -58.141  67.269 0.0000000000
126224  -4.584  -59.513  66.228 0.0000000000
38863  -4.617  -60.018  64.864 0.0000000000
126196  -4.703  -60.881  63.354 0.0000000000
51729  -41.755  -45.581  63.165 0.0000000000
50693  -41.427  -45.923  64.718 0.0000000000
50705  -41.700  -45.449  63.867 0.0000000000
128616  -41.701  -44.529  63.381 0.0000000000
53498  -42.006  -43.522  64.490 0.0000000000
54385  -42.635  -42.078  65.502 0.0000000000
51632  -32.385  -44.330  71.224 0.0000000000
53449  -34.584  -43.156  70.799 0.0000000000
123798  -33.146  -43.939  70.293 0.0000000000
137314  -32.559  -44.264  69.717 0.0000000000
51677  -31.988  -44.846  67.435 0.0000000000
68667  -50.841  -26.912  47.489 0.0000000000
127979  -53.813  -26.308  48.258 0.0000000000
69544  -55.236  -25.907  49.432 0.0000000000
144804  -48.466  -31.402  54.206 0.0000000000
66814  -49.699  -29.629  56.467 0.0000000000
64855  -49.449  -31.881  54.917 0.0000000000
57445  -42.600  -38.173  51.036 0.0000000000
62131  -45.395  -34.625  52.701 0.0000000000
125864  -46.883  -32.726  53.421 0.0000000000
44380  -22.747  -52.871  65.155 0.0000000000
43362  -22.717  -53.985  65.156 0.0000000000
43382  -23.227  -54.472  63.059 0.0000000000
41578  -23.015  -55.887  62.164 0.0000000000
137392  -10.435  -42.687  56.213 0.0000000000
53539  -10.639  -43.975  55.594 0.0000000000
48869  -6.426  -49.304  62.577 0.0000000000
48881  -7.252  -49.199  61.756 0.0000000000
132157  -6.331  -50.453  61.406 0.0000000000
47195  -6.103  -51.635  59.531 0.0000000000
45436  -5.460  -52.960  58.369 0.0000000000
43421  -5.616  -53.969  58.655 0.0000000000
44445  -5.463  -53.785  58.078 0.0000000000
44460  -5.193  -53.583  57.186 0.0000000000
43447  -4.952  -54.255  56.127 0.0000000000
42386  -8.315  -55.777  72.402 0.0000000000
40522  -8.641  -57.757  73.059 0.0000000000
38769  -7.359  -58.743  72.388 0.0000000000
143755  -6.141  -59.401  71.615 0.0000000000
36104  -7.433  -60.615  71.060 0.0000000000
37058  -6.402  -60.681  71.057 0.0000000000
37050  -5.604  -60.175  71.222 0.0000000000
36119  -5.384  -61.269  69.634 0.0000000000
36166  -5.142  -62.043  67.868 0.0000000000
35174  -4.886  -62.753  66.331 0.0000000000
56357  -44.464  -39.034  56.522 0.0000000000
56369  -46.108  -39.002  56.158 0.0000000000
56345  -45.708  -39.459  57.674 0.0000000000
53519  -40.822  -44.007  60.725 0.0000000000
57355  -40.117  -39.336  56.969 0.0000000000
56355  -42.785  -39.048  56.783 0.0000000000
46242  -26.003  -51.208  70.551 0.0000000000
46266  -24.533  -51.075  68.142 0.0000000000
52530  -30.899  -44.738  72.667 0.0000000000
50612  -30.385  -46.059  72.750 0.0000000000
48801  -30.130  -47.727  72.050 0.0000000000
48823  -30.711  -46.952  69.694 0.0000000000
134197  -29.868  -48.210  69.601 0.0000000000
47968  -29.045  -48.891  70.704 0.0000000000
46253  -27.462  -49.781  68.873 0.0000000000
46268  -26.309  -50.123  67.782 0.0000000000
46291  -24.086  -50.671  65.815 0.0000000000
146450  -22.898  -52.093  63.979 0.0000000000
73107  -55.481  -22.310  44.257 0.0000000000
73118  -56.190  -21.942  43.706 0.0000000000
73997  -56.884  -21.544  43.201 0.0000000000
51714  -9.850  -46.466  65.128 0.0000000000
50695  -7.785  -47.394  64.046 0.0000000000
51700  -7.831  -46.380  66.107 0.0000000000
50687  -7.331  -47.105  64.766 0.0000000000
49765  -6.505  -47.944  63.996 0.0000000000
48860  -5.522  -49.444  63.942 0.0000000000
47167  -5.473  -50.269  63.182 0.0000000000
148334  -5.401  -51.864  62.350 0.0000000000
46306  -5.316  -50.641  64.294 0.0000000000
45370  -5.495  -51.856  63.587 0.0000000000
44408  -5.921  -53.305  61.795 0.0000000000
43399  -6.567  -54.100  61.608 0.0000000000
41588  -8.600  -56.138  61.056 0.0000000000
40695  -8.340  -57.273  60.502 0.0000000000
73042  -51.263  -22.543  55.911 0.0000000000
67758  -44.792  -28.396  53.879 0.0000000000
69498  -45.094  -26.387  53.911 0.0000000000
70392  -45.439  -25.682  53.514 0.0000000000
139475  -47.390  -24.359  54.440 0.0000000000
71281  -48.445  -23.695  54.963 0.0000000000
40525  -10.910  -57.691  72.692 0.0000000000
38781  -11.142  -58.722  72.024 0.0000000000
39668  -13.147  -58.163  72.151 0.0000000000
38785  -12.030  -58.513  71.748 0.0000000000
37964  -10.925  -59.028  71.100 0.0000000000
128227  -10.488  -59.366  68.271 0.0000000000
128634  -22.680  -54.773  65.789 0.0000000000
41522  -22.431  -55.693  66.368 0.0000000000
39726  -21.704  -56.610  67.496 0.0000000000
39779  -20.646  -56.501  64.366 0.0000000000
129848  -20.882  -56.790  66.365 0.0000000000
135136  -21.255  -57.062  68.315 0.0000000000
38841  -20.567  -57.478  69.394 0.0000000000
38827  -19.990  -57.585  69.788 0.0000000000
38812  -18.582  -57.629  70.304 0.0000000000
38824  -17.346  -57.621  69.874 0.0000000000
38836  -16.113  -57.616  69.541 0.0000000000
138445  -14.350  -57.539  69.272 0.0000000000
40594  -14.365  -56.739  66.330 0.0000000000
39734  -13.763  -57.171  66.904 0.0000000000
128486  -12.756  -57.740  68.451 0.0000000000
38851  -11.538  -58.505  66.674 0.0000000000
54413  -12.403  -42.141  61.018 0.0000000000
52645  -12.994  -44.487  62.213 0.0000000000
132900  -13.008  -44.070  60.734 0.0000000000
53521  -12.491  -43.810  59.359 0.0000000000
52667  -12.079  -44.292  57.874 0.0000000000
146797  -10.996  -45.400  56.059 0.0000000000
133843  -8.683  -45.840  55.504 0.0000000000
48882  -7.956  -48.879  61.069 0.0000000000
48892  -8.083  -48.997  59.813 0.0000000000
48905  -8.552  -48.342  58.586 0.0000000000
48065  -5.775  -49.017  56.697 0.0000000000
48918  -6.508  -48.329  57.003 0.0000000000
49834  -8.363  -47.560  57.392 0.0000000000
50758  -7.945  -47.195  56.754 0.0000000000
50795  -6.971  -46.544  55.661 0.0000000000
51781  -6.618  -46.033  54.891 0.0000000000
51812  -5.552  -45.819  54.020 0.0000000000
42380  -7.259  -54.935  72.479 0.0000000000
43277  -6.325  -54.311  72.575 0.0000000000
43276  -5.804  -53.712  72.466 0.0000000000
41472  -5.188  -56.475  71.256 0.0000000000
42383  -5.491  -54.897  71.556 0.0000000000
44291  -5.238  -52.946  71.627 0.0000000000
124969  -4.625  -52.302  71.282 0.0000000000
46237  -4.410  -51.815  70.738 0.0000000000
46254  -4.476  -51.409  69.544 0.0000000000
45331  -5.200  -52.200  68.404 0.0000000000
43345  -5.599  -53.726  67.849 0.0000000000
42448  -6.221  -55.499  66.529 0.0000000000
41531  -5.555  -57.209  66.314 0.0000000000
41532  -6.054  -56.565  66.030 0.0000000000
41545  -7.002  -56.442  64.736 0.0000000000
40645  -7.295  -57.043  63.270 0.0000000000
39806  -6.810  -58.422  61.309 0.0000000000
39833  -6.816  -58.908  59.814 0.0000000000
34164  -4.514  -64.087  64.846 0.0000000000
33142  -4.167  -65.356  63.397 0.0000000000
35207  -4.031  -63.869  63.885 0.0000000000
132135  -3.872  -63.162  63.347 0.0000000000
127471  -4.317  -62.055  62.461 0.0000000000
37166  -4.634  -61.913  61.654 0.0000000000
36248  -4.827  -62.755  60.045 0.0000000000
37179  -5.191  -61.517  60.452 0.0000000000
38080  -5.449  -61.205  59.544 0.0000000000
38081  -5.780  -60.883  58.963 0.0000000000
38967  -7.092  -59.940  57.862 0.0000000000
145762  -6.548  -61.489  56.868 0.0000000000
129652  -5.991  -62.809  55.077 0.0000000000
52574  -40.483  -44.538  69.806 0.0000000000
53461  -40.821  -43.913  70.221 0.0000000000
53460  -40.025  -44.039  70.267 0.0000000000
51651  -40.119  -44.851  69.169 0.0000000000
51650  -39.492  -44.731  69.001 0.0000000000
52560  -39.348  -43.856  70.199 0.0000000000
52572  -39.094  -44.220  69.487 0.0000000000
146731  -39.499  -43.510  70.588 0.0000000000
73043  -52.850  -22.927  55.494 0.0000000000
71282  -50.033  -23.887  54.052 0.0000000000
72135  -51.462  -23.546  54.733 0.0000000000
71284  -52.168  -24.120  54.162 0.0000000000
56379  -45.465  -38.661  55.289 0.0000000000
57381  -46.394  -38.587  55.317 0.0000000000
57371  -45.996  -38.763  55.604 0.0000000000
56377  -44.045  -38.633  55.467 0.0000000000
146020  -43.468  -38.569  55.104 0.0000000000
56378  -44.816  -38.668  55.382 0.0000000000
56389  -44.890  -38.625  54.939 0.0000000000
39835  -8.421  -57.867  58.795 0.0000000000
124364  -8.605  -57.529  58.182 0.0000000000
144228  -8.225  -58.601  57.910 0.0000000000
38969  -8.108  -58.882  57.295 0.0000000000
38968  -7.665  -59.665  57.174 0.0000000000
37102  -9.556  -60.684  66.120 0.0000000000
47138  -4.541  -50.295  68.574 0.0000000000
67750  -48.988  -29.295  56.017 0.0000000000
65809  -48.359  -30.875  54.335 0.0000000000
65812  -47.155  -31.134  53.813 0.0000000000
66824  -48.003  -30.014  54.583 0.0000000000
67755  -47.896  -29.385  55.123 0.0000000000
144600  -18.440  -57.263  72.068 0.0000000000
39678  -17.884  -57.591  71.478 0.0000000000
124120  -23.194  -51.758  68.192 0.0000000000
44354  -22.665  -52.781  67.931 0.0000000000
44362  -22.772  -53.000  67.001 0.0000000000
52691  -9.119  -44.649  54.725 0.0000000000
52709  -8.478  -44.086  54.104 0.0000000000
49767  -8.316  -47.606  63.217 0.0000000000
49776  -8.387  -47.845  62.531 0.0000000000
44493  -5.156  -54.576  54.162 0.0000000000
44303  -8.939  -54.127  71.512 0.0000000000
36198  -4.596  -62.252  66.338 0.0000000000
131648  -4.288  -61.638  66.117 0.0000000000
130326  -4.114  -61.957  65.224 0.0000000000
136576  -43.331  -43.785  67.260 0.0000000000
52617  -42.905  -43.973  66.699 0.0000000000
135201  -43.593  -43.290  66.922 0.0000000000
52604  -35.228  -44.180  67.661 0.0000000000
52589  -35.229  -43.733  68.584 0.0000000000
52603  -34.355  -44.084  66.990 0.0000000000
126933  -55.325  -25.205  52.867 0.0000000000
70426  -53.678  -25.482  51.905 0.0000000000
139827  -54.459  -25.535  51.763 0.0000000000
61207  -47.560  -35.266  53.873 0.0000000000
62118  -48.635  -34.017  54.431 0.0000000000
60321  -46.442  -36.625  53.191 0.0000000000
60326  -45.874  -36.740  52.793 0.0000000000
61212  -46.749  -35.121  53.312 0.0000000000
55338  -10.602  -41.302  61.147 0.0000000000
54436  -11.326  -42.535  59.264 0.0000000000
128729  -11.522  -42.384  59.859 0.0000000000
45397  -5.505  -52.500  61.740 0.0000000000
45409  -5.440  -52.627  60.960 0.0000000000
132368  -5.500  -53.024  60.948 0.0000000000
41672  -5.305  -56.596  55.930 0.0000000000
42533  -5.570  -55.239  57.047 0.0000000000
41671  -4.866  -56.275  55.447 0.0000000000
147341  -5.044  -56.829  55.431 0.0000000000
40805  -5.016  -57.880  54.674 0.0000000000
37952  -9.819  -59.321  72.008 0.0000000000
38779  -9.392  -59.074  72.480 0.0000000000
37958  -9.367  -59.630  71.578 0.0000000000
56334  -44.494  -39.529  58.766 0.0000000000
56323  -44.553  -39.543  59.556 0.0000000000
51736  -41.797  -45.679  62.271 0.0000000000
126050  -42.952  -39.583  58.840 0.0000000000
47948  -29.345  -48.344  73.023 0.0000000000
47954  -28.970  -48.795  72.551 0.0000000000
47107  -28.595  -49.239  71.992 0.0000000000
124937  -31.799  -44.883  70.940 0.0000000000
50622  -31.290  -45.461  71.309 0.0000000000
50627  -31.316  -45.641  70.588 0.0000000000
122424  -27.771  -48.935  65.362 0.0000000000
47148  -27.865  -49.034  65.888 0.0000000000
46312  -27.363  -49.094  65.191 0.0000000000
46294  -26.976  -49.310  65.676 0.0000000000
124811  -26.832  -49.319  64.983 0.0000000000
46331  -25.519  -49.876  63.826 0.0000000000
46311  -26.598  -49.340  64.265 0.0000000000
49735  -5.416  -47.383  66.432 0.0000000000
50659  -5.647  -46.775  66.901 0.0000000000
49745  -5.500  -47.787  65.724 0.0000000000
49754  -5.370  -48.425  65.373 0.0000000000
48838  -5.408  -48.831  64.937 0.0000000000
125702  -5.281  -48.916  65.281 0.0000000000
44379  -6.315  -52.949  64.729 0.0000000000
143205  -7.298  -54.541  64.439 0.0000000000
72117  -48.777  -23.736  57.473 0.0000000000
73008  -49.776  -22.896  58.236 0.0000000000
72118  -49.327  -23.500  58.334 0.0000000000
70376  -47.862  -25.071  57.064 0.0000000000
70379  -47.361  -25.426  56.376 0.0000000000
71272  -48.167  -24.275  56.877 0.0000000000
143019  -13.946  -57.642  70.075 0.0000000000
38808  -13.149  -57.890  70.317 0.0000000000
146186  -12.433  -58.074  69.594 0.0000000000
40684  -21.500  -56.299  61.822 0.0000000000
134456  -21.339  -56.387  62.555 0.0000000000
40664  -21.083  -56.364  62.548 0.0000000000
40614  -18.516  -56.356  65.800 0.0000000000
122408  -17.956  -56.564  66.528 0.0000000000
39736  -18.276  -57.041  67.119 0.0000000000
40596  -17.389  -56.904  67.098 0.0000000000
40583  -16.832  -57.240  67.625 0.0000000000
126246  -17.092  -56.470  66.579 0.0000000000
53491  -13.126  -43.470  63.830 0.0000000000
50736  -10.670  -47.133  59.300 0.0000000000
50748  -11.022  -46.880  58.227 0.0000000000
49821  -9.250  -47.475  57.867 0.0000000000
47205  -5.615  -51.180  57.444 0.0000000000
134192  -4.842  -48.987  54.567 0.0000000000
48928  -4.939  -48.696  55.317 0.0000000000
48951  -4.787  -48.183  54.848 0.0000000000
49860  -5.019  -47.349  55.076 0.0000000000
139596  -4.805  -48.572  54.141 0.0000000000
134729  -4.937  -48.210  53.710 0.0000000000
48962  -5.013  -48.955  53.810 0.0000000000
47088  -6.023  -50.853  73.225 0.0000000000
138450  -5.460  -51.634  72.422 0.0000000000
38775  -5.735  -59.043  71.538 0.0000000000
40530  -6.179  -57.809  71.950 0.0000000000
39674  -5.396  -58.671  71.396 0.0000000000
123967  -5.127  -56.157  69.853 0.0000000000
125000  -5.244  -56.177  69.203 0.0000000000
42427  -5.269  -55.399  69.516 0.0000000000
42433  -5.335  -55.531  68.834 0.0000000000
42440  -5.323  -55.654  68.239 0.0000000000
39775  -5.408  -59.293  63.886 0.0000000000
38884  -5.288  -60.035  62.595 0.0000000000
38885  -5.632  -59.577  62.134 0.0000000000
38897  -5.421  -60.188  61.810 0.0000000000
32101  -3.748  -66.846  60.813 0.0000000000
52592  -42.402  -44.425  68.526 0.0000000000
49740  -39.336  -46.438  65.855 0.0000000000
49741  -39.974  -46.203  66.113 0.0000000000
124040  -40.031  -45.778  67.104 0.0000000000
51653  -41.661  -44.837  68.915 0.0000000000
50658  -41.539  -45.443  67.466 0.0000000000
51669  -41.989  -45.077  68.081 0.0000000000
52605  -42.594  -44.626  67.816 0.0000000000
51663  -37.535  -44.800  67.970 0.0000000000
51679  -37.124  -45.229  67.227 0.0000000000
51680  -38.043  -45.269  67.558 0.0000000000
50656  -39.533  -45.762  67.049 0.0000000000
49731  -38.865  -45.813  66.852 0.0000000000
49732  -39.289  -46.101  66.410 0.0000000000
52591  -37.883  -44.369  68.545 0.0000000000
138720  -37.251  -43.525  69.530 0.0000000000
133924  -37.449  -43.855  68.924 0.0000000000
52590  -36.979  -44.170  68.452 0.0000000000
71286  -54.232  -24.281  54.111 0.0000000000
72137  -54.305  -23.806  54.601 0.0000000000
134440  -47.050  -25.002  52.047 0.0000000000
71314  -47.376  -24.694  52.705 0.0000000000
142749  -49.894  -24.934  52.213 0.0000000000
70409  -49.076  -24.877  52.040 0.0000000000
70421  -48.835  -25.195  51.443 0.0000000000
70435  -49.005  -25.494  50.769 0.0000000000
70422  -49.860  -25.314  51.486 0.0000000000
70436  -49.964  -25.660  50.484 0.0000000000
71301  -52.793  -24.561  53.613 0.0000000000
71319  -52.360  -24.834  53.026 0.0000000000
70394  -53.266  -24.886  53.135 0.0000000000
59426  -46.001  -37.854  53.504 0.0000000000
59428  -47.116  -37.376  54.137 0.0000000000
58430  -46.588  -37.908  54.106 0.0000000000
58414  -47.460  -38.256  55.544 0.0000000000
141802  -47.760  -37.786  55.319 0.0000000000
58415  -48.352  -37.958  55.948 0.0000000000
56364  -41.081  -38.892  55.821 0.0000000000
56386  -42.387  -38.539  54.234 0.0000000000
56385  -41.730  -38.556  53.961 0.0000000000
57390  -41.140  -38.570  53.127 0.0000000000
57391  -42.000  -38.559  53.310 0.0000000000
57405  -42.367  -38.563  52.410 0.0000000000
58429  -45.647  -38.252  53.992 0.0000000000
57408  -44.900  -38.309  53.674 0.0000000000
42497  -6.838  -54.714  60.275 0.0000000000
42510  -7.703  -55.138  59.787 0.0000000000
40741  -8.437  -57.345  57.495 0.0000000000
41653  -7.924  -56.456  57.474 0.0000000000
40740  -7.885  -57.284  56.819 0.0000000000
41652  -7.005  -56.728  56.763 0.0000000000
40761  -7.128  -57.534  56.311 0.0000000000
40786  -7.341  -58.325  56.053 0.0000000000
38987  -7.032  -59.623  55.318 0.0000000000
38105  -7.055  -60.522  55.237 0.0000000000
144339  -6.216  -61.391  54.460 0.0000000000
37078  -9.801  -59.779  69.720 0.0000000000
37077  -9.259  -60.339  69.536 0.0000000000
37084  -9.078  -60.679  68.787 0.0000000000
129731  -43.103  -39.605  61.305 0.0000000000
54412  -41.491  -43.356  63.015 0.0000000000
130217  -41.258  -42.610  63.380 0.0000000000
135332  -40.365  -40.963  62.920 0.0000000000
54410  -40.689  -41.765  63.099 0.0000000000
55331  -39.904  -40.731  62.196 0.0000000000
57283  -39.964  -40.145  61.919 0.0000000000
57298  -42.296  -39.705  61.848 0.0000000000
57297  -41.145  -39.758  61.812 0.0000000000
49676  -29.706  -47.060  73.951 0.0000000000
50601  -29.899  -46.470  73.582 0.0000000000
50652  -30.922  -46.418  67.294 0.0000000000
69563  -52.921  -26.210  47.083 0.0000000000
70459  -52.516  -25.941  46.549 0.0000000000
69564  -53.764  -25.882  47.219 0.0000000000
70462  -55.421  -24.854  47.071 0.0000000000
70461  -54.049  -25.179  46.706 0.0000000000
146573  -54.180  -24.670  46.340 0.0000000000
71348  -55.341  -23.949  46.098 0.0000000000
71340  -55.762  -24.367  46.651 0.0000000000
134501  -4.746  -48.645  66.703 0.0000000000
47980  -4.897  -49.049  65.985 0.0000000000
47977  -4.677  -49.284  66.901 0.0000000000
46275  -5.297  -51.176  66.806 0.0000000000
44353  -5.619  -52.682  67.341 0.0000000000
69486  -48.122  -26.867  56.817 0.0000000000
69480  -48.561  -26.426  57.478 0.0000000000
129695  -44.946  -33.507  52.956 0.0000000000
146176  -46.509  -30.615  53.795 0.0000000000
127673  -45.213  -32.210  53.199 0.0000000000
64876  -45.503  -31.471  53.334 0.0000000000
132838  -45.530  -29.883  53.717 0.0000000000
66827  -46.237  -29.960  53.918 0.0000000000
68617  -48.040  -28.153  55.864 0.0000000000
123673  -47.744  -27.276  56.156 0.0000000000
41465  -16.328  -56.848  72.598 0.0000000000
38789  -16.115  -57.908  71.093 0.0000000000
38798  -16.009  -57.739  70.708 0.0000000000
38797  -14.909  -57.675  70.698 0.0000000000
38810  -15.750  -57.636  70.289 0.0000000000
124059  -17.289  -55.024  64.300 0.0000000000
41563  -16.352  -54.861  63.887 0.0000000000
50699  -11.434  -46.118  63.412 0.0000000000
49785  -9.436  -47.654  61.491 0.0000000000
49786  -10.142  -47.337  61.124 0.0000000000
49795  -9.687  -47.659  60.603 0.0000000000
46417  -5.176  -52.241  56.201 0.0000000000
45486  -5.079  -53.113  55.689 0.0000000000
44494  -5.557  -53.097  54.137 0.0000000000
45500  -5.348  -52.433  54.758 0.0000000000
46443  -5.309  -51.545  54.628 0.0000000000
47259  -5.186  -50.485  54.370 0.0000000000
45512  -5.549  -52.345  54.221 0.0000000000
132810  -7.872  -52.119  72.155 0.0000000000
46220  -7.686  -51.287  72.462 0.0000000000
46210  -7.243  -52.082  72.624 0.0000000000
46209  -6.688  -51.900  72.871 0.0000000000
37065  -4.823  -60.585  69.645 0.0000000000
130368  -4.570  -59.928  69.761 0.0000000000
139118  -4.581  -60.439  69.167 0.0000000000
37990  -4.257  -60.413  67.437 0.0000000000
38831  -4.346  -59.508  68.533 0.0000000000
39704  -4.441  -58.917  68.191 0.0000000000
39717  -4.555  -58.907  67.423 0.0000000000
38850  -4.434  -59.578  66.800 0.0000000000
37127  -4.147  -61.355  64.770 0.0000000000
123597  -4.393  -60.241  65.317 0.0000000000
38014  -4.410  -61.059  63.977 0.0000000000
38871  -4.763  -60.404  63.963 0.0000000000
37155  -4.400  -61.502  63.138 0.0000000000
50713  -41.603  -46.270  62.764 0.0000000000
139108  -41.629  -46.031  63.428 0.0000000000
49743  -40.814  -46.155  65.591 0.0000000000
49753  -40.951  -46.352  64.849 0.0000000000
50683  -41.360  -45.795  65.455 0.0000000000
50694  -41.703  -45.365  64.603 0.0000000000
51723  -41.842  -44.864  64.440 0.0000000000
51730  -41.767  -45.009  63.670 0.0000000000
52644  -41.844  -44.443  64.246 0.0000000000
142774  -41.817  -44.077  64.132 0.0000000000
53499  -42.229  -43.850  64.780 0.0000000000
50681  -36.803  -46.656  64.766 0.0000000000
52546  -32.937  -43.838  71.480 0.0000000000
53450  -35.688  -42.802  70.531 0.0000000000
52556  -35.135  -43.122  69.994 0.0000000000
141695  -34.237  -43.728  68.869 0.0000000000
52555  -33.979  -43.514  70.359 0.0000000000
52568  -33.661  -43.795  69.607 0.0000000000
52586  -32.286  -44.410  68.819 0.0000000000
52601  -32.531  -44.319  67.962 0.0000000000
51710  -32.072  -44.448  65.504 0.0000000000
70446  -56.077  -25.668  50.261 0.0000000000
139831  -50.441  -25.816  50.088 0.0000000000
128029  -49.880  -26.595  48.453 0.0000000000
69527  -50.860  -26.033  49.716 0.0000000000
69550  -51.259  -26.655  48.204 0.0000000000
69551  -52.198  -26.498  48.478 0.0000000000
69556  -52.452  -26.570  47.696 0.0000000000
69552  -53.129  -26.454  48.336 0.0000000000
69532  -55.131  -25.805  50.334 0.0000000000
69543  -54.463  -26.096  49.550 0.0000000000
137140  -48.426  -31.894  54.115 0.0000000000
64860  -48.882  -31.378  54.571 0.0000000000
63920  -48.915  -32.267  54.460 0.0000000000
62998  -49.717  -33.143  55.116 0.0000000000
63916  -49.877  -32.396  55.307 0.0000000000
61209  -49.014  -36.200  55.182 0.0000000000
147019  -48.867  -35.406  54.841 0.0000000000
57428  -42.972  -38.432  51.897 0.0000000000
58447  -43.393  -37.988  51.628 0.0000000000
60332  -44.713  -36.536  52.002 0.0000000000
138493  -44.325  -36.183  51.705 0.0000000000
62144  -44.754  -35.155  52.329 0.0000000000
127294  -47.616  -33.317  53.694 0.0000000000
63005  -46.787  -33.620  53.310 0.0000000000
63923  -47.643  -32.146  53.754 0.0000000000
44389  -22.933  -53.813  63.953 0.0000000000
44390  -23.091  -53.861  63.121 0.0000000000
41593  -23.322  -55.384  61.944 0.0000000000
142260  -9.224  -41.639  58.628 0.0000000000
54447  -11.273  -43.104  57.597 0.0000000000
54451  -10.838  -42.838  56.965 0.0000000000
53540  -11.097  -44.267  56.077 0.0000000000
48009  -6.106  -49.996  62.297 0.0000000000
47178  -5.702  -50.720  61.950 0.0000000000
45422  -5.518  -52.774  59.805 0.0000000000
129856  -5.631  -52.185  60.159 0.0000000000
46386  -5.666  -52.359  58.968 0.0000000000
42508  -6.133  -54.567  58.858 0.0000000000
43422  -5.929  -54.220  59.261 0.0000000000
43433  -5.753  -54.319  58.386 0.0000000000
43432  -5.456  -54.126  57.823 0.0000000000
43431  -5.280  -53.891  57.455 0.0000000000
44444  -5.360  -53.663  57.685 0.0000000000
43439  -5.066  -53.909  56.828 0.0000000000
43448  -5.086  -54.357  56.685 0.0000000000
42556  -4.643  -55.080  54.813 0.0000000000
38993  -5.531  -59.548  54.235 0.0000000000
39911  -5.266  -58.690  54.447 0.0000000000
38995  -5.172  -59.794  53.499 0.0000000000
41458  -9.538  -56.750  72.660 0.0000000000
41445  -9.070  -57.263  72.921 0.0000000000
37946  -7.911  -59.364  72.306 0.0000000000
39657  -7.899  -58.348  72.788 0.0000000000
38778  -7.325  -59.282  72.119 0.0000000000
38777  -6.689  -59.136  71.904 0.0000000000
37948  -6.657  -59.633  71.718 0.0000000000
36109  -7.890  -60.632  70.787 0.0000000000
36123  -7.668  -61.108  70.150 0.0000000000
36121  -6.519  -61.566  69.923 0.0000000000
36107  -6.819  -61.084  70.638 0.0000000000
36106  -6.123  -61.095  70.570 0.0000000000
147291  -6.120  -60.372  71.290 0.0000000000
36105  -5.577  -60.922  70.442 0.0000000000
37066  -5.198  -60.722  70.214 0.0000000000
143590  -5.434  -62.628  67.713 0.0000000000
35175  -5.219  -62.767  66.981 0.0000000000
36183  -4.896  -62.132  67.020 0.0000000000
122841  -45.068  -39.300  57.025 0.0000000000
53515  -41.088  -43.899  61.466 0.0000000000
54431  -40.660  -43.282  61.140 0.0000000000
57344  -40.474  -39.443  58.247 0.0000000000
56342  -40.768  -39.397  57.568 0.0000000000
122980  -43.334  -39.312  57.333 0.0000000000
56356  -43.604  -39.023  56.681 0.0000000000
47113  -27.469  -50.292  71.317 0.0000000000
46244  -26.849  -50.726  70.973 0.0000000000
125793  -26.833  -50.600  70.060 0.0000000000
46259  -25.372  -50.978  68.872 0.0000000000
46260  -26.221  -50.435  68.642 0.0000000000
50617  -30.962  -45.958  71.800 0.0000000000
49699  -30.578  -46.265  72.329 0.0000000000
48802  -30.369  -46.989  72.344 0.0000000000
48812  -30.496  -47.198  71.600 0.0000000000
49722  -30.596  -47.126  68.431 0.0000000000
47976  -30.088  -47.952  68.303 0.0000000000
47143  -29.090  -48.699  68.551 0.0000000000
47972  -29.565  -48.388  68.923 0.0000000000
47136  -29.276  -48.604  69.417 0.0000000000
47969  -29.555  -48.463  70.294 0.0000000000
47135  -28.649  -49.103  69.192 0.0000000000
47125  -28.565  -49.301  70.230 0.0000000000
47141  -28.064  -49.443  68.517 0.0000000000
127421  -26.411  -49.622  66.204 0.0000000000
46277  -26.432  -49.873  66.940 0.0000000000
145773  -25.778  -50.021  66.662 0.0000000000
140182  -24.800  -50.369  66.682 0.0000000000
45353  -23.230  -51.576  65.231 0.0000000000
132453  -23.811  -50.866  64.830 0.0000000000
46330  -24.703  -50.352  63.225 0.0000000000
46329  -23.663  -51.155  63.033 0.0000000000
72182  -55.997  -23.352  45.687 0.0000000000
72189  -54.803  -22.799  44.772 0.0000000000
72190  -55.729  -22.771  45.015 0.0000000000
73119  -57.222  -21.957  43.960 0.0000000000
51701  -9.560  -46.136  65.942 0.0000000000
50689  -9.232  -46.827  64.462 0.0000000000
50688  -8.292  -46.958  64.587 0.0000000000
125410  -6.934  -45.675  67.587 0.0000000000
50686  -6.468  -47.244  65.086 0.0000000000
50675  -7.018  -46.761  65.542 0.0000000000
49756  -6.077  -47.738  64.682 0.0000000000
49757  -6.868  -47.539  64.349 0.0000000000
48850  -6.248  -48.433  63.736 0.0000000000
48849  -5.774  -48.848  63.968 0.0000000000
47991  -5.434  -50.077  63.779 0.0000000000
47166  -5.430  -50.431  63.393 0.0000000000
45382  -5.404  -51.361  62.614 0.0000000000
46346  -5.376  -50.838  63.206 0.0000000000
47151  -5.211  -50.171  65.145 0.0000000000
46289  -5.265  -50.552  64.967 0.0000000000
44388  -6.274  -52.903  63.532 0.0000000000
44387  -5.709  -52.489  62.989 0.0000000000
44395  -6.070  -53.064  62.509 0.0000000000
43388  -6.262  -53.599  62.043 0.0000000000
43389  -6.933  -53.977  62.585 0.0000000000
122652  -8.116  -55.967  62.788 0.0000000000
133848  -8.198  -55.404  62.168 0.0000000000
40679  -8.574  -56.578  60.573 0.0000000000
40678  -8.275  -56.888  61.402 0.0000000000
73041  -50.309  -22.632  55.997 0.0000000000
73028  -50.776  -22.236  56.592 0.0000000000
73020  -50.469  -22.142  57.217 0.0000000000
57364  -47.206  -39.041  56.793 0.0000000000
67759  -45.700  -29.153  54.088 0.0000000000
67752  -45.370  -28.160  54.254 0.0000000000
69490  -45.600  -26.525  54.469 0.0000000000
70385  -45.751  -25.810  54.212 0.0000000000
134751  -46.196  -25.199  53.972 0.0000000000
71279  -46.793  -24.740  54.244 0.0000000000
146799  -49.002  -23.195  56.292 0.0000000000
72125  -48.918  -23.351  55.718 0.0000000000
72126  -49.483  -22.917  56.153 0.0000000000
140971  -49.853  -23.100  55.435 0.0000000000
41461  -12.028  -56.585  72.523 0.0000000000
40526  -11.742  -57.486  72.538 0.0000000000
39661  -11.340  -58.074  72.548 0.0000000000
39666  -11.733  -58.430  72.209 0.0000000000
40533  -14.565  -57.321  72.477 0.0000000000
126571  -13.943  -57.774  72.261 0.0000000000
127230  -13.760  -58.138  71.772 0.0000000000
37966  -12.238  -58.380  70.951 0.0000000000
37962  -12.164  -58.440  71.313 0.0000000000
37961  -11.452  -58.693  71.386 0.0000000000
37965  -11.587  -58.649  71.037 0.0000000000
37972  -11.013  -58.975  70.669 0.0000000000
128066  -11.055  -58.928  70.115 0.0000000000
38832  -11.567  -58.458  68.546 0.0000000000
37986  -10.997  -58.783  68.790 0.0000000000
37991  -10.895  -58.958  67.910 0.0000000000
126145  -10.339  -59.644  67.356 0.0000000000
37996  -10.848  -59.147  66.762 0.0000000000
147513  -22.937  -54.695  64.510 0.0000000000
42449  -22.658  -54.307  65.934 0.0000000000
135087  -22.829  -55.165  64.991 0.0000000000
127801  -21.975  -56.388  65.219 0.0000000000
147481  -22.353  -56.102  65.348 0.0000000000
40616  -22.169  -56.174  65.852 0.0000000000
40598  -21.960  -56.369  66.638 0.0000000000
126335  -21.178  -56.673  66.228 0.0000000000
40648  -20.496  -56.410  63.691 0.0000000000
40647  -19.962  -56.342  63.968 0.0000000000
39749  -19.688  -57.019  66.341 0.0000000000
39750  -20.284  -56.891  66.071 0.0000000000
138512  -20.607  -56.906  66.517 0.0000000000
136933  -20.915  -56.901  66.984 0.0000000000
39725  -20.878  -57.164  67.863 0.0000000000
39712  -20.988  -57.335  68.841 0.0000000000
39711  -20.424  -57.409  68.681 0.0000000000
39709  -18.494  -57.569  68.717 0.0000000000
136174  -19.525  -57.567  69.391 0.0000000000
38839  -18.778  -57.596  69.341 0.0000000000
38813  -19.530  -57.616  70.338 0.0000000000
38825  -18.190  -57.631  69.830 0.0000000000
125204  -17.676  -57.619  70.247 0.0000000000
39721  -16.296  -57.497  68.267 0.0000000000
39706  -15.734  -57.578  68.958 0.0000000000
38835  -15.177  -57.549  69.445 0.0000000000
39705  -14.762  -57.510  68.857 0.0000000000
40630  -14.534  -56.010  64.891 0.0000000000
40611  -14.956  -56.237  65.845 0.0000000000
39718  -13.013  -57.517  67.557 0.0000000000
38846  -12.102  -58.052  67.555 0.0000000000
38852  -12.170  -57.962  66.601 0.0000000000
54403  -13.357  -42.237  63.020 0.0000000000
54402  -12.963  -41.750  62.317 0.0000000000
55340  -12.528  -41.741  61.623 0.0000000000
54414  -12.959  -42.411  61.672 0.0000000000
51732  -12.519  -45.290  62.420 0.0000000000
124024  -12.728  -45.169  61.670 0.0000000000
51740  -12.668  -45.329  59.821 0.0000000000
140902  -12.869  -44.814  60.519 0.0000000000
52650  -12.813  -44.389  59.945 0.0000000000
53517  -12.678  -43.506  60.161 0.0000000000
52652  -12.614  -44.662  59.123 0.0000000000
53526  -12.313  -44.063  58.579 0.0000000000
52657  -12.372  -44.833  58.344 0.0000000000
50779  -11.017  -46.407  56.813 0.0000000000
51770  -11.399  -45.725  56.715 0.0000000000
51769  -10.642  -46.049  56.245 0.0000000000
51784  -10.310  -45.383  55.672 0.0000000000
48010  -6.767  -49.865  61.535 0.0000000000
48023  -7.551  -49.633  60.415 0.0000000000
48052  -6.964  -49.415  58.132 0.0000000000
48038  -7.611  -49.375  58.924 0.0000000000
48893  -8.621  -48.503  59.411 0.0000000000
48904  -7.872  -48.706  58.500 0.0000000000
48064  -5.512  -49.598  56.427 0.0000000000
49831  -5.961  -47.914  56.407 0.0000000000
136616  -5.730  -48.320  56.394 0.0000000000
49832  -6.564  -47.807  56.683 0.0000000000
49818  -7.158  -48.245  57.390 0.0000000000
49833  -7.347  -47.630  56.956 0.0000000000
49848  -6.663  -47.421  56.439 0.0000000000
50794  -6.142  -46.570  55.335 0.0000000000
51780  -5.882  -46.085  54.602 0.0000000000
51798  -5.986  -45.608  54.063 0.0000000000
50809  -5.378  -46.320  54.487 0.0000000000
47108  -4.758  -50.802  71.222 0.0000000000
41456  -7.874  -56.084  72.528 0.0000000000
42385  -7.693  -55.268  72.396 0.0000000000
129453  -7.271  -55.858  72.514 0.0000000000
41440  -6.044  -55.816  72.189 0.0000000000
42378  -6.343  -55.070  72.426 0.0000000000
42377  -5.865  -54.744  72.271 0.0000000000
125420  -6.297  -53.601  72.675 0.0000000000
43286  -5.547  -54.319  72.007 0.0000000000
40550  -4.868  -57.810  70.953 0.0000000000
42407  -5.160  -55.466  70.679 0.0000000000
127599  -5.097  -55.984  71.001 0.0000000000
138561  -5.289  -54.461  71.221 0.0000000000
43285  -5.323  -53.896  71.602 0.0000000000
43291  -5.110  -53.506  71.231 0.0000000000
44301  -4.901  -52.637  71.248 0.0000000000
44309  -4.790  -53.116  70.913 0.0000000000
44315  -4.578  -53.023  70.281 0.0000000000
145418  -4.497  -52.764  69.730 0.0000000000
46245  -4.403  -51.794  70.169 0.0000000000
45311  -4.595  -52.197  69.692 0.0000000000
46264  -4.762  -51.640  68.800 0.0000000000
45319  -4.947  -52.407  69.093 0.0000000000
124337  -5.446  -54.728  68.126 0.0000000000
131529  -5.664  -54.726  67.567 0.0000000000
140254  -5.960  -54.776  67.056 0.0000000000
39732  -5.047  -58.465  66.501 0.0000000000
40593  -5.235  -57.659  66.862 0.0000000000
127085  -5.281  -58.017  66.230 0.0000000000
40627  -5.869  -57.793  64.883 0.0000000000
41544  -6.314  -56.922  65.243 0.0000000000
40628  -6.481  -57.298  64.406 0.0000000000
41559  -7.161  -56.823  63.956 0.0000000000
40644  -6.684  -57.534  63.609 0.0000000000
39791  -6.474  -58.328  62.255 0.0000000000
39818  -6.491  -58.896  60.614 0.0000000000
39819  -7.536  -58.171  60.341 0.0000000000
38913  -6.114  -59.503  60.217 0.0000000000
33103  -4.575  -64.549  64.458 0.0000000000
34202  -3.846  -64.913  62.946 0.0000000000
33159  -3.945  -65.589  62.872 0.0000000000
137371  -4.091  -64.631  63.637 0.0000000000
35224  -3.834  -63.753  61.194 0.0000000000
131136  -3.994  -63.101  61.715 0.0000000000
36234  -4.268  -62.437  61.897 0.0000000000
129446  -4.404  -62.492  61.250 0.0000000000
37189  -5.056  -62.137  60.273 0.0000000000
144915  -5.292  -61.342  60.007 0.0000000000
37190  -5.299  -61.753  59.803 0.0000000000
37200  -5.727  -61.414  58.766 0.0000000000
141264  -6.110  -61.716  58.065 0.0000000000
38082  -6.385  -60.444  58.328 0.0000000000
38093  -6.213  -61.125  58.092 0.0000000000
38094  -7.013  -60.503  57.218 0.0000000000
53462  -41.637  -43.395  69.816 0.0000000000
53454  -40.961  -43.030  70.317 0.0000000000
50643  -39.905  -45.454  67.798 0.0000000000
50644  -40.401  -45.490  67.860 0.0000000000
51667  -40.354  -45.226  68.503 0.0000000000
51652  -40.834  -44.945  69.140 0.0000000000
51664  -38.714  -45.164  67.933 0.0000000000
51665  -39.230  -45.020  68.351 0.0000000000
50642  -39.285  -45.427  67.654 0.0000000000
53452  -37.964  -43.084  70.561 0.0000000000
52559  -38.644  -43.563  70.031 0.0000000000
52571  -38.217  -43.900  69.255 0.0000000000
72129  -53.571  -23.369  54.987 0.0000000000
122821  -49.013  -23.846  54.105 0.0000000000
71297  -48.664  -24.230  53.430 0.0000000000
71298  -49.696  -24.291  53.388 0.0000000000
71317  -50.400  -24.757  52.730 0.0000000000
146413  -50.939  -24.975  52.491 0.0000000000
71300  -51.766  -24.507  53.506 0.0000000000
57395  -46.028  -38.463  54.679 0.0000000000
58420  -46.521  -38.297  54.711 0.0000000000
57372  -47.023  -38.694  55.814 0.0000000000
124731  -42.518  -38.594  55.525 0.0000000000
56376  -42.783  -38.545  54.972 0.0000000000
56387  -43.181  -38.544  54.500 0.0000000000
57393  -43.659  -38.514  53.930 0.0000000000
57394  -45.365  -38.542  54.656 0.0000000000
41620  -8.684  -56.386  59.192 0.0000000000
42511  -8.420  -55.695  59.467 0.0000000000
40725  -8.645  -56.760  58.251 0.0000000000
40762  -8.292  -57.962  56.872 0.0000000000
39885  -7.924  -58.521  56.440 0.0000000000
39886  -8.175  -58.496  56.904 0.0000000000
38979  -7.829  -59.197  56.510 0.0000000000
38102  -7.355  -60.665  56.108 0.0000000000
37094  -9.981  -59.892  67.908 0.0000000000
37093  -9.488  -60.409  68.172 0.0000000000
36199  -9.030  -61.257  66.453 0.0000000000
54393  -41.861  -42.024  64.731 0.0000000000
54400  -41.267  -41.921  63.958 0.0000000000
56284  -40.759  -40.670  63.204 0.0000000000
57273  -41.001  -40.184  63.034 0.0000000000
57286  -42.492  -39.477  62.832 0.0000000000
52521  -30.166  -44.404  73.428 0.0000000000
49746  -30.583  -46.638  65.628 0.0000000000
143560  -55.146  -25.628  47.954 0.0000000000
70455  -55.654  -25.187  47.634 0.0000000000
70457  -57.417  -24.886  48.263 0.0000000000
146398  -4.587  -49.399  67.521 0.0000000000
47974  -4.545  -49.497  68.161 0.0000000000
46265  -5.122  -51.396  67.824 0.0000000000
68609  -48.895  -27.352  57.222 0.0000000000
123311  -49.185  -28.206  56.973 0.0000000000
64863  -46.072  -32.243  53.324 0.0000000000
66823  -47.351  -29.426  54.661 0.0000000000
67749  -48.305  -28.950  55.622 0.0000000000
40535  -16.388  -57.283  72.234 0.0000000000
40544  -17.259  -57.392  71.931 0.0000000000
38790  -16.955  -57.818  71.290 0.0000000000
127080  -16.723  -57.795  70.851 0.0000000000
45317  -24.051  -51.981  69.413 0.0000000000
54455  -10.024  -42.637  55.422 0.0000000000
54459  -9.477  -42.628  54.524 0.0000000000
53548  -9.423  -43.715  54.555 0.0000000000
50697  -9.604  -47.061  63.694 0.0000000000
50698  -10.539  -46.689  63.377 0.0000000000
50706  -9.795  -47.163  62.859 0.0000000000
49777  -9.090  -47.587  62.438 0.0000000000
44486  -5.001  -53.976  55.184 0.0000000000
45499  -5.260  -53.224  54.867 0.0000000000
44492  -5.225  -54.009  54.524 0.0000000000
147133  -5.362  -53.842  54.282 0.0000000000
45289  -8.107  -52.836  71.860 0.0000000000
45281  -7.522  -53.045  72.365 0.0000000000
37083  -4.688  -61.082  68.304 0.0000000000
123350  -4.500  -60.608  68.542 0.0000000000
37092  -4.443  -60.902  67.716 0.0000000000
37995  -4.246  -60.282  66.825 0.0000000000
123627  -4.354  -60.136  66.033 0.0000000000
140014  -4.191  -60.851  66.133 0.0000000000
129157  -42.258  -45.056  66.594 0.0000000000
51698  -41.896  -45.307  66.045 0.0000000000
51699  -42.367  -44.719  66.183 0.0000000000
52626  -42.519  -44.082  65.934 0.0000000000
53490  -42.525  -43.526  65.648 0.0000000000
49748  -38.026  -47.192  64.931 0.0000000000
52569  -35.719  -43.435  69.279 0.0000000000
52602  -33.424  -43.990  67.530 0.0000000000
69528  -51.646  -25.941  50.023 0.0000000000
69529  -52.528  -25.954  50.236 0.0000000000
140823  -53.792  -26.168  49.684 0.0000000000
70441  -54.835  -25.636  51.164 0.0000000000
63002  -48.309  -33.475  54.079 0.0000000000
62112  -49.391  -33.901  54.928 0.0000000000
59438  -45.171  -37.001  52.458 0.0000000000
60325  -45.399  -36.239  52.486 0.0000000000
61215  -45.417  -35.403  52.528 0.0000000000
62132  -46.083  -34.941  52.923 0.0000000000
62123  -47.221  -34.319  53.517 0.0000000000
44410  -23.367  -53.204  61.794 0.0000000000
54441  -10.239  -42.000  58.572 0.0000000000
142815  -10.593  -42.152  59.089 0.0000000000
54442  -11.159  -42.655  58.465 0.0000000000
53525  -11.791  -43.525  58.108 0.0000000000
47177  -5.447  -50.861  62.568 0.0000000000
46374  -5.402  -52.135  61.114 0.0000000000
41651  -6.216  -55.457  57.547 0.0000000000
42521  -5.864  -54.784  57.912 0.0000000000
122446  -5.198  -55.028  56.650 0.0000000000
42540  -4.991  -54.858  56.304 0.0000000000
126456  -4.872  -55.476  55.848 0.0000000000
134752  -4.550  -56.859  54.114 0.0000000000
40804  -4.702  -57.458  54.063 0.0000000000
39659  -9.635  -58.155  72.947 0.0000000000
40523  -9.369  -57.787  73.045 0.0000000000
38772  -9.023  -58.861  72.742 0.0000000000
37947  -8.660  -59.235  72.458 0.0000000000
125405  -7.648  -59.708  71.912 0.0000000000
35156  -7.527  -61.911  68.703 0.0000000000
36148  -7.287  -61.532  69.686 0.0000000000
35155  -7.068  -61.983  69.059 0.0000000000
35154  -6.550  -62.084  69.198 0.0000000000
36147  -6.082  -61.977  69.391 0.0000000000
35152  -5.633  -61.905  69.150 0.0000000000
35153  -6.018  -62.447  68.702 0.0000000000
35167  -5.783  -62.868  67.990 0.0000000000
56333  -43.916  -39.456  57.952 0.0000000000
124825  -44.802  -39.434  57.848 0.0000000000
144353  -40.345  -42.624  61.607 0.0000000000
124143  -40.673  -39.670  59.940 0.0000000000
57330  -41.386  -39.688  59.179 0.0000000000
148307  -41.743  -39.627  58.721 0.0000000000
56343  -41.626  -39.354  57.510 0.0000000000
125646  -42.194  -39.535  58.263 0.0000000000
122981  -43.091  -39.507  58.045 0.0000000000
47106  -27.859  -49.690  72.470 0.0000000000
47114  -27.980  -49.780  71.644 0.0000000000
47133  -27.476  -50.241  70.422 0.0000000000
51626  -31.542  -44.836  71.939 0.0000000000
124690  -31.258  -45.327  71.791 0.0000000000
126856  -31.002  -46.227  71.042 0.0000000000
47981  -29.260  -48.354  66.376 0.0000000000
47978  -29.408  -48.406  67.193 0.0000000000
47150  -28.891  -48.763  66.734 0.0000000000
47145  -28.504  -49.118  67.146 0.0000000000
140924  -28.070  -49.291  66.827 0.0000000000
46263  -28.087  -49.356  67.528 0.0000000000
46293  -26.208  -49.584  65.460 0.0000000000
46309  -24.681  -50.293  64.351 0.0000000000
71354  -52.219  -24.154  44.892 0.0000000000
50660  -6.050  -46.573  66.626 0.0000000000
50661  -6.741  -46.434  66.374 0.0000000000
50685  -5.841  -47.488  65.425 0.0000000000
48839  -5.530  -48.704  64.647 0.0000000000
47987  -5.408  -49.832  64.284 0.0000000000
45352  -5.569  -51.588  65.551 0.0000000000
45361  -5.502  -51.612  64.515 0.0000000000
43380  -7.197  -54.106  63.596 0.0000000000
42466  -7.848  -55.582  63.452 0.0000000000
72124  -49.121  -23.085  56.813 0.0000000000
73019  -50.059  -22.452  57.698 0.0000000000
68615  -46.559  -27.031  55.332 0.0000000000
68620  -46.040  -27.271  54.825 0.0000000000
69488  -46.487  -26.052  55.511 0.0000000000
70382  -46.854  -25.349  55.624 0.0000000000
71275  -47.356  -24.667  55.777 0.0000000000
71274  -46.979  -24.723  55.041 0.0000000000
72123  -48.608  -23.568  56.534 0.0000000000
41462  -13.106  -56.404  72.710 0.0000000000
38787  -14.343  -57.826  71.127 0.0000000000
142056  -13.833  -58.026  71.395 0.0000000000
124434  -13.491  -58.004  71.200 0.0000000000
38795  -13.102  -58.005  70.845 0.0000000000
37974  -12.347  -58.278  70.521 0.0000000000
37980  -11.706  -58.522  70.090 0.0000000000
127041  -22.868  -55.922  62.968 0.0000000000
128468  -22.685  -55.932  63.846 0.0000000000
40649  -22.302  -56.254  63.271 0.0000000000
39782  -21.581  -56.417  63.645 0.0000000000
131639  -21.065  -56.522  64.835 0.0000000000
40632  -18.948  -56.152  64.891 0.0000000000
40633  -19.673  -56.453  64.802 0.0000000000
40615  -19.317  -56.644  65.631 0.0000000000
141569  -19.725  -57.226  67.123 0.0000000000
39724  -20.173  -57.269  67.740 0.0000000000
39737  -19.085  -57.214  67.080 0.0000000000
39722  -18.468  -57.380  67.814 0.0000000000
146507  -17.891  -57.555  68.356 0.0000000000
39708  -17.531  -57.659  68.983 0.0000000000
144152  -17.175  -57.540  68.355 0.0000000000
40582  -15.903  -57.133  67.478 0.0000000000
40610  -13.845  -56.626  65.226 0.0000000000
38857  -12.594  -57.548  65.366 0.0000000000
147599  -12.188  -57.902  65.744 0.0000000000
147846  -11.629  -46.613  60.552 0.0000000000
50717  -12.210  -46.195  60.728 0.0000000000
50725  -11.968  -46.400  59.982 0.0000000000
50737  -12.281  -46.065  59.374 0.0000000000
138157  -12.189  -45.434  58.136 0.0000000000
51752  -11.932  -46.144  58.369 0.0000000000
50760  -10.828  -46.768  57.323 0.0000000000
50778  -10.186  -46.687  56.746 0.0000000000
47196  -6.810  -50.842  59.346 0.0000000000
48037  -6.911  -50.225  58.360 0.0000000000
48051  -6.283  -49.475  57.433 0.0000000000
48075  -5.222  -49.327  55.805 0.0000000000
140616  -5.204  -48.395  55.840 0.0000000000
48929  -5.442  -47.932  56.024 0.0000000000
49846  -5.689  -47.499  55.872 0.0000000000
147489  -5.353  -47.533  55.631 0.0000000000
49861  -5.444  -47.108  55.395 0.0000000000
50792  -5.257  -46.777  54.898 0.0000000000
50808  -4.939  -46.803  54.315 0.0000000000
39655  -6.787  -58.028  72.284 0.0000000000
41442  -7.063  -56.677  72.502 0.0000000000
40519  -6.658  -57.288  72.294 0.0000000000
41455  -6.062  -56.902  72.017 0.0000000000
41454  -5.641  -56.401  71.782 0.0000000000
40557  -4.679  -57.747  69.988 0.0000000000
127012  -4.847  -57.394  70.614 0.0000000000
123180  -4.900  -56.843  70.223 0.0000000000
126023  -5.066  -56.057  70.376 0.0000000000
43312  -5.086  -54.514  70.461 0.0000000000
131477  -4.778  -53.517  70.593 0.0000000000
127473  -5.144  -54.602  69.852 0.0000000000
43329  -5.105  -53.990  69.568 0.0000000000
43337  -5.262  -53.879  69.031 0.0000000000
130387  -5.374  -54.712  68.617 0.0000000000
42441  -5.425  -55.698  67.714 0.0000000000
38864  -5.027  -59.755  64.371 0.0000000000
39761  -5.223  -59.062  64.772 0.0000000000
39762  -5.629  -58.555  64.329 0.0000000000
39776  -5.802  -58.728  63.441 0.0000000000
39777  -6.270  -58.196  63.111 0.0000000000
39790  -5.943  -58.903  62.585 0.0000000000
33171  -3.715  -65.320  62.188 0.0000000000
126803  -3.708  -64.382  62.383 0.0000000000
34220  -3.680  -64.507  61.594 0.0000000000
34235  -3.795  -64.423  60.738 0.0000000000
37199  -5.419  -62.231  59.197 0.0000000000
48836  -39.396  -47.265  64.716 0.0000000000
49751  -39.592  -46.607  65.427 0.0000000000
49742  -40.165  -46.317  65.767 0.0000000000
145626  -40.708  -45.932  66.213 0.0000000000
50657  -40.721  -45.617  67.415 0.0000000000
126614  -41.065  -45.671  66.812 0.0000000000
126320  -41.798  -45.416  66.735 0.0000000000
52606  -42.910  -44.380  67.274 0.0000000000
51678  -36.083  -44.775  67.283 0.0000000000
51697  -36.456  -45.311  66.690 0.0000000000
50654  -37.084  -45.742  66.380 0.0000000000
132821  -37.696  -46.239  65.995 0.0000000000
50670  -38.430  -46.095  66.342 0.0000000000
49738  -38.206  -46.653  65.600 0.0000000000
49749  -38.817  -46.852  65.361 0.0000000000
51662  -36.114  -44.193  68.089 0.0000000000
70395  -54.365  -25.006  53.184 0.0000000000
70396  -55.421  -24.828  53.480 0.0000000000
71303  -54.746  -24.575  53.798 0.0000000000
71315  -48.355  -24.557  52.694 0.0000000000
139491  -48.045  -24.923  51.878 0.0000000000
70434  -47.395  -25.520  50.766 0.0000000000
127968  -48.164  -25.690  50.289 0.0000000000
141795  -49.319  -26.307  49.088 0.0000000000
70437  -50.893  -25.696  50.577 0.0000000000
70411  -51.312  -25.171  52.256 0.0000000000
70424  -51.895  -25.404  51.884 0.0000000000
70425  -52.752  -25.367  52.094 0.0000000000
70414  -53.537  -25.214  52.605 0.0000000000
60322  -46.915  -36.783  53.683 0.0000000000
60317  -47.589  -36.565  54.135 0.0000000000
60318  -48.333  -36.780  54.942 0.0000000000
58421  -47.102  -37.912  54.838 0.0000000000
59419  -48.363  -37.385  55.444 0.0000000000
125479  -40.867  -38.618  52.028 0.0000000000
57407  -44.106  -38.368  53.282 0.0000000000
58437  -44.516  -38.010  52.799 0.0000000000
59434  -46.124  -37.205  53.087 0.0000000000
55339  -11.735  -41.426  61.274 0.0000000000
43398  -6.011  -53.780  61.179 0.0000000000
43397  -5.736  -53.528  60.554 0.0000000000
43423  -6.251  -54.416  59.801 0.0000000000
41635  -7.205  -55.702  57.987 0.0000000000
40760  -6.039  -57.104  56.217 0.0000000000
39912  -6.045  -59.236  54.953 0.0000000000
136049  -6.368  -60.056  54.715 0.0000000000
37227  -5.747  -61.076  54.034 0.0000000000
37061  -9.642  -59.773  70.861 0.0000000000
37054  -9.614  -59.710  71.188 0.0000000000
37067  -8.824  -60.547  69.993 0.0000000000
36169  -8.947  -60.952  68.144 0.0000000000
36168  -8.526  -61.312  68.462 0.0000000000
122487  -8.078  -61.439  69.025 0.0000000000
35170  -7.601  -62.271  67.994 0.0000000000
56308  -43.465  -39.606  60.096 0.0000000000
56309  -44.178  -39.526  60.122 0.0000000000
57315  -43.685  -39.522  60.741 0.0000000000
53513  -41.540  -44.120  62.690 0.0000000000
53512  -41.289  -43.680  62.213 0.0000000000
122640  -40.423  -42.252  62.272 0.0000000000
54420  -39.858  -41.854  61.719 0.0000000000
55346  -38.868  -40.974  61.032 0.0000000000
56300  -39.338  -40.503  61.445 0.0000000000
57295  -39.540  -39.920  61.217 0.0000000000
57284  -40.660  -40.016  62.257 0.0000000000
57313  -40.880  -39.731  60.923 0.0000000000
48780  -29.691  -47.609  73.437 0.0000000000
48791  -29.907  -47.650  72.707 0.0000000000
50640  -31.349  -45.754  68.828 0.0000000000
50633  -31.313  -45.834  69.757 0.0000000000
49730  -30.900  -46.525  68.379 0.0000000000
49729  -30.492  -47.260  67.538 0.0000000000
48828  -30.035  -47.658  66.662 0.0000000000
48833  -29.961  -47.379  65.746 0.0000000000
48830  -29.574  -47.910  66.090 0.0000000000
47986  -29.118  -48.247  65.639 0.0000000000
47157  -28.142  -48.686  64.984 0.0000000000
47162  -27.625  -48.766  64.200 0.0000000000
129088  -52.809  -25.270  46.183 0.0000000000
71345  -52.702  -24.618  45.556 0.0000000000
71346  -53.493  -24.031  45.452 0.0000000000
72188  -53.384  -23.434  44.841 0.0000000000
72180  -54.155  -23.409  45.177 0.0000000000
71341  -56.670  -24.113  46.739 0.0000000000
49734  -5.085  -47.655  66.734 0.0000000000
47984  -5.230  -49.172  65.203 0.0000000000
47152  -5.143  -50.444  65.973 0.0000000000
46290  -5.330  -50.971  65.726 0.0000000000
44368  -6.262  -53.124  65.932 0.0000000000
71265  -48.955  -24.290  58.326 0.0000000000
70372  -48.827  -25.133  58.272 0.0000000000
69481  -49.380  -26.920  57.884 0.0000000000
63932  -44.687  -32.810  53.002 0.0000000000
66833  -44.838  -30.169  53.347 0.0000000000
128450  -46.923  -28.833  54.742 0.0000000000
68621  -46.743  -28.024  55.070 0.0000000000
69489  -47.054  -26.716  55.846 0.0000000000
69479  -47.822  -25.922  57.046 0.0000000000
41464  -15.614  -56.539  72.744 0.0000000000
40534  -15.265  -57.206  72.513 0.0000000000
39669  -14.813  -57.897  71.994 0.0000000000
39676  -15.458  -57.957  71.454 0.0000000000
143670  -14.404  -57.558  69.677 0.0000000000
41592  -20.462  -55.808  61.247 0.0000000000
41591  -19.949  -55.804  61.786 0.0000000000
41577  -19.704  -55.875  62.625 0.0000000000
41576  -18.910  -55.545  62.960 0.0000000000
41564  -18.940  -55.707  63.983 0.0000000000
41551  -18.190  -55.570  64.549 0.0000000000
41550  -17.351  -55.449  65.140 0.0000000000
40612  -16.218  -56.133  66.203 0.0000000000
41535  -16.544  -55.608  65.552 0.0000000000
41548  -15.115  -55.528  64.561 0.0000000000
146483  -12.448  -44.454  64.452 0.0000000000
52628  -12.795  -44.235  63.825 0.0000000000
51717  -12.349  -44.939  63.951 0.0000000000
51725  -12.171  -45.471  63.287 0.0000000000
51731  -11.933  -45.964  62.607 0.0000000000
50707  -10.603  -46.826  62.454 0.0000000000
50708  -11.436  -46.411  62.058 0.0000000000
50716  -11.622  -46.548  61.248 0.0000000000
50724  -10.934  -47.010  60.818 0.0000000000
49796  -10.349  -47.294  60.256 0.0000000000
46406  -5.252  -52.208  56.726 0.0000000000
46407  -5.368  -51.710  57.016 0.0000000000
46418  -5.317  -51.303  56.251 0.0000000000
141355  -5.187  -51.516  55.651 0.0000000000
131654  -5.204  -52.702  55.160 0.0000000000
128678  -5.156  -50.487  55.483 0.0000000000
47243  -5.064  -50.264  54.740 0.0000000000
48096  -4.971  -49.688  54.354 0.0000000000
48111  -5.059  -49.645  54.010 0.0000000000
47102  -8.189  -50.397  72.033 0.0000000000
47101  -7.433  -50.467  72.753 0.0000000000
47089  -6.390  -51.080  73.149 0.0000000000
46202  -6.205  -51.644  73.035 0.0000000000
45270  -6.105  -52.222  72.910 0.0000000000
148253  -5.040  -59.940  70.877 0.0000000000
39684  -5.052  -58.850  71.106 0.0000000000
38793  -4.775  -59.618  70.543 0.0000000000
37978  -4.408  -60.003  68.906 0.0000000000
38819  -4.423  -59.329  69.352 0.0000000000
39694  -4.520  -58.560  69.725 0.0000000000
40563  -4.564  -58.052  69.233 0.0000000000
40571  -4.750  -57.640  68.598 0.0000000000
40580  -4.968  -57.425  67.922 0.0000000000
39731  -4.729  -58.939  66.703 0.0000000000
39746  -4.822  -59.113  65.991 0.0000000000
38855  -4.594  -59.754  65.612 0.0000000000
39760  -4.896  -59.423  65.232 0.0000000000
38883  -5.027  -60.502  63.053 0.0000000000
38025  -4.859  -61.054  62.672 0.0000000000
52643  -41.796  -45.154  62.980 0.0000000000
48837  -39.897  -47.041  64.443 0.0000000000
49763  -41.066  -46.527  64.100 0.0000000000
50684  -41.755  -45.334  65.332 0.0000000000
50704  -41.536  -46.047  64.006 0.0000000000
54395  -42.464  -43.106  65.260 0.0000000000
54394  -42.223  -42.821  64.834 0.0000000000
55310  -42.174  -41.137  65.083 0.0000000000
52547  -33.690  -43.471  71.137 0.0000000000
51633  -33.088  -43.899  70.877 0.0000000000
51641  -32.448  -44.368  70.614 0.0000000000
51648  -31.754  -44.998  69.306 0.0000000000
50668  -31.460  -45.527  66.917 0.0000000000
52614  -32.617  -44.160  67.018 0.0000000000
51694  -32.025  -44.639  66.497 0.0000000000
69540  -51.477  -26.312  49.110 0.0000000000
69549  -50.588  -26.768  48.074 0.0000000000
68675  -50.317  -27.177  47.090 0.0000000000
146278  -52.511  -26.474  47.324 0.0000000000
69557  -53.270  -26.334  47.659 0.0000000000
129755  -53.804  -26.308  48.930 0.0000000000
69553  -54.472  -26.138  48.731 0.0000000000
70451  -56.092  -25.639  49.272 0.0000000000
65804  -48.785  -30.398  54.951 0.0000000000
66819  -49.295  -29.995  55.687 0.0000000000
65805  -49.541  -30.988  55.364 0.0000000000
63915  -49.393  -32.563  54.796 0.0000000000
62119  -49.102  -34.676  54.834 0.0000000000
63015  -45.519  -33.783  52.957 0.0000000000
125691  -45.961  -34.289  52.940 0.0000000000
63016  -46.192  -33.832  53.088 0.0000000000
63933  -46.124  -33.146  53.132 0.0000000000
64865  -48.045  -31.352  53.955 0.0000000000
126135  -23.164  -51.835  65.933 0.0000000000
44369  -22.796  -52.947  66.152 0.0000000000
127161  -22.772  -53.671  64.563 0.0000000000
43371  -22.857  -54.246  64.514 0.0000000000
42468  -23.249  -54.980  63.308 0.0000000000
43391  -23.310  -54.170  62.429 0.0000000000
42481  -23.367  -54.875  62.526 0.0000000000
41579  -23.214  -55.469  62.735 0.0000000000
40666  -22.519  -56.180  62.354 0.0000000000
128607  -22.087  -56.252  61.340 0.0000000000
126349  -21.669  -56.195  61.217 0.0000000000
40698  -20.840  -55.854  61.046 0.0000000000
54445  -9.948  -41.888  57.963 0.0000000000
54456  -10.449  -43.259  55.701 0.0000000000
131547  -10.058  -44.457  55.210 0.0000000000
48862  -6.793  -48.588  62.990 0.0000000000
49775  -7.468  -48.195  62.816 0.0000000000
146657  -7.019  -48.874  62.422 0.0000000000
47188  -6.263  -51.027  60.674 0.0000000000
46396  -5.502  -52.167  57.852 0.0000000000
43409  -5.744  -53.785  59.580 0.0000000000
44433  -5.574  -53.601  58.880 0.0000000000
44432  -5.468  -53.486  58.225 0.0000000000
45435  -5.323  -53.283  57.596 0.0000000000
45450  -5.135  -52.957  56.865 0.0000000000
130950  -5.004  -53.585  56.234 0.0000000000
44478  -4.986  -53.748  55.634 0.0000000000
42547  -4.772  -54.967  55.600 0.0000000000
43455  -4.853  -54.394  55.312 0.0000000000
43462  -4.918  -54.531  54.639 0.0000000000
41457  -8.695  -56.549  72.652 0.0000000000
41444  -8.311  -57.095  72.847 0.0000000000
40521  -8.018  -57.653  72.939 0.0000000000
40520  -7.388  -57.589  72.622 0.0000000000
39665  -6.766  -58.608  72.114 0.0000000000
38776  -6.130  -58.940  71.731 0.0000000000
38784  -5.804  -59.384  71.502 0.0000000000
126316  -9.055  -59.954  71.255 0.0000000000
124785  -7.788  -60.284  71.369 0.0000000000
37047  -7.400  -60.014  71.688 0.0000000000
36108  -7.355  -60.919  70.672 0.0000000000
36103  -6.913  -60.794  70.976 0.0000000000
37046  -6.929  -60.023  71.668 0.0000000000
37957  -6.388  -59.932  71.598 0.0000000000
37051  -5.957  -60.080  71.445 0.0000000000
37955  -5.706  -59.738  71.438 0.0000000000
37963  -5.268  -60.278  70.854 0.0000000000
37075  -5.043  -61.064  69.281 0.0000000000
36146  -5.248  -61.639  68.786 0.0000000000
36145  -4.962  -61.363  68.481 0.0000000000
36165  -4.786  -61.527  67.738 0.0000000000
132308  -4.618  -62.790  65.807 0.0000000000
56367  -44.688  -38.795  55.909 0.0000000000
136817  -45.319  -39.053  56.338 0.0000000000
126562  -45.911  -39.276  56.847 0.0000000000
52649  -41.159  -44.629  61.077 0.0000000000
56353  -41.071  -39.203  56.722 0.0000000000
147504  -41.638  -38.920  56.244 0.0000000000
56354  -41.975  -39.094  56.831 0.0000000000
56365  -42.281  -38.793  56.206 0.0000000000
56366  -43.046  -38.726  56.146 0.0000000000
123993  -43.860  -38.742  56.044 0.0000000000
46236  -26.891  -50.775  71.856 0.0000000000
46243  -26.289  -51.228  71.527 0.0000000000
45318  -25.067  -51.502  69.768 0.0000000000
46250  -24.551  -51.380  69.017 0.0000000000
45333  -23.665  -51.401  67.398 0.0000000000
51610  -30.258  -45.360  73.133 0.0000000000
130841  -31.113  -44.844  72.414 0.0000000000
51618  -30.550  -45.491  72.753 0.0000000000
50602  -30.131  -46.004  73.150 0.0000000000
49689  -30.268  -46.550  72.806 0.0000000000
147310  -30.092  -47.078  72.939 0.0000000000
47962  -29.767  -48.235  71.783 0.0000000000
49715  -30.945  -46.481  69.752 0.0000000000
49711  -30.870  -46.636  70.367 0.0000000000
48818  -30.632  -47.155  70.354 0.0000000000
47973  -30.029  -48.028  68.913 0.0000000000
128479  -30.376  -47.607  69.643 0.0000000000
127727  -30.500  -47.348  70.951 0.0000000000
145355  -29.866  -48.206  70.796 0.0000000000
136062  -29.533  -48.488  71.177 0.0000000000
148222  -29.018  -48.938  71.398 0.0000000000
47115  -28.561  -49.346  71.126 0.0000000000
47134  -27.980  -49.706  69.664 0.0000000000
132060  -27.368  -50.124  69.674 0.0000000000
46262  -27.551  -49.556  67.895 0.0000000000
46261  -26.903  -49.884  68.288 0.0000000000
132621  -25.583  -50.566  68.187 0.0000000000
124513  -24.449  -50.804  67.288 0.0000000000
46276  -23.821  -51.091  66.674 0.0000000000
45362  -22.981  -51.893  64.526 0.0000000000
45371  -22.893  -52.268  63.343 0.0000000000
46308  -23.480  -51.274  63.950 0.0000000000
142513  -53.961  -22.841  44.522 0.0000000000
73106  -54.548  -22.273  44.047 0.0000000000
73117  -55.200  -21.885  43.419 0.0000000000
74002  -57.406  -21.229  42.701 0.0000000000
51715  -10.830  -46.166  64.923 0.0000000000
50690  -10.175  -46.647  64.279 0.0000000000
50696  -8.735  -47.242  63.871 0.0000000000
122532  -8.759  -46.140  66.223 0.0000000000
50676  -7.860  -46.745  65.258 0.0000000000
49774  -6.997  -48.099  63.352 0.0000000000
48861  -5.939  -49.023  63.469 0.0000000000
48000  -5.635  -49.674  63.208 0.0000000000
47999  -5.438  -49.969  63.637 0.0000000000
47176  -5.411  -50.777  62.919 0.0000000000
47983  -5.302  -49.695  64.844 0.0000000000
47155  -5.322  -50.156  64.521 0.0000000000
46327  -5.369  -51.126  63.691 0.0000000000
46328  -5.330  -51.125  64.125 0.0000000000
45383  -5.445  -52.121  62.564 0.0000000000
44394  -5.712  -52.775  62.115 0.0000000000
43412  -7.098  -54.591  61.164 0.0000000000
42498  -7.843  -55.046  60.615 0.0000000000
43400  -7.522  -54.608  62.177 0.0000000000
42487  -8.034  -55.067  61.425 0.0000000000
42499  -8.442  -55.612  60.805 0.0000000000
41603  -8.717  -56.043  60.153 0.0000000000
40696  -8.688  -56.774  59.822 0.0000000000
40711  -8.377  -57.590  59.636 0.0000000000
146611  -52.167  -22.517  55.854 0.0000000000
73029  -51.777  -22.009  56.514 0.0000000000
57363  -46.811  -38.937  56.253 0.0000000000
67757  -44.017  -28.564  53.331 0.0000000000
68623  -44.129  -27.585  53.528 0.0000000000
68619  -45.461  -27.330  54.417 0.0000000000
68624  -44.798  -27.378  53.995 0.0000000000
69497  -44.297  -26.669  53.445 0.0000000000
70391  -44.725  -25.926  53.153 0.0000000000
70407  -45.410  -25.500  52.729 0.0000000000
70393  -46.038  -25.224  53.214 0.0000000000
71295  -46.729  -24.806  53.414 0.0000000000
131423  -48.073  -24.009  54.245 0.0000000000
71280  -47.661  -24.174  55.074 0.0000000000
72133  -49.405  -23.485  54.801 0.0000000000
72127  -50.838  -23.057  55.353 0.0000000000
41447  -10.605  -57.238  72.665 0.0000000000
39660  -10.488  -58.087  72.762 0.0000000000
38774  -10.848  -58.427  72.459 0.0000000000
37953  -10.581  -59.052  71.833 0.0000000000
42392  -13.998  -56.108  72.936 0.0000000000
40532  -13.198  -57.464  72.466 0.0000000000
38786  -12.993  -58.253  71.501 0.0000000000
38782  -12.901  -58.324  71.844 0.0000000000
39667  -12.484  -58.408  72.064 0.0000000000
37954  -11.201  -58.771  71.653 0.0000000000
37055  -10.250  -59.417  71.167 0.0000000000
37069  -10.315  -59.424  70.761 0.0000000000
128477  -10.379  -59.408  70.203 0.0000000000
37979  -10.381  -59.408  69.477 0.0000000000
125811  -11.064  -58.815  69.510 0.0000000000
37985  -10.587  -59.190  68.953 0.0000000000
37085  -10.076  -59.708  68.653 0.0000000000
37103  -10.142  -60.005  66.226 0.0000000000
43353  -22.699  -53.809  66.483 0.0000000000
125744  -22.638  -54.267  66.752 0.0000000000
125017  -22.606  -54.567  66.543 0.0000000000
40636  -22.562  -55.934  64.787 0.0000000000
41523  -22.615  -54.988  66.418 0.0000000000
146720  -22.577  -54.750  67.043 0.0000000000
40573  -21.978  -56.413  68.431 0.0000000000
40663  -20.702  -56.298  62.633 0.0000000000
39780  -20.886  -56.486  64.136 0.0000000000
39767  -20.787  -56.559  65.057 0.0000000000
40634  -20.262  -56.526  64.615 0.0000000000
39766  -20.459  -56.628  65.275 0.0000000000
39752  -21.159  -56.612  65.723 0.0000000000
141213  -21.105  -56.788  66.766 0.0000000000
133231  -21.276  -56.876  67.482 0.0000000000
40564  -21.674  -56.669  69.311 0.0000000000
39713  -21.385  -57.025  69.052 0.0000000000
39701  -21.122  -57.256  69.696 0.0000000000
39710  -19.576  -57.496  68.763 0.0000000000
38840  -20.060  -57.533  69.225 0.0000000000
38802  -20.027  -57.575  70.865 0.0000000000
38800  -18.034  -57.636  70.706 0.0000000000
123907  -17.139  -57.664  70.585 0.0000000000
38811  -16.524  -57.646  70.403 0.0000000000
38837  -17.000  -57.628  69.535 0.0000000000
38823  -16.483  -57.627  69.964 0.0000000000
38822  -15.502  -57.585  69.845 0.0000000000
40595  -15.476  -56.647  66.718 0.0000000000
39735  -14.861  -57.053  67.266 0.0000000000
39719  -14.242  -57.392  67.931 0.0000000000
38847  -13.752  -57.538  68.665 0.0000000000
38834  -13.502  -57.611  69.191 0.0000000000
138217  -12.031  -58.157  68.280 0.0000000000
38856  -11.676  -58.375  65.734 0.0000000000
53500  -13.120  -43.958  63.069 0.0000000000
53508  -13.235  -43.558  62.347 0.0000000000
51738  -12.650  -45.464  60.825 0.0000000000
52647  -12.953  -44.665  61.256 0.0000000000
52648  -13.166  -43.843  61.553 0.0000000000
53514  -12.992  -43.074  60.998 0.0000000000
54426  -12.263  -42.628  60.326 0.0000000000
54437  -12.091  -42.988  59.611 0.0000000000
53529  -11.679  -43.838  57.399 0.0000000000
51761  -12.097  -44.958  57.661 0.0000000000
52666  -11.753  -45.002  56.997 0.0000000000
53534  -11.473  -44.216  56.725 0.0000000000
52692  -10.795  -44.732  55.768 0.0000000000
51783  -9.434  -45.322  55.291 0.0000000000
140691  -8.658  -45.336  55.014 0.0000000000
48870  -7.607  -48.559  62.193 0.0000000000
48871  -8.388  -48.322  61.515 0.0000000000
48883  -8.585  -48.490  60.476 0.0000000000
49794  -9.260  -48.084  60.023 0.0000000000
49808  -9.192  -48.073  59.054 0.0000000000
144338  -9.449  -47.688  58.646 0.0000000000
48050  -5.760  -50.061  57.087 0.0000000000
48902  -6.499  -48.841  57.415 0.0000000000
48917  -6.095  -48.563  56.824 0.0000000000
49819  -8.044  -48.153  57.758 0.0000000000
49820  -8.868  -47.937  58.149 0.0000000000
50759  -9.022  -47.053  56.882 0.0000000000
130686  -6.406  -47.069  55.976 0.0000000000
50777  -8.100  -46.558  56.061 0.0000000000
51782  -7.728  -45.816  55.156 0.0000000000
51799  -7.099  -45.351  54.402 0.0000000000
51813  -5.901  -45.323  53.505 0.0000000000
51823  -5.501  -45.682  53.350 0.0000000000
138560  -4.960  -46.746  53.552 0.0000000000
50836  -5.257  -46.338  53.033 0.0000000000
141776  -4.574  -50.208  70.000 0.0000000000
43288  -7.931  -54.971  72.240 0.0000000000
43287  -7.383  -54.475  72.450 0.0000000000
44293  -7.194  -53.659  72.567 0.0000000000
124038  -6.699  -55.771  72.443 0.0000000000
146517  -6.793  -54.490  72.675 0.0000000000
44283  -6.921  -53.381  72.668 0.0000000000
44282  -6.526  -53.086  72.731 0.0000000000
44281  -5.983  -52.891  72.763 0.0000000000
44280  -5.694  -52.681  72.510 0.0000000000
39673  -5.007  -58.195  71.151 0.0000000000
41473  -5.350  -56.928  71.478 0.0000000000
126064  -5.454  -55.942  71.540 0.0000000000
137194  -4.983  -56.939  71.017 0.0000000000
138027  -5.334  -55.480  71.220 0.0000000000
44292  -5.474  -53.324  72.064 0.0000000000
45279  -5.454  -52.404  72.176 0.0000000000
45278  -5.143  -52.036  71.730 0.0000000000
46217  -4.943  -51.577  71.596 0.0000000000
46227  -4.589  -51.847  71.162 0.0000000000
128158  -4.553  -52.743  70.714 0.0000000000
45297  -4.454  -52.246  70.864 0.0000000000
140201  -4.559  -51.386  71.096 0.0000000000
47116  -4.493  -51.053  70.393 0.0000000000
47127  -4.493  -50.622  69.428 0.0000000000
47137  -4.541  -50.986  68.890 0.0000000000
44352  -5.449  -52.885  68.123 0.0000000000
44361  -5.889  -53.634  67.011 0.0000000000
43352  -6.330  -54.238  66.430 0.0000000000
43361  -6.662  -54.801  65.923 0.0000000000
40581  -5.175  -57.335  67.454 0.0000000000
41520  -5.433  -56.645  67.166 0.0000000000
41521  -5.778  -56.354  66.693 0.0000000000
40608  -5.507  -57.903  65.629 0.0000000000
41533  -6.737  -55.822  65.580 0.0000000000
43370  -7.071  -54.647  65.195 0.0000000000
42457  -7.313  -55.462  64.760 0.0000000000
41560  -7.704  -56.367  63.382 0.0000000000
40660  -7.858  -56.806  62.545 0.0000000000
40677  -7.422  -57.646  61.953 0.0000000000
39807  -7.789  -57.688  61.125 0.0000000000
38932  -7.160  -59.033  58.963 0.0000000000
34149  -4.710  -63.818  65.283 0.0000000000
35192  -4.483  -63.343  65.252 0.0000000000
32073  -4.243  -66.045  63.148 0.0000000000
33124  -4.431  -64.986  63.950 0.0000000000
34177  -4.339  -64.392  64.333 0.0000000000
35199  -4.224  -63.673  64.596 0.0000000000
36216  -4.139  -62.764  64.781 0.0000000000
132249  -4.012  -63.202  64.138 0.0000000000
36221  -3.981  -62.536  64.009 0.0000000000
36228  -4.043  -62.264  63.229 0.0000000000
35216  -3.788  -63.551  62.495 0.0000000000
126369  -3.995  -62.731  62.522 0.0000000000
124107  -4.637  -61.559  62.339 0.0000000000
38039  -4.996  -61.235  61.793 0.0000000000
35235  -4.059  -63.622  60.418 0.0000000000
146922  -4.432  -63.077  60.319 0.0000000000
140237  -4.630  -62.578  60.606 0.0000000000
38055  -5.014  -61.564  61.117 0.0000000000
38040  -5.290  -60.736  61.571 0.0000000000
38911  -5.469  -60.472  61.048 0.0000000000
38066  -5.362  -60.890  60.280 0.0000000000
38912  -5.695  -60.108  60.475 0.0000000000
140228  -5.510  -61.699  59.205 0.0000000000
38930  -5.616  -60.589  59.733 0.0000000000
148301  -5.913  -60.038  59.875 0.0000000000
38931  -6.395  -59.606  59.483 0.0000000000
38948  -6.752  -59.765  58.646 0.0000000000
38949  -7.657  -59.228  58.042 0.0000000000
36283  -5.589  -62.541  54.177 0.0000000000
34248  -3.985  -64.271  59.918 0.0000000000
35184  -4.807  -63.341  65.736 0.0000000000
36122  -7.146  -61.349  70.155 0.0000000000
36149  -7.612  -61.508  69.422 0.0000000000
36167  -7.977  -61.770  68.390 0.0000000000
36278  -6.213  -61.984  54.676 0.0000000000
37048  -7.953  -59.798  71.844 0.0000000000
37052  -6.562  -60.311  71.415 0.0000000000
37053  -7.191  -60.364  71.412 0.0000000000
37056  -5.499  -60.517  70.815 0.0000000000
37057  -5.813  -60.520  71.032 0.0000000000
37059  -8.475  -60.262  71.125 0.0000000000
37115  -4.142  -61.333  65.527 0.0000000000
37178  -4.834  -62.026  60.873 0.0000000000
37950  -8.202  -59.608  72.024 0.0000000000
37951  -8.993  -59.472  72.028 0.0000000000
37956  -6.007  -59.678  71.543 0.0000000000
37960  -10.761  -59.058  71.451 0.0000000000
38007  -4.386  -60.602  64.722 0.0000000000
38056  -5.248  -61.076  60.997 0.0000000000
38770  -7.933  -58.853  72.637 0.0000000000
38780  -10.239  -58.835  72.390 0.0000000000
38794  -5.052  -59.456  71.036 0.0000000000
38809  -13.990  -57.676  70.529 0.0000000000
38826  -19.098  -57.621  69.820 0.0000000000
38947  -6.096  -60.293  59.221 0.0000000000
39656  -7.393  -58.219  72.555 0.0000000000
39658  -8.420  -58.422  72.909 0.0000000000
39663  -5.777  -58.405  71.635 0.0000000000
39739  -20.625  -57.045  67.125 0.0000000000
39740  -21.416  -56.661  66.786 0.0000000000
39751  -20.668  -56.739  65.879 0.0000000000
39768  -21.463  -56.464  64.586 0.0000000000
39781  -21.129  -56.465  63.940 0.0000000000
39794  -20.815  -56.420  63.432 0.0000000000
39796  -21.271  -56.425  63.193 0.0000000000
39834  -7.781  -58.380  59.362 0.0000000000
39851  -8.440  -58.138  58.174 0.0000000000
39899  -7.554  -59.094  55.898 0.0000000000
40524  -10.127  -57.762  72.879 0.0000000000
40531  -12.503  -57.207  72.535 0.0000000000
40542  -5.066  -57.383  71.218 0.0000000000
40543  -5.330  -57.861  71.432 0.0000000000
40572  -21.552  -56.806  68.352 0.0000000000
40609  -5.817  -57.301  65.611 0.0000000000
40617  -22.543  -55.710  65.515 0.0000000000
40659  -7.016  -57.622  62.831 0.0000000000
40685  -22.188  -56.236  61.625 0.0000000000
40699  -21.542  -56.064  60.913 0.0000000000
41448  -11.285  -57.123  72.556 0.0000000000
41512  -22.494  -55.294  67.152 0.0000000000
41536  -22.656  -55.217  65.796 0.0000000000
41546  -7.553  -56.011  64.118 0.0000000000
41552  -22.891  -55.491  64.266 0.0000000000
42379  -6.913  -54.831  72.568 0.0000000000
42454  -22.757  -54.552  65.140 0.0000000000
42458  -23.080  -55.048  64.081 0.0000000000
42476  -7.998  -55.188  62.856 0.0000000000
42488  -8.425  -55.698  61.476 0.0000000000
42509  -6.716  -54.828  59.362 0.0000000000
43278  -6.849  -53.969  72.669 0.0000000000
43279  -7.039  -54.142  72.632 0.0000000000
43292  -8.381  -54.560  71.914 0.0000000000
43381  -23.085  -54.457  63.818 0.0000000000
43440  -5.225  -54.218  57.163 0.0000000000
43481  -5.468  -54.837  53.507 0.0000000000
44294  -7.834  -53.960  72.097 0.0000000000
44342  -5.266  -53.023  68.813 0.0000000000
44344  -23.186  -52.552  68.876 0.0000000000
44473  -5.069  -53.451  56.683 0.0000000000
45268  -5.819  -52.142  72.796 0.0000000000
45269  -5.989  -52.117  72.980 0.0000000000
45288  -4.769  -52.065  71.297 0.0000000000
45303  -4.425  -52.369  70.394 0.0000000000
45369  -5.367  -51.434  62.947 0.0000000000
46201  -5.832  -51.375  73.024 0.0000000000
46208  -5.383  -51.039  72.544 0.0000000000
46251  -26.075  -50.838  69.513 0.0000000000
46267  -25.443  -50.353  67.394 0.0000000000
46269  -27.041  -49.684  67.348 0.0000000000
46270  -27.660  -49.468  67.008 0.0000000000
46292  -25.019  -50.016  65.199 0.0000000000
46295  -27.474  -49.154  65.812 0.0000000000
46307  -5.300  -51.032  64.854 0.0000000000
46363  -5.435  -51.457  62.188 0.0000000000
46442  -5.163  -52.176  55.166 0.0000000000
47100  -5.119  -50.571  71.874 0.0000000000
47126  -28.988  -48.828  69.968 0.0000000000
47149  -28.278  -49.017  66.334 0.0000000000
47153  -28.211  -48.802  65.614 0.0000000000
47947  -28.590  -48.944  73.187 0.0000000000
47961  -29.265  -48.677  71.901 0.0000000000
47963  -30.125  -47.889  71.277 0.0000000000
47970  -30.206  -47.879  70.420 0.0000000000
47975  -29.591  -48.349  68.146 0.0000000000
47979  -29.877  -48.068  67.612 0.0000000000
47985  -28.614  -48.484  65.273 0.0000000000
48822  -30.436  -47.425  68.888 0.0000000000
48826  -30.288  -47.643  68.015 0.0000000000
48827  -4.761  -48.078  67.119 0.0000000000
48831  -5.204  -48.633  65.566 0.0000000000
48848  -5.464  -49.181  64.500 0.0000000000
49704  -30.710  -46.558  71.732 0.0000000000
49766  -7.343  -47.750  63.622 0.0000000000
49773  -41.173  -46.900  62.410 0.0000000000
49784  -8.094  -48.101  62.352 0.0000000000
50611  -30.114  -46.361  73.134 0.0000000000
50776  -7.158  -47.079  56.374 0.0000000000
50823  -5.176  -46.217  53.812 0.0000000000
51661  -31.855  -45.007  68.366 0.0000000000
51683  -6.494  -46.127  67.147 0.0000000000
51760  -11.876  -45.629  57.523 0.0000000000
52615  -33.428  -44.034  66.583 0.0000000000
52678  -11.331  -44.903  56.335 0.0000000000
53533  -10.942  -43.511  56.280 0.0000000000
54415  -13.210  -43.104  61.769 0.0000000000
65808  -47.787  -30.694  54.095 0.0000000000
69485  -47.427  -26.359  56.425 0.0000000000
69530  -53.418  -25.967  50.337 0.0000000000
70413  -52.791  -25.075  52.684 0.0000000000
71283  -51.083  -24.013  54.080 0.0000000000
123092  -13.941  -56.938  72.620 0.0000000000
124578  -31.015  -46.312  69.193 0.0000000000
125157  -8.875  -58.109  73.074 0.0000000000
125513  -23.026  -55.796  61.439 0.0000000000
128322  -8.994  -58.499  72.920 0.0000000000
128786  -4.578  -56.359  54.569 0.0000000000
129575  -47.478  -38.850  56.538 0.0000000000
129674  -27.703  -48.845  64.780 0.0000000000
131150  -5.337  -59.900  71.189 0.0000000000
132032  -15.867  -57.127  72.521 0.0000000000
132511  -8.279  -58.050  73.026 0.0000000000
133252  -4.655  -50.000  67.517 0.0000000000
133766  -21.610  -56.475  66.067 0.0000000000
134482  -4.803  -58.958  70.754 0.0000000000
138521  -6.347  -45.633  54.337 0.0000000000
138691  -9.554  -58.618  72.745 0.0000000000
139099  -49.788  -34.583  55.311 0.0000000000
139853  -5.602  -54.413  57.844 0.0000000000
140493  -5.240  -55.011  70.781 0.0000000000
141085  -22.236  -56.104  67.341 0.0000000000
141340  -22.733  -52.031  67.453 0.0000000000
141922  -52.376  -25.516  51.589 0.0000000000
142055  -5.722  -61.769  54.027 0.0000000000
142561  -17.024  -57.614  70.209 0.0000000000
143532  -39.942  -46.712  64.943 0.0000000000
143651  -7.832  -57.993  72.870 0.0000000000
143885  -9.103  -60.088  70.971 0.0000000000
144289  -45.843  -25.474  53.738 0.0000000000
144840  -21.850  -56.371  62.084 0.0000000000
144863  -50.428  -25.532  51.045 0.0000000000
145198  -5.038  -55.278  56.252 0.0000000000
145329  -30.071  -47.803  67.318 0.0000000000
145709  -5.187  -54.791  70.781 0.0000000000
145992  -8.542  -60.404  70.756 0.0000000000
146078  -22.683  -56.048  61.686 0.0000000000
146104  -6.214  -58.966  61.118 0.0000000000
146170  -11.825  -44.479  57.320 0.0000000000
146192  -21.484  -56.885  69.701 0.0000000000
146650  -4.544  -58.345  68.604 0.0000000000
147771  -42.073  -45.052  65.737 0.0000000000
148021  -22.710  -53.708  65.755 0.0000000000
