#!ascii label  , from subject sub-fsm99tc vox2ras=TkReg
974
32291  30.697  -65.533  -6.166 0.6000000238
30198  21.221  -67.182  -9.222 0.6999999881
30164  23.611  -67.655  -8.221 0.6999999881
148502  27.635  -68.078  -5.116 0.8999999762
30131  29.049  -67.324  -5.066 0.8000000119
31207  29.587  -67.270  -5.556 0.8000000119
32278  30.891  -65.015  -5.576 0.6000000238
33381  31.193  -64.717  -6.176 0.6999999881
35372  32.084  -63.182  -6.742 0.6999999881
31271  20.264  -66.819  -8.788 0.6999999881
31250  19.210  -67.027  -8.115 0.6999999881
31248  22.493  -66.648  -9.147 0.6999999881
140206  23.988  -66.397  -8.052 0.6000000238
30163  24.221  -67.194  -7.717 0.6999999881
30151  25.390  -67.682  -6.479 0.6999999881
128235  26.302  -66.905  -5.603 0.8000000119
31208  27.486  -66.402  -4.874 0.8000000119
30132  28.503  -67.183  -4.842 0.8000000119
135374  29.397  -66.117  -4.737 0.8000000119
32279  30.456  -65.483  -5.300 0.6000000238
33367  31.263  -64.382  -5.297 0.6000000238
34445  32.178  -63.369  -5.873 0.6999999881
35383  31.590  -62.563  -7.798 0.6999999881
32325  20.077  -66.155  -8.072 0.5000000000
31223  19.640  -66.715  -7.432 0.6000000238
129273  21.063  -65.995  -9.026 0.4000000060
31269  21.634  -66.411  -9.275 0.6000000238
31246  23.522  -66.089  -8.517 0.5000000000
32293  25.448  -65.396  -6.514 0.6000000238
31220  25.858  -66.138  -5.984 0.8000000119
141297  27.296  -65.715  -4.960 0.6999999881
137137  28.316  -65.169  -4.570 0.6999999881
33356  29.381  -64.624  -4.423 0.6999999881
33353  31.286  -63.673  -4.704 0.5000000000
34415  31.808  -63.170  -4.785 0.6000000238
34429  32.291  -63.009  -5.273 0.6000000238
36298  31.782  -61.744  -8.263 0.5000000000
32294  20.443  -66.001  -7.302 0.5000000000
31222  19.977  -66.676  -6.922 0.6000000238
30145  19.798  -67.850  -6.115 0.6000000238
32307  20.187  -66.080  -7.793 0.5000000000
32304  24.779  -65.466  -7.234 0.5000000000
33383  25.633  -64.426  -6.414 0.6000000238
34432  26.845  -63.647  -5.414 0.6000000238
34418  29.046  -63.946  -4.318 0.6000000238
126195  30.099  -63.239  -4.092 0.5000000000
35340  30.586  -62.776  -4.072 0.5000000000
35339  31.354  -62.852  -4.374 0.6000000238
34414  32.140  -62.559  -4.650 0.6000000238
144804  33.197  -62.073  -6.440 0.5000000000
36296  33.505  -61.331  -7.074 0.5000000000
37201  33.212  -60.178  -8.600 0.5000000000
36297  32.728  -61.651  -7.684 0.5000000000
31213  20.678  -66.518  -6.580 0.5000000000
145499  20.462  -67.677  -5.819 0.5000000000
32324  20.452  -65.556  -8.105 0.5000000000
33423  22.053  -64.887  -9.074 0.4000000060
33412  22.690  -63.788  -8.817 0.3000000119
33411  23.136  -64.501  -8.801 0.4000000060
128062  24.638  -63.727  -7.805 0.3000000119
34472  23.798  -63.070  -8.575 0.3000000119
33399  24.986  -64.026  -7.190 0.5000000000
34447  26.059  -63.606  -6.041 0.5000000000
35357  27.271  -62.776  -5.148 0.5000000000
133879  29.015  -62.309  -4.212 0.5000000000
35341  29.852  -62.604  -3.980 0.5000000000
130888  31.048  -62.166  -3.975 0.6000000238
36270  31.772  -62.041  -4.227 0.6000000238
35356  32.855  -62.267  -5.238 0.5000000000
36282  33.389  -61.697  -5.532 0.5000000000
37189  33.763  -60.609  -7.567 0.5000000000
30144  20.967  -67.154  -5.929 0.5000000000
32285  21.161  -65.757  -6.733 0.5000000000
33385  21.006  -65.041  -7.331 0.5000000000
33401  21.138  -64.255  -7.751 0.4000000060
126714  21.338  -64.015  -8.220 0.5000000000
34475  21.689  -63.381  -8.313 0.4000000060
35393  23.491  -62.378  -8.658 0.3000000119
139386  25.248  -62.637  -7.223 0.3000000119
35358  26.651  -62.033  -5.675 0.4000000060
35343  28.052  -62.177  -4.653 0.5000000000
36273  29.674  -61.773  -3.979 0.4000000060
147191  32.649  -61.323  -4.432 0.5000000000
37160  32.809  -60.800  -4.324 0.5000000000
37159  33.505  -60.589  -4.703 0.5000000000
141478  34.014  -59.934  -8.096 0.5000000000
37181  34.429  -60.079  -7.024 0.4000000060
37182  34.121  -60.792  -6.313 0.5000000000
30143  21.823  -67.179  -5.450 0.5000000000
32284  22.020  -65.728  -6.224 0.5000000000
33374  21.596  -64.966  -6.734 0.5000000000
34449  21.577  -63.537  -7.292 0.4000000060
35388  21.744  -62.751  -7.595 0.4000000060
35394  22.754  -62.342  -8.575 0.3000000119
36299  25.016  -61.748  -7.778 0.3000000119
36291  26.095  -61.460  -6.354 0.4000000060
36275  27.598  -61.121  -4.896 0.4000000060
137765  27.268  -61.813  -5.194 0.4000000060
36274  28.671  -61.227  -4.349 0.4000000060
135937  29.607  -60.849  -3.974 0.5000000000
37162  30.309  -60.559  -3.785 0.5000000000
37161  31.202  -60.654  -3.794 0.6000000238
142490  33.830  -59.763  -4.610 0.4000000060
37984  34.144  -60.329  -5.243 0.5000000000
32283  22.754  -65.661  -5.568 0.4000000060
34435  22.136  -63.517  -6.557 0.4000000060
130175  22.392  -64.907  -6.145 0.4000000060
35361  22.054  -62.841  -6.830 0.4000000060
35387  22.027  -62.198  -7.832 0.4000000060
36309  24.039  -61.226  -8.562 0.4000000060
37184  25.475  -60.267  -7.529 0.4000000060
36292  25.529  -61.075  -7.236 0.4000000060
36283  26.720  -61.015  -5.666 0.4000000060
37175  27.151  -60.242  -5.262 0.4000000060
37164  28.852  -60.234  -4.185 0.5000000000
37163  29.691  -60.048  -3.852 0.5000000000
136588  30.532  -59.922  -3.716 0.6000000238
136500  32.139  -60.145  -3.907 0.5000000000
38799  32.477  -58.580  -3.959 0.4000000060
37969  33.083  -59.969  -4.229 0.4000000060
33372  22.586  -64.017  -6.020 0.4000000060
33360  23.165  -64.726  -5.347 0.4000000060
35360  22.494  -62.237  -6.402 0.4000000060
37203  23.663  -60.816  -8.461 0.4000000060
145972  26.076  -59.871  -6.567 0.4000000060
138277  26.767  -59.433  -5.619 0.4000000060
37974  28.213  -59.559  -4.336 0.4000000060
37973  29.061  -59.471  -3.938 0.5000000000
37972  29.931  -59.304  -3.699 0.4000000060
37970  31.728  -59.124  -3.751 0.6000000238
33371  23.157  -63.692  -5.356 0.4000000060
35359  22.927  -62.273  -5.658 0.4000000060
36293  22.485  -61.493  -6.794 0.4000000060
37194  22.925  -60.753  -8.123 0.4000000060
38011  24.237  -59.868  -8.522 0.4000000060
37997  25.122  -58.679  -8.288 0.5000000000
137368  25.720  -59.714  -7.181 0.4000000060
37991  26.127  -59.269  -6.563 0.3000000119
38816  27.060  -58.846  -5.237 0.3000000119
37985  27.452  -59.534  -4.902 0.4000000060
38802  29.301  -58.605  -3.733 0.4000000060
38801  30.310  -58.540  -3.650 0.4000000060
143989  31.066  -58.551  -3.723 0.5000000000
32270  23.429  -65.697  -4.837 0.4000000060
36285  22.752  -61.656  -6.071 0.4000000060
37186  22.657  -60.742  -7.267 0.4000000060
37999  23.569  -59.520  -8.181 0.3000000119
38010  24.782  -58.542  -8.468 0.3000000119
38825  25.856  -58.347  -6.989 0.3000000119
39617  26.918  -57.868  -5.275 0.3000000119
38803  28.394  -58.242  -3.912 0.3000000119
38783  29.934  -57.827  -3.644 0.4000000060
39599  30.858  -57.751  -3.801 0.4000000060
147848  23.444  -63.412  -4.933 0.3000000119
34433  23.204  -62.946  -5.245 0.3000000119
36284  23.169  -61.532  -5.440 0.3000000119
37177  22.855  -60.827  -6.209 0.3000000119
124520  23.500  -58.665  -7.819 0.3000000119
38835  24.359  -57.950  -8.274 0.3000000119
38826  25.408  -58.063  -7.885 0.4000000060
40547  25.658  -56.733  -7.168 0.4000000060
39618  26.122  -57.630  -6.450 0.3000000119
38785  28.372  -57.510  -3.819 0.3000000119
39588  29.668  -57.110  -3.635 0.4000000060
39587  30.380  -57.179  -3.752 0.4000000060
40519  31.060  -56.723  -4.152 0.4000000060
39625  25.220  -57.079  -7.927 0.4000000060
40542  26.304  -56.550  -5.970 0.4000000060
40541  27.153  -56.846  -4.795 0.3000000119
39589  28.844  -56.968  -3.623 0.4000000060
128714  29.982  -55.895  -3.674 0.4000000060
41496  30.586  -55.904  -3.968 0.4000000060
40503  30.214  -56.534  -3.755 0.4000000060
41495  31.185  -55.791  -4.538 0.4000000060
40521  27.408  -56.170  -4.390 0.4000000060
40520  27.870  -55.989  -3.886 0.5000000000
136137  29.279  -55.468  -3.528 0.4000000060
41478  30.189  -55.173  -3.761 0.4000000060
144268  31.542  -55.511  -5.127 0.3000000119
128162  30.729  -55.200  -4.288 0.3000000119
30140  26.869  -67.700  -5.299 0.8000000119
33354  30.606  -64.345  -4.634 0.6000000238
32268  28.801  -65.863  -4.562 0.6999999881
33355  29.986  -64.716  -4.499 0.6999999881
35382  32.430  -62.414  -7.207 0.6000000238
32341  22.736  -65.128  -8.982 0.4000000060
33410  23.830  -64.585  -8.385 0.4000000060
32292  26.137  -65.271  -5.810 0.6999999881
33369  27.906  -64.471  -4.681 0.6999999881
34417  29.912  -63.971  -4.263 0.6999999881
32306  20.690  -65.249  -7.769 0.5000000000
133938  28.050  -63.129  -4.642 0.5000000000
35373  25.795  -62.796  -6.460 0.4000000060
36272  30.530  -61.401  -3.839 0.6000000238
132517  32.091  -61.208  -4.109 0.5000000000
132813  31.293  -59.809  -3.726 0.6000000238
142021  24.760  -59.926  -8.511 0.3000000119
133752  28.502  -58.962  -4.039 0.4000000060
33359  23.775  -64.029  -4.514 0.4000000060
39600  27.691  -57.697  -4.293 0.3000000119
132771  27.945  -56.795  -3.952 0.3000000119
40505  28.595  -56.184  -3.621 0.3000000119
25286  24.842  -72.928  -9.641 0.6000000238
24310  22.438  -73.073  -10.749 0.6000000238
24323  24.373  -73.252  -13.157 0.6000000238
130020  24.884  -72.002  -13.623 0.6000000238
23290  21.980  -74.976  -8.758 0.5000000000
23289  22.602  -74.170  -8.879 0.6000000238
25263  26.653  -72.751  -7.924 0.6999999881
24298  25.169  -73.305  -8.688 0.6999999881
24301  21.898  -73.775  -10.223 0.6000000238
25292  25.601  -72.275  -10.017 0.6000000238
25293  24.251  -72.147  -10.885 0.6000000238
126944  25.125  -70.782  -11.636 0.6000000238
27243  24.272  -70.979  -12.759 0.6000000238
26322  24.278  -71.344  -13.274 0.6000000238
27254  26.152  -70.274  -13.528 0.6000000238
27252  28.393  -70.271  -14.340 0.6999999881
123343  23.263  -73.809  -7.434 0.6000000238
25247  24.508  -72.558  -6.865 0.6999999881
138679  22.706  -74.497  -7.861 0.5000000000
25264  24.925  -73.150  -7.443 0.6999999881
24284  24.615  -73.510  -8.371 0.6999999881
25272  27.085  -72.311  -8.401 0.6999999881
26275  27.104  -71.859  -9.095 0.6999999881
26293  25.944  -71.192  -10.635 0.5000000000
27241  25.715  -69.918  -12.759 0.6000000238
28271  27.176  -68.906  -13.262 0.6000000238
130382  27.688  -69.572  -13.906 0.6999999881
29252  28.361  -67.946  -13.536 0.6999999881
127199  29.310  -69.897  -14.405 0.6999999881
29256  30.221  -68.307  -13.861 0.6999999881
31278  36.991  -66.307  -10.643 0.4000000060
133541  34.785  -66.119  -9.331 0.5000000000
31266  32.340  -66.564  -9.413 0.6000000238
30212  31.329  -67.576  -10.784 0.6000000238
29239  30.984  -67.800  -12.714 0.6999999881
24254  20.599  -73.241  -6.587 0.5000000000
25250  21.518  -73.015  -6.541 0.5000000000
26255  23.070  -71.770  -6.617 0.6000000238
133877  22.049  -73.790  -6.610 0.5000000000
26254  23.954  -71.735  -6.670 0.6999999881
133563  23.594  -72.558  -6.698 0.5000000000
25265  23.992  -73.250  -7.159 0.6000000238
27183  25.629  -71.029  -6.552 0.6999999881
26251  26.789  -71.810  -6.854 0.6999999881
26264  27.386  -71.813  -7.352 0.6999999881
140131  26.859  -71.069  -9.888 0.6999999881
27229  25.934  -69.554  -11.975 0.6000000238
29241  26.937  -68.465  -12.407 0.6000000238
30237  27.456  -67.684  -12.462 0.6999999881
30242  29.981  -67.535  -13.884 0.6999999881
31297  30.529  -66.448  -13.295 0.6999999881
30225  31.161  -66.590  -11.728 0.6000000238
31288  30.938  -65.781  -11.836 0.6000000238
27203  19.217  -70.862  -8.374 0.5000000000
24272  18.430  -72.961  -7.808 0.4000000060
26268  20.587  -71.521  -7.215 0.5000000000
25266  19.585  -71.493  -7.777 0.5000000000
26257  21.440  -72.082  -6.670 0.5000000000
129328  21.858  -70.425  -7.456 0.6000000238
26266  22.497  -71.069  -6.931 0.6000000238
28206  25.299  -69.519  -6.651 0.6999999881
133352  24.172  -70.916  -6.822 0.6000000238
139108  25.852  -70.275  -6.391 0.6999999881
130873  27.341  -70.583  -6.335 0.6999999881
27200  28.032  -70.721  -8.395 0.6999999881
28245  27.222  -69.291  -10.252 0.6999999881
28246  26.475  -69.571  -11.017 0.6999999881
28257  26.864  -68.701  -10.975 0.6999999881
30228  27.354  -67.393  -11.484 0.6999999881
30227  27.777  -66.796  -12.195 0.8000000119
31298  29.718  -66.047  -13.353 0.6999999881
32337  32.841  -65.830  -9.446 0.5000000000
32352  31.370  -65.369  -10.454 0.6000000238
32364  30.536  -65.148  -12.197 0.6000000238
142079  18.034  -70.848  -8.896 0.4000000060
134671  19.665  -70.076  -8.486 0.6000000238
27195  20.034  -70.772  -7.924 0.6000000238
27201  21.144  -69.787  -8.112 0.6000000238
28213  23.069  -69.481  -7.796 0.6000000238
29180  24.335  -68.687  -7.459 0.6000000238
28194  26.578  -69.108  -5.764 0.6999999881
28204  26.823  -70.016  -6.018 0.6999999881
28202  28.430  -69.712  -6.365 0.6999999881
27190  28.280  -70.536  -7.517 0.6999999881
29179  28.966  -69.210  -6.894 0.8000000119
29190  28.733  -69.112  -8.029 0.8000000119
141449  28.313  -67.655  -9.221 0.6000000238
30214  27.506  -67.254  -10.851 0.6000000238
32365  28.609  -64.918  -12.177 0.8000000119
32371  28.825  -65.585  -12.735 0.6999999881
127873  34.826  -64.693  -9.816 0.5000000000
33420  32.840  -64.953  -9.734 0.6000000238
33436  30.003  -63.597  -11.454 0.6999999881
33432  34.082  -64.017  -10.351 0.6000000238
28225  18.532  -69.406  -8.789 0.5000000000
29198  16.785  -69.019  -8.112 0.4000000060
28215  16.264  -69.116  -7.510 0.4000000060
29195  19.353  -68.780  -8.748 0.5000000000
134464  18.718  -70.271  -8.781 0.5000000000
28223  20.726  -69.091  -8.585 0.6000000238
28221  22.511  -68.887  -8.309 0.6000000238
146358  24.141  -68.021  -7.706 0.6000000238
29172  25.655  -68.606  -6.296 0.6999999881
28192  28.191  -69.275  -5.746 0.8000000119
29170  29.132  -68.489  -5.844 0.8000000119
30176  29.241  -67.524  -7.913 0.6000000238
31245  28.557  -66.270  -9.317 0.6000000238
138560  28.145  -65.317  -10.818 0.6999999881
32354  28.214  -64.424  -10.929 0.6999999881
130756  29.475  -62.703  -10.990 0.6999999881
33434  32.153  -64.467  -10.040 0.6000000238
34495  30.728  -63.067  -10.689 0.6000000238
130770  31.363  -62.510  -10.571 0.6000000238
33433  32.914  -64.098  -10.121 0.6000000238
35412  32.576  -62.362  -10.727 0.6000000238
30166  18.256  -67.847  -7.992 0.5000000000
29197  17.510  -68.428  -7.953 0.5000000000
29183  16.748  -68.711  -7.413 0.5000000000
28199  16.484  -69.251  -6.693 0.5000000000
144880  19.684  -67.349  -8.623 0.5000000000
29196  18.440  -68.437  -8.523 0.5000000000
30180  21.559  -67.715  -9.065 0.6000000238
31219  29.913  -67.073  -6.433 0.6999999881
31229  29.903  -66.378  -7.337 0.6000000238
32319  29.517  -65.466  -8.222 0.6000000238
33409  29.355  -64.266  -8.713 0.6000000238
34483  28.692  -62.399  -10.421 0.6999999881
34471  28.836  -63.201  -9.569 0.6000000238
35415  28.997  -61.818  -10.400 0.6000000238
147939  30.183  -62.145  -10.694 0.6999999881
34492  34.434  -63.297  -10.857 0.5000000000
35426  33.302  -61.722  -11.185 0.4000000060
30165  18.478  -67.610  -7.520 0.5000000000
30147  18.276  -68.284  -6.625 0.5000000000
29167  17.942  -68.897  -6.336 0.5000000000
28198  17.502  -69.559  -6.107 0.5000000000
27174  17.484  -70.424  -5.658 0.5000000000
25221  17.386  -72.142  -4.821 0.5000000000
33397  30.774  -64.816  -7.125 0.6000000238
34470  29.541  -63.314  -8.812 0.6000000238
35391  29.829  -62.044  -9.134 0.4000000060
37213  30.286  -60.728  -9.992 0.5000000000
36327  30.775  -60.740  -10.262 0.4000000060
36341  32.765  -60.693  -11.044 0.4000000060
148665  31.490  -60.822  -10.516 0.5000000000
30154  19.396  -67.293  -6.795 0.6000000238
30146  19.034  -68.051  -6.383 0.5000000000
29166  18.725  -68.722  -6.029 0.5000000000
134854  18.231  -70.112  -5.479 0.5000000000
26236  18.154  -70.969  -5.165 0.5000000000
128785  17.958  -72.570  -4.391 0.5000000000
24235  17.685  -73.192  -3.967 0.4000000060
23232  16.792  -74.115  -2.880 0.5000000000
23222  16.602  -74.540  -2.008 0.4000000060
22221  15.918  -75.198  -1.165 0.4000000060
21240  16.289  -76.460  -1.938 0.4000000060
35384  30.800  -62.605  -8.290 0.6000000238
35390  30.789  -61.770  -8.731 0.4000000060
37212  30.817  -60.518  -9.894 0.4000000060
36326  31.761  -60.401  -10.448 0.4000000060
29165  19.481  -68.509  -5.753 0.5000000000
28196  19.214  -69.186  -5.461 0.4000000060
27165  19.442  -70.342  -4.823 0.4000000060
26224  18.842  -71.473  -4.647 0.5000000000
25211  19.686  -72.479  -3.605 0.4000000060
24226  18.339  -73.484  -3.483 0.5000000000
25203  19.095  -73.588  -2.846 0.4000000060
23221  18.000  -74.379  -1.638 0.5000000000
24218  17.671  -74.192  -2.583 0.5000000000
23196  17.640  -74.245  -0.281 0.3000000119
148422  16.179  -75.014  -0.743 0.3000000119
21212  15.959  -76.036  0.133 0.3000000119
36306  32.018  -60.993  -8.700 0.4000000060
29164  20.277  -68.290  -5.501 0.5000000000
28195  20.019  -69.000  -5.205 0.5000000000
27164  20.078  -70.520  -4.420 0.4000000060
29163  21.215  -67.945  -5.276 0.4000000060
29157  20.883  -68.763  -4.869 0.4000000060
28187  20.617  -69.481  -4.591 0.4000000060
27153  21.381  -70.587  -3.212 0.4000000060
29156  21.827  -68.573  -4.489 0.4000000060
28186  21.471  -69.305  -4.199 0.4000000060
30135  22.229  -67.829  -4.754 0.4000000060
29151  22.298  -69.054  -3.679 0.4000000060
28168  21.992  -70.092  -2.594 0.4000000060
26198  21.215  -71.277  -2.146 0.4000000060
29155  22.729  -68.368  -3.983 0.4000000060
30142  22.646  -67.118  -4.955 0.3000000119
28167  22.531  -69.376  -2.799 0.4000000060
28157  21.710  -70.264  -1.620 0.4000000060
31199  23.053  -66.428  -5.019 0.4000000060
26162  20.416  -71.093  -0.947 0.4000000060
145018  20.562  -69.598  -0.585 0.4000000060
31198  23.662  -66.509  -4.246 0.3000000119
30133  23.678  -67.280  -3.768 0.4000000060
30124  23.941  -67.482  -2.907 0.4000000060
29142  23.001  -68.782  -2.239 0.4000000060
28156  22.380  -69.479  -1.765 0.4000000060
28158  21.177  -69.981  -0.828 0.4000000060
29133  22.622  -68.576  -1.454 0.3000000119
32303  30.330  -65.622  -7.205 0.6000000238
29213  19.985  -68.006  -8.818 0.5000000000
130526  30.831  -64.020  -7.542 0.6000000238
143871  31.434  -60.483  -9.529 0.4000000060
25310  23.304  -71.992  -13.037 0.6000000238
146710  28.507  -68.924  -14.002 0.6999999881
30236  28.316  -67.153  -13.154 0.6999999881
31262  35.574  -65.951  -9.602 0.5000000000
32335  35.106  -65.478  -9.530 0.5000000000
30193  32.597  -67.372  -8.977 0.5000000000
31264  33.880  -66.085  -9.156 0.4000000060
31267  31.633  -66.303  -10.070 0.6000000238
141722  19.960  -72.102  -7.250 0.5000000000
28237  27.841  -69.302  -9.426 0.6999999881
32363  30.890  -65.387  -11.279 0.6000000238
27192  23.804  -70.087  -7.268 0.6000000238
146832  27.204  -68.609  -10.519 0.6999999881
31280  27.981  -65.921  -11.121 0.8000000119
33446  29.828  -64.363  -12.207 0.6999999881
136809  17.900  -70.065  -8.910 0.4000000060
128210  28.777  -68.076  -8.449 0.6000000238
30195  28.212  -66.921  -9.703 0.6000000238
33448  28.671  -63.518  -11.414 0.6999999881
33447  29.080  -64.248  -12.145 0.6999999881
33431  34.979  -63.883  -10.364 0.5000000000
34482  35.741  -63.723  -10.126 0.5000000000
34494  31.821  -63.688  -10.346 0.6000000238
31244  29.215  -66.516  -8.274 0.6999999881
32339  28.824  -64.828  -9.228 0.6999999881
135859  28.425  -64.238  -10.194 0.6999999881
35414  29.380  -61.743  -10.500 0.6000000238
138612  32.410  -63.301  -10.448 0.6000000238
35411  33.894  -62.624  -11.161 0.6000000238
142290  17.902  -68.073  -7.580 0.5000000000
29174  17.501  -68.452  -6.831 0.5000000000
29168  17.185  -68.908  -6.600 0.4000000060
33408  30.194  -64.126  -8.082 0.6000000238
35404  28.949  -61.618  -10.103 0.6000000238
21241  15.328  -75.662  -2.135 0.3000000119
36308  30.015  -61.138  -9.597 0.5000000000
37218  31.985  -60.010  -10.285 0.4000000060
25220  18.836  -72.381  -4.223 0.5000000000
23210  16.314  -74.852  -1.131 0.4000000060
21230  16.193  -76.151  -1.015 0.4000000060
30134  23.063  -67.660  -4.266 0.4000000060
30125  23.441  -68.016  -3.434 0.4000000060
14477  33.471  -83.543  -14.969 0.3000000119
15475  33.560  -82.570  -16.191 0.3000000119
23329  32.719  -74.895  -12.131 0.4000000060
24330  33.595  -73.622  -14.398 0.4000000060
21354  33.331  -76.516  -14.472 0.4000000060
21360  33.532  -76.637  -15.431 0.4000000060
25299  32.786  -73.140  -10.915 0.4000000060
23310  31.835  -74.345  -10.556 0.4000000060
147998  31.086  -74.551  -10.271 0.4000000060
24307  30.610  -73.335  -9.957 0.5000000000
141991  29.776  -74.511  -11.608 0.5000000000
24316  29.745  -73.711  -11.507 0.5000000000
26310  34.053  -71.647  -13.218 0.4000000060
145754  33.220  -73.879  -12.860 0.5000000000
23318  32.337  -74.707  -11.295 0.5000000000
128566  29.591  -73.705  -13.937 0.5000000000
129825  33.849  -72.331  -13.799 0.5000000000
130257  33.438  -73.652  -13.528 0.5000000000
25323  33.966  -72.300  -14.748 0.5000000000
24340  33.646  -74.035  -14.983 0.4000000060
23358  33.893  -74.430  -16.155 0.4000000060
136502  33.685  -76.730  -16.446 0.4000000060
22368  33.937  -75.966  -17.006 0.4000000060
19499  34.292  -78.173  -18.106 0.3000000119
17545  34.805  -80.403  -19.173 0.4000000060
28255  34.791  -69.401  -11.056 0.4000000060
27218  33.632  -70.895  -10.151 0.4000000060
27211  32.476  -70.723  -9.430 0.4000000060
28254  35.198  -69.163  -12.203 0.4000000060
26300  33.567  -71.818  -11.465 0.4000000060
26290  33.348  -71.615  -10.450 0.4000000060
25281  31.968  -72.320  -9.621 0.4000000060
136912  31.576  -71.829  -9.536 0.5000000000
25290  30.240  -72.790  -10.240 0.5000000000
28269  34.844  -69.781  -12.695 0.4000000060
26311  33.723  -71.953  -12.351 0.4000000060
131847  32.978  -73.399  -11.762 0.4000000060
27212  30.867  -71.014  -9.879 0.5000000000
26301  30.111  -71.754  -11.141 0.5000000000
25309  29.837  -72.422  -12.678 0.5000000000
25318  29.717  -72.120  -13.560 0.6000000238
26318  29.717  -71.519  -13.897 0.6000000238
24342  28.640  -73.199  -14.496 0.6000000238
28278  30.362  -69.133  -13.693 0.6000000238
27250  30.095  -69.961  -14.014 0.6000000238
25326  27.951  -72.536  -14.444 0.5000000000
23357  34.200  -74.444  -16.607 0.4000000060
26319  26.798  -70.969  -14.057 0.5000000000
133495  34.326  -76.512  -17.542 0.4000000060
21371  34.915  -76.913  -18.031 0.4000000060
18559  34.734  -78.986  -18.630 0.4000000060
123951  33.027  -69.959  -9.232 0.4000000060
28234  32.601  -69.320  -9.059 0.5000000000
144439  31.433  -70.149  -9.658 0.5000000000
28244  31.282  -69.258  -10.023 0.5000000000
26302  29.981  -71.836  -12.090 0.5000000000
28256  31.067  -69.047  -11.132 0.5000000000
27240  30.105  -70.826  -13.546 0.6000000238
29238  31.160  -68.169  -11.597 0.6000000238
129167  30.730  -69.531  -11.925 0.6000000238
12583  34.250  -85.031  -15.184 0.3000000119
16483  35.051  -81.698  -15.859 0.3000000119
18557  37.875  -79.967  -18.215 0.3000000119
30224  36.310  -67.800  -11.949 0.4000000060
144862  35.777  -68.090  -11.387 0.4000000060
123195  35.431  -68.142  -10.579 0.4000000060
28243  34.388  -69.564  -10.022 0.4000000060
30191  34.281  -67.931  -9.034 0.4000000060
29208  32.283  -68.652  -9.038 0.5000000000
30192  33.495  -67.611  -8.802 0.4000000060
29209  31.645  -68.364  -9.717 0.5000000000
27261  28.870  -70.979  -14.492 0.6000000238
26328  27.419  -71.723  -14.326 0.5000000000
29205  34.936  -68.150  -9.703 0.4000000060
25289  32.407  -72.797  -10.068 0.4000000060
24341  29.134  -73.801  -14.536 0.5000000000
147719  37.531  -79.563  -18.494 0.3000000119
29223  34.909  -68.825  -10.293 0.4000000060
26285  31.604  -71.010  -9.505 0.5000000000
124479  30.442  -71.029  -10.810 0.5000000000
27228  30.518  -70.341  -11.653 0.6000000238
38784  29.080  -57.731  -3.658 0.3000000119
13530  33.843  -84.317  -14.904 0.3000000119
15464  33.378  -82.815  -15.395 0.3000000119
18558  36.998  -80.086  -18.722 0.3000000119
20430  34.253  -77.319  -17.758 0.4000000060
20435  34.832  -77.615  -18.210 0.4000000060
21223  16.118  -76.340  -0.320 0.3000000119
21224  15.960  -76.728  0.220 0.3000000119
21231  15.705  -75.593  -1.534 0.4000000060
21365  34.998  -76.171  -17.808 0.4000000060
21366  33.876  -76.953  -17.215 0.4000000060
22213  16.124  -75.469  -0.338 0.3000000119
22230  15.439  -75.118  -1.828 0.3000000119
22302  21.579  -75.840  -8.815 0.5000000000
22325  31.530  -75.284  -10.795 0.4000000060
22335  32.234  -75.559  -11.549 0.5000000000
22350  32.774  -75.674  -12.601 0.4000000060
22356  33.379  -75.754  -14.323 0.4000000060
22359  33.717  -75.070  -15.775 0.4000000060
22363  33.950  -75.113  -16.537 0.4000000060
23195  18.173  -74.217  -0.846 0.3000000119
23197  16.735  -74.745  -0.330 0.3000000119
23209  17.314  -74.584  -0.991 0.4000000060
23261  21.786  -74.525  -6.608 0.5000000000
23291  21.258  -75.242  -9.710 0.5000000000
23305  31.003  -73.713  -9.891 0.4000000060
23306  21.478  -74.557  -9.877 0.6000000238
23311  30.555  -74.100  -10.240 0.5000000000
23312  29.984  -74.377  -10.793 0.5000000000
23334  23.835  -73.938  -12.682 0.6000000238
23340  29.429  -74.462  -14.549 0.5000000000
23348  33.531  -74.939  -14.807 0.4000000060
23354  33.705  -74.435  -15.540 0.4000000060
24211  18.822  -73.871  -1.261 0.5000000000
24217  18.722  -74.024  -2.205 0.4000000060
24227  17.422  -73.743  -3.378 0.5000000000
24253  22.672  -73.762  -6.863 0.6000000238
24255  19.762  -73.567  -6.743 0.5000000000
24269  25.202  -73.403  -7.980 0.6999999881
24285  23.781  -73.690  -8.558 0.6999999881
24296  31.578  -73.140  -9.814 0.4000000060
24297  30.991  -73.078  -9.718 0.5000000000
24299  24.277  -73.389  -9.125 0.6000000238
24300  23.090  -73.482  -9.546 0.6000000238
24305  32.124  -73.566  -10.318 0.4000000060
24306  31.463  -73.874  -10.106 0.4000000060
24308  30.080  -73.580  -10.477 0.5000000000
24309  23.640  -72.892  -10.184 0.6000000238
24320  33.312  -73.288  -12.658 0.5000000000
24321  32.909  -74.071  -12.141 0.4000000060
24322  29.736  -73.266  -12.831 0.5000000000
24324  23.116  -73.318  -12.919 0.6000000238
24331  29.614  -72.804  -13.664 0.5000000000
24334  23.521  -72.612  -13.210 0.6000000238
24351  33.824  -73.806  -15.793 0.4000000060
24360  34.063  -73.894  -16.274 0.4000000060
25202  19.793  -73.049  -2.836 0.4000000060
25212  19.101  -73.065  -3.544 0.5000000000
25245  26.303  -72.423  -7.201 0.6999999881
25246  25.443  -72.509  -7.024 0.6999999881
25248  23.152  -73.241  -6.808 0.6000000238
25249  22.399  -73.165  -6.614 0.5000000000
25251  19.849  -72.751  -6.947 0.5000000000
25262  27.219  -72.263  -7.851 0.6999999881
25267  19.126  -72.279  -7.677 0.4000000060
25273  25.906  -73.136  -8.306 0.6999999881
25282  31.267  -72.466  -9.616 0.5000000000
25283  30.691  -72.560  -9.803 0.5000000000
25284  26.454  -72.583  -8.939 0.6999999881
25285  25.684  -72.980  -9.093 0.6999999881
25291  29.850  -72.971  -10.943 0.5000000000
25300  30.056  -72.359  -10.711 0.5000000000
25301  29.898  -72.379  -11.511 0.5000000000
25308  33.309  -72.634  -11.846 0.4000000060
25311  22.639  -72.687  -12.720 0.6000000238
25317  33.660  -72.473  -12.893 0.4000000060
25320  23.875  -71.897  -13.344 0.6000000238
25324  29.397  -72.260  -14.078 0.6000000238
25325  28.892  -72.425  -14.427 0.6000000238
25327  27.010  -72.304  -14.229 0.5000000000
25335  33.801  -73.137  -15.166 0.4000000060
26225  18.100  -71.814  -4.786 0.5000000000
26252  25.961  -71.772  -6.721 0.6999999881
26253  24.932  -71.586  -6.715 0.6999999881
26256  22.240  -71.862  -6.634 0.6000000238
26265  26.930  -72.274  -7.393 0.6999999881
26267  21.592  -71.246  -6.999 0.6000000238
26274  27.597  -71.698  -8.249 0.6999999881
26276  18.556  -71.006  -8.661 0.5000000000
26283  32.963  -71.276  -9.708 0.4000000060
26284  32.202  -71.544  -9.523 0.4000000060
26286  30.968  -71.783  -9.643 0.5000000000
26287  26.447  -71.847  -9.722 0.6999999881
26291  32.705  -72.026  -9.867 0.4000000060
26292  30.397  -71.898  -10.139 0.5000000000
26294  25.039  -71.501  -11.005 0.5000000000
26295  24.309  -71.256  -11.808 0.6000000238
26299  34.053  -71.211  -12.207 0.4000000060
26303  24.581  -70.792  -12.360 0.6000000238
26304  23.918  -71.290  -12.513 0.6000000238
26312  30.226  -71.054  -12.178 0.5000000000
26313  29.997  -71.632  -13.073 0.6000000238
26314  23.821  -71.374  -12.946 0.6000000238
26320  25.809  -70.972  -13.754 0.6000000238
26321  24.960  -71.128  -13.490 0.6000000238
26325  34.316  -71.574  -15.150 0.5000000000
26326  29.216  -71.604  -14.314 0.6000000238
26327  28.424  -71.725  -14.460 0.6000000238
26329  26.446  -71.697  -14.076 0.5000000000
27123  20.455  -70.248  -0.672 0.4000000060
27133  21.370  -70.849  -1.765 0.4000000060
27134  21.069  -70.636  -1.131 0.4000000060
27143  21.538  -70.739  -2.416 0.4000000060
27166  18.868  -70.620  -4.990 0.5000000000
27173  18.985  -69.873  -5.253 0.5000000000
27180  28.046  -70.542  -6.704 0.6999999881
27181  27.396  -71.231  -6.735 0.6999999881
27182  26.571  -71.002  -6.464 0.6999999881
27184  24.848  -70.397  -6.768 0.6999999881
27185  23.390  -70.939  -6.910 0.6000000238
27191  27.889  -71.178  -7.412 0.6999999881
27193  22.812  -70.277  -7.411 0.6000000238
27194  20.920  -70.627  -7.619 0.6000000238
27199  28.417  -69.967  -8.147 0.8000000119
27202  20.341  -69.655  -8.410 0.6000000238
27209  33.793  -70.189  -9.764 0.4000000060
27210  33.188  -70.631  -9.575 0.4000000060
27213  27.618  -70.182  -9.450 0.6999999881
27217  34.255  -70.267  -10.770 0.4000000060
27219  30.856  -70.071  -10.587 0.5000000000
27220  27.012  -70.214  -10.177 0.6999999881
27221  26.433  -70.456  -10.635 0.5000000000
27222  25.846  -70.243  -11.420 0.6999999881
27226  34.635  -69.937  -11.818 0.4000000060
27227  33.849  -71.078  -11.111 0.4000000060
27230  25.304  -70.239  -12.213 0.6000000238
27238  34.490  -70.434  -12.495 0.4000000060
27239  30.440  -70.002  -12.939 0.6000000238
27242  24.875  -70.569  -12.719 0.6000000238
27251  29.602  -70.757  -14.272 0.6000000238
27253  27.233  -70.252  -13.954 0.6999999881
27255  25.220  -70.525  -13.203 0.6000000238
27256  24.445  -70.893  -13.055 0.6000000238
27262  27.870  -70.993  -14.363 0.6999999881
28176  21.847  -69.759  -3.422 0.4000000060
28188  19.800  -69.757  -4.894 0.5000000000
28193  27.433  -69.303  -5.663 0.6999999881
28197  18.427  -69.375  -5.749 0.5000000000
28203  27.735  -69.956  -6.042 0.6999999881
28205  26.024  -69.527  -6.175 0.6999999881
28207  16.164  -69.029  -7.052 0.5000000000
28210  28.605  -69.928  -7.236 0.6999999881
28211  24.499  -69.455  -7.160 0.6999999881
28212  23.789  -69.181  -7.645 0.6000000238
28214  22.159  -69.611  -7.921 0.6000000238
28216  15.671  -69.540  -7.272 0.4000000060
28219  32.918  -68.764  -8.834 0.5000000000
28220  28.102  -69.932  -8.855 0.6999999881
28222  21.620  -69.003  -8.470 0.6000000238
28224  19.891  -69.261  -8.660 0.5000000000
28226  17.635  -69.156  -8.590 0.5000000000
28232  33.777  -69.558  -9.403 0.4000000060
28233  33.350  -69.164  -9.027 0.4000000060
28235  31.867  -69.313  -9.372 0.5000000000
28236  28.293  -69.377  -8.738 0.6999999881
28258  26.543  -68.902  -11.729 0.6999999881
28270  30.674  -69.131  -12.942 0.6000000238
28272  26.413  -69.162  -12.531 0.6000000238
28279  29.881  -69.096  -14.213 0.6999999881
28280  26.631  -69.580  -13.324 0.6000000238
29134  21.976  -68.984  -0.888 0.3000000119
29150  23.056  -68.712  -3.112 0.4000000060
29159  28.619  -68.608  -5.561 0.8000000119
29160  27.932  -68.675  -5.362 0.8999999762
29161  27.158  -68.570  -5.406 0.8999999762
29162  26.420  -68.347  -5.662 0.6999999881
29171  28.849  -69.064  -6.031 0.8000000119
29173  24.930  -68.867  -6.968 0.6000000238
29175  16.776  -68.653  -6.955 0.5000000000
29178  29.261  -68.533  -6.488 0.8000000119
29181  23.681  -68.440  -7.951 0.6000000238
29182  17.339  -68.348  -7.295 0.5000000000
29189  29.178  -68.410  -7.470 0.8000000119
29191  22.938  -68.144  -8.528 0.6000000238
29192  22.023  -68.280  -8.762 0.6000000238
29193  21.155  -68.392  -8.795 0.6000000238
29194  20.293  -68.544  -8.761 0.5000000000
29206  34.241  -68.847  -9.352 0.4000000060
29207  33.535  -68.434  -8.850 0.5000000000
29210  28.198  -68.524  -9.147 0.6000000238
29211  27.552  -68.541  -10.023 0.6999999881
29212  20.787  -67.846  -8.969 0.5000000000
29224  31.284  -68.494  -10.579 0.5000000000
29225  27.247  -68.004  -10.766 0.6999999881
29237  35.328  -68.676  -11.274 0.4000000060
29240  27.031  -68.178  -11.589 0.6999999881
29251  30.562  -67.422  -13.473 0.6999999881
29257  29.547  -68.241  -14.051 0.6999999881
29258  27.566  -68.308  -13.162 0.6999999881
30137  29.096  -67.983  -5.471 0.8000000119
30138  28.400  -67.935  -5.093 0.8000000119
30139  27.742  -67.292  -4.882 0.8000000119
30141  25.991  -67.704  -5.859 0.6999999881
30150  29.524  -67.933  -6.041 0.8000000119
30152  24.799  -68.034  -7.087 0.6999999881
30153  20.211  -67.207  -6.396 0.5000000000
30155  18.613  -67.665  -6.939 0.6000000238
30156  17.966  -68.036  -7.118 0.5000000000
30161  29.542  -67.794  -6.947 0.6999999881
30162  24.935  -67.075  -6.929 0.6999999881
30175  32.805  -68.145  -8.788 0.5000000000
30177  28.694  -67.157  -8.793 0.6000000238
30178  23.033  -67.237  -8.743 0.6999999881
30179  22.321  -67.522  -8.994 0.6000000238
30181  19.267  -68.073  -8.673 0.5000000000
30182  18.868  -67.629  -8.336 0.5000000000
30194  31.768  -67.269  -9.722 0.6000000238
30196  27.805  -67.646  -10.052 0.6999999881
30197  21.859  -67.109  -9.287 0.6999999881
30199  20.494  -67.314  -8.974 0.6999999881
30211  35.496  -67.498  -10.052 0.4000000060
30213  27.854  -66.731  -10.594 0.6000000238
30226  30.997  -66.880  -12.852 0.6999999881
30234  30.156  -66.847  -13.657 0.6999999881
30235  29.332  -66.886  -13.584 0.6999999881
30243  29.150  -67.547  -13.765 0.6999999881
31195  29.543  -66.634  -5.072 0.8000000119
31196  28.959  -66.653  -4.739 0.8000000119
31197  28.262  -66.561  -4.706 0.8000000119
31206  30.159  -66.372  -5.629 0.6999999881
31209  26.683  -66.061  -5.343 0.6999999881
31210  25.592  -66.958  -6.234 0.8000000119
31211  22.318  -66.440  -5.592 0.3000000119
31212  21.516  -66.469  -6.120 0.5000000000
31218  30.288  -66.250  -6.498 0.6000000238
31221  25.179  -66.231  -6.704 0.6000000238
31224  19.001  -67.263  -7.298 0.5000000000
31230  24.516  -66.315  -7.453 0.6000000238
31231  23.580  -66.853  -8.367 0.6000000238
31232  19.632  -66.595  -7.885 0.5000000000
31233  19.082  -67.104  -7.725 0.6999999881
31247  23.127  -66.547  -8.795 0.6999999881
31249  19.836  -66.632  -8.341 0.6999999881
31265  33.260  -66.736  -8.963 0.5000000000
31268  28.183  -66.066  -10.298 0.6999999881
31270  20.856  -66.644  -9.111 0.6999999881
31279  31.145  -66.043  -10.918 0.6000000238
31289  30.715  -65.926  -12.734 0.6000000238
31290  28.111  -65.836  -12.005 0.8000000119
31291  27.695  -66.639  -11.356 0.8000000119
31299  28.553  -66.321  -12.925 0.6999999881
32250  24.029  -65.794  -3.970 0.3000000119
32266  30.227  -65.127  -4.784 0.6000000238
32267  29.566  -65.380  -4.605 0.6999999881
32269  27.963  -65.824  -4.671 0.8000000119
32280  29.935  -65.890  -4.948 0.6000000238
32281  27.564  -65.126  -4.832 0.6999999881
32282  26.877  -65.170  -5.259 0.6999999881
32305  24.093  -65.532  -8.040 0.5000000000
32320  28.842  -65.673  -8.959 0.6000000238
32321  23.391  -65.291  -8.665 0.4000000060
32322  22.941  -65.900  -8.949 0.5000000000
32323  20.919  -65.403  -8.582 0.4000000060
32336  34.350  -65.428  -9.453 0.4000000060
32338  32.024  -65.847  -9.775 0.6000000238
32340  28.364  -65.250  -9.990 0.6999999881
32342  22.272  -65.742  -9.201 0.4000000060
32343  21.552  -65.501  -9.063 0.4000000060
32344  20.477  -66.151  -8.575 0.4000000060
32351  32.066  -65.135  -9.914 0.6000000238
32353  30.626  -64.610  -11.346 0.6000000238
32369  30.167  -65.179  -12.705 0.6999999881
32370  29.543  -65.155  -12.756 0.6999999881
33357  28.660  -64.540  -4.474 0.6999999881
33368  30.706  -64.885  -5.041 0.6000000238
33370  27.191  -64.428  -5.097 0.6999999881
33373  21.906  -64.194  -6.655 0.4000000060
33382  26.454  -64.431  -5.640 0.6000000238
33384  21.369  -64.343  -7.215 0.4000000060
33396  31.268  -64.265  -6.852 0.6000000238
33398  30.057  -64.881  -7.871 0.6000000238
33400  24.517  -64.562  -7.720 0.4000000060
33413  21.416  -64.732  -8.633 0.4000000060
33414  20.873  -64.779  -8.148 0.5000000000
33418  35.553  -64.339  -9.888 0.5000000000
33419  33.764  -64.750  -9.791 0.6000000238
33421  28.474  -63.362  -10.375 0.6999999881
33422  28.323  -63.709  -10.846 0.6999999881
33435  31.296  -64.251  -10.513 0.6000000238
33437  28.391  -63.722  -11.171 0.6999999881
33452  29.695  -64.733  -12.514 0.6999999881
34416  30.669  -63.495  -4.344 0.6999999881
34419  28.300  -63.865  -4.544 0.6000000238
34421  23.647  -63.044  -4.628 0.3000000119
34430  31.813  -63.635  -5.300 0.6999999881
34431  27.571  -63.719  -4.881 0.6000000238
34434  22.633  -63.060  -5.985 0.4000000060
34446  31.725  -63.957  -6.199 0.6999999881
34448  25.412  -63.457  -6.792 0.5000000000
34459  31.343  -63.476  -7.419 0.6000000238
34460  30.342  -63.222  -8.311 0.6000000238
34461  24.946  -63.243  -7.538 0.3000000119
34462  24.476  -63.007  -8.173 0.3000000119
34463  21.363  -63.330  -7.945 0.4000000060
34473  23.014  -63.026  -8.828 0.3000000119
34474  22.318  -63.179  -8.591 0.4000000060
34484  28.516  -63.164  -10.957 0.6999999881
34490  35.995  -63.083  -10.451 0.5000000000
34491  35.263  -63.202  -10.764 0.5000000000
34493  33.414  -63.346  -10.654 0.6000000238
34503  29.180  -63.462  -11.617 0.6999999881
35342  28.602  -62.843  -4.407 0.5000000000
35371  32.626  -62.811  -6.084 0.6000000238
35374  22.176  -62.158  -7.219 0.4000000060
35385  24.838  -62.561  -7.856 0.3000000119
35386  24.480  -62.143  -8.280 0.3000000119
35392  29.050  -62.294  -9.521 0.6000000238
35395  21.911  -62.686  -8.225 0.4000000060
35403  29.330  -61.313  -9.897 0.6000000238
35413  30.365  -61.428  -10.508 0.6000000238
35425  34.403  -61.973  -11.538 0.6000000238
35427  32.217  -61.205  -10.753 0.4000000060
36269  33.131  -61.413  -4.795 0.5000000000
36271  31.368  -61.521  -3.941 0.6000000238
36290  33.671  -61.451  -6.124 0.5000000000
36300  24.481  -61.323  -8.379 0.4000000060
36301  22.401  -61.506  -7.773 0.4000000060
36307  30.915  -60.930  -9.315 0.4000000060
36310  23.479  -61.678  -8.562 0.4000000060
36311  22.910  -61.509  -8.392 0.4000000060
36320  29.730  -60.991  -10.023 0.5000000000
36321  29.303  -61.349  -10.166 0.5000000000
36328  29.816  -61.059  -10.168 0.5000000000
37165  27.942  -60.316  -4.601 0.4000000060
37174  33.726  -61.085  -5.390 0.5000000000
37176  26.460  -60.047  -6.008 0.4000000060
37183  25.986  -60.479  -6.616 0.4000000060
37185  22.962  -60.067  -7.762 0.3000000119
37190  32.986  -60.920  -8.163 0.5000000000
37191  24.976  -60.594  -8.147 0.4000000060
37192  24.397  -60.586  -8.508 0.3000000119
37193  23.470  -60.195  -8.283 0.4000000060
37219  31.111  -60.407  -10.063 0.4000000060
37233  32.482  -59.958  -10.758 0.4000000060
37971  30.807  -59.207  -3.674 0.5000000000
37992  25.565  -58.914  -7.615 0.5000000000
37998  24.787  -59.242  -8.511 0.4000000060
38029  32.654  -59.625  -10.611 0.4000000060
38804  27.693  -58.706  -4.508 0.3000000119
38817  26.453  -58.587  -5.984 0.3000000119
38834  24.995  -57.884  -8.305 0.3000000119
38845  24.295  -58.952  -8.430 0.3000000119
39624  25.647  -57.566  -7.375 0.4000000060
40504  29.451  -56.373  -3.588 0.4000000060
40522  26.724  -55.827  -5.113 0.4000000060
41479  28.248  -55.384  -3.684 0.5000000000
42410  31.171  -55.103  -5.147 0.3000000119
123417  21.933  -64.013  -8.716 0.3000000119
124047  33.753  -75.861  -16.101 0.4000000060
124417  24.325  -72.561  -13.457 0.6000000238
124514  24.248  -73.576  -7.838 0.6999999881
125300  18.282  -73.885  -2.952 0.5000000000
125425  28.221  -65.059  -11.447 0.8000000119
125701  22.882  -60.010  -6.891 0.3000000119
126272  25.174  -59.581  -8.140 0.3000000119
126823  30.276  -65.721  -13.088 0.6999999881
127734  29.319  -63.203  -4.180 0.5000000000
128061  26.456  -62.858  -5.776 0.5000000000
128121  29.615  -67.073  -7.393 0.6000000238
128317  34.303  -66.966  -9.046 0.5000000000
128645  31.189  -67.386  -12.012 0.6000000238
129562  33.691  -72.990  -14.188 0.5000000000
129773  30.653  -68.390  -13.308 0.6000000238
130212  32.140  -67.958  -9.136 0.5000000000
130447  23.452  -63.784  -8.661 0.4000000060
130455  29.730  -74.104  -12.760 0.5000000000
130968  29.134  -70.485  -14.469 0.6000000238
131126  30.354  -62.168  -3.907 0.5000000000
131350  32.526  -73.899  -11.097 0.4000000060
131444  25.282  -72.917  -13.585 0.6000000238
131795  33.456  -74.333  -14.083 0.4000000060
132398  16.951  -69.907  -8.721 0.4000000060
132590  20.642  -72.428  -6.753 0.5000000000
133072  34.462  -71.050  -14.685 0.5000000000
133080  24.170  -63.800  -8.251 0.3000000119
133254  22.366  -62.053  -8.222 0.3000000119
133429  32.149  -70.069  -9.302 0.5000000000
133486  35.745  -68.397  -12.124 0.4000000060
134448  28.473  -64.212  -11.573 0.8000000119
134872  27.001  -66.878  -5.146 0.8000000119
134984  29.141  -61.691  -9.718 0.6000000238
135167  28.964  -65.134  -4.469 0.6999999881
135207  32.582  -59.380  -3.947 0.4000000060
135224  33.586  -72.945  -13.420 0.5000000000
135606  35.987  -67.549  -10.934 0.4000000060
136155  31.436  -61.446  -10.583 0.5000000000
136217  21.772  -69.642  -1.066 0.4000000060
136289  28.885  -62.635  -10.914 0.6999999881
136466  22.761  -72.529  -6.597 0.5000000000
136921  33.537  -65.401  -9.470 0.5000000000
137431  18.722  -67.388  -7.935 0.5000000000
137489  29.254  -73.064  -14.260 0.5000000000
137685  25.605  -61.983  -6.854 0.3000000119
138046  25.800  -72.999  -7.643 0.6999999881
138387  31.393  -66.758  -10.600 0.6000000238
139084  25.050  -64.776  -7.005 0.5000000000
140150  33.075  -72.372  -10.711 0.4000000060
140448  19.192  -69.558  -8.752 0.5000000000
140570  23.728  -65.034  -4.519 0.4000000060
140766  29.774  -72.957  -11.849 0.5000000000
140834  18.393  -73.006  -3.967 0.4000000060
141138  23.216  -68.840  -8.071 0.6000000238
141340  27.509  -71.082  -9.159 0.6999999881
141352  34.459  -75.825  -17.410 0.4000000060
141453  33.544  -75.783  -15.154 0.4000000060
141592  19.470  -71.906  -4.192 0.5000000000
141623  34.267  -70.593  -11.677 0.4000000060
142057  32.474  -61.821  -4.523 0.6000000238
142140  25.631  -71.660  -13.802 0.6000000238
142475  15.782  -74.863  -1.625 0.4000000060
142535  19.613  -71.130  -4.445 0.5000000000
142783  22.076  -72.529  -6.568 0.5000000000
142833  20.477  -70.081  -4.369 0.4000000060
143036  26.124  -62.228  -6.211 0.4000000060
143141  30.918  -68.676  -12.328 0.6000000238
143670  34.190  -71.644  -14.273 0.5000000000
143776  22.510  -64.453  -8.916 0.4000000060
143805  34.888  -67.466  -9.414 0.4000000060
143926  28.657  -63.397  -4.409 0.6000000238
144206  17.442  -70.660  -8.974 0.4000000060
144461  24.017  -61.844  -8.575 0.4000000060
144565  30.233  -60.767  -9.895 0.5000000000
145299  23.092  -59.463  -7.485 0.3000000119
145432  35.079  -79.744  -18.991 0.4000000060
145439  34.448  -70.975  -13.880 0.5000000000
145574  23.346  -73.936  -8.064 0.6000000238
146523  29.659  -62.736  -8.912 0.6000000238
146803  34.365  -70.892  -13.064 0.4000000060
147050  27.270  -70.642  -9.677 0.6999999881
147256  34.158  -59.343  -8.515 0.5000000000
147595  24.069  -62.473  -8.511 0.3000000119
148702  28.469  -69.659  -14.232 0.6999999881
148940  28.739  -63.985  -9.584 0.6999999881
148953  20.406  -70.170  -8.139 0.6000000238
149039  23.264  -67.038  -4.486 0.4000000060
