#!ascii label  , from subject sub-fsm84zy vox2ras=TkReg
914
142286  -22.648  -45.796  81.703 0.0000000000
52824  -45.609  -35.751  74.421 0.0000000000
58168  -50.140  -31.240  67.230 0.0000000000
134790  -56.190  -27.323  60.193 0.0000000000
52818  -40.158  -35.164  75.180 0.0000000000
60004  -53.825  -29.015  63.993 0.0000000000
68065  -52.867  -20.665  54.968 0.0000000000
133072  -56.145  -15.514  54.351 0.0000000000
48483  -48.563  -38.884  72.035 0.0000000000
128094  -51.076  -36.134  69.498 0.0000000000
54873  -47.780  -33.105  71.019 0.0000000000
44328  -25.164  -44.247  85.195 0.0000000000
42315  -29.057  -45.627  83.617 0.0000000000
41395  -32.520  -46.773  80.009 0.0000000000
40422  -37.981  -46.774  79.489 0.0000000000
43350  -41.350  -44.260  76.954 0.0000000000
46450  -40.122  -40.890  72.635 0.0000000000
146212  -44.589  -40.376  73.861 0.0000000000
52959  -54.202  -35.139  65.001 0.0000000000
73737  -58.377  -14.941  51.522 0.0000000000
50679  -47.356  -37.253  74.336 0.0000000000
138025  -48.648  -35.805  72.981 0.0000000000
139103  -46.603  -34.572  72.641 0.0000000000
44362  -25.167  -43.780  82.571 0.0000000000
141989  -27.251  -44.882  84.439 0.0000000000
46372  -39.537  -41.381  77.204 0.0000000000
45497  -41.838  -41.982  75.510 0.0000000000
48427  -38.693  -39.079  76.114 0.0000000000
52821  -42.623  -35.636  74.427 0.0000000000
49546  -42.659  -37.711  76.234 0.0000000000
127181  -45.432  -38.320  75.637 0.0000000000
47400  -46.814  -40.626  73.441 0.0000000000
124861  -51.030  -33.591  69.065 0.0000000000
52931  -52.384  -35.832  67.283 0.0000000000
57112  -52.452  -32.247  66.968 0.0000000000
61024  -55.276  -28.173  61.977 0.0000000000
130279  -56.048  -31.163  62.953 0.0000000000
58222  -57.422  -30.244  61.258 0.0000000000
60092  -58.210  -28.863  59.221 0.0000000000
68050  -55.991  -20.134  57.782 0.0000000000
65111  -55.576  -22.586  57.606 0.0000000000
51779  -37.645  -36.477  75.609 0.0000000000
60110  -53.631  -28.574  58.311 0.0000000000
70995  -53.578  -17.240  55.439 0.0000000000
70997  -56.687  -17.556  56.128 0.0000000000
70115  -59.721  -18.397  51.236 0.0000000000
48518  -48.480  -39.973  69.550 0.0000000000
50716  -49.853  -37.245  70.902 0.0000000000
53883  -50.200  -34.458  70.737 0.0000000000
41338  -24.107  -45.767  84.330 0.0000000000
38348  -29.935  -49.261  82.004 0.0000000000
41368  -30.733  -46.254  82.279 0.0000000000
39422  -31.729  -49.223  80.696 0.0000000000
39441  -33.647  -48.820  78.972 0.0000000000
39457  -36.078  -49.086  78.604 0.0000000000
39461  -39.057  -48.392  78.018 0.0000000000
41432  -39.902  -46.357  78.451 0.0000000000
42403  -42.928  -45.725  74.871 0.0000000000
49557  -39.946  -37.832  75.009 0.0000000000
123960  -41.494  -39.449  72.760 0.0000000000
46490  -43.579  -41.577  70.305 0.0000000000
45528  -46.098  -42.196  71.413 0.0000000000
45531  -47.705  -42.048  70.884 0.0000000000
141769  -54.564  -31.807  64.682 0.0000000000
63103  -55.721  -24.963  57.159 0.0000000000
62025  -57.237  -26.178  58.584 0.0000000000
42321  -22.237  -45.432  83.887 0.0000000000
52810  -46.237  -35.820  74.580 0.0000000000
52842  -47.272  -35.070  73.636 0.0000000000
53849  -46.200  -35.278  73.850 0.0000000000
48425  -37.290  -39.867  76.789 0.0000000000
47359  -39.747  -40.425  76.745 0.0000000000
49537  -37.125  -38.773  76.589 0.0000000000
52822  -43.989  -35.919  74.803 0.0000000000
51771  -44.239  -36.682  75.714 0.0000000000
137362  -45.272  -36.350  75.160 0.0000000000
50670  -46.286  -37.263  75.107 0.0000000000
56042  -51.614  -32.991  67.948 0.0000000000
58163  -51.763  -31.405  67.255 0.0000000000
61038  -55.743  -27.951  61.261 0.0000000000
60040  -56.356  -28.927  61.950 0.0000000000
61040  -56.792  -28.086  60.629 0.0000000000
59138  -57.863  -29.487  60.370 0.0000000000
140880  -57.455  -28.146  60.249 0.0000000000
68059  -56.327  -19.838  57.050 0.0000000000
67018  -56.920  -21.726  57.244 0.0000000000
66078  -56.915  -22.342  55.519 0.0000000000
71895  -52.786  -17.174  54.057 0.0000000000
71888  -54.656  -16.116  55.319 0.0000000000
70989  -55.928  -17.425  56.868 0.0000000000
72778  -56.656  -16.424  55.907 0.0000000000
70998  -57.338  -17.076  55.573 0.0000000000
72795  -57.583  -15.816  54.410 0.0000000000
71924  -59.553  -15.818  51.697 0.0000000000
134691  -48.356  -39.977  71.066 0.0000000000
49622  -49.307  -38.304  70.341 0.0000000000
134058  -48.992  -38.166  71.687 0.0000000000
132616  -48.661  -33.868  71.911 0.0000000000
53867  -49.567  -34.813  71.707 0.0000000000
54875  -49.069  -33.539  71.334 0.0000000000
56001  -49.427  -33.206  70.650 0.0000000000
56013  -48.740  -32.627  70.471 0.0000000000
41339  -25.063  -45.884  84.460 0.0000000000
42298  -25.640  -44.785  85.057 0.0000000000
42314  -28.445  -45.661  83.923 0.0000000000
42344  -32.629  -44.989  80.779 0.0000000000
41381  -31.925  -46.570  80.783 0.0000000000
40395  -30.969  -48.221  81.617 0.0000000000
132421  -31.961  -47.538  80.510 0.0000000000
39430  -32.314  -49.335  80.089 0.0000000000
40417  -33.036  -48.149  79.247 0.0000000000
39445  -37.338  -47.896  79.049 0.0000000000
38388  -37.827  -49.320  77.961 0.0000000000
132483  -38.537  -47.880  78.616 0.0000000000
44433  -40.392  -43.414  77.326 0.0000000000
133438  -40.070  -44.700  77.979 0.0000000000
42380  -40.944  -45.648  77.707 0.0000000000
40447  -40.912  -47.172  77.376 0.0000000000
41451  -41.829  -46.328  76.774 0.0000000000
41458  -42.459  -46.831  75.442 0.0000000000
42393  -42.299  -45.041  76.121 0.0000000000
131051  -40.889  -41.226  74.245 0.0000000000
45507  -42.328  -43.006  74.181 0.0000000000
126714  -41.226  -42.294  72.866 0.0000000000
46470  -40.334  -41.275  71.297 0.0000000000
134016  -38.863  -36.787  75.989 0.0000000000
51767  -40.373  -36.327  76.246 0.0000000000
48450  -43.687  -39.452  74.863 0.0000000000
142334  -42.027  -38.972  74.130 0.0000000000
48466  -43.003  -40.035  73.093 0.0000000000
122417  -42.589  -40.374  71.775 0.0000000000
46471  -43.632  -40.927  71.735 0.0000000000
145435  -45.151  -41.125  72.765 0.0000000000
47402  -47.683  -40.075  72.825 0.0000000000
46454  -47.236  -41.264  72.147 0.0000000000
47439  -48.014  -40.588  71.442 0.0000000000
148010  -48.260  -41.475  70.347 0.0000000000
45404  -24.211  -43.446  83.780 0.0000000000
45378  -23.914  -43.752  85.327 0.0000000000
43263  -23.946  -44.371  85.611 0.0000000000
50756  -50.289  -37.200  68.959 0.0000000000
145163  -51.262  -36.392  68.124 0.0000000000
52933  -53.325  -35.013  66.192 0.0000000000
59101  -52.793  -29.508  64.668 0.0000000000
58187  -53.352  -30.173  65.430 0.0000000000
59095  -53.974  -30.109  64.882 0.0000000000
56122  -56.893  -31.908  61.843 0.0000000000
56106  -56.098  -32.610  62.884 0.0000000000
65113  -56.984  -23.590  57.881 0.0000000000
64122  -55.466  -24.077  57.204 0.0000000000
64114  -57.007  -24.180  58.010 0.0000000000
62037  -56.857  -25.532  58.154 0.0000000000
63079  -58.084  -25.748  58.091 0.0000000000
61087  -58.330  -27.068  58.238 0.0000000000
71910  -56.378  -15.983  52.434 0.0000000000
73724  -57.673  -15.168  52.997 0.0000000000
72830  -57.268  -15.549  51.449 0.0000000000
72842  -58.180  -14.832  50.119 0.0000000000
49592  -48.054  -38.027  73.361 0.0000000000
50690  -48.887  -37.096  72.602 0.0000000000
51808  -48.144  -36.377  73.566 0.0000000000
53857  -47.793  -34.661  73.081 0.0000000000
146747  -47.539  -33.871  72.105 0.0000000000
44337  -25.471  -44.115  84.904 0.0000000000
44329  -25.770  -44.438  84.855 0.0000000000
43277  -28.864  -44.458  83.496 0.0000000000
45467  -40.668  -42.358  77.151 0.0000000000
45480  -41.848  -42.934  76.310 0.0000000000
46374  -41.189  -41.956  76.795 0.0000000000
46402  -40.636  -40.803  75.788 0.0000000000
47379  -39.793  -40.099  74.001 0.0000000000
146192  -41.548  -35.446  75.430 0.0000000000
134786  -41.850  -36.508  76.202 0.0000000000
51769  -42.759  -36.539  76.010 0.0000000000
49561  -43.874  -38.401  76.061 0.0000000000
48451  -44.713  -39.728  74.965 0.0000000000
124728  -45.642  -40.648  73.755 0.0000000000
48453  -46.383  -39.499  74.652 0.0000000000
49578  -47.213  -38.688  74.265 0.0000000000
45414  -24.390  -43.545  82.823 0.0000000000
53897  -51.175  -35.050  69.491 0.0000000000
51885  -51.881  -36.030  67.896 0.0000000000
53908  -52.005  -34.907  68.163 0.0000000000
144533  -52.656  -33.984  66.838 0.0000000000
53923  -53.456  -34.090  65.988 0.0000000000
60036  -53.947  -28.318  62.615 0.0000000000
59112  -54.973  -29.235  63.460 0.0000000000
60022  -55.282  -28.912  62.926 0.0000000000
59120  -56.702  -30.020  61.998 0.0000000000
68057  -54.012  -20.058  56.788 0.0000000000
128973  -54.139  -21.661  56.851 0.0000000000
67016  -56.035  -20.957  57.834 0.0000000000
66064  -56.776  -22.219  57.543 0.0000000000
124103  -44.201  -35.931  73.353 0.0000000000
132856  -42.786  -35.785  73.587 0.0000000000
122988  -51.172  -30.752  66.693 0.0000000000
59126  -52.663  -29.350  62.178 0.0000000000
126518  -53.163  -28.579  61.006 0.0000000000
60071  -54.006  -27.891  60.186 0.0000000000
61066  -55.387  -27.573  59.507 0.0000000000
142278  -53.369  -18.707  55.784 0.0000000000
70064  -55.323  -18.725  57.377 0.0000000000
70066  -56.063  -18.847  57.322 0.0000000000
69133  -56.255  -19.045  56.391 0.0000000000
72804  -58.603  -15.716  53.151 0.0000000000
137728  -59.283  -18.045  52.771 0.0000000000
48529  -48.759  -38.903  69.249 0.0000000000
49623  -49.920  -37.646  69.959 0.0000000000
51855  -50.669  -36.308  70.196 0.0000000000
51824  -49.573  -36.194  71.814 0.0000000000
52876  -50.354  -35.743  70.791 0.0000000000
52890  -50.874  -35.566  70.037 0.0000000000
54897  -50.470  -34.159  70.150 0.0000000000
57088  -50.020  -32.484  69.296 0.0000000000
129421  -45.712  -35.472  71.899 0.0000000000
53872  -46.597  -34.333  70.864 0.0000000000
145510  -47.118  -33.038  68.765 0.0000000000
41350  -23.646  -45.894  83.313 0.0000000000
41351  -24.624  -46.163  83.368 0.0000000000
38366  -29.741  -49.895  80.739 0.0000000000
44365  -29.424  -43.944  82.506 0.0000000000
43278  -29.953  -45.152  83.089 0.0000000000
41356  -29.986  -46.514  82.844 0.0000000000
135307  -30.573  -49.374  81.547 0.0000000000
37286  -34.311  -50.739  78.271 0.0000000000
37287  -35.270  -50.754  78.045 0.0000000000
42363  -38.516  -45.471  79.171 0.0000000000
42364  -39.250  -45.337  78.740 0.0000000000
41420  -39.104  -46.083  79.000 0.0000000000
40434  -39.342  -47.277  78.479 0.0000000000
39473  -40.336  -48.393  77.122 0.0000000000
44485  -42.575  -43.414  75.002 0.0000000000
50653  -37.771  -37.562  76.016 0.0000000000
48436  -39.022  -38.784  75.170 0.0000000000
48462  -39.586  -39.232  73.638 0.0000000000
49558  -41.028  -37.801  75.349 0.0000000000
48464  -40.544  -39.038  72.985 0.0000000000
48479  -39.955  -39.508  72.563 0.0000000000
47436  -40.638  -40.144  71.472 0.0000000000
46489  -41.865  -41.243  69.606 0.0000000000
44544  -46.987  -43.230  70.341 0.0000000000
130484  -46.374  -41.356  72.597 0.0000000000
45530  -47.293  -42.240  71.132 0.0000000000
44546  -47.853  -42.987  70.027 0.0000000000
125619  -48.534  -42.268  69.107 0.0000000000
42295  -22.995  -44.984  85.571 0.0000000000
58172  -52.736  -30.870  66.334 0.0000000000
57124  -53.421  -31.801  65.971 0.0000000000
133090  -54.275  -33.094  65.107 0.0000000000
57146  -54.889  -31.236  64.270 0.0000000000
56092  -55.270  -32.877  63.954 0.0000000000
139656  -55.131  -34.654  63.880 0.0000000000
61102  -55.091  -28.066  57.988 0.0000000000
61085  -55.659  -27.519  58.585 0.0000000000
136726  -53.899  -23.142  56.338 0.0000000000
65117  -54.003  -24.114  56.183 0.0000000000
62049  -55.726  -26.069  56.889 0.0000000000
134102  -56.756  -26.260  58.463 0.0000000000
62013  -56.806  -26.677  59.089 0.0000000000
61069  -57.736  -27.331  59.352 0.0000000000
41363  -22.333  -45.703  82.264 0.0000000000
52809  -45.695  -35.967  74.722 0.0000000000
52825  -46.229  -35.558  74.242 0.0000000000
53848  -45.411  -35.473  73.971 0.0000000000
47366  -36.673  -40.353  75.915 0.0000000000
48414  -36.985  -39.230  76.737 0.0000000000
49544  -36.706  -38.453  76.198 0.0000000000
52823  -44.829  -35.903  74.627 0.0000000000
140497  -44.082  -35.983  74.929 0.0000000000
52808  -44.975  -36.188  75.025 0.0000000000
146534  -45.821  -36.151  74.942 0.0000000000
58161  -50.592  -31.421  67.704 0.0000000000
130674  -51.301  -31.859  67.827 0.0000000000
58170  -51.144  -31.002  67.117 0.0000000000
61052  -55.774  -27.590  60.696 0.0000000000
61039  -56.160  -28.172  61.181 0.0000000000
61053  -56.322  -27.641  60.518 0.0000000000
122195  -57.170  -27.513  59.955 0.0000000000
67032  -56.277  -20.812  55.588 0.0000000000
67033  -56.974  -21.323  56.625 0.0000000000
72801  -55.140  -15.863  54.220 0.0000000000
72792  -55.663  -15.669  54.792 0.0000000000
72784  -55.646  -15.895  55.391 0.0000000000
122142  -56.337  -15.594  54.898 0.0000000000
72786  -56.954  -16.018  55.374 0.0000000000
72793  -56.867  -15.388  54.386 0.0000000000
48498  -48.311  -39.644  71.706 0.0000000000
48499  -48.814  -38.757  71.342 0.0000000000
145094  -48.111  -33.270  71.564 0.0000000000
54874  -48.508  -33.393  71.508 0.0000000000
56000  -48.896  -33.046  70.954 0.0000000000
56012  -48.057  -32.700  70.371 0.0000000000
42297  -24.797  -44.695  85.453 0.0000000000
43264  -25.186  -44.428  85.237 0.0000000000
41343  -28.315  -46.222  83.908 0.0000000000
42352  -32.588  -45.815  80.379 0.0000000000
42342  -31.977  -45.668  81.116 0.0000000000
41413  -32.507  -47.731  79.766 0.0000000000
40421  -36.919  -47.227  79.552 0.0000000000
142778  -37.552  -47.162  79.456 0.0000000000
40433  -38.000  -47.530  79.129 0.0000000000
44449  -40.908  -43.578  77.168 0.0000000000
43335  -40.870  -44.388  77.344 0.0000000000
135511  -41.196  -44.961  77.330 0.0000000000
42381  -41.574  -45.648  77.128 0.0000000000
42382  -41.747  -44.970  76.746 0.0000000000
42392  -42.065  -45.643  76.544 0.0000000000
43351  -41.878  -44.237  76.422 0.0000000000
46431  -40.275  -40.760  73.631 0.0000000000
46432  -40.887  -41.596  73.454 0.0000000000
147499  -40.608  -41.623  72.528 0.0000000000
45515  -40.714  -42.017  71.845 0.0000000000
146955  -40.275  -41.284  71.959 0.0000000000
52793  -39.238  -35.888  76.046 0.0000000000
52804  -40.026  -35.647  75.956 0.0000000000
47380  -44.244  -40.066  74.254 0.0000000000
123497  -43.359  -39.846  73.929 0.0000000000
47397  -43.983  -40.362  73.422 0.0000000000
47418  -43.372  -40.437  72.521 0.0000000000
46451  -44.317  -40.843  72.686 0.0000000000
126939  -44.768  -41.336  72.055 0.0000000000
47398  -44.960  -40.731  73.462 0.0000000000
48482  -48.101  -39.549  72.444 0.0000000000
47420  -47.844  -40.283  72.152 0.0000000000
45379  -24.780  -43.932  85.195 0.0000000000
45392  -24.183  -43.546  84.750 0.0000000000
44327  -24.573  -44.216  85.404 0.0000000000
51872  -51.128  -36.359  69.034 0.0000000000
50757  -50.877  -36.652  68.869 0.0000000000
52945  -53.629  -35.486  65.651 0.0000000000
51911  -53.347  -36.083  65.843 0.0000000000
51912  -53.947  -35.934  65.087 0.0000000000
52978  -54.294  -35.858  64.328 0.0000000000
60003  -53.243  -29.172  63.905 0.0000000000
59102  -53.288  -29.490  64.700 0.0000000000
59103  -53.855  -29.414  64.432 0.0000000000
67031  -53.175  -21.025  55.631 0.0000000000
64115  -57.488  -24.048  57.654 0.0000000000
63090  -57.271  -24.787  58.028 0.0000000000
50680  -47.902  -37.276  73.798 0.0000000000
50689  -48.405  -37.207  73.201 0.0000000000
51795  -47.617  -36.643  74.086 0.0000000000
53856  -47.284  -34.623  73.218 0.0000000000
54845  -47.709  -34.276  72.748 0.0000000000
53864  -47.354  -34.236  72.651 0.0000000000
44349  -25.750  -43.884  84.233 0.0000000000
43276  -28.527  -44.204  83.484 0.0000000000
46371  -37.935  -41.065  76.923 0.0000000000
46363  -40.244  -41.934  77.265 0.0000000000
46373  -40.649  -41.801  77.070 0.0000000000
47349  -40.057  -41.156  77.148 0.0000000000
47358  -39.081  -39.847  76.626 0.0000000000
134542  -40.044  -40.341  76.204 0.0000000000
47367  -39.305  -39.585  75.790 0.0000000000
47368  -39.877  -40.106  75.121 0.0000000000
52820  -41.804  -35.314  74.664 0.0000000000
52797  -42.160  -36.073  76.077 0.0000000000
52798  -42.832  -36.235  75.799 0.0000000000
134946  -44.902  -37.591  75.968 0.0000000000
49548  -44.162  -37.661  76.159 0.0000000000
49562  -44.672  -38.403  75.945 0.0000000000
48438  -44.297  -39.075  75.587 0.0000000000
48439  -45.164  -39.134  75.467 0.0000000000
48452  -45.691  -39.806  74.775 0.0000000000
48440  -45.960  -39.029  75.188 0.0000000000
50671  -46.837  -37.062  74.741 0.0000000000
132220  -46.895  -37.929  74.661 0.0000000000
49579  -47.559  -38.053  74.024 0.0000000000
49591  -47.689  -38.938  73.598 0.0000000000
45415  -25.056  -43.712  83.536 0.0000000000
54913  -50.903  -34.285  69.579 0.0000000000
53898  -51.459  -34.406  68.829 0.0000000000
142756  -51.436  -33.572  68.490 0.0000000000
56043  -52.207  -32.908  67.373 0.0000000000
54927  -52.484  -33.568  67.101 0.0000000000
54936  -53.031  -33.476  66.464 0.0000000000
60037  -54.745  -28.329  62.659 0.0000000000
60021  -54.813  -28.704  63.104 0.0000000000
60038  -55.263  -28.535  62.523 0.0000000000
59127  -56.999  -29.328  61.371 0.0000000000
135861  -57.183  -31.026  61.624 0.0000000000
58233  -57.962  -30.372  60.471 0.0000000000
68058  -54.801  -19.971  57.448 0.0000000000
68049  -55.473  -20.446  57.746 0.0000000000
65114  -57.539  -23.306  57.183 0.0000000000
52857  -43.364  -35.983  73.014 0.0000000000
60052  -53.206  -28.627  61.940 0.0000000000
60088  -52.925  -28.731  58.831 0.0000000000
60089  -53.628  -28.347  59.287 0.0000000000
61051  -55.037  -27.632  60.408 0.0000000000
60090  -54.528  -27.903  59.448 0.0000000000
71004  -53.129  -17.064  54.696 0.0000000000
70994  -52.872  -17.655  55.021 0.0000000000
70079  -52.800  -18.438  55.108 0.0000000000
70080  -53.391  -18.001  55.699 0.0000000000
70073  -53.906  -18.480  56.417 0.0000000000
70987  -54.130  -17.608  56.268 0.0000000000
70990  -56.295  -17.540  56.577 0.0000000000
70981  -56.042  -18.191  57.097 0.0000000000
70075  -56.210  -18.335  56.765 0.0000000000
136572  -56.338  -18.713  55.367 0.0000000000
129465  -56.485  -18.146  55.951 0.0000000000
71006  -58.010  -17.090  54.867 0.0000000000
73725  -58.181  -15.039  52.410 0.0000000000
131395  -58.094  -15.377  53.359 0.0000000000
72813  -58.449  -15.270  52.698 0.0000000000
71925  -59.783  -16.516  51.483 0.0000000000
71911  -59.532  -16.409  52.166 0.0000000000
47478  -48.443  -40.826  68.128 0.0000000000
48528  -48.425  -39.768  68.542 0.0000000000
49615  -49.784  -37.635  70.473 0.0000000000
137227  -50.307  -37.241  69.971 0.0000000000
50725  -50.323  -36.985  70.304 0.0000000000
51823  -49.097  -36.338  72.467 0.0000000000
50702  -49.350  -36.936  71.993 0.0000000000
54858  -49.768  -34.446  71.293 0.0000000000
52861  -49.812  -35.546  71.486 0.0000000000
52875  -50.046  -35.026  71.104 0.0000000000
53873  -50.483  -35.154  70.591 0.0000000000
53884  -50.713  -34.824  70.130 0.0000000000
56027  -49.089  -32.347  69.918 0.0000000000
56014  -49.434  -32.680  69.912 0.0000000000
41352  -25.611  -46.399  83.770 0.0000000000
42299  -26.496  -44.876  84.654 0.0000000000
42312  -27.267  -45.485  84.487 0.0000000000
143658  -29.400  -49.008  82.113 0.0000000000
38356  -29.206  -49.326  81.265 0.0000000000
38357  -29.832  -49.574  81.508 0.0000000000
43287  -29.902  -44.219  82.660 0.0000000000
125643  -29.507  -44.643  83.216 0.0000000000
40378  -30.291  -47.259  82.465 0.0000000000
136363  -30.836  -47.289  81.913 0.0000000000
39421  -31.216  -49.063  81.341 0.0000000000
38359  -30.910  -49.442  81.364 0.0000000000
37256  -30.804  -49.902  81.050 0.0000000000
37257  -31.349  -50.253  80.353 0.0000000000
37275  -31.363  -50.556  79.778 0.0000000000
39440  -32.929  -49.198  79.471 0.0000000000
38372  -32.566  -50.030  79.726 0.0000000000
140504  -33.415  -49.997  79.159 0.0000000000
125967  -33.452  -50.643  78.620 0.0000000000
143253  -34.071  -50.318  78.681 0.0000000000
39443  -35.568  -48.237  79.025 0.0000000000
38385  -35.664  -50.028  78.376 0.0000000000
38386  -36.443  -49.877  78.163 0.0000000000
39460  -38.377  -48.666  78.156 0.0000000000
39472  -38.602  -49.329  77.614 0.0000000000
38397  -39.018  -49.787  77.093 0.0000000000
38398  -39.554  -49.026  77.291 0.0000000000
122549  -39.889  -45.152  78.373 0.0000000000
43333  -39.506  -44.891  78.231 0.0000000000
42371  -39.675  -45.666  78.614 0.0000000000
40446  -40.428  -47.733  77.463 0.0000000000
40457  -40.835  -47.884  77.066 0.0000000000
38408  -40.298  -49.209  76.595 0.0000000000
41459  -42.809  -46.363  75.033 0.0000000000
45488  -42.169  -42.772  75.709 0.0000000000
44475  -42.301  -43.507  75.804 0.0000000000
50652  -37.299  -37.619  76.070 0.0000000000
51764  -37.791  -36.932  75.976 0.0000000000
50666  -39.473  -37.503  75.684 0.0000000000
50655  -38.983  -37.218  75.881 0.0000000000
49556  -39.299  -38.227  74.967 0.0000000000
49572  -39.438  -38.833  74.285 0.0000000000
49573  -39.744  -38.477  74.256 0.0000000000
50668  -41.773  -37.266  76.170 0.0000000000
49559  -42.172  -38.108  75.719 0.0000000000
147978  -41.496  -39.090  73.393 0.0000000000
49590  -40.993  -38.666  73.806 0.0000000000
48480  -40.643  -39.584  72.217 0.0000000000
48497  -40.116  -39.901  72.011 0.0000000000
47438  -42.576  -40.743  70.989 0.0000000000
47452  -41.674  -40.826  70.345 0.0000000000
47453  -42.637  -41.116  70.240 0.0000000000
45527  -45.252  -42.183  70.987 0.0000000000
45546  -46.628  -42.716  70.801 0.0000000000
47399  -46.263  -40.686  73.644 0.0000000000
46433  -45.867  -41.057  73.123 0.0000000000
46434  -46.597  -41.049  73.065 0.0000000000
46473  -47.449  -41.659  71.451 0.0000000000
45517  -47.043  -41.818  71.724 0.0000000000
45547  -47.557  -42.604  70.588 0.0000000000
45548  -47.997  -42.392  70.333 0.0000000000
45564  -48.273  -42.714  69.629 0.0000000000
47464  -48.403  -41.026  69.940 0.0000000000
123626  -48.500  -41.597  69.337 0.0000000000
47474  -48.481  -40.848  69.019 0.0000000000
42296  -23.871  -44.873  85.571 0.0000000000
43262  -23.196  -44.479  85.829 0.0000000000
42308  -23.575  -45.364  85.076 0.0000000000
42322  -23.161  -45.653  84.152 0.0000000000
52916  -51.943  -35.613  68.098 0.0000000000
51897  -52.263  -36.159  67.083 0.0000000000
58180  -51.738  -30.354  66.200 0.0000000000
129589  -51.763  -30.596  66.581 0.0000000000
58188  -53.927  -30.667  65.129 0.0000000000
58182  -53.348  -30.940  65.803 0.0000000000
57145  -53.967  -31.568  65.300 0.0000000000
56066  -53.793  -32.397  65.547 0.0000000000
56077  -54.294  -32.279  65.073 0.0000000000
58207  -55.651  -30.453  63.349 0.0000000000
58197  -55.116  -30.586  63.924 0.0000000000
58198  -55.513  -31.397  63.601 0.0000000000
133980  -55.639  -32.366  63.487 0.0000000000
56093  -55.749  -33.323  63.332 0.0000000000
54973  -55.305  -33.579  63.872 0.0000000000
53983  -55.392  -34.736  63.365 0.0000000000
61103  -55.623  -27.448  57.523 0.0000000000
66070  -54.535  -22.481  57.047 0.0000000000
66069  -53.788  -22.370  56.412 0.0000000000
65118  -54.811  -23.497  56.979 0.0000000000
64121  -54.831  -24.570  56.617 0.0000000000
63109  -54.194  -25.112  55.921 0.0000000000
63102  -55.013  -25.598  56.371 0.0000000000
62036  -56.194  -26.403  57.678 0.0000000000
62014  -57.343  -26.865  59.188 0.0000000000
61086  -58.030  -26.840  58.882 0.0000000000
51794  -47.078  -36.495  74.466 0.0000000000
134511  -47.375  -35.844  74.026 0.0000000000
52826  -46.726  -35.471  74.135 0.0000000000
53850  -46.771  -35.107  73.726 0.0000000000
53855  -46.801  -34.783  73.292 0.0000000000
129620  -38.640  -40.794  77.053 0.0000000000
47348  -39.175  -40.494  77.011 0.0000000000
47347  -38.435  -40.118  76.931 0.0000000000
48416  -37.992  -39.480  76.734 0.0000000000
49538  -37.588  -38.831  76.468 0.0000000000
123639  -43.213  -35.809  74.928 0.0000000000
51770  -43.498  -36.506  75.742 0.0000000000
51781  -44.213  -36.431  75.413 0.0000000000
51782  -44.730  -36.505  75.399 0.0000000000
136211  -45.150  -37.052  75.780 0.0000000000
50669  -45.587  -37.445  75.556 0.0000000000
51783  -45.694  -36.662  75.259 0.0000000000
51784  -46.380  -36.414  74.841 0.0000000000
56028  -50.595  -32.839  69.037 0.0000000000
56029  -51.164  -32.935  68.536 0.0000000000
57100  -51.357  -32.427  68.049 0.0000000000
57111  -51.884  -32.168  67.469 0.0000000000
61037  -55.216  -27.788  61.316 0.0000000000
61025  -55.797  -28.409  61.880 0.0000000000
60055  -56.582  -28.594  61.249 0.0000000000
59137  -57.565  -29.628  60.870 0.0000000000
60072  -57.322  -28.814  60.705 0.0000000000
60073  -57.914  -28.813  60.027 0.0000000000
60091  -57.880  -27.977  59.688 0.0000000000
68051  -56.149  -20.015  57.466 0.0000000000
135364  -56.178  -20.658  57.576 0.0000000000
67024  -56.519  -20.746  57.198 0.0000000000
142925  -57.309  -22.152  56.352 0.0000000000
71896  -53.523  -16.678  54.265 0.0000000000
70996  -54.367  -16.764  55.890 0.0000000000
70988  -55.144  -17.259  56.690 0.0000000000
71881  -55.267  -16.423  56.102 0.0000000000
139502  -55.801  -16.826  56.536 0.0000000000
70991  -56.761  -16.974  56.122 0.0000000000
71889  -57.068  -16.536  55.694 0.0000000000
71890  -57.483  -16.377  55.091 0.0000000000
71898  -58.129  -16.433  54.387 0.0000000000
128663  -59.028  -14.812  51.103 0.0000000000
73726  -58.780  -15.041  51.943 0.0000000000
72831  -59.308  -15.267  51.453 0.0000000000
72832  -59.794  -15.776  50.972 0.0000000000
70129  -59.931  -18.283  50.413 0.0000000000
48508  -48.441  -40.042  70.372 0.0000000000
48519  -48.792  -39.092  70.036 0.0000000000
48509  -48.744  -39.110  70.766 0.0000000000
138689  -49.248  -38.335  70.830 0.0000000000
49614  -49.424  -37.957  71.126 0.0000000000
52844  -48.500  -34.937  72.806 0.0000000000
52860  -49.215  -35.416  72.253 0.0000000000
53866  -48.951  -34.504  72.202 0.0000000000
54857  -49.303  -34.143  71.625 0.0000000000
54876  -49.656  -33.865  71.082 0.0000000000
142715  -49.098  -32.756  70.418 0.0000000000
56026  -48.520  -32.340  69.763 0.0000000000
42309  -24.509  -45.316  85.137 0.0000000000
42310  -25.421  -45.311  85.001 0.0000000000
41340  -25.997  -46.022  84.480 0.0000000000
39401  -29.583  -48.045  82.711 0.0000000000
137661  -31.414  -47.416  81.291 0.0000000000
40396  -31.554  -48.367  81.033 0.0000000000
37267  -31.924  -50.050  80.256 0.0000000000
40405  -32.099  -48.460  80.302 0.0000000000
40416  -32.569  -48.549  79.729 0.0000000000
39444  -36.509  -48.113  79.046 0.0000000000
39458  -37.035  -48.919  78.402 0.0000000000
39459  -37.872  -48.380  78.575 0.0000000000
44432  -40.055  -43.406  77.431 0.0000000000
123913  -40.016  -44.237  77.629 0.0000000000
43334  -40.446  -44.231  77.476 0.0000000000
42373  -40.535  -44.945  77.856 0.0000000000
42372  -40.281  -45.663  78.239 0.0000000000
41441  -40.618  -46.397  77.908 0.0000000000
42402  -42.625  -45.805  75.612 0.0000000000
43385  -42.751  -44.882  75.363 0.0000000000
125152  -41.517  -41.814  74.491 0.0000000000
45498  -42.147  -42.527  74.794 0.0000000000
45506  -41.737  -42.386  73.833 0.0000000000
44499  -42.058  -43.080  73.251 0.0000000000
52803  -38.050  -35.843  75.332 0.0000000000
130003  -38.368  -36.822  75.974 0.0000000000
51765  -39.088  -36.295  76.066 0.0000000000
51766  -39.577  -36.476  76.120 0.0000000000
50656  -40.031  -36.832  76.107 0.0000000000
49576  -42.736  -38.829  75.112 0.0000000000
48449  -42.858  -39.354  74.316 0.0000000000
48465  -42.381  -39.515  73.477 0.0000000000
127838  -42.244  -39.823  72.752 0.0000000000
48481  -41.676  -39.908  72.012 0.0000000000
47417  -42.595  -40.118  72.430 0.0000000000
145218  -43.366  -41.167  70.890 0.0000000000
122615  -44.345  -41.609  71.162 0.0000000000
46472  -45.310  -41.803  71.602 0.0000000000
46452  -45.788  -41.551  72.258 0.0000000000
47401  -47.287  -40.438  73.143 0.0000000000
46435  -47.101  -40.973  72.876 0.0000000000
47419  -47.472  -40.693  72.516 0.0000000000
46455  -47.633  -41.008  71.798 0.0000000000
46474  -47.840  -41.381  71.150 0.0000000000
46491  -48.072  -41.753  70.593 0.0000000000
47454  -48.190  -40.946  70.727 0.0000000000
45391  -23.667  -43.267  84.234 0.0000000000
140629  -23.464  -43.285  84.863 0.0000000000
45377  -23.200  -43.430  85.320 0.0000000000
139773  -53.134  -35.726  66.342 0.0000000000
51898  -52.871  -35.953  66.528 0.0000000000
131120  -52.798  -29.722  65.233 0.0000000000
59089  -52.770  -29.968  65.595 0.0000000000
144652  -53.056  -29.682  65.215 0.0000000000
139851  -54.396  -31.141  64.795 0.0000000000
57186  -56.375  -31.894  62.579 0.0000000000
57175  -55.931  -31.897  63.086 0.0000000000
65112  -56.528  -22.902  57.720 0.0000000000
65119  -55.754  -23.386  57.511 0.0000000000
64113  -56.356  -23.945  57.697 0.0000000000
131714  -56.247  -25.556  57.487 0.0000000000
63089  -56.631  -24.803  57.750 0.0000000000
63078  -57.539  -25.526  58.153 0.0000000000
62026  -57.757  -26.265  58.525 0.0000000000
72810  -55.979  -15.757  53.432 0.0000000000
72802  -56.683  -15.348  53.842 0.0000000000
72811  -56.966  -15.356  52.985 0.0000000000
72829  -56.986  -15.605  52.086 0.0000000000
72812  -57.670  -15.167  52.091 0.0000000000
72841  -57.856  -15.052  50.965 0.0000000000
140128  -58.603  -14.752  50.609 0.0000000000
49600  -48.227  -38.742  72.775 0.0000000000
142847  -48.674  -38.275  72.240 0.0000000000
49593  -48.539  -37.834  72.717 0.0000000000
51809  -48.687  -36.575  72.999 0.0000000000
52843  -47.973  -35.380  73.406 0.0000000000
53865  -48.238  -34.269  72.517 0.0000000000
54856  -48.000  -33.759  72.153 0.0000000000
54855  -47.638  -33.560  71.628 0.0000000000
44338  -26.254  -44.207  84.491 0.0000000000
126140  -27.547  -44.564  84.227 0.0000000000
42313  -27.949  -45.118  84.251 0.0000000000
43269  -28.781  -45.038  83.696 0.0000000000
41418  -37.416  -46.356  79.762 0.0000000000
45456  -40.360  -42.675  77.296 0.0000000000
44448  -40.675  -42.881  77.204 0.0000000000
44450  -41.443  -43.506  76.681 0.0000000000
44463  -41.896  -43.547  76.284 0.0000000000
45479  -41.419  -42.505  76.676 0.0000000000
45487  -41.715  -42.284  76.337 0.0000000000
46403  -41.290  -41.578  76.183 0.0000000000
46387  -40.606  -41.093  76.767 0.0000000000
46416  -41.186  -41.314  75.147 0.0000000000
46415  -40.455  -40.690  74.628 0.0000000000
52805  -40.915  -35.529  75.797 0.0000000000
52795  -40.593  -35.972  76.198 0.0000000000
52796  -41.383  -35.996  76.166 0.0000000000
50658  -42.711  -37.077  76.233 0.0000000000
50659  -43.603  -36.971  76.087 0.0000000000
49547  -43.369  -37.681  76.265 0.0000000000
49560  -43.061  -38.366  75.983 0.0000000000
48437  -43.552  -38.874  75.581 0.0000000000
47381  -45.112  -40.301  74.235 0.0000000000
47382  -45.855  -40.362  74.153 0.0000000000
47383  -46.460  -40.134  74.101 0.0000000000
49563  -46.162  -38.164  75.206 0.0000000000
49577  -46.648  -38.848  74.748 0.0000000000
48454  -47.036  -39.475  74.114 0.0000000000
48467  -47.448  -39.788  73.400 0.0000000000
48468  -47.844  -39.458  73.032 0.0000000000
45405  -24.941  -43.758  84.503 0.0000000000
52905  -51.267  -35.648  69.330 0.0000000000
51873  -51.490  -35.945  68.739 0.0000000000
52906  -51.567  -35.303  68.800 0.0000000000
52917  -52.316  -35.311  67.604 0.0000000000
54926  -51.902  -33.876  67.877 0.0000000000
53909  -52.437  -34.517  67.328 0.0000000000
52932  -52.712  -35.301  66.868 0.0000000000
53922  -52.910  -34.416  66.594 0.0000000000
53938  -53.808  -34.640  65.481 0.0000000000
60020  -54.264  -28.636  63.293 0.0000000000
60005  -54.346  -29.063  63.725 0.0000000000
130741  -55.629  -29.541  63.049 0.0000000000
60039  -55.742  -28.904  62.481 0.0000000000
59119  -56.139  -29.475  62.481 0.0000000000
58215  -56.165  -30.260  62.734 0.0000000000
137176  -56.600  -31.044  62.332 0.0000000000
131157  -53.673  -20.928  56.420 0.0000000000
128407  -54.528  -20.768  57.251 0.0000000000
67015  -55.291  -21.514  57.667 0.0000000000
66063  -56.243  -21.863  57.829 0.0000000000
67017  -56.441  -21.361  57.540 0.0000000000
138261  -57.105  -23.095  57.564 0.0000000000
122294  -44.493  -35.726  74.156 0.0000000000
52858  -44.782  -35.903  72.845 0.0000000000
125440  -39.780  -35.215  73.402 0.0000000000
52837  -41.163  -35.194  73.848 0.0000000000
52838  -42.032  -35.526  73.660 0.0000000000
52839  -43.528  -35.801  74.069 0.0000000000
58178  -50.101  -31.065  66.420 0.0000000000
132107  -50.661  -30.935  66.792 0.0000000000
146028  -51.126  -30.448  65.523 0.0000000000
58186  -51.705  -30.172  65.721 0.0000000000
59111  -52.740  -29.401  63.923 0.0000000000
60018  -53.157  -29.018  63.515 0.0000000000
60035  -53.215  -28.786  62.849 0.0000000000
123270  -54.612  -28.019  61.963 0.0000000000
140996  -53.683  -28.107  60.814 0.0000000000
60054  -54.390  -27.840  61.093 0.0000000000
136892  -55.780  -27.382  60.157 0.0000000000
69130  -52.652  -19.131  54.839 0.0000000000
68066  -53.312  -20.179  55.776 0.0000000000
69122  -53.639  -19.314  56.276 0.0000000000
69123  -54.529  -19.153  57.119 0.0000000000
69113  -55.556  -19.498  57.639 0.0000000000
70980  -55.591  -18.095  57.139 0.0000000000
70065  -55.862  -18.816  57.443 0.0000000000
69114  -56.020  -19.413  57.602 0.0000000000
68068  -56.384  -20.098  56.308 0.0000000000
68067  -55.832  -20.006  55.184 0.0000000000
70081  -57.135  -17.683  55.459 0.0000000000
73710  -57.330  -15.361  54.020 0.0000000000
72803  -58.138  -15.786  53.834 0.0000000000
71904  -58.667  -16.443  53.675 0.0000000000
144047  -59.085  -15.584  52.306 0.0000000000
71905  -59.143  -16.418  52.909 0.0000000000
49631  -49.339  -38.197  69.729 0.0000000000
49637  -49.425  -37.879  68.991 0.0000000000
50742  -50.407  -37.157  69.528 0.0000000000
50726  -50.723  -36.714  69.631 0.0000000000
140493  -48.999  -37.645  72.092 0.0000000000
50715  -49.447  -37.484  71.508 0.0000000000
50703  -49.769  -36.775  71.367 0.0000000000
51842  -49.972  -36.164  71.242 0.0000000000
51854  -50.189  -36.538  70.791 0.0000000000
56016  -50.455  -33.509  69.695 0.0000000000
54896  -50.035  -33.673  70.445 0.0000000000
144748  -50.236  -32.957  69.504 0.0000000000
57108  -50.031  -31.474  67.901 0.0000000000
52841  -45.401  -35.399  73.167 0.0000000000
131150  -46.236  -34.853  71.672 0.0000000000
53863  -46.987  -33.991  71.866 0.0000000000
54872  -47.166  -33.598  70.953 0.0000000000
54895  -47.366  -33.173  70.188 0.0000000000
56025  -47.660  -32.700  69.395 0.0000000000
41349  -22.747  -45.692  83.137 0.0000000000
134213  -24.011  -46.025  82.572 0.0000000000
42311  -26.308  -45.415  84.722 0.0000000000
44352  -29.200  -44.155  83.138 0.0000000000
142150  -29.420  -45.268  83.414 0.0000000000
42323  -29.614  -45.881  83.311 0.0000000000
39412  -30.120  -48.554  82.311 0.0000000000
38349  -30.217  -49.108  81.994 0.0000000000
37255  -30.321  -50.040  80.959 0.0000000000
147389  -32.201  -50.355  79.717 0.0000000000
40418  -33.865  -47.706  79.120 0.0000000000
134766  -34.306  -49.558  78.784 0.0000000000
38373  -34.830  -50.202  78.544 0.0000000000
38387  -37.114  -49.812  77.919 0.0000000000
37289  -37.540  -50.188  77.501 0.0000000000
42362  -37.537  -45.518  79.611 0.0000000000
41419  -38.243  -46.079  79.536 0.0000000000
41431  -38.563  -46.926  79.128 0.0000000000
127721  -40.219  -47.176  77.979 0.0000000000
40445  -39.828  -48.008  77.737 0.0000000000
43367  -42.360  -44.181  75.908 0.0000000000
134429  -42.636  -44.053  75.402 0.0000000000
43386  -42.984  -45.123  74.638 0.0000000000
43400  -42.875  -44.366  74.646 0.0000000000
43401  -43.008  -44.973  74.126 0.0000000000
143084  -36.989  -38.220  76.404 0.0000000000
50646  -37.343  -38.251  76.256 0.0000000000
48426  -38.158  -38.651  76.228 0.0000000000
50654  -38.268  -37.585  75.945 0.0000000000
146011  -38.387  -37.880  75.898 0.0000000000
47378  -39.442  -39.401  74.419 0.0000000000
47395  -39.627  -39.674  73.586 0.0000000000
47396  -39.742  -40.156  73.129 0.0000000000
50657  -40.974  -36.698  76.310 0.0000000000
50667  -40.551  -37.259  75.925 0.0000000000
49574  -40.474  -38.294  74.401 0.0000000000
49575  -41.573  -38.413  74.744 0.0000000000
49589  -40.097  -38.672  73.639 0.0000000000
48463  -39.783  -39.115  73.199 0.0000000000
47415  -39.693  -39.614  73.037 0.0000000000
47416  -39.863  -40.112  72.353 0.0000000000
143399  -40.102  -40.719  71.809 0.0000000000
47450  -40.386  -40.712  71.228 0.0000000000
46487  -40.665  -41.318  70.525 0.0000000000
47437  -41.597  -40.373  71.128 0.0000000000
47451  -40.864  -40.697  70.679 0.0000000000
45516  -46.528  -41.753  71.940 0.0000000000
46453  -46.840  -41.395  72.409 0.0000000000
45529  -46.816  -42.298  71.310 0.0000000000
122850  -48.630  -42.379  68.263 0.0000000000
46504  -48.358  -41.951  69.953 0.0000000000
42307  -22.655  -45.297  84.867 0.0000000000
51884  -51.392  -36.247  68.400 0.0000000000
130352  -51.586  -30.978  67.053 0.0000000000
58171  -52.137  -30.876  66.756 0.0000000000
57122  -52.433  -31.531  66.796 0.0000000000
59090  -52.916  -30.382  65.907 0.0000000000
146515  -53.023  -31.410  66.324 0.0000000000
57123  -52.930  -32.023  66.523 0.0000000000
134272  -53.302  -32.568  66.202 0.0000000000
142282  -53.908  -33.822  65.401 0.0000000000
53954  -54.415  -34.165  64.830 0.0000000000
59104  -54.533  -29.656  64.139 0.0000000000
58189  -54.546  -30.450  64.485 0.0000000000
57159  -55.123  -32.043  64.093 0.0000000000
56078  -54.718  -32.573  64.532 0.0000000000
54959  -54.831  -33.398  64.383 0.0000000000
53966  -55.006  -34.145  64.143 0.0000000000
52960  -54.711  -34.840  64.380 0.0000000000
60111  -54.365  -28.255  58.573 0.0000000000
61084  -54.989  -27.878  58.794 0.0000000000
61067  -56.179  -27.115  59.486 0.0000000000
67023  -53.345  -21.778  55.929 0.0000000000
66077  -53.314  -22.674  55.741 0.0000000000
65126  -53.247  -23.614  55.516 0.0000000000
62048  -55.145  -26.619  56.227 0.0000000000
61118  -55.674  -26.947  56.864 0.0000000000
62024  -56.247  -26.858  58.481 0.0000000000
61068  -56.694  -27.116  59.808 0.0000000000
61070  -58.192  -27.795  58.849 0.0000000000
128774  -58.383  -28.931  58.299 0.0000000000
38358  -30.292  -49.541  81.517 0.0000000000
38360  -31.297  -49.741  80.889 0.0000000000
39411  -29.809  -48.768  82.340 0.0000000000
41467  -42.728  -46.923  74.796 0.0000000000
45403  -23.495  -43.173  83.625 0.0000000000
45468  -41.126  -42.785  76.949 0.0000000000
45469  -41.530  -42.992  76.568 0.0000000000
47346  -37.880  -40.130  76.922 0.0000000000
47435  -40.153  -40.304  71.759 0.0000000000
48415  -37.443  -39.378  76.740 0.0000000000
48417  -38.550  -39.673  76.660 0.0000000000
48424  -36.828  -39.767  76.448 0.0000000000
49545  -38.701  -38.121  75.742 0.0000000000
49588  -39.663  -38.880  73.734 0.0000000000
49632  -49.934  -37.588  69.496 0.0000000000
50647  -37.786  -38.218  76.138 0.0000000000
50660  -44.392  -37.075  75.999 0.0000000000
50665  -36.699  -37.718  75.781 0.0000000000
51768  -41.043  -36.296  76.227 0.0000000000
51780  -38.419  -36.237  75.960 0.0000000000
52794  -39.830  -36.059  76.227 0.0000000000
52806  -41.666  -35.755  75.893 0.0000000000
52807  -43.478  -36.144  75.423 0.0000000000
52811  -46.743  -35.926  74.456 0.0000000000
52819  -40.988  -35.104  74.910 0.0000000000
52840  -44.863  -35.650  73.556 0.0000000000
52856  -42.432  -35.906  72.833 0.0000000000
53967  -55.470  -34.124  63.598 0.0000000000
54947  -53.615  -33.207  65.755 0.0000000000
55999  -48.367  -32.948  71.049 0.0000000000
56015  -49.902  -33.088  69.927 0.0000000000
56054  -52.717  -32.767  66.738 0.0000000000
57099  -50.923  -32.295  68.408 0.0000000000
58162  -51.179  -31.349  67.532 0.0000000000
58169  -50.637  -31.158  67.233 0.0000000000
58179  -51.016  -30.535  66.224 0.0000000000
58206  -55.164  -29.893  63.703 0.0000000000
59094  -53.312  -29.696  65.056 0.0000000000
60019  -53.675  -28.793  63.426 0.0000000000
60053  -53.811  -28.113  61.621 0.0000000000
67030  -52.876  -21.482  55.052 0.0000000000
69124  -56.162  -19.240  57.249 0.0000000000
69131  -53.100  -19.282  55.444 0.0000000000
70074  -54.749  -18.178  56.957 0.0000000000
71022  -59.458  -17.262  52.543 0.0000000000
71023  -59.706  -17.152  51.898 0.0000000000
71037  -59.852  -17.510  51.171 0.0000000000
71882  -56.074  -16.322  56.091 0.0000000000
71883  -56.293  -16.902  56.415 0.0000000000
71887  -53.821  -16.523  55.040 0.0000000000
72785  -56.462  -15.931  55.419 0.0000000000
72791  -55.017  -15.812  54.876 0.0000000000
72794  -57.162  -15.493  54.410 0.0000000000
73717  -57.241  -15.261  53.691 0.0000000000
73718  -57.692  -15.305  53.515 0.0000000000
73719  -57.629  -15.472  53.912 0.0000000000
123241  -46.088  -35.012  73.336 0.0000000000
123720  -42.417  -35.749  75.469 0.0000000000
131322  -41.476  -46.926  76.911 0.0000000000
135195  -56.800  -15.600  54.874 0.0000000000
140073  -41.034  -42.256  76.953 0.0000000000
140206  -47.034  -40.146  73.654 0.0000000000
141299  -57.141  -15.778  54.850 0.0000000000
142484  -56.814  -18.209  55.233 0.0000000000
145618  -42.353  -45.663  76.125 0.0000000000
145928  -56.188  -28.498  61.590 0.0000000000
146053  -54.857  -30.122  64.087 0.0000000000
146207  -52.740  -35.840  66.740 0.0000000000
146471  -54.423  -35.449  64.533 0.0000000000
146640  -36.908  -38.723  76.552 0.0000000000
146858  -58.054  -15.146  53.031 0.0000000000
147504  -48.558  -39.377  71.237 0.0000000000
