#!ascii label  , from subject sub-fsm84zy vox2ras=TkReg
709
12915  -46.441  -77.381  11.073 0.0000000000
11392  -36.382  -79.362  6.653 0.0000000000
15554  -40.591  -74.455  15.590 0.0000000000
11362  -40.280  -79.936  8.522 0.0000000000
16460  -36.037  -73.735  11.174 0.0000000000
131086  -47.169  -72.680  18.210 0.0000000000
15508  -38.902  -74.150  19.664 0.0000000000
139592  -35.346  -72.554  26.487 0.0000000000
135723  -37.358  -71.051  16.630 0.0000000000
14702  -37.760  -75.763  13.525 0.0000000000
19237  -35.281  -70.718  14.866 0.0000000000
16359  -43.474  -73.229  18.907 0.0000000000
138565  -41.475  -76.119  21.761 0.0000000000
21678  -37.037  -67.421  25.406 0.0000000000
18195  -38.223  -71.217  25.691 0.0000000000
126162  -42.502  -79.004  11.286 0.0000000000
10547  -36.847  -80.110  9.148 0.0000000000
134225  -38.603  -83.567  8.437 0.0000000000
8944  -36.719  -83.185  6.515 0.0000000000
13770  -43.681  -75.793  13.239 0.0000000000
12934  -43.913  -77.752  8.797 0.0000000000
13802  -38.349  -76.602  10.575 0.0000000000
13814  -35.538  -76.581  9.271 0.0000000000
137447  -44.274  -73.391  15.861 0.0000000000
19233  -41.105  -70.582  17.453 0.0000000000
146953  -37.417  -69.761  19.032 0.0000000000
14522  -38.682  -76.349  25.437 0.0000000000
15451  -36.943  -75.238  22.904 0.0000000000
18266  -37.294  -71.327  21.697 0.0000000000
137198  -38.783  -67.754  21.273 0.0000000000
8897  -41.295  -82.326  9.621 0.0000000000
17518  -38.367  -72.763  4.625 0.0000000000
133342  -38.911  -77.098  4.788 0.0000000000
11438  -39.950  -79.589  2.779 0.0000000000
20086  -35.976  -69.657  17.014 0.0000000000
18328  -35.574  -71.422  15.634 0.0000000000
12091  -45.370  -78.443  10.692 0.0000000000
131973  -35.918  -79.788  7.835 0.0000000000
9751  -36.227  -81.282  7.855 0.0000000000
9775  -36.758  -81.000  6.247 0.0000000000
133471  -37.816  -82.057  5.291 0.0000000000
10594  -38.237  -80.440  5.041 0.0000000000
14691  -42.461  -75.542  14.393 0.0000000000
13757  -41.070  -76.563  14.183 0.0000000000
15583  -37.067  -75.000  12.654 0.0000000000
14726  -38.079  -75.938  11.727 0.0000000000
14732  -37.175  -75.476  10.740 0.0000000000
135025  -36.633  -76.865  9.954 0.0000000000
15611  -36.070  -74.459  10.201 0.0000000000
16424  -45.533  -73.830  15.032 0.0000000000
17358  -46.036  -72.759  17.081 0.0000000000
16357  -41.572  -73.719  19.060 0.0000000000
17322  -42.525  -71.674  18.379 0.0000000000
17320  -40.896  -71.426  18.686 0.0000000000
131101  -39.412  -69.868  17.896 0.0000000000
18295  -37.794  -71.348  19.358 0.0000000000
15428  -35.895  -74.901  25.884 0.0000000000
14544  -37.334  -75.842  24.240 0.0000000000
16282  -35.815  -73.711  24.765 0.0000000000
18210  -40.464  -71.058  25.167 0.0000000000
18242  -37.853  -71.958  23.309 0.0000000000
144672  -39.249  -71.363  22.591 0.0000000000
20046  -37.664  -69.611  21.600 0.0000000000
12129  -41.962  -78.677  8.425 0.0000000000
10549  -42.406  -80.032  8.703 0.0000000000
10562  -41.078  -80.890  8.398 0.0000000000
6612  -38.420  -85.544  8.792 0.0000000000
17528  -39.731  -72.495  3.554 0.0000000000
134721  -38.583  -74.902  4.990 0.0000000000
13009  -40.593  -77.788  3.093 0.0000000000
16410  -39.187  -73.537  15.796 0.0000000000
144012  -38.740  -75.831  14.905 0.0000000000
16408  -37.285  -73.652  15.603 0.0000000000
16422  -36.316  -74.032  14.578 0.0000000000
17376  -35.412  -72.457  12.809 0.0000000000
17305  -45.737  -72.789  18.810 0.0000000000
14621  -42.641  -75.392  20.410 0.0000000000
14620  -40.458  -75.536  20.679 0.0000000000
19982  -36.220  -69.760  26.702 0.0000000000
18207  -36.639  -71.739  25.754 0.0000000000
19984  -38.078  -69.721  26.031 0.0000000000
19986  -39.975  -69.890  26.129 0.0000000000
19125  -41.947  -70.152  25.956 0.0000000000
10548  -37.894  -80.252  9.191 0.0000000000
9739  -39.350  -81.892  8.486 0.0000000000
9737  -37.007  -81.981  8.594 0.0000000000
8141  -36.917  -83.558  7.858 0.0000000000
7400  -37.211  -85.031  5.959 0.0000000000
8176  -38.023  -84.391  4.746 0.0000000000
126717  -38.667  -83.436  3.630 0.0000000000
8990  -39.067  -82.491  2.505 0.0000000000
13781  -45.504  -76.255  11.721 0.0000000000
128908  -45.181  -77.586  9.598 0.0000000000
13806  -42.676  -77.079  10.289 0.0000000000
144941  -41.148  -77.691  9.294 0.0000000000
13766  -39.703  -77.048  13.150 0.0000000000
13789  -39.473  -76.890  11.031 0.0000000000
12930  -39.071  -77.857  9.588 0.0000000000
12108  -37.330  -78.667  9.671 0.0000000000
12106  -35.921  -78.345  9.255 0.0000000000
12145  -35.677  -78.141  8.158 0.0000000000
14705  -45.304  -75.241  13.176 0.0000000000
15564  -43.823  -74.515  14.735 0.0000000000
137510  -42.317  -74.271  15.368 0.0000000000
124382  -43.935  -71.911  18.057 0.0000000000
17355  -42.570  -72.127  16.641 0.0000000000
16400  -41.166  -72.852  16.031 0.0000000000
18323  -39.746  -70.995  16.647 0.0000000000
19223  -37.933  -69.889  17.465 0.0000000000
130627  -36.283  -68.322  18.836 0.0000000000
14546  -39.821  -76.464  24.125 0.0000000000
14579  -39.388  -76.142  22.388 0.0000000000
15480  -37.860  -74.906  20.977 0.0000000000
144782  -36.584  -72.664  24.068 0.0000000000
126762  -36.598  -73.268  21.953 0.0000000000
17291  -36.927  -72.817  20.167 0.0000000000
18294  -36.843  -70.794  20.244 0.0000000000
20880  -36.881  -68.261  20.752 0.0000000000
129186  -43.401  -79.296  9.487 0.0000000000
10539  -42.189  -80.477  9.987 0.0000000000
134892  -40.045  -83.443  8.778 0.0000000000
7345  -39.558  -84.440  9.743 0.0000000000
15610  -35.390  -74.424  9.046 0.0000000000
14753  -35.483  -75.890  7.748 0.0000000000
12966  -36.577  -77.152  6.339 0.0000000000
13856  -37.669  -76.345  5.550 0.0000000000
125131  -37.663  -77.943  5.393 0.0000000000
11401  -38.670  -79.553  4.784 0.0000000000
10615  -39.697  -80.638  3.430 0.0000000000
21782  -35.743  -67.659  17.764 0.0000000000
20901  -35.572  -68.560  16.658 0.0000000000
11326  -45.474  -78.730  11.728 0.0000000000
12092  -45.955  -78.298  11.061 0.0000000000
142526  -36.099  -79.821  7.148 0.0000000000
10583  -36.084  -80.491  7.462 0.0000000000
10592  -36.434  -80.255  6.592 0.0000000000
10593  -37.238  -80.310  5.776 0.0000000000
11399  -36.917  -79.505  6.027 0.0000000000
14680  -41.052  -75.233  15.253 0.0000000000
13758  -41.998  -76.235  13.981 0.0000000000
14689  -40.566  -76.062  14.904 0.0000000000
15593  -36.472  -74.289  11.565 0.0000000000
15594  -37.011  -74.835  11.890 0.0000000000
15604  -36.875  -74.837  11.166 0.0000000000
142795  -36.609  -74.855  10.656 0.0000000000
15603  -36.350  -74.324  10.873 0.0000000000
17342  -47.711  -72.937  17.722 0.0000000000
17341  -46.896  -72.666  17.542 0.0000000000
17359  -46.994  -73.053  16.552 0.0000000000
127050  -46.130  -72.405  17.842 0.0000000000
16356  -40.486  -73.565  19.133 0.0000000000
16374  -41.192  -72.545  18.882 0.0000000000
16373  -40.185  -72.469  18.992 0.0000000000
17319  -39.928  -71.280  18.788 0.0000000000
17303  -39.142  -72.381  19.085 0.0000000000
18181  -35.324  -71.244  27.266 0.0000000000
18180  -34.719  -71.300  27.886 0.0000000000
17211  -34.982  -72.692  27.141 0.0000000000
133529  -35.287  -74.095  26.954 0.0000000000
16259  -35.274  -73.357  26.455 0.0000000000
15427  -35.776  -74.313  25.325 0.0000000000
16270  -35.565  -73.558  25.575 0.0000000000
134284  -40.932  -71.096  24.646 0.0000000000
18244  -40.148  -71.420  23.577 0.0000000000
19172  -40.439  -70.932  22.565 0.0000000000
127143  -41.029  -70.894  22.891 0.0000000000
11363  -41.367  -79.530  8.403 0.0000000000
10563  -41.832  -80.151  8.455 0.0000000000
14787  -40.089  -75.861  4.139 0.0000000000
13867  -40.487  -76.534  3.812 0.0000000000
13875  -40.954  -76.401  3.011 0.0000000000
18330  -38.292  -72.046  16.216 0.0000000000
16409  -38.223  -73.605  15.764 0.0000000000
17366  -37.760  -72.833  16.024 0.0000000000
17364  -35.722  -72.410  15.411 0.0000000000
17373  -35.432  -72.728  14.483 0.0000000000
144165  -35.429  -72.889  13.582 0.0000000000
123072  -35.233  -72.101  13.721 0.0000000000
15497  -41.178  -75.233  20.057 0.0000000000
14596  -40.696  -75.956  21.400 0.0000000000
136924  -36.046  -67.856  26.180 0.0000000000
20799  -36.658  -68.019  25.811 0.0000000000
19983  -37.113  -69.495  26.142 0.0000000000
20800  -37.423  -68.160  25.545 0.0000000000
142579  -41.163  -69.460  26.087 0.0000000000
11331  -41.235  -79.573  11.269 0.0000000000
10559  -37.358  -81.083  8.900 0.0000000000
128759  -36.341  -82.295  7.356 0.0000000000
8932  -36.592  -82.781  7.871 0.0000000000
8943  -36.620  -83.371  7.346 0.0000000000
8164  -36.863  -84.272  6.670 0.0000000000
7410  -37.561  -85.113  5.132 0.0000000000
131608  -38.670  -82.041  4.615 0.0000000000
8971  -38.788  -82.722  4.174 0.0000000000
128180  -39.111  -81.984  4.064 0.0000000000
8989  -38.749  -83.341  2.824 0.0000000000
8972  -39.144  -82.444  3.428 0.0000000000
14716  -44.661  -75.793  12.631 0.0000000000
13794  -45.034  -76.643  11.000 0.0000000000
12932  -41.874  -77.635  9.194 0.0000000000
122628  -40.954  -77.212  10.817 0.0000000000
14687  -38.180  -75.901  14.340 0.0000000000
13755  -38.946  -76.389  14.349 0.0000000000
14703  -38.431  -76.332  13.582 0.0000000000
13788  -38.719  -76.497  11.178 0.0000000000
13803  -39.270  -77.063  10.498 0.0000000000
138510  -39.596  -77.545  9.848 0.0000000000
13817  -38.717  -77.247  10.133 0.0000000000
132806  -38.187  -78.157  9.657 0.0000000000
138185  -35.872  -76.943  9.610 0.0000000000
12927  -36.181  -77.661  9.638 0.0000000000
12926  -35.629  -77.477  9.195 0.0000000000
12126  -35.698  -78.277  8.803 0.0000000000
12955  -35.530  -77.525  8.503 0.0000000000
16414  -45.065  -73.433  15.775 0.0000000000
15565  -44.687  -74.192  14.821 0.0000000000
15557  -44.023  -73.913  15.332 0.0000000000
15556  -43.194  -74.100  15.325 0.0000000000
16413  -43.481  -73.441  15.839 0.0000000000
16360  -44.406  -73.185  18.983 0.0000000000
17324  -44.770  -72.166  18.173 0.0000000000
16377  -43.998  -72.400  18.460 0.0000000000
18307  -42.046  -71.088  18.160 0.0000000000
18318  -42.961  -71.563  17.656 0.0000000000
18325  -41.750  -70.955  17.326 0.0000000000
16401  -42.147  -72.823  16.208 0.0000000000
17353  -40.824  -71.842  16.310 0.0000000000
17352  -40.011  -71.813  16.224 0.0000000000
18324  -40.441  -71.179  16.600 0.0000000000
19218  -37.883  -69.874  18.601 0.0000000000
19224  -38.992  -69.935  17.489 0.0000000000
20079  -37.276  -69.476  18.510 0.0000000000
125832  -36.719  -69.140  18.082 0.0000000000
20078  -36.628  -68.894  18.986 0.0000000000
123396  -39.215  -76.408  24.720 0.0000000000
14562  -37.284  -75.650  23.473 0.0000000000
125289  -38.001  -76.118  23.646 0.0000000000
124612  -37.726  -75.752  22.849 0.0000000000
14578  -38.363  -75.743  22.051 0.0000000000
14577  -37.389  -75.257  22.140 0.0000000000
18194  -37.459  -71.182  26.016 0.0000000000
17235  -36.550  -72.303  24.823 0.0000000000
141242  -37.418  -71.855  24.703 0.0000000000
18253  -37.544  -71.918  22.421 0.0000000000
17264  -37.192  -72.365  23.038 0.0000000000
17276  -36.818  -72.614  22.343 0.0000000000
16328  -36.604  -73.235  21.189 0.0000000000
17290  -36.681  -72.604  20.704 0.0000000000
17300  -36.887  -71.982  20.255 0.0000000000
128778  -36.939  -70.829  21.299 0.0000000000
20047  -38.512  -69.273  21.703 0.0000000000
20860  -37.566  -68.809  21.449 0.0000000000
21732  -37.877  -67.978  21.229 0.0000000000
21754  -37.298  -67.623  20.700 0.0000000000
12935  -44.648  -77.866  9.082 0.0000000000
11348  -44.391  -78.546  9.372 0.0000000000
11367  -44.102  -78.561  8.890 0.0000000000
9729  -41.735  -81.743  9.278 0.0000000000
9718  -42.071  -81.112  9.491 0.0000000000
9717  -41.673  -81.514  10.005 0.0000000000
9698  -40.754  -81.225  10.602 0.0000000000
143459  -40.714  -82.975  9.852 0.0000000000
136679  -38.898  -82.755  8.475 0.0000000000
8924  -40.089  -82.630  8.505 0.0000000000
8144  -39.349  -84.102  8.636 0.0000000000
6601  -38.002  -85.992  9.023 0.0000000000
7354  -39.059  -84.974  9.452 0.0000000000
16491  -35.649  -73.779  9.686 0.0000000000
127894  -35.420  -73.604  8.918 0.0000000000
14754  -35.963  -75.706  6.913 0.0000000000
13837  -35.804  -76.571  7.319 0.0000000000
134060  -36.581  -75.838  6.342 0.0000000000
14777  -38.895  -75.719  4.878 0.0000000000
14776  -38.114  -75.568  5.347 0.0000000000
125050  -38.076  -77.126  5.234 0.0000000000
12980  -37.256  -77.158  5.732 0.0000000000
142762  -38.564  -77.906  4.888 0.0000000000
12171  -38.148  -78.729  5.069 0.0000000000
12185  -39.094  -78.725  4.600 0.0000000000
11414  -40.106  -79.311  3.312 0.0000000000
11413  -39.968  -79.446  3.770 0.0000000000
10616  -39.878  -80.006  3.158 0.0000000000
140202  -36.270  -70.090  16.852 0.0000000000
124790  -36.383  -71.809  16.151 0.0000000000
19228  -35.672  -69.980  16.347 0.0000000000
19235  -35.487  -70.613  15.779 0.0000000000
20089  -35.403  -69.927  15.473 0.0000000000
133863  -38.399  -66.913  24.875 0.0000000000
22614  -39.043  -66.266  24.674 0.0000000000
147144  -44.309  -78.674  10.751 0.0000000000
10558  -36.285  -80.037  8.742 0.0000000000
126078  -36.561  -81.000  8.526 0.0000000000
9764  -36.234  -81.256  6.982 0.0000000000
9765  -36.804  -82.000  6.228 0.0000000000
8957  -37.390  -82.996  5.663 0.0000000000
9776  -37.501  -81.176  5.552 0.0000000000
144109  -38.782  -80.851  4.673 0.0000000000
14704  -42.850  -75.949  13.669 0.0000000000
13769  -42.342  -76.449  13.230 0.0000000000
13768  -41.569  -76.753  13.412 0.0000000000
125473  -41.267  -77.040  12.659 0.0000000000
15577  -37.201  -75.211  13.445 0.0000000000
14715  -38.081  -76.045  12.663 0.0000000000
14714  -37.532  -75.427  12.192 0.0000000000
14725  -37.436  -75.400  11.435 0.0000000000
13801  -37.664  -76.179  10.567 0.0000000000
13816  -37.724  -76.864  10.208 0.0000000000
14739  -37.005  -76.060  10.270 0.0000000000
13815  -36.018  -76.063  9.793 0.0000000000
142024  -35.527  -75.815  9.297 0.0000000000
16415  -45.833  -73.467  15.625 0.0000000000
144093  -44.620  -72.927  16.421 0.0000000000
16358  -42.586  -73.416  18.939 0.0000000000
16376  -43.013  -72.426  18.585 0.0000000000
16375  -42.132  -72.539  18.736 0.0000000000
17321  -41.756  -71.542  18.554 0.0000000000
140165  -41.329  -70.832  18.226 0.0000000000
19226  -40.669  -70.325  17.735 0.0000000000
18305  -39.704  -70.254  18.348 0.0000000000
17318  -38.808  -71.100  18.943 0.0000000000
18304  -38.152  -70.460  18.941 0.0000000000
15413  -35.754  -74.781  26.725 0.0000000000
14520  -36.602  -75.449  25.657 0.0000000000
14521  -37.523  -76.041  25.326 0.0000000000
142193  -36.137  -74.926  25.202 0.0000000000
15443  -36.096  -74.534  24.498 0.0000000000
124301  -36.217  -74.376  23.736 0.0000000000
18209  -39.579  -71.323  25.130 0.0000000000
135617  -37.983  -71.754  24.220 0.0000000000
18225  -39.503  -71.560  24.123 0.0000000000
140951  -38.488  -71.611  22.744 0.0000000000
19169  -37.872  -71.110  22.085 0.0000000000
19185  -37.352  -70.375  21.538 0.0000000000
19170  -38.737  -71.011  22.156 0.0000000000
19187  -39.161  -70.245  21.883 0.0000000000
20048  -39.811  -69.335  21.778 0.0000000000
12130  -42.844  -78.661  8.433 0.0000000000
11365  -43.060  -79.118  8.548 0.0000000000
11364  -42.321  -79.363  8.412 0.0000000000
9741  -41.785  -80.793  8.631 0.0000000000
8912  -41.345  -82.337  8.921 0.0000000000
7374  -38.759  -84.869  8.656 0.0000000000
16573  -39.588  -73.470  3.794 0.0000000000
16567  -38.973  -73.632  4.382 0.0000000000
15652  -38.956  -74.402  4.592 0.0000000000
14786  -39.428  -75.177  4.460 0.0000000000
14778  -39.526  -75.922  4.524 0.0000000000
144872  -39.594  -77.002  4.495 0.0000000000
12981  -39.594  -77.838  4.428 0.0000000000
136043  -40.309  -78.054  3.766 0.0000000000
132157  -40.485  -78.200  2.823 0.0000000000
15553  -39.654  -74.405  15.614 0.0000000000
14679  -40.102  -75.274  15.370 0.0000000000
15552  -38.672  -74.420  15.565 0.0000000000
14677  -38.117  -75.247  15.093 0.0000000000
144259  -37.381  -74.885  14.858 0.0000000000
17365  -36.647  -72.867  15.763 0.0000000000
16407  -36.563  -73.689  15.280 0.0000000000
15561  -36.838  -74.749  14.176 0.0000000000
124417  -36.268  -74.192  13.548 0.0000000000
17377  -35.768  -73.482  12.875 0.0000000000
16448  -36.034  -73.666  11.895 0.0000000000
17306  -46.353  -72.748  18.753 0.0000000000
15513  -43.814  -73.986  19.334 0.0000000000
15499  -44.105  -74.713  19.859 0.0000000000
15498  -43.077  -74.761  19.707 0.0000000000
15511  -41.583  -74.640  19.501 0.0000000000
15510  -40.777  -74.498  19.469 0.0000000000
15495  -39.347  -74.759  20.000 0.0000000000
19964  -35.429  -69.741  27.322 0.0000000000
18192  -35.939  -71.261  26.748 0.0000000000
17222  -35.886  -71.959  26.218 0.0000000000
19119  -36.487  -70.644  26.628 0.0000000000
140865  -37.240  -70.707  26.266 0.0000000000
19121  -38.278  -70.608  25.982 0.0000000000
20801  -38.301  -68.323  25.480 0.0000000000
19985  -39.033  -69.870  26.048 0.0000000000
19122  -39.474  -70.490  25.932 0.0000000000
19123  -40.360  -70.366  25.936 0.0000000000
19124  -41.225  -70.318  25.879 0.0000000000
18212  -42.100  -70.651  25.147 0.0000000000
11361  -39.132  -80.132  8.849 0.0000000000
10561  -39.871  -80.977  8.489 0.0000000000
10560  -38.571  -81.086  8.804 0.0000000000
9738  -38.032  -81.971  8.693 0.0000000000
8922  -37.686  -82.829  8.489 0.0000000000
8142  -37.586  -83.769  8.234 0.0000000000
7399  -37.054  -85.388  6.705 0.0000000000
142463  -37.952  -83.637  5.112 0.0000000000
8191  -38.281  -84.281  3.916 0.0000000000
7427  -37.966  -84.657  3.521 0.0000000000
8201  -38.372  -84.158  3.122 0.0000000000
9008  -38.505  -83.162  1.960 0.0000000000
13795  -46.163  -76.854  10.869 0.0000000000
12920  -45.795  -77.570  10.241 0.0000000000
13808  -45.383  -77.105  10.080 0.0000000000
141840  -44.580  -76.864  10.351 0.0000000000
12919  -44.525  -77.321  9.485 0.0000000000
13807  -43.672  -76.907  10.318 0.0000000000
12918  -43.420  -77.301  9.396 0.0000000000
12941  -42.443  -78.106  8.593 0.0000000000
126846  -41.362  -78.019  8.840 0.0000000000
12111  -40.503  -78.186  8.967 0.0000000000
14688  -39.562  -76.029  14.983 0.0000000000
13775  -38.736  -76.467  12.026 0.0000000000
13776  -39.460  -76.937  12.229 0.0000000000
13818  -40.056  -77.412  10.048 0.0000000000
12931  -40.489  -77.736  9.438 0.0000000000
12110  -39.732  -78.382  9.111 0.0000000000
12109  -38.882  -78.580  9.308 0.0000000000
133233  -38.091  -78.831  9.489 0.0000000000
11342  -36.700  -79.231  9.452 0.0000000000
12928  -37.232  -77.738  9.883 0.0000000000
12107  -36.518  -78.459  9.586 0.0000000000
10546  -36.276  -79.510  9.105 0.0000000000
10557  -35.989  -79.661  8.499 0.0000000000
11381  -35.806  -78.952  8.188 0.0000000000
12157  -36.312  -78.590  6.732 0.0000000000
13782  -46.653  -76.335  11.737 0.0000000000
14717  -45.986  -75.720  12.369 0.0000000000
128966  -44.335  -75.378  13.437 0.0000000000
146446  -45.395  -74.311  14.371 0.0000000000
14693  -44.679  -74.783  14.035 0.0000000000
14692  -43.526  -75.279  14.068 0.0000000000
15563  -42.874  -74.799  14.818 0.0000000000
14681  -41.942  -75.010  14.987 0.0000000000
15555  -41.458  -74.425  15.475 0.0000000000
17325  -45.718  -72.416  18.331 0.0000000000
140120  -45.018  -72.560  17.101 0.0000000000
17357  -44.146  -72.373  17.084 0.0000000000
17323  -43.257  -71.831  18.204 0.0000000000
17356  -43.288  -72.020  16.975 0.0000000000
16403  -43.802  -72.807  16.404 0.0000000000
16412  -42.649  -73.538  15.803 0.0000000000
133525  -41.790  -73.640  15.782 0.0000000000
128823  -41.041  -73.791  15.748 0.0000000000
17368  -39.609  -72.623  15.965 0.0000000000
17351  -39.098  -71.729  16.268 0.0000000000
18322  -38.309  -71.255  16.492 0.0000000000
19231  -39.449  -70.286  17.089 0.0000000000
19230  -38.402  -70.393  16.956 0.0000000000
19229  -37.188  -70.298  17.004 0.0000000000
20087  -36.768  -69.668  17.443 0.0000000000
145150  -35.935  -68.582  17.884 0.0000000000
129182  -38.933  -76.342  23.878 0.0000000000
14564  -39.615  -76.358  23.268 0.0000000000
14580  -40.094  -76.103  21.875 0.0000000000
129612  -39.990  -75.767  21.210 0.0000000000
14619  -39.452  -75.314  20.676 0.0000000000
15494  -38.487  -74.728  20.380 0.0000000000
140733  -36.002  -72.351  25.527 0.0000000000
17247  -36.168  -73.144  24.205 0.0000000000
16297  -36.298  -73.691  23.366 0.0000000000
17248  -37.122  -72.245  23.918 0.0000000000
17263  -36.604  -72.842  23.352 0.0000000000
15461  -36.445  -73.895  22.492 0.0000000000
15478  -36.611  -73.934  21.686 0.0000000000
15493  -37.529  -74.317  20.607 0.0000000000
16340  -37.964  -73.936  19.907 0.0000000000
17301  -37.318  -72.215  19.728 0.0000000000
142174  -37.127  -71.414  19.811 0.0000000000
136839  -36.718  -69.875  20.299 0.0000000000
19184  -36.815  -70.192  21.133 0.0000000000
20044  -36.680  -69.492  20.776 0.0000000000
20071  -36.618  -69.159  19.981 0.0000000000
20889  -36.460  -68.319  19.616 0.0000000000
21770  -36.513  -67.580  19.658 0.0000000000
12095  -45.082  -78.309  9.760 0.0000000000
11334  -44.074  -78.776  9.801 0.0000000000
11333  -42.785  -79.449  10.202 0.0000000000
11346  -43.193  -79.387  8.868 0.0000000000
11332  -41.932  -79.455  10.803 0.0000000000
10538  -41.414  -80.315  10.604 0.0000000000
145189  -40.346  -81.731  8.434 0.0000000000
135787  -40.927  -82.041  8.543 0.0000000000
131924  -40.711  -82.830  8.821 0.0000000000
7375  -39.406  -84.588  8.885 0.0000000000
139517  -39.910  -84.138  9.429 0.0000000000
8112  -40.097  -83.810  9.842 0.0000000000
20904  -35.587  -68.423  15.676 0.0000000000
126454  -35.285  -71.476  12.863 0.0000000000
17396  -35.501  -71.888  12.023 0.0000000000
17411  -35.794  -73.159  11.422 0.0000000000
16459  -35.761  -73.083  10.812 0.0000000000
147016  -35.693  -74.394  9.647 0.0000000000
126180  -35.352  -75.276  8.979 0.0000000000
15616  -35.382  -73.915  8.125 0.0000000000
124359  -35.334  -75.028  8.206 0.0000000000
14745  -35.343  -76.049  8.664 0.0000000000
12956  -35.773  -77.478  7.615 0.0000000000
12965  -36.203  -77.794  6.829 0.0000000000
12979  -36.815  -78.034  6.089 0.0000000000
15636  -37.739  -74.622  5.505 0.0000000000
14764  -37.221  -75.506  5.850 0.0000000000
13847  -36.901  -76.403  6.021 0.0000000000
12170  -37.330  -78.757  5.663 0.0000000000
11400  -37.746  -79.539  5.361 0.0000000000
10603  -39.200  -80.377  4.430 0.0000000000
136594  -39.761  -80.139  3.902 0.0000000000
10604  -39.567  -80.787  3.965 0.0000000000
9807  -39.507  -81.588  2.982 0.0000000000
6602  -38.637  -85.427  9.156 0.0000000000
6603  -39.061  -85.062  9.025 0.0000000000
7355  -39.532  -84.587  9.257 0.0000000000
8126  -40.389  -83.514  9.277 0.0000000000
8143  -38.495  -84.273  8.399 0.0000000000
8145  -39.871  -84.158  9.000 0.0000000000
8177  -38.421  -83.576  4.402 0.0000000000
8923  -39.497  -83.329  8.538 0.0000000000
8958  -38.283  -82.856  4.899 0.0000000000
9716  -41.103  -82.197  10.101 0.0000000000
9730  -42.072  -81.037  8.941 0.0000000000
9740  -41.559  -81.543  8.691 0.0000000000
9777  -38.406  -81.301  4.924 0.0000000000
9791  -39.428  -81.445  3.704 0.0000000000
10540  -42.590  -80.208  9.291 0.0000000000
10574  -36.107  -80.405  8.199 0.0000000000
11335  -44.726  -78.558  10.232 0.0000000000
11341  -36.185  -78.954  9.293 0.0000000000
11343  -37.487  -79.449  9.451 0.0000000000
11344  -38.500  -79.392  9.232 0.0000000000
11345  -39.504  -79.178  8.897 0.0000000000
11347  -43.835  -78.907  9.052 0.0000000000
11360  -35.904  -79.076  8.928 0.0000000000
11366  -43.637  -78.780  8.711 0.0000000000
11382  -36.047  -79.150  7.328 0.0000000000
11412  -39.540  -79.528  4.289 0.0000000000
11425  -39.889  -79.902  3.522 0.0000000000
12096  -45.742  -78.083  10.201 0.0000000000
12097  -46.174  -77.872  10.708 0.0000000000
12112  -44.579  -78.228  9.136 0.0000000000
12113  -45.251  -77.938  9.556 0.0000000000
12127  -40.419  -78.920  8.669 0.0000000000
12128  -41.126  -78.617  8.600 0.0000000000
12131  -43.442  -78.592  8.555 0.0000000000
12146  -35.944  -78.359  7.470 0.0000000000
12169  -36.715  -78.846  6.220 0.0000000000
12187  -40.182  -78.849  3.626 0.0000000000
12204  -40.366  -78.516  3.267 0.0000000000
12218  -40.251  -78.828  2.837 0.0000000000
12917  -42.541  -77.371  9.491 0.0000000000
12933  -42.964  -77.691  8.836 0.0000000000
12942  -43.349  -78.182  8.536 0.0000000000
13756  -39.923  -76.748  14.192 0.0000000000
13765  -38.872  -76.661  12.883 0.0000000000
13767  -40.666  -77.029  13.391 0.0000000000
13804  -40.097  -77.231  10.617 0.0000000000
13805  -41.788  -77.292  10.115 0.0000000000
13819  -40.894  -77.456  9.912 0.0000000000
13826  -35.365  -76.909  8.852 0.0000000000
13836  -35.480  -76.757  8.129 0.0000000000
13846  -36.302  -76.466  6.633 0.0000000000
13857  -38.488  -76.368  5.117 0.0000000000
13858  -39.217  -76.419  4.694 0.0000000000
14501  -36.440  -75.345  26.502 0.0000000000
14543  -36.637  -75.388  24.762 0.0000000000
14545  -38.259  -76.285  24.532 0.0000000000
14561  -36.612  -75.151  23.779 0.0000000000
14563  -38.659  -76.162  22.999 0.0000000000
14565  -40.526  -76.451  23.544 0.0000000000
14594  -37.813  -75.233  21.518 0.0000000000
14595  -39.291  -75.775  21.537 0.0000000000
14597  -41.322  -75.738  20.891 0.0000000000
14618  -38.520  -75.339  21.157 0.0000000000
14640  -42.118  -75.052  19.851 0.0000000000
14678  -39.128  -75.236  15.351 0.0000000000
14690  -41.534  -75.821  14.676 0.0000000000
14731  -36.454  -75.271  10.227 0.0000000000
14733  -37.928  -75.982  11.014 0.0000000000
14738  -35.742  -75.075  9.596 0.0000000000
15412  -35.494  -74.204  26.120 0.0000000000
15450  -36.464  -74.541  23.071 0.0000000000
15462  -36.763  -74.620  22.268 0.0000000000
15479  -37.183  -74.624  21.419 0.0000000000
15496  -40.155  -75.026  20.005 0.0000000000
15509  -39.834  -74.302  19.536 0.0000000000
15512  -42.320  -74.335  19.327 0.0000000000
15551  -37.741  -74.406  15.380 0.0000000000
15558  -44.713  -73.765  15.374 0.0000000000
15562  -37.518  -75.356  14.275 0.0000000000
15576  -36.748  -74.726  13.234 0.0000000000
15578  -45.850  -74.637  13.668 0.0000000000
15582  -36.468  -74.324  12.494 0.0000000000
16283  -35.993  -73.869  24.076 0.0000000000
16312  -36.510  -73.271  22.694 0.0000000000
16329  -36.828  -73.850  20.933 0.0000000000
16339  -37.193  -73.573  20.282 0.0000000000
16353  -37.565  -73.091  19.704 0.0000000000
16354  -38.494  -73.290  19.419 0.0000000000
16355  -39.480  -73.432  19.241 0.0000000000
16402  -42.988  -72.802  16.310 0.0000000000
16411  -40.230  -73.465  15.791 0.0000000000
16421  -35.751  -73.502  14.043 0.0000000000
16423  -36.938  -74.327  15.094 0.0000000000
16477  -35.907  -73.745  10.493 0.0000000000
17210  -34.611  -72.311  27.953 0.0000000000
17234  -35.806  -72.951  25.080 0.0000000000
17236  -37.412  -71.578  25.394 0.0000000000
17281  -36.715  -72.469  21.367 0.0000000000
17302  -38.145  -72.309  19.341 0.0000000000
17304  -45.008  -72.638  18.628 0.0000000000
17326  -46.544  -72.534  18.263 0.0000000000
17338  -43.682  -71.914  17.654 0.0000000000
17339  -44.482  -72.143  17.731 0.0000000000
17340  -45.381  -72.308  17.772 0.0000000000
17354  -41.759  -71.807  16.610 0.0000000000
17367  -38.707  -72.721  15.999 0.0000000000
17369  -40.370  -72.524  16.014 0.0000000000
17370  -45.480  -73.086  16.343 0.0000000000
17371  -46.393  -73.259  16.037 0.0000000000
17374  -35.930  -73.302  15.034 0.0000000000
17397  -35.681  -72.850  12.014 0.0000000000
18193  -36.644  -71.243  26.341 0.0000000000
18208  -38.786  -71.345  25.351 0.0000000000
18211  -41.275  -70.778  25.252 0.0000000000
18223  -38.134  -71.561  25.064 0.0000000000
18224  -38.801  -71.570  24.636 0.0000000000
18226  -40.296  -71.352  24.440 0.0000000000
18227  -41.563  -70.882  24.519 0.0000000000
18243  -38.683  -71.692  23.688 0.0000000000
18245  -40.980  -71.208  23.891 0.0000000000
18252  -37.057  -72.028  21.797 0.0000000000
18254  -39.944  -71.334  22.818 0.0000000000
18265  -36.828  -71.532  21.290 0.0000000000
18281  -36.717  -71.724  20.768 0.0000000000
18306  -40.576  -70.576  18.292 0.0000000000
18308  -42.736  -71.407  18.054 0.0000000000
18316  -41.449  -70.655  17.858 0.0000000000
18317  -42.226  -71.141  17.772 0.0000000000
18321  -36.144  -70.820  16.442 0.0000000000
18326  -42.482  -71.467  17.181 0.0000000000
18329  -37.465  -71.958  16.280 0.0000000000
18332  -35.281  -71.793  14.716 0.0000000000
19118  -35.767  -70.523  27.068 0.0000000000
19120  -37.558  -70.193  26.218 0.0000000000
19134  -39.075  -71.010  25.752 0.0000000000
19135  -39.943  -70.855  25.676 0.0000000000
19136  -40.663  -70.699  25.619 0.0000000000
19137  -41.851  -70.456  25.647 0.0000000000
19171  -39.634  -70.952  22.281 0.0000000000
19186  -38.147  -70.257  21.836 0.0000000000
19188  -40.161  -70.348  22.067 0.0000000000
19198  -36.652  -70.242  20.708 0.0000000000
19219  -40.255  -70.106  17.959 0.0000000000
19220  -40.888  -70.404  17.994 0.0000000000
19225  -39.882  -70.090  17.602 0.0000000000
19232  -40.397  -70.464  17.151 0.0000000000
19987  -40.812  -69.901  26.150 0.0000000000
19988  -41.574  -69.887  26.126 0.0000000000
19989  -42.323  -69.879  26.066 0.0000000000
20045  -37.065  -69.512  21.307 0.0000000000
20072  -36.933  -69.709  19.528 0.0000000000
20080  -38.325  -69.718  17.937 0.0000000000
20082  -35.976  -69.079  17.540 0.0000000000
20083  -37.413  -69.551  17.882 0.0000000000
20085  -35.683  -69.261  16.796 0.0000000000
20790  -37.765  -68.917  25.794 0.0000000000
20791  -38.676  -69.060  25.882 0.0000000000
20792  -39.592  -69.164  26.020 0.0000000000
20793  -40.470  -69.279  26.077 0.0000000000
20794  -41.806  -69.381  26.010 0.0000000000
20859  -36.877  -68.812  21.080 0.0000000000
20861  -39.235  -68.435  21.550 0.0000000000
20879  -36.657  -68.670  20.436 0.0000000000
20897  -35.684  -68.385  17.487 0.0000000000
20898  -35.905  -68.105  18.265 0.0000000000
21679  -37.893  -67.565  25.172 0.0000000000
21680  -38.815  -67.694  25.123 0.0000000000
21731  -37.238  -68.282  21.096 0.0000000000
21753  -36.672  -67.911  20.257 0.0000000000
21771  -36.883  -67.130  20.036 0.0000000000
22613  -37.502  -66.777  25.089 0.0000000000
123663  -35.553  -72.787  25.856 0.0000000000
123934  -41.898  -75.471  20.464 0.0000000000
124883  -44.356  -76.286  11.910 0.0000000000
126353  -36.666  -70.873  20.917 0.0000000000
126582  -36.263  -68.693  26.306 0.0000000000
127117  -36.095  -77.107  6.927 0.0000000000
127409  -38.789  -69.965  18.415 0.0000000000
128227  -35.383  -71.941  26.861 0.0000000000
128435  -35.493  -69.088  15.155 0.0000000000
128516  -43.499  -78.849  10.738 0.0000000000
130937  -38.045  -84.660  8.245 0.0000000000
131438  -41.112  -71.001  16.850 0.0000000000
132123  -40.616  -77.196  3.419 0.0000000000
132553  -36.249  -68.657  18.245 0.0000000000
132836  -38.226  -83.949  2.303 0.0000000000
133533  -47.009  -72.774  18.711 0.0000000000
133955  -43.045  -74.017  19.180 0.0000000000
134880  -34.957  -71.907  27.388 0.0000000000
136895  -35.033  -73.472  27.214 0.0000000000
137871  -39.357  -71.543  23.213 0.0000000000
138518  -37.009  -68.680  25.839 0.0000000000
141629  -40.836  -76.237  22.116 0.0000000000
141815  -43.321  -71.665  17.970 0.0000000000
141913  -37.414  -70.442  19.386 0.0000000000
142457  -40.948  -82.836  9.283 0.0000000000
142483  -41.940  -76.784  12.783 0.0000000000
142840  -39.897  -77.914  9.382 0.0000000000
143358  -36.744  -73.225  20.634 0.0000000000
144279  -39.119  -76.761  13.671 0.0000000000
144377  -44.007  -78.292  8.687 0.0000000000
144405  -39.259  -76.786  11.560 0.0000000000
144873  -39.011  -70.865  16.675 0.0000000000
144938  -35.637  -68.874  17.147 0.0000000000
145502  -36.077  -79.576  8.846 0.0000000000
146216  -38.358  -68.435  21.499 0.0000000000
147548  -36.945  -70.197  26.421 0.0000000000
147615  -37.499  -75.496  12.877 0.0000000000
