#!ascii label  , from subject sub-fsm84zy vox2ras=TkReg
1133
49256  5.318  -36.644  84.875 0.0000000000
44870  0.037  -42.027  72.201 0.0000000000
48254  -4.877  -37.523  87.507 0.0000000000
52986  -0.837  -32.385  81.123 0.0000000000
54931  1.575  -31.210  73.720 0.0000000000
49212  0.245  -36.220  89.157 0.0000000000
127875  0.749  -32.510  87.288 0.0000000000
47364  9.269  -38.411  86.815 0.0000000000
45524  3.906  -39.551  88.185 0.0000000000
45540  -1.328  -39.822  88.251 0.0000000000
55774  5.297  -29.155  82.140 0.0000000000
118139  1.919  -31.391  77.620 0.0000000000
58676  5.418  -26.990  79.127 0.0000000000
45573  -5.713  -40.134  83.538 0.0000000000
48327  -3.672  -37.801  80.416 0.0000000000
52096  -3.225  -33.672  84.215 0.0000000000
55743  2.020  -30.280  85.059 0.0000000000
48354  1.351  -37.393  79.025 0.0000000000
49391  1.281  -36.901  74.589 0.0000000000
50405  -2.570  -35.562  71.803 0.0000000000
56861  -2.791  -28.584  73.557 0.0000000000
49232  2.276  -36.556  87.427 0.0000000000
51166  1.485  -35.064  86.248 0.0000000000
49242  7.312  -36.975  86.349 0.0000000000
46414  6.599  -38.968  87.762 0.0000000000
48266  5.356  -37.530  87.898 0.0000000000
137978  2.754  -37.829  89.206 0.0000000000
56773  6.382  -28.049  80.630 0.0000000000
47371  -6.011  -38.852  85.530 0.0000000000
49302  -5.213  -36.563  83.604 0.0000000000
51168  -5.057  -35.260  85.824 0.0000000000
52926  3.749  -32.557  86.674 0.0000000000
133857  0.744  -30.920  86.208 0.0000000000
46409  -3.128  -39.417  88.485 0.0000000000
133694  -2.966  -40.961  87.378 0.0000000000
45555  -4.932  -40.531  86.897 0.0000000000
44638  -5.651  -41.625  85.656 0.0000000000
50298  -1.626  -34.917  82.215 0.0000000000
48342  -1.456  -37.495  79.606 0.0000000000
50311  0.148  -35.372  80.646 0.0000000000
53019  2.304  -32.216  75.700 0.0000000000
136441  0.273  -34.773  76.525 0.0000000000
52192  -0.102  -34.396  75.020 0.0000000000
139006  -0.715  -36.408  72.943 0.0000000000
52216  -2.121  -33.705  73.624 0.0000000000
49205  -2.644  -36.390  89.499 0.0000000000
52026  -2.845  -34.147  87.938 0.0000000000
52022  -0.328  -33.897  87.898 0.0000000000
52066  2.713  -33.344  86.362 0.0000000000
45547  10.647  -39.381  86.210 0.0000000000
44646  9.858  -39.682  83.988 0.0000000000
45563  8.074  -39.537  85.903 0.0000000000
44614  4.997  -39.901  86.161 0.0000000000
45537  1.460  -39.889  88.266 0.0000000000
47339  -0.534  -38.225  89.622 0.0000000000
125397  2.267  -30.205  81.389 0.0000000000
139787  0.118  -31.374  79.406 0.0000000000
54874  3.392  -30.369  79.504 0.0000000000
54885  5.216  -30.125  78.143 0.0000000000
125543  3.970  -28.428  76.337 0.0000000000
49295  8.260  -36.180  83.070 0.0000000000
45565  15.355  -40.036  85.351 0.0000000000
49208  15.467  -35.876  88.795 0.0000000000
49238  11.760  -37.294  86.234 0.0000000000
49273  10.288  -35.926  84.557 0.0000000000
134771  -4.550  -42.122  81.359 0.0000000000
45618  -4.086  -40.747  79.866 0.0000000000
117162  -5.219  -38.879  81.637 0.0000000000
50301  -3.709  -36.546  82.018 0.0000000000
52111  -2.125  -33.015  82.846 0.0000000000
53849  -2.536  -32.527  86.036 0.0000000000
54801  -1.066  -31.078  84.685 0.0000000000
54827  0.214  -30.682  83.304 0.0000000000
55762  3.730  -29.713  83.638 0.0000000000
46500  -3.106  -39.596  78.359 0.0000000000
46518  -1.656  -39.764  76.753 0.0000000000
117714  1.394  -39.561  75.353 0.0000000000
134837  0.225  -34.232  78.586 0.0000000000
49369  2.811  -36.834  76.650 0.0000000000
138021  2.763  -39.227  72.741 0.0000000000
48457  1.750  -37.570  70.364 0.0000000000
49464  -0.856  -36.720  69.385 0.0000000000
58679  2.540  -26.567  78.659 0.0000000000
135616  0.605  -27.943  76.343 0.0000000000
57767  -2.129  -27.418  76.185 0.0000000000
55891  -1.298  -29.979  73.805 0.0000000000
53051  -3.410  -32.635  73.099 0.0000000000
120212  4.172  -36.683  86.025 0.0000000000
49258  3.388  -36.502  85.257 0.0000000000
49278  4.395  -36.545  84.107 0.0000000000
49255  6.244  -36.664  85.310 0.0000000000
49228  6.237  -37.179  87.108 0.0000000000
124827  4.947  -36.835  86.851 0.0000000000
49219  3.918  -37.045  87.986 0.0000000000
43888  -0.801  -42.438  71.675 0.0000000000
44884  -0.367  -41.852  71.231 0.0000000000
125787  -5.255  -38.112  86.747 0.0000000000
49261  -5.636  -37.063  85.299 0.0000000000
122738  -5.114  -36.269  86.912 0.0000000000
129250  12.055  -40.323  83.421 0.0000000000
140998  -3.913  -38.368  88.492 0.0000000000
46417  -4.078  -39.450  87.761 0.0000000000
46418  -4.636  -39.247  87.373 0.0000000000
46433  -5.728  -39.729  86.100 0.0000000000
51221  -1.364  -33.891  81.850 0.0000000000
49322  -0.916  -35.040  81.693 0.0000000000
51233  -0.911  -33.196  80.983 0.0000000000
53973  2.824  -31.616  74.499 0.0000000000
133481  1.053  -33.119  74.900 0.0000000000
53039  0.898  -32.979  74.186 0.0000000000
52202  -1.512  -34.397  73.919 0.0000000000
124414  -0.568  -32.604  73.594 0.0000000000
50199  -0.855  -36.418  89.637 0.0000000000
51129  -1.384  -34.690  88.971 0.0000000000
50216  0.023  -35.373  88.561 0.0000000000
133614  1.512  -34.138  86.616 0.0000000000
52064  4.383  -33.260  85.997 0.0000000000
47363  10.068  -38.559  86.656 0.0000000000
45562  9.332  -39.498  86.052 0.0000000000
45549  8.769  -39.287  86.452 0.0000000000
46415  5.403  -39.220  88.149 0.0000000000
45552  5.728  -39.630  87.008 0.0000000000
45553  4.889  -39.679  87.303 0.0000000000
45526  2.607  -39.544  88.668 0.0000000000
49211  1.420  -37.164  89.275 0.0000000000
47337  0.620  -37.877  89.589 0.0000000000
48232  0.175  -37.344  89.608 0.0000000000
118051  -1.590  -37.211  89.775 0.0000000000
55790  3.848  -29.619  81.940 0.0000000000
54856  2.649  -30.272  80.338 0.0000000000
55802  4.076  -29.777  80.887 0.0000000000
57704  6.039  -27.467  79.601 0.0000000000
121498  5.853  -29.072  79.517 0.0000000000
56788  5.480  -28.287  78.109 0.0000000000
134005  5.262  -29.601  77.188 0.0000000000
57733  4.792  -27.770  77.662 0.0000000000
48259  13.074  -37.438  86.645 0.0000000000
139402  -4.925  -41.272  82.590 0.0000000000
45594  -4.725  -40.253  81.270 0.0000000000
46445  -5.322  -39.372  82.118 0.0000000000
50250  -4.451  -35.165  84.282 0.0000000000
49313  -4.575  -36.659  82.556 0.0000000000
51209  -3.596  -35.226  83.371 0.0000000000
51208  -3.007  -34.602  83.376 0.0000000000
138949  -2.821  -33.317  83.924 0.0000000000
52903  -0.897  -33.180  87.741 0.0000000000
52917  -2.737  -33.146  86.938 0.0000000000
53829  -0.689  -31.983  87.027 0.0000000000
54788  1.819  -30.534  85.673 0.0000000000
54790  -0.406  -30.826  85.302 0.0000000000
54799  0.665  -30.286  84.637 0.0000000000
54811  -0.422  -30.820  83.757 0.0000000000
54810  0.739  -30.302  83.849 0.0000000000
133586  1.876  -30.172  83.038 0.0000000000
55753  3.244  -29.999  84.330 0.0000000000
117618  8.347  -39.626  84.305 0.0000000000
44694  8.996  -39.685  83.122 0.0000000000
44600  -0.536  -40.700  87.153 0.0000000000
44637  -0.431  -41.326  85.762 0.0000000000
44601  -1.610  -40.934  87.108 0.0000000000
43658  -4.179  -41.853  86.863 0.0000000000
43660  -2.923  -42.492  86.609 0.0000000000
45570  -5.924  -40.586  84.369 0.0000000000
44679  -5.539  -41.127  83.805 0.0000000000
117869  -4.024  -38.906  79.880 0.0000000000
46487  -3.543  -39.612  78.954 0.0000000000
46477  -3.324  -39.075  78.885 0.0000000000
48355  0.371  -37.653  79.114 0.0000000000
123391  -1.167  -38.572  77.756 0.0000000000
47457  0.789  -38.389  77.735 0.0000000000
117748  0.051  -39.459  76.148 0.0000000000
47472  1.760  -38.485  77.080 0.0000000000
53939  0.438  -31.724  78.213 0.0000000000
134465  -0.244  -32.627  78.781 0.0000000000
53001  0.113  -32.491  78.020 0.0000000000
50363  0.392  -35.781  75.806 0.0000000000
50353  1.089  -35.717  77.121 0.0000000000
49390  2.225  -36.904  75.150 0.0000000000
47502  3.333  -38.109  74.539 0.0000000000
48423  3.168  -37.798  73.472 0.0000000000
47547  2.619  -38.243  71.391 0.0000000000
48425  2.139  -37.232  72.269 0.0000000000
49422  -2.107  -35.818  72.082 0.0000000000
49434  -0.814  -36.631  71.440 0.0000000000
49453  -1.779  -36.356  70.734 0.0000000000
58681  0.348  -26.816  78.850 0.0000000000
132099  1.350  -27.322  77.536 0.0000000000
57737  0.483  -27.425  77.543 0.0000000000
57780  -2.940  -27.059  74.444 0.0000000000
56836  -2.154  -27.890  74.750 0.0000000000
56849  -1.652  -28.394  74.726 0.0000000000
55881  -2.350  -29.102  73.741 0.0000000000
54934  -2.497  -30.831  73.384 0.0000000000
55894  -3.187  -30.012  73.054 0.0000000000
49222  1.142  -36.392  88.383 0.0000000000
50220  0.581  -35.404  87.719 0.0000000000
49247  1.777  -36.147  86.842 0.0000000000
48271  8.585  -37.584  86.726 0.0000000000
46412  7.988  -38.616  87.137 0.0000000000
48264  7.213  -37.811  87.256 0.0000000000
48250  5.857  -37.935  87.931 0.0000000000
47346  4.714  -38.328  88.607 0.0000000000
46396  3.223  -38.704  89.136 0.0000000000
48238  4.008  -37.824  88.633 0.0000000000
49209  2.737  -37.203  88.813 0.0000000000
56743  6.667  -28.259  82.767 0.0000000000
134422  5.984  -28.838  81.538 0.0000000000
58637  6.611  -26.733  81.867 0.0000000000
58643  6.367  -26.740  81.060 0.0000000000
58645  5.115  -25.891  80.398 0.0000000000
47375  -6.180  -39.071  84.637 0.0000000000
47383  -5.934  -38.544  83.369 0.0000000000
48286  -5.864  -37.526  84.582 0.0000000000
50251  -5.094  -35.752  84.545 0.0000000000
51178  -4.260  -34.488  84.978 0.0000000000
52911  2.095  -32.166  86.899 0.0000000000
53845  0.547  -31.409  86.683 0.0000000000
53843  2.593  -31.663  86.672 0.0000000000
54774  2.923  -31.126  86.326 0.0000000000
54786  3.256  -30.657  85.736 0.0000000000
55741  3.640  -30.232  85.015 0.0000000000
45530  -2.128  -39.325  88.752 0.0000000000
44590  -2.072  -40.405  87.725 0.0000000000
45542  -3.325  -40.011  87.923 0.0000000000
44592  -3.833  -40.583  87.406 0.0000000000
44621  -4.747  -41.750  86.748 0.0000000000
43663  -5.159  -42.194  86.313 0.0000000000
44622  -5.224  -41.213  86.447 0.0000000000
117901  -6.075  -39.851  85.268 0.0000000000
49332  -2.882  -36.941  80.936 0.0000000000
48343  -2.565  -37.871  79.406 0.0000000000
136245  -1.215  -36.604  80.932 0.0000000000
48323  0.009  -36.797  80.385 0.0000000000
49343  1.027  -36.338  79.966 0.0000000000
53949  1.887  -31.954  76.670 0.0000000000
53011  0.439  -32.766  77.138 0.0000000000
53020  1.445  -32.551  75.987 0.0000000000
51266  0.180  -34.575  75.799 0.0000000000
49382  -0.071  -35.996  74.878 0.0000000000
49404  0.379  -36.862  73.949 0.0000000000
137382  -0.690  -35.826  74.217 0.0000000000
50374  -1.877  -35.145  73.547 0.0000000000
51299  -2.713  -34.663  73.159 0.0000000000
56870  -3.680  -28.416  72.565 0.0000000000
55904  -3.734  -29.421  72.414 0.0000000000
56877  -3.975  -28.563  71.698 0.0000000000
49214  -3.851  -36.310  88.619 0.0000000000
50221  -4.240  -35.351  87.554 0.0000000000
51131  -2.769  -35.038  88.800 0.0000000000
51138  -1.223  -34.114  88.433 0.0000000000
52037  0.244  -33.118  87.552 0.0000000000
51154  1.055  -34.629  87.018 0.0000000000
52055  1.312  -33.525  87.106 0.0000000000
52035  2.021  -32.733  87.004 0.0000000000
52053  3.353  -32.867  86.814 0.0000000000
45559  11.929  -39.653  85.725 0.0000000000
44667  11.418  -39.970  84.046 0.0000000000
44608  10.508  -39.613  85.510 0.0000000000
45533  7.371  -39.379  86.847 0.0000000000
44594  6.526  -39.554  86.317 0.0000000000
44631  5.969  -39.891  85.190 0.0000000000
123673  1.348  -40.514  87.345 0.0000000000
45538  0.633  -39.883  88.299 0.0000000000
46407  2.239  -39.254  89.170 0.0000000000
45521  0.798  -39.319  89.177 0.0000000000
117774  -0.751  -39.454  88.839 0.0000000000
46402  -2.066  -38.853  89.218 0.0000000000
48242  -3.307  -37.660  89.265 0.0000000000
54844  0.599  -30.954  81.495 0.0000000000
135762  -0.565  -32.240  80.347 0.0000000000
54858  0.659  -30.947  80.667 0.0000000000
54876  1.989  -30.561  79.730 0.0000000000
53926  2.397  -30.753  78.596 0.0000000000
56774  5.734  -29.185  80.272 0.0000000000
54873  4.455  -30.270  79.173 0.0000000000
53947  3.547  -31.121  77.538 0.0000000000
122354  3.647  -31.387  76.588 0.0000000000
54914  4.311  -30.533  75.695 0.0000000000
55876  2.755  -29.915  74.528 0.0000000000
49276  6.188  -36.581  84.412 0.0000000000
44624  14.170  -40.381  84.819 0.0000000000
49215  17.346  -36.287  88.447 0.0000000000
50204  16.411  -34.904  89.509 0.0000000000
48245  16.418  -37.167  88.113 0.0000000000
46420  15.706  -38.704  86.949 0.0000000000
46421  14.364  -39.114  86.504 0.0000000000
45558  13.442  -39.700  85.806 0.0000000000
131830  11.612  -38.251  86.451 0.0000000000
48269  10.702  -37.718  86.370 0.0000000000
117566  11.117  -36.917  85.987 0.0000000000
48270  9.567  -37.589  86.512 0.0000000000
49252  9.195  -36.585  85.227 0.0000000000
134032  8.008  -36.554  84.597 0.0000000000
45605  -4.629  -39.736  80.666 0.0000000000
48328  -4.238  -37.940  80.679 0.0000000000
48314  -5.242  -37.835  82.048 0.0000000000
48313  -4.657  -37.621  81.428 0.0000000000
136416  -3.926  -37.296  81.179 0.0000000000
50300  -3.121  -36.002  82.291 0.0000000000
51222  -2.052  -34.381  82.549 0.0000000000
52974  -1.549  -32.756  82.107 0.0000000000
51155  -4.160  -34.421  86.653 0.0000000000
138950  -3.955  -33.832  85.966 0.0000000000
52942  -3.069  -33.117  85.259 0.0000000000
54778  -0.732  -31.305  86.100 0.0000000000
53854  -1.790  -31.672  85.577 0.0000000000
120683  -2.784  -32.913  84.629 0.0000000000
53876  -1.802  -31.850  83.713 0.0000000000
54829  -1.065  -31.595  82.889 0.0000000000
54845  -0.095  -31.232  81.979 0.0000000000
54826  1.355  -30.434  82.702 0.0000000000
55777  2.506  -29.947  82.981 0.0000000000
55775  4.344  -29.445  82.814 0.0000000000
55752  4.194  -29.903  84.302 0.0000000000
55760  5.937  -29.209  83.603 0.0000000000
56736  6.116  -28.887  82.970 0.0000000000
44654  -0.222  -41.575  84.956 0.0000000000
44620  -2.316  -41.590  86.782 0.0000000000
47442  -2.418  -38.344  78.562 0.0000000000
122298  -2.183  -39.451  77.361 0.0000000000
44855  0.759  -41.066  73.482 0.0000000000
51240  -0.369  -33.561  79.786 0.0000000000
51239  -0.039  -33.915  79.204 0.0000000000
49350  1.910  -36.457  78.741 0.0000000000
50345  0.501  -35.000  77.332 0.0000000000
49361  2.102  -36.213  78.013 0.0000000000
48367  2.415  -37.360  78.032 0.0000000000
46514  2.830  -38.539  75.777 0.0000000000
46575  2.178  -39.793  73.854 0.0000000000
44882  1.091  -40.935  72.278 0.0000000000
45736  1.328  -40.588  71.633 0.0000000000
49433  0.325  -36.883  71.530 0.0000000000
48458  0.999  -37.189  69.891 0.0000000000
59724  3.513  -25.490  80.750 0.0000000000
59733  2.295  -25.979  79.950 0.0000000000
58678  3.512  -26.575  78.668 0.0000000000
57735  2.795  -27.355  77.332 0.0000000000
56815  2.261  -28.190  76.092 0.0000000000
55877  1.759  -29.720  74.317 0.0000000000
56817  -0.358  -28.041  76.060 0.0000000000
56847  0.082  -29.141  74.581 0.0000000000
54924  0.341  -30.175  73.851 0.0000000000
53984  -1.238  -31.788  73.492 0.0000000000
53050  -3.048  -32.616  73.339 0.0000000000
52229  -3.341  -34.126  72.778 0.0000000000
124621  -3.685  -33.338  71.385 0.0000000000
49257  4.289  -36.632  85.044 0.0000000000
132767  5.761  -36.692  85.780 0.0000000000
49244  5.710  -36.863  86.612 0.0000000000
120416  5.041  -36.698  85.845 0.0000000000
43880  -0.498  -42.443  72.535 0.0000000000
48267  -5.219  -37.080  86.854 0.0000000000
49235  -4.817  -36.552  87.513 0.0000000000
44644  13.093  -40.502  84.140 0.0000000000
44666  12.905  -40.636  83.482 0.0000000000
118698  12.267  -40.251  84.073 0.0000000000
48253  -4.341  -37.853  88.125 0.0000000000
47355  -4.217  -38.759  87.954 0.0000000000
47356  -4.752  -38.427  87.474 0.0000000000
120345  -1.245  -32.880  81.499 0.0000000000
52142  -0.771  -32.618  80.788 0.0000000000
53981  2.210  -31.579  73.964 0.0000000000
53037  2.139  -32.140  74.224 0.0000000000
134700  1.762  -31.919  73.806 0.0000000000
53047  0.526  -32.509  73.696 0.0000000000
53982  1.041  -31.823  73.605 0.0000000000
50198  -0.387  -36.283  89.465 0.0000000000
50208  -0.448  -35.483  89.075 0.0000000000
46426  9.359  -38.891  86.696 0.0000000000
45523  4.784  -39.542  87.888 0.0000000000
135113  4.244  -39.707  87.624 0.0000000000
44583  4.068  -39.916  87.145 0.0000000000
45535  3.671  -39.814  87.689 0.0000000000
132727  3.050  -39.817  88.073 0.0000000000
45525  3.255  -39.450  88.591 0.0000000000
133431  0.769  -36.916  89.353 0.0000000000
49200  0.979  -37.303  89.402 0.0000000000
49201  0.217  -36.927  89.543 0.0000000000
49202  -0.373  -36.951  89.671 0.0000000000
140935  4.531  -29.384  82.110 0.0000000000
55789  4.707  -29.450  81.449 0.0000000000
120009  5.764  -27.806  78.881 0.0000000000
57715  5.091  -27.378  78.379 0.0000000000
124885  -5.196  -40.829  82.970 0.0000000000
45580  -5.291  -40.046  82.597 0.0000000000
128708  -5.696  -39.320  82.942 0.0000000000
51196  -3.829  -34.356  84.303 0.0000000000
120931  -3.867  -34.913  83.812 0.0000000000
51195  -3.350  -34.333  83.790 0.0000000000
52914  -0.416  -32.591  87.434 0.0000000000
52915  -1.172  -32.596  87.363 0.0000000000
53828  0.205  -32.014  87.195 0.0000000000
54798  1.289  -30.338  85.214 0.0000000000
55755  1.487  -30.176  84.334 0.0000000000
55754  2.403  -30.096  84.350 0.0000000000
44589  -0.966  -40.268  87.726 0.0000000000
43662  -4.648  -42.486  86.554 0.0000000000
43661  -3.950  -42.590  86.673 0.0000000000
44702  -5.169  -41.778  83.108 0.0000000000
47429  -3.870  -38.367  80.111 0.0000000000
47428  -3.548  -38.712  79.481 0.0000000000
48344  -3.300  -38.172  79.760 0.0000000000
47439  0.896  -37.923  78.487 0.0000000000
47440  -0.228  -38.200  78.244 0.0000000000
47473  0.500  -38.895  76.848 0.0000000000
47456  1.790  -37.805  78.149 0.0000000000
53938  1.221  -31.276  78.186 0.0000000000
53000  0.888  -31.902  77.435 0.0000000000
49381  1.033  -36.428  75.467 0.0000000000
48397  2.878  -37.342  74.696 0.0000000000
49402  2.284  -37.132  74.194 0.0000000000
48424  2.829  -37.633  72.798 0.0000000000
49403  1.523  -37.065  73.800 0.0000000000
49435  -1.690  -36.234  71.651 0.0000000000
49436  -2.201  -35.961  71.337 0.0000000000
58663  -0.519  -26.822  79.522 0.0000000000
58682  -0.531  -27.070  78.796 0.0000000000
57720  -0.081  -27.229  78.214 0.0000000000
57721  -1.154  -27.298  78.326 0.0000000000
56851  -2.874  -27.777  73.936 0.0000000000
57779  -2.521  -27.480  74.655 0.0000000000
56850  -2.467  -28.222  74.124 0.0000000000
123870  -2.087  -28.559  74.267 0.0000000000
137472  -2.803  -29.320  73.309 0.0000000000
55893  -2.641  -29.989  73.324 0.0000000000
49221  2.054  -36.781  88.271 0.0000000000
49233  1.437  -36.210  87.550 0.0000000000
49280  2.848  -36.145  84.725 0.0000000000
48272  7.724  -37.486  86.878 0.0000000000
48263  8.129  -37.916  87.069 0.0000000000
48265  6.260  -37.586  87.497 0.0000000000
48237  5.016  -37.862  88.280 0.0000000000
47354  5.530  -38.340  88.306 0.0000000000
48251  4.476  -37.472  88.231 0.0000000000
49220  2.991  -36.951  88.156 0.0000000000
48252  3.578  -37.377  88.553 0.0000000000
49210  1.829  -36.964  88.936 0.0000000000
127249  6.658  -27.765  81.990 0.0000000000
59705  6.239  -25.883  82.248 0.0000000000
59713  5.473  -25.507  81.816 0.0000000000
58644  5.976  -26.354  80.650 0.0000000000
135850  5.571  -25.811  81.052 0.0000000000
136914  -6.141  -38.593  84.096 0.0000000000
119231  -6.104  -38.307  84.687 0.0000000000
139442  -5.259  -35.860  85.951 0.0000000000
50237  -5.301  -36.044  85.319 0.0000000000
50236  -4.887  -35.145  85.086 0.0000000000
51167  -4.524  -34.597  85.670 0.0000000000
122223  2.910  -32.479  86.816 0.0000000000
53842  3.378  -31.817  86.631 0.0000000000
54773  3.747  -31.204  86.309 0.0000000000
54785  4.095  -30.643  85.707 0.0000000000
123099  -2.592  -39.163  88.852 0.0000000000
45531  -2.693  -39.649  88.382 0.0000000000
46428  -4.563  -39.942  87.277 0.0000000000
45543  -3.967  -40.038  87.605 0.0000000000
45554  -4.416  -40.564  87.160 0.0000000000
44604  -4.288  -41.182  87.029 0.0000000000
44605  -4.729  -41.114  86.881 0.0000000000
49324  -2.609  -36.255  81.755 0.0000000000
49331  -1.907  -36.472  81.285 0.0000000000
49323  -1.678  -35.705  81.890 0.0000000000
50312  -0.329  -34.752  81.028 0.0000000000
49330  -0.317  -35.645  81.080 0.0000000000
49329  0.352  -36.194  80.472 0.0000000000
53957  2.905  -31.796  76.240 0.0000000000
52200  0.271  -33.635  74.648 0.0000000000
52191  0.463  -33.690  75.494 0.0000000000
50364  -0.053  -35.486  75.261 0.0000000000
51277  -0.217  -35.050  75.189 0.0000000000
50372  -0.707  -35.387  74.507 0.0000000000
51288  -0.848  -34.822  74.476 0.0000000000
52215  -1.127  -33.511  73.787 0.0000000000
51289  -1.633  -34.975  73.894 0.0000000000
52203  -2.270  -34.409  73.534 0.0000000000
51290  -2.289  -34.786  73.418 0.0000000000
131305  -2.690  -34.349  73.316 0.0000000000
135682  -3.401  -27.114  73.586 0.0000000000
57802  -3.790  -27.411  72.598 0.0000000000
135259  -3.990  -27.884  71.948 0.0000000000
129218  -3.956  -27.797  71.086 0.0000000000
49213  -3.319  -36.290  89.112 0.0000000000
50211  -3.530  -35.709  88.599 0.0000000000
129409  -2.930  -35.658  89.083 0.0000000000
51137  -0.839  -34.331  88.484 0.0000000000
52023  -0.798  -33.745  88.029 0.0000000000
50226  1.315  -35.579  86.885 0.0000000000
52054  2.031  -33.342  86.733 0.0000000000
52036  0.963  -33.011  87.350 0.0000000000
132530  2.745  -32.868  86.978 0.0000000000
45546  11.476  -39.468  86.093 0.0000000000
45560  11.028  -39.609  85.829 0.0000000000
133685  8.601  -39.480  86.114 0.0000000000
44609  9.664  -39.553  85.691 0.0000000000
123954  8.318  -39.528  85.640 0.0000000000
47352  7.141  -38.496  87.538 0.0000000000
46413  7.452  -39.061  87.229 0.0000000000
44595  5.779  -39.643  86.539 0.0000000000
45551  6.423  -39.540  86.695 0.0000000000
44613  5.882  -39.717  85.929 0.0000000000
44612  6.848  -39.613  85.732 0.0000000000
44632  5.094  -40.190  85.453 0.0000000000
125049  4.285  -40.457  85.791 0.0000000000
44586  1.785  -40.222  87.757 0.0000000000
44587  0.995  -40.240  87.788 0.0000000000
47340  2.622  -38.374  89.355 0.0000000000
46397  2.674  -38.934  89.318 0.0000000000
46398  2.108  -38.771  89.432 0.0000000000
47338  -0.166  -37.923  89.686 0.0000000000
46394  0.807  -38.396  89.542 0.0000000000
125956  -0.107  -38.662  89.464 0.0000000000
45522  0.005  -39.183  89.215 0.0000000000
120105  -0.722  -38.913  89.336 0.0000000000
46408  -1.476  -39.136  89.084 0.0000000000
46401  -1.325  -38.565  89.454 0.0000000000
125746  -2.272  -37.128  89.725 0.0000000000
48236  -2.668  -37.717  89.585 0.0000000000
126018  -3.030  -37.000  89.484 0.0000000000
119818  -3.636  -36.959  89.034 0.0000000000
54843  1.374  -30.575  81.731 0.0000000000
136617  1.059  -30.764  81.141 0.0000000000
133909  3.510  -30.056  80.362 0.0000000000
140623  2.651  -30.420  79.665 0.0000000000
54875  2.529  -30.565  79.168 0.0000000000
56759  6.096  -28.700  80.835 0.0000000000
55788  5.510  -29.161  81.120 0.0000000000
55822  5.496  -29.539  78.704 0.0000000000
54872  5.104  -30.088  78.795 0.0000000000
54886  4.647  -30.430  78.411 0.0000000000
54887  3.888  -30.589  78.668 0.0000000000
53936  4.145  -30.789  77.963 0.0000000000
54900  4.750  -30.523  77.693 0.0000000000
56813  4.572  -28.995  76.333 0.0000000000
132126  4.742  -30.289  76.364 0.0000000000
55861  4.503  -29.729  75.892 0.0000000000
55875  3.425  -30.110  74.835 0.0000000000
56830  3.867  -29.060  75.721 0.0000000000
49296  7.595  -36.394  83.348 0.0000000000
49297  6.934  -36.473  83.189 0.0000000000
49309  7.409  -36.267  82.519 0.0000000000
45569  15.835  -40.117  84.917 0.0000000000
123201  15.280  -40.699  83.803 0.0000000000
44641  15.364  -40.421  84.527 0.0000000000
44623  14.878  -40.433  84.759 0.0000000000
50205  15.937  -34.557  89.476 0.0000000000
49207  16.347  -35.829  89.171 0.0000000000
49216  16.747  -36.512  88.655 0.0000000000
49217  15.985  -36.650  88.645 0.0000000000
48257  16.084  -37.908  87.547 0.0000000000
48246  15.648  -37.328  88.023 0.0000000000
47360  14.057  -38.549  86.776 0.0000000000
45544  13.849  -39.478  86.089 0.0000000000
46422  13.507  -39.021  86.431 0.0000000000
49227  12.593  -37.208  86.454 0.0000000000
126826  12.266  -37.827  86.471 0.0000000000
48260  11.590  -37.865  86.395 0.0000000000
119640  10.737  -38.250  86.507 0.0000000000
49250  11.387  -36.159  85.522 0.0000000000
49251  10.665  -36.355  85.397 0.0000000000
49239  10.284  -37.020  86.011 0.0000000000
118566  9.928  -36.471  85.223 0.0000000000
139939  9.602  -36.944  85.934 0.0000000000
117355  8.894  -36.090  83.645 0.0000000000
119853  8.722  -36.388  84.468 0.0000000000
49275  8.142  -36.370  83.858 0.0000000000
119852  7.184  -36.524  84.130 0.0000000000
44723  -4.553  -41.229  81.180 0.0000000000
46455  -4.938  -39.441  81.328 0.0000000000
46454  -4.854  -38.780  80.930 0.0000000000
47416  -4.402  -38.518  80.437 0.0000000000
118622  -4.683  -38.166  80.914 0.0000000000
48305  -5.573  -37.740  82.971 0.0000000000
50285  -4.021  -36.132  82.709 0.0000000000
120496  -4.262  -36.903  81.953 0.0000000000
49325  -3.396  -36.822  81.474 0.0000000000
51207  -2.420  -33.926  82.982 0.0000000000
52125  -1.801  -33.371  82.300 0.0000000000
52963  -1.473  -32.347  82.396 0.0000000000
52027  -3.484  -34.490  87.616 0.0000000000
51146  -3.976  -34.752  87.290 0.0000000000
53831  -2.296  -32.547  86.584 0.0000000000
52038  -3.349  -33.522  86.637 0.0000000000
52927  -2.950  -33.030  86.358 0.0000000000
52936  -3.610  -33.510  85.803 0.0000000000
52935  -3.093  -33.044  85.858 0.0000000000
54776  1.311  -31.220  86.527 0.0000000000
54777  0.055  -31.051  86.111 0.0000000000
54791  -1.235  -31.292  85.464 0.0000000000
54792  -1.667  -31.471  84.877 0.0000000000
53855  -2.083  -31.936  85.130 0.0000000000
53864  -1.990  -31.829  84.430 0.0000000000
53877  -2.399  -32.406  84.071 0.0000000000
53863  -1.476  -31.366  84.098 0.0000000000
54812  -1.021  -31.259  83.538 0.0000000000
54828  -0.464  -31.183  82.894 0.0000000000
53889  -0.754  -31.617  82.160 0.0000000000
137768  0.082  -30.972  82.672 0.0000000000
118421  0.631  -30.783  82.456 0.0000000000
55763  2.876  -29.884  83.674 0.0000000000
55776  3.346  -29.688  82.896 0.0000000000
44645  10.605  -39.779  84.050 0.0000000000
140358  10.403  -39.812  83.504 0.0000000000
117750  -0.987  -41.171  86.498 0.0000000000
44602  -2.437  -41.070  87.215 0.0000000000
135138  -2.888  -41.602  87.011 0.0000000000
44724  -4.792  -41.775  82.113 0.0000000000
43737  -4.741  -42.613  81.836 0.0000000000
45632  -3.325  -40.198  78.428 0.0000000000
44772  -3.418  -40.859  78.507 0.0000000000
125812  -3.110  -40.770  77.925 0.0000000000
45648  -2.911  -40.227  77.788 0.0000000000
48357  -1.847  -37.867  78.857 0.0000000000
46498  -1.450  -39.053  77.225 0.0000000000
47459  -2.132  -38.844  77.850 0.0000000000
46519  -2.454  -40.055  77.263 0.0000000000
46540  -1.333  -40.327  76.110 0.0000000000
46538  0.523  -39.776  75.508 0.0000000000
45686  -0.005  -40.436  75.080 0.0000000000
46560  0.958  -40.092  74.839 0.0000000000
45701  0.443  -40.796  74.357 0.0000000000
53928  -0.290  -31.791  79.747 0.0000000000
52141  -0.608  -32.892  80.109 0.0000000000
52164  -0.406  -32.408  79.482 0.0000000000
52163  -0.043  -33.348  78.417 0.0000000000
128247  0.667  -35.032  79.316 0.0000000000
50322  1.328  -36.028  79.468 0.0000000000
50334  1.450  -35.741  78.677 0.0000000000
52182  0.363  -33.450  76.865 0.0000000000
51258  0.293  -34.127  77.070 0.0000000000
49370  2.038  -36.210  77.142 0.0000000000
123066  2.519  -36.634  77.468 0.0000000000
49360  2.464  -36.785  78.112 0.0000000000
122725  2.846  -37.125  77.397 0.0000000000
47471  2.779  -38.153  76.659 0.0000000000
47470  3.262  -37.894  75.946 0.0000000000
46557  3.271  -38.289  73.714 0.0000000000
46558  3.123  -38.685  74.394 0.0000000000
46574  2.907  -39.137  73.561 0.0000000000
44854  1.581  -40.383  73.326 0.0000000000
45726  1.720  -40.358  72.469 0.0000000000
45725  2.119  -39.817  71.636 0.0000000000
46604  2.198  -38.195  70.520 0.0000000000
47559  1.653  -38.107  69.742 0.0000000000
49405  -0.527  -36.399  73.555 0.0000000000
130274  0.476  -36.925  72.329 0.0000000000
134770  -0.391  -36.646  72.317 0.0000000000
49452  -0.886  -36.670  70.383 0.0000000000
49451  0.243  -36.851  70.513 0.0000000000
49463  0.143  -36.938  69.521 0.0000000000
48472  -0.275  -37.138  68.600 0.0000000000
59726  1.587  -25.882  80.519 0.0000000000
120298  2.151  -26.304  79.313 0.0000000000
58660  2.921  -26.227  79.326 0.0000000000
57717  3.099  -26.910  77.967 0.0000000000
132035  1.137  -27.636  76.881 0.0000000000
57752  1.888  -27.784  76.591 0.0000000000
56816  1.420  -28.059  76.192 0.0000000000
55864  2.249  -29.171  74.897 0.0000000000
56832  1.766  -28.563  75.513 0.0000000000
57768  -2.363  -27.273  75.602 0.0000000000
57756  -2.453  -27.032  76.765 0.0000000000
57755  -1.935  -27.410  76.953 0.0000000000
57754  -1.015  -27.660  76.799 0.0000000000
56818  -1.471  -27.733  76.126 0.0000000000
55880  -1.578  -29.211  74.138 0.0000000000
56848  -0.841  -28.868  74.661 0.0000000000
55879  -0.463  -29.634  74.130 0.0000000000
55878  0.694  -29.631  74.219 0.0000000000
54933  -0.512  -30.555  73.671 0.0000000000
138682  -0.896  -31.153  73.527 0.0000000000
126336  -1.626  -30.818  73.563 0.0000000000
53986  -3.277  -31.799  73.191 0.0000000000
130790  -3.198  -33.351  73.222 0.0000000000
130114  -3.480  -33.420  72.868 0.0000000000
130037  -3.623  -30.342  72.634 0.0000000000
49231  3.150  -36.729  87.254 0.0000000000
49246  2.382  -36.383  86.510 0.0000000000
49245  3.262  -36.611  86.227 0.0000000000
49300  3.668  -36.164  83.556 0.0000000000
129251  6.887  -36.734  85.645 0.0000000000
48273  6.906  -37.328  87.033 0.0000000000
49243  6.469  -36.857  86.335 0.0000000000
49229  5.612  -37.170  87.422 0.0000000000
49230  4.819  -37.112  87.742 0.0000000000
117038  4.082  -36.805  87.074 0.0000000000
44897  -0.961  -41.571  70.308 0.0000000000
44896  0.004  -41.258  70.695 0.0000000000
132750  -5.695  -38.280  85.994 0.0000000000
48276  -5.889  -37.926  85.356 0.0000000000
48274  -5.560  -37.521  86.038 0.0000000000
49248  -5.363  -36.506  86.136 0.0000000000
50228  -5.044  -35.583  86.528 0.0000000000
46410  -3.623  -39.025  88.443 0.0000000000
46416  -3.595  -39.603  88.039 0.0000000000
46429  -5.148  -39.704  86.801 0.0000000000
123529  -5.066  -38.924  86.962 0.0000000000
47369  -5.515  -38.941  86.324 0.0000000000
51220  -0.818  -34.099  81.296 0.0000000000
51232  -0.571  -33.795  80.548 0.0000000000
53029  2.394  -32.247  74.874 0.0000000000
53030  1.711  -32.630  75.211 0.0000000000
53038  1.668  -32.577  74.515 0.0000000000
52201  -0.638  -34.070  74.338 0.0000000000
52214  -0.052  -33.277  73.919 0.0000000000
53048  -1.701  -32.763  73.563 0.0000000000
50200  -1.451  -36.109  89.623 0.0000000000
50209  -1.792  -35.316  89.386 0.0000000000
133429  -1.029  -35.555  89.402 0.0000000000
51128  -0.839  -34.905  88.974 0.0000000000
51136  -0.486  -34.751  88.505 0.0000000000
51164  2.774  -34.007  85.310 0.0000000000
52065  3.467  -33.292  86.059 0.0000000000
46425  10.323  -38.987  86.554 0.0000000000
45561  10.163  -39.570  85.960 0.0000000000
45548  9.780  -39.307  86.323 0.0000000000
134901  6.050  -39.201  87.832 0.0000000000
125923  6.562  -39.419  87.212 0.0000000000
45534  5.595  -39.491  87.563 0.0000000000
126170  4.941  -39.772  86.785 0.0000000000
44585  2.524  -40.187  87.635 0.0000000000
45536  2.222  -39.871  88.182 0.0000000000
48241  1.573  -37.539  89.387 0.0000000000
47341  1.869  -38.258  89.485 0.0000000000
48231  1.239  -37.824  89.526 0.0000000000
48227  0.593  -37.574  89.545 0.0000000000
48229  -0.517  -37.715  89.694 0.0000000000
47343  -1.184  -37.995  89.719 0.0000000000
48234  -1.080  -37.502  89.759 0.0000000000
49203  -1.058  -36.911  89.758 0.0000000000
54842  2.855  -29.905  82.125 0.0000000000
54841  3.191  -29.939  81.152 0.0000000000
138785  6.304  -27.937  80.027 0.0000000000
129103  6.159  -28.574  80.131 0.0000000000
56781  6.104  -28.270  79.486 0.0000000000
131735  5.815  -28.689  78.816 0.0000000000
125114  5.658  -29.047  78.188 0.0000000000
54899  5.177  -30.120  77.444 0.0000000000
56798  5.456  -29.008  77.565 0.0000000000
132211  5.142  -28.445  77.424 0.0000000000
56799  4.512  -28.236  76.947 0.0000000000
45556  16.014  -39.682  85.499 0.0000000000
48248  13.457  -37.726  86.813 0.0000000000
49226  13.168  -36.329  86.674 0.0000000000
133769  12.431  -36.598  86.290 0.0000000000
49274  9.529  -36.091  84.323 0.0000000000
118785  -4.857  -40.744  82.098 0.0000000000
120071  -4.995  -39.953  81.894 0.0000000000
50267  -4.938  -35.933  83.833 0.0000000000
49314  -5.140  -36.900  83.015 0.0000000000
49301  -4.689  -36.261  83.146 0.0000000000
50284  -3.400  -35.675  82.868 0.0000000000
52112  -2.750  -33.644  83.561 0.0000000000
52964  -2.519  -33.009  83.569 0.0000000000
52904  -1.611  -33.271  87.721 0.0000000000
123305  -3.151  -33.822  87.274 0.0000000000
52916  -1.983  -32.765  87.216 0.0000000000
53830  -1.510  -32.090  86.722 0.0000000000
132085  1.303  -30.667  85.961 0.0000000000
54789  0.516  -30.544  85.491 0.0000000000
124366  0.072  -30.440  84.792 0.0000000000
54800  -0.433  -30.694  84.442 0.0000000000
133061  -0.931  -31.007  84.087 0.0000000000
116789  0.109  -30.426  84.135 0.0000000000
134151  0.847  -30.506  83.176 0.0000000000
54809  1.382  -30.262  83.478 0.0000000000
124967  2.088  -30.080  83.671 0.0000000000
132843  9.254  -39.617  84.618 0.0000000000
44670  9.066  -39.646  83.836 0.0000000000
44599  0.512  -40.671  87.106 0.0000000000
44618  -0.202  -40.985  86.546 0.0000000000
134983  -1.658  -41.496  86.522 0.0000000000
43657  -3.453  -41.794  86.938 0.0000000000
44655  -5.771  -41.423  84.690 0.0000000000
43683  -5.631  -42.338  84.979 0.0000000000
122019  -4.271  -39.941  79.991 0.0000000000
45633  -3.771  -40.241  79.210 0.0000000000
46478  -3.975  -39.493  79.615 0.0000000000
48356  -0.824  -37.775  78.957 0.0000000000
47441  -1.521  -38.198  78.303 0.0000000000
47458  -0.345  -38.711  77.395 0.0000000000
46517  -0.647  -39.224  76.706 0.0000000000
134025  -0.841  -39.753  76.237 0.0000000000
46516  1.270  -39.183  76.121 0.0000000000
121079  0.617  -31.233  78.814 0.0000000000
52997  -0.092  -31.909  78.868 0.0000000000
50354  0.544  -35.420  76.540 0.0000000000
49371  1.176  -36.032  76.433 0.0000000000
49380  2.214  -36.528  76.134 0.0000000000
49379  2.882  -37.067  75.669 0.0000000000
48385  3.097  -37.353  76.032 0.0000000000
48396  3.206  -37.670  75.193 0.0000000000
48409  3.215  -37.751  74.217 0.0000000000
46587  3.070  -38.614  72.850 0.0000000000
46588  2.781  -38.951  71.957 0.0000000000
47532  3.002  -38.169  72.255 0.0000000000
48439  2.562  -37.654  71.809 0.0000000000
48440  1.968  -37.309  71.313 0.0000000000
49421  -1.649  -35.921  72.364 0.0000000000
49420  -1.156  -36.272  72.336 0.0000000000
138699  -1.420  -36.502  71.101 0.0000000000
140051  -1.378  -36.540  70.062 0.0000000000
58662  0.600  -26.492  79.620 0.0000000000
58680  1.463  -26.585  78.877 0.0000000000
57718  2.039  -26.972  77.914 0.0000000000
57719  0.966  -27.063  78.157 0.0000000000
57753  0.030  -27.696  76.858 0.0000000000
56835  -1.865  -27.774  75.428 0.0000000000
55892  -2.044  -29.945  73.637 0.0000000000
54935  -3.014  -30.886  73.210 0.0000000000
54936  -3.419  -31.006  72.985 0.0000000000
120216  1.001  -36.626  89.011 0.0000000000
50207  0.542  -36.006  88.579 0.0000000000
49260  1.816  -35.875  86.156 0.0000000000
50235  2.006  -35.392  85.510 0.0000000000
48262  9.003  -38.026  86.907 0.0000000000
47365  8.490  -38.284  87.032 0.0000000000
47366  7.700  -38.175  87.278 0.0000000000
139260  7.177  -38.110  87.455 0.0000000000
48249  6.668  -38.022  87.637 0.0000000000
47353  6.297  -38.427  87.941 0.0000000000
134672  5.886  -38.851  88.159 0.0000000000
46403  5.156  -38.819  88.499 0.0000000000
121244  4.453  -38.795  88.697 0.0000000000
46405  3.766  -39.071  88.783 0.0000000000
133140  3.908  -38.440  88.844 0.0000000000
135446  3.313  -38.095  89.083 0.0000000000
48239  3.132  -37.607  88.917 0.0000000000
48240  2.271  -37.431  89.150 0.0000000000
56744  6.204  -28.665  82.191 0.0000000000
56758  6.369  -28.252  81.378 0.0000000000
57679  6.510  -27.444  81.185 0.0000000000
57692  6.300  -27.223  80.393 0.0000000000
58657  5.710  -26.634  79.887 0.0000000000
58658  4.828  -26.285  79.559 0.0000000000
46439  -6.072  -39.211  83.828 0.0000000000
117900  -5.964  -37.975  83.921 0.0000000000
48296  -5.610  -37.241  83.772 0.0000000000
49281  -5.445  -36.623  84.427 0.0000000000
52078  -3.701  -33.861  84.844 0.0000000000
52912  1.488  -32.469  87.087 0.0000000000
53827  1.226  -31.904  86.994 0.0000000000
53844  1.900  -31.612  86.703 0.0000000000
54775  2.075  -30.979  86.322 0.0000000000
54787  2.468  -30.610  85.729 0.0000000000
55742  2.808  -30.254  85.037 0.0000000000
45541  -2.132  -39.788  88.281 0.0000000000
44591  -2.766  -40.212  87.893 0.0000000000
139227  -3.315  -40.566  87.550 0.0000000000
44603  -3.680  -41.167  87.195 0.0000000000
134076  -5.371  -40.374  86.431 0.0000000000
45564  -5.751  -40.614  85.894 0.0000000000
119232  -5.983  -40.744  85.147 0.0000000000
139149  -6.081  -40.258  84.783 0.0000000000
46437  -6.085  -39.806  84.392 0.0000000000
49333  -3.470  -37.327  80.798 0.0000000000
48326  -3.082  -37.538  80.223 0.0000000000
48325  -2.091  -37.084  80.327 0.0000000000
48324  -0.892  -36.978  80.380 0.0000000000
130368  -0.974  -36.043  81.449 0.0000000000
48341  -0.234  -37.355  79.846 0.0000000000
48340  0.796  -36.974  79.937 0.0000000000
53010  1.004  -32.427  76.697 0.0000000000
53021  0.657  -33.116  76.294 0.0000000000
126694  0.286  -33.948  76.337 0.0000000000
140256  1.029  -33.012  75.535 0.0000000000
50355  0.202  -35.222  75.891 0.0000000000
49392  0.360  -36.590  74.654 0.0000000000
49393  -0.313  -36.314  74.212 0.0000000000
49394  -0.923  -35.907  73.722 0.0000000000
50373  -1.294  -35.428  73.871 0.0000000000
50384  -1.603  -35.509  73.346 0.0000000000
49407  -1.917  -35.619  72.746 0.0000000000
50395  -2.443  -35.383  72.502 0.0000000000
50386  -2.729  -34.997  72.839 0.0000000000
56862  -3.235  -28.079  73.257 0.0000000000
122706  -3.181  -28.996  73.061 0.0000000000
139502  -3.771  -27.789  70.190 0.0000000000
44856  0.057  -42.006  73.139 0.0000000000
49224  -4.555  -37.062  87.972 0.0000000000
49234  -4.453  -35.919  87.705 0.0000000000
50217  -4.029  -35.754  88.120 0.0000000000
51140  -3.722  -35.129  88.024 0.0000000000
51139  -3.171  -34.762  88.272 0.0000000000
51130  -2.136  -34.782  89.006 0.0000000000
52016  -2.487  -34.465  88.498 0.0000000000
52025  -2.076  -33.869  88.133 0.0000000000
52024  -1.366  -33.734  88.103 0.0000000000
52902  -0.303  -33.195  87.674 0.0000000000
52913  0.135  -32.676  87.453 0.0000000000
51145  -0.054  -34.513  87.970 0.0000000000
51144  0.518  -34.041  87.461 0.0000000000
132902  0.183  -33.607  87.660 0.0000000000
44606  12.608  -39.864  85.317 0.0000000000
140743  11.685  -39.891  84.580 0.0000000000
44607  11.559  -39.726  85.258 0.0000000000
139238  10.799  -39.719  84.762 0.0000000000
128106  9.898  -39.614  85.131 0.0000000000
44628  8.391  -39.612  85.015 0.0000000000
44647  7.578  -39.675  84.653 0.0000000000
46427  8.398  -38.793  86.906 0.0000000000
45532  7.957  -39.224  86.758 0.0000000000
121400  7.864  -39.431  86.404 0.0000000000
45550  7.044  -39.463  86.618 0.0000000000
44593  7.278  -39.501  86.226 0.0000000000
44630  6.806  -39.783  84.945 0.0000000000
44617  1.341  -40.813  86.712 0.0000000000
44588  0.079  -40.247  87.753 0.0000000000
45539  -0.327  -39.837  88.292 0.0000000000
46406  2.967  -39.176  89.030 0.0000000000
45527  1.875  -39.602  88.731 0.0000000000
47342  1.366  -38.409  89.515 0.0000000000
45520  1.519  -39.347  89.151 0.0000000000
45528  1.122  -39.627  88.773 0.0000000000
124120  0.270  -39.569  88.788 0.0000000000
45529  -1.596  -39.483  88.641 0.0000000000
138159  -2.507  -38.851  89.141 0.0000000000
48235  -1.848  -37.776  89.738 0.0000000000
47344  -2.413  -38.416  89.424 0.0000000000
47345  -2.958  -38.829  89.002 0.0000000000
47347  -3.467  -38.343  88.957 0.0000000000
48243  -3.850  -37.700  88.783 0.0000000000
53901  -0.504  -31.666  81.335 0.0000000000
53915  -0.664  -32.023  80.959 0.0000000000
53914  -0.388  -31.703  80.530 0.0000000000
53913  0.049  -31.280  80.109 0.0000000000
53912  0.907  -30.903  79.712 0.0000000000
54857  1.569  -30.583  80.653 0.0000000000
53927  1.646  -30.803  78.889 0.0000000000
126023  1.981  -30.979  78.252 0.0000000000
55801  4.987  -29.625  80.537 0.0000000000
54855  4.286  -30.041  80.013 0.0000000000
55813  5.221  -29.757  79.569 0.0000000000
54888  3.074  -30.667  78.693 0.0000000000
53937  2.745  -30.988  78.006 0.0000000000
53948  2.797  -31.469  77.139 0.0000000000
138722  3.416  -31.620  75.955 0.0000000000
54907  4.768  -30.512  76.983 0.0000000000
53964  4.372  -30.938  76.384 0.0000000000
53965  3.828  -31.283  75.673 0.0000000000
53972  3.463  -31.306  74.963 0.0000000000
54921  3.203  -30.722  74.538 0.0000000000
54922  2.317  -30.681  74.056 0.0000000000
49277  5.325  -36.563  83.824 0.0000000000
119527  6.215  -36.531  83.489 0.0000000000
49310  6.270  -36.390  82.531 0.0000000000
44625  13.325  -40.267  84.793 0.0000000000
49206  17.098  -35.892  89.099 0.0000000000
46419  16.214  -38.894  86.525 0.0000000000
46432  15.686  -39.389  86.154 0.0000000000
47348  15.285  -38.053  87.474 0.0000000000
45557  14.728  -39.626  85.998 0.0000000000
45566  14.490  -40.092  85.402 0.0000000000
45567  13.566  -39.998  85.424 0.0000000000
120136  12.782  -39.706  85.730 0.0000000000
47361  12.546  -38.068  86.567 0.0000000000
128142  11.964  -38.668  86.478 0.0000000000
46424  11.183  -39.076  86.416 0.0000000000
47362  10.931  -38.639  86.509 0.0000000000
48261  9.874  -38.147  86.713 0.0000000000
50225  12.776  -35.821  86.336 0.0000000000
136095  11.806  -36.648  85.999 0.0000000000
49240  8.935  -37.060  86.114 0.0000000000
49241  8.124  -37.040  86.250 0.0000000000
49253  8.423  -36.707  85.328 0.0000000000
49254  7.543  -36.720  85.314 0.0000000000
119845  6.813  -36.642  84.937 0.0000000000
45604  -4.443  -40.502  80.518 0.0000000000
46466  -4.465  -39.192  80.289 0.0000000000
47393  -5.520  -38.565  82.343 0.0000000000
48304  -4.971  -37.198  82.246 0.0000000000
47403  -5.088  -38.275  81.486 0.0000000000
50299  -2.298  -35.411  82.395 0.0000000000
50283  -2.728  -35.012  82.916 0.0000000000
139152  -1.177  -32.476  81.720 0.0000000000
50222  -4.739  -35.743  87.246 0.0000000000
50227  -4.477  -35.058  86.952 0.0000000000
51156  -4.601  -34.783  86.313 0.0000000000
52039  -3.705  -34.115  86.964 0.0000000000
52056  -3.823  -33.798  86.324 0.0000000000
125622  -4.209  -34.193  86.098 0.0000000000
52067  -4.000  -33.945  85.549 0.0000000000
52943  -3.556  -33.566  85.249 0.0000000000
52077  -3.212  -33.401  84.745 0.0000000000
125625  -0.937  -31.657  86.539 0.0000000000
53847  -1.394  -31.618  86.143 0.0000000000
130628  -2.190  -32.093  85.691 0.0000000000
53856  -2.573  -32.540  85.472 0.0000000000
53865  -2.482  -32.438  84.811 0.0000000000
126450  -2.778  -33.051  84.172 0.0000000000
138996  -2.466  -32.724  83.762 0.0000000000
52953  -2.050  -32.445  83.305 0.0000000000
53875  -1.377  -31.584  83.448 0.0000000000
53890  -1.457  -31.923  83.006 0.0000000000
132196  -1.131  -31.900  82.393 0.0000000000
53902  -0.923  -32.047  81.692 0.0000000000
54825  2.037  -30.185  82.318 0.0000000000
55751  5.178  -29.606  84.055 0.0000000000
118962  4.518  -29.570  83.619 0.0000000000
55761  5.294  -29.273  83.133 0.0000000000
139114  5.729  -29.027  82.614 0.0000000000
44668  11.158  -40.008  83.411 0.0000000000
44692  10.668  -39.972  82.702 0.0000000000
44669  9.772  -39.742  83.328 0.0000000000
43659  -1.975  -42.119  86.236 0.0000000000
119914  -3.711  -41.132  79.206 0.0000000000
47427  -3.064  -38.499  79.013 0.0000000000
47443  -2.842  -38.982  78.389 0.0000000000
46499  -2.661  -39.533  77.823 0.0000000000
45668  -2.683  -40.813  77.174 0.0000000000
46539  -0.466  -40.055  75.701 0.0000000000
52153  -0.396  -33.066  79.220 0.0000000000
51231  0.072  -34.582  80.194 0.0000000000
50323  0.722  -35.617  80.137 0.0000000000
48339  1.476  -36.732  79.360 0.0000000000
48353  2.030  -37.136  78.658 0.0000000000
52173  0.223  -33.359  77.548 0.0000000000
50335  0.655  -34.958  78.293 0.0000000000
50344  1.343  -35.657  77.828 0.0000000000
47455  2.478  -37.809  77.459 0.0000000000
46515  2.213  -38.741  76.255 0.0000000000
46537  2.160  -39.151  75.560 0.0000000000
47486  3.203  -38.301  75.160 0.0000000000
46536  2.778  -38.965  74.997 0.0000000000
46559  1.976  -39.631  74.719 0.0000000000
45700  1.355  -40.323  74.093 0.0000000000
44868  1.153  -40.848  72.857 0.0000000000
44869  0.640  -41.395  72.635 0.0000000000
44883  0.555  -41.319  71.694 0.0000000000
45737  0.768  -40.782  70.982 0.0000000000
49418  1.173  -37.057  72.948 0.0000000000
49432  1.290  -37.058  71.821 0.0000000000
49450  1.190  -37.101  70.828 0.0000000000
48470  1.286  -37.670  69.628 0.0000000000
47569  1.153  -37.995  69.180 0.0000000000
59722  4.880  -25.468  81.188 0.0000000000
59723  4.333  -25.535  80.758 0.0000000000
59731  4.149  -25.804  80.106 0.0000000000
59732  3.192  -25.825  80.026 0.0000000000
58659  3.853  -26.189  79.385 0.0000000000
58677  4.501  -26.688  78.806 0.0000000000
57716  4.118  -27.090  77.994 0.0000000000
57734  4.115  -27.594  77.362 0.0000000000
56800  3.543  -27.794  76.846 0.0000000000
57751  2.608  -27.768  76.661 0.0000000000
56814  3.184  -28.356  76.073 0.0000000000
56831  2.679  -28.735  75.505 0.0000000000
56834  -1.108  -28.243  75.369 0.0000000000
56833  -0.100  -28.611  75.190 0.0000000000
127933  0.752  -28.372  75.697 0.0000000000
55865  1.061  -28.975  74.832 0.0000000000
54932  0.621  -30.924  73.609 0.0000000000
53983  -0.100  -31.632  73.481 0.0000000000
53985  -2.324  -31.901  73.455 0.0000000000
53049  -2.528  -32.990  73.474 0.0000000000
52218  -3.089  -34.069  73.168 0.0000000000
51300  -3.059  -34.604  72.826 0.0000000000
51311  -3.346  -34.530  72.230 0.0000000000
53058  -3.711  -32.536  72.519 0.0000000000
52238  -3.603  -33.833  72.238 0.0000000000
50406  -3.261  -34.957  71.494 0.0000000000
44610  8.875  -39.500  85.842 0.0000000000
44640  15.686  -40.372  84.262 0.0000000000
44642  14.991  -40.719  84.057 0.0000000000
45714  2.265  -39.784  73.068 0.0000000000
46395  0.218  -38.225  89.600 0.0000000000
46399  1.148  -38.949  89.453 0.0000000000
46400  0.502  -38.813  89.445 0.0000000000
46404  4.603  -39.207  88.436 0.0000000000
46411  8.722  -38.644  86.908 0.0000000000
47531  3.221  -38.062  72.991 0.0000000000
48228  0.089  -37.573  89.619 0.0000000000
48230  2.080  -37.862  89.402 0.0000000000
48233  -0.428  -37.353  89.679 0.0000000000
48375  3.055  -37.423  76.628 0.0000000000
48410  2.862  -37.480  73.753 0.0000000000
48456  2.300  -37.732  71.045 0.0000000000
49204  -1.859  -36.606  89.717 0.0000000000
49223  -4.322  -36.407  88.081 0.0000000000
49279  3.494  -36.372  84.379 0.0000000000
49406  -1.210  -35.974  73.011 0.0000000000
49417  2.252  -37.232  73.266 0.0000000000
49419  -0.043  -36.767  73.071 0.0000000000
50201  -2.215  -35.844  89.502 0.0000000000
50206  15.410  -34.950  89.002 0.0000000000
50210  -2.404  -35.293  89.210 0.0000000000
50266  -4.234  -35.602  83.485 0.0000000000
50385  -2.286  -35.170  73.129 0.0000000000
50396  -2.962  -35.111  72.231 0.0000000000
50418  -3.042  -35.298  70.835 0.0000000000
51132  -3.265  -35.276  88.551 0.0000000000
51250  0.276  -34.130  77.859 0.0000000000
52015  -1.776  -34.234  88.568 0.0000000000
52217  -2.824  -33.709  73.378 0.0000000000
52905  -2.415  -33.488  87.570 0.0000000000
52928  -3.423  -33.360  86.190 0.0000000000
53046  1.427  -32.375  73.922 0.0000000000
53846  -0.283  -31.514  86.663 0.0000000000
53848  -1.975  -32.021  86.145 0.0000000000
53900  -0.008  -31.291  80.967 0.0000000000
53956  4.276  -30.955  77.191 0.0000000000
53966  3.090  -31.795  75.386 0.0000000000
54906  4.944  -29.632  76.568 0.0000000000
54915  3.780  -30.675  75.079 0.0000000000
54923  1.241  -30.325  73.864 0.0000000000
55836  5.434  -29.622  77.857 0.0000000000
55862  3.923  -29.902  75.295 0.0000000000
55863  3.194  -29.390  75.148 0.0000000000
56812  5.128  -28.975  76.929 0.0000000000
57736  1.979  -27.465  77.155 0.0000000000
58638  6.144  -26.107  81.395 0.0000000000
118805  2.688  -39.273  74.304 0.0000000000
118818  14.030  -39.799  85.756 0.0000000000
119894  10.073  -39.655  84.530 0.0000000000
120961  -4.118  -37.024  88.464 0.0000000000
123876  1.704  -39.022  89.411 0.0000000000
127312  -1.783  -38.327  89.563 0.0000000000
129219  -3.912  -28.505  70.615 0.0000000000
130388  -0.443  -36.380  80.855 0.0000000000
131498  16.806  -35.268  89.434 0.0000000000
132208  3.533  -27.336  77.495 0.0000000000
134188  -2.926  -31.613  73.321 0.0000000000
134873  -3.737  -33.133  72.189 0.0000000000
135034  2.374  -39.651  72.366 0.0000000000
135558  6.817  -39.499  86.468 0.0000000000
136861  15.884  -35.240  89.286 0.0000000000
138276  -3.687  -39.157  79.349 0.0000000000
138848  -4.757  -39.275  80.764 0.0000000000
139175  -2.983  -38.228  89.320 0.0000000000
139831  -2.929  -35.346  71.500 0.0000000000
140219  2.860  -37.642  77.070 0.0000000000
140667  5.073  -30.081  76.887 0.0000000000
140692  3.258  -28.872  75.568 0.0000000000
140968  3.484  -30.828  78.187 0.0000000000
