#!ascii label  , from subject sub-fsm96ry vox2ras=TkReg
822
78017  24.398  -15.376  -1.583 0.2500000000
78025  24.811  -15.384  -2.476 0.2500000000
77132  25.374  -16.203  -2.674 0.7500000000
80622  23.568  -12.576  -1.634 0.2500000000
79773  23.965  -13.225  -2.119 0.1250000000
79772  24.394  -13.918  -2.564 0.2500000000
78900  24.374  -14.678  -2.077 0.2500000000
78040  25.540  -15.313  -3.262 0.7500000000
78915  24.825  -14.621  -2.969 0.3750000000
77144  26.020  -16.050  -3.300 0.8750000000
77143  26.748  -16.452  -3.607 0.8750000000
80633  24.414  -13.144  -3.113 0.3750000000
79786  24.916  -13.826  -3.412 0.8750000000
78920  27.424  -14.481  -4.601 1.0000000000
140321  26.031  -14.205  -4.144 1.0000000000
78914  25.505  -14.403  -3.590 0.8750000000
78038  27.301  -15.821  -4.143 1.0000000000
78913  26.242  -14.795  -3.828 0.8750000000
77148  28.014  -15.806  -4.373 1.0000000000
80634  23.934  -12.336  -2.666 0.2500000000
79796  25.043  -13.104  -3.996 0.8750000000
79795  25.852  -13.076  -4.710 0.8750000000
131053  27.094  -13.814  -4.868 1.0000000000
78922  26.320  -13.719  -4.604 1.0000000000
79794  26.722  -13.132  -5.065 1.0000000000
133937  28.190  -14.155  -4.651 1.0000000000
125233  27.770  -13.945  -4.847 1.0000000000
78919  28.017  -14.615  -4.659 1.0000000000
78046  27.702  -15.167  -4.444 1.0000000000
80655  25.313  -12.346  -4.597 1.0000000000
80645  24.555  -12.376  -3.722 0.8750000000
80652  28.190  -12.678  -4.782 1.0000000000
79793  27.448  -13.246  -5.072 1.0000000000
79799  27.116  -12.674  -5.323 1.0000000000
80644  28.611  -13.178  -4.301 1.0000000000
79792  28.087  -13.422  -4.850 1.0000000000
80643  29.129  -12.933  -3.550 1.0000000000
79784  28.597  -14.035  -4.348 1.0000000000
84334  22.260  -7.986  -2.087 0.2500000000
123609  23.422  -11.784  -1.962 0.2500000000
82430  23.710  -10.983  -3.146 0.3750000000
81514  24.150  -11.635  -3.431 0.5000000000
82440  24.895  -10.831  -4.859 1.0000000000
82441  24.259  -10.921  -3.994 0.6250000000
81525  24.727  -11.631  -4.355 1.0000000000
81530  26.214  -11.319  -5.484 1.0000000000
81524  25.524  -11.518  -5.094 1.0000000000
80653  27.611  -12.564  -5.174 1.0000000000
82447  27.080  -10.961  -5.487 1.0000000000
129236  28.312  -11.302  -4.282 1.0000000000
82419  28.811  -11.281  -3.284 1.0000000000
127973  29.222  -12.108  -3.100 1.0000000000
84349  22.772  -8.116  -3.045 0.5000000000
83360  22.758  -8.838  -2.648 0.3750000000
83359  23.286  -9.550  -3.134 0.3750000000
82420  23.285  -10.340  -2.713 0.5000000000
83376  23.803  -9.443  -4.011 0.5000000000
128943  24.368  -10.134  -4.437 0.8750000000
83387  25.243  -9.073  -5.567 1.0000000000
82448  26.516  -10.749  -5.554 1.0000000000
82449  25.734  -10.608  -5.468 1.0000000000
82438  27.908  -10.600  -4.611 1.0000000000
122837  27.339  -10.362  -5.231 1.0000000000
83345  28.486  -9.674  -3.005 1.0000000000
82429  28.437  -10.513  -3.698 1.0000000000
84348  23.298  -8.727  -3.510 0.5000000000
123487  23.852  -7.938  -4.714 0.6250000000
84365  24.423  -8.458  -5.169 1.0000000000
83375  24.424  -9.302  -4.845 0.7500000000
84384  25.808  -8.521  -6.008 1.0000000000
84347  27.770  -8.080  -4.270 1.0000000000
85397  27.354  -7.646  -4.944 1.0000000000
84364  27.365  -8.710  -5.022 1.0000000000
83385  26.535  -9.331  -5.670 1.0000000000
136592  27.921  -8.951  -4.232 1.0000000000
83374  27.611  -9.654  -4.789 1.0000000000
84346  28.129  -8.378  -3.556 0.8750000000
139467  28.238  -9.102  -3.530 1.0000000000
85382  23.214  -7.827  -3.900 0.5000000000
86306  26.233  -6.545  -6.138 1.0000000000
85424  25.702  -7.628  -6.163 1.0000000000
86286  27.131  -6.819  -5.126 1.0000000000
83390  26.221  -8.785  -5.921 1.0000000000
86268  27.385  -6.162  -4.503 1.0000000000
84333  28.263  -7.940  -2.917 1.0000000000
85380  28.024  -7.424  -3.504 1.0000000000
86255  27.745  -6.527  -3.802 1.0000000000
86254  28.097  -6.607  -3.080 1.0000000000
85400  22.818  -6.996  -3.958 0.5000000000
85399  23.532  -7.143  -4.735 0.8750000000
85414  24.120  -6.911  -5.529 1.0000000000
88112  26.000  -4.604  -5.542 1.0000000000
87186  26.090  -5.925  -6.196 1.0000000000
86288  25.012  -6.308  -6.325 1.0000000000
88932  27.261  -3.878  -3.878 1.0000000000
88103  27.183  -4.513  -4.288 1.0000000000
88099  27.504  -4.342  -3.408 1.0000000000
87164  27.277  -5.333  -4.439 1.0000000000
86247  27.957  -5.852  -3.105 1.0000000000
135070  27.492  -4.913  -3.803 1.0000000000
90523  23.257  -1.830  -5.295 1.0000000000
88927  22.368  -3.447  -3.818 0.3750000000
89744  23.650  -2.564  -5.531 0.8750000000
127393  24.872  -4.043  -6.067 1.0000000000
88933  26.847  -3.777  -4.494 1.0000000000
88941  26.273  -4.008  -5.084 1.0000000000
122269  22.752  -1.164  -4.702 0.8750000000
91319  23.368  -1.018  -5.412 1.0000000000
90532  23.920  -1.263  -5.760 1.0000000000
128409  23.958  -1.982  -5.758 1.0000000000
134326  24.551  -0.593  -5.753 1.0000000000
133626  25.545  -3.103  -5.468 1.0000000000
124026  26.801  -3.073  -4.385 1.0000000000
89736  26.530  -2.522  -4.681 1.0000000000
89732  26.949  -2.540  -3.915 1.0000000000
91321  22.419  -0.443  -4.262 0.7500000000
131190  25.276  -0.283  -5.465 1.0000000000
132895  26.285  -1.161  -4.703 1.0000000000
91318  25.929  -0.395  -4.951 1.0000000000
90522  26.149  -1.865  -5.051 1.0000000000
91324  23.731  -0.410  -5.687 1.0000000000
95410  22.385  4.645  -2.659 0.1250000000
95399  22.958  4.810  -1.728 0.1250000000
132936  21.968  4.828  -3.509 0.2500000000
96240  22.104  5.501  -3.254 0.1250000000
145212  21.625  5.711  -4.832 0.3750000000
97028  21.742  6.213  -3.792 0.2500000000
134233  21.780  6.011  -5.594 0.5000000000
97037  21.506  6.276  -4.793 0.2500000000
97829  21.255  7.699  -6.331 0.3750000000
97027  22.298  6.303  -2.929 0.2500000000
129613  21.358  7.228  -5.124 0.2500000000
97818  21.715  7.600  -4.195 0.2500000000
98555  21.949  8.480  -3.958 0.2500000000
144052  20.500  9.344  -6.823 0.2500000000
99347  20.629  9.049  -7.198 0.3750000000
98556  21.272  8.232  -5.233 0.2500000000
133021  20.367  10.042  -7.123 0.2500000000
142665  24.195  -15.315  -0.793 0.1250000000
79763  23.993  -14.012  -1.623 0.1250000000
134027  29.081  -14.372  -3.731 1.0000000000
85413  24.894  -7.087  -6.067 0.8750000000
87165  26.914  -5.100  -4.931 1.0000000000
77114  24.380  -16.445  -0.261 0.1250000000
76189  26.075  -16.605  -3.084 0.6250000000
76188  26.488  -17.177  -3.158 0.7500000000
79764  23.626  -13.391  -1.217 0.1250000000
125177  27.140  -17.142  -3.534 1.0000000000
78891  24.065  -14.724  -1.169 0.1250000000
78911  28.850  -15.001  -3.985 1.0000000000
139187  29.470  -14.487  -2.976 1.0000000000
81502  23.291  -11.062  -2.294 0.3750000000
83346  22.760  -9.670  -2.268 0.2500000000
82421  22.790  -10.424  -1.857 0.2500000000
133762  29.244  -11.505  -2.569 0.8750000000
83332  28.707  -9.061  -2.071 0.8750000000
82418  29.119  -10.840  -2.395 0.8750000000
84321  28.532  -7.956  -2.097 0.8750000000
132787  22.476  -4.137  -3.501 0.1250000000
86256  22.603  -6.382  -3.527 0.3750000000
87166  23.266  -5.575  -4.895 0.6250000000
87151  27.736  -5.065  -3.185 1.0000000000
85363  28.310  -7.164  -2.644 0.8750000000
89739  22.428  -2.897  -4.167 0.5000000000
88936  22.735  -3.427  -4.518 0.3750000000
88105  23.153  -4.050  -4.990 0.8750000000
88926  27.119  -3.302  -3.873 1.0000000000
89727  27.019  -2.302  -3.132 1.0000000000
90514  26.840  -1.729  -3.638 1.0000000000
90521  26.632  -1.852  -4.348 1.0000000000
125487  22.687  0.147  -4.719 0.8750000000
92919  23.687  1.269  -5.730 1.0000000000
92917  25.200  1.109  -5.313 1.0000000000
94542  23.166  4.020  -1.316 0.1250000000
128931  22.379  3.009  -2.038 0.1250000000
94566  22.232  3.852  -4.616 0.6250000000
128047  21.818  5.240  -4.809 0.6250000000
97054  21.892  6.800  -6.637 0.5000000000
97839  21.562  7.286  -7.139 0.5000000000
97014  22.706  6.346  -2.018 0.2500000000
97807  22.056  6.994  -3.499 0.2500000000
98581  20.895  8.287  -7.386 0.5000000000
134216  20.964  8.992  -7.451 0.5000000000
99337  21.018  9.189  -5.772 0.2500000000
100166  20.331  10.869  -6.841 0.2500000000
99346  21.156  10.013  -7.539 0.3750000000
101030  20.645  11.592  -7.276 0.2500000000
99327  21.536  9.063  -4.598 0.1250000000
77122  24.452  -16.133  -0.995 0.1250000000
77133  24.688  -16.025  -1.976 0.3750000000
77121  24.972  -16.900  -1.833 0.5000000000
78039  26.493  -15.582  -3.731 0.8750000000
79785  25.594  -13.715  -4.081 1.0000000000
78047  26.981  -15.062  -4.265 1.0000000000
78037  28.487  -15.462  -4.209 1.0000000000
144825  28.725  -14.543  -4.159 1.0000000000
80654  26.353  -12.241  -5.296 1.0000000000
80659  27.112  -12.156  -5.469 1.0000000000
79783  28.985  -13.655  -3.839 1.0000000000
134022  29.438  -13.680  -3.044 1.0000000000
81513  28.628  -12.203  -4.075 1.0000000000
81522  27.982  -11.875  -4.922 1.0000000000
81523  27.373  -11.734  -5.360 1.0000000000
82439  27.574  -11.179  -5.116 1.0000000000
122537  28.735  -10.472  -2.893 1.0000000000
82442  23.771  -10.248  -3.594 0.6250000000
84366  23.803  -8.630  -4.389 0.6250000000
82450  25.046  -9.976  -5.226 1.0000000000
123094  26.800  -10.165  -5.540 1.0000000000
126794  26.264  -9.993  -5.629 1.0000000000
83386  26.005  -9.280  -5.858 1.0000000000
83373  28.196  -9.742  -4.039 1.0000000000
84385  25.106  -8.067  -5.777 1.0000000000
84396  26.206  -8.110  -6.086 1.0000000000
85381  27.688  -7.315  -4.221 1.0000000000
132566  26.949  -8.186  -5.523 1.0000000000
144927  26.906  -7.465  -5.478 1.0000000000
124144  28.371  -8.705  -2.838 0.8750000000
87173  26.390  -5.349  -5.555 1.0000000000
86307  25.707  -6.647  -6.340 1.0000000000
132395  26.428  -6.118  -5.835 1.0000000000
85423  26.210  -7.266  -6.162 1.0000000000
85412  26.562  -7.757  -5.844 1.0000000000
86269  26.907  -5.940  -5.219 1.0000000000
87157  27.610  -5.596  -3.782 1.0000000000
86271  22.982  -6.339  -4.395 0.6250000000
86270  23.668  -6.318  -5.240 0.7500000000
87175  24.756  -5.657  -6.255 1.0000000000
87187  25.479  -5.810  -6.359 1.0000000000
88113  25.358  -4.596  -6.076 1.0000000000
87174  25.797  -5.241  -6.066 1.0000000000
88942  25.590  -3.845  -5.576 1.0000000000
88104  26.630  -4.542  -4.985 1.0000000000
89738  22.955  -2.687  -4.842 0.7500000000
88935  23.424  -3.274  -5.288 1.0000000000
132132  24.049  -3.867  -5.839 1.0000000000
88943  24.795  -3.275  -5.795 1.0000000000
88934  26.281  -3.265  -5.021 1.0000000000
91320  23.042  -0.400  -5.099 0.8750000000
89743  24.368  -2.530  -5.743 1.0000000000
90531  24.681  -1.727  -5.708 1.0000000000
90530  25.484  -1.975  -5.455 1.0000000000
89737  25.896  -2.547  -5.264 1.0000000000
89742  25.118  -2.535  -5.608 1.0000000000
92127  24.836  0.351  -5.628 1.0000000000
91323  25.508  -1.145  -5.386 1.0000000000
92120  25.564  0.389  -5.138 1.0000000000
92918  24.494  1.168  -5.664 1.0000000000
92128  24.098  0.375  -5.823 1.0000000000
94536  22.749  3.199  -1.121 0.1250000000
94549  22.276  3.724  -2.678 0.1250000000
96239  22.535  5.549  -2.357 0.2500000000
94550  22.009  3.656  -3.299 0.3750000000
131410  21.764  4.835  -4.083 0.5000000000
97840  21.380  7.202  -7.006 0.5000000000
133945  21.941  6.135  -6.115 0.7500000000
134048  20.789  10.064  -6.246 0.2500000000
100176  20.408  10.808  -7.208 0.2500000000
126792  24.401  -16.985  -0.082 0.1250000000
76167  24.565  -17.183  -0.729 0.1250000000
76180  25.759  -17.077  -2.611 0.6250000000
77142  27.704  -16.600  -3.902 1.0000000000
88106  22.525  -4.137  -4.164 0.5000000000
87176  24.006  -5.567  -5.749 0.8750000000
88115  23.613  -4.773  -5.456 0.7500000000
133374  22.880  -4.840  -4.523 0.8750000000
88944  24.041  -3.084  -5.763 1.0000000000
91325  23.256  0.456  -5.400 1.0000000000
93729  24.220  2.139  -5.636 1.0000000000
127031  25.824  1.109  -4.701 1.0000000000
94544  21.905  2.986  -2.806 0.3750000000
95446  22.259  4.742  -5.026 0.7500000000
96277  22.111  5.561  -5.522 0.7500000000
95433  21.922  4.432  -4.349 0.5000000000
101025  21.131  11.788  -7.418 0.2500000000
100175  21.475  11.127  -7.400 0.3750000000
72321  28.012  -21.126  -2.126 0.7500000000
74140  29.560  -19.711  -1.293 0.7500000000
73243  27.421  -20.754  -2.313 0.7500000000
73237  26.884  -20.186  -2.379 0.7500000000
73235  28.546  -20.514  -2.045 0.7500000000
74157  28.276  -19.821  -2.506 0.7500000000
74158  27.518  -19.603  -2.692 0.7500000000
130292  29.404  -19.037  -1.846 0.7500000000
74156  28.814  -19.076  -2.496 0.7500000000
75174  26.655  -18.584  -2.722 0.7500000000
76179  26.187  -17.811  -2.693 0.6250000000
74163  28.142  -18.908  -2.923 0.7500000000
75180  27.545  -18.349  -3.196 0.8750000000
75161  29.795  -18.252  -1.582 0.7500000000
75171  29.289  -18.375  -2.377 0.7500000000
76178  28.397  -17.921  -3.253 0.8750000000
76186  28.372  -17.024  -3.608 0.8750000000
76165  29.641  -17.570  -2.118 0.7500000000
77131  29.445  -16.815  -2.701 0.8750000000
77141  28.446  -16.229  -3.980 0.8750000000
78016  29.825  -15.884  -2.134 0.7500000000
78024  29.386  -15.872  -3.034 0.8750000000
78036  28.951  -15.722  -3.744 0.8750000000
78889  30.162  -15.002  -1.726 0.8750000000
78890  29.666  -15.089  -2.563 0.8750000000
134282  29.880  -14.162  -2.191 0.8750000000
80596  30.642  -12.214  -0.224 0.3750000000
80620  30.225  -12.528  -1.062 0.6250000000
80621  29.798  -12.661  -1.834 0.7500000000
80632  29.500  -12.786  -2.663 0.7500000000
130726  30.206  -11.768  -0.787 0.5000000000
81492  29.822  -11.887  -1.422 0.7500000000
126727  29.466  -11.300  -1.843 0.7500000000
82376  30.710  -10.511  0.250 0.1250000000
82392  30.194  -10.360  -0.392 0.3750000000
81480  29.844  -11.041  -0.987 0.6250000000
82407  29.399  -10.486  -1.592 0.6250000000
83294  30.964  -9.784  0.688 0.1250000000
83313  29.878  -9.549  -0.492 0.1250000000
84305  30.170  -8.814  -0.047 0.1250000000
125967  29.325  -9.499  -1.301 0.6250000000
84320  29.068  -8.415  -1.327 0.6250000000
84294  30.675  -8.940  0.572 0.1250000000
85331  29.876  -7.306  0.194 0.1250000000
85332  29.395  -7.277  -0.492 0.1250000000
85346  28.898  -7.366  -1.239 0.5000000000
85347  28.523  -7.003  -1.944 0.7500000000
86238  28.988  -6.684  -0.855 0.5000000000
87130  28.735  -6.005  -0.962 0.5000000000
86239  28.610  -6.455  -1.495 0.6250000000
86246  28.302  -6.245  -2.359 0.7500000000
92909  21.844  1.137  -4.061 0.5000000000
92121  22.508  0.811  -4.754 0.7500000000
140907  28.071  -4.569  -1.661 0.6250000000
88084  27.837  -4.150  -2.243 0.6250000000
124156  27.610  -4.019  -2.852 0.8750000000
88910  27.725  -3.554  -2.021 0.6250000000
88919  27.497  -3.426  -2.639 0.7500000000
92908  22.333  1.512  -4.758 0.7500000000
88925  27.359  -3.650  -3.304 0.8750000000
141121  26.669  -1.219  -4.079 0.8750000000
91317  26.464  -0.506  -4.233 0.8750000000
141183  27.255  -2.750  -2.704 0.7500000000
91312  26.715  -0.804  -3.427 0.8750000000
92112  26.555  0.208  -3.673 0.8750000000
88901  27.933  -3.867  -0.746 0.3750000000
88909  27.863  -4.033  -1.550 0.5000000000
89718  27.484  -2.822  -2.022 0.5000000000
90507  27.084  -2.117  -2.401 0.6250000000
89712  27.740  -3.123  -0.414 0.2500000000
88902  27.641  -3.377  -1.348 0.3750000000
93720  21.913  2.115  -4.324 0.6250000000
93719  22.589  2.143  -5.174 0.7500000000
92920  22.900  1.376  -5.342 0.8750000000
93730  23.264  2.101  -5.614 0.8750000000
92905  26.353  1.087  -3.985 0.8750000000
90508  26.846  -1.512  -2.878 0.7500000000
89713  27.367  -2.627  -1.031 0.3750000000
90493  27.096  -1.998  -1.549 0.5000000000
126384  26.702  0.033  -2.827 0.7500000000
93718  25.025  2.428  -5.205 0.8750000000
94563  24.439  3.165  -5.332 0.7500000000
93717  25.584  2.507  -4.544 0.8750000000
92894  26.306  1.821  -3.509 0.7500000000
91306  26.744  -0.750  -2.631 0.5000000000
92080  27.274  0.601  -0.412 0.2500000000
91299  26.892  -0.235  -1.129 0.5000000000
90501  26.806  -1.166  -1.955 0.5000000000
90486  27.233  -1.329  0.213 0.2500000000
131443  21.897  3.039  -4.151 0.5000000000
94571  22.739  4.116  -5.299 0.6250000000
94570  23.346  3.895  -5.526 0.7500000000
94564  24.089  4.085  -5.273 0.7500000000
95432  23.477  4.533  -5.431 0.7500000000
95431  24.998  3.870  -4.582 0.7500000000
138621  23.893  4.902  -5.161 0.7500000000
141656  25.486  3.980  -3.903 0.7500000000
94555  26.056  3.147  -3.310 0.7500000000
93694  26.599  2.403  -2.330 0.5000000000
94547  26.408  3.324  -2.459 0.3750000000
93704  26.293  2.512  -3.040 0.6250000000
92092  26.981  0.667  -1.316 0.2500000000
92871  26.977  1.516  -1.503 0.3750000000
93683  26.873  2.177  -1.729 0.3750000000
95445  22.531  5.125  -5.439 0.6250000000
95444  22.931  4.906  -5.552 0.7500000000
96264  23.569  5.618  -5.254 0.7500000000
96263  24.332  5.515  -4.565 0.7500000000
96251  24.882  5.325  -3.948 0.7500000000
95409  25.664  4.939  -2.966 0.6250000000
128970  26.354  4.219  -2.189 0.3750000000
95408  26.094  4.876  -2.309 0.3750000000
92862  27.338  1.475  -0.660 0.1250000000
94540  27.327  3.478  -0.893 0.1250000000
94541  26.867  2.964  -1.632 0.2500000000
96275  22.732  5.811  -5.761 0.6250000000
97045  23.197  6.309  -5.604 0.7500000000
97044  24.036  6.295  -4.660 0.6250000000
97036  24.795  6.199  -3.638 0.7500000000
96238  25.831  5.615  -2.412 0.3750000000
96250  25.315  5.510  -3.226 0.3750000000
127600  25.294  4.639  -3.777 0.7500000000
95397  26.691  4.859  -1.598 0.2500000000
94548  25.872  4.052  -3.126 0.6250000000
95396  28.399  4.877  -0.899 0.1250000000
95389  27.476  4.393  -0.929 0.1250000000
94534  27.893  3.052  -0.373 0.1250000000
133008  22.194  6.360  -6.104 0.6250000000
97053  22.239  6.467  -6.219 0.6250000000
97827  23.679  7.068  -4.972 0.3750000000
97817  24.429  7.121  -3.886 0.3750000000
97804  25.910  7.682  -2.087 0.2500000000
97026  25.491  6.348  -2.633 0.3750000000
97011  27.914  6.527  -1.481 0.1250000000
96237  26.472  5.572  -1.764 0.3750000000
95387  29.004  4.174  -0.500 0.1250000000
128182  27.427  5.170  -1.231 0.1250000000
99345  21.907  8.935  -7.091 0.3750000000
97838  21.997  6.968  -6.915 0.3750000000
97828  22.880  7.215  -5.976 0.3750000000
143864  23.620  8.527  -4.704 0.3750000000
98566  23.319  7.801  -5.443 0.3750000000
98545  24.798  8.919  -2.918 0.3750000000
143998  24.423  8.375  -3.489 0.3750000000
98565  24.085  7.945  -4.193 0.3750000000
98544  25.957  8.328  -2.100 0.3750000000
132810  25.840  7.032  -2.168 0.3750000000
97805  24.693  7.958  -3.241 0.3750000000
97803  28.387  8.022  -2.010 0.1250000000
97012  27.295  6.931  -1.599 0.1250000000
98543  26.708  8.170  -1.824 0.2500000000
97010  28.744  6.471  -1.593 0.1250000000
100165  23.228  10.346  -5.308 0.2500000000
99324  24.206  9.642  -3.572 0.2500000000
99325  23.507  9.391  -4.644 0.3750000000
100140  25.780  10.145  -2.881 0.1250000000
98554  24.064  8.779  -3.814 0.3750000000
99311  26.467  9.605  -2.530 0.1250000000
99312  25.754  8.938  -2.328 0.2500000000
99321  28.010  9.603  -3.185 0.1250000000
122102  26.660  8.962  -1.952 0.1250000000
100174  22.120  10.221  -6.745 0.3750000000
99336  22.816  9.489  -6.026 0.3750000000
101004  23.782  11.079  -4.508 0.2500000000
100154  25.151  10.729  -3.324 0.1250000000
101002  25.404  11.490  -3.766 0.1250000000
100153  26.029  10.796  -3.357 0.1250000000
125271  28.723  8.786  -3.560 0.1250000000
100152  27.294  10.806  -3.993 0.1250000000
101785  24.798  13.125  -5.328 0.1250000000
101014  27.260  11.614  -4.729 0.1250000000
120384  26.383  12.280  -4.646 0.1250000000
99344  28.550  9.390  -5.068 0.1250000000
98564  28.745  8.880  -4.560 0.1250000000
77140  28.987  -16.517  -3.480 0.8750000000
134026  30.388  -14.183  -1.265 0.6250000000
87131  28.382  -5.189  -1.184 0.6250000000
136912  27.117  -1.914  -0.662 0.3750000000
94565  22.479  3.038  -5.004 0.6250000000
93731  22.919  2.722  -5.514 0.8750000000
94569  23.551  2.992  -5.643 0.8750000000
94562  25.197  3.078  -4.824 0.7500000000
94556  25.645  3.319  -4.049 0.7500000000
93705  26.018  2.533  -3.809 0.7500000000
92093  26.756  0.760  -2.153 0.5000000000
92872  26.684  1.615  -2.255 0.5000000000
92104  26.545  1.052  -3.027 0.7500000000
98541  28.247  8.855  -2.531 0.1250000000
100155  24.393  10.509  -3.657 0.2500000000
101001  26.415  11.456  -3.949 0.1250000000
137809  28.235  9.959  -4.670 0.1250000000
83344  28.954  -10.015  -2.196 0.7500000000
144856  27.230  9.819  -2.906 0.1250000000
89706  28.090  -2.666  0.510 0.1250000000
72304  28.508  -22.123  -1.171 0.7500000000
72314  27.911  -21.861  -1.770 0.7500000000
72315  27.221  -21.442  -2.032 0.7500000000
73236  26.755  -20.903  -2.109 0.7500000000
141458  29.508  -21.149  -0.526 0.7500000000
73234  29.157  -20.475  -1.495 0.7500000000
74139  30.116  -19.547  -0.456 0.7500000000
134767  26.772  -19.395  -2.519 0.7500000000
75148  29.944  -18.934  -1.039 0.6250000000
76164  30.179  -17.473  -1.286 0.7500000000
78009  30.437  -15.795  -1.140 0.6250000000
78879  30.526  -14.905  -0.977 0.5000000000
134023  30.777  -14.331  -0.439 0.3750000000
79739  30.978  -12.949  0.126 0.1250000000
81463  30.971  -11.410  0.373 0.1250000000
82375  31.346  -10.641  0.909 0.1250000000
83293  31.411  -9.860  1.190 0.1250000000
84284  31.527  -8.616  1.697 0.1250000000
84293  30.899  -8.194  1.161 0.1250000000
85317  30.473  -7.348  0.829 0.1250000000
92122  22.091  0.297  -4.057 0.3750000000
86219  29.992  -6.571  0.596 0.1250000000
87124  28.957  -5.611  -0.380 0.1250000000
88074  28.599  -4.903  -0.396 0.2500000000
88075  28.125  -4.524  -0.990 0.2500000000
92896  21.361  1.539  -3.289 0.5000000000
89707  27.447  -2.305  -0.074 0.2500000000
92066  27.681  0.468  0.409 0.1250000000
93674  27.797  2.205  -0.166 0.1250000000
93673  28.411  2.734  -0.015 0.1250000000
128726  21.790  3.022  -3.423 0.3750000000
94533  28.690  3.405  -0.212 0.1250000000
95395  29.423  4.854  -0.972 0.1250000000
97802  29.107  7.551  -2.560 0.1250000000
97826  29.607  7.685  -4.470 0.1250000000
96225  22.974  5.651  -1.714 0.1250000000
101018  22.751  11.522  -6.084 0.2500000000
101017  23.912  12.269  -5.028 0.1250000000
140714  23.789  13.350  -6.078 0.1250000000
101784  25.904  13.359  -5.297 0.1250000000
100164  27.893  10.648  -4.690 0.1250000000
98572  28.972  8.641  -5.455 0.1250000000
124461  28.422  10.250  -5.526 0.1250000000
88093  27.808  -4.611  -2.698 0.7500000000
87150  28.068  -5.344  -2.523 0.7500000000
92119  26.186  0.334  -4.465 0.8750000000
78899  29.262  -15.106  -3.369 0.8750000000
75181  26.949  -17.816  -3.240 0.7500000000
76187  27.696  -17.514  -3.523 0.8750000000
81493  29.499  -12.037  -2.220 0.7500000000
89731  27.170  -3.011  -3.251 0.8750000000
92907  24.906  1.742  -5.410 0.8750000000
92906  25.452  1.802  -4.946 0.8750000000
101024  21.987  12.261  -7.283 0.1250000000
73242  28.024  -20.520  -2.378 0.7500000000
72313  28.686  -21.282  -1.545 0.7500000000
73224  29.270  -21.020  -1.057 0.7500000000
73223  29.690  -20.418  -0.654 0.7500000000
74150  28.992  -19.797  -2.026 0.7500000000
75172  28.757  -18.419  -2.851 0.7500000000
75175  25.738  -18.349  -2.112 0.6250000000
75173  27.347  -18.980  -2.834 0.7500000000
76177  29.124  -17.761  -2.855 0.8750000000
76185  28.931  -17.251  -3.270 0.8750000000
77120  30.000  -16.715  -1.707 0.7500000000
79762  29.748  -13.335  -2.240 0.7500000000
79752  30.598  -13.334  -0.601 0.2500000000
79761  30.149  -13.369  -1.546 0.6250000000
81464  30.445  -11.212  -0.297 0.2500000000
80595  31.251  -12.291  0.495 0.1250000000
82393  29.686  -10.202  -0.905 0.6250000000
83287  31.200  -9.133  1.141 0.1250000000
83312  30.452  -9.651  0.096 0.1250000000
84306  29.576  -8.715  -0.646 0.5000000000
124263  29.800  -8.018  -0.197 0.1250000000
124469  30.364  -8.092  0.395 0.1250000000
134768  29.351  -7.945  -0.750 0.5000000000
86228  29.376  -6.457  -0.222 0.1250000000
87141  28.372  -5.657  -1.768 0.6250000000
88083  28.129  -4.897  -2.053 0.6250000000
128664  22.970  3.337  -5.520 0.6250000000
135071  26.837  -1.184  -0.844 0.3750000000
92885  26.465  1.873  -2.824 0.6250000000
91300  26.770  -0.141  -2.015 0.5000000000
91290  27.127  -0.310  -0.109 0.1250000000
143070  23.280  5.112  -5.485 0.7500000000
95421  24.596  4.726  -4.562 0.7500000000
93682  27.263  2.421  -0.949 0.3750000000
122665  26.819  3.986  -1.506 0.3750000000
95388  28.119  3.948  -0.509 0.1250000000
137588  25.196  7.286  -2.767 0.3750000000
96223  27.196  6.024  -1.446 0.2500000000
96221  29.061  5.606  -1.279 0.1250000000
98573  22.282  7.700  -6.744 0.3750000000
131888  26.325  6.441  -1.866 0.2500000000
96222  28.136  5.799  -1.297 0.1250000000
97789  28.151  7.212  -1.670 0.1250000000
123040  22.992  8.627  -5.838 0.3750000000
100141  24.898  9.962  -2.919 0.3750000000
138240  25.294  8.190  -2.564 0.3750000000
97025  28.764  7.204  -1.973 0.1250000000
98553  28.803  8.257  -2.787 0.1250000000
97790  27.519  7.786  -1.696 0.1250000000
98542  27.573  8.621  -1.917 0.1250000000
97009  29.527  6.067  -1.656 0.1250000000
97024  29.493  6.694  -2.203 0.1250000000
101003  24.554  11.390  -3.965 0.2500000000
99323  26.637  10.217  -3.072 0.1250000000
100151  27.847  10.086  -4.001 0.1250000000
99310  27.446  9.334  -2.415 0.1250000000
99335  28.369  9.455  -4.133 0.1250000000
101016  24.841  12.089  -4.359 0.1250000000
101015  25.612  12.280  -4.437 0.1250000000
128427  26.764  10.678  -3.550 0.1250000000
99322  27.345  10.208  -3.427 0.1250000000
72303  29.124  -21.631  -0.833 0.7500000000
71450  27.816  -22.461  -1.374 0.7500000000
74159  26.016  -19.131  -2.103 0.5000000000
77113  30.514  -16.745  -0.806 0.6250000000
87117  30.131  -5.818  1.123 0.1250000000
92852  27.737  1.343  0.156 0.1250000000
97035  29.763  7.088  -3.105 0.1250000000
97816  29.350  7.884  -3.542 0.1250000000
71451  27.036  -22.221  -1.579 0.7500000000
122020  26.069  -20.486  -1.748 0.5000000000
71439  29.089  -22.387  -0.382 0.6250000000
124434  29.624  -22.188  0.283 0.6250000000
73204  30.602  -20.840  0.889 0.3750000000
73214  29.914  -20.946  0.095 0.6250000000
73212  30.999  -19.928  0.914 0.2500000000
73213  30.338  -20.139  0.207 0.3750000000
93695  21.455  2.307  -2.968 0.2500000000
132649  30.391  -18.848  -0.321 0.5000000000
76158  30.549  -17.408  -0.557 0.5000000000
72282  31.133  -21.143  1.649 0.5000000000
72293  30.045  -21.629  0.564 0.6250000000
70511  28.863  -23.559  0.339 0.6250000000
73238  25.604  -21.020  -1.040 0.3750000000
71452  26.310  -22.085  -1.183 0.3750000000
71432  28.815  -23.076  -0.160 0.6250000000
71440  28.266  -22.902  -0.777 0.6250000000
71441  27.351  -22.905  -1.051 0.6250000000
72272  31.059  -22.007  2.080 0.3750000000
71422  30.011  -22.332  0.888 0.5000000000
71431  29.420  -22.885  0.444 0.6250000000
73225  25.302  -20.216  -0.949 0.2500000000
74130  31.323  -19.278  1.020 0.2500000000
73203  31.229  -20.424  1.411 0.2500000000
141269  25.516  -17.631  -2.150 0.3750000000
75139  30.766  -18.364  0.164 0.2500000000
137817  30.752  -17.728  -0.057 0.3750000000
128662  30.976  -17.018  0.088 0.2500000000
126353  30.923  -16.096  -0.169 0.2500000000
77998  30.862  -15.205  -0.319 0.2500000000
82408  22.514  -10.335  -1.172 0.1250000000
85383  22.601  -7.246  -2.973 0.2500000000
126418  31.111  -13.732  0.143 0.2500000000
131643  22.499  -4.890  -3.759 0.3750000000
90524  22.434  -2.078  -4.222 0.2500000000
123975  22.298  -8.952  -1.741 0.1250000000
76166  25.095  -17.868  -1.443 0.2500000000
87167  22.580  -5.624  -4.080 0.3750000000
75147  30.359  -18.138  -0.691 0.5000000000
72316  26.357  -21.455  -1.634 0.5000000000
72294  29.551  -21.665  -0.132 0.6250000000
78866  31.257  -14.610  0.264 0.2500000000
74152  25.632  -19.672  -1.534 0.3750000000
74151  26.271  -19.779  -2.075 0.3750000000
74124  31.643  -19.702  1.591 0.2500000000
74131  30.739  -19.227  0.368 0.3750000000
72283  30.543  -21.752  1.292 0.5000000000
72317  25.869  -21.674  -0.979 0.3750000000
140798  30.426  -22.533  1.573 0.3750000000
143017  29.913  -22.931  1.159 0.5000000000
76148  31.204  -17.759  0.528 0.2500000000
77105  31.445  -16.351  0.600 0.2500000000
81495  22.872  -11.091  -1.254 0.1250000000
69570  27.608  -24.691  0.328 0.5000000000
70499  30.192  -23.286  1.746 0.2500000000
69555  29.236  -24.439  1.423 0.3750000000
71423  29.464  -23.612  1.125 0.5000000000
69578  27.789  -24.131  -0.096 0.5000000000
68643  27.137  -25.216  0.528 0.3750000000
70520  26.596  -23.978  -0.108 0.5000000000
70519  27.634  -23.483  -0.568 0.5000000000
134975  27.217  -23.902  -0.329 0.5000000000
125755  26.887  -23.411  -0.632 0.3750000000
68631  26.011  -25.895  1.104 0.1250000000
68644  26.382  -25.284  0.703 0.3750000000
70512  26.138  -23.181  -0.299 0.2500000000
66712  26.721  -28.041  1.834 0.1250000000
67698  26.746  -26.022  0.896 0.2500000000
68630  27.541  -25.994  1.125 0.3750000000
70500  29.856  -24.046  1.913 0.2500000000
68628  29.050  -25.157  1.683 0.3750000000
69556  28.572  -24.850  1.062 0.5000000000
66728  25.892  -27.050  1.635 0.1250000000
68629  28.336  -25.551  1.354 0.3750000000
141819  25.259  -24.979  1.552 0.1250000000
124033  25.209  -23.344  0.962 0.1250000000
88069  28.391  -4.257  -0.329 0.1250000000
71442  26.535  -22.719  -0.938 0.3750000000
70518  28.308  -23.553  -0.234 0.5000000000
69568  28.786  -24.182  0.749 0.5000000000
71443  25.783  -22.303  -0.505 0.2500000000
72305  25.375  -21.487  -0.354 0.2500000000
71411  30.757  -22.849  2.244 0.2500000000
68642  27.883  -25.178  0.736 0.5000000000
69569  28.165  -24.547  0.438 0.5000000000
69579  27.172  -24.427  0.059 0.5000000000
69544  29.559  -24.713  2.021 0.3750000000
69571  26.629  -24.632  0.329 0.2500000000
140991  26.294  -24.267  0.277 0.1250000000
132710  25.838  -23.792  0.390 0.1250000000
67683  26.310  -26.601  1.289 0.1250000000
67684  25.604  -26.410  1.656 0.1250000000
68632  25.387  -25.637  1.606 0.1250000000
71433  25.495  -22.838  0.268 0.1250000000
66713  25.938  -27.702  1.826 0.1250000000
66727  26.516  -27.283  1.525 0.1250000000
67682  27.011  -26.763  1.236 0.3750000000
68616  29.555  -25.390  2.427 0.2500000000
69572  26.015  -24.610  0.592 0.1250000000
69573  25.386  -24.313  1.139 0.1250000000
66725  27.719  -26.900  1.658 0.2500000000
67667  28.539  -26.596  2.134 0.2500000000
75162  25.248  -18.835  -1.300 0.2500000000
66726  27.106  -27.391  1.567 0.1250000000
138560  28.185  -26.204  1.609 0.2500000000
75149  24.757  -19.040  -0.420 0.1250000000
91313  21.725  -0.383  -3.402 0.1250000000
90525  22.131  -1.208  -3.736 0.1250000000
91307  21.467  -0.238  -2.840 0.1250000000
92105  21.355  0.657  -2.725 0.1250000000
92113  21.425  0.505  -3.311 0.1250000000
91302  21.835  -0.059  -1.951 0.1250000000
93685  21.894  2.234  -2.218 0.1250000000
90516  21.635  -1.096  -3.043 0.1250000000
92095  21.702  0.814  -2.015 0.1250000000
92094  21.501  0.573  -1.200 0.1250000000
92081  21.580  0.429  -0.381 0.1250000000
89733  22.231  -2.722  -3.541 0.1250000000
90515  21.979  -1.923  -3.271 0.1250000000
85364  22.134  -7.150  -1.996 0.1250000000
120760  24.787  -19.858  -0.126 0.1250000000
89728  22.162  -2.486  -2.945 0.1250000000
90509  21.891  -1.620  -2.774 0.1250000000
90504  21.799  -0.855  -1.506 0.1250000000
91292  21.761  -0.184  -0.115 0.1250000000
92863  21.719  1.040  0.005 0.1250000000
92873  21.584  1.304  -0.727 0.1250000000
92886  21.493  1.502  -2.495 0.1250000000
74153  25.108  -19.521  -0.845 0.1250000000
87158  22.550  -5.692  -3.249 0.1250000000
125591  24.495  -18.572  -0.037 0.1250000000
137098  24.550  -19.268  0.152 0.1250000000
90510  21.824  -0.896  -2.412 0.1250000000
91301  21.516  -0.290  -0.900 0.1250000000
90497  21.659  -0.735  -0.808 0.1250000000
92874  21.698  1.460  -1.634 0.1250000000
92853  21.788  1.351  0.766 0.1250000000
71410  31.305  -22.557  2.603 0.1250000000
72270  32.139  -20.965  2.630 0.1250000000
73194  31.676  -20.542  2.015 0.1250000000
125980  31.704  -18.983  1.379 0.1250000000
75138  31.372  -18.548  0.881 0.1250000000
76136  31.701  -17.797  1.179 0.1250000000
77092  32.446  -16.992  1.825 0.1250000000
77093  31.934  -16.604  1.268 0.1250000000
128015  31.556  -17.124  0.849 0.1250000000
78853  32.298  -15.228  1.578 0.1250000000
77997  31.360  -15.490  0.412 0.1250000000
78854  31.760  -14.894  0.962 0.1250000000
139225  30.342  -25.201  3.052 0.1250000000
68617  28.795  -25.843  1.968 0.1250000000
69543  30.122  -24.572  2.515 0.1250000000
69534  30.787  -24.384  3.105 0.1250000000
70486  31.139  -23.123  2.734 0.1250000000
72255  32.485  -21.533  3.236 0.1250000000
72256  32.236  -22.270  3.330 0.1250000000
137374  32.420  -19.828  2.412 0.1250000000
75130  32.444  -18.342  1.988 0.1250000000
76135  32.233  -17.745  1.670 0.1250000000
131162  32.915  -17.095  2.359 0.1250000000
77974  32.764  -15.568  2.203 0.1250000000
133773  31.626  -13.997  0.815 0.1250000000
79729  31.991  -13.340  1.270 0.1250000000
136543  32.254  -14.242  1.499 0.1250000000
79738  31.469  -13.134  0.654 0.1250000000
72271  31.785  -21.930  2.775 0.1250000000
70487  30.581  -23.693  2.511 0.1250000000
70476  31.265  -23.649  3.149 0.1250000000
71400  31.718  -22.853  3.171 0.1250000000
75131  31.935  -18.398  1.516 0.1250000000
74123  32.160  -19.023  1.846 0.1250000000
140567  31.978  -17.251  1.380 0.1250000000
77983  32.369  -16.108  1.700 0.1250000000
77984  31.844  -15.784  1.112 0.1250000000
78844  32.727  -14.734  2.103 0.1250000000
68606  30.567  -25.720  3.514 0.1250000000
73183  32.784  -20.622  3.126 0.1250000000
79728  32.537  -13.461  1.812 0.1250000000
68645  25.727  -25.145  1.068 0.1250000000
78045  28.166  -15.163  -4.437 1.0000000000
78912  28.436  -14.722  -4.389 1.0000000000
78921  26.670  -14.359  -4.452 1.0000000000
81515  23.682  -11.570  -2.701 0.3750000000
81529  26.803  -11.519  -5.540 1.0000000000
83384  27.090  -9.528  -5.399 1.0000000000
84382  26.873  -8.878  -5.540 1.0000000000
84383  26.548  -8.539  -5.790 1.0000000000
85398  24.307  -7.614  -5.372 0.8750000000
86287  26.592  -6.848  -5.720 1.0000000000
86289  24.395  -6.309  -5.918 1.0000000000
88114  24.545  -4.788  -6.144 1.0000000000
88121  25.224  -5.192  -6.322 1.0000000000
92895  25.970  1.824  -4.266 0.7500000000
93706  21.622  2.405  -3.575 0.5000000000
94543  22.704  3.881  -1.932 0.1250000000
94557  21.909  3.716  -3.904 0.5000000000
95411  22.115  4.233  -3.176 0.3750000000
95422  21.945  4.280  -3.715 0.5000000000
96252  21.679  5.493  -4.158 0.2500000000
96276  22.447  5.822  -5.726 0.6250000000
97046  21.699  6.893  -5.969 0.5000000000
97055  21.903  6.666  -6.467 0.5000000000
97791  26.559  7.362  -1.788 0.2500000000
98567  20.742  8.561  -6.615 0.2500000000
98574  21.409  7.923  -7.352 0.5000000000
98575  20.821  8.008  -7.213 0.5000000000
99355  20.614  9.991  -7.374 0.3750000000
100156  23.751  10.224  -4.162 0.2500000000
100181  20.758  10.873  -7.546 0.2500000000
101026  20.445  11.581  -6.970 0.2500000000
123129  27.637  -20.196  -2.523 0.7500000000
123872  22.290  7.835  -3.245 0.1250000000
127220  32.607  -18.906  2.281 0.1250000000
128277  22.372  -9.696  -1.439 0.2500000000
129413  25.715  -9.796  -5.594 1.0000000000
130628  27.466  -6.897  -4.531 1.0000000000
132727  28.369  -24.001  0.217 0.5000000000
133477  32.745  -14.043  2.076 0.1250000000
135167  31.558  -21.318  2.249 0.3750000000
136431  21.119  7.697  -7.287 0.5000000000
140929  27.074  4.621  -1.268 0.1250000000
142260  23.855  3.536  -5.548 0.7500000000
142298  25.559  7.862  -2.358 0.3750000000
142614  27.918  -11.278  -4.779 1.0000000000
142778  21.595  6.838  -4.279 0.2500000000
142839  21.770  7.368  -7.187 0.5000000000
143173  26.935  5.442  -1.443 0.2500000000
143660  25.542  9.507  -2.618 0.2500000000
