#!ascii label  , from subject sub-fsm27uz vox2ras=TkReg
1585
41962  8.780  -30.657  87.769 0.0000000000
61913  41.735  -10.565  61.523 0.0000000000
46050  27.189  -25.810  78.807 0.0000000000
51974  30.533  -20.499  81.541 0.0000000000
140936  19.387  -26.065  79.884 0.0000000000
47066  15.883  -26.374  87.845 0.0000000000
70600  49.948  -1.970  52.975 0.0000000000
69541  50.141  -1.544  64.439 0.0000000000
126912  32.194  -17.392  72.744 0.0000000000
72480  51.920  0.424  47.207 0.0000000000
45944  26.588  -26.520  84.487 0.0000000000
45897  11.853  -27.150  87.187 0.0000000000
68682  51.175  -3.222  59.100 0.0000000000
67767  44.962  -4.453  58.218 0.0000000000
59954  42.786  -13.020  67.494 0.0000000000
62846  47.118  -10.054  67.030 0.0000000000
58982  37.996  -14.176  66.600 0.0000000000
136778  28.341  -20.619  75.646 0.0000000000
48085  31.265  -24.597  79.240 0.0000000000
124664  22.888  -26.929  84.930 0.0000000000
47045  21.322  -26.118  89.123 0.0000000000
47113  17.906  -25.953  83.494 0.0000000000
45988  13.815  -27.599  82.701 0.0000000000
117536  23.268  -26.947  80.170 0.0000000000
72437  54.548  1.391  53.330 0.0000000000
72391  55.180  1.954  59.869 0.0000000000
64813  46.346  -7.181  62.386 0.0000000000
57804  37.894  -14.892  72.815 0.0000000000
55907  29.979  -17.810  77.031 0.0000000000
69722  50.904  -2.065  48.898 0.0000000000
69704  56.827  -2.224  49.223 0.0000000000
71611  58.542  0.247  45.950 0.0000000000
45889  26.874  -26.120  87.587 0.0000000000
43902  10.219  -29.077  87.016 0.0000000000
45864  10.676  -26.733  90.186 0.0000000000
43833  9.478  -28.517  90.613 0.0000000000
128910  44.087  -3.377  55.314 0.0000000000
140931  42.898  -13.873  69.923 0.0000000000
121425  45.222  -12.352  69.783 0.0000000000
39129  5.539  -33.865  90.445 0.0000000000
59014  37.455  -13.863  63.446 0.0000000000
120169  27.517  -25.350  75.785 0.0000000000
48096  30.044  -24.899  76.953 0.0000000000
47158  29.915  -26.134  78.958 0.0000000000
141428  21.109  -26.763  82.893 0.0000000000
45950  20.297  -26.561  84.629 0.0000000000
47122  19.057  -25.972  82.549 0.0000000000
46040  21.647  -26.819  79.843 0.0000000000
118632  22.737  -26.954  82.612 0.0000000000
47048  18.835  -26.335  88.626 0.0000000000
71555  51.987  -0.480  53.806 0.0000000000
73283  54.588  2.522  56.559 0.0000000000
71541  52.506  -0.845  56.372 0.0000000000
69571  49.950  -1.971  62.586 0.0000000000
70522  52.710  -1.417  62.829 0.0000000000
127390  41.026  -9.167  58.629 0.0000000000
64858  43.348  -7.489  58.965 0.0000000000
62947  44.025  -8.993  62.203 0.0000000000
56000  32.679  -16.527  69.667 0.0000000000
56925  35.647  -15.557  69.772 0.0000000000
55961  35.294  -16.199  73.165 0.0000000000
124314  29.701  -20.419  78.456 0.0000000000
53806  28.811  -18.412  76.652 0.0000000000
53766  30.240  -18.567  79.072 0.0000000000
69701  47.258  -2.109  50.580 0.0000000000
70655  47.724  -0.906  48.607 0.0000000000
69683  50.261  -2.501  51.768 0.0000000000
69664  53.044  -2.298  52.429 0.0000000000
133607  55.700  1.227  45.131 0.0000000000
118041  54.940  0.703  46.505 0.0000000000
70660  57.480  -1.451  46.817 0.0000000000
70662  54.527  -0.973  47.521 0.0000000000
118909  26.838  -26.367  82.078 0.0000000000
45977  28.886  -26.825  81.842 0.0000000000
44909  28.980  -27.666  84.580 0.0000000000
47067  13.737  -26.438  87.717 0.0000000000
47015  15.345  -25.922  90.569 0.0000000000
47035  12.976  -25.970  89.788 0.0000000000
69652  46.909  -3.021  53.147 0.0000000000
69619  50.133  -2.544  55.599 0.0000000000
122761  47.701  -3.482  56.102 0.0000000000
67757  47.595  -4.217  58.559 0.0000000000
68658  47.053  -3.462  61.175 0.0000000000
60922  42.390  -11.712  64.357 0.0000000000
62893  44.694  -10.005  64.459 0.0000000000
60905  45.226  -11.344  66.883 0.0000000000
54837  29.419  -17.336  72.632 0.0000000000
53734  31.205  -18.299  82.725 0.0000000000
39999  7.479  -32.356  87.355 0.0000000000
41937  8.017  -30.521  90.130 0.0000000000
39976  6.295  -32.396  90.355 0.0000000000
60966  40.075  -11.903  61.310 0.0000000000
134523  40.519  -13.106  64.113 0.0000000000
58979  40.676  -13.845  67.004 0.0000000000
58916  40.507  -13.917  69.925 0.0000000000
50157  28.668  -22.611  74.438 0.0000000000
50125  30.049  -22.362  77.335 0.0000000000
50092  30.799  -22.354  80.741 0.0000000000
139164  31.323  -26.975  82.104 0.0000000000
48059  31.826  -24.650  82.611 0.0000000000
45891  24.066  -26.383  87.415 0.0000000000
47027  23.775  -25.895  90.049 0.0000000000
45892  21.690  -26.560  87.484 0.0000000000
47077  19.274  -26.419  86.567 0.0000000000
47092  16.830  -26.146  85.537 0.0000000000
47136  16.717  -25.889  81.570 0.0000000000
47115  16.095  -26.354  83.022 0.0000000000
47094  14.996  -26.467  85.094 0.0000000000
45933  12.967  -27.109  85.197 0.0000000000
43923  11.366  -28.522  85.081 0.0000000000
42980  9.839  -29.998  84.969 0.0000000000
47205  25.768  -25.670  76.759 0.0000000000
46065  23.616  -26.632  77.222 0.0000000000
46036  25.159  -26.518  79.289 0.0000000000
45980  25.119  -26.794  82.461 0.0000000000
45946  24.719  -26.875  84.567 0.0000000000
72398  56.832  1.983  58.409 0.0000000000
71519  52.831  -0.715  59.239 0.0000000000
138535  42.926  -5.716  57.362 0.0000000000
65739  45.538  -6.050  60.212 0.0000000000
66733  48.846  -5.359  63.440 0.0000000000
63877  47.309  -8.294  65.227 0.0000000000
65684  48.778  -6.727  65.326 0.0000000000
57871  35.012  -15.030  66.640 0.0000000000
123454  37.549  -14.487  69.782 0.0000000000
58858  40.007  -14.285  73.184 0.0000000000
55942  28.254  -17.365  74.730 0.0000000000
54785  31.731  -17.398  75.241 0.0000000000
55872  32.055  -17.080  80.117 0.0000000000
138481  33.191  -17.006  78.176 0.0000000000
55938  34.352  -16.777  75.044 0.0000000000
56861  36.766  -15.998  75.819 0.0000000000
57759  40.093  -14.546  76.042 0.0000000000
71592  52.033  -0.236  47.832 0.0000000000
117798  53.937  -2.569  49.209 0.0000000000
70613  56.000  -1.046  52.051 0.0000000000
45878  27.137  -26.731  88.396 0.0000000000
120642  9.848  -29.476  87.359 0.0000000000
43871  10.104  -28.642  88.559 0.0000000000
42914  9.324  -29.481  89.235 0.0000000000
57815  43.343  -14.382  71.333 0.0000000000
58894  44.494  -13.806  71.454 0.0000000000
37392  4.997  -35.785  89.788 0.0000000000
47175  27.607  -25.704  78.044 0.0000000000
47174  28.633  -25.802  78.001 0.0000000000
134285  28.431  -26.188  79.312 0.0000000000
46005  20.625  -26.621  81.684 0.0000000000
47132  19.851  -26.342  82.050 0.0000000000
47133  19.043  -25.928  81.481 0.0000000000
46054  20.563  -26.414  78.623 0.0000000000
46025  20.784  -26.638  80.734 0.0000000000
46004  21.405  -26.808  81.402 0.0000000000
47050  17.257  -26.386  88.484 0.0000000000
117530  16.804  -26.218  89.836 0.0000000000
71566  50.975  -1.269  53.249 0.0000000000
138666  52.154  -0.408  54.375 0.0000000000
70578  51.061  -1.438  54.782 0.0000000000
70508  49.620  -1.630  63.355 0.0000000000
70506  51.112  -1.066  63.917 0.0000000000
61924  41.740  -9.809  60.307 0.0000000000
63946  43.010  -8.892  60.440 0.0000000000
62929  42.997  -9.784  62.086 0.0000000000
54853  31.348  -17.435  71.171 0.0000000000
134232  32.772  -16.863  71.301 0.0000000000
55975  33.623  -16.534  71.277 0.0000000000
55963  33.544  -16.791  72.514 0.0000000000
127905  30.178  -21.111  80.058 0.0000000000
52893  29.837  -19.264  78.617 0.0000000000
52884  30.465  -19.312  80.308 0.0000000000
119782  48.020  -2.253  52.016 0.0000000000
135166  49.100  -2.335  51.571 0.0000000000
70618  50.163  -1.801  52.896 0.0000000000
136534  51.263  -1.222  52.889 0.0000000000
118466  53.139  0.438  45.384 0.0000000000
117852  53.469  0.349  47.076 0.0000000000
71614  54.773  0.381  46.953 0.0000000000
72471  53.295  0.106  47.358 0.0000000000
45961  26.913  -26.475  83.685 0.0000000000
45960  28.269  -26.844  83.221 0.0000000000
118703  27.775  -26.734  84.996 0.0000000000
45896  12.409  -26.789  87.366 0.0000000000
137387  13.511  -26.165  89.168 0.0000000000
45883  12.108  -26.581  88.617 0.0000000000
45854  9.971  -26.270  91.702 0.0000000000
46999  11.520  -25.493  92.060 0.0000000000
68764  45.894  -3.279  53.117 0.0000000000
68742  47.483  -3.219  54.916 0.0000000000
68754  45.332  -3.690  53.803 0.0000000000
135372  44.811  -3.952  56.874 0.0000000000
125520  45.845  -4.088  56.821 0.0000000000
67765  46.181  -4.253  58.385 0.0000000000
68686  47.449  -3.632  59.740 0.0000000000
67758  46.166  -3.986  59.605 0.0000000000
59968  42.950  -12.147  65.710 0.0000000000
60914  43.576  -11.648  65.554 0.0000000000
60898  44.098  -12.036  67.001 0.0000000000
131845  46.397  -2.538  51.934 0.0000000000
39982  7.281  -31.786  89.064 0.0000000000
39983  6.735  -32.564  89.022 0.0000000000
60023  38.660  -12.608  60.594 0.0000000000
59999  39.806  -12.851  62.547 0.0000000000
59028  38.478  -13.399  62.000 0.0000000000
58993  37.468  -14.097  65.378 0.0000000000
139457  38.948  -13.940  64.962 0.0000000000
125613  38.763  -14.130  66.827 0.0000000000
117781  40.305  -13.956  68.026 0.0000000000
120376  39.347  -13.960  68.851 0.0000000000
49155  28.264  -23.530  73.401 0.0000000000
136153  30.724  -24.963  78.211 0.0000000000
48106  30.351  -24.071  76.871 0.0000000000
49081  31.124  -23.880  78.852 0.0000000000
49069  30.822  -22.907  79.303 0.0000000000
49057  31.469  -23.859  80.481 0.0000000000
44919  29.970  -27.815  82.791 0.0000000000
44934  30.290  -27.137  81.608 0.0000000000
44918  30.983  -28.142  83.003 0.0000000000
45941  32.470  -26.668  84.257 0.0000000000
117927  31.783  -24.067  83.924 0.0000000000
45906  23.724  -26.669  86.691 0.0000000000
118726  23.195  -26.541  87.436 0.0000000000
118908  22.135  -26.750  86.297 0.0000000000
119181  19.144  -26.149  83.975 0.0000000000
45930  19.741  -26.445  85.190 0.0000000000
45951  18.925  -26.175  84.833 0.0000000000
47078  18.457  -26.335  86.388 0.0000000000
47091  17.570  -26.004  85.198 0.0000000000
47147  17.283  -25.759  80.998 0.0000000000
44927  14.355  -27.321  82.262 0.0000000000
45986  15.566  -26.602  82.398 0.0000000000
45970  14.751  -26.827  83.532 0.0000000000
47104  15.597  -26.434  84.548 0.0000000000
135713  14.271  -26.860  84.173 0.0000000000
45932  13.657  -26.791  85.366 0.0000000000
44910  13.237  -27.554  83.965 0.0000000000
137624  10.321  -29.420  85.420 0.0000000000
140681  25.519  -25.601  75.122 0.0000000000
46093  24.859  -25.922  75.626 0.0000000000
117533  22.993  -26.900  78.854 0.0000000000
117534  23.786  -26.805  78.659 0.0000000000
117535  24.635  -26.590  78.577 0.0000000000
117538  24.819  -26.719  79.967 0.0000000000
46020  25.264  -26.617  80.604 0.0000000000
46001  24.355  -26.879  81.334 0.0000000000
45947  23.218  -26.964  84.131 0.0000000000
134174  23.961  -26.964  84.103 0.0000000000
124665  23.772  -26.926  84.838 0.0000000000
135168  24.229  -26.708  86.200 0.0000000000
47044  22.425  -25.964  89.356 0.0000000000
41925  7.241  -30.455  91.610 0.0000000000
43819  7.865  -29.186  92.115 0.0000000000
73301  55.841  2.961  54.105 0.0000000000
129921  54.682  2.133  58.263 0.0000000000
74147  56.365  2.893  58.010 0.0000000000
118856  56.206  2.380  59.584 0.0000000000
73266  56.148  2.049  60.395 0.0000000000
68700  50.643  -3.451  57.450 0.0000000000
70553  52.147  -1.737  57.996 0.0000000000
132585  52.026  -2.114  59.331 0.0000000000
132727  54.042  -0.152  62.212 0.0000000000
64844  44.898  -7.427  60.658 0.0000000000
65752  44.807  -6.407  59.668 0.0000000000
64828  46.135  -6.801  61.561 0.0000000000
66754  47.542  -5.077  61.898 0.0000000000
65705  47.869  -6.466  63.259 0.0000000000
62861  46.107  -10.149  66.059 0.0000000000
62892  45.479  -9.564  64.648 0.0000000000
63870  46.990  -9.251  65.985 0.0000000000
56952  34.379  -15.370  66.853 0.0000000000
56900  36.540  -15.410  71.156 0.0000000000
129322  36.423  -15.238  70.063 0.0000000000
57818  37.869  -14.648  71.444 0.0000000000
58899  39.039  -13.995  71.298 0.0000000000
57803  38.595  -14.499  72.495 0.0000000000
128497  27.381  -20.694  73.724 0.0000000000
52009  27.517  -19.760  74.908 0.0000000000
54778  29.185  -18.152  76.979 0.0000000000
54788  28.344  -17.931  75.613 0.0000000000
55918  29.608  -17.743  76.326 0.0000000000
55940  29.927  -17.438  75.058 0.0000000000
55917  30.446  -17.609  76.560 0.0000000000
54736  31.470  -17.691  81.441 0.0000000000
55902  34.853  -16.619  78.107 0.0000000000
117772  33.647  -17.117  76.664 0.0000000000
121670  35.165  -16.636  77.299 0.0000000000
56862  35.962  -16.264  75.457 0.0000000000
56852  36.683  -16.019  76.747 0.0000000000
69723  50.062  -1.818  48.806 0.0000000000
70652  51.505  -1.199  48.214 0.0000000000
70651  52.434  -1.284  48.231 0.0000000000
69720  52.260  -2.208  48.919 0.0000000000
70596  53.555  -0.306  53.037 0.0000000000
69662  55.067  -1.713  52.292 0.0000000000
71576  55.257  0.237  52.735 0.0000000000
120982  56.184  0.110  52.231 0.0000000000
73347  57.482  1.422  45.042 0.0000000000
69715  57.710  -1.703  48.740 0.0000000000
117910  58.271  -1.166  49.862 0.0000000000
70632  57.780  -1.053  50.270 0.0000000000
134093  26.662  -26.234  85.935 0.0000000000
137582  27.623  -26.589  85.716 0.0000000000
45903  27.377  -26.382  87.115 0.0000000000
44882  11.146  -27.832  87.187 0.0000000000
45884  11.412  -26.939  88.457 0.0000000000
44876  10.867  -27.449  88.746 0.0000000000
44859  10.240  -27.572  90.021 0.0000000000
130342  9.638  -26.970  91.758 0.0000000000
68735  43.099  -3.275  55.962 0.0000000000
68719  43.643  -3.466  56.321 0.0000000000
58951  43.017  -13.354  68.765 0.0000000000
127031  44.372  -12.428  68.454 0.0000000000
59919  44.702  -12.915  70.303 0.0000000000
59909  45.704  -12.782  71.440 0.0000000000
38276  5.853  -34.487  88.607 0.0000000000
38277  5.560  -34.999  89.027 0.0000000000
37385  4.951  -35.561  90.597 0.0000000000
59029  37.645  -13.700  62.377 0.0000000000
58994  36.783  -14.210  65.501 0.0000000000
48117  28.813  -24.626  75.034 0.0000000000
123648  28.882  -25.387  76.532 0.0000000000
47173  29.620  -25.791  78.180 0.0000000000
47157  30.657  -25.788  79.222 0.0000000000
126534  21.901  -26.908  83.664 0.0000000000
126789  21.114  -26.714  84.823 0.0000000000
45967  20.593  -26.637  83.283 0.0000000000
47111  19.329  -26.184  83.312 0.0000000000
47123  18.143  -25.901  82.715 0.0000000000
44928  12.711  -28.211  83.001 0.0000000000
43943  12.396  -28.535  81.588 0.0000000000
46053  21.492  -26.740  78.987 0.0000000000
46023  22.432  -26.897  80.226 0.0000000000
46002  23.616  -26.966  81.543 0.0000000000
46003  22.236  -26.923  81.126 0.0000000000
45965  21.836  -26.881  82.912 0.0000000000
47047  19.730  -26.336  88.554 0.0000000000
72438  52.939  0.380  53.526 0.0000000000
73303  53.929  1.846  54.757 0.0000000000
72420  53.278  1.028  55.018 0.0000000000
72411  53.374  0.878  56.085 0.0000000000
121312  53.524  0.692  58.076 0.0000000000
68654  50.913  -3.189  60.989 0.0000000000
69584  52.225  -2.329  61.250 0.0000000000
70523  51.694  -1.649  63.071 0.0000000000
70505  52.327  -0.950  63.781 0.0000000000
64876  42.329  -7.130  57.670 0.0000000000
63970  42.366  -8.276  58.784 0.0000000000
63945  43.745  -8.269  60.360 0.0000000000
63910  45.131  -8.100  62.232 0.0000000000
63859  48.521  -8.891  67.211 0.0000000000
55999  33.100  -16.147  68.854 0.0000000000
56935  33.867  -15.861  68.454 0.0000000000
56917  33.993  -16.064  69.990 0.0000000000
56902  34.888  -16.024  71.228 0.0000000000
117924  36.188  -15.812  72.743 0.0000000000
52003  29.020  -20.714  76.885 0.0000000000
126605  27.980  -19.870  75.619 0.0000000000
51995  28.998  -19.879  77.136 0.0000000000
130430  29.610  -18.757  77.788 0.0000000000
54766  30.121  -18.041  78.040 0.0000000000
70643  46.469  -1.255  49.452 0.0000000000
71597  47.012  -0.378  48.547 0.0000000000
69712  47.704  -1.889  49.896 0.0000000000
117657  49.126  -2.370  50.025 0.0000000000
69710  50.767  -2.683  49.994 0.0000000000
69697  52.653  -2.854  50.677 0.0000000000
69665  52.079  -2.484  52.251 0.0000000000
132290  52.523  -0.476  53.204 0.0000000000
72508  53.479  0.450  44.271 0.0000000000
72492  54.940  0.931  45.795 0.0000000000
72476  56.486  0.732  46.089 0.0000000000
126859  58.278  -0.617  46.462 0.0000000000
70678  56.434  -0.300  46.476 0.0000000000
70661  56.337  -1.418  46.805 0.0000000000
69733  54.880  -2.048  47.695 0.0000000000
46018  27.299  -26.040  80.287 0.0000000000
120066  28.053  -26.357  80.803 0.0000000000
45997  28.087  -26.476  81.584 0.0000000000
120325  29.184  -27.637  83.566 0.0000000000
44908  29.632  -28.280  84.243 0.0000000000
122140  15.211  -26.355  88.049 0.0000000000
141488  15.881  -26.220  89.584 0.0000000000
47053  14.233  -26.208  88.986 0.0000000000
47016  14.448  -25.847  90.559 0.0000000000
47036  12.196  -25.922  90.140 0.0000000000
118420  12.979  -25.298  92.738 0.0000000000
69650  49.139  -2.284  53.409 0.0000000000
69629  49.951  -2.260  54.614 0.0000000000
69631  48.749  -2.898  54.893 0.0000000000
68715  48.434  -3.207  55.712 0.0000000000
67773  49.153  -4.012  57.163 0.0000000000
129942  45.818  -3.408  55.573 0.0000000000
141544  47.753  -4.226  57.123 0.0000000000
67755  49.019  -4.086  59.010 0.0000000000
129335  48.726  -3.149  60.602 0.0000000000
69588  48.582  -2.284  61.921 0.0000000000
68636  48.431  -2.613  62.901 0.0000000000
60945  42.033  -11.164  62.917 0.0000000000
61893  43.132  -10.150  62.825 0.0000000000
61870  43.542  -10.814  64.368 0.0000000000
61851  44.956  -11.026  66.129 0.0000000000
61840  46.689  -10.705  67.487 0.0000000000
59940  45.018  -11.939  68.324 0.0000000000
60884  46.341  -11.398  68.792 0.0000000000
122838  47.667  -10.668  68.536 0.0000000000
54836  30.839  -17.563  72.670 0.0000000000
132227  30.936  -19.191  82.694 0.0000000000
70644  45.686  -1.051  49.629 0.0000000000
69702  46.394  -2.016  50.627 0.0000000000
119802  47.191  -2.426  51.890 0.0000000000
75072  50.516  3.476  46.069 0.0000000000
75069  49.895  2.956  46.815 0.0000000000
40881  8.356  -31.246  87.261 0.0000000000
41948  8.588  -30.597  88.556 0.0000000000
41949  7.987  -31.004  89.067 0.0000000000
40858  7.388  -31.262  89.918 0.0000000000
41926  6.651  -30.798  92.071 0.0000000000
39128  5.940  -33.191  89.957 0.0000000000
61936  40.469  -10.450  59.624 0.0000000000
60988  39.456  -11.376  59.669 0.0000000000
139081  40.664  -11.420  61.369 0.0000000000
60946  41.287  -11.632  62.635 0.0000000000
130456  41.436  -12.312  63.935 0.0000000000
59970  41.655  -12.814  65.225 0.0000000000
59002  39.072  -13.679  63.672 0.0000000000
58990  40.152  -13.797  65.559 0.0000000000
58978  41.415  -13.572  66.701 0.0000000000
132418  41.680  -13.746  68.254 0.0000000000
120065  41.763  -13.988  69.746 0.0000000000
58896  41.912  -14.330  71.299 0.0000000000
121478  28.397  -21.906  74.620 0.0000000000
49118  29.588  -23.732  75.549 0.0000000000
50144  29.498  -22.830  75.754 0.0000000000
51116  29.120  -21.985  76.036 0.0000000000
50112  30.009  -21.950  77.925 0.0000000000
51076  30.275  -21.800  79.505 0.0000000000
123059  30.587  -21.697  81.183 0.0000000000
46017  28.937  -26.603  80.514 0.0000000000
46015  30.770  -26.380  80.369 0.0000000000
140814  31.451  -25.582  80.462 0.0000000000
44907  32.053  -27.505  83.854 0.0000000000
45976  31.824  -26.241  82.574 0.0000000000
48065  31.803  -24.793  81.622 0.0000000000
49035  31.653  -23.872  82.186 0.0000000000
139420  31.380  -23.110  82.623 0.0000000000
51031  30.944  -21.841  83.340 0.0000000000
47025  25.125  -26.134  89.465 0.0000000000
47043  23.888  -25.870  89.188 0.0000000000
47061  23.013  -26.173  88.529 0.0000000000
45882  21.076  -26.446  88.053 0.0000000000
45929  20.554  -26.598  85.443 0.0000000000
45893  20.863  -26.538  87.160 0.0000000000
47062  20.117  -26.441  87.733 0.0000000000
47063  18.671  -26.407  87.216 0.0000000000
127278  17.903  -26.382  87.037 0.0000000000
47080  16.570  -26.275  86.410 0.0000000000
117528  18.087  -25.787  81.242 0.0000000000
47135  17.517  -25.835  81.987 0.0000000000
47124  17.374  -25.953  82.929 0.0000000000
46006  15.592  -26.597  81.514 0.0000000000
47126  16.153  -26.183  82.033 0.0000000000
47114  16.742  -26.115  83.340 0.0000000000
118504  16.299  -26.256  84.843 0.0000000000
47093  16.033  -26.286  85.758 0.0000000000
47081  15.725  -26.329  86.574 0.0000000000
45911  14.448  -26.469  86.258 0.0000000000
119630  13.049  -26.831  85.918 0.0000000000
44890  12.439  -27.317  85.816 0.0000000000
44912  12.557  -27.990  83.927 0.0000000000
125807  12.029  -27.998  84.714 0.0000000000
44892  11.261  -28.174  86.108 0.0000000000
43913  10.775  -28.835  85.760 0.0000000000
121252  9.850  -29.853  85.862 0.0000000000
41973  9.360  -30.328  86.321 0.0000000000
41984  8.728  -31.092  85.670 0.0000000000
40893  7.617  -32.139  85.773 0.0000000000
47218  26.315  -25.405  75.091 0.0000000000
47204  26.397  -25.512  76.447 0.0000000000
47176  26.580  -25.712  78.090 0.0000000000
46064  24.366  -26.434  77.201 0.0000000000
116860  25.612  -26.152  78.527 0.0000000000
46035  25.992  -26.124  79.395 0.0000000000
117540  26.009  -26.313  80.679 0.0000000000
117543  25.892  -26.566  82.108 0.0000000000
45962  26.138  -26.610  83.747 0.0000000000
45981  24.267  -26.896  82.247 0.0000000000
45963  25.249  -26.812  83.788 0.0000000000
45945  25.754  -26.677  84.546 0.0000000000
45905  25.989  -26.215  86.246 0.0000000000
47058  25.719  -25.934  87.769 0.0000000000
43834  8.984  -29.130  90.543 0.0000000000
44841  8.795  -28.057  92.097 0.0000000000
74170  55.640  3.258  56.301 0.0000000000
70568  51.391  -1.794  55.819 0.0000000000
71527  52.629  -0.912  58.258 0.0000000000
71518  53.479  0.156  59.721 0.0000000000
70541  52.809  -1.449  60.810 0.0000000000
71510  53.815  0.185  60.640 0.0000000000
72385  55.511  1.707  60.886 0.0000000000
67789  42.509  -4.032  56.774 0.0000000000
121325  43.789  -4.468  57.396 0.0000000000
65767  42.819  -6.416  57.599 0.0000000000
131110  44.034  -5.649  58.476 0.0000000000
66787  44.992  -4.746  59.102 0.0000000000
67734  46.647  -4.133  60.976 0.0000000000
67723  47.781  -4.236  62.219 0.0000000000
67716  49.381  -3.973  63.671 0.0000000000
62909  44.397  -9.649  63.651 0.0000000000
63896  45.342  -8.633  63.328 0.0000000000
64793  46.909  -7.739  64.076 0.0000000000
118278  48.124  -8.152  66.201 0.0000000000
64783  47.733  -7.709  65.110 0.0000000000
64791  48.000  -6.781  64.093 0.0000000000
66724  49.062  -5.774  64.175 0.0000000000
67697  50.111  -4.807  65.225 0.0000000000
57884  35.563  -14.527  65.568 0.0000000000
121329  36.430  -14.515  66.701 0.0000000000
140423  35.104  -15.429  68.153 0.0000000000
57858  36.634  -14.772  68.549 0.0000000000
58956  37.957  -14.140  68.449 0.0000000000
58939  39.087  -13.933  69.673 0.0000000000
126549  40.491  -14.128  72.033 0.0000000000
58856  41.464  -14.383  73.038 0.0000000000
53821  27.401  -18.119  75.063 0.0000000000
54821  28.638  -17.076  73.304 0.0000000000
54819  30.526  -17.460  73.597 0.0000000000
54817  32.277  -17.404  73.668 0.0000000000
53745  31.069  -18.311  81.277 0.0000000000
54745  31.139  -17.814  80.003 0.0000000000
54764  31.336  -17.624  78.889 0.0000000000
129998  32.808  -17.040  78.731 0.0000000000
55905  31.785  -17.417  77.498 0.0000000000
118244  31.973  -17.383  76.061 0.0000000000
55926  32.670  -17.315  75.420 0.0000000000
54798  33.119  -17.176  74.110 0.0000000000
139124  34.666  -16.578  74.412 0.0000000000
56869  35.956  -16.197  74.619 0.0000000000
118886  37.520  -15.446  74.159 0.0000000000
56840  38.298  -15.560  76.974 0.0000000000
57751  38.741  -15.330  76.383 0.0000000000
57774  38.818  -14.911  74.834 0.0000000000
57772  40.144  -14.350  75.059 0.0000000000
73341  49.943  1.343  47.569 0.0000000000
72473  51.400  0.226  47.509 0.0000000000
71591  52.948  -0.387  47.777 0.0000000000
70649  54.037  -1.604  47.967 0.0000000000
69706  54.985  -2.669  49.268 0.0000000000
69696  53.517  -2.783  50.802 0.0000000000
119770  55.172  -2.479  51.063 0.0000000000
69677  56.465  -1.728  50.926 0.0000000000
70624  57.235  -0.519  51.234 0.0000000000
45870  25.937  -26.581  89.063 0.0000000000
44875  26.702  -27.027  88.774 0.0000000000
41961  9.389  -30.098  87.344 0.0000000000
42941  9.646  -29.560  87.893 0.0000000000
42942  9.179  -29.992  88.399 0.0000000000
57799  43.430  -14.614  71.962 0.0000000000
57814  43.991  -14.396  71.749 0.0000000000
47160  28.075  -25.903  78.746 0.0000000000
46034  27.659  -25.971  79.459 0.0000000000
47145  19.933  -26.308  81.142 0.0000000000
47146  19.268  -26.002  80.564 0.0000000000
47161  20.009  -26.324  80.258 0.0000000000
133224  16.651  -26.401  87.997 0.0000000000
118628  17.434  -26.324  89.207 0.0000000000
118627  16.641  -26.355  88.931 0.0000000000
139259  50.247  -2.011  53.257 0.0000000000
71551  51.002  -1.303  54.267 0.0000000000
70586  50.752  -1.865  53.393 0.0000000000
69559  49.739  -1.521  63.835 0.0000000000
70483  50.330  -1.251  64.229 0.0000000000
61912  41.951  -10.063  60.980 0.0000000000
62973  42.408  -9.570  60.771 0.0000000000
62949  42.428  -9.970  61.519 0.0000000000
54834  31.979  -17.338  71.831 0.0000000000
54852  32.004  -17.148  71.043 0.0000000000
55964  32.801  -17.029  72.222 0.0000000000
131971  33.343  -16.745  71.845 0.0000000000
128148  30.336  -20.917  80.867 0.0000000000
51982  30.144  -20.241  80.061 0.0000000000
130186  30.458  -19.987  80.980 0.0000000000
117165  49.453  -2.003  52.839 0.0000000000
117759  48.853  -2.127  52.194 0.0000000000
70599  50.619  -1.496  53.074 0.0000000000
134172  51.741  0.637  46.128 0.0000000000
72479  52.829  0.194  47.272 0.0000000000
45943  27.326  -26.541  84.369 0.0000000000
47068  12.797  -26.553  88.012 0.0000000000
116814  11.960  -26.824  87.869 0.0000000000
68765  45.006  -3.323  53.014 0.0000000000
123945  45.350  -4.208  57.326 0.0000000000
133941  45.641  -4.346  58.031 0.0000000000
67766  45.559  -4.333  58.880 0.0000000000
59960  42.756  -12.725  66.579 0.0000000000
60907  43.665  -12.012  66.338 0.0000000000
59953  43.513  -12.523  67.172 0.0000000000
39992  6.654  -33.214  88.264 0.0000000000
60024  37.984  -12.839  60.340 0.0000000000
59045  38.247  -13.106  61.084 0.0000000000
59044  38.925  -12.882  61.382 0.0000000000
130415  37.949  -14.141  65.902 0.0000000000
58981  38.700  -14.091  66.092 0.0000000000
58968  39.189  -14.070  67.438 0.0000000000
58969  38.162  -14.144  67.521 0.0000000000
141314  31.023  -24.578  78.656 0.0000000000
48086  30.876  -24.167  78.164 0.0000000000
49068  31.299  -23.816  79.652 0.0000000000
48079  31.507  -24.655  80.002 0.0000000000
43929  30.207  -28.364  83.629 0.0000000000
43928  31.147  -28.629  84.092 0.0000000000
45926  23.476  -26.833  85.755 0.0000000000
118861  22.880  -26.755  86.470 0.0000000000
45927  22.480  -26.837  85.681 0.0000000000
47100  18.405  -26.002  84.113 0.0000000000
133325  18.165  -25.986  84.797 0.0000000000
47101  17.592  -25.981  84.297 0.0000000000
45987  14.901  -26.895  82.704 0.0000000000
137245  14.327  -27.140  82.969 0.0000000000
45971  13.883  -27.238  83.588 0.0000000000
139265  22.918  -26.955  79.565 0.0000000000
46038  23.547  -26.893  79.410 0.0000000000
46037  24.322  -26.776  79.302 0.0000000000
117537  24.017  -26.884  80.054 0.0000000000
46021  24.529  -26.824  80.633 0.0000000000
46022  23.798  -26.927  80.777 0.0000000000
41920  6.888  -30.153  92.475 0.0000000000
42898  7.159  -29.433  92.861 0.0000000000
119847  55.384  1.779  53.215 0.0000000000
73309  56.000  2.379  53.494 0.0000000000
73310  55.065  2.217  53.672 0.0000000000
72400  54.299  1.483  58.720 0.0000000000
73271  55.423  2.387  58.976 0.0000000000
68693  50.665  -3.630  58.438 0.0000000000
69601  51.609  -2.632  58.817 0.0000000000
69602  51.644  -2.764  59.703 0.0000000000
119487  45.642  -7.484  61.920 0.0000000000
64829  45.507  -7.145  61.108 0.0000000000
125645  46.844  -6.448  61.997 0.0000000000
65715  47.115  -6.797  62.837 0.0000000000
62860  46.785  -9.846  66.318 0.0000000000
62859  47.435  -9.412  66.495 0.0000000000
56953  33.644  -15.570  66.603 0.0000000000
128973  37.098  -15.353  72.724 0.0000000000
57819  37.149  -15.030  71.289 0.0000000000
57805  37.473  -15.021  72.042 0.0000000000
52015  27.560  -20.420  74.385 0.0000000000
54777  29.274  -17.990  76.701 0.0000000000
55928  30.177  -17.508  75.792 0.0000000000
56826  35.388  -15.934  79.284 0.0000000000
55901  35.711  -16.276  77.955 0.0000000000
55912  35.930  -16.312  77.083 0.0000000000
56842  36.535  -15.964  77.591 0.0000000000
120101  49.721  -1.201  48.340 0.0000000000
70653  50.616  -1.229  48.262 0.0000000000
71594  50.350  -0.341  47.973 0.0000000000
69721  51.758  -1.911  48.667 0.0000000000
69709  51.632  -2.479  49.455 0.0000000000
71563  54.192  0.520  53.072 0.0000000000
71577  54.544  -0.343  52.872 0.0000000000
71562  55.237  1.110  52.906 0.0000000000
71628  57.751  0.813  45.617 0.0000000000
72489  57.979  1.243  45.139 0.0000000000
71627  58.571  0.823  45.411 0.0000000000
71609  59.381  -0.347  46.450 0.0000000000
69716  56.604  -2.366  48.177 0.0000000000
69692  57.730  -1.415  49.576 0.0000000000
69693  56.888  -1.817  50.171 0.0000000000
45904  26.740  -26.107  86.702 0.0000000000
43886  10.556  -28.530  87.353 0.0000000000
119423  10.601  -28.142  88.118 0.0000000000
118097  9.863  -28.329  89.917 0.0000000000
44870  10.333  -28.059  89.156 0.0000000000
44860  9.878  -27.927  90.587 0.0000000000
45865  9.992  -27.031  90.886 0.0000000000
44840  9.526  -27.866  91.397 0.0000000000
68746  42.493  -3.264  55.385 0.0000000000
68720  42.823  -3.483  56.363 0.0000000000
58934  43.408  -13.462  69.560 0.0000000000
58933  44.024  -13.346  70.095 0.0000000000
38287  5.729  -34.742  87.826 0.0000000000
47216  28.195  -25.140  75.374 0.0000000000
47202  28.155  -25.385  76.191 0.0000000000
47159  29.021  -26.136  78.778 0.0000000000
47172  30.399  -25.570  78.505 0.0000000000
45966  21.281  -26.796  83.509 0.0000000000
47121  19.893  -26.376  82.918 0.0000000000
47134  18.367  -25.862  82.002 0.0000000000
46041  20.796  -26.602  79.738 0.0000000000
46039  22.281  -26.876  79.301 0.0000000000
46024  21.594  -26.832  80.607 0.0000000000
45984  21.255  -26.787  82.235 0.0000000000
45983  22.051  -26.949  81.996 0.0000000000
72426  52.587  0.147  53.733 0.0000000000
72425  53.161  0.988  54.021 0.0000000000
71549  52.401  -0.439  55.230 0.0000000000
125787  52.936  0.291  55.384 0.0000000000
72406  52.929  0.033  56.299 0.0000000000
72405  53.394  0.726  57.109 0.0000000000
71535  52.914  -0.229  57.465 0.0000000000
69586  50.518  -2.679  61.796 0.0000000000
69585  51.464  -2.707  61.571 0.0000000000
69570  51.110  -2.248  62.426 0.0000000000
63971  41.619  -8.469  58.347 0.0000000000
63926  43.729  -8.740  61.304 0.0000000000
63925  44.504  -8.396  61.801 0.0000000000
56009  32.101  -16.602  68.861 0.0000000000
55988  33.383  -16.224  69.638 0.0000000000
56890  34.565  -16.311  71.866 0.0000000000
55974  34.233  -16.341  71.409 0.0000000000
56889  35.318  -16.059  72.151 0.0000000000
138952  36.027  -15.805  72.030 0.0000000000
51994  29.363  -20.486  77.584 0.0000000000
52892  30.147  -19.328  79.510 0.0000000000
53781  29.991  -18.390  78.312 0.0000000000
118736  29.684  -18.265  77.558 0.0000000000
53780  30.458  -18.107  78.744 0.0000000000
70634  46.856  -1.739  49.989 0.0000000000
70642  47.279  -1.432  49.319 0.0000000000
117723  49.734  -2.592  51.267 0.0000000000
117367  49.078  -2.495  50.821 0.0000000000
118468  49.880  -2.638  50.452 0.0000000000
69699  50.564  -2.876  50.993 0.0000000000
69682  51.155  -2.691  51.847 0.0000000000
129133  51.631  -1.032  53.282 0.0000000000
71565  52.389  -0.357  53.417 0.0000000000
71564  53.108  0.226  53.265 0.0000000000
72493  53.979  0.569  46.384 0.0000000000
72491  55.921  1.138  45.908 0.0000000000
72477  55.502  0.715  46.409 0.0000000000
71613  55.614  0.393  46.617 0.0000000000
71602  54.251  -0.014  47.440 0.0000000000
71601  55.273  -0.313  47.065 0.0000000000
136839  55.343  -1.486  47.263 0.0000000000
69732  55.836  -2.157  47.450 0.0000000000
45998  27.266  -26.249  81.260 0.0000000000
45979  27.539  -26.405  82.026 0.0000000000
45942  28.232  -26.939  84.179 0.0000000000
121043  14.615  -26.383  87.500 0.0000000000
47052  15.013  -26.276  88.752 0.0000000000
117939  14.407  -26.338  88.249 0.0000000000
47034  13.939  -25.949  89.742 0.0000000000
47017  13.578  -25.785  90.631 0.0000000000
117776  14.094  -25.676  91.354 0.0000000000
46997  13.410  -25.518  91.794 0.0000000000
45874  11.080  -26.828  89.303 0.0000000000
125086  11.639  -26.616  89.155 0.0000000000
45863  11.491  -26.283  89.976 0.0000000000
69651  48.054  -2.722  53.519 0.0000000000
120326  48.597  -2.774  54.024 0.0000000000
125437  48.018  -3.055  54.314 0.0000000000
68730  47.783  -3.280  55.403 0.0000000000
68714  49.110  -3.352  56.296 0.0000000000
68701  48.201  -3.800  56.628 0.0000000000
68745  44.643  -3.539  54.651 0.0000000000
68733  44.793  -3.373  55.588 0.0000000000
67776  46.662  -4.348  57.513 0.0000000000
68703  46.444  -4.084  56.776 0.0000000000
67775  47.380  -4.361  57.597 0.0000000000
67774  48.255  -4.325  57.598 0.0000000000
67764  48.471  -4.251  58.456 0.0000000000
68684  49.550  -3.707  59.842 0.0000000000
68685  48.444  -3.620  59.834 0.0000000000
68672  47.186  -3.303  60.534 0.0000000000
129543  48.226  -2.683  61.275 0.0000000000
68657  47.947  -2.486  61.893 0.0000000000
69573  48.459  -2.201  62.451 0.0000000000
68643  48.011  -2.654  62.354 0.0000000000
60933  42.278  -11.383  63.651 0.0000000000
60932  42.856  -11.072  64.035 0.0000000000
60906  44.506  -11.635  66.554 0.0000000000
60913  44.238  -11.380  65.808 0.0000000000
61850  45.708  -10.773  66.448 0.0000000000
61841  45.923  -11.001  67.228 0.0000000000
59930  45.047  -12.130  68.980 0.0000000000
60875  46.494  -11.547  69.588 0.0000000000
60883  47.071  -11.096  69.067 0.0000000000
61834  46.891  -10.900  68.269 0.0000000000
117249  48.303  -10.473  68.855 0.0000000000
54855  29.334  -17.402  71.781 0.0000000000
121256  30.199  -17.526  72.045 0.0000000000
70635  45.268  -1.409  50.295 0.0000000000
122430  46.033  -1.618  50.059 0.0000000000
136921  45.683  -1.871  50.655 0.0000000000
136440  46.307  -2.858  52.541 0.0000000000
69669  46.860  -2.666  52.408 0.0000000000
69668  47.587  -2.536  52.614 0.0000000000
74241  50.419  2.461  45.970 0.0000000000
138987  7.965  -31.629  87.588 0.0000000000
134672  8.244  -31.127  88.106 0.0000000000
135379  7.699  -31.697  88.271 0.0000000000
40864  6.789  -32.007  89.771 0.0000000000
40859  6.799  -31.558  90.710 0.0000000000
41930  6.927  -30.993  91.322 0.0000000000
40854  6.439  -31.414  91.640 0.0000000000
39135  5.773  -34.147  89.497 0.0000000000
61949  40.198  -10.184  59.089 0.0000000000
60978  39.044  -11.996  60.131 0.0000000000
60989  38.740  -11.660  59.368 0.0000000000
120685  39.739  -11.671  60.451 0.0000000000
60987  40.119  -11.046  60.018 0.0000000000
60947  40.641  -11.772  61.975 0.0000000000
59986  40.364  -12.873  63.398 0.0000000000
59978  40.904  -12.692  63.873 0.0000000000
59000  41.085  -12.888  64.547 0.0000000000
59013  38.366  -13.697  62.989 0.0000000000
118570  38.267  -13.842  63.808 0.0000000000
58980  39.709  -13.985  66.501 0.0000000000
138900  39.810  -13.802  65.099 0.0000000000
128919  40.747  -13.712  66.181 0.0000000000
58965  41.394  -13.728  67.548 0.0000000000
58937  40.718  -13.919  69.145 0.0000000000
117782  41.171  -13.941  69.646 0.0000000000
117870  41.253  -14.033  70.433 0.0000000000
51131  28.164  -22.107  73.936 0.0000000000
51132  27.667  -21.510  73.432 0.0000000000
136923  29.448  -24.731  76.009 0.0000000000
48130  29.096  -23.922  74.751 0.0000000000
48107  29.824  -24.373  76.214 0.0000000000
49094  30.292  -23.101  77.043 0.0000000000
49105  29.996  -23.453  76.294 0.0000000000
50134  29.740  -22.418  76.634 0.0000000000
51095  29.705  -21.740  77.298 0.0000000000
123268  31.092  -23.039  80.198 0.0000000000
123849  30.706  -22.326  80.038 0.0000000000
51064  30.443  -21.686  80.417 0.0000000000
133264  28.672  -26.642  81.183 0.0000000000
45996  29.549  -26.868  81.222 0.0000000000
44933  31.009  -26.987  81.720 0.0000000000
45995  30.482  -26.773  81.035 0.0000000000
46014  31.193  -26.371  81.071 0.0000000000
47110  31.933  -25.463  83.180 0.0000000000
45959  31.994  -26.638  83.296 0.0000000000
47120  31.829  -25.558  82.180 0.0000000000
49047  31.594  -23.896  81.314 0.0000000000
50064  30.932  -22.203  82.467 0.0000000000
47059  24.886  -25.951  87.846 0.0000000000
47042  24.711  -25.883  88.911 0.0000000000
47060  23.972  -26.014  88.223 0.0000000000
45907  22.303  -26.663  87.002 0.0000000000
135995  22.431  -26.509  87.750 0.0000000000
45881  21.987  -26.380  88.370 0.0000000000
45928  21.504  -26.737  85.727 0.0000000000
45910  19.916  -26.478  86.007 0.0000000000
45894  20.059  -26.479  86.824 0.0000000000
133494  19.452  -26.432  87.236 0.0000000000
47079  17.523  -26.217  86.184 0.0000000000
124684  17.080  -26.355  87.116 0.0000000000
132105  16.619  -25.864  80.813 0.0000000000
136504  15.472  -26.729  80.467 0.0000000000
46026  14.984  -27.044  81.083 0.0000000000
47103  16.189  -26.292  83.939 0.0000000000
47102  16.835  -26.075  84.128 0.0000000000
135627  15.621  -26.373  85.237 0.0000000000
116922  15.158  -26.370  85.906 0.0000000000
125622  14.896  -26.379  86.748 0.0000000000
45931  14.394  -26.547  85.610 0.0000000000
45913  12.508  -26.912  86.619 0.0000000000
43936  12.376  -28.549  82.455 0.0000000000
43924  10.982  -29.039  84.123 0.0000000000
43931  11.796  -28.540  84.096 0.0000000000
44900  11.878  -27.859  85.554 0.0000000000
41983  9.322  -30.451  85.374 0.0000000000
40905  7.997  -31.689  85.421 0.0000000000
40892  8.276  -31.475  86.310 0.0000000000
118824  25.828  -25.567  75.899 0.0000000000
47191  26.451  -25.588  77.166 0.0000000000
47192  25.698  -25.856  77.588 0.0000000000
136880  24.010  -26.469  76.677 0.0000000000
46077  24.591  -26.212  76.475 0.0000000000
118021  24.896  -26.353  77.810 0.0000000000
46019  26.405  -26.074  80.110 0.0000000000
117225  25.605  -26.420  80.010 0.0000000000
117542  25.041  -26.762  81.745 0.0000000000
46000  25.609  -26.555  81.252 0.0000000000
118634  25.622  -26.718  83.031 0.0000000000
45982  23.436  -26.976  82.293 0.0000000000
133617  24.470  -26.934  83.768 0.0000000000
45924  25.385  -26.636  85.395 0.0000000000
45890  24.556  -26.464  86.900 0.0000000000
47076  25.434  -26.166  87.043 0.0000000000
47041  25.624  -25.954  88.638 0.0000000000
47006  24.090  -26.129  90.227 0.0000000000
47014  16.237  -25.981  90.631 0.0000000000
41936  8.692  -30.152  89.391 0.0000000000
42904  8.543  -29.793  90.395 0.0000000000
43813  8.168  -28.333  92.725 0.0000000000
43818  8.443  -28.706  91.826 0.0000000000
44827  8.600  -27.531  93.222 0.0000000000
73292  54.635  2.637  55.514 0.0000000000
74183  55.421  3.187  55.314 0.0000000000
139446  56.536  2.568  58.539 0.0000000000
70569  50.570  -1.973  55.147 0.0000000000
69618  50.974  -2.463  56.169 0.0000000000
70548  52.337  -1.506  58.867 0.0000000000
71526  53.222  0.090  58.686 0.0000000000
70535  52.809  -1.649  61.877 0.0000000000
71504  54.039  0.084  61.510 0.0000000000
71503  54.974  0.818  62.371 0.0000000000
72386  54.763  1.069  61.334 0.0000000000
72379  55.687  1.333  61.692 0.0000000000
66802  42.132  -5.069  56.753 0.0000000000
122207  41.792  -4.206  56.653 0.0000000000
66796  42.943  -4.899  57.163 0.0000000000
63969  42.772  -7.748  58.644 0.0000000000
64864  43.588  -6.953  58.776 0.0000000000
65758  44.076  -6.397  58.975 0.0000000000
66780  44.570  -5.602  59.121 0.0000000000
66779  45.172  -5.355  59.709 0.0000000000
67746  45.589  -4.529  59.709 0.0000000000
66767  46.323  -5.020  60.762 0.0000000000
66744  48.039  -5.184  62.410 0.0000000000
66743  48.497  -4.645  62.797 0.0000000000
67717  48.723  -3.649  63.133 0.0000000000
136870  49.006  -4.575  63.362 0.0000000000
61869  43.974  -10.228  63.990 0.0000000000
61880  43.746  -9.871  63.277 0.0000000000
62891  46.178  -9.161  64.997 0.0000000000
63887  45.788  -8.859  64.218 0.0000000000
63886  46.650  -8.445  64.603 0.0000000000
63895  46.157  -8.174  63.707 0.0000000000
63885  47.223  -7.907  64.708 0.0000000000
138015  48.935  -6.883  66.018 0.0000000000
64771  48.381  -7.486  65.742 0.0000000000
64782  48.137  -7.061  64.894 0.0000000000
65692  48.655  -6.478  64.519 0.0000000000
65683  49.219  -6.080  64.991 0.0000000000
116882  35.073  -14.830  65.982 0.0000000000
57879  35.682  -14.700  66.323 0.0000000000
56926  34.646  -15.830  69.489 0.0000000000
56934  34.580  -15.632  68.217 0.0000000000
56933  35.169  -15.544  68.781 0.0000000000
124902  36.985  -14.833  69.951 0.0000000000
57844  36.468  -15.054  69.412 0.0000000000
57843  37.129  -14.623  69.255 0.0000000000
126748  37.362  -14.422  68.676 0.0000000000
58940  37.780  -14.258  69.197 0.0000000000
124355  38.497  -14.002  69.072 0.0000000000
58919  38.226  -14.096  69.973 0.0000000000
58875  39.889  -14.158  72.410 0.0000000000
58898  39.867  -13.989  71.557 0.0000000000
58874  40.633  -14.243  72.692 0.0000000000
58873  41.248  -14.273  72.114 0.0000000000
52936  28.343  -19.080  76.105 0.0000000000
52937  27.728  -18.933  75.397 0.0000000000
53820  28.180  -18.228  75.754 0.0000000000
55931  28.053  -17.663  75.072 0.0000000000
54789  27.759  -17.798  75.112 0.0000000000
55943  27.562  -17.376  74.631 0.0000000000
55955  27.781  -16.960  74.070 0.0000000000
55954  28.820  -17.214  74.137 0.0000000000
54786  30.811  -17.433  75.136 0.0000000000
54802  29.735  -17.360  74.284 0.0000000000
54801  30.488  -17.423  74.478 0.0000000000
54800  31.395  -17.449  74.286 0.0000000000
53735  30.971  -18.788  81.949 0.0000000000
53744  31.262  -18.113  81.961 0.0000000000
54744  31.644  -17.429  80.639 0.0000000000
54737  31.226  -17.892  80.733 0.0000000000
54757  31.508  -17.525  79.691 0.0000000000
54758  30.974  -17.826  79.202 0.0000000000
117501  33.856  -16.853  78.448 0.0000000000
139505  33.372  -16.828  79.207 0.0000000000
55894  31.905  -17.394  78.440 0.0000000000
55893  32.646  -17.194  77.936 0.0000000000
120981  32.131  -17.340  76.745 0.0000000000
55904  32.747  -17.251  77.131 0.0000000000
119656  34.058  -16.981  75.802 0.0000000000
55925  33.351  -17.188  75.857 0.0000000000
55939  33.489  -17.082  75.050 0.0000000000
139412  32.928  -17.277  74.781 0.0000000000
118075  33.973  -16.809  74.277 0.0000000000
126107  36.507  -16.021  75.062 0.0000000000
56868  36.691  -15.870  74.352 0.0000000000
122045  37.178  -15.758  75.036 0.0000000000
56833  38.051  -15.488  77.924 0.0000000000
57744  38.912  -15.251  77.759 0.0000000000
129334  39.153  -15.228  76.956 0.0000000000
57750  39.339  -15.000  76.212 0.0000000000
57761  38.761  -15.171  75.669 0.0000000000
57760  39.449  -14.767  75.390 0.0000000000
57773  39.497  -14.573  74.521 0.0000000000
74238  50.056  2.064  46.773 0.0000000000
130075  47.717  -0.160  48.154 0.0000000000
72463  51.111  0.202  47.649 0.0000000000
72474  50.450  0.578  47.583 0.0000000000
72462  51.935  0.035  47.566 0.0000000000
69719  53.024  -2.237  48.879 0.0000000000
70650  53.281  -1.315  48.133 0.0000000000
131819  53.708  -2.140  48.485 0.0000000000
69718  54.459  -2.392  48.454 0.0000000000
69681  52.867  -2.757  51.583 0.0000000000
69680  53.766  -2.596  51.722 0.0000000000
69679  54.708  -2.344  51.745 0.0000000000
69678  55.757  -1.960  51.542 0.0000000000
69694  55.923  -2.298  50.676 0.0000000000
129258  56.604  -1.101  51.377 0.0000000000
70612  56.811  -0.254  51.678 0.0000000000
71575  57.217  0.476  52.013 0.0000000000
72506  55.373  0.794  43.937 0.0000000000
117147  54.332  0.463  43.441 0.0000000000
45879  26.350  -26.328  88.626 0.0000000000
43887  10.085  -28.943  87.825 0.0000000000
42927  9.702  -29.252  88.524 0.0000000000
138091  9.428  -28.992  89.916 0.0000000000
58914  43.360  -13.939  70.496 0.0000000000
58895  43.884  -14.040  71.143 0.0000000000
47190  27.172  -25.583  77.419 0.0000000000
47189  28.136  -25.587  77.135 0.0000000000
45985  20.550  -26.621  82.511 0.0000000000
138734  21.192  -26.732  80.245 0.0000000000
47049  17.971  -26.380  88.573 0.0000000000
47032  18.376  -26.245  89.505 0.0000000000
117531  17.610  -26.179  90.082 0.0000000000
71556  51.258  -1.103  53.898 0.0000000000
71550  51.589  -0.871  54.385 0.0000000000
71542  51.878  -1.200  55.501 0.0000000000
70524  50.528  -1.560  63.271 0.0000000000
70507  50.223  -1.206  63.918 0.0000000000
70482  50.963  -0.942  64.574 0.0000000000
62989  41.454  -9.526  59.476 0.0000000000
62988  41.912  -8.918  59.061 0.0000000000
63947  42.212  -9.247  59.919 0.0000000000
62972  43.018  -9.382  61.351 0.0000000000
62948  43.482  -9.303  61.899 0.0000000000
129448  32.360  -16.860  70.442 0.0000000000
122387  33.279  -16.470  70.439 0.0000000000
123231  33.961  -16.544  71.920 0.0000000000
55962  34.425  -16.465  72.654 0.0000000000
51989  29.941  -20.864  79.350 0.0000000000
51983  29.897  -20.032  79.216 0.0000000000
131197  30.487  -18.726  79.733 0.0000000000
118170  47.626  -2.293  51.241 0.0000000000
69684  48.447  -2.324  51.371 0.0000000000
117072  49.627  -2.078  52.258 0.0000000000
69666  50.461  -1.877  52.344 0.0000000000
70617  50.730  -1.517  52.788 0.0000000000
70598  51.149  -1.201  53.123 0.0000000000
72494  52.749  0.426  46.507 0.0000000000
72478  54.116  0.401  47.054 0.0000000000
72470  53.965  0.212  47.296 0.0000000000
71603  53.460  -0.027  47.517 0.0000000000
131802  27.393  -26.467  82.868 0.0000000000
134047  27.595  -26.582  83.667 0.0000000000
45895  13.087  -26.603  87.184 0.0000000000
119672  13.583  -26.338  88.497 0.0000000000
47054  12.847  -26.308  88.899 0.0000000000
45853  10.472  -26.354  91.041 0.0000000000
47020  11.009  -25.980  90.804 0.0000000000
68752  47.287  -3.299  54.148 0.0000000000
68753  46.292  -3.643  53.949 0.0000000000
68743  46.545  -3.342  54.947 0.0000000000
68718  44.579  -3.538  56.333 0.0000000000
68732  45.300  -3.466  56.073 0.0000000000
67786  45.329  -3.826  56.563 0.0000000000
68704  46.012  -4.303  57.448 0.0000000000
126720  46.862  -4.307  58.225 0.0000000000
68694  46.740  -3.988  59.118 0.0000000000
68687  46.787  -3.589  59.953 0.0000000000
68673  46.666  -3.703  60.440 0.0000000000
59969  42.372  -12.223  65.078 0.0000000000
60915  43.084  -11.528  64.878 0.0000000000
60897  44.697  -11.818  67.279 0.0000000000
60866  45.957  -11.973  70.113 0.0000000000
69670  45.577  -2.749  52.283 0.0000000000
39991  7.108  -32.414  88.264 0.0000000000
127995  6.382  -32.694  89.628 0.0000000000
60033  38.324  -12.267  59.847 0.0000000000
60022  39.363  -12.316  60.905 0.0000000000
60013  39.594  -12.581  61.691 0.0000000000
59027  39.176  -13.046  62.076 0.0000000000
59012  39.654  -13.302  63.252 0.0000000000
59003  37.713  -13.957  64.501 0.0000000000
133495  38.638  -13.893  64.480 0.0000000000
58992  38.390  -14.007  65.264 0.0000000000
58966  40.681  -13.895  67.664 0.0000000000
58967  40.047  -13.987  67.449 0.0000000000
117764  40.155  -13.945  68.633 0.0000000000
58938  39.920  -13.911  69.400 0.0000000000
50167  28.449  -22.973  73.683 0.0000000000
48095  30.516  -24.563  77.558 0.0000000000
49093  30.617  -23.652  77.589 0.0000000000
118533  30.746  -23.260  78.353 0.0000000000
50124  30.393  -22.739  77.786 0.0000000000
44925  29.731  -27.281  82.020 0.0000000000
44924  30.567  -27.517  82.225 0.0000000000
44923  31.216  -27.421  82.417 0.0000000000
47099  32.197  -25.825  83.967 0.0000000000
48053  31.845  -24.540  83.415 0.0000000000
134751  19.618  -26.382  84.485 0.0000000000
47089  19.104  -26.354  85.754 0.0000000000
47090  18.292  -26.146  85.534 0.0000000000
47137  16.114  -26.108  81.129 0.0000000000
44935  14.324  -27.505  81.349 0.0000000000
46007  14.966  -26.970  81.895 0.0000000000
45969  15.399  -26.656  83.104 0.0000000000
45952  15.517  -26.547  83.768 0.0000000000
45953  14.913  -26.625  84.344 0.0000000000
122121  14.296  -26.704  84.861 0.0000000000
45954  13.569  -27.067  84.521 0.0000000000
44911  12.883  -27.552  84.560 0.0000000000
127781  10.755  -29.060  85.002 0.0000000000
42995  10.383  -29.580  84.539 0.0000000000
46076  25.205  -25.860  76.354 0.0000000000
118648  23.146  -26.790  77.965 0.0000000000
118892  24.072  -26.652  77.908 0.0000000000
140872  24.959  -26.741  81.103 0.0000000000
45964  23.681  -26.960  83.225 0.0000000000
45925  24.425  -26.806  85.492 0.0000000000
42902  7.881  -30.000  91.161 0.0000000000
139514  7.434  -29.863  91.999 0.0000000000
43814  7.480  -28.652  93.341 0.0000000000
73277  54.598  2.311  57.516 0.0000000000
74159  55.523  3.009  57.343 0.0000000000
74148  55.532  2.719  58.210 0.0000000000
138257  56.278  2.692  58.800 0.0000000000
73270  56.671  2.333  59.024 0.0000000000
73265  56.504  2.002  59.842 0.0000000000
73261  56.394  1.659  60.494 0.0000000000
68713  50.508  -3.063  56.560 0.0000000000
68699  51.209  -2.886  57.149 0.0000000000
122474  51.679  -2.450  57.960 0.0000000000
140795  51.938  -2.077  58.606 0.0000000000
121890  52.535  -1.465  59.762 0.0000000000
70504  53.575  -0.422  63.624 0.0000000000
70521  53.501  -0.843  62.512 0.0000000000
65773  42.433  -5.873  57.022 0.0000000000
129431  44.284  -7.653  60.151 0.0000000000
64857  44.097  -7.155  59.417 0.0000000000
64856  44.724  -7.121  60.028 0.0000000000
64843  45.279  -6.812  60.383 0.0000000000
65726  45.878  -6.464  60.821 0.0000000000
65738  46.053  -5.793  60.616 0.0000000000
65725  46.543  -5.953  61.195 0.0000000000
65714  47.635  -5.971  62.402 0.0000000000
66734  48.291  -5.686  62.974 0.0000000000
62877  45.205  -10.095  65.089 0.0000000000
62876  45.829  -9.840  65.343 0.0000000000
62875  46.496  -9.563  65.651 0.0000000000
63878  46.865  -8.892  65.400 0.0000000000
135816  49.361  -6.327  65.783 0.0000000000
56959  34.330  -15.187  66.021 0.0000000000
56914  36.141  -15.514  70.599 0.0000000000
57832  36.802  -15.106  70.607 0.0000000000
57831  37.572  -14.634  70.569 0.0000000000
57830  38.361  -14.222  70.927 0.0000000000
57817  38.527  -14.351  71.724 0.0000000000
57802  39.268  -14.331  72.876 0.0000000000
136615  28.765  -18.093  76.315 0.0000000000
54787  28.914  -17.842  76.021 0.0000000000
55930  28.598  -17.652  75.357 0.0000000000
55941  29.073  -17.375  74.911 0.0000000000
55929  29.313  -17.578  75.627 0.0000000000
55927  31.087  -17.460  75.925 0.0000000000
54725  31.621  -17.498  82.402 0.0000000000
55859  31.975  -16.985  81.652 0.0000000000
132628  32.179  -16.926  80.865 0.0000000000
55903  33.411  -17.052  77.629 0.0000000000
117773  34.291  -16.895  77.447 0.0000000000
55914  34.685  -16.824  76.495 0.0000000000
131945  34.731  -16.734  75.666 0.0000000000
55924  35.342  -16.543  75.926 0.0000000000
55923  36.014  -16.272  76.276 0.0000000000
70654  48.759  -1.119  48.464 0.0000000000
71593  51.134  -0.275  47.933 0.0000000000
69707  53.293  -2.729  49.921 0.0000000000
70615  53.267  -1.455  52.902 0.0000000000
69663  54.059  -2.098  52.424 0.0000000000
70614  54.338  -1.249  52.779 0.0000000000
121665  55.280  -0.762  52.567 0.0000000000
72449  55.949  0.881  52.582 0.0000000000
73348  56.691  1.404  45.178 0.0000000000
73360  56.449  1.356  44.407 0.0000000000
72504  58.570  1.192  44.809 0.0000000000
69730  57.689  -1.740  47.738 0.0000000000
45923  26.277  -26.446  85.322 0.0000000000
128068  27.057  -26.383  85.272 0.0000000000
45922  27.228  -26.324  86.198 0.0000000000
45888  27.379  -26.517  87.923 0.0000000000
44881  11.501  -27.256  87.746 0.0000000000
141259  11.112  -27.520  88.044 0.0000000000
44869  10.643  -27.298  89.469 0.0000000000
45849  9.493  -26.418  92.618 0.0000000000
127459  43.400  -3.337  55.378 0.0000000000
68734  43.908  -3.303  55.890 0.0000000000
67787  44.142  -3.879  56.861 0.0000000000
59942  43.469  -12.830  68.082 0.0000000000
59932  43.708  -12.935  68.871 0.0000000000
59931  44.346  -12.764  69.439 0.0000000000
58913  44.261  -13.561  70.739 0.0000000000
58912  44.982  -13.169  71.062 0.0000000000
59918  45.481  -12.540  70.616 0.0000000000
39143  6.235  -34.058  88.079 0.0000000000
38268  5.380  -35.008  89.887 0.0000000000
37402  5.160  -35.616  89.086 0.0000000000
38261  5.126  -34.563  91.020 0.0000000000
38262  4.677  -35.239  91.675 0.0000000000
118890  36.928  -13.936  64.180 0.0000000000
59004  36.859  -14.030  64.876 0.0000000000
57878  37.161  -14.251  66.161 0.0000000000
47201  28.996  -25.053  75.831 0.0000000000
122740  29.485  -25.038  76.435 0.0000000000
47188  29.350  -25.494  77.234 0.0000000000
47187  30.188  -25.306  77.724 0.0000000000
47171  30.944  -25.186  78.873 0.0000000000
47156  31.212  -25.338  79.570 0.0000000000
45948  22.357  -26.921  84.215 0.0000000000
124663  21.991  -26.849  84.920 0.0000000000
45949  21.548  -26.835  84.202 0.0000000000
130413  20.795  -26.675  84.041 0.0000000000
45968  19.956  -26.437  83.804 0.0000000000
47112  18.670  -25.975  83.352 0.0000000000
121341  13.843  -27.697  81.968 0.0000000000
44920  13.239  -27.811  83.224 0.0000000000
138912  13.138  -28.091  82.164 0.0000000000
117539  23.025  -26.931  80.917 0.0000000000
117541  22.849  -26.964  81.745 0.0000000000
124686  22.617  -26.970  83.448 0.0000000000
120029  53.578  0.909  53.475 0.0000000000
72424  54.125  1.694  53.906 0.0000000000
73293  53.868  1.793  55.792 0.0000000000
72421  52.620  0.182  54.416 0.0000000000
73284  53.864  1.636  56.823 0.0000000000
73278  53.951  1.508  57.765 0.0000000000
68669  51.119  -3.317  60.061 0.0000000000
69596  51.644  -2.850  60.642 0.0000000000
69569  52.063  -2.172  62.183 0.0000000000
64877  41.671  -7.423  57.383 0.0000000000
64866  42.135  -7.755  58.100 0.0000000000
63962  43.020  -8.054  59.189 0.0000000000
63963  42.639  -8.633  59.530 0.0000000000
134460  43.230  -8.343  59.817 0.0000000000
63961  43.652  -7.838  59.603 0.0000000000
121602  44.387  -8.048  60.941 0.0000000000
63924  45.011  -7.754  61.441 0.0000000000
121754  48.306  -10.035  68.211 0.0000000000
62845  47.954  -9.568  67.294 0.0000000000
56936  33.294  -15.946  68.005 0.0000000000
56927  33.887  -15.971  69.221 0.0000000000
56916  34.778  -15.912  70.322 0.0000000000
55987  34.126  -16.224  70.775 0.0000000000
56915  35.466  -15.777  70.656 0.0000000000
56901  35.880  -15.760  71.381 0.0000000000
56888  36.646  -15.490  71.900 0.0000000000
52004  28.560  -20.095  76.350 0.0000000000
52926  28.775  -19.270  76.711 0.0000000000
52913  29.430  -19.618  77.828 0.0000000000
52914  29.094  -19.251  77.168 0.0000000000
133361  29.289  -18.361  77.226 0.0000000000
54772  29.902  -17.847  77.358 0.0000000000
54771  30.381  -17.886  77.727 0.0000000000
71587  46.898  -0.969  48.921 0.0000000000
70641  48.155  -1.603  49.178 0.0000000000
69700  48.242  -2.245  50.517 0.0000000000
69711  48.468  -2.033  49.758 0.0000000000
70640  49.155  -1.875  49.138 0.0000000000
121757  49.974  -2.344  49.545 0.0000000000
69698  51.626  -2.885  50.599 0.0000000000
120137  52.093  -2.869  51.434 0.0000000000
132667  51.193  -1.828  52.797 0.0000000000
70616  52.020  -1.442  52.957 0.0000000000
72507  54.599  0.669  44.679 0.0000000000
117835  54.002  0.544  45.334 0.0000000000
72490  57.072  1.231  45.519 0.0000000000
71612  57.477  -0.026  46.097 0.0000000000
70677  57.187  -0.941  46.401 0.0000000000
69731  56.782  -2.022  47.245 0.0000000000
69717  55.409  -2.478  48.263 0.0000000000
45978  28.195  -26.657  82.377 0.0000000000
44926  29.042  -27.134  82.638 0.0000000000
133291  28.373  -27.210  84.954 0.0000000000
44899  28.849  -27.651  85.526 0.0000000000
47163  18.621  -25.881  79.901 0.0000000000
47051  15.824  -26.355  88.602 0.0000000000
139298  15.415  -26.273  89.114 0.0000000000
47033  14.901  -26.106  89.588 0.0000000000
117777  14.856  -25.698  91.697 0.0000000000
45873  12.192  -26.270  89.414 0.0000000000
47019  11.758  -25.775  90.939 0.0000000000
46998  12.430  -25.497  91.793 0.0000000000
47018  12.702  -25.721  90.805 0.0000000000
69639  49.841  -2.205  53.474 0.0000000000
69640  49.055  -2.625  54.103 0.0000000000
69630  49.507  -2.513  54.285 0.0000000000
69620  49.318  -2.745  55.296 0.0000000000
69641  48.331  -3.028  54.638 0.0000000000
134280  49.798  -3.049  56.116 0.0000000000
124633  49.922  -3.566  56.869 0.0000000000
68755  44.436  -3.617  53.691 0.0000000000
68744  45.565  -3.476  54.816 0.0000000000
68731  46.770  -3.386  55.553 0.0000000000
68717  46.063  -3.624  56.204 0.0000000000
68716  46.991  -3.572  56.127 0.0000000000
67763  49.211  -4.274  58.073 0.0000000000
68683  50.545  -3.642  59.423 0.0000000000
68670  50.332  -3.459  60.379 0.0000000000
68671  49.549  -3.273  60.666 0.0000000000
68656  49.037  -2.720  61.256 0.0000000000
118537  47.843  -3.077  60.549 0.0000000000
69587  49.442  -2.366  61.908 0.0000000000
69572  49.017  -1.923  62.610 0.0000000000
69560  48.953  -1.890  63.267 0.0000000000
69542  49.435  -2.007  64.041 0.0000000000
61895  41.742  -10.992  62.232 0.0000000000
61894  42.403  -10.473  62.327 0.0000000000
61882  42.656  -10.755  63.248 0.0000000000
61881  43.327  -10.476  63.615 0.0000000000
136936  44.161  -10.580  64.616 0.0000000000
61860  43.866  -11.092  65.093 0.0000000000
61859  44.665  -10.681  65.253 0.0000000000
61858  45.450  -10.474  65.690 0.0000000000
61849  46.429  -10.475  66.741 0.0000000000
59952  44.163  -12.301  67.636 0.0000000000
59941  44.723  -11.997  67.889 0.0000000000
60886  45.373  -11.601  67.715 0.0000000000
60876  45.760  -11.804  69.312 0.0000000000
60885  45.616  -11.680  68.524 0.0000000000
60896  46.149  -11.224  68.001 0.0000000000
61839  47.474  -10.387  67.764 0.0000000000
54854  30.584  -17.557  71.258 0.0000000000
120838  31.099  -17.573  71.897 0.0000000000
54835  31.533  -17.523  72.467 0.0000000000
135612  30.675  -20.654  82.290 0.0000000000
52864  30.711  -19.746  81.898 0.0000000000
129782  30.938  -19.640  83.523 0.0000000000
69686  45.819  -2.280  51.330 0.0000000000
69685  46.763  -2.304  51.242 0.0000000000
69667  48.554  -2.271  52.786 0.0000000000
73344  50.432  1.569  46.636 0.0000000000
41929  7.408  -30.801  90.794 0.0000000000
39134  6.244  -33.454  89.038 0.0000000000
39971  6.102  -32.095  91.254 0.0000000000
134605  5.863  -31.785  92.065 0.0000000000
40849  5.992  -31.198  92.527 0.0000000000
62990  40.754  -9.869  59.201 0.0000000000
61935  41.099  -10.141  59.931 0.0000000000
61925  41.389  -10.382  60.699 0.0000000000
61937  39.864  -10.711  59.320 0.0000000000
60977  40.735  -10.700  60.351 0.0000000000
60976  41.014  -10.925  61.081 0.0000000000
60965  41.199  -11.229  61.785 0.0000000000
60934  41.671  -11.751  63.418 0.0000000000
59998  40.585  -12.308  62.656 0.0000000000
59985  41.071  -12.277  63.324 0.0000000000
60923  41.905  -11.858  63.979 0.0000000000
59977  41.826  -12.310  64.514 0.0000000000
124150  42.208  -12.736  65.838 0.0000000000
59961  41.992  -13.153  66.442 0.0000000000
117969  39.108  -13.396  62.740 0.0000000000
59001  39.897  -13.439  63.953 0.0000000000
58991  39.431  -13.781  64.618 0.0000000000
117911  40.289  -13.532  64.743 0.0000000000
58989  40.924  -13.400  65.370 0.0000000000
59962  41.500  -13.281  65.961 0.0000000000
58977  42.108  -13.354  67.088 0.0000000000
58964  42.174  -13.502  67.846 0.0000000000
58952  42.283  -13.623  68.567 0.0000000000
58935  42.475  -13.789  69.400 0.0000000000
58953  40.943  -13.893  68.317 0.0000000000
58936  41.584  -13.848  69.004 0.0000000000
57829  42.729  -14.358  71.009 0.0000000000
57816  42.772  -14.571  71.706 0.0000000000
57800  43.037  -14.745  72.465 0.0000000000
51125  27.942  -21.226  74.306 0.0000000000
51117  28.441  -21.340  75.202 0.0000000000
48131  28.582  -24.279  74.258 0.0000000000
49136  28.620  -23.708  73.974 0.0000000000
125091  28.831  -23.288  74.338 0.0000000000
50156  29.157  -23.127  74.965 0.0000000000
50145  28.843  -22.220  75.242 0.0000000000
140407  28.786  -21.672  75.627 0.0000000000
51105  28.773  -21.140  76.063 0.0000000000
51104  29.284  -21.514  76.713 0.0000000000
122128  29.403  -21.119  77.280 0.0000000000
51087  29.693  -21.185  77.862 0.0000000000
50111  30.340  -22.325  78.587 0.0000000000
51086  29.946  -21.435  78.628 0.0000000000
51054  30.564  -21.155  81.657 0.0000000000
118143  28.238  -26.297  79.992 0.0000000000
46033  29.262  -26.446  79.628 0.0000000000
46016  29.878  -26.673  80.383 0.0000000000
46032  30.272  -26.332  79.694 0.0000000000
47144  30.939  -25.950  79.829 0.0000000000
44917  31.626  -27.585  83.037 0.0000000000
134046  31.605  -26.957  82.497 0.0000000000
45994  31.517  -26.457  81.867 0.0000000000
47131  31.660  -25.694  81.344 0.0000000000
138579  31.744  -25.208  81.033 0.0000000000
48072  31.702  -24.670  80.796 0.0000000000
50079  31.171  -23.102  81.025 0.0000000000
117710  31.666  -23.738  83.173 0.0000000000
50063  31.275  -23.093  81.856 0.0000000000
50080  30.887  -22.362  81.521 0.0000000000
141038  30.705  -21.763  81.813 0.0000000000
51043  30.714  -21.414  82.217 0.0000000000
45880  25.649  -26.192  89.093 0.0000000000
47026  24.494  -25.966  89.821 0.0000000000
137190  23.233  -25.894  89.478 0.0000000000
45908  21.527  -26.651  86.650 0.0000000000
45909  20.737  -26.585  86.294 0.0000000000
47046  20.512  -26.340  88.522 0.0000000000
124006  19.182  -26.401  87.870 0.0000000000
124685  18.385  -26.407  87.923 0.0000000000
133228  18.131  -26.400  87.495 0.0000000000
47064  17.617  -26.409  87.800 0.0000000000
47065  16.231  -26.351  87.224 0.0000000000
134333  18.551  -25.864  80.680 0.0000000000
47125  16.732  -25.986  82.470 0.0000000000
141630  17.277  -26.001  83.623 0.0000000000
117529  17.017  -26.046  84.798 0.0000000000
123263  15.436  -26.360  87.332 0.0000000000
45912  13.972  -26.484  86.870 0.0000000000
131888  13.788  -26.609  86.099 0.0000000000
125241  13.260  -26.665  86.542 0.0000000000
44891  11.845  -27.561  86.427 0.0000000000
139556  12.489  -27.812  84.591 0.0000000000
117311  12.454  -27.631  85.093 0.0000000000
43901  10.716  -28.626  86.621 0.0000000000
42960  10.273  -29.231  86.237 0.0000000000
42961  9.855  -29.693  86.704 0.0000000000
41974  8.866  -30.839  86.824 0.0000000000
40882  7.911  -31.925  86.768 0.0000000000
40013  7.314  -32.642  86.258 0.0000000000
125207  6.997  -33.095  86.670 0.0000000000
47217  27.312  -25.202  74.985 0.0000000000
118283  26.758  -25.407  75.804 0.0000000000
47203  27.212  -25.474  76.572 0.0000000000
46063  25.071  -26.087  77.034 0.0000000000
46051  26.447  -25.884  78.881 0.0000000000
118966  26.838  -25.892  79.510 0.0000000000
136555  26.687  -26.131  80.739 0.0000000000
45999  26.401  -26.326  81.340 0.0000000000
120944  26.485  -26.500  82.930 0.0000000000
118633  24.739  -26.894  83.097 0.0000000000
47057  26.201  -25.977  87.223 0.0000000000
119605  25.017  -26.523  86.208 0.0000000000
43853  8.997  -29.515  89.892 0.0000000000
42901  8.481  -29.276  91.208 0.0000000000
43817  8.942  -28.603  91.244 0.0000000000
44826  9.194  -27.267  92.455 0.0000000000
73302  54.906  2.637  54.520 0.0000000000
74194  55.836  3.251  54.812 0.0000000000
70579  50.468  -1.808  54.166 0.0000000000
70567  52.079  -1.498  56.407 0.0000000000
70560  51.769  -2.110  56.930 0.0000000000
70559  52.402  -1.280  57.245 0.0000000000
139141  53.695  0.766  58.696 0.0000000000
122797  53.973  0.935  59.338 0.0000000000
69595  52.183  -2.229  60.244 0.0000000000
71511  53.092  -0.650  60.161 0.0000000000
70534  53.424  -0.843  61.613 0.0000000000
137351  53.401  -0.573  60.913 0.0000000000
72392  54.406  1.085  60.327 0.0000000000
68721  42.006  -3.549  56.417 0.0000000000
67788  43.319  -3.895  56.824 0.0000000000
67777  44.571  -4.264  57.453 0.0000000000
65759  43.503  -6.412  58.289 0.0000000000
136367  43.487  -5.517  57.742 0.0000000000
66788  44.505  -4.989  58.628 0.0000000000
67745  46.141  -4.315  60.334 0.0000000000
66755  46.919  -4.978  61.337 0.0000000000
67733  47.195  -4.078  61.598 0.0000000000
68644  47.561  -3.199  61.911 0.0000000000
67722  48.097  -3.410  62.563 0.0000000000
68635  48.982  -2.711  63.550 0.0000000000
68625  49.691  -3.188  64.218 0.0000000000
62928  43.588  -9.560  62.540 0.0000000000
62927  44.190  -9.316  62.954 0.0000000000
62908  45.051  -9.292  63.945 0.0000000000
63897  44.721  -9.116  63.317 0.0000000000
63911  44.716  -8.692  62.661 0.0000000000
139715  45.227  -8.343  62.744 0.0000000000
64814  45.744  -7.902  62.805 0.0000000000
64803  46.598  -7.507  63.241 0.0000000000
63869  47.519  -8.702  65.930 0.0000000000
64772  47.797  -8.055  65.653 0.0000000000
138880  48.536  -7.813  66.322 0.0000000000
64792  47.581  -7.416  64.412 0.0000000000
64802  47.345  -7.123  63.664 0.0000000000
65704  48.504  -6.153  63.714 0.0000000000
66718  49.755  -5.627  65.518 0.0000000000
66723  49.618  -5.341  64.659 0.0000000000
66732  49.384  -4.961  63.871 0.0000000000
67708  49.822  -4.392  64.381 0.0000000000
68624  50.186  -2.462  64.772 0.0000000000
57883  36.170  -14.221  65.165 0.0000000000
118264  36.296  -14.401  65.907 0.0000000000
57868  37.251  -14.315  67.090 0.0000000000
56944  33.954  -15.667  67.536 0.0000000000
56943  34.932  -15.323  67.505 0.0000000000
57859  35.721  -15.113  68.083 0.0000000000
57845  35.936  -15.219  68.918 0.0000000000
57870  35.712  -14.874  67.136 0.0000000000
57869  36.507  -14.644  67.583 0.0000000000
58955  38.782  -14.034  68.243 0.0000000000
58917  39.699  -13.903  70.194 0.0000000000
58918  38.952  -13.951  70.511 0.0000000000
124353  39.538  -13.931  70.875 0.0000000000
121037  40.272  -13.937  70.738 0.0000000000
58897  40.836  -14.063  71.370 0.0000000000
57801  42.155  -14.527  72.277 0.0000000000
52943  27.101  -18.863  74.793 0.0000000000
54820  29.551  -17.319  73.458 0.0000000000
120449  30.119  -17.455  72.863 0.0000000000
54818  31.480  -17.525  73.229 0.0000000000
52873  30.746  -19.100  81.136 0.0000000000
53765  30.704  -18.177  79.486 0.0000000000
54765  30.717  -17.874  78.451 0.0000000000
55895  31.089  -17.642  78.084 0.0000000000
55871  32.735  -16.742  80.432 0.0000000000
118161  33.380  -16.638  79.895 0.0000000000
55885  32.711  -16.920  79.621 0.0000000000
55886  31.994  -17.269  79.290 0.0000000000
55906  30.783  -17.660  77.308 0.0000000000
55916  31.355  -17.466  76.704 0.0000000000
55915  32.772  -17.292  76.314 0.0000000000
54799  32.367  -17.363  74.589 0.0000000000
55953  32.967  -17.159  73.097 0.0000000000
55952  33.758  -16.812  73.375 0.0000000000
55951  34.558  -16.523  73.651 0.0000000000
55937  35.187  -16.495  75.031 0.0000000000
55950  35.282  -16.336  74.094 0.0000000000
56879  36.043  -16.017  73.742 0.0000000000
56878  36.849  -15.651  73.506 0.0000000000
56877  37.483  -15.279  73.356 0.0000000000
56834  37.176  -15.648  78.147 0.0000000000
56841  37.387  -15.767  77.296 0.0000000000
56851  37.488  -15.794  76.436 0.0000000000
56850  38.164  -15.553  76.052 0.0000000000
56859  38.045  -15.377  75.098 0.0000000000
57775  38.311  -15.002  74.199 0.0000000000
57789  37.957  -15.013  73.588 0.0000000000
132172  38.929  -14.705  74.122 0.0000000000
57787  39.422  -14.470  73.686 0.0000000000
58840  40.236  -14.326  74.059 0.0000000000
118495  40.886  -14.194  74.734 0.0000000000
58839  41.123  -14.272  73.911 0.0000000000
73340  50.913  1.015  47.078 0.0000000000
72472  52.376  0.055  47.457 0.0000000000
71604  52.685  -0.057  47.542 0.0000000000
70663  53.706  -0.527  47.736 0.0000000000
121927  55.944  -2.571  48.925 0.0000000000
69708  52.425  -2.651  49.748 0.0000000000
117366  54.184  -2.713  50.076 0.0000000000
69695  54.380  -2.668  50.936 0.0000000000
117470  55.073  -2.629  50.286 0.0000000000
69705  55.972  -2.526  49.773 0.0000000000
70633  57.184  -1.068  50.771 0.0000000000
71581  57.559  -0.092  51.592 0.0000000000
42899  6.441  -29.740  93.484 0.0000000000
43852  9.810  -28.815  89.224 0.0000000000
48116  29.359  -24.417  75.552 0.0000000000
52008  27.948  -20.560  74.999 0.0000000000
53754  30.833  -18.431  80.378 0.0000000000
55884  33.975  -16.256  80.123 0.0000000000
55913  35.433  -16.541  76.619 0.0000000000
56860  37.541  -15.732  75.696 0.0000000000
57788  38.625  -14.686  73.392 0.0000000000
57857  37.303  -14.363  67.974 0.0000000000
58857  40.691  -14.283  73.369 0.0000000000
58876  39.176  -14.150  72.070 0.0000000000
58915  42.331  -14.123  70.310 0.0000000000
58954  39.645  -13.997  68.100 0.0000000000
59943  42.742  -13.283  68.155 0.0000000000
60012  40.153  -12.306  62.023 0.0000000000
61950  39.699  -10.256  58.728 0.0000000000
64865  42.945  -7.164  58.275 0.0000000000
66768  45.731  -5.111  60.259 0.0000000000
66795  44.207  -4.849  58.031 0.0000000000
67754  49.923  -4.005  58.754 0.0000000000
67756  48.198  -3.994  59.137 0.0000000000
67762  49.987  -3.973  57.745 0.0000000000
68655  49.995  -3.037  61.189 0.0000000000
68692  51.221  -3.105  58.153 0.0000000000
68702  47.267  -4.049  56.786 0.0000000000
70580  50.064  -2.098  53.885 0.0000000000
70597  51.749  -0.971  53.230 0.0000000000
71610  59.146  0.250  45.896 0.0000000000
73359  57.363  1.496  44.550 0.0000000000
124539  47.544  -2.920  61.258 0.0000000000
126539  39.313  -13.938  65.451 0.0000000000
129672  30.800  -21.294  82.872 0.0000000000
134399  40.401  -11.296  60.741 0.0000000000
135519  47.132  -5.734  61.748 0.0000000000
137850  34.427  -15.791  68.839 0.0000000000
139783  31.301  -18.187  83.382 0.0000000000
140899  38.076  -14.667  72.105 0.0000000000
141382  11.215  -25.768  91.349 0.0000000000
