#!ascii label  , from subject sub-fsm27uz vox2ras=TkReg
1668
5237  23.984  -75.685  15.367 0.6999999881
117708  24.242  -76.059  13.937 0.8000000119
5261  23.858  -76.063  13.214 0.8000000119
5260  24.225  -76.657  12.293 0.6999999881
5236  24.204  -76.697  15.659 0.6000000238
120451  24.285  -76.325  14.754 0.6000000238
119582  24.464  -76.677  13.281 0.6000000238
4696  24.051  -77.035  16.437 0.6000000238
5824  23.456  -75.542  14.002 0.8000000119
125929  22.939  -75.816  13.348 0.6999999881
5276  22.191  -76.714  12.106 0.6999999881
127826  23.926  -76.233  16.312 0.6000000238
5250  24.016  -75.673  14.521 0.6999999881
120442  23.135  -76.293  12.628 0.6999999881
128151  24.063  -77.496  17.659 0.6000000238
4671  24.246  -77.711  18.367 0.6000000238
4167  24.490  -78.294  17.639 0.6000000238
3674  25.362  -79.194  18.931 0.6000000238
130670  25.063  -79.134  18.034 0.6000000238
5826  20.775  -75.581  13.655 0.8000000119
5263  20.330  -76.098  12.881 0.8000000119
5277  20.849  -76.662  12.281 0.6999999881
5278  20.069  -76.456  12.029 0.6999999881
135763  19.995  -76.769  10.961 0.6999999881
5825  22.017  -75.539  13.898 0.8000000119
5262  21.567  -76.209  13.112 0.6999999881
5293  20.484  -76.892  11.535 0.6999999881
5812  22.586  -75.041  14.521 0.6999999881
5811  23.521  -75.163  14.796 0.6999999881
4672  23.815  -76.962  18.169 0.6000000238
4684  23.814  -76.798  17.203 0.6000000238
4155  24.755  -78.461  18.595 0.6000000238
3662  25.618  -79.269  19.834 0.6000000238
3158  26.310  -80.754  20.638 0.6999999881
2654  25.595  -81.340  22.476 0.5000000000
2663  26.016  -80.846  21.640 0.6000000238
2238  25.574  -82.266  22.489 0.5000000000
5827  20.150  -75.361  13.209 0.8999999762
5837  19.886  -75.849  12.304 0.8000000119
130201  19.718  -75.960  11.486 0.6999999881
5813  21.287  -75.063  14.354 0.6999999881
5814  20.458  -74.920  13.939 0.8999999762
5294  19.719  -76.247  10.786 0.6999999881
136475  22.899  -74.662  15.016 0.8000000119
6453  21.910  -74.544  14.926 0.8000000119
6437  23.470  -74.739  15.575 0.8000000119
130619  23.580  -75.082  16.912 0.6999999881
5801  23.741  -75.326  16.219 0.6999999881
123706  23.659  -75.842  17.038 0.8000000119
5222  23.594  -76.155  17.916 0.8000000119
138979  23.986  -77.124  19.128 0.6999999881
4656  24.478  -77.889  19.071 0.6999999881
4145  24.992  -78.457  19.545 0.6000000238
125206  25.995  -80.050  21.112 0.6999999881
6467  20.210  -74.751  13.437 0.8999999762
5864  19.534  -75.929  9.817 0.6999999881
6454  20.915  -74.388  14.582 0.8000000119
6455  20.436  -74.177  13.880 0.8000000119
6439  21.530  -73.864  15.179 0.6999999881
7093  23.363  -73.728  16.705 0.6999999881
7106  23.127  -73.942  16.024 0.6000000238
6428  23.502  -74.518  16.395 0.8000000119
6408  23.386  -74.695  18.408 0.8000000119
5214  23.603  -76.335  18.798 0.8000000119
4643  23.978  -76.900  20.133 0.6999999881
4642  24.433  -77.432  20.660 0.8000000119
119544  24.450  -77.648  19.785 0.6999999881
4120  24.955  -78.082  21.101 0.8000000119
121200  25.516  -79.562  22.337 0.6999999881
3632  25.594  -79.322  21.597 0.6999999881
3647  25.300  -78.668  20.411 0.6999999881
3135  25.434  -80.278  22.712 0.6999999881
3149  25.744  -80.029  21.856 0.6999999881
9144  12.683  -70.035  12.407 0.6000000238
9744  12.204  -69.421  12.203 0.6000000238
128898  10.607  -70.749  12.082 0.6000000238
9146  9.810  -70.692  12.279 0.6999999881
6478  19.984  -75.058  12.761 0.8999999762
5849  19.745  -75.704  10.660 0.6999999881
7107  22.277  -73.423  15.733 0.6000000238
118417  23.298  -72.975  17.056 0.6000000238
7094  22.855  -72.992  16.377 0.6000000238
7079  23.379  -73.850  18.145 0.6999999881
7068  23.279  -74.005  19.123 0.6999999881
8584  18.465  -71.956  10.371 0.6999999881
131244  18.113  -72.345  10.356 0.6999999881
5770  23.369  -74.943  19.485 0.8000000119
5784  23.451  -75.552  18.611 0.8000000119
124530  18.580  -70.820  10.969 0.6000000238
8565  18.230  -71.373  11.307 0.6000000238
7854  17.936  -72.158  10.920 0.6999999881
127664  23.646  -76.338  19.658 0.6999999881
8553  18.392  -71.310  12.604 0.5000000000
7826  18.153  -72.156  13.463 0.6999999881
4630  24.524  -77.265  21.568 0.8000000119
9155  18.573  -70.492  11.843 0.5000000000
9143  18.685  -70.444  13.197 0.5000000000
4119  25.261  -78.482  21.805 0.6999999881
9729  18.576  -69.602  13.592 0.5000000000
10331  18.766  -68.411  12.981 0.6000000238
10318  18.137  -68.952  13.719 0.5000000000
9720  17.299  -69.417  14.030 0.6000000238
9133  16.696  -70.120  14.264 0.6999999881
9135  14.826  -70.408  13.517 0.6999999881
138860  16.644  -68.824  13.514 0.5000000000
9730  16.243  -69.471  13.714 0.6000000238
9134  15.878  -70.291  13.900 0.6000000238
9732  13.406  -69.580  12.490 0.6000000238
10951  17.395  -67.813  13.070 0.6000000238
129259  15.220  -69.491  13.318 0.6000000238
9742  13.625  -68.961  12.296 0.6000000238
10332  16.468  -68.049  12.949 0.5000000000
10320  15.727  -68.726  13.119 0.5000000000
10335  12.921  -68.647  12.218 0.6000000238
129444  11.395  -69.626  12.190 0.6000000238
9746  9.967  -69.724  12.454 0.6999999881
10310  9.462  -69.113  14.166 0.6000000238
9115  9.819  -70.689  14.702 0.6999999881
10321  14.614  -68.652  12.562 0.6000000238
10334  13.793  -68.155  12.185 0.6000000238
10336  11.777  -68.776  12.328 0.6000000238
10337  10.868  -68.465  12.600 0.6999999881
10942  9.490  -68.116  13.576 0.5000000000
6495  19.928  -75.382  11.615 0.8999999762
7108  21.449  -73.056  15.337 0.6000000238
7119  20.844  -73.413  14.524 0.6999999881
6508  20.093  -75.037  10.371 0.8000000119
5876  19.151  -75.515  9.167 0.6999999881
6518  19.847  -74.325  9.499 0.6999999881
127517  23.398  -73.079  17.868 0.6999999881
7872  19.125  -72.593  9.692 0.8000000119
7873  18.378  -72.471  10.018 0.6000000238
8583  18.920  -71.900  10.095 0.6999999881
137296  19.522  -71.279  10.138 0.6000000238
5190  24.028  -76.566  21.154 0.8000000119
5743  23.798  -74.662  21.454 0.8000000119
137929  24.371  -76.599  21.988 0.8000000119
9766  18.926  -69.909  11.380 0.5000000000
4618  24.809  -77.074  22.444 0.8000000119
9741  18.917  -69.543  12.562 0.5000000000
10348  19.153  -67.946  12.029 0.5000000000
138419  18.848  -67.750  12.450 0.6000000238
10959  18.443  -67.520  12.670 0.6000000238
10960  17.770  -67.270  12.696 0.6000000238
10300  10.882  -68.666  15.227 0.5000000000
10333  15.324  -67.929  12.457 0.5000000000
10301  10.020  -68.641  14.601 0.5000000000
9711  10.316  -69.516  14.834 0.6000000238
125053  14.482  -67.777  12.150 0.6000000238
125418  13.324  -67.824  12.280 0.6999999881
10965  11.365  -67.737  12.655 0.6999999881
10322  9.680  -68.329  13.119 0.6999999881
10963  14.893  -67.097  11.906 0.6000000238
10966  10.265  -67.696  13.014 0.6000000238
11673  14.557  -66.211  12.011 0.6999999881
121500  13.058  -67.017  12.366 0.6000000238
124307  11.901  -66.747  12.705 0.5000000000
7127  20.729  -73.471  13.494 0.6999999881
6477  20.364  -74.591  12.126 0.6999999881
6494  20.554  -74.613  10.905 0.6999999881
7166  20.621  -74.226  10.045 0.8000000119
8582  19.763  -72.005  9.766 0.6999999881
7871  20.096  -72.808  9.542 0.6999999881
10289  12.478  -68.527  16.428 0.5000000000
11684  19.238  -66.534  11.271 0.5000000000
126137  18.874  -67.105  11.948 0.6000000238
10299  11.900  -68.760  15.893 0.5000000000
11685  18.655  -66.003  11.503 0.5000000000
123197  19.382  -65.533  10.883 0.5000000000
11669  18.158  -66.602  12.206 0.6000000238
10961  16.867  -67.206  12.569 0.6000000238
10952  9.751  -67.318  13.526 0.5000000000
12424  18.688  -64.625  11.104 0.5000000000
11686  17.924  -65.452  11.666 0.6000000238
11671  16.118  -65.529  11.674 0.6000000238
12411  16.982  -64.782  11.577 0.6000000238
7139  20.830  -73.755  12.565 0.6999999881
7153  21.183  -74.090  11.379 0.6999999881
12413  14.138  -65.264  12.327 0.5000000000
11675  12.747  -66.185  12.562 0.5000000000
12425  17.820  -64.449  11.433 0.5000000000
11687  16.031  -64.434  11.661 0.5000000000
12412  15.194  -65.159  11.887 0.5000000000
11674  13.626  -66.225  12.290 0.5000000000
13169  14.102  -64.596  12.779 0.5000000000
13152  13.126  -64.792  13.300 0.5000000000
13902  17.276  -62.903  12.178 0.5000000000
13150  14.901  -64.100  12.783 0.5000000000
12414  13.095  -65.530  12.665 0.5000000000
13917  17.724  -63.084  11.831 0.5000000000
13167  16.235  -63.578  11.960 0.5000000000
13168  15.456  -64.068  12.104 0.5000000000
13183  18.225  -63.659  11.450 0.5000000000
138927  16.623  -63.863  11.634 0.5000000000
13149  16.244  -63.476  13.308 0.5000000000
9079  15.065  -70.676  17.852 0.6000000238
8476  14.688  -71.482  17.726 0.6000000238
9679  14.688  -69.927  17.685 0.5000000000
8463  15.826  -71.554  18.492 0.6999999881
131747  15.278  -71.934  18.224 0.6000000238
7777  14.639  -72.294  18.084 0.6000000238
6395  15.533  -74.094  20.024 0.6999999881
7752  17.047  -72.227  19.650 0.6000000238
139034  16.333  -73.096  19.630 0.6999999881
7069  15.725  -73.030  19.145 0.6999999881
7070  14.918  -73.292  18.896 0.6999999881
6370  16.668  -74.586  21.341 0.8000000119
8448  17.419  -71.662  19.762 0.5000000000
9057  16.415  -71.214  18.806 0.5000000000
7057  16.602  -73.482  20.205 0.8000000119
7049  17.301  -73.208  20.557 0.6000000238
5717  16.943  -75.351  23.647 0.6999999881
9029  18.376  -71.117  20.502 0.5000000000
9043  17.132  -70.933  19.297 0.5000000000
6357  17.085  -74.864  22.061 0.6999999881
5744  16.442  -75.250  21.886 0.6999999881
6369  17.409  -74.273  21.730 0.6999999881
121803  17.878  -72.915  20.946 0.6999999881
135236  15.727  -74.506  25.147 0.6999999881
6329  17.374  -74.402  24.263 0.6999999881
7740  18.269  -72.321  20.955 0.6000000238
7037  17.700  -73.542  21.334 0.8000000119
12288  10.906  -65.602  20.270 0.6999999881
125802  11.709  -67.161  20.358 0.8000000119
9609  19.928  -70.067  23.005 0.4000000060
6997  15.508  -73.860  24.909 0.6999999881
9019  19.667  -70.713  22.433 0.5000000000
118841  16.305  -74.184  24.875 0.6999999881
8422  19.143  -71.443  21.572 0.6000000238
119155  18.969  -72.550  22.393 0.6000000238
6356  17.616  -74.623  22.696 0.6999999881
7036  18.408  -72.996  21.717 0.8000000119
6343  18.185  -74.008  23.137 0.8000000119
18512  12.786  -57.036  22.104 0.5000000000
18513  12.494  -57.555  21.607 0.5000000000
17668  11.586  -58.149  20.977 0.5000000000
16062  9.727  -61.045  17.502 0.5000000000
15268  10.393  -61.990  19.478 0.6000000238
15276  10.091  -61.489  18.594 0.6000000238
15292  8.501  -61.129  17.161 0.6000000238
136644  7.030  -59.109  18.776 0.6000000238
13816  9.313  -63.166  19.016 0.6999999881
15269  9.623  -62.099  18.867 0.6999999881
13070  9.909  -64.516  19.536 0.6999999881
131390  9.417  -63.853  19.107 0.6999999881
8401  15.008  -71.898  22.898 0.6999999881
9021  14.325  -70.651  21.653 0.6999999881
10231  13.350  -68.705  21.083 0.8000000119
8996  19.540  -70.485  23.521 0.5000000000
125983  15.240  -73.068  24.162 0.6999999881
8411  19.521  -71.349  22.701 0.6000000238
134540  16.172  -73.398  24.592 0.8000000119
137434  18.566  -72.675  23.778 0.6999999881
136192  16.761  -73.013  24.453 0.8000000119
6995  17.884  -73.810  24.063 0.8000000119
141267  12.532  -56.104  21.989 0.5000000000
19453  12.750  -56.421  21.695 0.6000000238
20383  12.979  -55.285  20.498 0.5000000000
18531  12.930  -56.608  20.266 0.6000000238
18522  12.318  -57.436  20.629 0.6000000238
141756  10.257  -58.207  19.661 0.6000000238
140401  11.126  -57.708  19.182 0.6000000238
18533  10.201  -57.924  18.847 0.5000000000
120765  10.656  -60.658  17.372 0.5000000000
16074  9.852  -60.490  16.536 0.5000000000
15275  10.775  -61.344  19.085 0.6000000238
16087  8.627  -59.903  16.588 0.6000000238
16076  8.094  -60.268  16.810 0.6999999881
130955  8.500  -58.467  19.256 0.6000000238
14551  11.007  -62.273  20.184 0.6000000238
13803  10.606  -63.480  20.343 0.6999999881
14569  8.638  -62.740  18.142 0.6999999881
15278  8.359  -61.950  17.698 0.6999999881
15293  7.529  -61.514  17.220 0.8000000119
16880  7.427  -59.148  18.060 0.6999999881
13802  11.261  -63.435  20.815 0.6999999881
13057  10.638  -64.824  20.216 0.6999999881
12287  11.409  -65.138  20.850 0.6999999881
11536  11.419  -66.244  20.537 0.8000000119
126311  13.174  -67.839  21.398 0.8000000119
126488  12.246  -67.411  20.727 0.8000000119
8986  18.642  -70.603  24.205 0.5000000000
10213  16.519  -68.872  23.619 0.6000000238
8412  15.202  -71.164  22.625 0.8000000119
10230  14.113  -69.029  21.602 0.8000000119
7695  18.952  -72.108  23.633 0.6000000238
8987  17.711  -70.748  24.169 0.6999999881
8400  15.640  -71.439  23.211 0.8000000119
8390  17.876  -71.670  24.280 0.6999999881
8391  16.996  -71.333  24.021 0.6999999881
131024  18.131  -72.959  24.114 0.8000000119
20367  11.360  -55.547  21.431 0.4000000060
20384  11.934  -55.067  20.674 0.5000000000
19476  13.256  -56.152  19.532 0.4000000060
19477  12.447  -56.856  19.074 0.5000000000
18539  10.253  -57.666  17.810 0.5000000000
16060  11.483  -60.556  18.226 0.5000000000
16896  10.473  -59.829  15.439 0.6000000238
17700  9.408  -58.882  16.543 0.6000000238
18540  9.537  -57.988  18.043 0.6000000238
15267  11.240  -61.563  19.710 0.6000000238
17692  8.777  -58.826  17.210 0.6999999881
17686  8.143  -58.727  17.906 0.6999999881
131095  11.511  -62.674  20.729 0.6000000238
11518  12.474  -66.357  21.512 0.8000000119
10214  15.719  -68.553  23.174 0.6999999881
9594  15.967  -69.525  23.144 0.6999999881
9610  15.336  -69.872  22.560 0.8000000119
135115  14.455  -68.589  22.136 0.8000000119
139609  16.898  -70.635  23.819 0.6999999881
20385  10.245  -55.391  20.319 0.4000000060
134448  8.986  -55.734  20.256 0.4000000060
20369  8.281  -56.008  20.840 0.4000000060
21323  13.140  -54.677  19.723 0.5000000000
21324  12.410  -54.710  20.055 0.4000000060
20353  7.849  -55.682  21.535 0.5000000000
19486  11.954  -56.991  18.071 0.5000000000
19506  11.592  -56.997  16.107 0.5000000000
18548  10.344  -57.620  16.880 0.5000000000
132064  12.262  -56.793  15.585 0.5000000000
17691  9.293  -58.448  17.126 0.6999999881
135540  11.764  -64.140  21.295 0.6000000238
10865  13.307  -67.239  21.888 0.8000000119
10843  15.841  -67.683  23.470 0.6000000238
10852  15.142  -67.838  23.014 0.6000000238
11503  14.198  -66.467  22.772 0.6999999881
12262  13.260  -65.470  22.352 0.6999999881
10223  15.001  -68.572  22.598 0.6999999881
138078  6.664  -53.740  22.025 0.3000000119
21340  12.122  -54.220  19.279 0.4000000060
21325  10.823  -54.713  19.430 0.3000000119
21326  9.188  -55.159  19.311 0.4000000060
121403  8.301  -54.867  19.430 0.4000000060
21327  7.694  -55.084  20.142 0.4000000060
21307  6.886  -54.683  21.439 0.5000000000
20397  13.531  -55.031  19.496 0.4000000060
133706  6.906  -53.911  21.283 0.3000000119
19485  12.951  -56.313  18.445 0.4000000060
19517  11.846  -57.769  15.008 0.5000000000
19494  13.150  -56.018  17.520 0.4000000060
17709  11.993  -59.257  14.217 0.6000000238
19493  13.566  -55.626  18.366 0.4000000060
18571  12.495  -58.399  14.154 0.4000000060
19505  12.526  -56.338  16.500 0.5000000000
12270  12.437  -65.739  21.653 0.6999999881
10854  13.959  -67.225  22.393 0.6999999881
21296  6.957  -54.630  22.113 0.4000000060
133740  7.488  -53.902  20.702 0.4000000060
23170  7.529  -52.554  21.678 0.3000000119
21339  13.560  -54.412  19.015 0.3000000119
20421  13.310  -55.689  16.841 0.4000000060
19515  13.235  -56.847  14.569 0.4000000060
136109  13.072  -56.074  15.610 0.4000000060
21341  9.791  -54.319  18.740 0.3000000119
21342  8.998  -54.376  18.910 0.3000000119
21343  8.637  -54.026  19.450 0.4000000060
23208  9.001  -53.387  20.104 0.3000000119
130118  8.213  -52.797  21.166 0.3000000119
21362  11.439  -53.572  18.449 0.3000000119
21360  14.060  -54.334  18.241 0.3000000119
20450  13.815  -55.241  15.563 0.3000000119
21383  14.258  -54.426  17.322 0.3000000119
20465  13.678  -56.032  14.775 0.3000000119
23226  9.200  -53.420  19.315 0.3000000119
23189  9.795  -52.762  21.500 0.3000000119
23225  9.701  -52.855  18.931 0.3000000119
127562  9.846  -52.822  20.342 0.3000000119
21359  14.183  -53.664  17.660 0.3000000119
21382  14.396  -53.773  16.886 0.3000000119
136041  14.251  -54.615  15.468 0.3000000119
23171  6.941  -52.632  22.346 0.3000000119
23240  10.217  -52.208  18.517 0.3000000119
24180  10.200  -52.053  19.164 0.3000000119
23252  14.063  -52.481  16.920 0.3000000119
8538  18.396  -71.297  13.765 0.6000000238
9123  18.002  -70.632  14.393 0.6999999881
140171  17.223  -71.652  14.606 0.6999999881
137572  15.663  -71.018  14.042 0.6999999881
123769  11.049  -57.245  17.470 0.4000000060
18559  10.378  -58.208  16.054 0.6000000238
23169  9.160  -52.575  21.630 0.3000000119
5249  24.533  -76.893  14.174 0.6999999881
5292  21.531  -77.152  11.289 0.6999999881
3661  26.072  -79.995  20.232 0.6000000238
3646  25.711  -79.355  20.703 0.6999999881
6509  19.643  -75.212  9.679 0.6999999881
5191  23.697  -76.210  20.451 0.8000000119
4134  25.415  -78.790  21.100 0.6999999881
4106  24.914  -77.783  21.941 0.8000000119
9733  9.175  -69.421  13.047 0.6999999881
9719  18.083  -69.885  14.197 0.5000000000
9731  14.220  -69.537  12.842 0.6000000238
9114  10.861  -70.193  15.254 0.6000000238
10964  13.980  -67.201  12.089 0.6999999881
118528  19.494  -73.381  9.396 0.8000000119
9158  19.438  -70.491  10.509 0.5000000000
140769  19.170  -69.458  11.150 0.6000000238
11670  17.227  -66.217  12.061 0.6000000238
7697  15.484  -72.233  23.537 0.8000000119
1394  27.834  -84.327  27.519 0.4000000060
1104  28.378  -84.880  27.100 0.4000000060
2172  24.997  -82.536  27.915 0.3000000119
1396  25.779  -84.413  28.315 0.4000000060
1106  26.418  -85.169  27.881 0.4000000060
2609  27.259  -81.498  25.817 0.4000000060
2193  27.348  -82.261  26.336 0.5000000000
1766  27.739  -82.878  26.878 0.5000000000
2596  26.570  -81.692  26.663 0.3000000119
2170  26.913  -82.477  27.058 0.4000000060
1752  28.127  -83.623  27.320 0.4000000060
2584  25.235  -81.942  27.489 0.3000000119
134680  26.316  -83.414  28.056 0.3000000119
126468  27.315  -83.770  27.712 0.3000000119
2585  24.654  -82.097  27.402 0.3000000119
2610  26.301  -80.779  26.287 0.4000000060
2624  27.821  -80.987  24.937 0.4000000060
2608  27.870  -82.022  25.047 0.5000000000
3096  26.029  -79.934  25.769 0.3000000119
3085  24.937  -80.892  26.536 0.3000000119
2194  24.288  -81.859  26.089 0.4000000060
2611  24.498  -81.171  26.209 0.3000000119
138293  24.844  -81.350  23.765 0.4000000060
2223  24.814  -82.116  23.895 0.4000000060
2222  25.222  -82.702  23.181 0.4000000060
3109  27.656  -79.993  24.883 0.4000000060
3576  26.866  -79.523  25.194 0.4000000060
3591  26.637  -78.895  24.758 0.4000000060
4093  28.122  -78.433  23.458 0.5000000000
3097  25.233  -80.237  25.902 0.4000000060
3592  25.884  -79.011  24.692 0.4000000060
2639  24.549  -81.312  24.520 0.4000000060
3121  24.800  -80.600  24.073 0.5000000000
3593  25.247  -79.560  24.727 0.4000000060
129586  25.168  -80.960  23.265 0.4000000060
2672  26.362  -81.607  20.937 0.6000000238
2253  26.024  -81.868  21.759 0.4000000060
4602  27.925  -77.626  23.089 0.6000000238
4603  27.238  -77.316  23.568 0.6000000238
4081  26.420  -78.346  24.284 0.6000000238
4095  26.206  -77.752  23.815 0.6000000238
4082  25.755  -78.429  23.950 0.6000000238
4096  25.642  -77.757  23.426 0.6999999881
3607  25.118  -79.843  23.852 0.5000000000
119223  25.372  -79.189  23.244 0.6000000238
4105  25.244  -77.922  22.662 0.6999999881
5176  27.356  -75.998  21.897 0.6999999881
5728  26.903  -75.770  22.463 0.6999999881
5162  27.351  -76.394  22.691 0.6000000238
5163  26.566  -76.091  23.009 0.6999999881
6354  25.211  -74.963  22.321 0.6999999881
135709  24.086  -75.162  21.869 0.6999999881
121393  23.462  -74.812  20.612 0.6999999881
4605  25.867  -77.094  23.458 0.6999999881
5164  24.762  -76.221  22.565 0.6999999881
141728  25.043  -76.701  22.836 0.6999999881
132442  26.291  -74.663  21.256 0.5000000000
7032  25.694  -73.986  21.367 0.6000000238
5729  26.071  -75.444  22.595 0.6999999881
6367  25.105  -74.192  21.842 0.6000000238
6355  24.474  -74.544  21.911 0.6999999881
7034  24.483  -73.747  21.578 0.6999999881
5715  25.890  -76.020  23.036 0.6999999881
6381  23.604  -74.030  21.027 0.6999999881
123253  23.350  -74.060  20.126 0.6000000238
7033  25.085  -73.379  21.469 0.6000000238
7723  25.062  -72.690  21.179 0.6000000238
7739  23.934  -72.694  20.875 0.6000000238
7738  24.580  -72.146  20.846 0.6000000238
7795  22.400  -72.138  16.195 0.5000000000
4763  22.530  -77.469  10.533 0.6000000238
5275  23.417  -76.826  11.714 0.6000000238
7751  23.599  -72.544  20.195 0.6000000238
134764  23.436  -72.376  19.296 0.6000000238
7776  23.359  -72.307  17.574 0.5000000000
7794  22.981  -72.059  16.776 0.5000000000
122377  21.122  -77.558  9.723 0.6000000238
4765  20.717  -77.211  10.609 0.6000000238
4764  21.702  -77.500  10.215 0.6000000238
8434  23.958  -72.043  20.493 0.6000000238
140380  23.462  -72.004  18.767 0.5000000000
117170  23.323  -73.178  18.764 0.5000000000
122551  18.588  -76.902  8.874 0.6000000238
5321  18.671  -76.046  8.966 0.6000000238
120256  19.224  -76.728  8.952 0.6000000238
119560  20.174  -77.716  9.012 0.6000000238
4773  20.331  -77.299  9.572 0.6000000238
5320  19.273  -76.171  9.216 0.6000000238
5309  19.717  -76.616  9.697 0.6000000238
8447  23.759  -71.765  19.888 0.6000000238
117252  17.818  -74.698  9.368 0.6000000238
5877  18.523  -75.102  9.090 0.6000000238
6521  17.779  -73.821  9.691 0.6000000238
7862  17.860  -72.979  9.981 0.5000000000
6519  19.118  -74.677  9.168 0.6000000238
118237  18.482  -73.275  9.569 0.5000000000
4782  17.707  -77.258  8.901 0.6999999881
5322  17.947  -76.349  8.977 0.6000000238
123740  17.957  -75.534  9.103 0.6000000238
125946  17.515  -73.704  10.226 0.6000000238
7863  17.725  -72.912  10.549 0.6000000238
5851  15.575  -75.998  11.654 0.6000000238
138103  17.471  -75.911  9.249 0.6000000238
5865  17.330  -75.301  9.540 0.6000000238
7154  17.394  -73.878  11.390 0.5000000000
6511  16.833  -75.507  10.445 0.6000000238
6479  17.025  -74.680  12.245 0.6000000238
6480  16.444  -74.929  12.522 0.6000000238
6481  15.674  -74.927  12.474 0.6000000238
5866  16.944  -76.019  9.657 0.6000000238
7855  17.672  -73.039  11.768 0.6000000238
6496  17.110  -74.689  10.976 0.6000000238
7141  17.368  -73.908  12.702 0.5000000000
7128  17.237  -73.500  13.548 0.6000000238
7142  16.908  -74.287  13.066 0.5000000000
6468  16.148  -74.298  13.079 0.5000000000
8539  18.098  -71.918  14.128 0.6000000238
7828  17.005  -72.286  14.507 0.6000000238
7129  16.682  -73.624  13.636 0.6000000238
128751  16.330  -72.785  14.097 0.6000000238
7829  15.316  -72.124  13.732 0.6999999881
7131  14.430  -72.749  13.123 0.6999999881
7831  13.522  -72.410  13.377 0.6999999881
7132  13.769  -73.007  13.179 0.6999999881
136380  15.999  -71.833  14.248 0.6000000238
8540  15.090  -71.337  13.734 0.6999999881
9137  13.095  -71.002  13.080 0.6999999881
8541  13.849  -71.637  13.420 0.6999999881
118397  12.997  -71.820  13.336 0.6999999881
7832  12.192  -72.544  13.430 0.6000000238
9136  13.722  -70.258  12.983 0.6000000238
8510  22.440  -71.049  15.536 0.5000000000
7808  22.000  -72.603  15.826 0.5000000000
8536  22.285  -71.517  13.987 0.5000000000
8521  21.685  -71.750  14.760 0.5000000000
8537  21.583  -72.042  14.078 0.6000000238
7840  24.347  -72.797  12.356 0.6000000238
8552  23.813  -72.064  13.007 0.6000000238
7823  22.800  -72.055  13.167 0.6000000238
7824  21.853  -72.224  13.391 0.6000000238
7843  21.355  -72.969  13.002 0.6000000238
7853  23.858  -73.457  11.509 0.5000000000
7137  22.799  -73.411  11.675 0.6000000238
7138  21.748  -73.496  12.033 0.6000000238
7171  23.706  -73.387  9.543 0.6000000238
7164  22.836  -73.672  9.943 0.5000000000
7152  22.262  -73.852  10.879 0.6000000238
7165  21.579  -73.975  10.290 0.6000000238
126772  22.787  -73.185  9.605 0.5000000000
7172  22.103  -73.411  9.789 0.6000000238
125774  21.056  -71.296  9.764 0.5000000000
118315  20.892  -73.064  9.555 0.6000000238
7870  21.671  -72.909  9.558 0.6000000238
136180  25.473  -78.417  23.201 0.6999999881
7809  21.567  -72.314  15.322 0.5000000000
7845  17.764  -73.054  13.111 0.6000000238
125144  14.174  -71.013  13.464 0.6999999881
7825  21.148  -72.651  13.811 0.6000000238
7173  21.243  -73.570  9.788 0.6000000238
8581  20.803  -72.215  9.601 0.6000000238
1385  25.316  -83.621  28.322 0.3000000119
2171  25.736  -82.585  27.818 0.3000000119
1753  27.177  -83.173  27.469 0.4000000060
2599  24.530  -81.609  26.763 0.3000000119
3084  25.515  -80.570  26.298 0.4000000060
3110  24.560  -80.564  24.987 0.4000000060
3605  28.197  -79.115  23.831 0.4000000060
3578  25.560  -79.672  25.314 0.3000000119
4080  27.134  -78.369  24.347 0.5000000000
4094  27.527  -77.964  23.829 0.6000000238
136222  24.848  -80.084  24.609 0.5000000000
129785  25.461  -79.138  24.155 0.5000000000
140392  25.123  -80.396  23.477 0.5000000000
4604  26.526  -77.176  23.617 0.6000000238
6366  25.881  -74.699  21.991 0.6999999881
6510  17.311  -74.545  9.912 0.6000000238
7133  12.942  -73.311  13.662 0.6000000238
7841  23.317  -72.743  12.430 0.6000000238
7163  24.011  -73.771  9.736 0.5000000000
7842  22.271  -72.752  12.628 0.6000000238
7151  23.345  -73.737  10.565 0.5000000000
141364  22.253  -73.060  9.562 0.5000000000
8580  21.777  -71.997  9.570 0.5000000000
822  24.802  -85.867  37.913 0.4000000060
1018  25.046  -85.560  37.121 0.4000000060
821  25.459  -86.523  37.472 0.5000000000
596  24.537  -87.221  41.025 0.5000000000
589  25.095  -88.335  41.371 0.5000000000
268  24.858  -89.503  41.375 0.5000000000
607  25.718  -87.787  39.839 0.5000000000
608  24.772  -86.963  40.060 0.5000000000
1027  25.028  -84.785  36.936 0.4000000060
1313  25.439  -84.298  36.124 0.4000000060
1037  25.774  -84.957  35.534 0.5000000000
725  30.618  -87.310  25.698 0.3000000119
914  31.215  -87.408  25.951 0.3000000119
915  29.863  -86.942  25.431 0.3000000119
916  29.147  -86.602  25.490 0.3000000119
120437  24.258  -86.190  40.420 0.4000000060
785  24.084  -87.284  41.796 0.5000000000
590  24.539  -88.401  42.019 0.5000000000
121229  24.327  -85.476  40.090 0.4000000060
810  24.682  -86.136  38.612 0.4000000060
121457  25.043  -84.481  37.605 0.3000000119
1296  25.474  -84.178  38.358 0.3000000119
1047  27.243  -84.922  34.730 0.4000000060
1693  25.684  -83.464  36.248 0.3000000119
1700  25.707  -83.554  35.572 0.4000000060
1326  25.729  -84.167  35.406 0.5000000000
2083  26.147  -82.665  36.055 0.3000000119
912  32.704  -86.701  26.438 0.3000000119
141443  31.799  -87.357  26.703 0.3000000119
1122  29.815  -85.811  25.935 0.3000000119
1123  28.888  -85.624  26.310 0.3000000119
1002  24.159  -85.515  41.073 0.3000000119
792  23.973  -86.329  41.345 0.4000000060
120343  24.562  -84.961  40.396 0.3000000119
2067  26.662  -82.759  36.904 0.3000000119
1708  26.112  -83.099  34.503 0.4000000060
1340  26.895  -84.195  34.236 0.4000000060
1709  25.841  -83.015  35.056 0.4000000060
2494  26.934  -82.189  36.266 0.3000000119
1118  34.564  -85.707  26.555 0.4000000060
1119  33.509  -86.234  26.537 0.4000000060
1103  34.038  -86.103  27.344 0.4000000060
121560  33.586  -86.246  28.137 0.4000000060
892  34.117  -85.822  29.589 0.4000000060
133487  34.783  -85.266  30.483 0.5000000000
1132  32.783  -85.663  25.778 0.3000000119
926  31.674  -86.610  25.948 0.3000000119
1134  30.827  -86.112  25.808 0.3000000119
1409  28.614  -84.225  27.244 0.3000000119
135328  26.556  -81.483  34.329 0.3000000119
2122  26.432  -82.584  33.902 0.3000000119
1716  27.971  -83.414  33.062 0.4000000060
1715  29.165  -83.623  33.107 0.4000000060
124542  27.689  -81.977  36.399 0.3000000119
2508  26.570  -81.991  35.459 0.3000000119
2507  27.338  -81.616  35.715 0.3000000119
1725  33.712  -84.336  31.777 0.5000000000
117700  32.792  -83.849  31.964 0.5000000000
1419  36.445  -84.114  25.695 0.3000000119
128398  35.930  -84.749  26.166 0.3000000119
1420  35.870  -84.600  25.274 0.3000000119
123458  35.292  -85.370  27.172 0.3000000119
1102  34.885  -85.608  27.650 0.4000000060
1738  35.743  -84.180  29.986 0.5000000000
1373  34.626  -84.816  31.106 0.5000000000
1130  35.261  -85.158  25.867 0.3000000119
1092  35.321  -85.302  28.597 0.4000000060
1084  35.309  -85.180  29.643 0.4000000060
1379  35.127  -84.762  30.458 0.5000000000
1133  31.993  -85.376  25.815 0.3000000119
1121  30.421  -84.722  26.355 0.3000000119
1764  30.047  -83.884  26.714 0.3000000119
124103  29.155  -83.752  27.057 0.4000000060
2134  26.654  -82.080  33.206 0.3000000119
1721  28.369  -83.016  32.479 0.4000000060
121005  29.206  -81.889  36.738 0.3000000119
2980  27.827  -80.980  35.182 0.3000000119
2519  26.895  -81.303  34.836 0.3000000119
122805  29.186  -83.165  32.373 0.4000000060
2506  28.363  -81.532  36.065 0.3000000119
1719  31.322  -83.731  32.573 0.4000000060
1733  32.044  -83.252  30.892 0.4000000060
127747  31.610  -83.474  31.791 0.5000000000
2191  37.404  -82.273  25.090 0.3000000119
1732  33.327  -83.702  31.131 0.5000000000
140867  36.829  -83.559  27.017 0.3000000119
1739  34.019  -83.547  30.399 0.4000000060
1740  32.766  -83.118  30.205 0.5000000000
1432  36.428  -83.994  24.800 0.3000000119
1392  36.631  -84.047  27.579 0.4000000060
1744  36.587  -83.761  28.365 0.4000000060
125600  34.970  -83.702  30.120 0.5000000000
1731  34.295  -84.362  31.270 0.5000000000
1131  34.499  -85.380  25.710 0.3000000119
1101  35.674  -85.139  28.013 0.4000000060
1384  35.964  -84.822  29.022 0.5000000000
1378  35.827  -84.431  29.636 0.5000000000
118207  32.597  -84.525  25.462 0.3000000119
1779  32.339  -83.633  25.081 0.4000000060
1780  31.686  -83.350  25.415 0.3000000119
1763  30.751  -83.982  26.429 0.4000000060
1781  30.561  -83.428  26.236 0.4000000060
2723  25.684  -81.508  16.265 0.5000000000
1765  28.628  -83.064  26.705 0.3000000119
2505  30.183  -81.293  35.912 0.3000000119
2979  28.833  -80.911  35.374 0.3000000119
139643  28.090  -82.217  31.585 0.3000000119
131598  29.371  -81.356  36.016 0.3000000119
2139  29.193  -82.530  31.296 0.3000000119
1734  30.879  -83.032  31.019 0.5000000000
2154  31.425  -82.442  29.490 0.4000000060
2144  31.165  -82.726  30.230 0.3000000119
2621  37.196  -81.806  24.573 0.3000000119
2153  32.262  -82.643  29.428 0.5000000000
1761  37.175  -82.842  25.990 0.3000000119
132624  34.259  -83.032  29.494 0.4000000060
2152  33.198  -82.829  29.470 0.4000000060
1751  36.807  -83.304  27.612 0.4000000060
2158  36.692  -83.182  28.115 0.4000000060
2160  35.762  -82.812  28.699 0.4000000060
2151  35.328  -83.342  29.451 0.4000000060
1421  35.187  -84.875  25.050 0.3000000119
1433  34.901  -84.561  24.208 0.3000000119
1745  36.438  -83.699  28.809 0.4000000060
2150  36.155  -83.636  29.203 0.5000000000
1797  32.717  -83.696  24.399 0.3000000119
1798  31.756  -83.169  24.797 0.4000000060
126091  31.071  -83.059  25.518 0.4000000060
122746  25.410  -80.478  16.075 0.5000000000
1782  29.641  -83.143  26.419 0.4000000060
1799  30.523  -82.879  24.869 0.5000000000
2711  25.867  -81.405  17.323 0.5000000000
141532  29.626  -80.973  35.464 0.3000000119
2163  31.792  -82.153  28.825 0.3000000119
2155  30.549  -82.200  29.653 0.3000000119
4780  21.012  -77.851  9.232 0.5000000000
4245  19.937  -78.213  8.947 0.6000000238
3106  36.507  -80.913  24.551 0.3000000119
3093  37.011  -81.045  25.272 0.3000000119
2634  36.742  -82.473  23.649 0.3000000119
2594  37.200  -81.738  26.420 0.3000000119
2595  36.783  -81.250  26.859 0.3000000119
2161  33.541  -82.438  28.716 0.4000000060
2162  32.636  -82.332  28.777 0.4000000060
133745  17.314  -79.007  9.268 0.5000000000
2169  36.796  -82.516  27.700 0.3000000119
2569  36.303  -82.224  27.988 0.3000000119
2570  35.199  -81.972  28.056 0.3000000119
2571  33.894  -81.804  27.938 0.3000000119
127435  24.860  -77.358  12.591 0.5000000000
1434  33.784  -84.270  24.201 0.3000000119
4728  24.706  -77.802  14.500 0.5000000000
1796  33.313  -83.994  23.858 0.3000000119
3711  24.890  -79.018  15.506 0.5000000000
1815  32.350  -83.451  24.011 0.4000000060
3699  25.142  -79.678  15.885 0.6000000238
1816  31.192  -83.273  24.041 0.4000000060
128627  25.223  -79.776  16.656 0.5000000000
137863  29.164  -83.238  24.220 0.4000000060
1800  29.345  -82.858  25.280 0.3000000119
1783  28.743  -82.714  25.850 0.4000000060
3196  25.755  -80.573  17.829 0.6000000238
121657  29.214  -82.844  22.120 0.3000000119
2237  28.824  -82.139  23.027 0.4000000060
2205  28.355  -82.459  24.606 0.4000000060
2192  28.150  -82.435  25.297 0.3000000119
3183  25.970  -80.526  18.563 0.6000000238
2696  26.127  -81.287  18.239 0.5000000000
2671  29.503  -81.786  21.016 0.3000000119
2653  29.042  -81.389  22.614 0.5000000000
2637  28.618  -81.403  23.444 0.4000000060
118085  26.427  -81.828  18.952 0.6000000238
3148  29.364  -80.837  21.165 0.3000000119
3133  29.222  -80.695  22.110 0.5000000000
3134  28.879  -80.461  22.889 0.4000000060
137100  28.022  -80.401  24.540 0.4000000060
128132  29.135  -79.993  21.670 0.4000000060
3617  29.010  -80.010  22.342 0.5000000000
120716  28.565  -79.770  23.394 0.4000000060
118061  28.556  -79.097  23.072 0.5000000000
4781  19.320  -77.481  8.874 0.6000000238
4246  18.946  -78.367  8.954 0.6000000238
3118  35.014  -80.411  23.503 0.3000000119
3094  36.372  -80.357  25.482 0.3000000119
126706  36.166  -80.061  26.300 0.3000000119
3079  36.845  -80.855  26.219 0.3000000119
120587  18.526  -77.601  8.832 0.6000000238
4247  17.946  -78.199  8.952 0.6000000238
2635  36.076  -81.836  23.188 0.3000000119
135822  36.350  -80.940  27.093 0.3000000119
3064  35.683  -80.439  27.148 0.3000000119
118446  16.997  -78.071  8.967 0.6000000238
2234  35.231  -83.290  21.996 0.3000000119
2578  36.657  -81.694  27.326 0.3000000119
129392  35.912  -81.339  27.507 0.3000000119
4248  16.128  -78.022  9.287 0.6000000238
131126  34.412  -84.466  23.608 0.3000000119
4774  15.835  -77.382  9.777 0.6000000238
128550  15.239  -78.013  9.670 0.6000000238
127542  14.308  -77.952  9.921 0.6000000238
4775  13.978  -77.310  10.270 0.5000000000
1452  29.575  -84.350  22.842 0.4000000060
2236  28.940  -82.992  22.965 0.4000000060
127840  29.191  -79.992  20.906 0.4000000060
3618  28.819  -79.274  22.193 0.5000000000
3119  34.288  -80.104  23.153 0.3000000119
3603  34.688  -79.671  23.918 0.3000000119
3107  35.599  -80.096  24.526 0.3000000119
3587  35.728  -79.579  25.709 0.3000000119
3080  36.131  -80.347  26.782 0.3000000119
3081  35.334  -79.596  26.904 0.3000000119
3065  34.749  -80.065  27.180 0.3000000119
2636  35.237  -81.212  23.010 0.3000000119
2650  35.454  -82.271  22.490 0.3000000119
2651  34.635  -81.385  22.420 0.3000000119
2579  34.826  -81.112  27.451 0.3000000119
4783  16.712  -77.324  9.159 0.6000000238
2235  34.706  -82.322  21.844 0.3000000119
1466  30.073  -85.101  22.364 0.3000000119
1465  31.006  -85.059  22.570 0.3000000119
138013  14.807  -77.496  10.196 0.6000000238
5314  12.669  -76.112  10.309 0.6000000238
5310  16.501  -76.738  9.650 0.5000000000
137976  15.882  -76.788  10.285 0.6000000238
5311  15.204  -76.885  10.586 0.6000000238
5312  14.322  -76.643  10.642 0.6000000238
5313  13.354  -76.586  10.331 0.6000000238
5868  13.111  -74.843  10.410 0.6000000238
5867  13.612  -75.597  10.504 0.6000000238
6514  11.831  -74.767  10.702 0.5000000000
5323  17.187  -76.553  9.166 0.5000000000
5295  16.334  -76.331  10.426 0.5000000000
5297  14.980  -76.352  11.251 0.5000000000
5853  13.867  -74.590  10.667 0.6000000238
5841  11.181  -74.546  12.143 0.5000000000
5815  13.247  -74.671  13.914 0.6000000238
134274  13.287  -74.305  13.284 0.6000000238
5829  12.201  -75.471  13.353 0.5000000000
5828  13.141  -75.227  13.854 0.6000000238
5264  11.567  -76.045  14.023 0.6000000238
5850  16.196  -75.988  11.383 0.5000000000
6498  14.486  -74.151  11.423 0.5000000000
6499  13.666  -73.760  10.931 0.5000000000
6512  13.200  -74.185  10.608 0.6000000238
7143  14.215  -73.124  12.233 0.6000000238
6483  13.522  -73.426  11.517 0.5000000000
6485  11.749  -74.269  11.678 0.5000000000
8542  12.112  -71.559  12.962 0.6000000238
7120  13.297  -74.025  13.677 0.6000000238
5817  12.742  -75.921  14.477 0.5000000000
6345  12.506  -74.426  24.121 0.5000000000
6497  16.590  -75.363  11.770 0.5000000000
5839  15.430  -75.438  11.977 0.5000000000
6482  14.704  -73.470  12.339 0.6000000238
7039  11.175  -72.886  21.702 0.5000000000
7730  10.410  -72.718  21.227 0.6000000238
7011  11.869  -74.032  22.820 0.6000000238
7010  12.558  -73.899  23.331 0.6000000238
6358  11.294  -74.400  22.646 0.5000000000
6333  13.010  -74.637  25.018 0.5000000000
5694  13.408  -75.740  25.600 0.5000000000
5228  12.508  -76.071  16.140 0.5000000000
5806  12.854  -75.912  15.634 0.5000000000
129454  12.621  -68.827  20.443 0.6000000238
10878  12.063  -68.060  20.168 0.6999999881
9625  12.421  -69.673  20.167 0.6000000238
9626  12.007  -68.997  19.864 0.6999999881
9045  10.968  -69.853  19.235 0.6000000238
138353  10.544  -70.436  19.195 0.6000000238
8437  12.435  -71.051  20.645 0.6000000238
9044  11.705  -69.815  19.717 0.6000000238
9023  13.368  -70.134  20.784 0.6000000238
132735  13.208  -70.798  20.884 0.6000000238
8426  11.928  -71.749  21.078 0.6000000238
9032  11.132  -70.621  19.789 0.5000000000
8440  9.898  -71.719  20.115 0.6000000238
8414  13.946  -71.796  22.028 0.6000000238
141033  12.956  -72.274  21.971 0.6000000238
7729  11.116  -72.229  21.217 0.5000000000
7743  10.442  -72.021  20.735 0.6000000238
7710  13.424  -72.418  22.329 0.6000000238
7711  12.552  -72.666  22.157 0.6000000238
7008  14.249  -73.263  23.896 0.6000000238
7022  13.024  -73.141  22.810 0.6000000238
6999  13.712  -73.906  24.545 0.6000000238
6320  14.549  -75.080  25.491 0.5000000000
5140  13.804  -76.957  24.943 0.5000000000
5152  14.484  -76.958  23.348 0.5000000000
5180  14.599  -76.637  21.495 0.5000000000
5192  13.661  -76.312  20.498 0.5000000000
10252  11.019  -68.431  19.116 0.6000000238
10266  10.367  -68.431  18.425 0.6999999881
7698  14.689  -72.589  23.328 0.5000000000
6331  14.977  -74.453  25.263 0.6000000238
5705  14.952  -75.702  25.306 0.6000000238
5139  14.395  -76.344  25.162 0.5000000000
5165  15.149  -76.521  23.414 0.6000000238
5179  15.043  -76.168  21.570 0.5000000000
5755  15.049  -75.391  20.904 0.6000000238
127566  14.455  -76.109  20.986 0.6000000238
13789  13.148  -63.036  21.928 0.4000000060
13086  9.196  -64.558  18.485 0.6999999881
13103  6.485  -64.223  16.779 0.5000000000
13117  6.512  -65.083  16.842 0.5000000000
120819  13.376  -64.746  22.450 0.6000000238
13042  12.522  -64.260  21.795 0.5000000000
12343  7.870  -65.616  16.839 0.6000000238
11596  8.234  -66.560  16.916 0.5000000000
12261  13.961  -65.030  22.862 0.5000000000
12306  10.356  -65.447  19.694 0.6000000238
11575  9.624  -66.237  18.337 0.8000000119
11552  10.767  -66.281  19.839 0.6999999881
130097  9.740  -67.076  18.090 0.8000000119
132089  9.641  -68.348  17.668 0.6999999881
5718  15.889  -76.018  23.772 0.6000000238
5745  15.693  -75.671  21.684 0.6000000238
13855  6.079  -63.650  17.094 0.5000000000
13790  12.593  -63.067  21.595 0.5000000000
13835  8.841  -63.597  18.338 0.6999999881
135445  5.911  -64.786  17.943 0.5000000000
13017  14.483  -64.264  23.163 0.4000000060
13780  13.579  -63.419  22.356 0.4000000060
12251  15.194  -65.713  23.527 0.4000000060
11493  15.612  -66.403  23.663 0.5000000000
10194  17.066  -68.277  24.045 0.4000000060
14590  6.189  -62.693  17.358 0.5000000000
13817  5.775  -63.332  18.303 0.5000000000
15239  12.936  -61.896  21.187 0.3000000119
15253  12.508  -61.559  20.633 0.3000000119
13836  7.908  -63.300  17.292 0.6000000238
12243  15.962  -65.617  24.038 0.4000000060
11488  16.356  -66.516  24.063 0.4000000060
126423  17.431  -69.167  24.117 0.4000000060
14589  6.814  -62.137  17.199 0.6000000238
14588  7.471  -62.419  17.208 0.6000000238
10193  17.971  -68.384  24.414 0.4000000060
15279  6.250  -61.096  18.029 0.5000000000
131431  5.795  -62.733  17.911 0.5000000000
16035  14.213  -60.291  20.813 0.3000000119
16037  12.829  -60.948  20.262 0.3000000119
15266  12.101  -61.081  19.844 0.3000000119
123547  12.157  -60.510  18.987 0.4000000060
121181  18.744  -68.299  24.549 0.3000000119
10192  18.596  -69.094  24.398 0.4000000060
117822  19.705  -69.678  23.705 0.4000000060
138433  12.646  -60.188  18.898 0.4000000060
16077  7.046  -60.644  17.406 0.6000000238
134541  5.927  -61.202  18.660 0.4000000060
16879  12.285  -60.123  18.095 0.4000000060
16861  15.029  -59.073  20.611 0.3000000119
16870  14.498  -59.256  20.010 0.3000000119
16050  6.237  -60.412  18.692 0.5000000000
16886  11.315  -60.347  16.057 0.4000000060
16895  10.912  -60.170  15.497 0.4000000060
18573  10.677  -58.808  15.376 0.5000000000
16894  11.708  -60.195  15.248 0.4000000060
16912  11.174  -59.995  14.950 0.4000000060
18594  16.070  -58.308  12.651 0.3000000119
19528  14.741  -57.457  13.256 0.3000000119
18583  14.991  -58.596  12.804 0.3000000119
19529  13.844  -57.062  13.946 0.3000000119
20464  14.455  -56.094  14.063 0.3000000119
20368  9.596  -55.916  21.228 0.4000000060
122536  16.296  -57.118  12.586 0.3000000119
132954  33.701  -80.838  27.331 0.3000000119
1451  30.334  -84.359  23.101 0.4000000060
129368  12.673  -59.962  13.848 0.3000000119
124782  15.878  -74.936  21.116 0.6000000238
20335  8.998  -55.298  22.698 0.4000000060
11494  14.899  -66.434  23.243 0.5000000000
17721  13.012  -59.338  13.579 0.3000000119
141673  27.704  -82.208  25.671 0.3000000119
2623  28.202  -81.837  24.295 0.4000000060
126400  14.776  -75.541  11.480 0.5000000000
132629  24.751  -85.110  37.728 0.4000000060
799  25.002  -86.867  39.166 0.5000000000
426  24.449  -89.261  42.038 0.5000000000
1036  26.655  -85.372  35.292 0.5000000000
902  32.336  -87.107  27.047 0.4000000060
1005  24.455  -85.062  39.421 0.4000000060
1341  25.858  -83.639  34.974 0.4000000060
1339  27.884  -84.440  34.249 0.4000000060
1120  33.152  -86.217  26.014 0.4000000060
122885  32.823  -86.666  27.790 0.4000000060
893  32.984  -86.363  28.719 0.4000000060
786  23.613  -86.598  42.206 0.3000000119
2082  27.515  -82.467  36.975 0.3000000119
2108  26.226  -82.477  34.560 0.3000000119
1349  27.437  -83.759  33.677 0.4000000060
1348  28.520  -84.004  33.738 0.4000000060
137845  33.859  -85.902  26.068 0.3000000119
122082  33.681  -85.414  25.609 0.4000000060
2121  27.038  -82.917  33.251 0.4000000060
1720  30.185  -83.536  32.687 0.4000000060
1730  34.961  -84.385  30.666 0.5000000000
141380  25.183  -79.578  15.377 0.5000000000
1408  31.305  -84.637  26.093 0.4000000060
1728  28.658  -82.622  31.809 0.4000000060
118529  29.602  -82.994  31.843 0.4000000060
1727  30.555  -83.259  31.828 0.5000000000
2179  37.147  -82.388  26.585 0.3000000119
140223  35.714  -84.326  24.294 0.3000000119
1422  34.312  -84.816  24.916 0.3000000119
1423  33.269  -84.405  25.023 0.3000000119
3211  25.550  -80.576  16.955 0.6000000238
2145  30.227  -82.488  30.408 0.3000000119
2138  29.950  -82.743  31.167 0.4000000060
138089  34.621  -82.558  28.715 0.3000000119
4187  24.611  -78.168  15.329 0.5000000000
2574  30.535  -81.305  28.508 0.3000000119
2580  32.838  -81.367  27.712 0.3000000119
2220  29.044  -83.505  23.460 0.4000000060
1818  28.734  -82.924  24.315 0.4000000060
2265  29.485  -82.543  20.406 0.3000000119
3575  35.214  -78.865  26.043 0.3000000119
119954  29.349  -83.927  22.490 0.3000000119
3566  34.917  -78.790  26.788 0.3000000119
3553  34.684  -79.187  27.052 0.3000000119
2263  34.053  -83.365  20.773 0.3000000119
6500  12.936  -73.873  10.923 0.5000000000
138176  13.065  -73.603  12.273 0.6000000238
10892  11.316  -67.672  19.658 0.6999999881
125493  9.092  -66.841  17.472 0.6999999881
11553  10.189  -66.136  19.224 0.6999999881
13087  8.363  -64.197  17.495 0.6000000238
15237  13.865  -60.949  21.186 0.3000000119
16863  14.026  -59.843  20.144 0.3000000119
4180  24.502  -78.396  16.694 0.5000000000
120821  24.327  -77.689  16.032 0.5000000000
5752  27.143  -75.803  21.073 0.6000000238
7130  15.459  -73.009  13.387 0.5000000000
6456  13.127  -74.839  14.556 0.5000000000
8555  11.178  -71.150  12.256 0.5000000000
8543  10.979  -72.031  12.784 0.5000000000
135087  11.890  -73.311  13.939 0.5000000000
6457  12.213  -74.352  15.171 0.5000000000
7122  10.938  -73.408  14.451 0.5000000000
9145  11.485  -70.250  12.135 0.5000000000
6441  11.387  -74.484  16.094 0.4000000060
8556  10.246  -71.464  12.303 0.5000000000
116955  9.964  -72.264  12.867 0.5000000000
7109  10.659  -73.739  15.377 0.5000000000
6430  11.338  -75.072  16.889 0.5000000000
8544  9.527  -71.595  12.706 0.6000000238
7834  9.820  -72.685  13.709 0.5000000000
6442  10.454  -73.710  16.037 0.5000000000
5756  13.265  -75.383  20.091 0.5000000000
8525  9.355  -71.528  14.143 0.6000000238
127319  11.150  -74.609  18.812 0.5000000000
6398  11.702  -74.909  19.369 0.5000000000
7810  9.777  -72.668  15.234 0.6000000238
7095  10.520  -73.557  17.099 0.6000000238
6421  10.667  -74.279  17.425 0.5000000000
9125  9.112  -70.669  13.689 0.6000000238
8514  9.706  -71.806  14.951 0.6000000238
7797  10.237  -72.664  16.214 0.6000000238
136645  12.253  -73.595  18.606 0.6000000238
8497  11.181  -71.639  16.237 0.6000000238
5771  12.833  -74.585  19.542 0.5000000000
6397  13.996  -74.619  19.878 0.5000000000
7796  11.045  -72.372  16.821 0.6000000238
7081  10.847  -73.694  17.787 0.6000000238
9046  9.950  -70.677  18.763 0.5000000000
10279  9.070  -68.839  17.199 0.5000000000
9659  9.831  -69.200  17.882 0.5000000000
6396  14.907  -74.318  19.893 0.6000000238
8496  12.159  -71.810  16.844 0.6000000238
6409  13.682  -74.042  19.312 0.6000000238
7080  11.925  -73.114  18.037 0.6000000238
7071  13.082  -73.171  18.395 0.6000000238
7767  13.091  -72.542  17.810 0.6000000238
16893  12.580  -59.864  16.013 0.3000000119
116995  10.776  -55.798  22.069 0.3000000119
4104  28.451  -78.404  22.603 0.4000000060
4615  27.830  -77.036  22.595 0.5000000000
2684  26.476  -81.468  19.944 0.5000000000
138873  26.306  -80.619  19.844 0.5000000000
5175  27.849  -76.710  21.931 0.4000000060
3673  25.961  -80.030  19.261 0.4000000060
136715  26.734  -75.247  20.954 0.4000000060
127230  24.580  -78.485  15.995 0.4000000060
3687  24.899  -79.092  17.150 0.4000000060
3686  25.377  -79.829  17.502 0.4000000060
121326  25.602  -79.871  18.356 0.4000000060
7067  26.748  -73.542  18.740 0.4000000060
7055  26.433  -73.268  19.918 0.4000000060
4710  24.444  -77.273  15.084 0.4000000060
6394  26.502  -74.250  19.637 0.4000000060
6380  26.250  -73.977  20.623 0.4000000060
7737  25.452  -72.180  20.750 0.4000000060
8432  25.122  -71.391  20.606 0.5000000000
8512  11.759  -70.869  15.934 0.5000000000
9710  11.393  -69.500  15.485 0.5000000000
8495  13.117  -71.218  16.773 0.5000000000
9101  12.366  -70.364  16.102 0.5000000000
9697  13.335  -69.655  16.749 0.5000000000
7778  13.956  -72.083  17.627 0.5000000000
9080  14.381  -70.632  17.397 0.5000000000
10921  7.598  -67.616  16.848 0.4000000060
11615  6.948  -66.339  16.868 0.4000000060
9081  13.686  -70.526  16.928 0.5000000000
7766  13.939  -72.741  18.149 0.5000000000
5742  26.683  -75.347  21.800 0.5000000000
5753  26.527  -74.856  20.362 0.4000000060
134387  25.754  -73.074  20.858 0.4000000060
429  25.654  -88.967  41.006 0.4000000060
272  25.277  -89.773  40.654 0.4000000060
182  26.170  -90.097  35.516 0.4000000060
595  25.474  -88.048  40.681 0.4000000060
436  26.175  -88.609  40.211 0.4000000060
181  26.775  -90.220  35.907 0.4000000060
271  26.119  -89.309  40.126 0.4000000060
312  28.048  -89.877  35.573 0.4000000060
172  27.460  -90.001  36.220 0.4000000060
173  26.145  -90.357  36.556 0.4000000060
620  25.924  -87.616  38.975 0.5000000000
606  26.550  -88.339  39.514 0.5000000000
619  26.972  -88.074  38.854 0.4000000060
435  26.676  -88.835  39.611 0.4000000060
134850  26.941  -90.200  36.635 0.4000000060
809  25.256  -86.757  38.320 0.5000000000
649  26.406  -87.001  37.294 0.5000000000
636  26.145  -87.383  38.094 0.5000000000
443  27.040  -88.651  39.089 0.4000000060
280  26.709  -89.240  39.402 0.4000000060
648  27.593  -87.227  37.384 0.4000000060
635  27.262  -87.718  38.084 0.4000000060
132704  30.217  -87.544  36.941 0.4000000060
300  29.183  -88.975  36.845 0.4000000060
294  28.609  -89.037  37.506 0.4000000060
295  27.676  -89.757  37.285 0.4000000060
296  27.175  -89.722  38.138 0.4000000060
311  28.833  -89.431  36.071 0.4000000060
301  28.349  -89.583  36.608 0.4000000060
647  28.709  -87.320  37.484 0.5000000000
634  28.344  -87.868  38.031 0.4000000060
618  27.755  -88.449  38.499 0.4000000060
287  27.266  -89.089  38.859 0.4000000060
830  29.189  -86.719  37.002 0.5000000000
646  29.582  -87.510  37.393 0.4000000060
454  29.253  -88.327  37.546 0.4000000060
123743  27.954  -89.055  38.140 0.4000000060
847  31.315  -86.506  35.191 0.3000000119
1043  31.509  -85.921  35.266 0.4000000060
839  30.617  -86.564  36.475 0.3000000119
1336  31.300  -85.243  34.955 0.4000000060
1044  30.853  -85.502  35.538 0.4000000060
856  32.273  -86.280  33.125 0.3000000119
852  32.056  -86.167  33.823 0.4000000060
846  31.783  -86.072  34.623 0.4000000060
1042  31.714  -85.655  34.703 0.4000000060
851  32.592  -85.848  33.306 0.4000000060
1052  32.147  -85.624  34.005 0.4000000060
1345  31.739  -85.016  34.337 0.4000000060
136178  31.322  -84.213  33.513 0.3000000119
135443  30.586  -87.230  36.602 0.3000000119
1347  29.677  -84.206  34.020 0.3000000119
1045  29.663  -85.139  35.357 0.4000000060
864  32.878  -86.116  32.559 0.4000000060
1346  30.813  -84.523  34.282 0.3000000119
134430  32.370  -84.890  33.592 0.4000000060
141766  32.604  -84.644  33.136 0.4000000060
1358  32.135  -84.239  33.062 0.4000000060
840  29.678  -86.208  36.523 0.4000000060
1033  30.272  -85.792  36.081 0.4000000060
865  31.666  -86.537  32.288 0.4000000060
1359  30.247  -83.986  33.537 0.3000000119
1075  33.287  -86.088  31.831 0.4000000060
118768  32.367  -86.375  31.513 0.4000000060
1066  33.931  -85.297  31.827 0.4000000060
1058  33.588  -85.173  32.376 0.4000000060
1357  33.047  -84.983  33.010 0.4000000060
841  28.468  -86.097  36.237 0.4000000060
1338  29.051  -84.556  34.535 0.3000000119
1046  28.411  -85.024  34.988 0.4000000060
875  33.044  -86.193  30.962 0.4000000060
874  33.655  -85.972  30.486 0.4000000060
125492  34.272  -85.567  30.767 0.4000000060
1367  33.445  -84.649  32.360 0.4000000060
832  26.765  -86.563  36.546 0.4000000060
1026  25.362  -85.253  36.316 0.4000000060
831  27.981  -86.657  36.752 0.4000000060
1025  26.134  -85.808  35.920 0.4000000060
842  27.226  -86.077  35.916 0.4000000060
1035  27.802  -85.542  35.432 0.4000000060
8433  24.401  -71.315  20.305 0.4000000060
1067  33.513  -85.656  32.190 0.4000000060
279  26.960  -88.916  39.269 0.4000000060
425  25.056  -88.927  41.605 0.4000000060
462  29.824  -88.261  36.881 0.4000000060
633  29.015  -87.860  37.840 0.4000000060
645  30.093  -86.870  37.004 0.5000000000
713  31.371  -87.613  26.347 0.3000000119
783  23.153  -86.828  43.024 0.3000000119
800  24.435  -85.965  39.400 0.4000000060
833  25.730  -86.203  36.640 0.4000000060
838  31.148  -86.269  35.885 0.3000000119
857  31.536  -86.578  33.263 0.3000000119
901  33.139  -86.595  27.140 0.4000000060
913  31.909  -87.092  26.248 0.3000000119
925  32.447  -86.525  26.037 0.4000000060
1010  24.601  -85.453  38.563 0.4000000060
1034  29.049  -85.573  35.816 0.4000000060
1059  33.098  -85.509  32.827 0.4000000060
1065  34.463  -85.158  31.215 0.4000000060
1074  33.865  -85.738  31.443 0.4000000060
1093  34.543  -85.715  28.482 0.4000000060
1105  27.437  -85.070  27.442 0.4000000060
1117  35.410  -85.220  26.556 0.3000000119
1124  27.959  -85.701  26.655 0.3000000119
1297  24.777  -84.707  38.588 0.3000000119
1325  26.272  -84.481  34.879 0.5000000000
1337  30.268  -84.787  34.856 0.3000000119
1350  26.638  -83.407  33.960 0.4000000060
1366  34.109  -84.904  31.770 0.4000000060
1368  32.748  -84.370  32.733 0.4000000060
1377  36.296  -84.179  29.045 0.4000000060
1393  36.270  -84.469  28.280 0.4000000060
1395  26.894  -84.352  27.882 0.3000000119
1405  36.485  -84.164  26.642 0.3000000119
1406  36.021  -84.825  27.195 0.4000000060
1407  31.254  -83.640  26.013 0.4000000060
1424  31.959  -84.036  25.699 0.4000000060
1685  25.695  -83.552  36.972 0.3000000119
1692  26.023  -83.126  36.734 0.3000000119
1722  27.607  -82.798  32.674 0.4000000060
1726  32.144  -83.865  32.470 0.5000000000
1737  36.189  -84.061  29.389 0.4000000060
1741  31.914  -82.850  30.027 0.4000000060
1750  37.039  -82.981  26.832 0.3000000119
1754  25.397  -83.011  28.138 0.3000000119
1762  36.884  -83.490  26.249 0.3000000119
1801  28.525  -82.662  24.995 0.4000000060
1817  29.690  -83.664  23.656 0.4000000060
2084  25.810  -83.027  35.574 0.4000000060
2096  26.089  -82.515  35.198 0.4000000060
2132  27.757  -82.372  32.081 0.3000000119
2146  29.337  -82.240  30.646 0.3000000119
2159  36.545  -83.079  28.473 0.4000000060
2164  30.931  -81.901  28.952 0.3000000119
2165  24.872  -83.119  28.145 0.3000000119
2168  36.906  -82.686  27.334 0.3000000119
2180  26.066  -82.071  27.323 0.4000000060
2190  37.360  -82.281  25.786 0.3000000119
2221  28.594  -82.623  23.772 0.4000000060
2249  34.069  -82.335  21.287 0.3000000119
2520  26.477  -81.720  33.889 0.3000000119
2577  37.015  -82.019  27.057 0.3000000119
2597  25.529  -81.260  26.891 0.3000000119
2598  24.930  -81.482  27.103 0.3000000119
2607  37.344  -81.683  25.556 0.3000000119
2622  36.571  -81.563  23.860 0.3000000119
2625  24.387  -81.226  25.469 0.3000000119
2638  25.180  -81.818  23.160 0.5000000000
2662  29.324  -81.716  21.824 0.3000000119
3095  27.026  -80.361  25.558 0.4000000060
3098  24.675  -80.593  25.816 0.4000000060
3108  28.190  -79.913  24.179 0.4000000060
3117  35.821  -80.953  23.731 0.3000000119
3120  28.537  -80.457  23.592 0.4000000060
3170  26.285  -80.939  19.131 0.6000000238
3565  35.553  -79.494  26.569 0.3000000119
3577  26.145  -79.352  25.181 0.3000000119
3579  24.922  -80.015  25.308 0.4000000060
3590  27.540  -79.144  24.528 0.4000000060
3606  27.724  -78.560  24.062 0.5000000000
3619  25.413  -78.830  22.477 0.6999999881
3645  29.041  -79.538  20.326 0.4000000060
3700  24.836  -79.076  16.327 0.6000000238
3710  25.426  -80.209  15.230 0.5000000000
4594  26.845  -77.768  23.997 0.6000000238
4616  27.486  -76.970  23.121 0.6000000238
4617  25.301  -77.128  23.079 0.6999999881
4631  14.171  -76.946  21.017 0.5000000000
4683  24.148  -77.641  16.945 0.6000000238
4772  21.760  -77.863  9.604 0.5000000000
5127  14.110  -75.744  25.550 0.5000000000
5128  13.493  -76.395  25.525 0.5000000000
5138  15.162  -76.217  24.575 0.6000000238
5149  26.930  -76.678  23.332 0.6000000238
5150  26.179  -76.551  23.332 0.6999999881
5151  25.460  -76.461  23.054 0.6999999881
5166  14.782  -76.770  22.387 0.5000000000
5177  24.151  -75.893  21.943 0.8000000119
5178  23.709  -75.560  21.145 0.8000000119
5251  12.758  -76.150  15.397 0.5000000000
5279  19.818  -76.254  11.607 0.6999999881
5291  22.654  -77.120  11.289 0.6000000238
5296  15.688  -76.446  11.039 0.6000000238
5703  16.490  -75.456  24.204 0.6999999881
5704  15.757  -75.604  24.777 0.6999999881
5716  17.329  -75.039  23.416 0.6999999881
5730  25.316  -75.725  22.705 0.6999999881
5731  24.645  -75.358  22.309 0.6999999881
5732  16.953  -75.308  22.789 0.6999999881
5733  16.125  -75.847  22.667 0.6999999881
5754  23.488  -75.619  20.129 0.6999999881
5792  23.496  -75.310  17.706 0.8000000119
5816  13.038  -75.547  14.833 0.5000000000
5838  16.065  -75.579  12.082 0.6000000238
5840  12.578  -74.525  12.610 0.6000000238
5852  14.251  -75.749  10.914 0.5000000000
6319  15.431  -75.051  25.351 0.6999999881
6321  13.675  -75.162  25.507 0.5000000000
6330  17.110  -75.011  24.169 0.6999999881
6332  14.074  -74.470  25.258 0.6000000238
6334  12.129  -74.977  24.513 0.5000000000
6344  17.623  -74.540  23.617 0.6999999881
6346  11.824  -74.596  23.476 0.5000000000
6368  23.998  -74.035  21.553 0.6999999881
6382  16.153  -74.201  20.517 0.8000000119
6383  15.359  -74.621  20.466 0.6000000238
6384  14.677  -74.843  20.344 0.6000000238
6385  14.160  -75.402  20.479 0.6000000238
6410  12.992  -73.793  18.969 0.5000000000
6411  11.999  -74.175  19.020 0.6000000238
6419  23.486  -74.406  17.360 0.6999999881
6420  10.786  -74.457  18.129 0.5000000000
6429  12.498  -75.823  16.193 0.5000000000
6431  10.578  -74.062  16.684 0.5000000000
6438  22.564  -74.158  15.431 0.8000000119
6440  12.737  -75.356  15.555 0.5000000000
6469  13.637  -73.509  12.941 0.6000000238
6484  12.591  -73.819  11.495 0.5000000000
6513  12.538  -74.457  10.644 0.5000000000
6520  18.405  -74.204  9.264 0.6000000238
6996  17.032  -73.790  24.573 0.8000000119
6998  14.606  -73.785  24.768 0.6999999881
7000  13.035  -74.054  24.152 0.6000000238
7009  13.410  -73.498  23.606 0.6000000238
7020  18.580  -73.295  22.699 0.8000000119
7021  18.082  -73.855  22.227 0.8000000119
7023  12.214  -73.422  22.563 0.6000000238
7024  11.396  -73.633  22.242 0.5000000000
7035  23.941  -73.429  21.264 0.6000000238
7038  16.999  -73.919  20.902 0.6999999881
7048  23.572  -73.322  20.585 0.6000000238
7056  23.343  -73.243  19.712 0.6000000238
7058  15.944  -73.610  19.812 0.8000000119
7059  15.274  -73.716  19.492 0.6999999881
7060  14.489  -73.890  19.360 0.6999999881
7072  11.308  -73.911  18.450 0.6000000238
7110  10.052  -73.280  15.646 0.5000000000
7121  12.711  -73.973  14.295 0.5000000000
7123  9.920  -73.132  14.710 0.5000000000
7140  20.331  -74.281  13.119 0.6999999881
7155  14.039  -73.448  11.457 0.5000000000
7174  20.425  -73.624  9.582 0.6999999881
7684  17.814  -72.467  24.306 0.8000000119
7685  16.129  -72.605  24.150 0.8000000119
7694  19.313  -72.044  22.967 0.6000000238
7696  16.246  -71.794  23.760 0.8000000119
7699  13.864  -72.866  23.056 0.6000000238
7708  18.913  -72.715  23.187 0.6999999881
7709  14.277  -72.217  22.626 0.5000000000
7724  24.498  -72.988  21.262 0.6999999881
7725  19.279  -71.830  22.205 0.6000000238
7726  18.845  -72.158  21.611 0.6000000238
7727  13.265  -71.912  21.742 0.6000000238
7728  12.584  -72.105  21.615 0.6000000238
7741  17.561  -72.411  20.284 0.6999999881
7742  11.110  -71.708  20.774 0.5000000000
7744  9.757  -72.503  20.602 0.6000000238
7753  16.428  -72.443  19.272 0.6999999881
7763  15.804  -72.252  18.720 0.6000000238
7764  15.183  -72.618  18.554 0.6999999881
7765  14.568  -72.873  18.465 0.6000000238
7779  12.190  -72.398  17.428 0.6000000238
7780  11.085  -72.895  17.376 0.6000000238
7816  21.247  -72.495  14.691 0.6000000238
7817  17.679  -71.886  14.416 0.6000000238
7818  9.554  -72.345  14.188 0.6000000238
7819  9.517  -72.219  13.572 0.5000000000
7827  17.643  -72.665  14.052 0.6000000238
7830  14.579  -72.148  13.399 0.6999999881
7833  10.795  -72.801  13.510 0.5000000000
7844  17.989  -72.168  12.126 0.6999999881
8388  19.176  -70.821  23.888 0.5000000000
8389  18.712  -71.434  24.050 0.6000000238
8399  19.341  -71.319  23.445 0.6000000238
8413  14.602  -71.561  22.343 0.6999999881
8421  19.471  -71.243  22.092 0.5000000000
8423  14.288  -71.259  21.885 0.6000000238
8424  13.715  -71.243  21.433 0.6000000238
8425  12.874  -71.504  21.201 0.6000000238
8435  18.634  -71.623  20.974 0.6000000238
8436  18.027  -71.688  20.379 0.5000000000
8438  11.570  -71.195  20.424 0.6000000238
8439  10.691  -71.380  20.269 0.6000000238
8449  16.811  -71.731  19.227 0.5000000000
8450  10.290  -71.063  19.563 0.6000000238
8461  23.557  -71.664  18.180 0.5000000000
8462  16.277  -71.850  18.862 0.6999999881
8475  15.350  -71.288  18.094 0.6000000238
8477  13.881  -71.331  17.219 0.6000000238
8478  13.125  -71.897  17.253 0.6000000238
8494  22.575  -71.432  16.122 0.5000000000
8498  10.167  -71.999  15.713 0.6000000238
8511  21.976  -71.692  15.594 0.5000000000
8513  10.757  -71.062  15.485 0.6000000238
8522  18.405  -70.517  14.044 0.5000000000
8523  18.110  -71.267  14.296 0.6999999881
8524  17.559  -71.171  14.566 0.6999999881
8526  9.290  -71.697  13.414 0.6000000238
8554  12.085  -70.767  12.502 0.5000000000
8571  18.814  -71.216  10.529 0.6000000238
8572  18.350  -71.665  10.665 0.6000000238
8985  19.284  -70.149  24.026 0.5000000000
8997  16.293  -70.978  23.520 0.6999999881
8998  15.725  -70.526  22.988 0.8000000119
9009  19.696  -70.814  23.052 0.5000000000
9010  15.196  -70.525  22.433 0.8000000119
9011  14.793  -70.890  22.106 0.8000000119
9020  19.405  -70.757  21.673 0.5000000000
9022  13.826  -70.393  21.152 0.6000000238
9030  12.795  -70.303  20.487 0.6000000238
9031  12.047  -70.481  20.152 0.6000000238
9042  17.846  -70.999  19.951 0.5000000000
9059  10.274  -69.922  18.599 0.5000000000
9100  13.012  -70.460  16.490 0.5000000000
9113  11.653  -70.270  15.681 0.5000000000
9124  17.418  -70.366  14.455 0.6999999881
9138  9.088  -70.842  12.836 0.6000000238
9147  9.297  -70.007  12.706 0.6999999881
9159  19.001  -70.265  10.887 0.5000000000
9169  20.276  -71.469  9.833 0.5000000000
9572  19.372  -69.382  24.207 0.4000000060
9573  18.871  -69.849  24.299 0.4000000060
9574  18.104  -69.920  24.268 0.4000000060
9592  17.200  -70.025  23.908 0.6999999881
9593  16.683  -69.554  23.649 0.6000000238
9611  14.857  -70.189  22.014 0.8000000119
9616  14.306  -69.852  21.574 0.6999999881
9617  13.724  -69.606  21.071 0.8000000119
9618  13.083  -69.537  20.626 0.6000000238
9638  11.346  -69.130  19.369 0.6000000238
9639  10.661  -69.170  18.762 0.6000000238
9680  14.047  -69.820  17.246 0.5000000000
9698  12.667  -69.194  16.378 0.5000000000
9709  12.211  -69.652  15.950 0.5000000000
9721  9.442  -69.923  14.247 0.6999999881
9722  9.100  -69.668  13.567 0.6000000238
9743  12.939  -69.279  12.224 0.6000000238
9745  10.801  -69.302  12.360 0.6999999881
9747  9.490  -69.186  12.853 0.6999999881
9755  19.398  -68.607  11.228 0.5000000000
10224  13.841  -68.080  21.848 0.8000000119
10232  12.694  -67.998  20.845 0.8000000119
10251  11.575  -68.458  19.608 0.6999999881
10288  13.092  -68.657  16.887 0.5000000000
10311  9.252  -68.855  13.542 0.5000000000
10319  17.415  -68.518  13.482 0.6000000238
10323  9.394  -68.787  13.150 0.6999999881
10338  10.087  -68.785  12.710 0.6999999881
10829  18.366  -67.791  24.587 0.3000000119
10830  17.569  -67.615  24.380 0.4000000060
10842  16.608  -67.436  23.959 0.4000000060
10844  15.334  -67.093  23.351 0.5000000000
10853  14.649  -67.165  22.889 0.6000000238
10866  12.680  -67.171  21.330 0.8000000119
10877  12.073  -66.702  20.964 0.8000000119
10893  10.665  -67.703  18.971 0.8000000119
10907  10.076  -67.691  18.237 0.6999999881
10908  9.348  -67.630  17.518 0.6999999881
10920  8.396  -67.476  16.922 0.4000000060
10930  7.186  -66.978  16.885 0.4000000060
10950  18.074  -68.060  13.231 0.6000000238
10962  15.878  -67.193  12.281 0.6000000238
11492  15.943  -67.027  23.705 0.5000000000
11504  13.444  -66.420  22.306 0.6999999881
11517  12.842  -66.009  21.968 0.6999999881
11551  11.200  -66.879  20.000 0.6999999881
11574  10.241  -66.932  18.864 0.8000000119
11595  8.844  -65.954  17.481 0.8000000119
11597  6.718  -66.269  17.234 0.4000000060
11614  7.452  -66.378  16.806 0.5000000000
11672  15.418  -66.259  11.805 0.6000000238
12252  14.451  -65.741  23.105 0.5000000000
12269  12.709  -65.420  21.936 0.6999999881
12271  11.969  -65.882  21.232 0.8000000119
12307  9.730  -65.375  18.962 0.6000000238
12327  9.245  -65.423  18.171 0.8000000119
12328  8.619  -65.074  17.529 0.6000000238
12344  7.153  -64.908  16.673 0.5000000000
12345  6.270  -65.465  17.417 0.5000000000
12358  7.067  -65.677  16.738 0.5000000000
12359  6.663  -65.759  16.976 0.4000000060
12415  11.931  -65.639  13.052 0.5000000000
13026  13.791  -64.197  22.667 0.4000000060
13027  13.131  -64.183  22.245 0.6000000238
13028  12.875  -63.612  21.930 0.4000000060
13041  12.839  -64.855  22.089 0.5000000000
13056  10.966  -64.177  20.658 0.6999999881
13088  5.836  -63.925  17.651 0.5000000000
13102  7.344  -64.074  16.801 0.5000000000
13104  6.030  -64.502  17.148 0.5000000000
13166  16.922  -63.251  11.873 0.5000000000
13184  17.340  -63.738  11.555 0.5000000000
13779  14.323  -63.539  22.862 0.4000000060
13791  11.929  -63.223  21.253 0.5000000000
13815  9.929  -63.510  19.723 0.6999999881
13837  5.875  -63.247  17.534 0.5000000000
13854  6.693  -63.188  16.887 0.6000000238
13888  17.562  -62.963  12.550 0.5000000000
13889  16.779  -62.975  12.683 0.5000000000
13890  15.986  -63.442  12.617 0.5000000000
13903  16.677  -63.135  12.272 0.5000000000
14527  13.053  -62.472  21.589 0.3000000119
14528  12.298  -62.380  21.094 0.5000000000
14540  10.915  -62.916  20.468 0.6000000238
14552  10.398  -62.787  20.010 0.6999999881
14553  9.794  -62.685  19.399 0.6999999881
14568  9.300  -62.610  18.823 0.6999999881
14570  5.891  -61.937  18.107 0.5000000000
15252  13.203  -61.268  20.872 0.3000000119
15254  11.746  -61.882  20.411 0.6000000238
15277  9.233  -61.651  18.065 0.6999999881
15294  7.017  -61.257  17.286 0.6000000238
15295  6.691  -60.997  17.579 0.6000000238
16036  13.495  -60.512  20.358 0.3000000119
16038  5.980  -60.940  19.450 0.4000000060
16047  12.856  -60.413  19.569 0.3000000119
16048  11.419  -60.951  19.077 0.4000000060
16061  10.718  -60.975  18.354 0.6000000238
16063  6.663  -60.415  17.855 0.6000000238
16072  11.434  -60.353  17.164 0.4000000060
16073  10.682  -60.424  16.278 0.4000000060
16075  8.967  -60.519  16.684 0.6000000238
16085  10.130  -60.161  15.857 0.6000000238
16086  9.329  -60.050  16.276 0.6000000238
16862  14.609  -59.692  20.646 0.3000000119
16873  7.132  -59.030  19.539 0.6000000238
16881  6.793  -59.683  18.304 0.5000000000
16885  12.006  -60.115  16.681 0.4000000060
16887  8.165  -59.404  17.238 0.6999999881
16888  7.313  -59.951  17.462 0.6999999881
16897  9.746  -59.588  16.055 0.6000000238
16898  8.973  -59.429  16.626 0.6000000238
16910  12.578  -60.061  14.628 0.4000000060
16911  11.875  -60.001  14.396 0.4000000060
16913  10.728  -59.505  15.194 0.5000000000
17669  10.262  -58.485  20.428 0.6000000238
17676  14.523  -58.744  19.300 0.3000000119
17677  9.502  -58.342  19.515 0.5000000000
17678  9.109  -58.238  18.604 0.6000000238
17679  7.672  -58.680  18.825 0.6000000238
17685  8.920  -58.343  17.795 0.6999999881
17699  10.125  -59.022  15.811 0.6000000238
17710  11.236  -59.482  14.783 0.4000000060
18521  12.865  -56.759  21.294 0.6000000238
18523  11.139  -57.966  19.887 0.6000000238
18532  11.942  -57.398  19.584 0.5000000000
18547  11.092  -57.206  16.751 0.5000000000
18549  9.658  -58.033  17.395 0.6999999881
18558  10.881  -57.663  16.044 0.6000000238
18560  9.807  -58.295  16.615 0.6000000238
18570  13.280  -58.063  13.810 0.4000000060
18572  11.181  -58.420  15.173 0.5000000000
18584  13.960  -58.954  13.157 0.3000000119
19462  13.255  -55.744  20.229 0.4000000060
19463  13.049  -56.048  20.961 0.6000000238
19475  13.412  -55.498  19.735 0.4000000060
19484  13.540  -55.604  19.125 0.4000000060
19495  11.997  -56.735  17.212 0.4000000060
19516  12.645  -57.269  14.754 0.4000000060
19540  16.588  -57.703  12.385 0.3000000119
19541  15.734  -57.815  12.608 0.3000000119
20350  12.052  -55.848  22.293 0.5000000000
20351  11.197  -55.862  22.872 0.3000000119
20354  7.145  -55.249  21.608 0.5000000000
20366  12.558  -55.768  21.398 0.5000000000
20370  7.401  -55.455  20.820 0.4000000060
20382  13.301  -55.206  19.991 0.5000000000
20386  8.178  -55.524  20.013 0.4000000060
20410  13.833  -55.010  18.761 0.4000000060
20420  13.910  -55.193  17.743 0.4000000060
20436  13.800  -55.150  16.610 0.3000000119
20449  14.217  -55.192  14.882 0.3000000119
20479  15.414  -56.653  13.219 0.3000000119
21295  7.539  -55.197  22.151 0.4000000060
21361  12.920  -53.882  18.955 0.3000000119
21363  10.207  -53.589  18.384 0.3000000119
21398  14.192  -54.506  16.291 0.3000000119
22241  8.238  -53.475  20.476 0.4000000060
22242  7.207  -54.661  20.700 0.4000000060
22255  7.877  -54.371  20.110 0.4000000060
22268  9.504  -53.689  18.683 0.3000000119
22285  9.950  -53.032  18.368 0.3000000119
22298  14.248  -53.196  17.171 0.3000000119
22312  14.354  -53.097  16.388 0.3000000119
23190  9.126  -53.058  20.991 0.3000000119
23191  7.470  -53.235  21.136 0.3000000119
23192  6.927  -53.207  21.694 0.3000000119
117318  26.399  -81.906  34.684 0.3000000119
117697  18.368  -72.245  24.105 0.6999999881
117932  17.029  -72.260  24.289 0.8000000119
118066  12.334  -63.669  21.591 0.5000000000
118270  10.643  -70.116  12.121 0.6000000238
118396  28.796  -79.709  22.782 0.5000000000
118820  8.390  -58.458  18.433 0.6999999881
118914  17.478  -73.073  24.376 0.8000000119
119086  16.897  -72.826  19.900 0.6000000238
120105  29.066  -82.195  22.488 0.4000000060
120181  23.641  -71.592  19.093 0.5000000000
120195  29.415  -81.472  20.323 0.3000000119
120294  14.011  -73.428  18.735 0.6000000238
120295  10.734  -58.227  15.661 0.6000000238
121112  7.554  -60.779  17.083 0.8000000119
121429  28.029  -82.597  26.111 0.3000000119
122028  18.437  -73.298  23.529 0.8000000119
122238  14.801  -69.328  22.155 0.8000000119
122307  11.861  -72.433  21.632 0.5000000000
122585  6.462  -61.703  17.539 0.5000000000
122699  8.971  -70.105  13.055 0.6000000238
124036  12.228  -65.059  21.568 0.6999999881
124238  14.498  -67.911  22.484 0.6999999881
124295  7.878  -64.764  16.923 0.6000000238
124526  18.258  -71.121  24.226 0.6999999881
124806  28.264  -80.832  24.147 0.4000000060
124866  16.352  -68.154  23.626 0.4000000060
125043  12.359  -71.063  16.352 0.5000000000
125247  11.258  -57.445  18.506 0.5000000000
126049  29.363  -84.585  26.777 0.4000000060
126906  14.479  -76.725  24.278 0.5000000000
127187  24.628  -87.811  41.598 0.5000000000
127629  12.450  -67.818  12.423 0.6999999881
127636  16.368  -75.003  24.905 0.6999999881
127898  10.792  -67.018  19.485 0.6999999881
128865  9.044  -62.230  18.376 0.6999999881
128986  14.772  -65.004  23.375 0.4000000060
129273  10.803  -66.916  12.989 0.5000000000
129699  10.738  -54.110  18.683 0.3000000119
129949  23.428  -73.619  17.389 0.6999999881
130247  18.063  -62.861  12.070 0.5000000000
130315  10.109  -67.825  14.719 0.5000000000
130327  23.468  -75.772  19.338 0.8000000119
130357  28.583  -88.368  38.013 0.4000000060
130379  9.419  -68.223  14.062 0.5000000000
130459  16.442  -70.198  23.471 0.6999999881
130887  13.839  -65.825  22.697 0.6999999881
130935  30.326  -82.943  25.712 0.4000000060
131035  8.764  -68.249  17.039 0.5000000000
131165  28.463  -86.355  25.875 0.3000000119
131299  10.847  -75.130  17.725 0.5000000000
131467  16.294  -66.492  12.042 0.6000000238
131495  13.017  -75.614  10.320 0.6000000238
131533  28.288  -77.587  22.030 0.5000000000
131591  17.072  -73.097  14.113 0.6000000238
132053  16.495  -75.650  23.408 0.6999999881
132130  12.924  -66.645  21.830 0.8000000119
132206  12.780  -69.861  16.315 0.5000000000
132280  10.363  -64.091  20.150 0.6999999881
132353  15.368  -69.174  22.717 0.6999999881
132935  32.989  -81.969  28.229 0.4000000060
133157  9.552  -72.133  13.202 0.6000000238
133175  19.126  -68.866  11.849 0.6000000238
133519  15.445  -76.271  22.423 0.6000000238
134848  14.779  -64.555  12.332 0.5000000000
135204  19.052  -73.918  9.207 0.6999999881
135514  32.669  -85.389  33.337 0.4000000060
135690  15.428  -65.062  23.744 0.4000000060
135757  11.826  -72.978  22.078 0.6000000238
136585  10.313  -73.374  16.425 0.6000000238
137180  19.737  -77.178  9.055 0.6000000238
137495  14.139  -58.167  13.267 0.3000000119
137799  26.479  -82.734  27.595 0.4000000060
137821  13.440  -65.032  12.814 0.5000000000
137825  26.308  -83.768  34.495 0.4000000060
138001  12.145  -75.246  16.263 0.4000000060
138171  16.868  -74.514  24.603 0.6999999881
138347  10.499  -72.979  16.853 0.6000000238
138779  11.635  -72.333  17.136 0.6000000238
139303  23.416  -72.443  18.406 0.5000000000
139425  7.720  -67.019  16.810 0.4000000060
139503  8.219  -52.425  21.469 0.3000000119
139526  15.682  -76.235  23.043 0.6000000238
139919  24.845  -78.060  20.281 0.8000000119
140023  14.904  -58.712  20.037 0.3000000119
140176  16.654  -71.118  14.525 0.6999999881
140484  13.486  -59.978  19.674 0.3000000119
140991  14.603  -71.632  13.546 0.6999999881
141013  26.093  -81.730  17.764 0.5000000000
141075  11.316  -57.639  15.577 0.5000000000
141581  13.202  -59.844  13.600 0.3000000119
141627  10.510  -66.597  19.391 0.6999999881
141779  9.013  -53.905  18.881 0.3000000119
