#!ascii label  , from subject sub-fsm40mn vox2ras=TkReg
1120
69080  -24.545  -29.207  -13.558 0.4285714328
69987  -24.790  -28.399  -14.089 0.2857142985
69988  -25.702  -28.139  -13.578 0.4285714328
70888  -26.514  -27.857  -13.048 0.4285714328
70920  -25.742  -27.029  -14.714 0.2857142985
70905  -26.076  -27.420  -13.894 0.4285714328
71829  -26.467  -26.734  -14.205 0.4285714328
71852  -25.933  -26.061  -15.234 0.4285714328
72731  -26.546  -25.835  -15.232 0.4285714328
72745  -26.954  -25.257  -15.492 0.4285714328
73599  -27.487  -24.667  -15.682 0.4285714328
75325  -26.710  -23.405  -15.077 0.5714285970
74457  -27.140  -24.226  -15.588 0.5714285970
125732  -28.260  -24.411  -15.959 0.4285714328
130866  -28.704  -24.179  -16.455 0.2857142985
115996  -28.121  -23.497  -15.943 0.7142857313
120680  -28.690  -23.922  -16.556 0.7142857313
75335  -29.516  -23.107  -16.722 0.7142857313
75336  -30.437  -23.467  -17.453 0.4285714328
75334  -28.768  -23.295  -16.301 0.7142857313
74470  -29.180  -23.801  -16.817 0.5714285970
76175  -31.230  -22.824  -17.700 0.5714285970
76169  -29.569  -21.902  -15.775 0.5714285970
131570  -30.385  -22.196  -16.706 0.5714285970
77018  -30.801  -21.011  -15.944 0.5714285970
76170  -31.468  -21.521  -16.988 0.5714285970
76176  -32.353  -22.059  -17.783 0.4285714328
77866  -32.215  -19.851  -16.185 0.5714285970
77867  -33.387  -19.770  -16.825 0.5714285970
77865  -31.109  -20.085  -15.474 0.7142857313
78702  -33.964  -18.890  -16.830 0.7142857313
77868  -33.852  -19.690  -16.853 0.5714285970
124360  -28.693  -18.891  -14.314 0.5714285970
78695  -31.648  -18.191  -14.900 0.8571428657
118158  -34.031  -18.855  -16.780 0.5714285970
131686  -30.776  -18.729  -14.545 0.7142857313
78694  -30.472  -17.932  -14.290 0.5714285970
80412  -34.673  -16.875  -17.096 0.7142857313
78704  -34.816  -17.698  -16.806 0.5714285970
126246  -32.710  -17.951  -15.794 0.7142857313
79568  -34.111  -17.320  -17.057 0.7142857313
81274  -34.546  -16.147  -16.831 0.5714285970
79566  -33.275  -17.319  -16.212 0.7142857313
80404  -35.099  -16.790  -16.489 0.5714285970
79565  -32.217  -17.294  -15.062 0.5714285970
80403  -32.861  -16.598  -15.610 0.7142857313
121716  -33.535  -16.086  -16.275 0.7142857313
81266  -34.812  -14.956  -16.662 0.7142857313
81275  -34.862  -15.968  -16.592 0.7142857313
81249  -32.709  -15.065  -14.956 0.7142857313
81265  -33.765  -15.411  -16.273 0.7142857313
121818  -33.904  -14.683  -16.223 0.7142857313
82931  -34.734  -13.351  -16.149 0.7142857313
82107  -35.104  -14.153  -16.443 0.5714285970
80382  -30.911  -15.984  -13.746 0.5714285970
83745  -34.632  -12.419  -15.596 0.5714285970
84579  -34.760  -11.772  -15.255 0.5714285970
82089  -32.261  -14.403  -13.834 0.8571428657
84578  -34.397  -11.923  -15.274 0.7142857313
83718  -33.394  -12.150  -13.804 0.7142857313
82913  -33.121  -13.577  -14.670 0.8571428657
83729  -33.231  -12.879  -14.138 0.7142857313
85379  -33.445  -10.288  -11.922 0.8571428657
85401  -33.880  -10.713  -13.991 0.5714285970
84554  -33.443  -11.493  -13.294 0.8571428657
84553  -32.973  -12.094  -12.709 0.8571428657
82903  -32.409  -13.522  -13.260 0.8571428657
83717  -32.704  -12.725  -12.904 0.8571428657
86944  -33.162  -9.102  -10.574 0.8571428657
87732  -33.458  -8.216  -10.863 0.8571428657
87718  -32.766  -7.928  -9.390 0.8571428657
84542  -32.931  -11.551  -12.015 0.8571428657
87731  -32.934  -8.524  -9.943 0.8571428657
86928  -31.320  -8.382  -9.513 1.0000000000
86929  -32.175  -8.541  -9.549 1.0000000000
86143  -32.702  -9.824  -10.542 0.8571428657
87717  -32.013  -7.926  -8.957 1.0000000000
86942  -31.509  -9.091  -9.971 1.0000000000
88511  -31.393  -6.504  -8.055 1.0000000000
90148  -28.459  -4.664  -7.828 0.7142857313
88527  -31.747  -7.166  -8.555 1.0000000000
88526  -30.770  -7.066  -8.574 1.0000000000
89332  -29.830  -5.760  -7.687 1.0000000000
126085  -29.518  -1.168  -6.440 1.0000000000
91734  -27.940  -1.696  -6.755 0.8571428657
94161  -28.608  0.847  -6.002 0.8571428657
119515  -28.128  0.166  -6.313 1.0000000000
97776  -27.357  5.409  -6.648 0.8571428657
96390  -27.722  3.364  -6.225 0.8571428657
127010  -28.350  2.966  -5.936 1.0000000000
99290  -26.833  7.569  -7.319 0.8571428657
98513  -27.447  6.826  -7.034 0.8571428657
99289  -26.061  7.953  -7.569 0.7142857313
98511  -25.465  6.368  -7.700 0.5714285970
100128  -24.797  8.384  -8.373 0.7142857313
98526  -23.053  6.798  -8.533 0.5714285970
98527  -23.868  6.648  -8.574 0.5714285970
98525  -22.756  6.937  -7.996 0.4285714328
100977  -22.369  8.841  -7.787 0.4285714328
100984  -22.090  9.387  -8.646 0.4285714328
100102  -23.255  8.315  -5.492 0.2857142985
99277  -23.338  7.896  -4.882 0.2857142985
136655  -23.136  7.958  -5.784 0.2857142985
100103  -23.616  8.711  -5.286 0.2857142985
70904  -25.309  -27.667  -14.395 0.2857142985
121422  -31.640  -20.607  -16.300 0.5714285970
78703  -34.527  -17.929  -16.829 0.5714285970
134313  -34.560  -10.592  -14.689 0.5714285970
82914  -33.863  -12.886  -15.509 0.7142857313
83730  -33.889  -12.179  -15.074 0.7142857313
84543  -33.474  -10.881  -12.589 0.8571428657
86155  -33.706  -9.557  -12.303 0.8571428657
86952  -33.589  -8.941  -11.520 0.8571428657
132369  -33.220  -7.851  -10.065 0.8571428657
90134  -29.025  -4.182  -7.099 0.8571428657
99273  -25.641  7.841  -4.206 0.1428571492
69998  -24.658  -27.695  -14.538 0.2857142985
71842  -25.501  -26.544  -15.026 0.2857142985
71843  -26.182  -26.424  -14.983 0.4285714328
72732  -27.279  -25.529  -15.038 0.4285714328
73598  -26.673  -24.808  -15.452 0.4285714328
72746  -27.721  -24.943  -15.463 0.4285714328
75333  -27.491  -23.693  -15.638 0.5714285970
74459  -29.195  -24.085  -16.790 0.4285714328
75326  -27.470  -22.891  -15.214 0.2857142985
76161  -29.063  -21.513  -15.080 0.5714285970
77023  -33.685  -21.641  -17.550 0.4285714328
77009  -29.540  -20.979  -14.957 0.7142857313
77010  -30.246  -20.481  -15.042 0.7142857313
77019  -32.640  -20.753  -17.119 0.7142857313
77020  -33.566  -20.623  -17.160 0.4285714328
78696  -32.780  -18.846  -16.174 0.7142857313
78697  -33.728  -18.077  -16.652 0.7142857313
123989  -29.761  -18.672  -14.319 0.5714285970
118736  -35.141  -15.850  -15.986 0.5714285970
79567  -35.104  -17.423  -16.289 0.5714285970
80411  -33.898  -16.680  -16.729 0.7142857313
81267  -35.175  -14.918  -16.395 0.5714285970
80402  -31.713  -16.448  -14.412 0.8571428657
82105  -33.383  -14.197  -15.439 0.7142857313
85390  -33.812  -10.152  -13.147 0.5714285970
84541  -32.069  -11.724  -11.383 1.0000000000
88528  -32.644  -7.129  -8.908 1.0000000000
86941  -30.607  -8.778  -10.173 1.0000000000
89331  -28.776  -5.528  -8.037 0.8571428657
90133  -28.225  -3.804  -7.639 0.7142857313
90965  -28.761  -3.358  -6.893 1.0000000000
129480  -30.608  -3.495  -6.719 1.0000000000
91735  -28.513  -2.440  -6.592 0.7142857313
90953  -30.074  -2.864  -6.533 1.0000000000
90964  -27.946  -2.967  -7.440 0.7142857313
124321  -28.662  -0.619  -6.406 0.8571428657
96389  -27.184  3.957  -6.582 0.8571428657
95633  -28.639  2.314  -5.847 1.0000000000
94893  -29.041  1.564  -5.827 1.0000000000
99302  -25.691  7.246  -7.622 0.7142857313
100117  -22.524  8.145  -8.016 0.7142857313
97802  -24.590  6.125  -8.147 0.5714285970
99300  -23.355  7.386  -8.767 0.7142857313
100127  -23.768  8.135  -8.775 0.7142857313
98509  -22.921  6.493  -7.295 0.4285714328
100101  -22.927  8.541  -6.202 0.2857142985
133214  -23.339  8.671  -9.092 0.4285714328
101816  -21.813  10.390  -8.210 0.4285714328
100970  -22.625  9.128  -6.731 0.4285714328
76160  -28.420  -21.649  -14.909 0.4285714328
77008  -28.774  -20.792  -14.605 0.4285714328
100110  -22.663  8.373  -7.156 0.4285714328
99299  -22.847  7.612  -8.416 0.7142857313
100960  -23.090  9.203  -5.792 0.2857142985
69970  -25.372  -28.863  -13.212 0.4285714328
70919  -25.043  -27.167  -14.851 0.2857142985
72744  -26.094  -25.444  -15.294 0.2857142985
74448  -26.403  -24.194  -15.250 0.4285714328
74458  -28.019  -24.159  -16.103 0.4285714328
75327  -28.210  -22.584  -15.429 0.5714285970
76168  -28.914  -22.344  -15.698 0.5714285970
129813  -30.084  -21.289  -15.621 0.5714285970
77022  -33.199  -21.330  -17.678 0.4285714328
132466  -30.458  -19.521  -14.723 0.7142857313
77859  -31.476  -19.193  -15.232 0.7142857313
133835  -29.394  -19.892  -14.505 0.7142857313
79570  -35.090  -17.336  -17.008 0.5714285970
79564  -31.066  -17.216  -14.305 0.7142857313
81264  -32.678  -15.878  -15.220 0.8571428657
82106  -34.470  -14.088  -16.387 0.7142857313
81248  -31.758  -15.708  -14.089 0.8571428657
133513  -34.146  -11.413  -14.759 0.8571428657
132137  -33.129  -10.854  -11.697 0.8571428657
86144  -33.309  -9.701  -11.244 0.8571428657
86142  -31.817  -9.825  -10.301 1.0000000000
89345  -29.265  -6.256  -8.394 1.0000000000
97789  -26.988  6.099  -6.843 0.8571428657
98512  -26.416  6.675  -7.239 0.8571428657
135065  -25.071  7.340  -8.092 0.7142857313
133322  -25.305  7.848  -7.944 0.7142857313
99301  -24.394  7.455  -8.528 0.5714285970
97800  -23.424  6.325  -8.261 0.5714285970
99288  -22.675  7.651  -7.613 0.4285714328
100125  -22.602  8.507  -8.538 0.4285714328
99271  -22.708  7.405  -4.094 0.2857142985
99282  -22.894  7.875  -6.581 0.2857142985
100093  -23.978  8.298  -4.786 0.2857142985
100126  -22.968  8.162  -8.881 0.5714285970
103838  -21.753  14.058  -7.995 0.2857142985
103834  -23.974  13.808  -6.802 0.1428571492
102510  -21.902  11.456  -7.918 0.2857142985
103180  -21.785  13.100  -8.282 0.2857142985
128064  -23.537  12.927  -6.798 0.1428571492
119875  -24.873  14.302  -6.492 0.1428571492
101812  -23.313  10.542  -6.218 0.1428571492
101811  -22.225  10.898  -7.236 0.2857142985
103174  -23.823  12.091  -6.552 0.1428571492
103191  -21.459  12.452  -9.987 0.2857142985
102509  -21.670  12.111  -8.553 0.2857142985
102530  -26.564  11.448  -11.070 0.2857142985
103192  -23.788  12.065  -11.276 0.2857142985
103835  -25.208  13.522  -6.326 0.1428571492
101821  -21.745  10.136  -9.291 0.2857142985
101822  -25.846  10.686  -8.787 0.2857142985
102522  -21.512  11.592  -10.192 0.2857142985
102516  -21.565  11.067  -8.875 0.2857142985
100132  -28.560  8.630  -9.687 0.1428571492
101831  -25.303  11.316  -9.267 0.2857142985
125271  -23.082  11.117  -10.410 0.2857142985
101830  -22.514  10.283  -10.246 0.2857142985
101820  -21.514  10.834  -9.803 0.2857142985
98555  -28.724  6.253  -11.346 0.1428571492
99321  -28.781  7.107  -10.851 0.1428571492
101833  -27.306  10.540  -9.782 0.4285714328
131763  -24.596  9.911  -8.874 0.2857142985
97082  -30.225  4.113  -8.381 0.2857142985
100121  -28.254  8.153  -7.896 0.4285714328
100987  -26.197  9.990  -8.335 0.2857142985
100985  -22.628  8.977  -9.219 0.2857142985
95655  -30.689  2.524  -9.831 0.1428571492
97811  -29.633  5.727  -9.004 0.2857142985
100979  -26.466  9.217  -7.900 0.4285714328
98515  -29.254  6.126  -7.712 0.5714285970
132724  -27.517  8.148  -7.543 0.7142857313
94923  -31.216  1.197  -8.924 0.1428571492
95651  -30.737  2.631  -8.997 0.1428571492
99291  -27.964  7.521  -7.415 0.7142857313
100118  -25.775  8.560  -7.829 0.4285714328
97081  -29.885  4.758  -7.925 0.4285714328
93358  -31.514  -0.349  -9.245 0.2857142985
94193  -31.302  0.356  -8.552 0.7142857313
97790  -28.835  5.817  -6.995 0.7142857313
94169  -29.447  0.845  -6.082 0.8571428657
94904  -30.300  1.647  -6.739 0.8571428657
97077  -29.640  4.518  -7.114 0.5714285970
92547  -31.786  -1.808  -10.592 0.2857142985
92537  -31.749  -1.355  -9.305 0.2857142985
96399  -29.847  3.667  -6.767 0.7142857313
133897  -29.315  3.536  -6.221 0.8571428657
129426  -32.074  -2.619  -10.503 0.1428571492
93348  -31.230  -0.781  -7.548 0.7142857313
122662  -32.316  -3.792  -11.346 0.1428571492
86950  -28.450  -8.842  -11.569 0.5714285970
87715  -30.168  -7.442  -9.291 0.8571428657
122212  -28.841  -6.560  -9.269 0.8571428657
88541  -28.444  -6.923  -10.035 0.4285714328
89344  -28.405  -5.885  -8.895 0.5714285970
91736  -29.584  -2.106  -6.441 0.8571428657
128110  -31.755  -3.968  -7.417 0.8571428657
130767  -30.215  -0.731  -6.560 0.8571428657
91004  -32.402  -3.879  -10.550 0.2857142985
91750  -31.549  -2.286  -7.510 0.8571428657
93347  -30.853  -0.721  -6.981 0.8571428657
95634  -29.379  2.290  -5.943 0.8571428657
89372  -33.206  -4.991  -11.970 0.4285714328
91758  -32.190  -2.938  -8.785 0.7142857313
92526  -31.559  -1.324  -8.105 0.7142857313
86165  -28.222  -9.576  -12.163 0.2857142985
86940  -29.652  -8.435  -10.380 0.5714285970
86939  -28.908  -8.401  -10.918 0.5714285970
87716  -31.102  -7.701  -9.040 0.8571428657
90150  -30.486  -5.030  -7.334 0.8571428657
90136  -31.019  -4.250  -7.048 0.8571428657
136196  -31.318  -3.575  -7.016 0.8571428657
131829  -30.696  -2.743  -6.686 0.8571428657
90181  -32.640  -4.629  -10.129 0.4285714328
90164  -32.555  -4.724  -8.938 0.8571428657
90968  -31.700  -3.172  -7.433 0.8571428657
125679  -29.124  -14.516  -13.265 0.7142857313
83728  -28.489  -13.065  -13.294 0.4285714328
82088  -30.212  -14.843  -13.197 0.7142857313
126958  -30.641  -13.013  -12.210 0.8571428657
119987  -29.554  -12.492  -12.423 0.5714285970
85389  -29.094  -10.972  -12.140 0.5714285970
85387  -27.627  -10.279  -13.028 0.4285714328
83704  -31.493  -12.298  -11.694 0.8571428657
84539  -30.039  -11.108  -11.566 0.5714285970
86153  -28.905  -9.630  -11.610 0.5714285970
85377  -31.675  -11.010  -10.965 0.8571428657
86141  -30.713  -9.755  -10.584 0.7142857313
86154  -29.676  -9.709  -11.101 0.5714285970
125855  -33.399  -7.328  -10.744 0.7142857313
87719  -33.129  -7.226  -9.800 0.7142857313
125435  -32.748  -6.277  -8.897 0.7142857313
89335  -32.551  -5.686  -8.477 0.8571428657
88564  -34.248  -6.678  -13.809 0.2857142985
123708  -33.763  -6.877  -12.641 0.4285714328
89362  -33.236  -5.885  -11.322 0.5714285970
79563  -29.964  -17.041  -13.961 0.4285714328
133979  -29.194  -15.589  -13.527 0.4285714328
82087  -28.194  -14.501  -13.675 0.4285714328
82902  -31.100  -13.985  -12.684 0.7142857313
83716  -31.747  -13.059  -12.193 0.7142857313
84540  -31.075  -11.532  -11.340 0.8571428657
86962  -33.878  -8.724  -12.767 0.7142857313
87751  -34.546  -7.596  -14.412 0.2857142985
87750  -33.925  -7.706  -13.147 0.5714285970
127978  -33.765  -8.223  -11.950 0.5714285970
137804  -29.617  -17.712  -14.144 0.4285714328
126347  -28.308  -16.329  -13.868 0.5714285970
80381  -29.994  -15.797  -13.573 0.5714285970
81246  -29.609  -15.225  -13.403 0.5714285970
85402  -34.900  -9.927  -14.852 0.4285714328
86167  -34.686  -9.205  -14.679 0.4285714328
86978  -34.914  -8.379  -14.850 0.4285714328
86963  -34.291  -8.488  -14.083 0.4285714328
77858  -28.178  -19.819  -14.385 0.5714285970
78699  -34.521  -17.996  -15.724 0.4285714328
80383  -34.667  -16.587  -14.980 0.4285714328
82916  -35.335  -12.763  -14.227 0.4285714328
82932  -35.069  -12.868  -15.863 0.4285714328
83719  -35.459  -12.105  -13.603 0.4285714328
84563  -34.840  -10.963  -14.942 0.4285714328
73600  -28.468  -24.618  -15.396 0.1428571492
81250  -35.009  -15.084  -15.076 0.4285714328
82082  -34.994  -14.250  -14.333 0.4285714328
82904  -35.124  -13.588  -13.536 0.4285714328
73601  -29.034  -24.331  -16.263 0.1428571492
74460  -29.743  -24.072  -16.907 0.1428571492
75342  -32.795  -23.611  -18.260 0.2857142985
76997  -33.825  -20.299  -14.195 0.2857142985
79532  -34.319  -17.756  -12.121 0.2857142985
78680  -34.029  -18.747  -13.417 0.2857142985
77021  -33.871  -20.662  -16.896 0.4285714328
121648  -34.346  -16.740  -12.609 0.2857142985
124262  -34.161  -18.025  -14.245 0.2857142985
77844  -33.853  -19.510  -15.255 0.2857142985
80376  -34.515  -15.788  -13.319 0.2857142985
133549  -34.436  -16.462  -13.747 0.4285714328
73584  -29.285  -24.243  -15.039 0.1428571492
74449  -29.875  -23.987  -15.860 0.1428571492
74461  -30.721  -23.917  -16.676 0.2857142985
74462  -31.846  -23.994  -17.390 0.2857142985
74476  -34.457  -23.790  -16.918 0.2857142985
76162  -34.193  -22.231  -15.133 0.2857142985
121076  -34.007  -21.476  -16.040 0.2857142985
76171  -34.103  -22.595  -17.712 0.2857142985
77012  -33.990  -21.232  -14.599 0.2857142985
74431  -30.992  -23.538  -14.988 0.1428571492
74463  -33.709  -24.323  -17.114 0.2857142985
74450  -31.918  -23.608  -15.785 0.2857142985
118304  -32.747  -23.989  -16.747 0.2857142985
74475  -34.087  -24.150  -17.666 0.2857142985
70906  -26.878  -27.121  -13.332 0.2857142985
72733  -28.071  -25.186  -14.724 0.1428571492
71844  -26.909  -26.149  -14.650 0.2857142985
72734  -28.875  -24.695  -14.225 0.1428571492
69063  -25.142  -29.581  -12.732 0.2857142985
68106  -25.007  -30.357  -12.243 0.2857142985
69062  -24.258  -30.006  -13.110 0.2857142985
71830  -27.262  -26.404  -13.664 0.2857142985
68104  -23.601  -30.692  -13.056 0.1428571492
74451  -32.969  -23.863  -15.530 0.2857142985
75328  -34.332  -22.657  -16.698 0.2857142985
77845  -33.867  -19.473  -13.833 0.2857142985
78698  -34.264  -18.566  -16.330 0.4285714328
79546  -34.556  -17.349  -15.235 0.4285714328
81240  -34.566  -15.247  -12.319 0.2857142985
82912  -29.109  -13.696  -13.012 0.7142857313
125353  -34.815  -14.422  -12.830 0.4285714328
120714  -30.105  -10.301  -11.197 0.5714285970
83746  -35.014  -12.197  -15.494 0.4285714328
85391  -34.345  -9.988  -14.359 0.4285714328
86194  -35.127  -8.912  -14.716 0.2857142985
87773  -35.139  -7.218  -14.729 0.2857142985
94902  -28.176  1.606  -6.019 0.7142857313
89346  -32.795  -5.564  -9.572 0.7142857313
93338  -29.498  -0.464  -6.369 0.8571428657
120500  -26.119  5.867  -7.285 0.4285714328
97788  -26.630  5.446  -6.947 0.5714285970
97068  -28.469  4.513  -6.387 0.7142857313
88563  -33.700  -5.973  -12.644 0.2857142985
120470  -30.471  0.075  -6.785 0.8571428657
96391  -28.594  3.682  -6.117 0.8571428657
100986  -23.493  9.475  -9.382 0.2857142985
96403  -30.475  3.388  -8.697 0.4285714328
97803  -29.617  5.536  -8.241 0.4285714328
103165  -25.585  12.655  -6.109 0.1428571492
100998  -28.221  9.356  -9.301 0.2857142985
99312  -29.125  7.301  -9.579 0.1428571492
103197  -22.013  12.342  -11.115 0.2857142985
69064  -25.840  -29.210  -12.495 0.1428571492
69986  -23.944  -28.887  -14.155 0.2857142985
71845  -27.642  -25.722  -14.101 0.1428571492
73568  -31.079  -23.822  -13.658 0.1428571492
74432  -32.007  -23.594  -14.431 0.1428571492
114890  -31.195  -23.629  -17.977 0.2857142985
74474  -33.075  -24.146  -17.889 0.2857142985
132429  -34.298  -23.491  -17.652 0.2857142985
75314  -34.516  -22.836  -14.375 0.2857142985
75345  -33.295  -22.952  -18.326 0.2857142985
76998  -34.272  -20.970  -13.204 0.2857142985
125868  -34.028  -21.769  -17.108 0.2857142985
80370  -34.433  -16.119  -11.873 0.2857142985
82072  -34.723  -14.662  -11.634 0.2857142985
82080  -29.946  -14.212  -12.860 0.7142857313
137300  -30.554  -14.472  -12.954 0.5714285970
84562  -28.103  -11.670  -13.110 0.4285714328
126618  -29.101  -13.005  -12.862 0.5714285970
86961  -27.670  -8.917  -12.258 0.2857142985
85375  -28.647  -10.238  -12.173 0.5714285970
82090  -35.321  -14.181  -15.929 0.4285714328
84552  -29.556  -11.694  -12.080 0.7142857313
87740  -28.320  -8.029  -11.163 0.2857142985
84555  -35.538  -11.377  -12.997 0.1428571492
85392  -35.459  -10.499  -13.603 0.4285714328
85403  -35.090  -10.269  -14.644 0.4285714328
86168  -35.603  -9.054  -13.298 0.1428571492
89333  -30.995  -5.823  -7.603 0.8571428657
126822  -35.455  -8.789  -14.058 0.1428571492
87741  -33.684  -7.490  -11.788 0.5714285970
88579  -34.323  -5.820  -13.655 0.2857142985
89371  -32.843  -5.257  -10.774 0.5714285970
90979  -32.390  -3.772  -8.863 0.7142857313
94170  -30.125  0.862  -6.470 0.8571428657
90197  -32.573  -3.988  -12.101 0.2857142985
91020  -32.049  -3.337  -11.814 0.1428571492
100971  -22.767  9.878  -6.332 0.2857142985
91768  -32.302  -3.228  -9.871 0.4285714328
90189  -32.591  -4.452  -11.176 0.4285714328
91777  -31.867  -2.626  -11.333 0.1428571492
94915  -30.646  1.771  -7.556 0.5714285970
94204  -31.329  0.565  -9.495 0.1428571492
94938  -30.889  1.743  -10.148 0.1428571492
102503  -24.082  11.202  -6.273 0.1428571492
120721  -30.380  3.510  -7.996 0.5714285970
94209  -31.101  0.835  -10.407 0.1428571492
96406  -30.476  3.264  -9.507 0.1428571492
100989  -27.903  9.379  -8.593 0.2857142985
123299  -28.686  7.873  -8.460 0.2857142985
97084  -29.953  4.890  -8.917 0.2857142985
97090  -29.951  4.504  -9.850 0.1428571492
116936  -29.511  4.902  -10.564 0.1428571492
98549  -29.126  6.551  -10.510 0.1428571492
136699  -26.698  11.137  -10.206 0.2857142985
102531  -27.243  10.871  -10.794 0.2857142985
101011  -28.168  9.386  -11.159 0.1428571492
69972  -26.977  -28.329  -12.279 0.1428571492
72721  -29.444  -24.924  -13.139 0.1428571492
77835  -34.212  -19.474  -12.709 0.2857142985
89396  -35.066  -6.238  -14.305 0.2857142985
99332  -28.376  7.156  -11.791 0.1428571492
102534  -27.101  11.160  -11.824 0.2857142985
69079  -23.882  -29.482  -13.766 0.2857142985
69971  -26.156  -28.574  -12.737 0.1428571492
74471  -29.739  -23.912  -17.138 0.2857142985
74472  -30.732  -23.783  -17.460 0.2857142985
75341  -31.972  -23.351  -18.216 0.2857142985
77860  -34.016  -19.585  -16.570 0.4285714328
81247  -30.686  -15.438  -13.502 0.5714285970
80401  -30.471  -16.434  -13.821 0.4285714328
83731  -35.242  -12.055  -14.836 0.4285714328
125447  -31.589  -15.136  -13.711 0.7142857313
83705  -32.381  -12.318  -12.022 0.7142857313
88543  -33.003  -6.451  -9.630 0.7142857313
86927  -30.410  -8.114  -9.676 0.8571428657
85364  -31.440  -10.366  -10.662 0.8571428657
88512  -32.264  -6.461  -8.341 0.8571428657
90149  -29.373  -4.968  -7.413 0.8571428657
97066  -26.722  4.706  -6.863 0.5714285970
98502  -27.916  6.090  -6.733 0.7142857313
100119  -26.710  8.431  -7.556 0.5714285970
116317  -24.195  8.950  -8.839 0.2857142985
117994  -25.401  10.191  -8.581 0.2857142985
100994  -22.065  9.571  -9.524 0.2857142985
86166  -34.059  -9.353  -13.686 0.4285714328
75343  -33.766  -23.539  -18.186 0.2857142985
135296  -34.731  -15.932  -14.620 0.4285714328
86140  -29.972  -9.127  -10.652 0.5714285970
91737  -30.417  -2.159  -6.593 0.8571428657
94903  -29.740  1.582  -6.188 0.8571428657
117835  -22.209  9.806  -7.353 0.2857142985
100995  -22.578  9.685  -9.834 0.2857142985
131627  -22.609  10.510  -6.664 0.2857142985
134543  -31.093  -12.685  -11.903 0.8571428657
136924  -22.017  13.209  -7.761 0.2857142985
103833  -22.539  13.574  -7.380 0.1428571492
102501  -22.325  11.886  -7.184 0.2857142985
103187  -21.556  12.760  -9.104 0.2857142985
103173  -22.853  12.416  -6.911 0.1428571492
102502  -22.970  11.373  -6.616 0.1428571492
102515  -21.439  11.786  -9.455 0.2857142985
102529  -25.778  11.567  -10.182 0.2857142985
102523  -23.161  11.774  -10.937 0.2857142985
103193  -24.032  11.697  -10.285 0.2857142985
115772  -24.562  12.804  -6.492 0.1428571492
102517  -24.896  10.778  -8.913 0.2857142985
101832  -26.355  11.033  -9.431 0.2857142985
101823  -26.810  10.388  -8.861 0.2857142985
101829  -21.880  10.142  -10.098 0.2857142985
101838  -22.113  10.821  -10.487 0.2857142985
100129  -28.405  8.665  -8.649 0.2857142985
101005  -28.278  9.350  -10.201 0.1428571492
100139  -28.480  8.613  -10.665 0.1428571492
102524  -24.232  11.233  -9.510 0.2857142985
98539  -29.393  6.443  -9.603 0.1428571492
121424  -28.517  7.879  -11.204 0.1428571492
101839  -27.854  10.130  -10.685 0.1428571492
97085  -30.254  4.012  -9.225 0.1428571492
98514  -28.540  6.708  -7.334 0.5714285970
98529  -29.138  6.803  -8.009 0.4285714328
100120  -27.578  8.907  -7.910 0.5714285970
96409  -30.356  3.169  -10.303 0.1428571492
94930  -30.984  1.894  -9.350 0.1428571492
99303  -29.143  7.194  -8.731 0.2857142985
116319  -29.662  5.395  -9.750 0.2857142985
98530  -29.402  6.320  -8.531 0.4285714328
97791  -29.402  5.310  -7.427 0.5714285970
97778  -29.046  4.995  -6.746 0.7142857313
94192  -30.941  1.026  -8.023 0.4285714328
95649  -30.577  2.704  -8.024 0.5714285970
135977  -31.576  -0.859  -8.714 0.5714285970
94179  -31.021  0.061  -7.534 0.7142857313
94178  -30.604  0.900  -7.123 0.7142857313
95641  -30.359  2.445  -7.101 0.7142857313
91767  -32.060  -2.319  -9.616 0.5714285970
92521  -31.189  -1.460  -7.214 0.8571428657
86951  -29.260  -9.013  -11.071 0.5714285970
87730  -28.888  -7.732  -10.401 0.5714285970
90151  -31.621  -4.920  -7.537 0.8571428657
90978  -32.152  -3.486  -8.004 0.8571428657
90988  -32.491  -4.023  -9.695 0.4285714328
119079  -31.896  -2.148  -8.531 0.8571428657
81245  -28.714  -15.105  -13.547 0.5714285970
82901  -29.869  -13.435  -12.598 0.7142857313
83714  -28.637  -12.374  -12.969 0.4285714328
84551  -28.827  -11.669  -12.579 0.5714285970
85376  -29.383  -10.322  -11.638 0.5714285970
85388  -28.258  -10.842  -12.719 0.4285714328
85400  -27.580  -11.021  -13.296 0.2857142985
125723  -30.824  -10.684  -11.030 0.8571428657
88553  -33.514  -6.668  -11.605 0.5714285970
88544  -33.240  -6.568  -10.556 0.7142857313
80400  -29.321  -16.225  -13.677 0.5714285970
85417  -34.996  -9.500  -14.825 0.4285714328
132378  -35.128  -7.710  -14.767 0.2857142985
78679  -34.040  -18.711  -14.792 0.2857142985
82915  -35.241  -13.363  -15.187 0.4285714328
84564  -35.247  -11.258  -14.433 0.4285714328
74473  -31.912  -23.848  -18.030 0.2857142985
123486  -34.088  -18.094  -13.062 0.2857142985
77011  -33.884  -20.448  -15.644 0.2857142985
125758  -34.712  -14.958  -13.505 0.4285714328
73567  -29.872  -24.293  -13.797 0.1428571492
73585  -30.191  -23.864  -14.557 0.1428571492
69049  -25.891  -29.884  -11.922 0.1428571492
86180  -35.394  -9.552  -14.084 0.2857142985
102504  -24.871  11.921  -6.240 0.1428571492
69956  -26.622  -29.151  -11.985 0.1428571492
70889  -27.333  -27.583  -12.533 0.1428571492
101803  -24.244  10.333  -5.774 0.1428571492
117948  -26.756  2.115  -6.663 0.5714285970
115923  -26.434  -0.090  -7.517 0.4285714328
135238  -26.402  0.589  -7.329 0.4285714328
94900  -26.698  1.200  -6.819 0.5714285970
93346  -27.157  -0.563  -7.187 0.4285714328
94168  -27.649  0.922  -6.333 0.5714285970
95639  -27.658  2.432  -6.178 0.4285714328
90977  -27.526  -3.380  -8.259 0.4285714328
91748  -27.580  -2.154  -7.338 0.4285714328
91747  -26.842  -1.804  -7.951 0.4285714328
92520  -27.291  -1.348  -7.305 0.5714285970
93337  -27.755  -0.373  -6.605 0.5714285970
93336  -27.117  0.243  -6.815 0.5714285970
135676  -34.773  -19.125  -10.919 0.1428571492
125128  -34.525  -17.029  -11.440 0.1428571492
76973  -35.261  -20.466  -10.161 0.1428571492
130163  -34.997  -19.858  -10.741 0.1428571492
77811  -35.263  -19.534  -9.800 0.1428571492
77821  -35.003  -19.125  -10.373 0.1428571492
78641  -35.402  -18.687  -8.990 0.1428571492
74447  -25.710  -23.671  -14.745 0.2857142985
76139  -34.622  -21.846  -12.716 0.1428571492
76134  -34.912  -21.850  -11.805 0.1428571492
127853  -34.945  -21.181  -11.424 0.1428571492
136183  -35.427  -21.537  -8.922 0.1428571492
76977  -35.115  -20.803  -10.859 0.1428571492
76907  -35.821  -20.594  -6.302 0.1428571492
130100  -35.496  -20.936  -7.901 0.1428571492
77771  -35.622  -19.738  -6.969 0.1428571492
73583  -25.856  -24.648  -15.109 0.2857142985
74446  -25.084  -24.349  -14.654 0.2857142985
74465  -34.717  -24.207  -16.058 0.1428571492
74453  -34.782  -23.712  -14.847 0.1428571492
75295  -35.173  -22.664  -11.421 0.1428571492
74422  -34.865  -23.320  -13.022 0.1428571492
125707  -35.305  -23.023  -10.754 0.1428571492
75302  -34.901  -22.615  -12.367 0.1428571492
120707  -35.350  -22.863  -9.078 0.1428571492
74358  -35.419  -23.731  -7.863 0.1428571492
137095  -35.732  -23.092  -6.742 0.1428571492
76083  -35.544  -21.516  -7.427 0.1428571492
73582  -25.278  -25.167  -14.891 0.2857142985
73581  -24.580  -24.827  -14.505 0.2857142985
124275  -24.687  -25.621  -14.681 0.2857142985
74452  -34.045  -24.545  -16.264 0.1428571492
73603  -34.967  -25.000  -16.175 0.1428571492
73588  -35.092  -24.575  -15.232 0.1428571492
119386  -35.196  -24.310  -12.314 0.1428571492
73571  -35.028  -24.027  -13.873 0.1428571492
73529  -35.101  -24.347  -9.862 0.1428571492
121049  -35.395  -22.948  -8.231 0.1428571492
127016  -36.274  -22.096  -5.508 0.1428571492
127371  -35.872  -21.979  -6.155 0.1428571492
73602  -34.798  -25.031  -16.124 0.1428571492
73587  -34.135  -25.064  -15.608 0.1428571492
72736  -35.571  -25.977  -15.930 0.1428571492
72748  -35.188  -25.802  -16.187 0.1428571492
72691  -35.254  -25.206  -12.322 0.1428571492
73589  -35.360  -25.385  -15.603 0.1428571492
73572  -35.411  -24.975  -14.222 0.1428571492
73548  -35.125  -24.643  -11.381 0.1428571492
73493  -35.504  -24.525  -7.419 0.1428571492
73515  -35.108  -24.716  -9.161 0.1428571492
74327  -35.937  -23.616  -6.298 0.1428571492
74342  -35.640  -23.752  -7.036 0.1428571492
72724  -33.509  -25.439  -14.624 0.1428571492
70929  -35.152  -27.056  -16.044 0.1428571492
71853  -34.898  -26.303  -16.182 0.1428571492
72735  -34.252  -25.878  -15.573 0.1428571492
71848  -35.786  -26.433  -15.711 0.1428571492
71854  -35.269  -26.303  -16.243 0.1428571492
70882  -35.192  -26.975  -12.373 0.1428571492
71817  -35.627  -26.670  -13.435 0.1428571492
71804  -34.878  -26.572  -11.390 0.1428571492
137251  -34.731  -25.885  -9.875 0.1428571492
71795  -34.977  -25.589  -11.256 0.1428571492
131490  -35.273  -24.497  -8.407 0.1428571492
120539  -34.970  -24.922  -10.525 0.1428571492
71847  -34.281  -26.679  -15.529 0.1428571492
70003  -35.719  -27.957  -15.013 0.1428571492
70923  -35.550  -27.472  -15.801 0.1428571492
70894  -35.487  -27.315  -13.231 0.1428571492
70908  -35.858  -27.279  -14.316 0.1428571492
71785  -34.773  -25.970  -9.185 0.1428571492
70881  -34.800  -27.475  -11.472 0.1428571492
70930  -35.579  -26.719  -16.030 0.1428571492
71835  -35.878  -26.546  -14.661 0.1428571492
73561  -35.349  -24.932  -13.104 0.1428571492
75329  -34.539  -23.263  -15.712 0.1428571492
74328  -36.246  -23.435  -5.689 0.1428571492
76056  -36.503  -21.367  -5.099 0.1428571492
122499  -35.545  -23.012  -7.422 0.1428571492
117865  -35.395  -22.064  -9.423 0.1428571492
78670  -34.304  -18.710  -12.323 0.1428571492
79519  -34.934  -17.833  -10.242 0.1428571492
72730  -25.377  -25.929  -15.055 0.2857142985
72662  -35.067  -25.325  -8.741 0.1428571492
133065  -35.643  -25.310  -6.912 0.1428571492
75212  -36.474  -22.901  -5.277 0.1428571492
76892  -36.652  -20.588  -4.777 0.1428571492
118283  -27.787  -4.184  -8.419 0.4285714328
76908  -36.201  -20.590  -5.434 0.1428571492
76918  -35.599  -20.722  -7.191 0.1428571492
127356  -35.950  -19.794  -5.890 0.1428571492
77780  -35.543  -19.225  -8.016 0.1428571492
77761  -35.793  -18.960  -6.309 0.1428571492
80362  -34.675  -16.389  -10.735 0.1428571492
81233  -34.595  -15.506  -11.230 0.1428571492
95648  -26.236  2.535  -7.038 0.4285714328
120108  -26.369  3.867  -7.038 0.4285714328
102538  -26.755  11.184  -13.233 0.1428571492
95638  -26.781  3.062  -6.628 0.4285714328
102533  -26.294  11.553  -12.318 0.1428571492
78661  -34.577  -18.586  -11.397 0.1428571492
73586  -33.396  -24.343  -15.102 0.1428571492
74433  -32.716  -23.999  -14.365 0.1428571492
74464  -34.271  -24.331  -16.548 0.1428571492
76152  -34.313  -21.957  -13.809 0.1428571492
82893  -35.031  -13.804  -12.140 0.1428571492
82905  -35.341  -12.952  -12.806 0.1428571492
76985  -34.430  -20.270  -12.330 0.1428571492
77826  -34.595  -19.505  -11.661 0.1428571492
79518  -34.653  -17.832  -11.026 0.1428571492
76112  -35.386  -21.164  -9.630 0.1428571492
124197  -35.346  -21.876  -10.201 0.1428571492
131678  -34.798  -20.453  -11.489 0.1428571492
77788  -35.451  -19.770  -8.849 0.1428571492
78657  -35.159  -18.579  -9.917 0.1428571492
79478  -35.412  -17.674  -8.676 0.1428571492
75301  -34.649  -22.635  -13.295 0.1428571492
76133  -34.666  -21.094  -12.119 0.1428571492
120956  -35.198  -21.702  -10.971 0.1428571492
76941  -35.447  -20.768  -8.712 0.1428571492
75258  -35.415  -22.196  -8.607 0.1428571492
75287  -35.307  -22.402  -10.682 0.1428571492
74434  -34.769  -23.296  -13.836 0.1428571492
74423  -35.108  -23.410  -12.184 0.1428571492
74414  -35.225  -23.685  -11.287 0.1428571492
132015  -35.206  -24.432  -13.242 0.1428571492
75273  -35.360  -22.773  -10.014 0.1428571492
73540  -35.146  -24.235  -10.674 0.1428571492
137667  -35.192  -24.157  -9.133 0.1428571492
127397  -34.921  -25.238  -9.665 0.1428571492
73570  -33.048  -24.700  -14.133 0.1428571492
71855  -35.468  -26.277  -16.156 0.1428571492
72747  -34.901  -25.769  -16.180 0.1428571492
72707  -35.567  -25.756  -13.583 0.1428571492
71805  -35.231  -26.118  -12.385 0.1428571492
72725  -35.683  -25.854  -15.019 0.1428571492
71794  -34.756  -26.200  -10.498 0.1428571492
71784  -34.681  -26.503  -9.739 0.1428571492
70924  -35.934  -27.101  -15.449 0.1428571492
68119  -22.827  -30.542  -13.475 0.1428571492
68120  -23.455  -29.972  -13.598 0.1428571492
68118  -22.402  -30.009  -13.573 0.1428571492
116328  -22.928  -29.805  -13.721 0.1428571492
69078  -23.327  -29.311  -13.910 0.1428571492
69997  -23.957  -27.988  -14.403 0.1428571492
70903  -23.266  -27.644  -14.100 0.1428571492
71840  -23.946  -26.723  -14.462 0.1428571492
70918  -24.340  -27.254  -14.603 0.1428571492
71841  -24.720  -26.496  -14.794 0.1428571492
70916  -23.343  -26.913  -14.102 0.1428571492
72729  -24.109  -25.987  -14.397 0.1428571492
72719  -23.661  -25.560  -14.040 0.1428571492
73565  -23.425  -24.782  -13.792 0.1428571492
130904  -24.451  -24.112  -14.336 0.1428571492
125081  -24.764  -23.476  -14.360 0.2857142985
76159  -27.536  -21.828  -14.734 0.2857142985
78692  -27.981  -18.126  -14.288 0.4285714328
78693  -28.866  -17.911  -14.223 0.4285714328
124227  -29.014  -17.013  -13.936 0.4285714328
88524  -28.077  -6.165  -9.706 0.2857142985
90162  -27.041  -4.167  -9.611 0.2857142985
90163  -28.007  -5.019  -8.750 0.2857142985
94190  -25.157  0.002  -8.108 0.2857142985
124690  -25.796  0.363  -7.746 0.2857142985
94177  -25.979  1.140  -7.555 0.2857142985
94914  -26.125  1.869  -7.234 0.4285714328
75323  -24.314  -22.535  -14.164 0.1428571492
75324  -25.203  -22.624  -14.395 0.2857142985
126346  -26.734  -22.331  -14.692 0.1428571492
69985  -23.193  -28.525  -14.031 0.1428571492
72718  -23.076  -25.553  -13.715 0.1428571492
74445  -23.984  -24.373  -14.122 0.1428571492
120413  -23.978  -23.410  -14.006 0.1428571492
76158  -24.668  -21.645  -14.337 0.2857142985
136513  -25.801  -21.631  -14.420 0.2857142985
134638  -26.740  -21.510  -14.514 0.2857142985
126812  -27.147  -21.024  -14.429 0.2857142985
129619  -27.382  -19.271  -14.387 0.4285714328
78691  -27.210  -18.478  -14.439 0.2857142985
87729  -28.061  -7.267  -10.803 0.2857142985
89360  -27.390  -5.581  -10.142 0.2857142985
122326  -27.470  -4.870  -9.575 0.2857142985
90161  -26.520  -3.900  -10.183 0.2857142985
90147  -27.209  -3.759  -8.972 0.2857142985
91757  -27.233  -2.561  -8.133 0.2857142985
93357  -25.792  -0.956  -8.544 0.2857142985
93367  -25.258  -0.824  -9.186 0.2857142985
94191  -25.747  -0.369  -7.994 0.2857142985
77006  -26.432  -20.816  -14.412 0.2857142985
88540  -27.721  -6.473  -10.449 0.2857142985
90180  -26.900  -4.699  -10.193 0.2857142985
89370  -27.100  -6.084  -10.763 0.2857142985
91003  -26.032  -3.073  -10.185 0.2857142985
91765  -25.722  -2.150  -9.917 0.2857142985
90976  -26.826  -3.005  -8.803 0.2857142985
91756  -26.547  -2.169  -8.674 0.2857142985
92535  -25.311  -1.419  -9.775 0.2857142985
93345  -26.386  -0.987  -7.775 0.2857142985
119441  -26.054  -3.731  -10.671 0.2857142985
91002  -25.582  -3.274  -10.959 0.2857142985
91766  -26.295  -2.546  -9.415 0.2857142985
127823  -27.897  -18.916  -14.354 0.4285714328
77007  -27.877  -20.870  -14.483 0.4285714328
92536  -25.940  -1.597  -9.205 0.2857142985
115594  -26.040  -22.744  -14.586 0.1428571492
73566  -24.083  -25.207  -14.260 0.1428571492
70917  -23.753  -27.324  -14.394 0.1428571492
71828  -23.506  -26.199  -14.079 0.1428571492
71827  -22.820  -26.327  -13.707 0.1428571492
93356  -25.342  -0.470  -8.535 0.2857142985
126096  -27.092  -20.117  -14.379 0.4285714328
91776  -25.377  -2.527  -10.568 0.2857142985
79561  -27.421  -16.478  -14.233 0.2857142985
79562  -28.104  -17.161  -14.116 0.2857142985
80380  -28.472  -15.656  -13.688 0.2857142985
103858  -24.992  13.562  -10.707 0.1428571492
116818  -25.427  13.696  -12.160 0.1428571492
103865  -23.151  13.400  -12.718 0.1428571492
132633  -23.743  12.446  -13.112 0.1428571492
103214  -25.095  12.159  -13.097 0.1428571492
117593  -25.629  13.736  -9.648 0.1428571492
103211  -22.700  13.116  -12.852 0.1428571492
103847  -21.923  13.300  -10.105 0.1428571492
105150  -22.523  16.469  -7.858 0.1428571492
80399  -27.626  -15.739  -14.047 0.2857142985
81263  -27.851  -15.095  -13.869 0.2857142985
103221  -25.033  12.300  -14.984 0.1428571492
114571  -25.146  13.978  -13.584 0.1428571492
103207  -25.611  11.850  -11.431 0.1428571492
103875  -23.154  13.500  -13.994 0.1428571492
103213  -23.904  12.562  -14.192 0.1428571492
103199  -24.821  11.874  -10.686 0.1428571492
103202  -21.914  12.775  -11.229 0.1428571492
103206  -24.473  12.255  -11.909 0.1428571492
103848  -23.246  13.715  -9.581 0.1428571492
104514  -22.446  15.188  -8.519 0.1428571492
133868  -22.356  13.630  -9.566 0.1428571492
104512  -21.801  14.432  -8.252 0.1428571492
103839  -21.903  14.661  -7.793 0.1428571492
103841  -21.997  13.801  -8.892 0.1428571492
103205  -23.242  12.514  -12.350 0.1428571492
103203  -22.231  12.869  -11.860 0.1428571492
115890  -24.088  13.553  -11.870 0.1428571492
103849  -24.453  13.749  -9.560 0.1428571492
115686  -23.978  13.918  -13.269 0.1428571492
103864  -22.481  13.152  -11.907 0.1428571492
130686  -23.159  13.399  -11.618 0.1428571492
103844  -24.932  14.278  -8.898 0.1428571492
103856  -22.555  13.421  -10.706 0.1428571492
103876  -23.598  13.766  -14.396 0.1428571492
90188  -25.994  -4.863  -11.356 0.1428571492
89359  -26.644  -5.329  -10.848 0.1428571492
90179  -26.327  -4.411  -10.752 0.1428571492
92546  -25.176  -1.888  -10.244 0.1428571492
92543  -22.374  -1.617  -10.576 0.1428571492
93372  -23.515  -0.723  -10.233 0.1428571492
88552  -27.272  -6.838  -11.211 0.1428571492
122350  -24.732  -1.347  -10.207 0.1428571492
94201  -22.960  0.165  -9.265 0.1428571492
94188  -23.353  0.569  -8.636 0.1428571492
83727  -27.950  -12.395  -13.485 0.2857142985
83726  -27.323  -12.424  -13.863 0.1428571492
86960  -26.970  -8.572  -12.736 0.1428571492
86949  -27.336  -8.102  -12.105 0.1428571492
89381  -26.082  -6.125  -11.971 0.1428571492
89382  -33.885  -5.138  -13.132 0.1428571492
91019  -25.746  -4.054  -11.219 0.1428571492
93366  -24.559  -0.441  -9.417 0.1428571492
94176  -25.040  0.803  -7.798 0.1428571492
94921  -24.021  0.916  -8.130 0.1428571492
95646  -24.868  2.237  -7.264 0.2857142985
97074  -23.251  5.220  -6.784 0.2857142985
127603  -23.038  4.251  -5.587 0.2857142985
117825  -23.041  6.008  -6.670 0.2857142985
101802  -23.382  9.916  -5.841 0.1428571492
99263  -22.591  7.167  -3.299 0.1428571492
94912  -24.514  1.518  -7.573 0.2857142985
96397  -25.079  3.103  -7.118 0.2857142985
97075  -25.252  4.693  -7.554 0.2857142985
123498  -24.721  4.048  -7.312 0.2857142985
96387  -23.124  3.538  -6.019 0.2857142985
97786  -24.411  5.507  -7.997 0.2857142985
97065  -23.488  4.244  -6.302 0.2857142985
98510  -23.055  6.338  -8.029 0.2857142985
119742  -22.923  7.435  -5.848 0.1428571492
97058  -22.159  4.862  -5.079 0.2857142985
120441  -23.859  9.497  -5.482 0.1428571492
100949  -25.362  9.181  -4.994 0.1428571492
127981  -22.349  3.368  -5.273 0.1428571492
95632  -22.152  2.613  -5.297 0.1428571492
94920  -23.048  1.069  -8.085 0.2857142985
98501  -22.837  6.694  -5.994 0.1428571492
97775  -22.677  5.754  -5.609 0.2857142985
99270  -22.183  7.267  -4.181 0.1428571492
98495  -21.727  6.743  -3.673 0.1428571492
130948  -21.354  -0.308  -8.618 0.2857142985
97050  -21.218  4.720  -3.465 0.1428571492
128868  -22.634  6.082  -2.410 0.1428571492
97761  -21.238  5.872  -3.097 0.1428571492
114045  -19.851  -1.904  -7.952 0.1428571492
90198  -33.356  -4.339  -12.757 0.1428571492
134682  -35.534  -6.696  -13.957 0.1428571492
126882  -27.256  -9.188  -12.876 0.1428571492
88562  -25.901  -6.889  -12.540 0.1428571492
90208  -34.172  -4.551  -13.272 0.1428571492
89380  -25.331  -6.048  -12.580 0.1428571492
91026  -24.588  -4.033  -12.200 0.1428571492
91017  -24.319  -3.196  -11.838 0.1428571492
91793  -24.918  -2.838  -11.234 0.1428571492
92558  -22.940  -1.893  -11.130 0.1428571492
93373  -24.273  -0.757  -10.017 0.1428571492
93363  -21.638  -0.643  -9.320 0.1428571492
94203  -24.224  0.036  -8.996 0.1428571492
94187  -22.515  0.585  -8.561 0.2857142985
95645  -24.052  2.095  -7.132 0.1428571492
95637  -24.408  2.692  -6.913 0.2857142985
127676  -23.622  2.702  -6.575 0.1428571492
96388  -24.098  3.482  -6.727 0.1428571492
97049  -21.469  4.221  -3.040 0.1428571492
96373  -21.750  4.148  -4.505 0.2857142985
97768  -21.714  5.924  -4.321 0.1428571492
99276  -22.928  7.605  -4.963 0.1428571492
125780  -22.481  6.689  -2.763 0.1428571492
88580  -34.862  -6.227  -14.315 0.1428571492
89395  -34.714  -5.416  -13.757 0.1428571492
137942  -24.825  5.124  -7.825 0.2857142985
97785  -23.614  5.593  -7.756 0.2857142985
116444  -23.515  7.716  -4.423 0.1428571492
117842  -23.175  5.937  -7.440 0.2857142985
115664  -22.844  7.163  -6.943 0.2857142985
98496  -22.041  7.179  -3.423 0.1428571492
100948  -24.386  8.992  -5.097 0.1428571492
96398  -25.950  3.154  -7.157 0.2857142985
86164  -27.668  -9.639  -12.701 0.1428571492
97076  -25.983  4.446  -7.257 0.2857142985
87739  -27.674  -7.657  -11.470 0.1428571492
86964  -35.684  -8.145  -13.322 0.1428571492
118381  -25.570  3.884  -7.303 0.2857142985
94189  -24.521  0.298  -8.365 0.1428571492
94913  -25.367  1.662  -7.495 0.1428571492
133369  -26.220  -5.551  -11.491 0.1428571492
91018  -25.103  -3.621  -11.606 0.1428571492
91775  -24.596  -2.082  -10.724 0.1428571492
90187  -25.309  -4.526  -11.909 0.1428571492
127254  -25.131  -5.221  -12.357 0.1428571492
92545  -24.012  -1.327  -10.548 0.1428571492
92544  -23.195  -1.328  -10.736 0.1428571492
126916  -23.073  -0.306  -9.876 0.1428571492
93365  -23.766  -0.203  -9.584 0.1428571492
88551  -26.585  -6.858  -11.878 0.1428571492
93354  -22.018  0.106  -9.068 0.1428571492
94202  -23.661  0.239  -9.056 0.1428571492
122088  -23.958  0.426  -8.651 0.1428571492
87749  -26.564  -7.683  -12.522 0.1428571492
94911  -23.608  1.497  -7.528 0.2857142985
95647  -25.614  2.425  -7.266 0.2857142985
97064  -23.012  4.824  -5.839 0.2857142985
96381  -22.608  3.998  -5.221 0.1428571492
98489  -23.680  6.837  -3.243 0.1428571492
134414  -23.885  4.514  -7.146 0.2857142985
134217  -24.422  4.871  -7.675 0.2857142985
115589  -22.622  7.183  -5.030 0.1428571492
117551  -21.426  5.144  -4.085 0.2857142985
101804  -25.344  10.367  -5.478 0.1428571492
98488  -21.791  6.745  -2.947 0.1428571492
76151  -23.114  -21.562  -13.920 0.1428571492
119307  -24.942  -20.762  -14.394 0.1428571492
77003  -22.986  -19.604  -14.137 0.1428571492
77853  -23.502  -18.838  -14.409 0.1428571492
78688  -23.866  -18.242  -14.656 0.1428571492
124423  -24.409  -19.933  -14.487 0.1428571492
77855  -24.710  -19.314  -14.583 0.1428571492
124406  -26.068  -19.970  -14.396 0.1428571492
123400  -24.305  -17.638  -14.853 0.1428571492
78690  -25.652  -18.297  -14.710 0.1428571492
77857  -26.469  -19.045  -14.471 0.1428571492
130494  -26.450  -18.096  -14.598 0.1428571492
124782  -23.661  -17.564  -14.584 0.1428571492
79559  -24.994  -17.144  -15.030 0.1428571492
120064  -27.096  -17.444  -14.409 0.1428571492
80398  -26.776  -15.839  -14.555 0.1428571492
82104  -27.321  -14.451  -14.106 0.1428571492
82929  -27.743  -13.922  -13.846 0.1428571492
94175  -22.130  0.933  -7.713 0.1428571492
124407  -25.194  -19.972  -14.453 0.1428571492
76996  -22.638  -20.706  -13.842 0.1428571492
123737  -23.694  -19.773  -14.414 0.1428571492
82911  -28.389  -13.824  -13.468 0.1428571492
116326  -24.102  -20.727  -14.395 0.1428571492
76157  -23.830  -21.588  -14.182 0.1428571492
77005  -25.685  -20.642  -14.399 0.1428571492
119489  -26.659  -16.628  -14.565 0.1428571492
77004  -23.369  -20.654  -14.190 0.1428571492
77852  -23.082  -18.658  -14.189 0.1428571492
77854  -24.071  -19.065  -14.610 0.1428571492
78689  -24.680  -18.494  -14.748 0.1428571492
77856  -25.453  -19.180  -14.560 0.1428571492
122532  -25.081  -17.781  -14.905 0.1428571492
131612  -23.943  -17.191  -14.765 0.1428571492
79560  -25.918  -17.272  -14.795 0.1428571492
79556  -23.136  -17.373  -14.245 0.1428571492
76150  -22.431  -21.644  -13.595 0.1428571492
72678  -34.827  -25.557  -10.357 0.1428571492
74378  -35.303  -23.630  -8.699 0.1428571492
74391  -35.266  -23.567  -9.528 0.1428571492
74404  -35.249  -23.603  -10.355 0.1428571492
74435  -35.048  -23.903  -12.884 0.1428571492
75211  -35.981  -22.774  -6.066 0.1428571492
75241  -35.469  -22.247  -7.787 0.1428571492
75344  -32.715  -22.831  -18.286 0.2857142985
76055  -36.036  -21.335  -5.822 0.1428571492
76067  -35.726  -21.401  -6.611 0.1428571492
76094  -35.452  -21.528  -8.223 0.1428571492
76127  -35.280  -21.191  -10.382 0.1428571492
76177  -33.235  -22.118  -18.073 0.2857142985
76178  -33.696  -22.548  -18.075 0.2857142985
76930  -35.522  -20.183  -7.947 0.1428571492
76962  -35.374  -20.324  -9.457 0.1428571492
77747  -36.853  -19.825  -4.549 0.1428571492
78656  -34.837  -18.514  -10.613 0.1428571492
78705  -34.961  -17.535  -17.045 0.5714285970
79540  -34.275  -17.277  -13.635 0.2857142985
79558  -24.428  -17.037  -14.936 0.1428571492
79569  -34.942  -17.342  -17.104 0.5714285970
80413  -34.994  -16.855  -17.059 0.5714285970
82081  -31.103  -14.717  -13.208 0.5714285970
82930  -33.886  -13.528  -15.883 0.7142857313
82933  -35.204  -12.596  -15.270 0.4285714328
83706  -35.505  -12.226  -12.239 0.1428571492
83715  -30.470  -12.160  -11.823 0.7142857313
84580  -34.985  -11.638  -15.142 0.5714285970
85365  -32.188  -10.453  -10.699 0.8571428657
85366  -32.951  -10.397  -11.123 0.8571428657
85378  -32.523  -11.036  -11.237 0.8571428657
86179  -34.963  -9.053  -14.907 0.2857142985
86926  -29.648  -7.819  -9.845 0.5714285970
86943  -32.426  -9.194  -10.037 0.8571428657
86979  -35.335  -8.214  -14.450 0.2857142985
86988  -34.995  -8.315  -14.853 0.2857142985
87738  -27.081  -7.437  -11.816 0.1428571492
87766  -35.023  -7.548  -14.869 0.2857142985
87767  -35.454  -7.381  -14.303 0.1428571492
88510  -30.337  -6.471  -8.054 1.0000000000
88525  -29.774  -6.839  -8.893 1.0000000000
88542  -29.263  -7.233  -9.617 0.8571428657
88585  -35.052  -6.823  -14.674 0.2857142985
89334  -31.957  -5.813  -7.813 0.8571428657
89343  -27.849  -5.508  -9.426 0.2857142985
89361  -33.031  -5.936  -10.366 0.7142857313
89368  -25.690  -5.372  -11.946 0.1428571492
89369  -26.646  -6.128  -11.346 0.1428571492
90135  -30.024  -4.340  -6.872 0.8571428657
90152  -32.297  -4.325  -8.020 0.8571428657
90196  -24.729  -4.755  -12.398 0.1428571492
90952  -29.340  -2.903  -6.518 1.0000000000
90966  -29.640  -3.582  -6.632 1.0000000000
90967  -31.229  -2.920  -6.916 0.8571428657
90987  -26.639  -3.412  -9.533 0.2857142985
91749  -31.025  -2.176  -6.869 0.8571428657
91778  -32.199  -3.225  -10.937 0.1428571492
91792  -24.275  -2.560  -11.322 0.1428571492
92510  -27.894  -1.023  -6.677 0.8571428657
92511  -30.155  -1.522  -6.517 0.8571428657
92512  -30.696  -1.459  -6.763 0.8571428657
92525  -26.272  -1.503  -8.442 0.2857142985
92534  -24.852  -0.913  -9.756 0.2857142985
93339  -29.848  0.126  -6.360 0.8571428657
93355  -24.839  -0.232  -8.786 0.1428571492
94901  -27.358  1.641  -6.372 0.5714285970
94922  -30.887  1.883  -8.494 0.1428571492
94931  -31.144  1.261  -9.664 0.1428571492
95640  -29.982  2.319  -6.433 0.8571428657
96382  -29.044  2.999  -5.832 0.8571428657
96392  -29.661  2.975  -6.268 0.8571428657
96393  -30.079  2.945  -6.747 0.7142857313
96400  -30.276  3.233  -7.345 0.5714285970
97067  -27.647  4.676  -6.488 0.8571428657
97069  -29.222  4.201  -6.471 0.5714285970
97078  -30.129  4.003  -7.560 0.4285714328
97777  -28.263  5.299  -6.562 0.7142857313
97787  -25.228  5.514  -7.748 0.5714285970
97801  -23.932  6.031  -8.216 0.2857142985
97817  -29.303  5.818  -10.524 0.1428571492
97825  -28.984  5.293  -11.267 0.1428571492
98498  -22.188  6.710  -4.685 0.2857142985
98528  -24.823  6.825  -8.208 0.7142857313
99292  -28.715  7.413  -7.939 0.4285714328
99311  -28.834  7.798  -10.191 0.1428571492
99322  -29.126  7.062  -10.155 0.1428571492
100978  -25.350  9.352  -8.302 0.4285714328
100988  -27.154  9.696  -8.354 0.2857142985
100996  -23.307  10.270  -9.900 0.2857142985
100997  -27.651  9.934  -9.065 0.4285714328
101004  -27.970  9.911  -9.776 0.2857142985
101828  -21.686  10.893  -10.305 0.2857142985
101845  -27.357  10.725  -12.527 0.1428571492
102527  -21.816  11.542  -10.606 0.2857142985
102528  -22.381  11.680  -10.820 0.2857142985
103172  -22.345  12.694  -7.395 0.2857142985
103181  -21.992  12.427  -7.792 0.2857142985
103196  -21.659  12.297  -10.651 0.2857142985
103198  -22.690  12.414  -11.555 0.2857142985
103204  -22.557  12.898  -12.498 0.1428571492
103212  -23.040  12.920  -13.487 0.1428571492
103218  -23.611  13.456  -14.537 0.1428571492
103219  -23.552  13.093  -14.455 0.1428571492
103224  -24.063  13.483  -14.823 0.1428571492
103837  -21.836  13.607  -8.614 0.1428571492
103846  -21.699  13.167  -9.578 0.1428571492
103854  -21.682  12.888  -10.534 0.1428571492
103855  -22.001  13.074  -11.139 0.1428571492
103863  -22.229  12.912  -11.831 0.1428571492
103870  -23.175  13.779  -13.816 0.1428571492
103871  -24.010  14.114  -14.269 0.1428571492
105149  -22.038  15.527  -8.051 0.1428571492
115823  -29.062  0.121  -6.123 0.8571428657
117355  -28.836  7.923  -9.209 0.2857142985
120522  -35.641  -22.289  -6.872 0.1428571492
122287  -25.983  5.108  -7.277 0.2857142985
125493  -28.713  -1.515  -6.478 1.0000000000
125834  -27.918  4.052  -6.314 0.8571428657
125987  -28.070  -10.116  -12.573 0.5714285970
126038  -34.098  -20.097  -13.168 0.2857142985
126438  -35.185  -13.584  -16.149 0.4285714328
126649  -34.830  -6.933  -14.642 0.2857142985
126795  -34.759  -17.232  -10.635 0.1428571492
127783  -27.525  10.602  -11.465 0.2857142985
129265  -32.350  -5.118  -8.013 0.8571428657
130083  -24.136  10.412  -9.269 0.2857142985
130118  -27.903  -8.313  -11.727 0.2857142985
130345  -34.965  -5.914  -14.146 0.1428571492
131016  -35.260  -6.708  -14.438 0.2857142985
131322  -31.409  -0.467  -8.241 0.5714285970
132532  -31.960  -2.798  -7.992 0.8571428657
132673  -24.063  13.245  -14.888 0.1428571492
133846  -24.828  11.664  -9.800 0.2857142985
135698  -27.497  -4.396  -9.085 0.2857142985
135940  -30.871  -15.079  -13.368 0.7142857313
135958  -34.666  -27.130  -9.552 0.1428571492
136993  -22.112  7.043  -3.012 0.1428571492
