#!ascii label  , from subject sub-fsm40mn vox2ras=TkReg
1065
85093  16.778  -13.468  -11.482 0.2500000000
85099  17.688  -13.478  -12.258 0.2500000000
84359  18.097  -14.304  -12.477 0.7500000000
127801  17.052  -10.115  -11.722 0.2500000000
87259  16.686  -10.841  -11.376 0.1250000000
86531  16.968  -11.663  -11.659 0.2500000000
85810  17.217  -12.593  -11.881 0.2500000000
85816  18.363  -12.629  -12.692 0.7500000000
84378  18.911  -14.372  -12.942 0.8750000000
85098  18.612  -13.598  -12.803 0.8750000000
84377  19.776  -14.651  -13.277 0.8750000000
87273  17.510  -10.774  -12.161 0.3750000000
131208  17.831  -11.716  -12.390 0.3750000000
86554  18.740  -11.615  -12.924 0.8750000000
85113  20.855  -12.931  -13.431 1.0000000000
85831  19.289  -12.310  -13.211 1.0000000000
123568  20.296  -13.775  -13.455 1.0000000000
85115  19.086  -13.066  -13.122 0.8750000000
121301  20.934  -14.587  -13.448 1.0000000000
88002  17.083  -9.237  -11.717 0.2500000000
87272  18.347  -10.232  -12.627 0.7500000000
87285  19.074  -10.631  -13.038 0.8750000000
86540  18.291  -11.001  -12.664 0.7500000000
123644  21.164  -11.937  -13.226 1.0000000000
128566  20.178  -12.117  -13.438 1.0000000000
86553  19.597  -11.403  -13.286 1.0000000000
85112  21.830  -13.363  -13.167 1.0000000000
84376  21.114  -13.748  -13.447 1.0000000000
88003  16.462  -9.943  -11.096 0.1250000000
123359  17.690  -9.775  -12.259 0.6250000000
88026  19.589  -9.821  -13.123 1.0000000000
88016  18.468  -9.346  -12.663 0.8750000000
87284  19.916  -10.557  -13.293 1.0000000000
124379  22.266  -12.189  -12.802 1.0000000000
86551  21.799  -11.465  -12.804 1.0000000000
86552  20.396  -11.253  -13.319 1.0000000000
87283  20.616  -10.563  -13.103 1.0000000000
124249  22.724  -12.968  -12.913 1.0000000000
85830  21.754  -12.674  -13.061 1.0000000000
85109  24.654  -13.368  -13.469 1.0000000000
85110  23.459  -13.458  -13.153 1.0000000000
91195  16.059  -5.486  -10.099 0.2500000000
124337  16.531  -9.095  -11.148 0.2500000000
88839  17.364  -8.427  -11.942 0.3750000000
88856  17.814  -8.862  -12.341 0.5000000000
88855  18.616  -8.508  -12.616 1.0000000000
89623  17.918  -8.038  -12.303 0.6250000000
88867  19.303  -9.072  -12.900 1.0000000000
88015  20.716  -9.475  -12.824 1.0000000000
130247  19.826  -9.325  -13.027 1.0000000000
86549  23.861  -11.834  -12.814 1.0000000000
120420  22.270  -11.178  -12.615 1.0000000000
88014  21.442  -10.132  -12.681 1.0000000000
87280  24.079  -11.213  -12.775 1.0000000000
85828  24.652  -12.655  -13.425 1.0000000000
86548  24.631  -11.596  -13.231 1.0000000000
116708  25.110  -12.054  -13.562 1.0000000000
91194  16.437  -5.553  -10.570 0.5000000000
90371  16.019  -6.234  -10.242 0.3750000000
90370  16.672  -6.340  -10.996 0.3750000000
90383  17.132  -6.817  -11.522 0.5000000000
91219  17.488  -6.130  -11.741 0.5000000000
128850  18.561  -7.019  -12.489 0.8750000000
89622  18.646  -7.706  -12.537 1.0000000000
90393  19.528  -6.419  -12.520 1.0000000000
88853  21.122  -8.806  -12.553 1.0000000000
114576  19.928  -8.057  -12.720 1.0000000000
88012  23.335  -10.179  -12.318 1.0000000000
119030  22.319  -9.386  -12.188 1.0000000000
128351  25.113  -10.552  -13.341 1.0000000000
87279  24.833  -11.042  -13.254 1.0000000000
86547  25.706  -11.635  -13.926 0.8750000000
91991  16.230  -4.911  -10.146 0.5000000000
91208  17.047  -5.436  -11.240 0.5000000000
92015  18.444  -5.081  -12.113 0.6250000000
91217  18.974  -5.712  -12.388 1.0000000000
90395  18.079  -6.557  -12.233 0.7500000000
136291  20.100  -6.343  -12.443 1.0000000000
88837  24.036  -8.484  -11.695 1.0000000000
89603  23.307  -7.662  -11.393 1.0000000000
88838  22.835  -8.588  -11.721 1.0000000000
89619  21.131  -7.821  -12.371 1.0000000000
88851  24.740  -9.016  -12.407 1.0000000000
88852  23.722  -9.505  -12.088 1.0000000000
88864  25.389  -9.299  -13.155 0.8750000000
124663  24.664  -9.909  -12.748 1.0000000000
87292  26.036  -10.655  -14.096 0.8750000000
92006  16.729  -4.802  -10.747 0.5000000000
92004  17.991  -4.461  -11.718 0.8750000000
92001  21.229  -4.948  -11.190 1.0000000000
91206  20.620  -5.307  -11.828 1.0000000000
89602  24.446  -7.476  -11.520 1.0000000000
91204  22.289  -6.041  -11.014 1.0000000000
90392  21.175  -7.035  -12.211 1.0000000000
119342  24.286  -6.105  -10.800 1.0000000000
117030  25.936  -8.635  -13.547 1.0000000000
88850  25.532  -8.453  -12.810 1.0000000000
90391  25.377  -7.151  -11.955 1.0000000000
89633  26.191  -7.684  -13.371 1.0000000000
119630  16.468  -4.356  -10.343 0.5000000000
92750  16.916  -4.098  -10.775 0.8750000000
92748  18.366  -3.717  -11.652 1.0000000000
92731  20.516  -3.444  -10.825 1.0000000000
120713  20.547  -4.649  -11.534 1.0000000000
132653  19.411  -4.368  -11.912 1.0000000000
91988  24.541  -4.476  -10.173 1.0000000000
92013  25.850  -5.043  -11.889 1.0000000000
91998  25.043  -4.808  -10.535 1.0000000000
91999  23.972  -5.267  -10.457 1.0000000000
91230  26.364  -5.963  -13.312 1.0000000000
91202  25.273  -5.539  -10.978 1.0000000000
90405  26.434  -6.718  -13.600 0.8750000000
94967  16.070  -0.404  -8.677 1.0000000000
94201  14.827  -1.950  -7.625 0.3750000000
94981  16.445  -0.901  -9.305 0.8750000000
94229  19.684  -2.144  -10.405 1.0000000000
120941  24.621  -3.789  -9.820 1.0000000000
92729  22.499  -3.648  -9.937 1.0000000000
95718  16.028  0.818  -7.958 0.8750000000
95731  17.983  0.548  -8.715 1.0000000000
95743  17.639  -0.071  -9.170 1.0000000000
94979  18.151  -0.675  -9.767 1.0000000000
94978  19.076  -0.459  -9.390 1.0000000000
93458  20.477  -2.166  -9.854 1.0000000000
116771  24.677  -2.934  -9.619 1.0000000000
93456  23.796  -2.538  -9.309 1.0000000000
92727  25.328  -3.328  -10.146 1.0000000000
96461  16.738  1.139  -8.092 0.7500000000
94966  19.164  0.071  -8.871 1.0000000000
94964  20.989  -0.319  -8.440 1.0000000000
122890  23.299  -1.278  -8.809 1.0000000000
94214  22.223  -1.514  -8.928 1.0000000000
133056  22.946  -2.130  -9.018 1.0000000000
95730  18.772  0.542  -8.553 1.0000000000
94976  21.591  -0.914  -8.702 1.0000000000
100044  18.365  7.374  -5.806 0.1250000000
100822  18.542  7.518  -5.220 0.1250000000
100061  18.644  6.883  -7.011 0.2500000000
100830  18.043  7.577  -6.618 0.1250000000
100838  17.376  8.109  -7.466 0.2500000000
100066  18.474  6.856  -8.103 0.5000000000
100837  17.846  7.413  -7.701 0.2500000000
128006  17.750  7.542  -8.758 0.3750000000
135872  17.323  9.078  -6.966 0.2500000000
100842  17.176  8.111  -8.472 0.2500000000
128686  17.108  8.794  -7.312 0.2500000000
102145  16.380  10.095  -8.223 0.2500000000
101509  16.457  8.801  -9.366 0.2500000000
136655  17.159  8.176  -9.339 0.3750000000
101510  16.166  9.269  -8.906 0.2500000000
100847  16.870  8.453  -10.179 0.3750000000
101514  16.504  9.088  -10.205 0.2500000000
86532  16.431  -11.785  -11.105 0.1250000000
84373  23.267  -14.221  -13.295 1.0000000000
92003  18.730  -4.375  -11.950 0.8750000000
91193  22.824  -4.985  -10.459 1.0000000000
84349  16.590  -14.263  -11.246 0.1250000000
131049  18.454  -14.912  -12.693 0.6250000000
83597  19.478  -15.593  -13.130 0.7500000000
82822  20.010  -16.317  -13.278 1.0000000000
128138  16.350  -13.049  -10.825 0.1250000000
83595  21.331  -15.473  -13.471 1.0000000000
121329  22.832  -15.056  -13.393 1.0000000000
122823  23.854  -14.754  -13.433 1.0000000000
88832  16.333  -8.512  -10.869 0.3750000000
89594  16.057  -7.020  -10.376 0.2500000000
89606  16.638  -7.256  -11.079 0.2500000000
85827  25.692  -12.207  -13.847 0.8750000000
88030  26.414  -9.929  -14.260 0.8750000000
86562  26.253  -11.174  -14.187 0.8750000000
121733  27.390  -8.185  -14.735 0.8750000000
93421  14.386  -2.783  -6.714 0.1250000000
93444  14.594  -2.917  -7.479 0.1250000000
118262  15.594  -4.407  -9.313 0.3750000000
93471  17.454  -2.844  -11.003 0.6250000000
91215  25.955  -6.060  -12.027 1.0000000000
88862  26.655  -8.210  -14.158 0.8750000000
94200  15.140  -1.136  -7.822 0.5000000000
95732  16.391  0.365  -8.433 0.8750000000
93450  15.068  -2.590  -8.251 0.3750000000
135023  15.978  -2.404  -9.340 0.8750000000
92743  25.512  -3.612  -10.934 1.0000000000
93487  25.402  -3.041  -11.717 1.0000000000
93479  25.314  -2.205  -11.383 1.0000000000
137319  17.543  0.975  -8.313 1.0000000000
125366  23.833  -1.814  -9.068 1.0000000000
118943  17.573  1.514  -7.849 0.8750000000
96444  20.846  1.612  -7.605 1.0000000000
128654  21.393  0.298  -8.122 1.0000000000
94974  23.668  -0.313  -8.933 1.0000000000
119391  17.760  5.607  -4.551 0.1250000000
98555  19.851  4.527  -6.325 0.6250000000
100060  19.370  6.260  -7.514 0.6250000000
100071  18.991  6.693  -9.633 0.5000000000
118572  17.628  8.222  -6.700 0.2500000000
100082  17.980  7.246  -10.293 0.5000000000
102137  17.597  9.375  -6.808 0.2500000000
101497  16.977  9.548  -7.457 0.2500000000
100846  17.492  7.740  -9.795 0.5000000000
100851  17.224  7.893  -10.767 0.5000000000
132274  17.001  11.072  -7.672 0.1250000000
102150  16.037  9.860  -8.889 0.2500000000
102153  16.532  9.840  -9.909 0.2500000000
100852  16.951  8.522  -10.908 0.3750000000
102152  17.133  9.753  -10.093 0.2500000000
133224  16.580  10.976  -8.330 0.1250000000
84360  17.222  -14.301  -11.866 0.3750000000
125130  17.644  -15.174  -12.297 0.5000000000
85811  16.465  -12.375  -11.170 0.1250000000
126837  19.050  -15.037  -12.967 0.7500000000
118657  19.412  -13.746  -13.212 0.8750000000
85114  19.835  -12.995  -13.369 1.0000000000
121328  21.908  -14.885  -13.404 1.0000000000
85111  22.638  -13.755  -13.157 1.0000000000
88025  20.200  -9.827  -13.115 1.0000000000
125706  23.275  -12.363  -12.770 1.0000000000
87282  21.424  -10.740  -12.788 1.0000000000
88024  20.818  -10.119  -12.921 1.0000000000
122984  24.135  -13.101  -13.302 1.0000000000
124800  24.036  -13.836  -13.358 1.0000000000
129065  16.617  -7.933  -11.154 0.3750000000
89605  17.245  -7.605  -11.733 0.5000000000
88854  19.335  -8.225  -12.707 1.0000000000
122554  20.310  -8.743  -12.783 1.0000000000
135670  24.502  -12.112  -13.248 1.0000000000
87281  23.128  -11.248  -12.538 1.0000000000
87271  22.290  -10.708  -12.536 1.0000000000
88013  22.320  -10.168  -12.432 1.0000000000
87270  23.263  -10.746  -12.468 1.0000000000
87278  25.444  -10.843  -13.680 1.0000000000
90382  17.587  -6.847  -11.925 0.6250000000
91218  18.206  -5.844  -12.184 0.6250000000
89621  19.314  -7.285  -12.655 1.0000000000
91216  19.879  -5.645  -12.324 1.0000000000
89618  21.827  -8.445  -12.076 1.0000000000
131162  20.509  -8.124  -12.633 1.0000000000
89620  20.316  -7.125  -12.583 1.0000000000
87269  24.329  -10.589  -12.751 1.0000000000
88863  26.002  -9.375  -13.889 0.8750000000
85826  26.389  -11.850  -14.118 0.8750000000
92014  19.233  -4.950  -12.244 1.0000000000
90381  20.730  -6.231  -12.135 1.0000000000
89616  25.639  -7.672  -12.554 1.0000000000
89604  22.020  -7.594  -11.717 1.0000000000
90379  22.706  -6.832  -11.193 1.0000000000
88871  26.842  -9.044  -14.432 0.8750000000
92002  19.973  -4.782  -12.004 1.0000000000
92000  22.060  -5.287  -10.864 1.0000000000
91205  21.411  -5.721  -11.460 1.0000000000
90378  23.844  -6.824  -11.071 1.0000000000
90380  21.681  -6.581  -11.616 1.0000000000
91203  23.313  -6.130  -10.787 1.0000000000
90390  26.031  -6.888  -12.775 1.0000000000
92734  16.423  -3.705  -10.185 0.6250000000
92749  17.565  -3.732  -11.279 0.7500000000
92746  20.036  -4.033  -11.504 1.0000000000
92732  19.667  -3.189  -11.250 1.0000000000
92745  20.920  -4.218  -10.958 1.0000000000
93468  20.109  -2.704  -10.619 1.0000000000
93466  21.872  -3.097  -9.897 1.0000000000
92730  21.446  -3.632  -10.375 1.0000000000
91997  25.564  -4.459  -11.199 1.0000000000
91989  23.445  -4.317  -10.040 1.0000000000
91990  22.002  -4.470  -10.469 1.0000000000
94206  15.273  -1.625  -8.292 0.7500000000
94218  16.811  -1.395  -9.933 1.0000000000
94220  15.606  -2.076  -8.852 0.7500000000
93469  19.301  -2.432  -11.028 1.0000000000
93467  21.020  -2.907  -10.191 1.0000000000
94230  19.043  -1.716  -10.658 1.0000000000
94216  19.671  -1.617  -9.959 1.0000000000
127755  22.747  -2.871  -9.526 1.0000000000
96460  18.261  1.058  -8.152 0.8750000000
94217  18.976  -1.102  -10.029 1.0000000000
115884  19.745  -0.982  -9.456 1.0000000000
94215  21.158  -1.553  -9.282 1.0000000000
93457  21.754  -2.355  -9.485 1.0000000000
128104  20.310  -1.460  -9.516 1.0000000000
94228  24.660  -1.927  -9.698 1.0000000000
95728  20.559  0.441  -8.183 1.0000000000
94977  20.607  -0.950  -9.011 1.0000000000
94963  21.966  -0.179  -8.277 1.0000000000
135773  20.689  0.975  -7.822 1.0000000000
96459  19.162  1.031  -7.912 1.0000000000
100032  18.347  7.082  -4.463 0.1250000000
100043  18.729  6.622  -5.329 0.1250000000
99278  18.014  6.405  -4.492 0.1250000000
101488  17.755  8.691  -6.523 0.2500000000
137457  19.235  6.018  -5.820 0.3750000000
100053  19.182  6.267  -6.361 0.5000000000
100072  18.359  7.143  -9.195 0.5000000000
100065  19.212  6.547  -8.594 0.7500000000
102795  16.283  10.427  -9.289 0.2500000000
102155  16.873  9.187  -10.578 0.2500000000
84350  16.323  -14.697  -10.655 0.1250000000
84361  16.715  -15.124  -11.509 0.1250000000
83598  18.528  -15.673  -12.768 0.7500000000
83596  20.397  -15.469  -13.373 1.0000000000
92722  15.802  -3.830  -9.491 0.6250000000
93481  18.076  -3.045  -11.434 0.8750000000
93459  16.082  -3.060  -9.617 0.7500000000
93470  18.311  -2.243  -11.122 0.8750000000
93460  15.545  -2.834  -8.949 0.8750000000
94232  17.294  -1.951  -10.579 1.0000000000
94231  18.214  -1.426  -10.478 1.0000000000
96445  19.732  1.802  -7.464 1.0000000000
96443  21.835  1.609  -7.778 1.0000000000
95741  22.988  0.230  -8.539 1.0000000000
98544  17.923  4.662  -4.707 0.3750000000
99295  20.112  5.049  -6.903 0.7500000000
123199  19.667  5.676  -6.919 0.7500000000
99296  19.590  5.442  -6.190 0.5000000000
99319  19.837  6.017  -8.192 0.7500000000
101516  17.419  8.725  -11.127 0.2500000000
100859  17.407  8.343  -11.491 0.3750000000
79445  19.611  -20.621  -12.964 0.7500000000
78617  20.991  -21.453  -13.501 0.7500000000
79446  18.900  -20.251  -12.717 0.7500000000
80278  18.890  -19.430  -12.829 0.7500000000
79443  21.005  -20.551  -13.426 0.7500000000
129442  19.540  -19.829  -12.979 0.7500000000
80276  21.774  -20.034  -13.438 0.7500000000
121518  20.944  -19.628  -13.341 0.7500000000
80277  20.119  -19.330  -13.187 0.7500000000
81968  18.739  -17.251  -12.924 0.7500000000
82806  18.221  -16.567  -12.695 0.6250000000
81117  19.785  -18.593  -13.145 0.7500000000
126210  20.169  -17.862  -13.208 0.8750000000
81967  19.630  -17.144  -13.165 0.8750000000
119843  22.546  -19.478  -13.429 0.7500000000
118745  21.722  -19.068  -13.430 0.7500000000
81115  21.638  -18.172  -13.423 0.7500000000
133187  20.654  -17.068  -13.320 0.8750000000
81114  22.584  -18.431  -13.485 0.7500000000
130441  22.229  -17.672  -13.495 0.7500000000
126744  22.298  -16.842  -13.523 0.8750000000
82821  20.924  -16.200  -13.436 0.8750000000
82819  23.364  -16.467  -13.514 0.7500000000
83593  22.640  -15.944  -13.531 0.8750000000
82817  24.709  -15.707  -13.430 0.8750000000
83592  24.044  -15.628  -13.482 0.8750000000
83591  24.581  -14.899  -13.516 0.8750000000
130742  24.573  -14.131  -13.474 0.8750000000
83576  27.926  -14.822  -12.543 0.3750000000
84357  26.751  -14.376  -12.930 0.6250000000
130433  25.492  -13.883  -13.524 0.7500000000
118284  25.112  -13.647  -13.552 0.7500000000
84356  28.864  -14.409  -12.862 0.5000000000
84370  27.283  -13.473  -13.085 0.5000000000
85106  27.979  -12.653  -13.366 0.7500000000
120450  26.054  -12.602  -13.864 0.7500000000
85105  29.501  -12.922  -13.620 0.1250000000
85824  28.949  -12.219  -13.723 0.3750000000
135775  27.976  -12.063  -13.809 0.6250000000
85839  27.454  -11.698  -14.113 0.6250000000
86561  27.039  -11.207  -14.354 0.6250000000
85121  31.540  -13.488  -15.118 0.1250000000
85122  30.922  -12.787  -14.810 0.1250000000
129452  29.330  -11.294  -14.478 0.1250000000
87289  30.148  -10.831  -15.025 0.1250000000
87290  28.004  -10.000  -14.873 0.6250000000
88036  28.028  -9.083  -15.049 0.6250000000
124413  27.489  -8.842  -14.796 0.7500000000
86558  31.337  -11.566  -15.382 0.1250000000
88038  31.798  -9.422  -16.294 0.1250000000
118687  29.844  -9.159  -15.755 0.1250000000
88874  28.884  -8.441  -15.550 0.5000000000
88870  28.029  -8.243  -15.146 0.6250000000
89635  27.915  -7.414  -15.170 0.7500000000
85840  32.116  -12.288  -15.382 0.1250000000
89638  29.404  -7.528  -15.981 0.5000000000
90410  28.981  -6.663  -15.970 0.5000000000
134126  27.771  -6.668  -15.235 0.6250000000
89636  27.349  -7.273  -14.727 0.7500000000
96433  16.811  1.778  -7.412 0.6250000000
97159  16.882  2.284  -6.747 0.5000000000
97166  17.669  2.040  -7.174 0.7500000000
91239  27.350  -5.274  -15.640 0.6250000000
91236  26.338  -5.163  -14.242 0.6250000000
92024  26.089  -4.908  -13.128 0.8750000000
91238  27.989  -5.204  -16.160 0.5000000000
131019  26.823  -4.703  -15.572 0.6250000000
92030  26.262  -4.559  -15.099 0.6250000000
92031  25.946  -4.260  -14.375 0.7500000000
119346  18.612  2.452  -6.873 0.7500000000
121114  25.703  -4.220  -12.416 0.8750000000
126618  25.128  -1.774  -10.603 0.8750000000
94227  24.931  -1.066  -10.411 0.8750000000
92766  25.659  -3.862  -13.619 0.7500000000
93488  25.199  -2.429  -12.560 0.8750000000
94248  24.966  -1.644  -12.369 0.8750000000
94241  25.063  -1.315  -11.407 0.8750000000
94993  24.766  -0.527  -11.398 0.8750000000
127594  28.220  -4.590  -16.384 0.3750000000
92034  27.400  -4.475  -16.057 0.5000000000
92036  25.811  -3.815  -15.212 0.5000000000
92767  25.279  -3.042  -14.064 0.6250000000
92783  27.982  -3.696  -16.384 0.2500000000
92040  27.094  -3.693  -16.214 0.3750000000
133622  25.356  -3.147  -15.425 0.5000000000
119225  17.698  2.546  -6.591 0.6250000000
97165  19.673  2.722  -7.018 0.7500000000
96446  18.588  1.699  -7.502 0.8750000000
95740  23.925  0.704  -9.255 0.7500000000
95758  24.503  0.309  -11.389 0.8750000000
126649  25.091  -2.589  -13.509 0.6250000000
121541  24.682  -1.891  -13.472 0.7500000000
136933  25.791  -3.410  -15.736 0.3750000000
126678  24.898  -2.583  -15.766 0.5000000000
95000  24.240  -0.616  -13.177 0.7500000000
92784  26.499  -3.145  -16.337 0.2500000000
97158  18.337  3.066  -6.039 0.6250000000
97164  20.603  2.550  -7.296 0.8750000000
96442  22.275  2.242  -7.853 0.8750000000
96457  22.638  1.705  -8.145 0.8750000000
97171  22.770  3.162  -8.541 0.7500000000
96470  23.701  1.706  -9.340 0.8750000000
95759  24.171  0.853  -12.402 0.7500000000
95006  24.131  -1.213  -13.841 0.5000000000
93515  24.363  -2.234  -16.632 0.2500000000
93508  24.330  -2.148  -16.076 0.5000000000
93505  24.564  -2.356  -15.395 0.5000000000
93513  26.366  -2.712  -16.427 0.2500000000
97843  19.190  3.837  -5.944 0.5000000000
97847  20.438  4.279  -6.940 0.6250000000
98563  21.539  4.274  -7.954 0.7500000000
97855  22.237  3.810  -8.332 0.7500000000
98572  21.823  4.434  -8.590 0.7500000000
122631  22.669  3.671  -8.970 0.7500000000
97866  23.382  3.153  -10.118 0.7500000000
97181  23.132  3.211  -9.215 0.7500000000
98582  21.706  4.844  -9.845 0.7500000000
97191  23.577  2.674  -10.830 0.7500000000
96485  23.896  1.786  -12.039 0.7500000000
97199  23.516  2.651  -11.765 0.7500000000
95774  23.238  0.382  -13.903 0.5000000000
96498  23.142  1.202  -13.716 0.3750000000
96492  23.558  1.497  -12.917 0.6250000000
94272  23.561  -1.599  -16.668 0.2500000000
95017  23.109  -0.816  -15.167 0.3750000000
95784  22.863  -0.019  -14.736 0.3750000000
99318  20.454  5.554  -8.348 0.6250000000
98564  20.790  4.850  -7.588 0.7500000000
99329  21.282  5.154  -9.409 0.7500000000
98590  22.267  4.390  -10.234 0.7500000000
97876  22.573  3.892  -11.707 0.7500000000
97207  23.097  2.928  -12.436 0.6250000000
96499  22.601  1.710  -14.324 0.3750000000
96493  23.009  1.997  -13.430 0.3750000000
95029  24.259  -0.780  -17.164 0.1250000000
95793  22.952  0.760  -16.339 0.1250000000
95785  22.503  0.544  -15.267 0.2500000000
99330  20.570  5.616  -9.399 0.6250000000
98591  21.549  4.931  -10.935 0.6250000000
98603  21.779  4.459  -11.793 0.7500000000
97208  22.720  2.710  -13.070 0.3750000000
97888  22.457  3.434  -12.623 0.3750000000
97875  23.193  3.275  -11.179 0.7500000000
96506  22.265  1.845  -15.183 0.2500000000
127172  23.368  2.295  -12.634 0.6250000000
96512  24.400  1.889  -16.321 0.1250000000
96514  23.528  1.614  -16.518 0.1250000000
95794  24.645  -0.192  -16.621 0.1250000000
99331  19.822  6.100  -9.015 0.6250000000
121899  19.638  6.143  -10.013 0.6250000000
125118  20.405  5.564  -11.277 0.3750000000
98618  20.365  4.773  -12.934 0.3750000000
97907  21.598  3.596  -15.066 0.2500000000
97898  22.091  3.195  -13.547 0.3750000000
98616  21.951  4.046  -12.406 0.3750000000
97223  23.288  2.405  -16.448 0.1250000000
97215  22.187  2.426  -14.695 0.3750000000
97212  22.426  2.503  -13.878 0.3750000000
96511  24.826  1.563  -15.766 0.1250000000
97224  22.618  2.167  -16.012 0.1250000000
129982  17.823  7.351  -11.354 0.3750000000
99340  19.540  6.211  -11.013 0.3750000000
99355  19.026  5.986  -13.025 0.3750000000
99346  19.334  6.085  -11.993 0.3750000000
98633  20.207  4.878  -13.946 0.3750000000
99354  19.609  5.403  -13.520 0.3750000000
99345  19.920  5.409  -12.439 0.3750000000
98645  21.050  4.300  -15.083 0.3750000000
97899  21.461  3.665  -14.212 0.3750000000
115751  20.809  4.401  -13.340 0.3750000000
99395  23.951  4.614  -16.470 0.1250000000
97911  22.122  3.510  -15.696 0.1250000000
98659  21.691  4.483  -15.807 0.2500000000
97912  25.016  3.271  -16.583 0.1250000000
100117  17.968  7.420  -13.708 0.2500000000
100116  18.336  7.052  -14.470 0.2500000000
100104  18.321  6.655  -13.509 0.3750000000
119286  18.430  6.536  -12.575 0.3750000000
100127  20.312  6.711  -15.574 0.1250000000
99364  19.570  5.687  -14.648 0.3750000000
99365  18.906  6.193  -14.093 0.3750000000
99389  20.701  5.813  -15.706 0.1250000000
98646  20.364  5.141  -15.124 0.2500000000
99386  23.348  5.353  -16.065 0.1250000000
98660  21.012  5.066  -15.683 0.1250000000
128288  17.728  7.683  -12.032 0.3750000000
100105  18.004  7.153  -12.253 0.3750000000
134047  18.003  7.691  -14.292 0.2500000000
120123  19.789  7.582  -15.241 0.1250000000
100895  20.605  7.314  -15.228 0.1250000000
100881  20.549  7.939  -14.371 0.1250000000
100143  23.904  6.000  -15.294 0.1250000000
100125  22.240  6.873  -14.728 0.1250000000
100856  21.237  7.657  -11.945 0.1250000000
100115  22.422  7.331  -13.842 0.1250000000
100880  21.679  7.612  -13.526 0.1250000000
100124  23.971  6.783  -14.482 0.1250000000
100123  24.917  6.661  -14.929 0.1250000000
82820  21.796  -16.126  -13.525 0.8750000000
83579  25.211  -15.035  -13.453 0.6250000000
90416  28.536  -5.875  -16.046 0.6250000000
92759  25.404  -3.291  -12.824 0.8750000000
93498  24.672  -2.350  -14.488 0.5000000000
92785  25.623  -2.675  -16.413 0.3750000000
97848  19.880  3.634  -6.595 0.6250000000
97852  20.537  3.414  -7.029 0.8750000000
97163  21.595  2.519  -7.520 0.8750000000
97851  21.742  3.498  -7.645 0.7500000000
119211  22.774  2.472  -8.282 0.8750000000
97180  23.469  2.542  -9.357 0.7500000000
116861  23.773  2.280  -10.129 0.7500000000
95753  24.063  1.418  -10.211 0.7500000000
94258  23.700  -1.276  -14.752 0.5000000000
95007  23.520  -0.512  -14.108 0.5000000000
95001  23.899  0.150  -13.239 0.7500000000
136476  23.446  -1.407  -15.541 0.5000000000
99396  22.911  4.876  -16.316 0.1250000000
125456  19.371  7.053  -15.305 0.2500000000
100894  21.460  7.336  -14.584 0.1250000000
100114  23.176  7.026  -14.101 0.1250000000
127764  28.688  -10.659  -14.715 0.5000000000
128330  27.655  -10.726  -14.568 0.6250000000
87291  26.891  -10.496  -14.456 0.7500000000
90415  29.280  -5.889  -16.362 0.3750000000
133991  29.116  -4.144  -16.493 0.2500000000
99388  21.466  5.373  -15.969 0.1250000000
92782  28.770  -3.765  -16.416 0.1250000000
77748  19.551  -22.686  -13.042 0.7500000000
78619  19.276  -21.897  -12.807 0.7500000000
79428  18.199  -20.749  -12.312 0.7500000000
123453  18.201  -19.771  -12.503 0.7500000000
125015  20.921  -22.224  -13.517 0.7500000000
122119  20.283  -21.013  -13.252 0.7500000000
77745  21.763  -21.985  -13.503 0.7500000000
81951  17.900  -17.361  -12.589 0.6250000000
81118  19.006  -18.667  -12.993 0.7500000000
79441  22.603  -20.466  -13.346 0.6250000000
125924  23.323  -18.997  -13.386 0.6250000000
81963  23.782  -17.272  -13.480 0.6250000000
82804  25.408  -15.808  -13.204 0.5000000000
82803  26.237  -15.934  -12.756 0.3750000000
84369  30.152  -13.964  -13.986 0.1250000000
85104  30.657  -13.311  -14.545 0.1250000000
137351  31.891  -13.944  -15.192 0.1250000000
85835  32.287  -12.421  -15.191 0.1250000000
86557  32.685  -11.594  -15.619 0.1250000000
87286  32.957  -10.437  -15.997 0.1250000000
96434  16.187  1.961  -6.833 0.3750000000
88872  32.382  -8.835  -16.154 0.1250000000
88876  31.476  -8.205  -16.398 0.1250000000
117519  30.572  -6.763  -16.419 0.1250000000
91244  28.720  -5.187  -16.413 0.2500000000
97154  17.073  2.755  -5.887 0.5000000000
93512  27.328  -2.579  -16.270 0.1250000000
93511  28.232  -3.265  -16.337 0.2500000000
94270  26.747  -1.730  -16.123 0.1250000000
95028  25.011  -1.047  -16.968 0.1250000000
95791  25.110  0.499  -15.814 0.1250000000
118578  18.667  4.294  -5.294 0.3750000000
137042  25.219  1.091  -15.369 0.1250000000
121780  25.251  2.461  -15.553 0.1250000000
96505  25.417  1.582  -15.057 0.1250000000
98657  25.012  4.571  -16.510 0.1250000000
117656  26.033  5.464  -15.533 0.1250000000
102120  18.411  9.213  -6.286 0.1250000000
101518  18.383  8.349  -12.309 0.2500000000
101515  19.194  8.443  -11.809 0.1250000000
100850  19.996  8.093  -11.183 0.1250000000
100103  22.506  7.431  -12.993 0.1250000000
100102  23.343  7.359  -13.119 0.1250000000
100122  25.904  6.978  -15.074 0.1250000000
100867  24.078  7.273  -13.712 0.1250000000
85108  25.283  -12.845  -13.636 0.7500000000
91229  26.671  -6.038  -14.258 0.7500000000
94940  15.131  -0.118  -6.891 0.3750000000
94987  24.578  -0.258  -10.401 0.8750000000
82823  19.092  -16.427  -13.009 0.7500000000
83594  22.103  -15.516  -13.492 0.8750000000
129260  25.731  -13.304  -13.637 0.7500000000
92758  25.566  -3.724  -11.811 0.8750000000
95727  21.265  0.917  -7.850 0.8750000000
96456  23.200  1.184  -8.606 0.8750000000
94973  24.227  -0.033  -9.618 0.8750000000
100081  18.750  6.744  -10.675 0.3750000000
100858  17.326  7.998  -11.497 0.3750000000
101513  17.808  9.249  -10.496 0.1250000000
134155  17.814  8.424  -11.701 0.2500000000
120569  19.016  -21.102  -12.698 0.7500000000
132474  19.671  -21.320  -12.987 0.7500000000
79442  21.778  -20.980  -13.495 0.7500000000
80261  18.270  -18.887  -12.644 0.7500000000
79444  20.252  -20.168  -13.195 0.7500000000
81116  20.763  -18.634  -13.297 0.7500000000
122104  19.272  -17.927  -13.099 0.7500000000
131524  20.949  -17.825  -13.332 0.8750000000
81965  21.535  -17.391  -13.432 0.8750000000
81966  21.437  -16.733  -13.454 0.8750000000
81964  22.981  -17.478  -13.519 0.7500000000
81113  23.505  -18.106  -13.462 0.7500000000
82818  24.205  -16.470  -13.438 0.7500000000
131173  23.382  -15.572  -13.473 0.8750000000
82805  24.894  -16.520  -13.262 0.6250000000
84372  25.079  -14.320  -13.529 0.7500000000
126883  27.946  -15.637  -12.474 0.2500000000
83577  26.966  -15.308  -12.615 0.5000000000
84358  25.704  -14.401  -13.380 0.6250000000
85107  26.596  -12.988  -13.574 0.7500000000
120282  28.792  -13.546  -13.073 0.2500000000
85837  30.039  -11.986  -14.406 0.2500000000
85838  28.741  -11.702  -14.032 0.3750000000
86560  28.078  -11.202  -14.373 0.6250000000
118359  31.691  -12.949  -15.162 0.1250000000
122203  32.038  -13.288  -15.166 0.1250000000
86559  30.412  -11.593  -14.837 0.1250000000
87295  29.290  -9.997  -15.195 0.5000000000
87294  30.592  -10.072  -15.646 0.1250000000
114590  31.839  -10.196  -16.067 0.1250000000
88035  28.756  -9.334  -15.285 0.5000000000
86563  32.289  -11.160  -15.733 0.1250000000
88034  31.111  -9.389  -16.099 0.1250000000
88039  30.739  -8.598  -16.260 0.1250000000
89639  28.577  -7.480  -15.560 0.6250000000
89643  29.814  -6.713  -16.309 0.1250000000
90408  27.275  -6.162  -14.955 0.6250000000
91235  26.745  -5.315  -15.030 0.6250000000
92773  25.477  -3.492  -14.661 0.6250000000
138342  24.543  -1.246  -13.043 0.7500000000
95766  24.460  -0.091  -12.356 0.7500000000
92774  24.975  -2.859  -15.011 0.5000000000
120938  21.134  3.988  -7.338 0.6250000000
95752  24.290  0.554  -10.351 0.7500000000
92779  24.836  -2.478  -16.351 0.3750000000
96478  24.238  1.180  -11.261 0.7500000000
94267  24.082  -1.852  -15.310 0.5000000000
94273  24.557  -1.554  -17.184 0.1250000000
134953  25.243  -1.824  -17.008 0.1250000000
117773  25.446  -2.297  -16.768 0.2500000000
98573  21.220  4.977  -8.573 0.7500000000
97867  22.791  3.846  -10.668 0.7500000000
95775  22.776  0.829  -14.478 0.3750000000
95025  22.983  -1.123  -16.083 0.1250000000
95018  22.657  -0.269  -15.613 0.3750000000
98604  20.892  4.929  -11.998 0.3750000000
120451  22.414  1.217  -15.015 0.3750000000
95796  23.241  -0.033  -16.835 0.1250000000
96513  22.498  1.305  -15.751 0.1250000000
118761  23.661  0.804  -16.648 0.1250000000
97889  21.488  3.841  -13.231 0.3750000000
97221  22.250  2.576  -15.536 0.2500000000
97222  24.272  2.553  -16.646 0.1250000000
97220  24.904  2.560  -16.297 0.1250000000
95792  24.295  0.880  -16.345 0.1250000000
115452  21.942  2.995  -15.067 0.2500000000
97913  23.696  3.300  -16.620 0.1250000000
97914  22.805  3.161  -16.221 0.1250000000
100094  18.560  6.645  -11.651 0.3750000000
99373  19.846  6.224  -15.404 0.3750000000
98632  20.874  4.336  -14.128 0.3750000000
98663  24.580  3.764  -16.687 0.1250000000
98664  23.306  4.345  -16.442 0.1250000000
99385  24.408  5.258  -16.008 0.1250000000
98665  22.607  4.232  -16.231 0.1250000000
98658  22.137  4.973  -16.236 0.1250000000
97905  25.392  3.320  -16.234 0.1250000000
98656  25.394  3.932  -16.535 0.1250000000
101521  18.562  8.361  -13.140 0.2500000000
101522  18.186  8.076  -13.003 0.2500000000
100882  19.383  8.278  -14.528 0.2500000000
100145  21.255  6.057  -15.774 0.1250000000
118324  23.042  6.496  -14.952 0.1250000000
99387  22.237  5.528  -16.037 0.1250000000
101520  18.898  8.552  -13.710 0.1250000000
100870  19.833  8.414  -13.507 0.1250000000
100869  20.935  7.880  -12.976 0.1250000000
100142  24.823  5.818  -15.436 0.1250000000
100144  22.102  6.273  -15.510 0.1250000000
100849  21.016  7.698  -10.972 0.1250000000
100857  20.189  8.095  -12.180 0.1250000000
78618  20.164  -21.926  -13.233 0.7500000000
77747  20.394  -22.818  -13.387 0.7500000000
78606  18.508  -21.715  -12.424 0.7500000000
77749  18.771  -22.543  -12.606 0.7500000000
81099  17.636  -18.221  -12.377 0.5000000000
81098  18.459  -18.045  -12.816 0.6250000000
81112  24.099  -17.824  -13.390 0.6250000000
81949  25.094  -17.277  -12.953 0.5000000000
89640  31.891  -7.826  -16.321 0.1250000000
89637  32.149  -7.776  -16.071 0.1250000000
89641  31.254  -7.250  -16.404 0.1250000000
95027  25.781  -1.406  -16.466 0.1250000000
127311  25.663  4.626  -16.077 0.1250000000
99384  25.294  5.252  -15.857 0.1250000000
77735  18.096  -22.361  -12.087 0.7500000000
128601  17.643  -20.103  -12.146 0.5000000000
76877  19.774  -23.556  -13.209 0.6250000000
76876  20.684  -23.582  -13.435 0.6250000000
77734  22.031  -22.853  -13.278 0.3750000000
77746  21.237  -22.865  -13.492 0.6250000000
78605  22.689  -22.051  -13.058 0.2500000000
126399  25.632  -16.608  -12.837 0.3750000000
97837  17.791  3.612  -5.228 0.2500000000
98548  19.339  4.873  -5.642 0.2500000000
80275  23.221  -19.870  -13.221 0.5000000000
80260  23.883  -19.480  -13.035 0.3750000000
76052  21.716  -24.312  -12.906 0.5000000000
76875  21.478  -23.599  -13.318 0.6250000000
81096  24.605  -17.901  -13.075 0.5000000000
75202  19.382  -24.957  -12.931 0.6250000000
80263  17.156  -19.989  -11.736 0.3750000000
78607  18.064  -21.529  -12.110 0.3750000000
76063  19.540  -24.321  -13.059 0.6250000000
75189  21.155  -25.133  -12.892 0.3750000000
123219  19.841  -24.743  -13.139 0.6250000000
81100  17.061  -19.203  -11.811 0.2500000000
76051  22.414  -24.195  -12.364 0.3750000000
130446  23.361  -21.708  -12.595 0.2500000000
76862  22.697  -23.561  -12.346 0.2500000000
122381  17.760  -16.003  -12.436 0.3750000000
78615  23.162  -21.097  -13.056 0.2500000000
80259  24.573  -19.197  -12.677 0.2500000000
81095  25.303  -18.035  -12.604 0.2500000000
81948  25.907  -17.394  -12.436 0.2500000000
91992  15.705  -4.933  -9.543 0.2500000000
127661  27.483  -16.882  -12.298 0.2500000000
93449  15.170  -3.373  -8.498 0.3750000000
92716  15.279  -4.085  -8.777 0.2500000000
94953  15.284  -0.342  -7.661 0.2500000000
129064  16.130  -7.845  -10.636 0.2500000000
83580  17.103  -15.921  -11.984 0.2500000000
121224  15.548  -3.435  -9.081 0.3750000000
78616  22.430  -21.334  -13.340 0.5000000000
127108  26.542  -16.750  -12.420 0.2500000000
80262  17.475  -19.230  -12.139 0.3750000000
82807  17.431  -16.655  -12.314 0.2500000000
76878  19.014  -23.298  -12.808 0.6250000000
120704  16.810  -18.396  -11.718 0.3750000000
123146  24.773  -18.519  -12.766 0.2500000000
76062  20.186  -24.241  -13.303 0.6250000000
76061  20.964  -24.322  -13.321 0.5000000000
76863  22.174  -23.581  -12.859 0.2500000000
76861  23.227  -23.181  -12.015 0.2500000000
136547  23.198  -20.453  -13.139 0.3750000000
75188  22.029  -24.999  -12.363 0.3750000000
79429  17.534  -20.750  -11.790 0.3750000000
125187  19.178  -23.919  -12.889 0.6250000000
119659  20.937  -25.906  -12.725 0.3750000000
75200  20.392  -24.895  -13.162 0.5000000000
78604  23.877  -21.172  -12.458 0.2500000000
80258  25.456  -18.947  -12.231 0.2500000000
127932  15.680  -7.731  -10.136 0.1250000000
75191  18.091  -25.396  -12.533 0.5000000000
74358  19.414  -26.484  -12.795 0.3750000000
136144  19.854  -25.900  -12.973 0.5000000000
75203  18.795  -25.191  -12.749 0.5000000000
75192  17.372  -25.512  -12.184 0.3750000000
127219  17.925  -23.932  -12.176 0.5000000000
127278  18.605  -23.901  -12.596 0.5000000000
76053  18.305  -24.613  -12.537 0.5000000000
76865  17.758  -22.995  -11.724 0.3750000000
76864  18.336  -23.181  -12.342 0.5000000000
74341  16.464  -26.384  -11.425 0.1250000000
72719  16.752  -28.406  -12.090 0.1250000000
74361  17.012  -26.297  -12.113 0.2500000000
73587  18.176  -27.396  -12.569 0.3750000000
73585  20.734  -27.052  -12.491 0.2500000000
73586  19.075  -27.342  -12.686 0.3750000000
74359  18.704  -25.972  -12.722 0.5000000000
73574  16.159  -27.451  -11.350 0.1250000000
119891  18.672  -26.709  -12.672 0.3750000000
76040  16.989  -24.738  -11.421 0.1250000000
76849  17.435  -23.127  -11.245 0.1250000000
131913  29.548  -5.175  -16.559 0.1250000000
77736  17.718  -22.123  -11.645 0.3750000000
75201  19.856  -25.302  -13.053 0.3750000000
76064  18.967  -24.491  -12.788 0.5000000000
74369  19.324  -25.643  -12.878 0.5000000000
78608  17.500  -21.476  -11.460 0.2500000000
74356  21.133  -26.498  -12.442 0.2500000000
76054  17.642  -24.730  -12.170 0.5000000000
74357  20.351  -26.414  -12.771 0.3750000000
74360  17.911  -26.338  -12.496 0.3750000000
76055  17.189  -24.908  -11.835 0.2500000000
76866  17.417  -24.084  -11.649 0.1250000000
128413  16.752  -27.121  -11.952 0.1250000000
75171  16.628  -25.455  -11.190 0.1250000000
75172  16.238  -26.172  -10.945 0.1250000000
75193  16.867  -25.527  -11.695 0.1250000000
73589  16.582  -27.820  -11.900 0.1250000000
127583  17.414  -27.009  -12.361 0.3750000000
72716  19.446  -28.129  -12.618 0.2500000000
127721  17.188  -23.949  -11.179 0.1250000000
73588  17.275  -27.860  -12.339 0.2500000000
120567  18.739  -28.013  -12.627 0.2500000000
81952  17.081  -17.445  -12.104 0.2500000000
123954  20.014  -27.368  -12.663 0.2500000000
72717  18.095  -28.455  -12.510 0.1250000000
81953  16.499  -17.417  -11.363 0.1250000000
96435  15.594  1.507  -6.769 0.1250000000
134133  15.543  0.678  -7.407 0.1250000000
96429  15.092  1.667  -6.073 0.1250000000
96428  15.368  2.197  -5.578 0.1250000000
97844  16.657  3.324  -5.122 0.1250000000
120972  15.612  2.138  -6.205 0.1250000000
96422  15.651  2.046  -4.995 0.1250000000
97155  15.993  2.658  -5.590 0.1250000000
115990  17.086  4.145  -4.583 0.1250000000
95697  14.948  0.090  -6.233 0.1250000000
122356  16.166  3.093  -4.966 0.1250000000
97838  16.661  3.652  -4.554 0.1250000000
97827  16.698  3.834  -3.861 0.1250000000
94954  14.898  -1.047  -7.238 0.1250000000
94941  14.707  -0.933  -6.403 0.1250000000
91981  15.244  -4.862  -8.907 0.1250000000
79430  17.138  -20.645  -11.322 0.1250000000
81088  16.161  -18.139  -11.004 0.1250000000
92711  14.515  -3.712  -7.540 0.1250000000
136288  14.396  -2.082  -5.887 0.1250000000
115260  14.798  -0.101  -5.831 0.1250000000
95696  14.945  0.834  -5.826 0.1250000000
116135  15.351  1.669  -4.916 0.1250000000
97138  16.581  2.949  -3.398 0.1250000000
98534  16.549  4.382  -3.308 0.1250000000
98535  16.456  4.686  -3.831 0.1250000000
94190  14.626  -1.898  -6.873 0.1250000000
83581  16.599  -15.956  -11.404 0.1250000000
125106  16.505  -19.007  -11.149 0.1250000000
92717  14.773  -3.930  -8.115 0.1250000000
82808  16.783  -16.641  -11.717 0.1250000000
81943  16.160  -17.369  -10.644 0.1250000000
95681  14.935  0.988  -5.335 0.1250000000
117860  16.154  2.486  -4.564 0.1250000000
96414  16.044  2.092  -4.444 0.1250000000
97839  16.782  3.991  -4.166 0.1250000000
97139  16.475  3.076  -3.972 0.1250000000
127729  15.443  0.943  -3.333 0.1250000000
99263  16.527  5.640  -2.608 0.1250000000
75170  21.564  -25.800  -12.337 0.1250000000
76039  22.780  -24.754  -11.747 0.1250000000
76848  23.067  -23.947  -11.844 0.1250000000
77733  23.277  -22.397  -12.307 0.1250000000
77732  23.864  -21.886  -11.998 0.1250000000
78603  24.539  -21.444  -11.830 0.1250000000
79426  24.592  -20.592  -12.195 0.1250000000
78592  26.069  -21.515  -11.429 0.1250000000
79417  25.409  -20.423  -11.808 0.1250000000
79425  25.052  -19.814  -12.202 0.1250000000
80251  27.102  -19.667  -11.610 0.1250000000
79424  27.943  -19.929  -11.892 0.1250000000
80256  27.541  -19.084  -11.835 0.1250000000
81947  27.009  -17.594  -12.056 0.1250000000
72715  20.263  -28.323  -12.412 0.1250000000
72714  20.808  -27.726  -12.276 0.1250000000
73573  21.316  -27.172  -12.106 0.1250000000
75169  22.417  -25.729  -11.635 0.1250000000
74339  22.470  -26.671  -11.283 0.1250000000
76847  23.806  -23.603  -11.416 0.1250000000
125973  24.955  -22.710  -11.340 0.1250000000
77718  26.426  -22.215  -11.369 0.1250000000
78590  28.118  -20.963  -11.986 0.1250000000
81946  28.190  -17.455  -12.384 0.1250000000
81092  28.864  -18.180  -12.865 0.1250000000
127088  28.588  -19.183  -12.588 0.1250000000
82801  28.433  -16.476  -12.601 0.1250000000
129828  26.160  -18.211  -12.059 0.1250000000
80252  26.086  -19.855  -11.679 0.1250000000
74340  21.784  -26.522  -11.876 0.1250000000
76038  23.591  -24.439  -11.257 0.1250000000
77720  23.981  -22.717  -11.636 0.1250000000
78593  25.321  -21.110  -11.645 0.1250000000
78591  27.049  -21.455  -11.498 0.1250000000
80257  26.537  -19.023  -11.771 0.1250000000
81093  27.928  -18.296  -12.064 0.1250000000
71791  20.505  -29.140  -12.084 0.1250000000
72700  20.996  -28.472  -11.905 0.1250000000
124535  23.314  -25.284  -11.156 0.1250000000
81111  29.251  -18.825  -13.827 0.1250000000
75190  20.415  -25.602  -12.979 0.3750000000
77719  25.365  -21.972  -11.457 0.1250000000
79415  27.115  -20.445  -11.543 0.1250000000
79416  26.156  -20.794  -11.515 0.1250000000
79427  23.746  -20.361  -12.835 0.2500000000
81094  27.018  -18.416  -11.815 0.1250000000
81097  24.114  -18.579  -13.197 0.6250000000
81950  24.434  -17.216  -13.317 0.6250000000
82802  27.247  -16.152  -12.409 0.3750000000
83578  25.986  -15.131  -13.116 0.6250000000
84371  26.166  -13.744  -13.431 0.7500000000
84374  22.507  -14.420  -13.301 1.0000000000
84375  21.829  -14.123  -13.324 1.0000000000
85823  29.975  -12.492  -14.130 0.2500000000
85825  26.986  -12.298  -13.868 0.7500000000
85829  24.066  -12.484  -13.109 1.0000000000
85836  31.169  -12.288  -15.073 0.1250000000
86550  22.795  -11.727  -12.600 1.0000000000
86556  32.766  -10.903  -15.784 0.1250000000
87288  31.320  -10.813  -15.649 0.1250000000
87293  32.629  -10.463  -16.006 0.1250000000
88022  25.720  -10.261  -13.788 1.0000000000
88023  25.299  -10.007  -13.382 1.0000000000
88027  33.095  -10.118  -15.833 0.1250000000
88029  27.236  -9.589  -14.663 0.7500000000
88031  32.965  -10.005  -16.077 0.1250000000
88032  32.803  -10.102  -16.127 0.1250000000
88033  32.419  -9.821  -16.221 0.1250000000
88037  32.687  -9.619  -16.197 0.1250000000
88840  16.837  -8.453  -11.425 0.3750000000
88865  20.135  -9.219  -12.951 1.0000000000
88866  19.829  -8.771  -12.852 1.0000000000
88873  29.830  -8.277  -16.047 0.5000000000
88875  32.151  -8.975  -16.347 0.1250000000
89617  24.980  -8.086  -12.086 1.0000000000
89642  30.466  -7.621  -16.352 0.1250000000
90377  24.924  -6.556  -11.296 1.0000000000
90394  18.759  -6.450  -12.466 1.0000000000
90404  26.779  -7.017  -14.214 0.8750000000
90411  27.891  -5.943  -15.632 0.6250000000
90414  30.216  -5.951  -16.539 0.1250000000
91207  17.732  -5.256  -11.763 0.6250000000
92005  17.329  -4.621  -11.286 0.8750000000
92035  26.458  -3.971  -15.735 0.5000000000
92038  28.491  -4.132  -16.431 0.2500000000
92039  27.851  -4.099  -16.314 0.3750000000
92728  23.660  -3.364  -9.633 1.0000000000
92733  17.001  -3.443  -10.743 0.6250000000
92735  16.052  -4.347  -9.822 0.3750000000
92744  25.316  -4.141  -10.257 1.0000000000
92747  19.178  -3.737  -11.716 1.0000000000
92777  26.109  -3.315  -16.134 0.3750000000
92778  25.392  -2.898  -16.011 0.5000000000
92781  29.536  -3.849  -16.473 0.1250000000
93465  25.200  -2.498  -10.318 1.0000000000
93472  16.748  -2.863  -10.392 0.7500000000
93478  25.440  -2.927  -10.854 1.0000000000
93480  18.818  -2.990  -11.503 0.8750000000
93509  23.998  -1.976  -16.526 0.5000000000
93514  24.823  -2.296  -16.832 0.2500000000
94213  24.254  -0.948  -9.437 1.0000000000
94219  16.195  -1.698  -9.370 0.7500000000
94233  16.516  -2.239  -9.888 1.0000000000
94257  24.223  -1.730  -14.399 0.5000000000
94271  24.226  -1.967  -17.027 0.2500000000
94274  23.870  -1.277  -17.103 0.1250000000
94886  15.792  0.376  -2.833 0.1250000000
94965  19.938  -0.283  -8.774 1.0000000000
94968  15.495  -0.745  -8.255 0.5000000000
94975  22.652  -0.699  -8.569 1.0000000000
94980  17.195  -0.683  -9.651 0.8750000000
94982  15.791  -1.221  -8.833 0.7500000000
94988  17.505  -1.176  -10.178 1.0000000000
95026  22.806  -0.242  -16.309 0.3750000000
95030  23.223  -0.874  -16.783 0.1250000000
95031  23.662  -0.602  -17.080 0.1250000000
95726  22.208  0.786  -8.108 1.0000000000
95729  19.609  0.486  -8.396 1.0000000000
95733  15.721  0.118  -8.107 0.8750000000
95742  18.467  0.011  -9.111 1.0000000000
95744  16.813  -0.182  -9.005 1.0000000000
95767  23.609  0.812  -13.260 0.3750000000
95783  25.658  0.814  -15.033 0.1250000000
95795  23.936  0.013  -16.903 0.1250000000
96447  16.057  1.426  -7.510 0.6250000000
96458  20.098  1.049  -7.891 1.0000000000
96479  23.886  2.004  -11.037 0.7500000000
96515  22.905  1.640  -16.259 0.1250000000
97148  15.852  2.599  -5.038 0.1250000000
97149  16.379  3.220  -4.454 0.1250000000
97157  19.163  3.112  -6.505 0.6250000000
97160  16.219  2.409  -6.314 0.1250000000
97170  23.231  2.058  -8.702 0.8750000000
97850  22.315  2.973  -7.926 0.7500000000
97858  22.773  3.768  -9.713 0.7500000000
97887  23.060  3.306  -11.981 0.7500000000
97906  21.955  3.057  -14.378 0.2500000000
98529  16.602  4.816  -2.663 0.1250000000
98530  16.274  5.085  -3.163 0.1250000000
98546  16.792  4.738  -4.259 0.1250000000
98549  18.643  5.456  -5.002 0.3750000000
98581  22.244  4.297  -9.205 0.7500000000
98617  21.219  4.395  -12.613 0.3750000000
99280  16.476  5.690  -4.068 0.1250000000
99286  19.202  5.704  -5.571 0.3750000000
99306  20.096  5.592  -7.559 0.7500000000
99338  21.029  5.390  -10.213 0.7500000000
99339  20.245  5.779  -10.375 0.7500000000
99374  19.028  6.600  -15.007 0.2500000000
100054  18.498  6.944  -6.156 0.1250000000
100126  21.241  6.774  -15.419 0.1250000000
100128  18.739  7.219  -15.030 0.2500000000
100129  18.386  7.575  -14.737 0.2500000000
100823  18.048  7.982  -5.917 0.1250000000
100871  17.887  7.685  -12.860 0.2500000000
100883  18.416  8.196  -14.361 0.2500000000
100884  17.884  8.042  -13.722 0.2500000000
100896  18.954  7.681  -15.016 0.2500000000
101504  16.691  8.736  -8.287 0.2500000000
101505  16.427  9.367  -8.197 0.2500000000
101517  19.118  8.470  -12.830 0.1250000000
101519  17.772  8.140  -12.150 0.3750000000
101523  18.331  8.304  -13.618 0.2500000000
102154  16.194  9.558  -9.501 0.2500000000
102780  16.874  10.382  -7.623 0.1250000000
102792  16.387  11.170  -8.989 0.1250000000
103480  16.710  11.783  -8.770 0.1250000000
114617  15.135  1.601  -5.379 0.1250000000
115642  23.681  -1.738  -16.077 0.2500000000
117625  28.301  -6.648  -15.593 0.6250000000
118132  21.664  4.732  -9.106 0.7500000000
118436  16.898  10.366  -9.751 0.2500000000
119133  29.785  -14.777  -13.676 0.1250000000
119186  27.285  -3.193  -16.369 0.2500000000
119317  24.686  -0.896  -12.306 0.7500000000
119426  25.243  -11.374  -13.599 1.0000000000
119591  17.181  0.494  -8.651 1.0000000000
119905  16.203  10.510  -8.814 0.2500000000
120294  18.978  -9.809  -12.938 0.8750000000
123187  24.346  -19.882  -12.599 0.2500000000
123919  17.985  -7.261  -12.258 0.6250000000
124764  22.661  -22.926  -12.649 0.2500000000
125114  22.263  4.379  -11.080 0.7500000000
126454  14.767  -3.314  -7.984 0.3750000000
128059  28.969  -4.580  -16.506 0.2500000000
128113  23.781  3.998  -16.603 0.1250000000
129139  22.882  5.925  -15.675 0.1250000000
129842  23.243  3.829  -16.449 0.1250000000
130358  21.046  -11.141  -13.047 1.0000000000
130425  26.074  -2.182  -16.450 0.1250000000
131095  22.594  0.400  -15.896 0.2500000000
131729  19.461  -19.161  -13.042 0.7500000000
131908  27.918  -14.050  -12.722 0.5000000000
132075  21.510  -9.600  -12.555 1.0000000000
132616  25.709  -11.133  -13.931 1.0000000000
132851  23.150  2.716  -8.786 0.8750000000
133219  24.509  -22.131  -11.627 0.1250000000
133389  21.181  3.218  -7.295 0.7500000000
133473  29.433  -14.129  -13.310 0.1250000000
133770  31.570  -8.915  -16.336 0.1250000000
134570  18.028  7.050  -12.992 0.2500000000
134905  15.200  0.813  -6.518 0.1250000000
135121  24.030  -10.129  -12.444 1.0000000000
135134  24.870  -10.322  -13.089 1.0000000000
135346  19.153  2.132  -7.191 0.7500000000
135376  22.379  1.970  -15.620 0.1250000000
135788  16.612  -12.865  -11.354 0.2500000000
136067  14.591  -2.413  -7.187 0.3750000000
136299  29.438  -12.042  -14.005 0.3750000000
136471  23.591  -12.871  -13.037 1.0000000000
136553  22.849  -5.560  -10.645 1.0000000000
136730  24.831  -2.088  -17.194 0.2500000000
137063  18.550  3.647  -5.587 0.5000000000
137663  24.063  1.569  -16.569 0.1250000000
