#!ascii label  , from subject sub-fsm40mn vox2ras=TkReg
809
69257  17.778  -32.211  -12.023 0.1428571492
118174  17.080  -32.038  -11.848 0.1428571492
70971  17.794  -30.595  -12.283 0.1428571492
69244  18.401  -32.830  -11.853 0.1428571492
70101  18.247  -31.348  -12.238 0.2857142985
70102  17.426  -31.404  -12.068 0.1428571492
70089  18.722  -32.044  -12.074 0.1428571492
71809  18.420  -29.175  -12.515 0.5714285970
70100  18.628  -30.525  -12.360 0.1428571492
70960  20.696  -29.954  -11.715 0.2857142985
71792  19.928  -29.778  -12.250 0.2857142985
71790  21.390  -29.258  -11.436 0.1428571492
71791  20.505  -29.140  -12.084 0.2857142985
74340  21.784  -26.522  -11.876 0.2857142985
73573  21.316  -27.172  -12.106 0.1428571492
76039  22.780  -24.754  -11.747 0.2857142985
75169  22.417  -25.729  -11.635 0.2857142985
76847  23.806  -23.603  -11.416 0.2857142985
76848  23.067  -23.947  -11.844 0.2857142985
78603  24.539  -21.444  -11.830 0.2857142985
80257  26.537  -19.023  -11.771 0.8571428657
79417  25.409  -20.423  -11.808 0.4285714328
125973  24.955  -22.710  -11.340 0.2857142985
81946  28.190  -17.455  -12.384 0.7142857313
81093  27.928  -18.296  -12.064 0.7142857313
80256  27.541  -19.084  -11.835 0.7142857313
80252  26.086  -19.855  -11.679 0.7142857313
82816  29.538  -16.477  -13.632 0.8571428657
81962  29.163  -17.301  -13.132 0.5714285970
82801  28.433  -16.476  -12.601 0.8571428657
81947  27.009  -17.594  -12.056 0.7142857313
129828  26.160  -18.211  -12.059 0.7142857313
84368  31.265  -14.263  -15.066 0.4285714328
83589  30.123  -15.771  -14.329 0.7142857313
83590  29.066  -15.456  -12.921 0.8571428657
85835  32.287  -12.421  -15.191 0.2857142985
85840  32.116  -12.288  -15.382 0.5714285970
85104  30.657  -13.311  -14.545 0.8571428657
85121  31.540  -13.488  -15.118 0.7142857313
84369  30.152  -13.964  -13.986 0.8571428657
87287  32.933  -10.858  -15.623 0.1428571492
86546  32.719  -11.661  -15.032 0.1428571492
86557  32.685  -11.594  -15.619 0.4285714328
118359  31.691  -12.949  -15.162 0.5714285970
85122  30.922  -12.787  -14.810 0.8571428657
90407  31.817  -6.803  -15.730 0.1428571492
120328  32.958  -10.206  -15.206 0.1428571492
88868  32.893  -9.609  -15.902 0.1428571492
87286  32.957  -10.437  -15.997 0.4285714328
86559  30.412  -11.593  -14.837 0.8571428657
91234  31.461  -5.840  -15.223 0.1428571492
90403  31.473  -6.628  -14.507 0.1428571492
90409  31.541  -6.118  -15.955 0.1428571492
89637  32.149  -7.776  -16.071 0.1428571492
89640  31.891  -7.826  -16.321 0.4285714328
88038  31.798  -9.422  -16.294 0.5714285970
114590  31.839  -10.196  -16.067 0.7142857313
129452  29.330  -11.294  -14.478 0.8571428657
91237  31.353  -5.063  -15.937 0.1428571492
92033  30.983  -4.315  -16.273 0.1428571492
91240  31.232  -5.685  -16.302 0.1428571492
128031  31.463  -6.825  -16.338 0.5714285970
88034  31.111  -9.389  -16.099 0.8571428657
87289  30.148  -10.831  -15.025 0.8571428657
87294  30.592  -10.072  -15.646 0.8571428657
92775  30.570  -3.511  -15.963 0.1428571492
92776  29.898  -3.433  -16.318 0.2857142985
92037  30.689  -4.665  -16.541 0.1428571492
131913  29.548  -5.175  -16.559 0.8571428657
89641  31.254  -7.250  -16.404 0.8571428657
88876  31.476  -8.205  -16.398 0.7142857313
89643  29.814  -6.713  -16.309 0.8571428657
93512  27.328  -2.579  -16.270 0.1428571492
94269  27.801  -1.899  -15.900 0.1428571492
92782  28.770  -3.765  -16.416 0.4285714328
127594  28.220  -4.590  -16.384 0.8571428657
91244  28.720  -5.187  -16.413 0.8571428657
90415  29.280  -5.889  -16.362 0.8571428657
90410  28.981  -6.663  -15.970 0.8571428657
93511  28.232  -3.265  -16.337 0.4285714328
91238  27.989  -5.204  -16.160 0.8571428657
90416  28.536  -5.875  -16.046 0.8571428657
91239  27.350  -5.274  -15.640 0.8571428657
134953  25.243  -1.824  -17.008 0.2857142985
93513  26.366  -2.712  -16.427 0.5714285970
92785  25.623  -2.675  -16.413 0.8571428657
92784  26.499  -3.145  -16.337 0.8571428657
92040  27.094  -3.693  -16.214 0.8571428657
92034  27.400  -4.475  -16.057 0.8571428657
92036  25.811  -3.815  -15.212 0.8571428657
131019  26.823  -4.703  -15.572 0.8571428657
94273  24.557  -1.554  -17.184 0.2857142985
93515  24.363  -2.234  -16.632 0.7142857313
117773  25.446  -2.297  -16.768 0.5714285970
92779  24.836  -2.478  -16.351 0.8571428657
133622  25.356  -3.147  -15.425 0.8571428657
92767  25.279  -3.042  -14.064 0.8571428657
92030  26.262  -4.559  -15.099 0.8571428657
93508  24.330  -2.148  -16.076 0.8571428657
94267  24.082  -1.852  -15.310 0.8571428657
92774  24.975  -2.859  -15.011 0.8571428657
121541  24.682  -1.891  -13.472 0.7142857313
126649  25.091  -2.589  -13.509 0.7142857313
136476  23.446  -1.407  -15.541 0.8571428657
94258  23.700  -1.276  -14.752 0.8571428657
93498  24.672  -2.350  -14.488 0.8571428657
95000  24.240  -0.616  -13.177 0.8571428657
95001  23.899  0.150  -13.239 0.8571428657
138342  24.543  -1.246  -13.043 0.7142857313
95775  22.776  0.829  -14.478 0.7142857313
95774  23.238  0.382  -13.903 0.8571428657
96498  23.142  1.202  -13.716 0.8571428657
96492  23.558  1.497  -12.917 0.8571428657
127172  23.368  2.295  -12.634 0.7142857313
95006  24.131  -1.213  -13.841 0.8571428657
98665  22.607  4.232  -16.231 0.1428571492
96493  23.009  1.997  -13.430 0.7142857313
97208  22.720  2.710  -13.070 0.7142857313
99388  21.466  5.373  -15.969 0.1428571492
97898  22.091  3.195  -13.547 0.5714285970
97899  21.461  3.665  -14.212 0.5714285970
115751  20.809  4.401  -13.340 0.5714285970
98645  21.050  4.300  -15.083 0.1428571492
100125  22.240  6.873  -14.728 0.1428571492
99354  19.609  5.403  -13.520 0.5714285970
100881  20.549  7.939  -14.371 0.1428571492
100880  21.679  7.612  -13.526 0.1428571492
99373  19.846  6.224  -15.404 0.1428571492
100856  21.237  7.657  -11.945 0.1428571492
98633  20.207  4.878  -13.946 0.5714285970
100869  20.935  7.880  -12.976 0.1428571492
100870  19.833  8.414  -13.507 0.1428571492
100849  21.016  7.698  -10.972 0.1428571492
100857  20.189  8.095  -12.180 0.1428571492
69245  17.642  -32.996  -11.842 0.1428571492
69258  17.085  -32.717  -11.770 0.1428571492
70088  19.097  -31.240  -12.171 0.1428571492
122059  19.886  -31.065  -11.754 0.2857142985
70970  19.445  -30.454  -12.215 0.2857142985
73572  21.929  -27.278  -11.544 0.2857142985
72699  21.452  -27.863  -11.763 0.2857142985
77732  23.864  -21.886  -11.998 0.2857142985
77733  23.277  -22.397  -12.307 0.2857142985
79426  24.592  -20.592  -12.195 0.5714285970
82815  30.248  -16.684  -14.812 0.2857142985
80258  25.456  -18.947  -12.231 0.7142857313
137351  31.891  -13.944  -15.192 0.1428571492
120282  28.792  -13.546  -13.073 0.8571428657
86558  31.337  -11.566  -15.382 0.7142857313
92029  31.086  -4.075  -15.586 0.1428571492
127590  30.819  -5.744  -16.542 0.8571428657
117519  30.572  -6.763  -16.419 0.8571428657
89638  29.404  -7.528  -15.981 0.8571428657
94272  23.561  -1.599  -16.668 0.8571428657
95784  22.863  -0.019  -14.736 0.8571428657
96499  22.601  1.710  -14.324 0.8571428657
97212  22.426  2.503  -13.878 0.7142857313
97907  21.598  3.596  -15.066 0.2857142985
98646  20.364  5.141  -15.124 0.1428571492
100895  20.605  7.314  -15.228 0.1428571492
100080  22.825  6.777  -10.749 0.1428571492
68366  16.527  -33.113  -11.615 0.1428571492
71808  19.039  -29.653  -12.506 0.4285714328
116978  18.914  -28.737  -12.594 0.2857142985
72700  20.996  -28.472  -11.905 0.1428571492
74339  22.470  -26.671  -11.283 0.2857142985
124535  23.314  -25.284  -11.156 0.2857142985
75170  21.564  -25.800  -12.337 0.2857142985
79425  25.052  -19.814  -12.202 0.7142857313
89634  31.847  -7.708  -15.044 0.1428571492
92022  31.184  -4.848  -14.890 0.1428571492
93506  29.961  -3.058  -15.897 0.1428571492
93510  29.131  -3.370  -16.315 0.2857142985
93507  28.619  -2.668  -16.069 0.1428571492
133991  29.116  -4.144  -16.493 0.8571428657
118687  29.844  -9.159  -15.755 0.8571428657
88035  28.756  -9.334  -15.285 1.0000000000
94270  26.747  -1.730  -16.123 0.1428571492
95027  25.781  -1.406  -16.466 0.1428571492
95029  24.259  -0.780  -17.164 0.2857142985
92759  25.404  -3.291  -12.824 0.8571428657
95025  22.983  -1.123  -16.083 0.5714285970
95785  22.503  0.544  -15.267 0.5714285970
120451  22.414  1.217  -15.015 0.5714285970
115452  21.942  2.995  -15.067 0.4285714328
97221  22.250  2.576  -15.536 0.2857142985
97911  22.122  3.510  -15.696 0.2857142985
98659  21.691  4.483  -15.807 0.1428571492
98660  21.012  5.066  -15.683 0.1428571492
99389  20.701  5.813  -15.706 0.1428571492
100116  18.336  7.052  -14.470 0.2857142985
100145  21.255  6.057  -15.774 0.1428571492
120123  19.789  7.582  -15.241 0.1428571492
100882  19.383  8.278  -14.528 0.1428571492
101520  18.898  8.552  -13.710 0.1428571492
100894  21.460  7.336  -14.584 0.1428571492
100850  19.996  8.093  -11.183 0.1428571492
100844  21.257  7.604  -9.717 0.1428571492
95796  23.241  -0.033  -16.835 0.4285714328
95793  22.952  0.760  -16.339 0.4285714328
96513  22.498  1.305  -15.751 0.4285714328
97224  22.618  2.167  -16.012 0.4285714328
96506  22.265  1.845  -15.183 0.5714285970
97215  22.187  2.426  -14.695 0.5714285970
69259  16.371  -32.350  -11.605 0.1428571492
121272  18.173  -29.823  -12.430 0.4285714328
70972  17.007  -30.682  -12.022 0.2857142985
71807  19.706  -28.973  -12.477 0.1428571492
127108  26.542  -16.750  -12.420 0.7142857313
83588  30.680  -15.052  -14.776 0.8571428657
84356  28.864  -14.409  -12.862 0.8571428657
122203  32.038  -13.288  -15.166 0.5714285970
86563  32.289  -11.160  -15.733 0.5714285970
121558  31.734  -6.980  -16.168 0.2857142985
88869  32.530  -8.698  -15.737 0.1428571492
88872  32.382  -8.835  -16.154 0.1428571492
91243  29.817  -4.462  -16.596 0.5714285970
88039  30.739  -8.598  -16.260 0.8571428657
92783  27.982  -3.696  -16.384 0.8571428657
126678  24.898  -2.583  -15.766 0.8571428657
136933  25.791  -3.410  -15.736 0.8571428657
92773  25.477  -3.492  -14.661 0.8571428657
93505  24.564  -2.356  -15.395 0.8571428657
95017  23.109  -0.816  -15.167 0.8571428657
95007  23.520  -0.512  -14.108 0.8571428657
98658  22.137  4.973  -16.236 0.1428571492
98632  20.874  4.336  -14.128 0.5714285970
97889  21.488  3.841  -13.231 0.5714285970
100115  22.422  7.331  -13.842 0.1428571492
99364  19.570  5.687  -14.648 0.4285714328
133486  22.661  7.118  -11.617 0.1428571492
100103  22.506  7.431  -12.993 0.1428571492
100127  20.312  6.711  -15.574 0.1428571492
125456  19.371  7.053  -15.305 0.1428571492
72698  22.053  -27.994  -11.233 0.1428571492
95018  22.657  -0.269  -15.613 0.5714285970
76051  22.414  -24.195  -12.364 0.5714285970
134047  18.003  7.691  -14.292 0.1428571492
76052  21.716  -24.312  -12.906 0.5714285970
76062  20.186  -24.241  -13.303 0.5714285970
76063  19.540  -24.321  -13.059 0.2857142985
77734  22.031  -22.853  -13.278 0.5714285970
76876  20.684  -23.582  -13.435 0.5714285970
74369  19.324  -25.643  -12.878 0.4285714328
76875  21.478  -23.599  -13.318 0.5714285970
125187  19.178  -23.919  -12.889 0.2857142985
76877  19.774  -23.556  -13.209 0.4285714328
130446  23.361  -21.708  -12.595 0.4285714328
78605  22.689  -22.051  -13.058 0.5714285970
125015  20.921  -22.224  -13.517 0.5714285970
78617  20.991  -21.453  -13.501 0.4285714328
78615  23.162  -21.097  -13.056 0.5714285970
79441  22.603  -20.466  -13.346 0.5714285970
77745  21.763  -21.985  -13.503 0.4285714328
136547  23.198  -20.453  -13.139 0.7142857313
80275  23.221  -19.870  -13.221 0.4285714328
80260  23.883  -19.480  -13.035 0.4285714328
77747  20.394  -22.818  -13.387 0.4285714328
77748  19.551  -22.686  -13.042 0.2857142985
76878  19.014  -23.298  -12.808 0.2857142985
78604  23.877  -21.172  -12.458 0.7142857313
123146  24.773  -18.519  -12.766 0.7142857313
81113  23.505  -18.106  -13.462 0.4285714328
82805  24.894  -16.520  -13.262 0.7142857313
82818  24.205  -16.470  -13.438 0.5714285970
82817  24.709  -15.707  -13.430 0.7142857313
83592  24.044  -15.628  -13.482 0.2857142985
81095  25.303  -18.035  -12.604 0.5714285970
81096  24.605  -17.901  -13.075 0.7142857313
82803  26.237  -15.934  -12.756 0.7142857313
84372  25.079  -14.320  -13.529 0.7142857313
130433  25.492  -13.883  -13.524 0.7142857313
118284  25.112  -13.647  -13.552 0.7142857313
130742  24.573  -14.131  -13.474 0.4285714328
85108  25.283  -12.845  -13.636 0.4285714328
127661  27.483  -16.882  -12.298 0.5714285970
126399  25.632  -16.608  -12.837 0.5714285970
126883  27.946  -15.637  -12.474 0.5714285970
84357  26.751  -14.376  -12.930 0.5714285970
85107  26.596  -12.988  -13.574 0.7142857313
120450  26.054  -12.602  -13.864 0.7142857313
86561  27.039  -11.207  -14.354 0.7142857313
85827  25.692  -12.207  -13.847 0.7142857313
86547  25.706  -11.635  -13.926 0.5714285970
87292  26.036  -10.655  -14.096 0.5714285970
85105  29.501  -12.922  -13.620 0.7142857313
85106  27.979  -12.653  -13.366 0.5714285970
84370  27.283  -13.473  -13.085 0.5714285970
135775  27.976  -12.063  -13.809 0.7142857313
128330  27.655  -10.726  -14.568 0.8571428657
116708  25.110  -12.054  -13.562 0.4285714328
87290  28.004  -10.000  -14.873 0.7142857313
88030  26.414  -9.929  -14.260 0.7142857313
124413  27.489  -8.842  -14.796 0.7142857313
88863  26.002  -9.375  -13.889 0.5714285970
88871  26.842  -9.044  -14.432 0.7142857313
85824  28.949  -12.219  -13.723 0.5714285970
85839  27.454  -11.698  -14.113 0.7142857313
88036  28.028  -9.083  -15.049 0.8571428657
121733  27.390  -8.185  -14.735 0.7142857313
117030  25.936  -8.635  -13.547 0.5714285970
90390  26.031  -6.888  -12.775 0.2857142985
87295  29.290  -9.997  -15.195 0.7142857313
88870  28.029  -8.243  -15.146 0.7142857313
91215  25.955  -6.060  -12.027 0.7142857313
88874  28.884  -8.441  -15.550 0.7142857313
89635  27.915  -7.414  -15.170 0.8571428657
88862  26.655  -8.210  -14.158 0.8571428657
91236  26.338  -5.163  -14.242 0.8571428657
89636  27.349  -7.273  -14.727 0.8571428657
91230  26.364  -5.963  -13.312 0.5714285970
92024  26.089  -4.908  -13.128 0.8571428657
92013  25.850  -5.043  -11.889 0.7142857313
134126  27.771  -6.668  -15.235 0.8571428657
91235  26.745  -5.315  -15.030 0.8571428657
121114  25.703  -4.220  -12.416 0.8571428657
92031  25.946  -4.260  -14.375 0.8571428657
92766  25.659  -3.862  -13.619 0.8571428657
92758  25.566  -3.724  -11.811 0.7142857313
94993  24.766  -0.527  -11.398 0.7142857313
95766  24.460  -0.091  -12.356 0.5714285970
94987  24.578  -0.258  -10.401 0.7142857313
95758  24.503  0.309  -11.389 0.7142857313
95759  24.171  0.853  -12.402 0.7142857313
96478  24.238  1.180  -11.261 0.8571428657
116861  23.773  2.280  -10.129 0.7142857313
95740  23.925  0.704  -9.255 0.7142857313
97180  23.469  2.542  -9.357 0.7142857313
97181  23.132  3.211  -9.215 0.7142857313
119211  22.774  2.472  -8.282 0.5714285970
97199  23.516  2.651  -11.765 0.7142857313
97866  23.382  3.153  -10.118 0.7142857313
97171  22.770  3.162  -8.541 0.5714285970
97867  22.791  3.846  -10.668 0.4285714328
122631  22.669  3.671  -8.970 0.5714285970
97855  22.237  3.810  -8.332 0.5714285970
97875  23.193  3.275  -11.179 0.5714285970
97163  21.595  2.519  -7.520 0.5714285970
98590  22.267  4.390  -10.234 0.5714285970
98582  21.706  4.844  -9.845 0.5714285970
98572  21.823  4.434  -8.590 0.5714285970
97851  21.742  3.498  -7.645 0.4285714328
97852  20.537  3.414  -7.029 0.5714285970
97164  20.603  2.550  -7.296 0.4285714328
98564  20.790  4.850  -7.588 0.5714285970
98563  21.539  4.274  -7.954 0.5714285970
98591  21.549  4.931  -10.935 0.5714285970
97848  19.880  3.634  -6.595 0.4285714328
97166  17.669  2.040  -7.174 0.4285714328
97847  20.438  4.279  -6.940 0.5714285970
120938  21.134  3.988  -7.338 0.5714285970
99296  19.590  5.442  -6.190 0.4285714328
80251  27.102  -19.667  -11.610 0.2857142985
123199  19.667  5.676  -6.919 0.2857142985
98555  19.851  4.527  -6.325 0.4285714328
118578  18.667  4.294  -5.294 0.2857142985
75200  20.392  -24.895  -13.162 0.5714285970
136144  19.854  -25.900  -12.973 0.5714285970
76862  22.697  -23.561  -12.346 0.2857142985
76863  22.174  -23.581  -12.859 0.4285714328
123219  19.841  -24.743  -13.139 0.5714285970
76861  23.227  -23.181  -12.015 0.2857142985
76064  18.967  -24.491  -12.788 0.2857142985
78618  20.164  -21.926  -13.233 0.4285714328
79442  21.778  -20.980  -13.495 0.4285714328
78619  19.276  -21.897  -12.807 0.2857142985
122119  20.283  -21.013  -13.252 0.2857142985
125924  23.323  -18.997  -13.386 0.5714285970
127088  28.588  -19.183  -12.588 0.2857142985
126744  22.298  -16.842  -13.523 0.2857142985
83591  24.581  -14.899  -13.516 0.7142857313
89639  28.577  -7.480  -15.560 0.8571428657
90405  26.434  -6.718  -13.600 0.7142857313
94248  24.966  -1.644  -12.369 0.7142857313
94241  25.063  -1.315  -11.407 0.7142857313
126618  25.128  -1.774  -10.603 0.7142857313
96470  23.701  1.706  -9.340 0.7142857313
96442  22.275  2.242  -7.853 0.5714285970
97165  19.673  2.722  -7.018 0.2857142985
97207  23.097  2.928  -12.436 0.5714285970
97876  22.573  3.892  -11.707 0.5714285970
97888  22.457  3.434  -12.623 0.5714285970
98603  21.779  4.459  -11.793 0.5714285970
98573  21.220  4.977  -8.573 0.5714285970
99330  20.570  5.616  -9.399 0.2857142985
80276  21.774  -20.034  -13.438 0.4285714328
83576  27.926  -14.822  -12.543 0.7142857313
81948  25.907  -17.394  -12.436 0.5714285970
85837  30.039  -11.986  -14.406 0.7142857313
127764  28.688  -10.659  -14.715 0.7142857313
85838  28.741  -11.702  -14.032 0.7142857313
90408  27.275  -6.162  -14.955 0.7142857313
96485  23.896  1.786  -12.039 0.8571428657
80259  24.573  -19.197  -12.677 0.5714285970
93487  25.402  -3.041  -11.717 0.7142857313
76061  20.964  -24.322  -13.321 0.5714285970
75189  21.155  -25.133  -12.892 0.4285714328
75202  19.382  -24.957  -12.931 0.5714285970
77746  21.237  -22.865  -13.492 0.5714285970
74358  19.414  -26.484  -12.795 0.5714285970
78616  22.430  -21.334  -13.340 0.5714285970
119843  22.546  -19.478  -13.429 0.4285714328
81112  24.099  -17.824  -13.390 0.7142857313
81963  23.782  -17.272  -13.480 0.5714285970
82819  23.364  -16.467  -13.514 0.4285714328
81964  22.981  -17.478  -13.519 0.4285714328
81114  22.584  -18.431  -13.485 0.4285714328
81949  25.094  -17.277  -12.953 0.7142857313
82804  25.408  -15.808  -13.204 0.7142857313
131173  23.382  -15.572  -13.473 0.2857142985
83579  25.211  -15.035  -13.453 0.7142857313
83577  26.966  -15.308  -12.615 0.7142857313
84358  25.704  -14.401  -13.380 0.7142857313
129260  25.731  -13.304  -13.637 0.7142857313
85826  26.389  -11.850  -14.118 0.7142857313
86562  26.253  -11.174  -14.187 0.7142857313
86560  28.078  -11.202  -14.373 0.5714285970
87291  26.891  -10.496  -14.456 0.7142857313
128351  25.113  -10.552  -13.341 0.2857142985
89633  26.191  -7.684  -13.371 0.5714285970
89616  25.639  -7.672  -12.554 0.2857142985
91229  26.671  -6.038  -14.258 0.8571428657
95752  24.290  0.554  -10.351 0.7142857313
95753  24.063  1.418  -10.211 0.7142857313
97191  23.577  2.674  -10.830 0.8571428657
99329  21.282  5.154  -9.409 0.7142857313
99318  20.454  5.554  -8.348 0.5714285970
79445  19.611  -20.621  -12.964 0.1428571492
121518  20.944  -19.628  -13.341 0.4285714328
122123  17.300  -29.763  -12.248 0.4285714328
75167  24.120  -24.994  -10.750 0.1428571492
76038  23.591  -24.439  -11.257 0.1428571492
78593  25.321  -21.110  -11.645 0.1428571492
78592  26.069  -21.515  -11.429 0.1428571492
76846  24.566  -23.315  -11.217 0.1428571492
76037  24.602  -24.136  -10.848 0.1428571492
77718  26.426  -22.215  -11.369 0.1428571492
76845  25.564  -23.471  -11.025 0.1428571492
78591  27.049  -21.455  -11.498 0.1428571492
81111  29.251  -18.825  -13.827 0.2857142985
81961  29.772  -17.282  -14.367 0.1428571492
93488  25.199  -2.429  -12.560 0.5714285970
102146  20.880  8.977  -8.290 0.1428571492
92743  25.512  -3.612  -10.934 0.4285714328
102147  20.439  9.551  -8.393 0.1428571492
101515  19.194  8.443  -11.809 0.1428571492
125366  23.833  -1.814  -9.068 0.4285714328
94227  24.931  -1.066  -10.411 0.5714285970
94974  23.668  -0.313  -8.933 0.4285714328
100852  16.951  8.522  -10.908 0.2857142985
100081  18.750  6.744  -10.675 0.2857142985
125118  20.405  5.564  -11.277 0.2857142985
100094  18.560  6.645  -11.651 0.2857142985
115884  19.745  -0.982  -9.456 0.1428571492
95741  22.988  0.230  -8.539 0.5714285970
100082  17.980  7.246  -10.293 0.2857142985
98604  20.892  4.929  -11.998 0.4285714328
94964  20.989  -0.319  -8.440 0.4285714328
95727  21.265  0.917  -7.850 0.5714285970
100071  18.991  6.693  -9.633 0.2857142985
95730  18.772  0.542  -8.553 0.4285714328
96459  19.162  1.031  -7.912 0.2857142985
100065  19.212  6.547  -8.594 0.1428571492
99331  19.822  6.100  -9.015 0.1428571492
96460  18.261  1.058  -8.152 0.1428571492
96446  18.588  1.699  -7.502 0.4285714328
100060  19.370  6.260  -7.514 0.1428571492
100066  18.474  6.856  -8.103 0.1428571492
128006  17.750  7.542  -8.758 0.1428571492
118943  17.573  1.514  -7.849 0.2857142985
100053  19.182  6.267  -6.361 0.2857142985
119391  17.760  5.607  -4.551 0.1428571492
100061  18.644  6.883  -7.011 0.1428571492
100837  17.846  7.413  -7.701 0.1428571492
100830  18.043  7.577  -6.618 0.1428571492
118572  17.628  8.222  -6.700 0.1428571492
71810  17.849  -29.201  -12.427 0.4285714328
127583  17.414  -27.009  -12.361 0.2857142985
129234  25.824  -22.710  -11.254 0.1428571492
78590  28.118  -20.963  -11.986 0.1428571492
94228  24.660  -1.927  -9.698 0.2857142985
99355  19.026  5.986  -13.025 0.2857142985
100846  17.492  7.740  -9.795 0.2857142985
129982  17.823  7.351  -11.354 0.2857142985
100842  17.176  8.111  -8.472 0.2857142985
128413  16.752  -27.121  -11.952 0.2857142985
119722  21.608  -28.478  -11.467 0.1428571492
74338  23.222  -26.173  -10.903 0.1428571492
123129  29.476  -17.989  -13.979 0.1428571492
79424  27.943  -19.929  -11.892 0.1428571492
137319  17.543  0.975  -8.313 0.1428571492
92727  25.328  -3.328  -10.146 0.4285714328
94978  19.076  -0.459  -9.390 0.2857142985
96443  21.835  1.609  -7.778 0.5714285970
98618  20.365  4.773  -12.934 0.4285714328
100847  16.870  8.453  -10.179 0.2857142985
100858  17.326  7.998  -11.497 0.2857142985
119286  18.430  6.536  -12.575 0.2857142985
100105  18.004  7.153  -12.253 0.2857142985
100859  17.407  8.343  -11.491 0.2857142985
101513  17.808  9.249  -10.496 0.1428571492
102151  18.066  9.714  -9.712 0.1428571492
121621  19.337  8.477  -10.776 0.1428571492
136655  17.159  8.176  -9.339 0.2857142985
119015  18.298  8.701  -11.302 0.1428571492
101512  19.654  8.585  -9.696 0.1428571492
101521  18.562  8.361  -13.140 0.1428571492
101518  18.383  8.349  -12.309 0.1428571492
81975  30.240  -17.400  -15.089 0.2857142985
99365  18.906  6.193  -14.093 0.4285714328
102155  16.873  9.187  -10.578 0.2857142985
100117  17.968  7.420  -13.708 0.2857142985
101522  18.186  8.076  -13.003 0.1428571492
72717  18.095  -28.455  -12.510 0.4285714328
81092  28.864  -18.180  -12.865 0.4285714328
98616  21.951  4.046  -12.406 0.4285714328
99345  19.920  5.409  -12.439 0.2857142985
100104  18.321  6.655  -13.509 0.2857142985
122890  23.299  -1.278  -8.809 0.4285714328
94973  24.227  -0.033  -9.618 0.5714285970
96457  22.638  1.705  -8.145 0.5714285970
99295  20.112  5.049  -6.903 0.4285714328
98548  19.339  4.873  -5.642 0.2857142985
99319  19.837  6.017  -8.192 0.2857142985
93479  25.314  -2.205  -11.383 0.5714285970
96456  23.200  1.184  -8.606 0.5714285970
96444  20.846  1.612  -7.605 0.5714285970
121899  19.638  6.143  -10.013 0.2857142985
76022  25.055  -25.009  -10.642 0.1428571492
77717  27.311  -22.381  -11.615 0.1428571492
133056  22.946  -2.130  -9.018 0.2857142985
100851  17.224  7.893  -10.767 0.2857142985
99340  19.540  6.211  -11.013 0.2857142985
99346  19.334  6.085  -11.993 0.2857142985
94963  21.966  -0.179  -8.277 0.4285714328
100072  18.359  7.143  -9.195 0.1428571492
95728  20.559  0.441  -8.183 0.4285714328
94966  19.164  0.071  -8.871 0.2857142985
128654  21.393  0.298  -8.122 0.5714285970
135773  20.689  0.975  -7.822 0.5714285970
96445  19.732  1.802  -7.464 0.4285714328
73588  17.275  -27.860  -12.339 0.2857142985
129933  27.825  -21.802  -11.886 0.1428571492
116771  24.677  -2.934  -9.619 0.2857142985
128288  17.728  7.683  -12.032 0.2857142985
134155  17.814  8.424  -11.701 0.2857142985
101508  19.004  9.327  -9.548 0.1428571492
87278  25.444  -10.843  -13.680 0.4285714328
88850  25.532  -8.453  -12.810 0.2857142985
133224  16.580  10.976  -8.330 0.1428571492
101514  16.504  9.088  -10.205 0.1428571492
103492  16.844  12.170  -8.951 0.1428571492
102137  17.597  9.375  -6.808 0.1428571492
103479  17.065  11.746  -8.103 0.1428571492
102150  16.037  9.860  -8.889 0.1428571492
102795  16.283  10.427  -9.289 0.1428571492
101497  16.977  9.548  -7.457 0.1428571492
102779  17.481  10.648  -7.217 0.1428571492
102145  16.380  10.095  -8.223 0.1428571492
103463  17.540  11.515  -7.422 0.1428571492
104219  17.728  13.352  -7.987 0.1428571492
101510  16.166  9.269  -8.906 0.1428571492
132274  17.001  11.072  -7.672 0.1428571492
125124  20.097  12.700  -6.247 0.1428571492
104209  18.208  13.038  -7.392 0.1428571492
88864  25.389  -9.299  -13.155 0.2857142985
102778  18.337  11.007  -6.853 0.1428571492
104208  18.808  13.504  -7.131 0.1428571492
104991  17.722  13.267  -8.461 0.1428571492
101509  16.457  8.801  -9.366 0.1428571492
102153  16.532  9.840  -9.909 0.1428571492
103494  16.559  11.303  -9.176 0.1428571492
102794  16.653  10.772  -9.469 0.1428571492
103461  19.173  12.423  -6.750 0.1428571492
102777  19.478  11.158  -6.552 0.1428571492
73585  20.734  -27.052  -12.491 0.2857142985
72714  20.808  -27.726  -12.276 0.1428571492
119659  20.937  -25.906  -12.725 0.2857142985
72716  19.446  -28.129  -12.618 0.2857142985
75188  22.029  -24.999  -12.363 0.2857142985
74356  21.133  -26.498  -12.442 0.1428571492
75201  19.856  -25.302  -13.053 0.4285714328
74357  20.351  -26.414  -12.771 0.2857142985
94976  21.591  -0.914  -8.702 0.2857142985
123954  20.014  -27.368  -12.663 0.2857142985
73587  18.176  -27.396  -12.569 0.2857142985
73586  19.075  -27.342  -12.686 0.2857142985
119891  18.672  -26.709  -12.672 0.2857142985
74359  18.704  -25.972  -12.722 0.2857142985
130441  22.229  -17.672  -13.495 0.2857142985
122823  23.854  -14.754  -13.433 0.1428571492
124800  24.036  -13.836  -13.358 0.1428571492
85109  24.654  -13.368  -13.469 0.2857142985
86548  24.631  -11.596  -13.231 0.1428571492
88837  24.036  -8.484  -11.695 0.1428571492
90391  25.377  -7.151  -11.955 0.1428571492
91202  25.273  -5.539  -10.978 0.1428571492
119342  24.286  -6.105  -10.800 0.1428571492
91998  25.043  -4.808  -10.535 0.1428571492
91988  24.541  -4.476  -10.173 0.1428571492
93457  21.754  -2.355  -9.485 0.1428571492
94214  22.223  -1.514  -8.928 0.1428571492
128104  20.310  -1.460  -9.516 0.1428571492
94215  21.158  -1.553  -9.282 0.1428571492
119225  17.698  2.546  -6.591 0.1428571492
96434  16.187  1.961  -6.833 0.1428571492
97158  18.337  3.066  -6.039 0.1428571492
97154  17.073  2.755  -5.887 0.1428571492
97843  19.190  3.837  -5.944 0.1428571492
72718  17.275  -28.808  -12.323 0.2857142985
91997  25.564  -4.459  -11.199 0.2857142985
91989  23.445  -4.317  -10.040 0.1428571492
94977  20.607  -0.950  -9.011 0.1428571492
71811  16.473  -29.184  -11.912 0.2857142985
79443  21.005  -20.551  -13.426 0.2857142985
118745  21.722  -19.068  -13.430 0.2857142985
81115  21.638  -18.172  -13.423 0.2857142985
122984  24.135  -13.101  -13.302 0.1428571492
87279  24.833  -11.042  -13.254 0.1428571492
87269  24.329  -10.589  -12.751 0.1428571492
124663  24.664  -9.909  -12.748 0.1428571492
89603  23.307  -7.662  -11.393 0.1428571492
89602  24.446  -7.476  -11.520 0.1428571492
90378  23.844  -6.824  -11.071 0.1428571492
91203  23.313  -6.130  -10.787 0.1428571492
120941  24.621  -3.789  -9.820 0.1428571492
93458  20.477  -2.166  -9.854 0.1428571492
97159  16.882  2.284  -6.747 0.1428571492
119346  18.612  2.452  -6.873 0.1428571492
81116  20.763  -18.634  -13.297 0.2857142985
120567  18.739  -28.013  -12.627 0.2857142985
85828  24.652  -12.655  -13.425 0.1428571492
96433  16.811  1.778  -7.412 0.1428571492
79444  20.252  -20.168  -13.195 0.1428571492
93456  23.796  -2.538  -9.309 0.1428571492
81965  21.535  -17.391  -13.432 0.1428571492
91999  23.972  -5.267  -10.457 0.1428571492
90379  22.706  -6.832  -11.193 0.1428571492
72701  16.202  -28.361  -11.582 0.1428571492
72719  16.752  -28.406  -12.090 0.1428571492
118150  15.721  -28.301  -11.030 0.1428571492
73589  16.582  -27.820  -11.900 0.1428571492
83603  30.852  -16.064  -15.189 0.1428571492
82828  31.095  -16.757  -15.274 0.1428571492
118761  23.661  0.804  -16.648 0.1428571492
125519  16.559  -30.047  -11.916 0.1428571492
74361  17.012  -26.297  -12.113 0.1428571492
74360  17.911  -26.338  -12.496 0.1428571492
127278  18.605  -23.901  -12.596 0.1428571492
95794  24.645  -0.192  -16.621 0.1428571492
96514  23.528  1.614  -16.518 0.1428571492
76864  18.336  -23.181  -12.342 0.1428571492
95028  25.011  -1.047  -16.968 0.1428571492
84383  31.379  -15.206  -15.139 0.1428571492
75203  18.795  -25.191  -12.749 0.1428571492
132474  19.671  -21.320  -12.987 0.1428571492
73574  16.159  -27.451  -11.350 0.1428571492
75191  18.091  -25.396  -12.533 0.1428571492
70961  20.127  -30.410  -11.873 0.2857142985
75190  20.415  -25.602  -12.979 0.4285714328
77719  25.365  -21.972  -11.457 0.1428571492
79415  27.115  -20.445  -11.543 0.2857142985
79416  26.156  -20.794  -11.515 0.1428571492
79427  23.746  -20.361  -12.835 0.7142857313
81094  27.018  -18.416  -11.815 0.7142857313
81097  24.114  -18.579  -13.197 0.7142857313
81950  24.434  -17.216  -13.317 0.7142857313
82802  27.247  -16.152  -12.409 0.5714285970
82829  30.659  -16.895  -15.220 0.1428571492
83578  25.986  -15.131  -13.116 0.7142857313
84371  26.166  -13.744  -13.431 0.7142857313
85823  29.975  -12.492  -14.130 0.7142857313
85825  26.986  -12.298  -13.868 0.7142857313
85836  31.169  -12.288  -15.073 0.5714285970
86556  32.766  -10.903  -15.784 0.4285714328
87288  31.320  -10.813  -15.649 0.7142857313
87293  32.629  -10.463  -16.006 0.5714285970
88022  25.720  -10.261  -13.788 0.2857142985
88023  25.299  -10.007  -13.382 0.1428571492
88027  33.095  -10.118  -15.833 0.4285714328
88028  32.838  -9.508  -15.376 0.1428571492
88029  27.236  -9.589  -14.663 0.7142857313
88031  32.965  -10.005  -16.077 0.4285714328
88032  32.803  -10.102  -16.127 0.4285714328
88033  32.419  -9.821  -16.221 0.5714285970
88037  32.687  -9.619  -16.197 0.1428571492
88873  29.830  -8.277  -16.047 0.8571428657
88875  32.151  -8.975  -16.347 0.1428571492
89617  24.980  -8.086  -12.086 0.2857142985
89642  30.466  -7.621  -16.352 0.8571428657
90377  24.924  -6.556  -11.296 0.1428571492
90404  26.779  -7.017  -14.214 0.7142857313
90411  27.891  -5.943  -15.632 0.8571428657
90412  31.173  -6.069  -16.423 0.1428571492
90413  30.914  -6.422  -16.465 0.5714285970
90414  30.216  -5.951  -16.539 0.8571428657
91241  30.971  -5.360  -16.543 0.1428571492
91242  30.391  -5.184  -16.604 0.8571428657
92032  31.086  -4.996  -16.413 0.1428571492
92035  26.458  -3.971  -15.735 0.8571428657
92038  28.491  -4.132  -16.431 0.8571428657
92039  27.851  -4.099  -16.314 0.8571428657
92744  25.316  -4.141  -10.257 0.1428571492
92777  26.109  -3.315  -16.134 0.8571428657
92778  25.392  -2.898  -16.011 0.8571428657
92780  30.350  -3.963  -16.490 0.5714285970
92781  29.536  -3.849  -16.473 0.4285714328
93465  25.200  -2.498  -10.318 0.5714285970
93478  25.440  -2.927  -10.854 0.7142857313
93509  23.998  -1.976  -16.526 0.8571428657
93514  24.823  -2.296  -16.832 0.7142857313
94213  24.254  -0.948  -9.437 0.4285714328
94257  24.223  -1.730  -14.399 0.8571428657
94271  24.226  -1.967  -17.027 0.7142857313
94274  23.870  -1.277  -17.103 0.2857142985
94965  19.938  -0.283  -8.774 0.2857142985
94975  22.652  -0.699  -8.569 0.2857142985
95026  22.806  -0.242  -16.309 0.5714285970
95030  23.223  -0.874  -16.783 0.5714285970
95031  23.662  -0.602  -17.080 0.2857142985
95726  22.208  0.786  -8.108 0.5714285970
95729  19.609  0.486  -8.396 0.4285714328
95767  23.609  0.812  -13.260 0.8571428657
95795  23.936  0.013  -16.903 0.1428571492
96447  16.057  1.426  -7.510 0.1428571492
96458  20.098  1.049  -7.891 0.5714285970
96461  16.738  1.139  -8.092 0.1428571492
96479  23.886  2.004  -11.037 0.7142857313
97157  19.163  3.112  -6.505 0.4285714328
97170  23.231  2.058  -8.702 0.5714285970
97850  22.315  2.973  -7.926 0.5714285970
97858  22.773  3.768  -9.713 0.7142857313
97887  23.060  3.306  -11.981 0.5714285970
97906  21.955  3.057  -14.378 0.4285714328
98581  22.244  4.297  -9.205 0.5714285970
98617  21.219  4.395  -12.613 0.4285714328
99306  20.096  5.592  -7.559 0.2857142985
99338  21.029  5.390  -10.213 0.7142857313
99339  20.245  5.779  -10.375 0.2857142985
99374  19.028  6.600  -15.007 0.1428571492
100054  18.498  6.944  -6.156 0.1428571492
100126  21.241  6.774  -15.419 0.1428571492
100128  18.739  7.219  -15.030 0.2857142985
100129  18.386  7.575  -14.737 0.1428571492
100868  22.009  7.461  -12.349 0.1428571492
100871  17.887  7.685  -12.860 0.1428571492
100883  18.416  8.196  -14.361 0.1428571492
100884  17.884  8.042  -13.722 0.2857142985
100896  18.954  7.681  -15.016 0.1428571492
101504  16.691  8.736  -8.287 0.1428571492
101505  16.427  9.367  -8.197 0.1428571492
101516  17.419  8.725  -11.127 0.2857142985
101517  19.118  8.470  -12.830 0.1428571492
101519  17.772  8.140  -12.150 0.2857142985
101523  18.331  8.304  -13.618 0.1428571492
102143  21.119  9.882  -7.863 0.1428571492
102144  20.305  10.343  -8.280 0.1428571492
102154  16.194  9.558  -9.501 0.1428571492
102780  16.874  10.382  -7.623 0.1428571492
102792  16.387  11.170  -8.989 0.1428571492
102793  17.249  11.201  -9.432 0.1428571492
103462  18.278  12.007  -7.194 0.1428571492
103478  17.562  12.469  -7.764 0.1428571492
103480  16.710  11.783  -8.770 0.1428571492
103491  16.778  11.966  -9.120 0.1428571492
104207  19.541  13.505  -6.582 0.1428571492
104220  17.286  12.518  -8.491 0.1428571492
104231  17.979  13.206  -8.712 0.1428571492
105000  18.173  13.636  -8.409 0.1428571492
115642  23.681  -1.738  -16.077 0.8571428657
116106  18.745  8.885  -10.376 0.1428571492
117625  28.301  -6.648  -15.593 0.8571428657
118132  21.664  4.732  -9.106 0.5714285970
118436  16.898  10.366  -9.751 0.1428571492
119133  29.785  -14.777  -13.676 0.8571428657
119186  27.285  -3.193  -16.369 0.8571428657
119317  24.686  -0.896  -12.306 0.7142857313
119426  25.243  -11.374  -13.599 0.1428571492
119591  17.181  0.494  -8.651 0.1428571492
119905  16.203  10.510  -8.814 0.1428571492
123187  24.346  -19.882  -12.599 0.5714285970
124764  22.661  -22.926  -12.649 0.2857142985
125114  22.263  4.379  -11.080 0.4285714328
126985  16.816  11.514  -9.306 0.1428571492
128059  28.969  -4.580  -16.506 0.8571428657
129009  29.821  -17.860  -14.893 0.1428571492
130425  26.074  -2.182  -16.450 0.2857142985
131095  22.594  0.400  -15.896 0.5714285970
131908  27.918  -14.050  -12.722 0.5714285970
132616  25.709  -11.133  -13.931 0.4285714328
132851  23.150  2.716  -8.786 0.5714285970
133219  24.509  -22.131  -11.627 0.2857142985
133365  29.461  -3.005  -16.104 0.1428571492
133389  21.181  3.218  -7.295 0.4285714328
133473  29.433  -14.129  -13.310 0.8571428657
133770  31.570  -8.915  -16.336 0.7142857313
134570  18.028  7.050  -12.992 0.2857142985
134818  31.396  -6.389  -16.261 0.1428571492
135121  24.030  -10.129  -12.444 0.1428571492
135134  24.870  -10.322  -13.089 0.1428571492
135346  19.153  2.132  -7.191 0.1428571492
135376  22.379  1.970  -15.620 0.4285714328
135569  18.832  11.621  -6.815 0.1428571492
136299  29.438  -12.042  -14.005 0.5714285970
136471  23.591  -12.871  -13.037 0.1428571492
136730  24.831  -2.088  -17.194 0.7142857313
137063  18.550  3.647  -5.587 0.1428571492
137862  17.377  9.962  -7.161 0.1428571492
138176  16.594  11.740  -9.054 0.1428571492
