#!ascii label  , from subject sub-fsm40mn vox2ras=TkReg
1115
38201  -31.592  -22.697  -42.666 0.5000000000
38200  -31.063  -22.298  -42.999 0.4000000060
103042  -30.531  -21.893  -43.542 0.6000000238
38984  -30.941  -21.292  -43.117 0.6000000238
39760  -32.273  -21.196  -42.064 0.6000000238
38985  -31.753  -21.920  -42.490 0.5000000000
39745  -32.514  -20.421  -41.654 0.6000000238
38997  -29.934  -21.916  -44.156 0.6999999881
99716  -31.610  -21.060  -42.549 0.6999999881
39759  -31.846  -20.438  -42.271 0.6999999881
40645  -32.711  -19.575  -41.450 0.5000000000
40644  -32.041  -19.670  -42.068 0.6999999881
39746  -33.312  -20.261  -41.182 0.5000000000
33442  -23.512  -28.453  -45.752 0.5000000000
38998  -30.166  -21.170  -43.957 0.6999999881
39758  -31.145  -20.400  -42.831 0.6999999881
39769  -30.331  -20.215  -43.661 0.6999999881
103866  -31.445  -19.807  -42.540 0.6999999881
40654  -30.850  -19.531  -43.079 0.6999999881
38239  -26.645  -22.407  -45.504 0.6999999881
38229  -27.177  -21.781  -45.759 0.6999999881
114077  -29.586  -21.209  -44.665 0.6999999881
99861  -29.003  -20.788  -45.345 0.6999999881
32562  -23.955  -28.965  -44.922 0.6000000238
31632  -22.780  -30.313  -46.591 0.4000000060
104875  -32.229  -18.862  -41.951 0.6999999881
41652  -31.615  -18.178  -42.209 0.6999999881
41654  -32.868  -18.840  -41.225 0.6000000238
106951  -26.268  -22.612  -44.866 0.6999999881
37446  -26.060  -22.896  -45.605 0.6999999881
39013  -28.008  -21.761  -46.312 0.6999999881
38228  -26.449  -22.034  -44.642 0.6999999881
33433  -24.623  -28.494  -44.329 0.6000000238
39002  -27.815  -21.119  -45.934 0.6999999881
39001  -26.874  -21.196  -45.068 0.6999999881
31620  -23.609  -30.439  -45.099 0.5000000000
31626  -23.131  -30.250  -45.829 0.5000000000
40664  -30.231  -19.132  -43.818 0.6999999881
39768  -29.636  -20.440  -44.668 0.6999999881
30710  -22.899  -30.852  -45.930 0.4000000060
40655  -31.456  -18.933  -42.610 0.6999999881
40663  -29.627  -19.488  -44.577 0.6999999881
39777  -27.445  -20.444  -45.196 0.6999999881
29778  -22.992  -31.626  -45.434 0.4000000060
108785  -30.710  -18.621  -43.304 0.6999999881
40675  -28.808  -18.853  -44.958 0.6999999881
40674  -28.072  -19.668  -45.202 0.6999999881
41644  -32.873  -18.257  -40.684 0.6000000238
42702  -31.199  -17.522  -42.497 0.6999999881
43665  -33.165  -16.117  -39.448 0.5000000000
43666  -33.893  -16.737  -39.157 0.5000000000
43676  -35.788  -16.302  -40.469 0.4000000060
43668  -35.299  -16.574  -39.751 0.5000000000
38214  -26.463  -22.279  -43.499 0.6999999881
33430  -25.445  -28.510  -43.465 0.6000000238
39778  -28.312  -20.497  -45.619 0.6999999881
32554  -24.002  -29.872  -44.827 0.5000000000
38996  -26.339  -21.474  -43.933 0.6999999881
115413  -30.172  -18.391  -43.850 0.6999999881
41663  -31.112  -17.992  -42.983 0.6999999881
41676  -29.709  -17.847  -44.044 0.6999999881
43674  -31.536  -16.395  -40.483 0.6999999881
41653  -32.213  -18.244  -41.489 0.6999999881
43675  -32.380  -16.723  -39.929 0.6999999881
42688  -32.248  -17.748  -41.002 0.6999999881
106232  -26.593  -25.610  -42.714 0.6999999881
116776  -26.886  -25.295  -42.404 0.6999999881
35871  -26.656  -24.727  -42.912 0.8000000119
36651  -27.123  -24.155  -42.377 0.8000000119
34281  -26.075  -27.045  -43.004 0.6000000238
35085  -26.655  -26.600  -42.298 0.6000000238
37424  -27.009  -23.200  -42.737 0.8000000119
34277  -26.548  -27.615  -42.201 0.6000000238
118540  -26.748  -22.741  -43.166 0.6999999881
34280  -25.472  -27.446  -43.568 0.6000000238
34276  -26.093  -28.073  -42.818 0.6000000238
33429  -25.090  -29.254  -43.703 0.6000000238
32548  -25.523  -29.508  -43.005 0.6000000238
32555  -24.528  -29.690  -44.159 0.5000000000
32547  -25.036  -30.014  -43.309 0.6000000238
38982  -26.389  -21.774  -42.901 0.6999999881
39776  -26.507  -20.643  -44.270 0.6999999881
41662  -30.432  -17.863  -43.541 0.6999999881
109115  -29.628  -18.572  -44.381 0.6999999881
39767  -26.868  -19.810  -44.410 0.6999999881
43688  -31.238  -16.706  -41.360 0.8000000119
42687  -31.607  -17.491  -41.678 0.6999999881
40662  -27.403  -18.842  -44.501 0.6999999881
42713  -29.906  -17.374  -43.631 0.6999999881
44584  -34.096  -15.931  -39.308 0.5000000000
114751  -35.844  -15.622  -40.711 0.5000000000
44597  -35.430  -14.946  -40.596 0.5000000000
44611  -35.957  -15.200  -41.376 0.4000000060
35086  -27.105  -25.826  -41.892 0.6000000238
104155  -27.217  -25.007  -42.103 0.6999999881
36648  -27.579  -24.599  -41.489 0.8000000119
37421  -27.450  -23.616  -41.559 0.8000000119
118624  -27.290  -22.816  -42.100 0.8000000119
33427  -26.379  -28.364  -42.010 0.6000000238
38199  -26.882  -22.535  -42.732 0.8000000119
31610  -24.568  -30.515  -43.495 0.6000000238
103790  -25.928  -29.024  -42.344 0.6000000238
30689  -24.095  -30.715  -44.205 0.5000000000
109597  -26.125  -20.894  -43.225 0.6999999881
39757  -26.445  -21.188  -42.093 0.6999999881
29759  -23.110  -32.020  -44.358 0.5000000000
30688  -23.649  -31.653  -43.765 0.5000000000
39766  -26.233  -20.149  -43.581 0.6999999881
43673  -30.796  -16.061  -40.914 0.8000000119
42701  -30.591  -17.203  -43.096 0.6999999881
42712  -29.062  -17.258  -43.947 0.6999999881
41674  -28.134  -18.178  -44.514 0.6999999881
44585  -34.845  -15.835  -39.563 0.5000000000
35083  -27.697  -26.177  -41.061 0.6999999881
35870  -28.110  -25.737  -40.716 0.6999999881
35869  -27.660  -25.404  -41.330 0.6999999881
112616  -27.865  -24.226  -40.891 0.8000000119
35082  -27.283  -26.758  -41.419 0.6999999881
36649  -28.275  -25.034  -40.744 0.8000000119
37422  -27.887  -23.506  -40.642 0.8000000119
34278  -26.966  -27.339  -41.634 0.6000000238
102521  -27.380  -22.665  -41.013 0.8000000119
34273  -26.739  -28.033  -41.274 0.6000000238
38971  -27.221  -21.662  -41.266 0.6999999881
32540  -25.494  -29.742  -42.211 0.6000000238
30678  -24.108  -31.220  -43.140 0.6000000238
100089  -27.017  -20.845  -41.325 0.8000000119
29749  -23.146  -32.136  -43.474 0.4000000060
40653  -26.429  -19.282  -43.415 0.6999999881
39756  -26.179  -20.173  -42.532 0.6999999881
28882  -22.055  -32.893  -44.824 0.4000000060
41672  -26.755  -18.424  -43.713 0.6999999881
42686  -30.967  -16.892  -42.287 0.8000000119
41673  -27.346  -18.070  -44.106 0.6999999881
42711  -27.876  -17.453  -43.982 0.6999999881
43664  -32.009  -15.781  -39.782 0.8000000119
44583  -33.567  -15.312  -39.327 0.5000000000
45461  -35.440  -14.497  -41.595 0.5000000000
114379  -35.061  -15.156  -39.826 0.5000000000
45462  -35.969  -14.744  -42.231 0.4000000060
35078  -28.079  -26.274  -40.269 0.6000000238
36644  -29.010  -24.946  -40.077 0.6999999881
104661  -28.608  -24.269  -40.482 0.8000000119
34274  -27.200  -27.467  -40.873 0.6999999881
38185  -28.267  -22.686  -40.363 0.8000000119
32527  -26.120  -28.749  -41.252 0.6000000238
38184  -27.831  -21.978  -40.644 0.8000000119
38966  -27.606  -21.205  -40.563 0.8000000119
31604  -24.597  -30.679  -42.495 0.6000000238
31594  -24.920  -30.222  -41.764 0.6000000238
119582  -26.481  -20.572  -41.803 0.8999999762
40642  -26.466  -19.227  -42.291 0.8000000119
39744  -26.799  -20.003  -41.542 0.8000000119
30677  -23.477  -31.795  -42.913 0.5000000000
42684  -26.681  -17.539  -42.654 0.8000000119
29739  -22.768  -32.149  -42.881 0.4000000060
43700  -30.087  -16.507  -42.624 0.8000000119
41661  -26.854  -17.711  -43.489 0.6999999881
44596  -31.166  -15.787  -40.260 0.8000000119
42700  -29.523  -16.812  -43.310 0.8000000119
43699  -28.879  -16.328  -42.653 0.8000000119
44581  -31.263  -15.113  -39.864 0.8000000119
43686  -29.367  -16.000  -41.968 0.8000000119
45439  -33.313  -14.559  -39.416 0.6000000238
104565  -32.781  -15.183  -39.387 0.6000000238
45453  -34.848  -14.073  -40.810 0.5000000000
35072  -28.423  -26.195  -39.489 0.6000000238
36645  -29.152  -24.186  -40.062 0.6999999881
34265  -27.367  -27.482  -40.174 0.6000000238
37418  -28.961  -23.510  -40.277 0.6999999881
33413  -27.023  -28.004  -40.316 0.6000000238
35071  -27.720  -26.855  -39.776 0.6000000238
34257  -27.091  -27.613  -39.782 0.6000000238
38967  -28.537  -21.708  -40.150 0.8000000119
32526  -25.391  -29.549  -41.385 0.6000000238
114350  -26.504  -28.336  -40.604 0.6000000238
31593  -24.214  -30.798  -41.394 0.5000000000
40633  -27.361  -19.575  -40.953 0.8000000119
39737  -27.494  -20.375  -40.850 0.8000000119
40643  -26.852  -19.174  -41.487 0.8000000119
42685  -26.985  -16.845  -42.099 0.8000000119
41660  -26.424  -18.347  -42.996 0.6999999881
42699  -28.170  -16.732  -43.217 0.8000000119
44582  -32.038  -15.002  -39.556 0.6999999881
46321  -33.746  -13.971  -39.652 0.6000000238
46357  -35.416  -13.342  -43.427 0.3000000119
35860  -29.022  -25.564  -39.265 0.6000000238
36638  -29.248  -24.609  -39.409 0.6999999881
37419  -29.347  -23.634  -39.509 0.6999999881
34254  -24.663  -27.673  -39.590 0.5000000000
35062  -27.977  -26.441  -39.104 0.6000000238
38186  -29.162  -22.693  -39.937 0.6999999881
32515  -24.962  -29.467  -40.789 0.5000000000
33403  -26.563  -28.196  -40.013 0.5000000000
105528  -27.365  -26.881  -39.381 0.6000000238
38961  -29.471  -21.830  -39.444 0.6999999881
31585  -24.068  -30.486  -40.757 0.3000000119
32525  -24.607  -30.234  -40.965 0.5000000000
39731  -28.525  -19.873  -39.980 0.8000000119
106623  -28.018  -20.706  -40.113 0.8000000119
41642  -27.159  -18.563  -41.007 0.8999999762
40634  -27.872  -19.228  -40.453 0.8999999762
114771  -27.911  -19.963  -40.500 0.8000000119
30672  -23.295  -31.575  -42.512 0.4000000060
105626  -26.877  -17.590  -41.675 0.8999999762
41651  -26.667  -18.384  -42.003 0.8999999762
44595  -30.497  -15.370  -40.449 0.8000000119
44610  -29.912  -15.710  -41.207 0.8000000119
43698  -27.283  -16.612  -42.375 0.8000000119
42698  -27.075  -17.037  -43.039 0.8000000119
107243  -31.721  -14.535  -39.580 0.6999999881
103745  -34.265  -13.454  -41.538 0.6000000238
46341  -34.836  -13.906  -42.087 0.6000000238
35063  -28.562  -26.038  -38.920 0.6000000238
35855  -29.141  -24.950  -38.729 0.6000000238
36633  -29.322  -24.249  -38.630 0.6999999881
37408  -29.498  -23.527  -38.618 0.6999999881
38179  -29.587  -22.802  -39.089 0.8000000119
33401  -25.017  -28.408  -39.872 0.6000000238
34256  -26.310  -27.765  -39.614 0.5000000000
35070  -26.736  -27.119  -39.278 0.6000000238
101692  -29.793  -21.042  -39.228 0.8000000119
33410  -24.469  -29.088  -40.393 0.4000000060
38960  -29.075  -20.883  -39.853 0.6999999881
41643  -27.881  -18.307  -40.371 0.8000000119
117618  -27.106  -16.903  -41.435 0.8999999762
113082  -28.419  -18.956  -40.060 0.8000000119
44609  -28.744  -15.440  -41.442 0.8000000119
43684  -27.287  -16.157  -41.756 0.8000000119
44594  -29.496  -15.071  -40.744 0.8000000119
115682  -27.887  -16.300  -42.460 0.8000000119
45437  -30.950  -14.280  -39.714 0.8000000119
101421  -32.784  -13.834  -39.586 0.6999999881
46333  -33.142  -13.337  -40.191 0.6999999881
47264  -33.555  -12.306  -42.386 0.6000000238
47265  -33.994  -12.467  -42.866 0.6000000238
48176  -34.553  -11.655  -43.457 0.6000000238
35853  -27.943  -25.869  -38.575 0.6000000238
36626  -29.337  -23.851  -37.870 0.8000000119
35059  -25.050  -26.426  -38.765 0.5000000000
35061  -27.260  -26.534  -38.868 0.5000000000
118113  -29.947  -21.608  -38.973 0.8000000119
115384  -25.055  -27.207  -39.200 0.5000000000
104305  -29.991  -22.169  -38.582 0.8000000119
38954  -30.279  -21.325  -38.493 0.8000000119
39732  -29.416  -20.134  -39.407 0.8000000119
40623  -30.004  -19.427  -38.998 0.8000000119
40628  -29.049  -19.157  -39.582 0.8000000119
42676  -27.298  -17.543  -40.861 0.8000000119
41634  -28.624  -18.272  -39.846 0.8000000119
43672  -27.197  -16.300  -41.372 0.8000000119
118948  -27.159  -16.498  -41.856 0.8999999762
45436  -30.180  -14.717  -40.171 0.8000000119
107631  -31.919  -13.929  -39.522 0.6999999881
46319  -31.346  -13.398  -39.665 0.6999999881
47249  -33.542  -13.110  -41.181 0.6999999881
47237  -31.724  -12.720  -39.948 0.6999999881
46332  -32.428  -12.921  -40.195 0.6999999881
47248  -32.898  -12.645  -40.896 0.6999999881
47256  -33.333  -12.430  -41.700 0.6999999881
37400  -28.597  -23.551  -37.184 0.8000000119
36632  -28.960  -24.600  -38.059 0.6000000238
115801  -29.013  -23.953  -37.546 0.6000000238
37401  -29.327  -23.115  -37.248 0.8000000119
37396  -25.153  -23.193  -37.670 0.6000000238
37407  -24.952  -24.093  -37.941 0.5000000000
36631  -28.221  -24.992  -38.112 0.6000000238
108486  -29.679  -23.019  -38.157 0.8000000119
38953  -24.089  -21.821  -38.174 0.6000000238
38163  -24.841  -22.266  -37.585 0.6000000238
36622  -25.604  -24.689  -38.034 0.5000000000
35852  -26.781  -25.808  -38.491 0.5000000000
39718  -24.200  -20.033  -37.041 0.5000000000
101853  -24.371  -20.644  -37.297 0.5000000000
38946  -25.345  -21.769  -37.058 0.6000000238
38164  -25.635  -22.510  -37.158 0.6000000238
35851  -25.585  -25.541  -38.444 0.5000000000
103848  -26.318  -25.129  -38.218 0.5000000000
39725  -30.704  -20.598  -38.144 0.8000000119
115779  -30.208  -20.439  -38.833 0.8000000119
39703  -24.789  -20.293  -36.637 0.5000000000
35060  -26.201  -26.460  -38.796 0.5000000000
40616  -23.746  -19.572  -37.120 0.4000000060
35069  -25.802  -27.135  -39.187 0.5000000000
40624  -30.679  -19.373  -38.397 0.6999999881
42668  -28.809  -17.632  -39.552 0.8000000119
41635  -29.446  -18.354  -39.237 0.8000000119
42666  -27.279  -16.641  -40.775 0.8000000119
42667  -28.003  -17.345  -40.159 0.8000000119
43663  -28.523  -16.852  -39.505 0.8000000119
45451  -29.303  -14.327  -40.325 0.8999999762
44593  -28.208  -14.800  -40.918 0.8999999762
45460  -27.329  -15.113  -40.700 0.8000000119
44608  -27.561  -15.495  -41.372 1.0000000000
44607  -27.210  -15.734  -40.970 0.8000000119
38154  -29.886  -22.307  -36.999 0.8000000119
38150  -25.975  -22.029  -36.721 0.6000000238
37399  -27.749  -23.734  -37.310 0.6000000238
36625  -28.480  -24.277  -37.606 0.6000000238
38173  -29.973  -22.474  -37.701 0.8000000119
38933  -30.341  -21.683  -36.924 0.8000000119
38928  -25.099  -21.020  -36.880 0.5000000000
38151  -26.440  -22.547  -36.788 0.6000000238
38166  -30.246  -21.979  -37.397 0.8000000119
38947  -30.556  -21.338  -37.611 0.8000000119
37383  -27.056  -23.136  -37.069 0.6000000238
36624  -27.545  -24.469  -37.695 0.6000000238
40598  -24.329  -19.499  -36.480 0.4000000060
40599  -25.159  -19.863  -36.031 0.4000000060
39704  -25.535  -20.623  -36.279 0.4000000060
39705  -26.318  -20.973  -35.950 0.4000000060
114923  -30.618  -19.962  -38.473 0.6999999881
39686  -25.946  -20.187  -35.700 0.4000000060
38930  -26.689  -21.823  -36.267 0.4000000060
41629  -30.390  -18.605  -38.587 0.6999999881
40579  -26.383  -19.644  -35.241 0.4000000060
40580  -27.199  -19.869  -35.015 0.5000000000
118774  -29.888  -18.035  -38.892 0.6999999881
40568  -25.986  -18.932  -34.955 0.3000000119
40569  -26.782  -19.136  -34.736 0.5000000000
39687  -26.758  -20.443  -35.451 0.5000000000
43662  -27.571  -16.391  -40.001 0.8000000119
43658  -30.093  -16.918  -38.523 0.8000000119
116037  -29.434  -17.431  -39.022 0.8000000119
44592  -27.241  -15.274  -40.293 0.8000000119
43661  -27.239  -15.811  -40.481 0.8000000119
44580  -27.346  -15.677  -39.843 0.8000000119
110219  -28.332  -14.136  -40.508 1.0000000000
109072  -27.235  -15.267  -39.839 0.8000000119
45435  -30.119  -14.153  -39.905 0.8000000119
46318  -30.482  -13.544  -39.764 0.8999999762
108211  -32.198  -12.055  -40.551 0.6999999881
47255  -32.775  -11.793  -41.490 0.6999999881
48159  -33.201  -11.944  -42.204 0.6999999881
48167  -33.858  -11.758  -43.277 0.6000000238
49109  -33.340  -10.996  -43.063 0.6999999881
114652  -32.329  -11.049  -41.897 0.6999999881
49116  -34.966  -10.764  -43.547 0.6000000238
49110  -34.081  -10.935  -43.447 0.6000000238
38153  -29.347  -22.447  -36.598 0.8000000119
38932  -29.842  -21.847  -36.495 0.8000000119
103040  -28.109  -22.580  -36.397 0.8000000119
38152  -28.725  -22.281  -36.206 0.8000000119
37385  -28.711  -22.912  -36.691 0.8000000119
38929  -25.832  -21.381  -36.515 0.5000000000
108289  -30.724  -21.112  -36.969 0.6999999881
38913  -27.173  -21.217  -35.678 0.5000000000
38138  -27.817  -21.944  -35.954 0.6999999881
39719  -30.951  -20.562  -37.428 0.6999999881
40618  -31.251  -19.025  -37.428 0.6999999881
40578  -25.576  -19.408  -35.473 0.3000000119
40617  -31.064  -19.811  -37.892 0.6999999881
40625  -31.078  -18.919  -38.043 0.6999999881
41630  -31.207  -18.185  -38.092 0.6999999881
40570  -27.641  -19.299  -34.591 0.5000000000
42659  -31.018  -17.410  -37.990 0.6999999881
41584  -26.361  -18.460  -34.436 0.4000000060
41585  -27.200  -18.590  -34.296 0.4000000060
116012  -30.329  -17.767  -38.542 0.6999999881
43656  -28.102  -15.984  -39.285 0.8000000119
45432  -28.299  -14.837  -38.235 0.6999999881
45449  -27.099  -14.647  -40.231 0.8000000119
46331  -28.923  -13.465  -40.210 0.8999999762
46317  -29.738  -13.715  -39.942 0.8999999762
46330  -27.802  -13.624  -40.424 0.8000000119
46329  -27.109  -13.913  -40.208 0.8000000119
45448  -26.853  -14.167  -39.701 0.8000000119
47235  -29.907  -13.005  -39.913 0.8999999762
47236  -30.848  -12.793  -39.849 0.8999999762
47247  -31.284  -12.059  -40.196 0.8000000119
48177  -35.464  -11.550  -43.495 0.4000000060
48154  -32.169  -11.362  -41.121 0.6999999881
48165  -32.916  -11.379  -42.434 0.6999999881
109617  -34.577  -9.063  -43.536 0.5000000000
38931  -29.317  -21.941  -36.170 0.6999999881
38914  -28.774  -21.540  -35.715 0.6999999881
39691  -30.546  -20.363  -35.967 0.6999999881
39689  -28.448  -20.778  -35.246 0.6000000238
38915  -29.658  -21.415  -35.931 0.6999999881
39707  -31.215  -19.831  -37.092 0.6999999881
41625  -31.799  -18.318  -37.166 0.6999999881
41631  -31.516  -18.429  -37.681 0.6999999881
41572  -27.603  -18.055  -33.877 0.4000000060
42613  -27.199  -17.444  -33.478 0.3000000119
41586  -28.156  -18.672  -34.181 0.5000000000
106278  -28.167  -15.353  -38.673 0.6999999881
44576  -29.700  -16.126  -38.317 0.6999999881
119026  -28.222  -18.122  -33.862 0.4000000060
102568  -28.822  -15.891  -38.592 0.6999999881
45434  -27.101  -14.782  -39.726 0.8000000119
45430  -27.179  -14.627  -39.264 0.8000000119
119357  -26.939  -14.246  -39.286 0.8000000119
47245  -28.248  -12.911  -40.324 0.8000000119
47246  -30.312  -12.190  -40.150 0.8000000119
102866  -29.158  -12.384  -40.241 0.8000000119
48152  -30.793  -11.408  -40.308 0.8000000119
49099  -31.764  -10.745  -41.289 0.8000000119
50052  -33.751  -10.135  -43.322 0.6999999881
50058  -34.467  -10.047  -43.511 0.6000000238
49108  -32.708  -10.589  -42.491 0.6999999881
49095  -31.469  -9.950  -41.327 0.6999999881
40572  -29.419  -19.508  -34.638 0.6000000238
40581  -29.863  -20.092  -35.287 0.6000000238
40582  -30.669  -19.613  -35.574 0.6999999881
39706  -30.894  -20.509  -36.676 0.6999999881
39681  -28.066  -20.078  -34.856 0.5000000000
40583  -31.255  -19.072  -35.792 0.6999999881
40600  -31.055  -19.760  -36.300 0.6999999881
40601  -31.314  -19.033  -36.666 0.6999999881
39682  -28.950  -20.196  -34.883 0.6000000238
40571  -28.548  -19.468  -34.545 0.5000000000
41587  -29.776  -18.821  -34.282 0.6000000238
41573  -28.972  -18.222  -33.890 0.5000000000
101214  -29.003  -18.979  -34.238 0.6000000238
42649  -31.809  -17.553  -36.713 0.6999999881
43651  -30.651  -16.538  -37.850 0.6999999881
43652  -31.505  -17.031  -37.325 0.6999999881
44565  -30.210  -15.667  -37.695 0.6999999881
43616  -28.589  -16.808  -33.015 0.3000000119
44575  -29.086  -15.331  -38.050 0.6999999881
45418  -27.335  -14.234  -38.614 0.8000000119
45431  -27.644  -14.774  -38.694 0.6999999881
46316  -26.698  -13.438  -39.625 0.8000000119
46311  -26.841  -13.784  -38.780 0.8000000119
47244  -27.289  -12.946  -40.179 0.8000000119
45429  -26.586  -13.684  -39.093 0.8000000119
48151  -29.834  -11.534  -40.299 0.8000000119
48144  -26.428  -11.652  -39.876 0.8000000119
47233  -26.354  -12.620  -39.546 0.8000000119
48143  -25.453  -12.083  -39.102 0.8000000119
49083  -25.579  -11.146  -39.346 0.8000000119
119659  -34.116  -9.595  -43.416 0.6000000238
50051  -33.171  -9.901  -42.890 0.6999999881
105468  -32.126  -10.250  -41.892 0.6000000238
50042  -31.381  -9.024  -41.259 0.6999999881
50043  -31.990  -9.211  -41.698 0.6000000238
50050  -32.595  -9.554  -42.341 0.6000000238
40573  -30.267  -19.316  -34.859 0.6000000238
41613  -31.601  -18.307  -36.235 0.6999999881
41588  -30.622  -18.612  -34.594 0.6000000238
42636  -31.653  -17.539  -35.681 0.6999999881
42615  -29.233  -17.329  -33.551 0.4000000060
42626  -30.911  -17.153  -34.129 0.5000000000
42627  -31.517  -17.490  -34.851 0.6999999881
42616  -30.051  -17.081  -33.666 0.5000000000
43642  -31.860  -16.010  -35.975 0.6999999881
43641  -31.604  -16.531  -36.537 0.6999999881
43607  -28.843  -16.181  -32.629 0.3000000119
43617  -29.527  -16.504  -33.162 0.4000000060
44553  -31.454  -15.607  -36.579 0.6999999881
45382  -29.487  -14.925  -32.275 0.3000000119
45421  -30.814  -15.147  -37.180 0.6999999881
45420  -29.834  -14.763  -37.532 0.6999999881
45406  -30.571  -14.207  -37.087 0.6999999881
46302  -28.164  -13.795  -37.536 0.6999999881
105195  -28.779  -14.488  -37.736 0.6999999881
46290  -29.374  -12.925  -36.699 0.6999999881
106240  -26.230  -13.154  -39.030 0.8000000119
45419  -27.919  -14.283  -38.130 0.6999999881
117877  -29.351  -12.411  -36.509 0.6999999881
110055  -28.063  -12.163  -40.403 0.8000000119
46310  -26.313  -13.079  -38.628 0.8000000119
47224  -26.632  -13.125  -38.174 0.8000000119
47214  -28.359  -13.167  -36.977 0.8000000119
48113  -29.277  -11.907  -36.284 0.6999999881
47232  -25.741  -12.653  -38.703 0.8000000119
48122  -25.472  -11.942  -37.766 0.8000000119
48123  -26.615  -11.982  -37.279 0.8000000119
48150  -28.839  -11.477  -40.353 0.8000000119
48134  -25.141  -12.083  -38.323 0.8000000119
48110  -26.176  -11.329  -37.138 0.8000000119
49084  -26.804  -10.743  -39.769 0.8000000119
48133  -24.909  -11.532  -38.622 0.8000000119
48121  -24.649  -11.162  -38.010 0.8000000119
49052  -25.669  -10.400  -36.722 0.8000000119
49093  -29.586  -10.825  -40.225 0.8000000119
49076  -24.739  -10.631  -38.695 0.8000000119
108605  -30.331  -10.902  -40.334 0.8000000119
50991  -34.859  -8.091  -43.695 0.5000000000
101638  -32.948  -8.695  -42.803 0.6000000238
49094  -30.274  -10.176  -40.285 0.8000000119
50057  -33.700  -9.062  -43.218 0.6000000238
50982  -33.313  -7.755  -43.107 0.6000000238
50974  -32.279  -8.306  -42.275 0.6000000238
41598  -30.935  -19.052  -35.132 0.6999999881
41574  -30.089  -17.899  -34.040 0.6000000238
114386  -31.908  -17.002  -35.100 0.6999999881
43625  -31.747  -16.740  -34.522 0.6999999881
44532  -30.217  -15.333  -32.736 0.4000000060
43618  -30.507  -16.501  -33.491 0.5000000000
115377  -31.847  -16.712  -35.695 0.6999999881
45383  -30.371  -14.547  -32.317 0.3000000119
44536  -30.860  -15.811  -33.232 0.5000000000
44546  -32.221  -15.179  -35.170 0.6999999881
45369  -28.751  -14.478  -31.772 0.3000000119
46248  -29.673  -13.179  -31.406 0.3000000119
116223  -31.670  -14.410  -36.079 0.6999999881
46292  -31.322  -13.070  -36.232 0.6999999881
47213  -27.408  -13.147  -37.534 0.8000000119
46291  -30.456  -13.221  -36.686 0.6999999881
47201  -28.652  -12.460  -36.616 0.6999999881
47223  -25.831  -12.544  -38.225 0.8000000119
47200  -27.584  -12.404  -37.004 0.6999999881
48112  -28.201  -11.798  -36.405 0.8000000119
47234  -27.147  -12.100  -40.200 0.8000000119
99358  -27.803  -11.071  -36.206 0.8000000119
48145  -27.694  -11.295  -40.235 0.8000000119
107795  -26.855  -10.910  -36.591 0.8000000119
49085  -28.702  -10.668  -40.011 0.8000000119
49066  -24.582  -10.226  -37.461 0.8000000119
49086  -29.447  -9.895  -39.795 0.8000000119
50017  -24.669  -9.619  -38.608 0.8000000119
49996  -25.752  -9.424  -36.203 0.8000000119
50036  -30.805  -9.454  -40.767 0.8000000119
109472  -30.943  -17.922  -34.521 0.6000000238
44531  -29.448  -15.718  -32.677 0.3000000119
44535  -30.088  -15.955  -33.086 0.5000000000
44542  -32.130  -16.078  -34.116 0.6999999881
44543  -32.280  -15.603  -34.646 0.6999999881
44537  -31.639  -15.573  -33.502 0.6000000238
44538  -32.170  -15.161  -33.936 0.6999999881
45370  -29.622  -14.095  -31.818 0.3000000119
46260  -30.483  -13.728  -31.857 0.3000000119
45396  -32.253  -14.267  -33.730 0.6999999881
114112  -28.888  -12.986  -31.157 0.3000000119
48070  -30.706  -11.691  -31.387 0.3000000119
45403  -32.076  -14.469  -35.435 0.6999999881
109347  -28.545  -10.149  -31.164 0.3000000119
49011  -29.302  -10.673  -31.015 0.3000000119
109945  -30.370  -10.856  -31.241 0.3000000119
49958  -28.272  -9.359  -31.293 0.3000000119
47203  -30.877  -12.504  -36.312 0.6999999881
49054  -28.818  -11.241  -35.899 0.8000000119
109934  -27.079  -10.184  -36.140 0.8000000119
113200  -27.872  -10.512  -39.772 0.8000000119
107010  -27.382  -9.978  -39.410 0.8000000119
50024  -25.851  -10.066  -39.290 0.8000000119
111981  -24.253  -9.009  -38.071 0.8000000119
50008  -24.350  -9.172  -37.539 0.8000000119
49051  -24.806  -9.348  -36.698 0.8000000119
50018  -25.707  -9.068  -38.861 0.8000000119
50035  -30.072  -9.283  -40.237 0.8000000119
105429  -30.401  -8.597  -40.609 0.6999999881
50969  -30.831  -8.305  -41.121 0.6000000238
45384  -31.916  -14.016  -33.039 0.6000000238
46249  -30.517  -13.006  -31.594 0.4000000060
46262  -31.762  -13.405  -32.603 0.6000000238
45399  -32.308  -14.569  -34.603 0.6999999881
47171  -31.668  -12.647  -32.134 0.4000000060
115864  -32.335  -13.057  -34.463 0.6999999881
46287  -32.212  -13.618  -35.019 0.6999999881
45402  -31.737  -13.757  -35.835 0.6999999881
117361  -30.605  -9.509  -31.143 0.3000000119
48082  -32.074  -11.977  -32.425 0.4000000060
106827  -32.393  -12.895  -33.789 0.6000000238
47198  -32.031  -12.718  -35.035 0.6999999881
47197  -31.426  -12.327  -35.702 0.6999999881
48107  -30.659  -11.783  -35.972 0.6999999881
107264  -30.576  -10.949  -35.539 0.6999999881
48111  -27.264  -11.604  -36.742 0.8000000119
49053  -28.406  -10.444  -35.864 0.8000000119
49997  -26.977  -9.123  -35.978 0.8000000119
50016  -24.199  -10.009  -38.107 0.8000000119
111702  -25.097  -8.705  -36.276 0.8000000119
50027  -28.831  -9.072  -39.582 0.8000000119
50025  -26.849  -9.353  -39.138 0.8000000119
114020  -24.723  -8.814  -38.417 0.8000000119
50943  -24.321  -8.257  -37.587 0.8000000119
50973  -31.448  -7.946  -41.742 0.6000000238
50967  -29.870  -8.215  -40.271 0.6999999881
50968  -30.193  -7.472  -40.894 0.6999999881
45395  -31.756  -14.708  -33.211 0.6000000238
46277  -32.229  -13.494  -33.378 0.6000000238
48071  -31.525  -11.859  -31.784 0.3000000119
46283  -32.397  -13.645  -34.164 0.6000000238
111217  -31.277  -11.065  -31.594 0.3000000119
47172  -32.148  -12.749  -32.924 0.5000000000
111103  -32.020  -11.207  -32.038 0.3000000119
47195  -32.233  -12.343  -34.349 0.6999999881
50872  -28.992  -7.960  -31.316 0.3000000119
49041  -32.464  -10.512  -33.346 0.4000000060
47194  -31.853  -11.880  -34.948 0.6999999881
48103  -31.897  -11.006  -34.780 0.6000000238
49049  -31.297  -10.404  -35.098 0.6000000238
109473  -29.609  -10.512  -35.662 0.8000000119
49048  -30.511  -10.183  -35.417 0.6999999881
49994  -30.935  -9.511  -35.224 0.6000000238
49991  -27.999  -9.686  -35.851 0.8000000119
49992  -28.994  -9.645  -35.736 0.6999999881
49993  -30.023  -9.532  -35.515 0.6999999881
106977  -28.272  -8.930  -35.739 0.6999999881
50917  -29.377  -8.746  -35.588 0.6999999881
118662  -25.883  -8.911  -36.080 0.8000000119
104866  -28.499  -7.907  -35.741 0.6999999881
108481  -28.454  -9.924  -39.529 0.8000000119
50026  -27.867  -9.180  -39.297 0.8000000119
50928  -24.488  -8.419  -36.948 0.8000000119
50930  -26.064  -8.176  -35.998 0.8000000119
50961  -26.961  -8.388  -38.908 0.8000000119
50951  -24.515  -8.093  -38.016 0.8000000119
50929  -24.841  -7.751  -36.683 0.8000000119
50952  -25.514  -8.078  -38.488 0.8000000119
51855  -24.520  -7.522  -37.693 0.8000000119
50034  -29.495  -8.963  -39.918 0.8000000119
50963  -29.212  -8.012  -39.799 0.6999999881
50980  -31.689  -6.980  -42.386 0.6000000238
51907  -31.986  -6.245  -42.592 0.6000000238
51882  -29.713  -6.836  -40.388 0.6999999881
47188  -32.283  -11.990  -33.470 0.5000000000
49013  -31.058  -10.175  -31.440 0.3000000119
49025  -32.359  -10.389  -32.446 0.4000000060
48098  -32.396  -11.154  -33.716 0.5000000000
48104  -32.220  -11.495  -34.293 0.6000000238
101525  -31.402  -9.316  -31.372 0.3000000119
49046  -32.288  -10.609  -34.116 0.5000000000
100748  -30.740  -7.886  -31.001 0.3000000119
50889  -32.303  -8.995  -31.780 0.3000000119
49045  -31.899  -10.297  -34.555 0.6000000238
51772  -28.901  -7.127  -31.250 0.3000000119
50890  -32.751  -8.682  -32.343 0.3000000119
52746  -29.688  -6.625  -31.120 0.3000000119
52745  -28.888  -6.439  -31.285 0.3000000119
51828  -25.755  -6.949  -36.474 0.8000000119
51829  -27.113  -7.428  -35.896 0.6999999881
51843  -24.873  -6.680  -37.368 0.8000000119
51857  -26.287  -7.185  -38.795 0.6999999881
51856  -25.002  -6.933  -38.185 0.8000000119
52807  -24.837  -6.646  -37.710 0.6000000238
52872  -33.065  -5.708  -42.631 0.6000000238
50962  -28.239  -8.048  -39.357 0.6999999881
51893  -29.958  -6.155  -41.370 0.6999999881
51894  -30.439  -5.949  -42.033 0.6999999881
104119  -30.232  -6.587  -38.880 0.5000000000
102770  -32.169  -9.919  -34.164 0.6000000238
49988  -31.713  -9.554  -34.639 0.6000000238
49989  -32.332  -9.282  -33.887 0.6000000238
50918  -31.374  -8.847  -34.996 0.6000000238
112519  -30.543  -8.583  -35.378 0.6999999881
51812  -31.430  -7.952  -34.930 0.6999999881
100637  -29.717  -7.812  -35.577 0.6999999881
105582  -26.822  -5.140  -31.520 0.3000000119
52818  -25.286  -5.654  -38.078 0.6999999881
52797  -26.825  -6.266  -36.198 0.6999999881
51809  -27.980  -6.928  -35.865 0.6000000238
50953  -27.408  -7.427  -39.139 0.6999999881
113690  -25.955  -6.207  -38.508 0.6999999881
51870  -28.019  -7.000  -39.393 0.6999999881
51906  -31.065  -5.982  -42.416 0.6000000238
52871  -32.361  -5.870  -42.587 0.5000000000
119135  -29.529  -6.629  -40.032 0.6999999881
52845  -29.735  -6.095  -40.906 0.6999999881
50899  -32.525  -8.506  -33.504 0.4000000060
50908  -31.979  -8.649  -34.355 0.6000000238
51800  -32.192  -7.772  -33.964 0.5000000000
101430  -26.908  -4.332  -31.555 0.3000000119
54507  -27.596  -4.811  -31.467 0.3000000119
119725  -30.574  -7.683  -35.335 0.6999999881
51810  -28.982  -6.990  -35.768 0.6000000238
52782  -30.022  -6.852  -35.396 0.6000000238
52808  -25.266  -5.525  -37.898 0.6000000238
52780  -28.051  -5.925  -36.090 0.6000000238
52796  -25.797  -5.585  -37.245 0.6000000238
51858  -27.125  -6.368  -39.026 0.6999999881
52819  -26.167  -5.113  -38.542 0.6000000238
51871  -28.939  -6.976  -39.595 0.6999999881
52857  -30.187  -5.822  -41.646 0.6999999881
52858  -30.834  -5.631  -42.052 0.6000000238
52860  -32.846  -5.614  -42.170 0.5000000000
52859  -31.889  -5.536  -42.069 0.6000000238
52848  -32.656  -5.960  -41.434 0.5000000000
52846  -30.311  -5.679  -41.268 0.5000000000
52835  -31.121  -6.079  -40.218 0.5000000000
51883  -32.198  -6.465  -40.344 0.5000000000
52834  -30.186  -6.324  -40.011 0.5000000000
51872  -31.179  -6.784  -38.801 0.5000000000
51793  -32.621  -7.697  -33.024 0.4000000060
52758  -32.706  -6.795  -32.262 0.4000000060
52748  -31.693  -6.257  -31.227 0.4000000060
51799  -31.619  -7.046  -34.413 0.6000000238
100398  -27.713  -3.894  -31.475 0.3000000119
54508  -28.429  -4.537  -31.399 0.3000000119
54509  -29.366  -4.388  -31.325 0.3000000119
56160  -28.106  -2.926  -31.417 0.3000000119
53731  -25.953  -4.205  -37.568 0.6000000238
53732  -26.697  -4.995  -36.673 0.6000000238
114844  -25.496  -4.532  -37.970 0.6000000238
53747  -25.527  -4.537  -38.076 0.6000000238
53748  -25.837  -4.032  -38.254 0.6000000238
52832  -28.971  -6.529  -39.514 0.6999999881
52833  -29.551  -6.573  -39.726 0.5000000000
52749  -32.468  -6.480  -31.648 0.4000000060
52765  -32.343  -6.762  -33.365 0.4000000060
103008  -32.673  -6.018  -31.879 0.4000000060
53697  -32.354  -5.523  -32.005 0.4000000060
51811  -30.935  -7.166  -35.053 0.5000000000
101034  -28.760  -3.695  -31.367 0.3000000119
102637  -29.175  -2.863  -31.379 0.3000000119
51798  -30.897  -6.272  -34.857 0.4000000060
101015  -30.357  -4.269  -31.344 0.4000000060
52781  -29.136  -6.190  -35.692 0.5000000000
53721  -27.534  -4.524  -36.376 0.5000000000
119397  -26.626  -3.969  -37.029 0.6000000238
53722  -28.670  -5.211  -35.860 0.5000000000
54557  -26.099  -3.675  -38.123 0.6000000238
52821  -28.591  -5.868  -39.108 0.6000000238
53749  -26.857  -4.358  -38.470 0.6000000238
52822  -29.676  -6.282  -38.646 0.5000000000
52823  -30.913  -6.450  -38.166 0.5000000000
53702  -32.567  -5.958  -32.465 0.4000000060
103907  -32.089  -5.807  -33.437 0.4000000060
52769  -31.734  -6.297  -34.121 0.4000000060
103373  -31.344  -5.610  -34.230 0.4000000060
105420  -28.649  -2.093  -31.456 0.3000000119
53723  -29.782  -5.653  -35.307 0.4000000060
56945  -28.172  -1.339  -31.557 0.3000000119
100847  -29.150  -4.689  -35.589 0.4000000060
54545  -29.112  -3.800  -35.700 0.4000000060
54550  -26.393  -3.623  -37.743 0.6000000238
114981  -28.211  -3.912  -36.256 0.5000000000
54551  -27.179  -3.489  -37.372 0.5000000000
54544  -27.132  -3.497  -36.998 0.5000000000
53750  -28.085  -5.117  -38.687 0.6000000238
53739  -28.111  -4.395  -38.141 0.6000000238
54558  -26.991  -3.585  -37.778 0.6000000238
52810  -30.164  -5.942  -37.867 0.5000000000
51844  -31.973  -6.968  -38.040 0.5000000000
52809  -29.093  -5.499  -38.306 0.5000000000
99607  -27.738  0.617  -31.779 0.3000000119
118565  -28.776  0.004  -31.559 0.4000000060
58673  -29.358  0.426  -31.564 0.4000000060
107948  -28.222  -3.560  -37.571 0.5000000000
59553  -27.822  1.346  -31.824 0.4000000060
55370  -28.512  -2.790  -37.183 0.5000000000
55362  -28.263  -2.750  -37.034 0.5000000000
53740  -29.431  -4.777  -37.769 0.5000000000
52812  -32.536  -6.883  -37.559 0.5000000000
104212  -31.112  -6.062  -37.699 0.5000000000
52811  -31.864  -6.456  -37.698 0.6000000238
107061  -29.188  1.139  -31.597 0.4000000060
57748  -30.643  -0.630  -31.709 0.4000000060
118389  -30.030  -4.466  -37.581 0.5000000000
53741  -30.705  -5.193  -37.545 0.5000000000
54560  -30.506  -3.912  -37.469 0.5000000000
52798  -32.645  -6.103  -37.146 0.4000000060
53742  -31.825  -5.596  -37.405 0.5000000000
58694  -30.970  0.874  -31.909 0.4000000060
60427  -28.798  2.467  -31.753 0.4000000060
54559  -29.334  -3.626  -37.541 0.5000000000
56208  -28.911  -2.325  -37.016 0.4000000060
54561  -31.619  -4.615  -37.270 0.4000000060
53733  -32.420  -5.053  -37.039 0.3000000119
55371  -29.510  -2.789  -37.376 0.4000000060
110415  -32.717  -4.520  -36.632 0.4000000060
117892  -32.187  -4.291  -36.984 0.4000000060
116215  -31.520  -3.711  -37.213 0.4000000060
53710  -33.863  -5.301  -35.236 0.4000000060
114655  -32.929  -4.053  -36.309 0.4000000060
55363  -31.598  -2.883  -37.263 0.4000000060
110403  -33.289  -3.994  -35.750 0.4000000060
54553  -33.304  -4.787  -36.001 0.4000000060
54546  -33.594  -4.557  -35.315 0.4000000060
54536  -33.977  -4.755  -34.635 0.4000000060
55364  -32.365  -2.825  -36.842 0.4000000060
118444  -32.339  -3.657  -36.794 0.3000000119
55365  -32.936  -3.415  -36.282 0.4000000060
56210  -31.762  -2.142  -37.370 0.4000000060
55358  -33.360  -3.273  -35.532 0.4000000060
55357  -33.066  -2.705  -36.243 0.4000000060
36658  -26.583  -23.721  -43.381 0.6999999881
38983  -27.029  -22.135  -42.060 0.8000000119
35077  -27.570  -26.861  -40.575 0.6000000238
35865  -28.646  -25.702  -40.120 0.6000000238
35850  -24.733  -25.521  -38.667 0.5000000000
38174  -30.302  -21.901  -37.966 0.8000000119
37384  -27.932  -23.109  -36.831 0.6000000238
38916  -30.341  -21.151  -36.363 0.6999999881
44574  -27.456  -15.267  -39.332 0.6999999881
49067  -25.092  -11.078  -37.491 0.8000000119
43626  -32.113  -16.358  -34.855 0.6999999881
118639  -29.993  -11.827  -36.175 0.6999999881
48106  -29.828  -11.361  -35.866 0.6999999881
48108  -31.330  -11.384  -35.370 0.6999999881
104098  -31.261  -14.131  -32.467 0.6000000238
48083  -32.337  -11.231  -32.874 0.5000000000
116613  -32.753  -8.407  -32.860 0.4000000060
38216  -29.699  -22.648  -44.311 0.6999999881
40646  -33.487  -19.449  -40.959 0.5000000000
33443  -23.999  -27.964  -45.223 0.5000000000
38215  -26.453  -22.813  -43.801 0.6999999881
39779  -28.990  -19.892  -45.311 0.6999999881
41675  -28.921  -17.936  -44.486 0.6999999881
42678  -32.737  -17.542  -40.233 0.6999999881
43667  -34.639  -16.715  -39.265 0.5000000000
42669  -33.358  -17.152  -39.412 0.6000000238
45440  -34.300  -14.868  -39.513 0.5000000000
42677  -31.901  -17.140  -40.766 0.6999999881
43687  -30.440  -16.310  -41.736 0.8000000119
30673  -23.868  -31.260  -42.309 0.5000000000
45452  -34.449  -14.118  -39.910 0.5000000000
33412  -25.986  -28.574  -40.421 0.6000000238
45438  -32.448  -14.466  -39.459 0.6999999881
43685  -28.167  -15.858  -42.050 0.8000000119
46334  -34.042  -13.629  -40.431 0.6000000238
47273  -34.987  -12.406  -43.408 0.4000000060
33400  -24.106  -28.227  -40.065 0.3000000119
33411  -25.311  -28.796  -40.330 0.5000000000
111686  -24.370  -29.932  -40.681 0.5000000000
32514  -23.890  -29.822  -40.586 0.4000000060
35854  -28.702  -25.395  -38.616 0.6000000238
34255  -25.460  -27.794  -39.526 0.5000000000
48166  -33.440  -11.829  -42.835 0.6000000238
37397  -25.804  -23.945  -37.641 0.6000000238
38165  -26.129  -23.178  -37.289 0.6000000238
36629  -24.837  -24.814  -38.384 0.5000000000
36630  -27.243  -25.147  -38.165 0.5000000000
38945  -24.603  -21.426  -37.485 0.6000000238
36623  -26.540  -24.548  -37.842 0.6000000238
37398  -26.804  -23.809  -37.497 0.6000000238
100795  -27.322  -22.546  -36.493 0.6000000238
101507  -27.957  -21.250  -35.529 0.5000000000
39688  -27.596  -20.625  -35.268 0.5000000000
43657  -29.092  -16.554  -38.829 0.6999999881
45450  -27.508  -14.428  -40.526 0.8000000119
42660  -31.797  -17.892  -37.556 0.6999999881
48153  -31.582  -11.348  -40.642 0.8000000119
39690  -29.303  -20.843  -35.420 0.6000000238
115867  -29.990  -20.824  -35.747 0.6999999881
42614  -28.206  -17.553  -33.518 0.3000000119
44566  -31.097  -16.087  -37.197 0.6999999881
107972  -31.026  -10.569  -40.675 0.8000000119
41589  -31.304  -18.331  -35.216 0.6999999881
46301  -27.355  -13.714  -38.127 0.8000000119
46303  -29.392  -13.800  -37.206 0.6999999881
45407  -31.316  -14.715  -36.635 0.6999999881
104806  -28.882  -13.659  -31.400 0.3000000119
114802  -31.216  -13.872  -36.513 0.6999999881
47202  -30.053  -12.345  -36.426 0.6999999881
47212  -26.531  -12.563  -37.655 0.8000000119
43632  -32.154  -15.880  -35.335 0.6999999881
44554  -31.861  -15.196  -35.877 0.6999999881
44533  -31.059  -15.035  -32.856 0.5000000000
47163  -30.996  -12.478  -31.638 0.3000000119
112340  -29.198  -9.694  -31.164 0.3000000119
49012  -30.067  -10.017  -31.141 0.3000000119
46286  -31.755  -13.088  -35.580 0.6999999881
51827  -24.481  -7.549  -37.355 0.8000000119
50972  -30.596  -6.982  -41.579 0.6000000238
109867  -30.981  -6.585  -42.140 0.6000000238
46261  -31.169  -13.266  -31.952 0.5000000000
49024  -31.826  -10.559  -31.813 0.3000000119
100458  -29.851  -8.356  -31.027 0.3000000119
50873  -30.686  -8.796  -31.009 0.3000000119
102065  -32.429  -9.874  -33.597 0.5000000000
50931  -27.454  -8.340  -35.826 0.6999999881
49961  -32.023  -9.852  -31.814 0.3000000119
51773  -29.788  -7.479  -31.037 0.3000000119
51774  -30.727  -6.900  -30.977 0.3000000119
52870  -31.682  -5.746  -42.346 0.5000000000
52820  -27.504  -5.548  -38.945 0.6000000238
52847  -31.399  -5.594  -41.370 0.6000000238
105390  -30.906  -4.995  -31.377 0.4000000060
112407  -27.331  -3.262  -31.501 0.3000000119
51859  -28.188  -6.335  -39.408 0.5000000000
55319  -29.769  -3.584  -31.335 0.4000000060
56161  -30.165  -2.840  -31.409 0.4000000060
58672  -28.075  0.029  -31.627 0.3000000119
107826  -30.304  0.200  -31.649 0.4000000060
101325  -33.591  -3.956  -34.946 0.4000000060
56211  -32.553  -2.106  -36.893 0.4000000060
99488  -34.021  -4.072  -34.119 0.3000000119
35107  -27.901  -25.549  -46.323 0.5000000000
35885  -28.620  -24.872  -45.403 0.5000000000
35121  -26.156  -26.217  -48.249 0.4000000060
35912  -26.360  -25.657  -47.573 0.5000000000
109614  -27.165  -25.743  -47.009 0.5000000000
102277  -27.955  -24.760  -46.163 0.6000000238
35911  -25.610  -25.421  -47.779 0.5000000000
35901  -26.174  -24.793  -47.209 0.5000000000
35899  -24.797  -25.304  -47.252 0.5000000000
36675  -27.160  -23.859  -46.377 0.6000000238
36676  -28.112  -24.153  -45.984 0.6000000238
37447  -28.628  -22.993  -45.737 0.6000000238
104068  -28.005  -23.230  -46.195 0.6000000238
38231  -29.090  -22.716  -44.996 0.6000000238
35900  -25.251  -24.859  -46.937 0.5000000000
36685  -26.191  -23.996  -46.771 0.6000000238
35112  -24.049  -25.755  -46.834 0.5000000000
35892  -24.430  -25.253  -46.372 0.5000000000
35104  -23.383  -26.631  -46.043 0.5000000000
35105  -23.665  -25.966  -45.860 0.5000000000
38230  -28.492  -22.127  -45.854 0.6000000238
36684  -25.647  -24.228  -46.581 0.5000000000
35882  -24.447  -25.406  -45.525 0.5000000000
35893  -24.900  -24.629  -46.078 0.5000000000
36673  -25.372  -24.054  -45.956 0.5000000000
36674  -25.915  -23.438  -46.263 0.6000000238
37458  -26.781  -22.978  -46.037 0.6000000238
34296  -23.847  -26.952  -45.504 0.5000000000
35096  -24.387  -26.415  -45.099 0.5000000000
38240  -27.561  -22.435  -46.193 0.6000000238
38241  -28.189  -22.448  -46.208 0.6000000238
39004  -29.124  -21.800  -45.022 0.6000000238
98995  -25.656  -23.681  -45.377 0.5000000000
35097  -25.015  -25.915  -44.680 0.5000000000
39003  -28.311  -21.286  -45.869 0.6000000238
35873  -25.576  -25.487  -44.113 0.5000000000
35884  -25.683  -24.624  -44.412 0.5000000000
37434  -26.041  -23.191  -44.589 0.6000000238
111690  -24.938  -26.906  -44.296 0.5000000000
34287  -24.472  -27.417  -44.759 0.5000000000
35874  -26.134  -25.123  -43.554 0.6000000238
102746  -26.086  -24.175  -44.006 0.5000000000
35088  -25.510  -26.484  -43.792 0.6000000238
33434  -24.964  -27.740  -44.066 0.5000000000
35089  -26.109  -26.067  -43.247 0.6000000238
47257  -33.871  -12.829  -42.047 0.5000000000
43619  -31.431  -16.355  -33.802 0.5000000000
55348  -33.650  -3.114  -34.520 0.4000000060
56182  -33.744  -2.548  -33.640 0.3000000119
55339  -33.936  -3.450  -33.452 0.3000000119
56175  -34.061  -2.854  -32.638 0.3000000119
34323  -26.067  -27.161  -48.728 0.4000000060
35113  -26.744  -26.471  -47.368 0.5000000000
34303  -27.379  -26.928  -46.730 0.5000000000
106938  -29.193  -24.614  -44.698 0.5000000000
35120  -25.550  -25.965  -48.452 0.4000000060
36668  -28.653  -23.889  -45.561 0.6000000238
37448  -29.220  -23.634  -44.660 0.5000000000
118721  -29.513  -23.134  -44.433 0.5000000000
35128  -25.250  -26.358  -48.685 0.4000000060
34301  -23.210  -27.043  -46.723 0.5000000000
35111  -23.514  -26.345  -46.403 0.5000000000
33449  -23.008  -27.986  -46.579 0.4000000060
32561  -23.464  -29.472  -45.575 0.4000000060
46347  -34.636  -12.975  -43.094 0.4000000060
47272  -34.344  -12.285  -43.268 0.4000000060
50981  -32.518  -7.366  -42.735 0.5000000000
51908  -32.876  -6.440  -42.978 0.5000000000
102561  -34.211  -2.106  -32.190 0.3000000119
35129  -25.780  -26.449  -48.742 0.4000000060
34295  -23.398  -27.469  -45.961 0.4000000060
117273  -28.401  -25.433  -45.755 0.6000000238
35902  -27.095  -24.684  -46.761 0.5000000000
35119  -24.783  -25.817  -47.936 0.5000000000
35883  -25.152  -24.762  -45.163 0.5000000000
34310  -24.343  -26.620  -48.190 0.4000000060
37435  -29.955  -23.537  -43.804 0.4000000060
35118  -23.820  -26.389  -47.269 0.4000000060
35859  -24.233  -25.848  -39.229 0.4000000060
35068  -24.410  -26.817  -39.358 0.4000000060
37406  -24.329  -24.051  -38.697 0.4000000060
36637  -24.098  -24.793  -39.204 0.4000000060
38178  -23.202  -22.436  -39.874 0.4000000060
38171  -23.592  -22.158  -38.997 0.4000000060
37413  -23.706  -23.890  -39.488 0.4000000060
38958  -22.195  -20.782  -40.168 0.3000000119
38959  -22.865  -21.497  -39.932 0.3000000119
113115  -22.629  -19.875  -39.290 0.4000000060
38172  -24.334  -22.698  -38.278 0.4000000060
39730  -22.807  -20.529  -39.593 0.4000000060
38952  -23.566  -21.123  -39.033 0.5000000000
39724  -23.310  -20.313  -38.781 0.4000000060
38944  -23.836  -20.985  -37.989 0.4000000060
39717  -23.593  -20.098  -37.739 0.4000000060
115315  -32.607  -9.873  -32.999 0.3000000119
49978  -32.594  -9.482  -32.412 0.3000000119
49986  -32.785  -9.160  -33.093 0.3000000119
51776  -32.558  -7.288  -31.820 0.3000000119
55361  -27.706  -3.162  -37.210 0.4000000060
53686  -31.518  -5.574  -31.352 0.3000000119
104747  -29.928  -5.082  -31.266 0.3000000119
55355  -28.442  -3.008  -36.560 0.4000000060
55372  -30.586  -2.877  -37.469 0.3000000119
53687  -32.257  -5.791  -31.619 0.3000000119
110374  -31.675  -5.035  -31.791 0.3000000119
54510  -31.838  -4.755  -32.315 0.3000000119
53701  -32.125  -5.239  -32.759 0.3000000119
99975  -31.202  -4.170  -31.590 0.3000000119
98901  -31.574  -4.058  -31.931 0.3000000119
101643  -31.631  -5.158  -33.557 0.3000000119
53709  -30.558  -5.397  -34.783 0.3000000119
55320  -30.700  -3.496  -31.445 0.3000000119
105419  -29.632  -2.104  -31.467 0.3000000119
54534  -30.000  -4.668  -35.103 0.3000000119
105397  -30.144  -1.359  -31.545 0.3000000119
55356  -29.235  -2.893  -35.940 0.3000000119
104263  -28.486  0.735  -31.642 0.3000000119
116402  -27.980  2.253  -31.837 0.3000000119
104090  -31.721  -3.932  -32.443 0.3000000119
55321  -31.313  -3.357  -31.737 0.3000000119
54527  -31.729  -4.393  -33.194 0.3000000119
101044  -30.922  -4.766  -34.292 0.3000000119
114971  -30.923  -2.864  -31.549 0.3000000119
56163  -31.312  -2.482  -31.864 0.3000000119
55338  -31.610  -3.277  -33.146 0.3000000119
112878  -30.423  -4.322  -34.725 0.3000000119
56162  -30.631  -2.178  -31.573 0.3000000119
55332  -31.589  -3.241  -32.162 0.3000000119
104789  -29.099  -1.331  -31.503 0.3000000119
104309  -30.006  -3.813  -35.180 0.3000000119
116489  -29.541  -0.479  -31.543 0.3000000119
114810  -28.672  -2.556  -36.807 0.3000000119
58674  -29.995  1.018  -31.619 0.3000000119
59556  -30.489  1.573  -31.769 0.3000000119
56214  -29.669  -2.094  -37.207 0.3000000119
56174  -31.640  -2.450  -32.640 0.3000000119
54535  -30.854  -3.845  -34.265 0.3000000119
56946  -31.121  -1.461  -31.833 0.3000000119
55346  -30.238  -3.148  -35.097 0.3000000119
56191  -29.933  -2.250  -35.653 0.3000000119
110337  -31.107  -0.013  -31.998 0.3000000119
56201  -29.185  -2.221  -36.715 0.3000000119
117433  -31.440  1.128  -32.493 0.3000000119
108394  -31.154  1.698  -32.127 0.3000000119
56209  -29.398  -1.712  -36.992 0.3000000119
56215  -30.696  -2.101  -37.417 0.3000000119
55347  -30.956  -2.830  -34.400 0.3000000119
56957  -31.544  -1.096  -32.487 0.3000000119
102274  -31.726  -1.581  -33.164 0.3000000119
56181  -31.529  -2.303  -33.639 0.3000000119
114712  -31.237  -0.701  -32.061 0.3000000119
100888  -31.466  -1.633  -34.032 0.3000000119
57749  -31.536  -0.318  -32.574 0.3000000119
106662  -31.707  -0.682  -33.213 0.3000000119
58695  -31.505  0.455  -32.549 0.3000000119
102497  -31.659  0.947  -33.110 0.3000000119
58714  -31.420  0.782  -34.053 0.3000000119
56202  -29.453  -1.511  -36.709 0.3000000119
59573  -31.612  1.703  -32.858 0.3000000119
56994  -29.563  -1.031  -37.058 0.3000000119
56999  -29.746  -1.316  -37.220 0.3000000119
56192  -30.869  -1.952  -34.692 0.3000000119
56966  -31.530  -0.980  -33.990 0.3000000119
57775  -31.668  0.147  -33.202 0.3000000119
56203  -30.089  -1.405  -35.807 0.3000000119
60451  -31.787  2.394  -33.422 0.3000000119
59585  -31.597  1.623  -33.746 0.3000000119
59597  -31.321  1.587  -34.753 0.3000000119
57000  -30.830  -1.349  -37.505 0.3000000119
56995  -31.824  -1.398  -37.330 0.3000000119
56978  -30.877  -1.195  -34.836 0.3000000119
102476  -30.920  -0.418  -34.889 0.3000000119
98769  -31.478  -0.163  -33.975 0.3000000119
56988  -30.239  -0.642  -35.936 0.3000000119
57787  -31.014  0.313  -34.835 0.3000000119
57792  -29.956  -0.279  -37.119 0.3000000119
58727  -30.865  1.113  -35.440 0.3000000119
57803  -30.184  -0.470  -37.421 0.3000000119
56204  -33.247  -1.994  -36.225 0.3000000119
56996  -32.669  -1.360  -36.749 0.3000000119
115542  -31.666  2.373  -34.759 0.3000000119
57793  -30.426  0.315  -36.070 0.3000000119
59603  -31.160  1.856  -36.001 0.3000000119
114060  -30.392  0.544  -37.254 0.3000000119
58737  -30.511  0.290  -37.681 0.3000000119
57804  -31.467  0.162  -38.093 0.3000000119
113419  -30.778  0.123  -37.924 0.3000000119
57799  -32.004  -0.641  -37.399 0.3000000119
57794  -33.015  -0.628  -36.531 0.3000000119
60452  -32.071  3.060  -33.980 0.3000000119
60463  -32.040  3.185  -35.178 0.3000000119
60467  -31.689  2.552  -36.117 0.3000000119
59608  -31.214  1.975  -37.280 0.3000000119
58738  -30.767  1.060  -37.732 0.3000000119
58744  -31.132  0.660  -38.132 0.3000000119
58740  -33.007  0.932  -37.859 0.3000000119
58745  -32.089  0.777  -38.343 0.3000000119
58739  -32.426  0.133  -37.607 0.3000000119
56989  -33.302  -1.357  -36.111 0.3000000119
56205  -33.468  -2.483  -35.441 0.3000000119
106846  -33.561  -1.722  -35.488 0.3000000119
60473  -32.208  2.572  -36.931 0.3000000119
59609  -32.336  1.977  -37.777 0.3000000119
59615  -31.575  1.356  -38.187 0.3000000119
112856  -32.538  1.215  -38.118 0.3000000119
56990  -33.502  -1.035  -35.636 0.3000000119
56193  -33.620  -2.049  -34.523 0.3000000119
104580  -30.437  -22.729  -43.529 0.4000000060
38965  -22.052  -21.562  -40.572 0.3000000119
113174  -24.514  -23.448  -38.299 0.4000000060
54552  -27.695  -3.075  -37.045 0.4000000060
59554  -28.626  1.660  -31.641 0.3000000119
59555  -29.588  1.892  -31.631 0.3000000119
38183  -22.493  -22.301  -40.619 0.4000000060
37405  -23.818  -23.142  -39.126 0.4000000060
39729  -22.092  -20.057  -39.735 0.3000000119
108206  -31.518  -1.813  -32.311 0.3000000119
60428  -30.505  2.315  -31.887 0.3000000119
61254  -29.545  2.881  -31.926 0.3000000119
56987  -29.570  -0.944  -36.803 0.3000000119
60441  -31.387  2.566  -32.459 0.3000000119
57798  -31.043  -0.563  -37.730 0.3000000119
58733  -30.614  1.266  -36.803 0.3000000119
59610  -33.292  1.533  -37.547 0.3000000119
108469  -34.878  -13.811  -42.982 0.4000000060
29758  -22.602  -32.416  -45.069 0.3000000119
29748  -22.561  -32.545  -43.879 0.3000000119
103296  -23.483  -31.282  -44.702 0.3000000119
40622  -22.821  -19.586  -38.565 0.3000000119
40615  -23.036  -19.300  -37.628 0.3000000119
36636  -23.197  -24.234  -40.144 0.3000000119
37412  -23.033  -23.187  -40.337 0.3000000119
37417  -22.245  -22.948  -41.019 0.3000000119
45467  -35.327  -14.244  -42.495 0.3000000119
32516  -25.560  -29.046  -40.794 0.6000000238
32539  -25.219  -30.103  -42.567 0.6000000238
33402  -25.831  -28.330  -39.907 0.5000000000
45441  -34.909  -14.567  -40.020 0.5000000000
46320  -32.126  -13.356  -39.738 0.6999999881
46340  -34.422  -13.249  -42.515 0.6000000238
53738  -25.769  -3.904  -38.097 0.6000000238
106338  -35.453  -15.736  -40.079 0.5000000000
111187  -23.258  -30.941  -45.394 0.4000000060
116303  -32.617  -13.369  -39.867 0.6999999881
117345  -30.701  -14.893  -40.023 0.8000000119
